0.647686 0.508578 0.323440 0.017187 0.510608 0.631628 0.138077 0.810019 0.639523 0.866309 
0.764516 0.767654 0.190633 0.473056 0.352412 0.967608 0.090782 0.412482 0.272429 0.076802 
0.957084 0.150274 0.597492 0.299071 0.203670 0.929543 0.466299 0.703907 0.637975 0.856558 
0.143158 0.224367 0.012233 0.416700 0.145141 0.221371 0.838997 0.884075 0.097396 0.241786 
0.647212 0.858096 0.815211 0.610364 0.784937 0.480587 0.168939 0.625089 0.848175 0.224254 
0.626033 0.103762 0.969638 0.816784 0.331052 0.138446 0.572687 0.713519 0.047637 0.645916 
0.514916 0.828612 0.915627 0.406836 0.152034 0.126344 0.304352 0.608232 0.676614 0.665362 
0.617833 0.015782 0.289439 0.969032 0.324277 0.934736 0.161523 0.196856 0.797329 0.952166 
0.587313 0.598521 0.238460 0.631009 0.185712 0.612097 0.819500 0.015450 0.028381 0.527804 
0.206753 0.759192 0.206082 0.492808 0.097531 0.176948 0.353572 0.210774 0.436664 0.877382 

0.320458 0.569727 0.663837 0.127647 0.582008 0.921211 0.086325 0.854950 0.523858 0.792994 
0.408430 0.128547 0.262610 0.914629 0.982398 0.616875 0.050132 0.238650 0.446151 0.786422 
0.312282 0.136552 0.478593 0.053675 0.035242 0.164771 0.272242 0.330321 0.554226 0.893557 
0.273932 0.989469 0.329955 0.267493 0.393432 0.611776 0.439535 0.037934 0.613886 0.840482 
0.167101 0.520259 0.219982 0.976857 0.730602 0.947295 0.986532 0.064006 0.831463 0.235277 
0.291235 0.025459 0.045409 0.459054 0.415473 0.050498 0.227746 0.919690 0.479423 0.020290 
0.399105 0.275077 0.347920 0.496884 0.152928 0.753060 0.069329 0.057626 0.409716 0.344129 
0.603007 0.718306 0.783141 0.266516 0.167718 0.499620 0.095535 0.133026 0.634845 0.128113 
0.003662 0.520715 0.946395 0.288846 0.316614 0.940691 0.026405 0.546900 0.191505 0.312414 
0.784779 0.299922 0.574195 0.396886 0.446505 0.998344 0.230361 0.230075 0.812830 0.537627 

-0.421895 0.076230 0.079293 -0.026310 -0.133123 -1.106443 -0.118452 -0.816932 -0.267966 0.590235 
-0.237065 -0.505947 -0.136776 0.104741 -0.317931 -0.691347 0.002712 -0.167583 -0.042951 0.596426 
-0.435778 -0.033008 -0.065869 0.140222 0.024066 -0.317781 -0.310412 -0.260969 0.001180 0.463045 
-0.009121 0.240155 -0.110946 -0.177633 -0.159478 -0.154508 -0.249202 0.210941 0.174061 0.221931 
-0.590056 -0.581488 -0.397725 -0.115263 -0.018621 -0.081499 0.331560 0.027895 0.277741 0.055650 
-0.452952 -0.138308 -0.148938 -0.305034 0.175262 -0.147808 0.115003 0.888882 0.326610 0.294226 
-0.451771 -0.364029 -0.229673 -0.124909 0.106382 0.588667 0.133854 0.287223 0.561381 0.309660 
-0.701184 -0.652417 -0.540021 0.123235 0.083817 0.470492 0.102185 0.121221 0.768591 0.782710 
-0.134875 0.108184 -0.212029 0.106915 0.083579 0.616070 0.540491 0.177396 0.052229 0.413025 
0.546755 0.177758 0.399290 0.238791 -0.013618 -0.450719 -0.017066 0.117109 0.304155 1.150025 
