0.0 0.0 0.0 0.0 0.0 0.0 0.0 0.0 0.0 0.0 0.0 0.0 0.0 0.0 0.0 0.0 0.0 0.0 0.0 0.0 0.0 0.0 0.0 0.0 0.0 
0.0 0.0 0.0 0.0 0.0 0.0 0.0 0.0 0.0 0.0 0.0 0.0 0.0 0.0 0.0 0.0 0.0 0.0 0.0 0.0 0.0 0.0 0.0 0.0 0.0 
0.0 0.0 0.0 0.0 0.0 0.0 0.0 0.0 0.0 0.0 0.0 0.0 0.0 0.0 0.0 0.0 0.0 0.0 0.0 0.0 0.0 0.0 0.0 0.0 0.0 
1.0 0.0 0.0 0.0 0.0 0.0 0.0 0.0 0.0 0.0 0.0 0.0 0.0 0.0 0.0 0.0 0.0 0.0 0.0 0.0 0.0 0.0 0.0 0.0 0.0 
1.0 1.0 0.0 0.0 0.0 0.0 0.0 0.0 0.0 0.0 0.0 0.0 0.0 0.0 0.0 0.0 0.0 0.0 0.0 0.0 0.0 0.0 0.0 0.0 0.0 
1.0 1.0 1.0 1.0 0.0 0.0 0.0 0.0 0.0 0.0 0.0 0.0 0.0 0.0 0.0 0.0 0.0 0.0 0.0 0.0 0.0 0.0 -2.0 -2.0 -2.0 
1.0 1.0 1.0 1.0 1.0 0.0 0.0 0.0 0.0 0.0 0.0 0.0 0.0 0.0 0.0 0.0 0.0 0.0 0.0 -2.0 -2.0 -2.0 -2.0 -2.0 -2.0 
1.0 1.0 1.0 1.0 1.0 1.0 0.0 0.0 0.0 0.0 0.0 0.0 0.0 0.0 0.0 0.0 -2.0 -2.0 -2.0 -2.0 -2.0 -2.0 -2.0 -2.0 -2.0 
1.0 1.0 1.0 1.0 1.0 1.0 1.0 0.0 0.0 0.0 0.0 0.0 0.0 -2.0 -2.0 -2.0 -2.0 -2.0 -2.0 -2.0 -2.0 -2.0 -2.0 -2.0 -2.0 
1.0 1.0 1.0 1.0 1.0 1.0 1.0 1.0 0.0 0.0 -2.0 -2.0 -2.0 -2.0 -2.0 -2.0 -2.0 -2.0 -2.0 -2.0 -2.0 -2.0 -2.0 -2.0 -2.0 
1.0 1.0 1.0 1.0 1.0 1.0 1.0 1.0 1.0 -2.0 -2.0 -2.0 -2.0 -2.0 -2.0 -2.0 -2.0 -2.0 -2.0 -2.0 -2.0 -2.0 -2.0 -2.0 -2.0 
1.0 1.0 1.0 1.0 1.0 1.0 1.0 1.0 1.0 -2.0 -2.0 -2.0 -2.0 -2.0 -2.0 -2.0 -2.0 -2.0 -2.0 -2.0 -2.0 -2.0 -2.0 -2.0 -2.0 
1.0 1.0 1.0 1.0 1.0 1.0 1.0 1.0 1.0 -2.0 -2.0 -2.0 -2.0 -2.0 -2.0 -2.0 -2.0 -2.0 -2.0 -2.0 -2.0 -2.0 -2.0 -2.0 -1.0 
1.0 1.0 1.0 1.0 1.0 1.0 1.0 1.0 -2.0 -2.0 -2.0 -2.0 -2.0 -2.0 -2.0 -2.0 -2.0 -2.0 -2.0 -2.0 -2.0 -2.0 -2.0 -1.0 -1.0 
1.0 1.0 1.0 1.0 1.0 1.0 1.0 1.0 -2.0 -2.0 -2.0 -2.0 -2.0 -2.0 -2.0 -2.0 -2.0 -2.0 -2.0 -2.0 -2.0 -2.0 -1.0 -1.0 -1.0 
1.0 1.0 1.0 1.0 1.0 1.0 1.0 1.0 -2.0 -2.0 -2.0 -2.0 -2.0 -2.0 -2.0 -2.0 -2.0 -2.0 -2.0 -2.0 -2.0 -1.0 -1.0 -1.0 -1.0 
1.0 1.0 1.0 1.0 1.0 1.0 1.0 1.0 -2.0 -2.0 -2.0 -2.0 -2.0 -2.0 -2.0 -2.0 -2.0 -2.0 -2.0 -2.0 -1.0 -1.0 -1.0 -1.0 -1.0 
1.0 1.0 1.0 1.0 1.0 1.0 1.0 1.0 -2.0 -2.0 -2.0 -2.0 -2.0 -2.0 -2.0 -2.0 -2.0 -2.0 -2.0 -1.0 -1.0 -1.0 -1.0 -1.0 -1.0 
1.0 1.0 1.0 1.0 1.0 1.0 1.0 1.0 -2.0 -2.0 -2.0 -2.0 -2.0 -2.0 -2.0 -2.0 -2.0 2.0 -1.0 -1.0 -1.0 -1.0 -1.0 -1.0 -1.0 
1.0 1.0 1.0 1.0 1.0 1.0 1.0 1.0 -2.0 -2.0 -2.0 -2.0 -2.0 -2.0 2.0 2.0 2.0 2.0 -1.0 -1.0 -1.0 -1.0 -1.0 -1.0 -1.0 
1.0 1.0 1.0 1.0 1.0 1.0 1.0 1.0 -2.0 -2.0 -2.0 2.0 2.0 2.0 2.0 2.0 2.0 2.0 2.0 -1.0 -1.0 -1.0 -1.0 -1.0 -1.0 
1.0 1.0 1.0 1.0 1.0 1.0 1.0 1.0 -2.0 2.0 2.0 2.0 2.0 2.0 2.0 2.0 2.0 2.0 2.0 -1.0 -1.0 -1.0 -1.0 -1.0 -1.0 
1.0 1.0 1.0 1.0 1.0 1.0 1.0 2.0 2.0 2.0 2.0 2.0 2.0 2.0 2.0 2.0 2.0 2.0 2.0 2.0 -1.0 -1.0 -1.0 -1.0 -1.0 
1.0 1.0 1.0 1.0 1.0 1.0 2.0 2.0 2.0 2.0 2.0 2.0 2.0 2.0 2.0 2.0 2.0 2.0 2.0 2.0 -1.0 -1.0 -1.0 -1.0 -1.0 
1.0 1.0 1.0 1.0 1.0 2.0 2.0 2.0 2.0 2.0 2.0 2.0 2.0 2.0 2.0 2.0 2.0 2.0 2.0 2.0 -1.0 -1.0 -1.0 -1.0 -1.0 

0.108722 0.839499 0.711304 0.670659 0.761840 0.564094 0.825680 0.329535 0.948061 0.494994 0.148581 0.194645 0.888103 0.940170 0.168758 0.778880 0.051352 0.401370 0.490566 0.905305 0.853774 0.401268 0.293746 0.136798 0.784124 
0.935758 0.692709 0.375597 0.805401 0.541009 0.275756 0.744802 0.974693 0.399184 0.866418 0.154286 0.706350 0.437069 0.097164 0.469340 0.570043 0.700911 0.985770 0.418495 0.534186 0.322258 0.758169 0.831336 0.305281 0.055200 
0.057458 0.794255 0.615158 0.982018 0.707194 0.873108 0.453573 0.631657 0.444716 0.842673 0.980017 0.842005 0.199575 0.282559 0.043221 0.260598 0.699762 0.653955 0.339239 0.890709 0.909330 0.245821 0.691134 0.990241 0.677661 
0.165593 0.174258 0.802047 0.007883 0.821380 0.262283 0.683816 0.488693 0.094983 0.369937 0.799605 0.369580 0.857757 0.699873 0.879873 0.135051 0.167306 0.758405 0.414632 0.167739 0.978762 0.274818 0.704582 0.030105 0.255178 
0.320932 0.747451 0.042560 0.442818 0.571867 0.854969 0.613848 0.782426 0.266902 0.234825 0.634469 0.713794 0.760020 0.477147 0.719912 0.314886 0.752588 0.394622 0.415532 0.769186 0.770604 0.082201 0.622662 0.377672 0.186905 
0.802711 0.111399 0.016063 0.409211 0.771898 0.011539 0.074062 0.225940 0.335759 0.798107 0.996660 0.071131 0.200075 0.690064 0.479861 0.471675 0.646777 0.769701 0.931614 0.533611 0.699277 0.133520 0.824911 0.629868 0.932340 
0.170316 0.252840 0.759510 0.603059 0.703589 0.602958 0.268578 0.587922 0.558040 0.412564 0.009426 0.263483 0.146868 0.077857 0.650343 0.376780 0.195058 0.195366 0.566466 0.399429 0.970993 0.429080 0.255358 0.932577 0.581682 
0.579571 0.192001 0.263649 0.686429 0.553416 0.283143 0.799125 0.300118 0.919496 0.074939 0.413208 0.470739 0.277589 0.559551 0.997805 0.408360 0.252591 0.366673 0.794069 0.762337 0.187731 0.632443 0.450588 0.003743 0.496947 
0.607986 0.693876 0.958461 0.347850 0.496685 0.754237 0.580301 0.901665 0.927182 0.696373 0.252135 0.535189 0.326084 0.068507 0.400663 0.670748 0.320708 0.223316 0.223117 0.172869 0.675369 0.036734 0.617641 0.483528 0.183297 
0.136262 0.697826 0.972581 0.599572 0.940152 0.644211 0.484138 0.105714 0.446659 0.766751 0.989665 0.683666 0.226657 0.149086 0.883965 0.917538 0.323256 0.533777 0.544596 0.516097 0.427095 0.215795 0.014817 0.147322 0.807592 
0.674248 0.614801 0.339616 0.931987 0.964828 0.128132 0.073998 0.431039 0.325925 0.347003 0.590068 0.831763 0.582788 0.476371 0.961838 0.336166 0.410525 0.703454 0.322286 0.373212 0.265671 0.252244 0.086788 0.622117 0.298260 
0.609604 0.520998 0.792739 0.912393 0.827939 0.170150 0.942724 0.788921 0.025075 0.851632 0.855454 0.701148 0.750896 0.851181 0.220113 0.463786 0.010643 0.087733 0.448605 0.737297 0.856821 0.936257 0.094161 0.666189 0.844537 
0.599094 0.698831 0.232441 0.022543 0.070457 0.716130 0.038152 0.889691 0.468280 0.026052 0.168555 0.795798 0.707797 0.888646 0.422477 0.292058 0.944473 0.197878 0.117584 0.005213 0.427638 0.443950 0.171409 0.396300 0.792639 
0.103757 0.883677 0.180268 0.609237 0.160450 0.693258 0.606097 0.135492 0.169460 0.273217 0.205380 0.493382 0.023961 0.154729 0.484383 0.742475 0.055810 0.090759 0.610114 0.670318 0.156746 0.608052 0.903130 0.556484 0.680984 
0.817111 0.439286 0.358324 0.250471 0.834629 0.002617 0.340988 0.966563 0.924959 0.629752 0.371094 0.946729 0.612407 0.487469 0.099032 0.228923 0.506403 0.060338 0.652308 0.913781 0.873524 0.926107 0.741182 0.676423 0.713409 
0.958236 0.826224 0.681256 0.687572 0.156289 0.605314 0.077432 0.175569 0.011568 0.225954 0.657250 0.837813 0.888528 0.882326 0.911340 0.402698 0.656375 0.643475 0.453107 0.722407 0.369095 0.927754 0.122961 0.723642 0.117243 
0.039131 0.678188 0.264670 0.654743 0.069982 0.856289 0.077612 0.925366 0.129271 0.091826 0.031025 0.508074 0.345172 0.091036 0.155485 0.572336 0.024128 0.969379 0.258804 0.140071 0.662197 0.487318 0.303996 0.178623 0.964285 
0.659829 0.478084 0.679738 0.813602 0.889101 0.708316 0.868288 0.093570 0.005092 0.740780 0.399009 0.072599 0.572871 0.908697 0.848533 0.469562 0.113560 0.190194 0.060162 0.947323 0.029438 0.043682 0.988558 0.619828 0.397334 
0.588367 0.217035 0.965643 0.629087 0.208653 0.299234 0.367283 0.901279 0.760527 0.892975 0.499480 0.747693 0.340552 0.887527 0.172510 0.345764 0.498934 0.511052 0.443968 0.217817 0.377822 0.388785 0.956490 0.727236 0.087295 
0.630287 0.468860 0.184562 0.607409 0.775936 0.051304 0.068943 0.566062 0.699572 0.328069 0.061061 0.163888 0.640931 0.121186 0.797235 0.280094 0.450223 0.323904 0.566176 0.747284 0.734857 0.942305 0.866666 0.675930 0.686141 
0.581279 0.383774 0.695332 0.061898 0.286112 0.992327 0.024125 0.057700 0.719790 0.678971 0.195996 0.349330 0.655962 0.691633 0.288278 0.479535 0.842317 0.114341 0.380148 0.284817 0.918070 0.953826 0.223918 0.583836 0.485950 
0.036404 0.785687 0.510366 0.747904 0.241931 0.585637 0.854018 0.923379 0.932007 0.610932 0.650491 0.354161 0.563125 0.007824 0.305019 0.305451 0.586254 0.699606 0.764662 0.217770 0.364642 0.412616 0.182580 0.856305 0.524771 
0.463677 0.664952 0.913373 0.655353 0.934059 0.888490 0.611505 0.362216 0.956674 0.747936 0.579639 0.704868 0.991923 0.572150 0.647003 0.633623 0.263812 0.071002 0.511375 0.911228 0.901790 0.660750 0.633243 0.457047 0.318112 
0.317657 0.402776 0.554905 0.603099 0.037478 0.987399 0.215044 0.329147 0.748259 0.279343 0.976516 0.191919 0.204646 0.683127 0.087538 0.588565 0.883464 0.549310 0.723671 0.977372 0.746450 0.301604 0.526341 0.850527 0.948788 
0.672325 0.239363 0.943043 0.820647 0.092755 0.350460 0.620351 0.584904 0.484083 0.680269 0.491188 0.081001 0.306544 0.435929 0.215389 0.952286 0.110182 0.758781 0.208150 0.839141 0.538611 0.042817 0.821921 0.021835 0.801151 

-0.086947 0.008608 -0.332191 0.172165 0.004731 -0.154063 0.365590 -0.627355 0.322285 -0.048244 0.188567 0.353366 0.875345 -0.080390 1.073477 0.329558 -0.226028 -0.307671 0.289415 0.368612 0.099924 0.051857 0.060159 0.008320 -0.098688 
0.090265 -0.461378 0.463845 0.317372 0.138106 0.104957 -0.172507 -0.262982 0.212201 -0.481216 0.345672 -0.133866 -0.285714 -0.451270 -0.145230 -0.031847 0.031437 -0.236092 -0.036222 -0.363972 -0.491490 0.095107 -0.068005 0.147856 -0.295042 
-0.093287 -0.136121 -0.039101 -0.080723 -0.079940 0.321677 -0.030612 0.221936 0.425454 0.239162 -0.726676 -0.456020 -0.049563 0.036410 0.019262 0.036910 0.016401 0.417400 -0.608251 -0.105725 -0.026246 0.392431 0.046837 -0.233645 0.435720 
0.622275 -0.075290 0.096585 -0.110517 0.046928 -0.594894 0.149974 -0.131154 0.339254 0.154201 0.418513 -0.191836 0.172389 -0.259691 0.097445 -0.190613 0.036199 0.031438 1.052581 0.171443 0.110441 -0.303223 -0.187362 -0.100374 0.237482 
0.011625 0.991286 -0.322966 -0.189458 0.167778 -0.764052 -0.303031 -0.137722 0.235647 -0.194363 -0.095603 0.135321 0.136298 -0.424817 0.086904 -0.177381 -0.311901 0.335039 0.108854 -0.573554 -0.218623 0.053562 -0.330561 -0.348487 -0.491190 
0.930321 0.546395 -0.067092 0.452207 -0.219356 0.633013 0.191393 0.194983 -0.429127 -0.143578 -0.578935 0.081466 0.305830 -0.003206 -0.282491 0.513550 -0.026332 -0.012467 -0.307457 -0.154323 -0.415494 -0.057855 -1.559426 -1.567358 -1.852525 
0.428149 0.760115 0.856558 0.479948 0.915324 -0.401364 -0.115113 -0.023657 0.481512 -0.111061 -0.310916 0.289104 0.003730 0.386350 0.162706 -0.008137 -0.178196 -0.468021 -0.287845 -1.204170 -1.695046 -1.267861 -0.522176 -1.419738 -1.145846 
0.532764 0.259744 0.234909 1.240629 0.837014 0.264375 -0.031345 -0.092676 0.292226 0.266973 0.019001 0.000825 0.006354 -0.281348 0.096256 -0.101268 0.016537 -0.845419 -1.663402 -1.635473 -0.604149 -1.055541 -0.386089 -0.116805 -0.995564 
1.055636 0.694523 1.110758 0.671296 0.776513 0.791592 0.357266 -0.153410 -0.235249 0.104048 -0.083585 -0.243709 -0.036778 -0.031743 -1.050110 -1.296238 -1.048394 -0.895955 0.172273 -0.493655 -1.406171 -0.363756 -1.616013 -0.913534 -0.285919 
-0.224682 0.764226 1.002298 0.776794 0.840225 0.171307 0.652150 0.803621 0.165442 0.034025 -2.477208 -1.777797 -0.853234 -0.405999 -2.128825 -2.010453 -0.545800 -0.536630 -1.083300 -1.106389 -0.632508 0.068684 0.085344 -0.502083 -1.172132 
0.627551 0.640684 0.695627 1.223911 0.817046 0.582207 0.161755 0.224448 0.160634 -0.629665 -1.468373 -1.878350 -1.328835 -1.060581 -1.694507 -0.180129 -0.168200 -1.087686 0.391008 -1.059718 0.049875 -0.630173 -0.419468 -1.109312 -0.334555 
0.784661 0.874910 1.221057 0.603172 0.938929 -0.039427 0.690185 0.775734 0.268475 -1.412620 -1.695555 -1.373988 -1.669098 -1.697390 -0.360423 -0.840060 0.001206 -0.540092 -0.327434 -1.218848 -1.655999 -1.707313 -0.456856 -1.168811 -1.795897 
0.730487 0.356009 0.034285 -0.310828 0.266773 0.905736 -0.058505 0.851699 0.126531 -0.306491 -0.099644 -1.545568 -1.065749 -1.320650 -1.095124 -0.608103 -2.193105 -0.173128 -0.731419 -0.176605 -0.798158 -0.585662 -0.714588 -0.997362 -0.972495 
-0.090657 0.725428 0.038281 1.104973 0.047268 1.088222 0.425664 0.049696 -0.415385 -0.540760 0.031166 -1.423842 0.148450 -0.334899 -0.474444 -0.962543 0.430450 -0.324850 -1.547015 -1.175529 -0.504074 -1.502071 -1.729004 0.226053 -1.036719 
0.944628 0.175406 0.231527 0.556934 0.740700 0.027835 0.173618 0.885683 -1.823641 -1.384624 -0.809359 -1.709606 -1.206839 -1.249973 -0.842904 -0.620870 -0.672848 -0.492415 -1.446524 -2.019818 -1.813822 -1.840746 -0.777588 0.131979 -0.973913 
1.111298 1.383256 0.787264 1.207935 0.185654 0.818938 0.210982 0.622294 -0.190203 -0.695142 -1.112206 -1.672443 -1.944450 -2.194863 -1.441278 -0.863753 -0.859194 -1.328966 -0.834832 -1.055529 -0.759513 -1.031256 -0.318490 -0.640006 -0.118977 
-0.043000 1.185246 0.036584 0.433411 0.216704 0.850730 0.458355 1.351921 -0.080770 -0.057940 0.243556 -0.538209 -0.453048 -0.535701 -0.617459 -0.749072 -0.039102 -2.528170 -0.487513 -0.309136 -0.875146 -0.812718 -0.192452 0.118803 -0.875492 
0.371960 0.604467 0.981242 0.599969 0.650717 0.885348 1.163238 -0.242091 -0.304376 -1.528554 -1.229249 -0.219954 -0.934555 -2.329887 -2.272938 -0.596083 -0.534216 0.231517 0.508378 -0.696216 0.275778 -0.310018 -0.616461 -0.812903 -0.805829 
0.684870 0.271786 0.814869 1.168781 0.183687 0.358018 0.734750 1.344890 -1.511002 -1.810720 -0.905208 -1.199982 -1.252214 -1.994880 -0.038194 -1.124756 -0.627213 0.499293 0.435073 -0.655670 -0.418689 -0.394475 -0.465829 -0.790039 -0.110977 
0.725810 0.601150 -0.161321 1.031150 0.902974 -0.038173 0.331113 0.684816 -1.795135 -0.686068 0.236968 0.167425 -1.388944 -0.972554 1.497194 -0.115003 0.582584 1.078767 -0.787551 -1.721442 -0.890284 -1.203683 -0.865720 -1.358474 -0.477732 
0.461263 0.483336 0.723641 0.268692 0.728232 0.640681 0.042673 0.177610 -1.311094 -1.805100 -0.561579 0.789829 1.302980 1.440830 0.549035 0.778460 1.731170 -0.026935 0.891717 0.023438 -0.437534 -0.547419 -0.069766 -0.525007 -0.731971 
-0.029896 0.803737 0.307761 1.122809 -0.511035 0.593613 0.850673 1.132718 -2.069904 1.166863 1.245258 1.111989 0.423476 0.033061 0.682885 0.384972 1.086664 1.373904 1.476926 -0.631112 -0.333668 -0.047523 -0.044520 -0.858768 -0.409791 
0.212637 0.751155 1.051443 0.273674 0.880051 0.715943 0.590519 0.531056 1.830094 1.477661 1.410482 1.279913 2.146700 0.903726 1.872825 1.150871 0.164136 0.560243 1.167634 1.672493 -0.925262 -0.480094 -0.669956 -0.342145 -0.396902 
0.539983 0.898045 0.580347 0.044223 0.075805 1.710798 0.621277 0.973586 1.683668 0.674150 2.458553 0.615772 0.513173 0.902554 0.352018 0.729882 1.826553 1.362074 1.763598 1.701708 -1.220890 -0.534357 -1.007182 -1.085718 -0.799017 
0.991878 0.408986 0.716907 1.159124 0.452074 1.427573 1.084733 1.594178 1.085514 1.712158 0.727909 0.218983 0.371073 0.405047 0.718654 2.033234 0.154505 1.523168 0.359443 1.574637 -0.588043 -0.483848 -0.794172 0.084917 -0.818437 
