2.0 -2.0 -2.0 -2.0 -1.0 -1.0 -1.0 -1.0 -1.0 -1.0 -1.0 -1.0 -1.0 -1.0 -1.0 -1.0 -1.0 -1.0 -1.0 -1.0 -1.0 -1.0 -1.0 -1.0 -1.0 
2.0 2.0 -2.0 -2.0 -2.0 -2.0 -1.0 -1.0 -1.0 -1.0 -1.0 -1.0 -1.0 -1.0 -1.0 -1.0 -1.0 -1.0 -1.0 -1.0 -1.0 -1.0 -1.0 -1.0 -1.0 
2.0 2.0 2.0 -2.0 -2.0 -2.0 -2.0 -2.0 -1.0 -1.0 -1.0 -1.0 -1.0 -1.0 -1.0 -1.0 -1.0 -1.0 -1.0 -1.0 -1.0 -1.0 -1.0 -1.0 -1.0 
2.0 2.0 2.0 -2.0 -2.0 -2.0 -2.0 -2.0 -2.0 -1.0 -1.0 -1.0 -1.0 -1.0 -1.0 -1.0 -1.0 -1.0 -1.0 -1.0 -1.0 -1.0 -1.0 -1.0 -1.0 
2.0 2.0 2.0 2.0 -2.0 -2.0 -2.0 -2.0 -2.0 -2.0 -2.0 -1.0 -1.0 -1.0 -1.0 -1.0 -1.0 -1.0 -1.0 -1.0 -1.0 -1.0 -1.0 -1.0 -1.0 
2.0 2.0 2.0 2.0 -2.0 -2.0 -2.0 -2.0 -2.0 -2.0 -2.0 -2.0 -2.0 -1.0 -1.0 -1.0 -1.0 -1.0 -1.0 -1.0 -1.0 -1.0 -1.0 -1.0 -1.0 
2.0 2.0 2.0 2.0 2.0 -2.0 -2.0 -2.0 -2.0 -2.0 -2.0 -2.0 -2.0 -2.0 -1.0 -1.0 -1.0 -1.0 -1.0 -1.0 -1.0 -1.0 -1.0 -1.0 -1.0 
2.0 2.0 2.0 2.0 2.0 -2.0 -2.0 -2.0 -2.0 -2.0 -2.0 -2.0 -2.0 -2.0 -2.0 -2.0 -1.0 -1.0 -1.0 -1.0 -1.0 -1.0 -1.0 -1.0 -1.0 
2.0 2.0 2.0 2.0 2.0 2.0 -2.0 -2.0 -2.0 -2.0 -2.0 -2.0 -2.0 -2.0 -2.0 -2.0 -2.0 -2.0 -1.0 -1.0 -1.0 -1.0 -1.0 -1.0 -1.0 
2.0 2.0 2.0 2.0 2.0 2.0 -2.0 -2.0 -2.0 -2.0 -2.0 -2.0 -2.0 -2.0 -2.0 -2.0 -2.0 -2.0 -2.0 -1.0 -1.0 -1.0 -1.0 -1.0 -1.0 
2.0 2.0 2.0 2.0 2.0 2.0 2.0 -2.0 -2.0 -2.0 -2.0 -2.0 -2.0 -2.0 -2.0 -2.0 -2.0 -2.0 -2.0 -2.0 -2.0 -1.0 -1.0 -1.0 -1.0 
2.0 2.0 2.0 2.0 2.0 2.0 2.0 -2.0 -2.0 -2.0 -2.0 -2.0 -2.0 -2.0 -2.0 -2.0 -2.0 -2.0 -2.0 -2.0 -2.0 -2.0 -2.0 -1.0 -1.0 
2.0 2.0 2.0 2.0 2.0 2.0 2.0 2.0 -2.0 -2.0 -2.0 -2.0 -2.0 -2.0 -2.0 -2.0 -2.0 -2.0 -2.0 -2.0 -2.0 -2.0 -2.0 -2.0 -1.0 
2.0 2.0 2.0 2.0 2.0 2.0 2.0 2.0 2.0 -2.0 -2.0 -2.0 -2.0 -2.0 -2.0 -2.0 -2.0 -2.0 -2.0 -2.0 -2.0 -2.0 -2.0 -2.0 -2.0 
2.0 2.0 2.0 2.0 2.0 2.0 2.0 2.0 2.0 -2.0 -2.0 -2.0 -2.0 -2.0 -2.0 -2.0 -2.0 -2.0 -2.0 -2.0 -2.0 -2.0 -2.0 -2.0 -2.0 
2.0 2.0 2.0 2.0 2.0 2.0 2.0 2.0 2.0 1.0 1.0 1.0 1.0 1.0 1.0 1.0 1.0 1.0 1.0 1.0 1.0 1.0 1.0 1.0 1.0 
2.0 2.0 2.0 2.0 2.0 2.0 2.0 2.0 1.0 1.0 1.0 1.0 1.0 1.0 1.0 1.0 1.0 1.0 1.0 1.0 1.0 1.0 1.0 1.0 1.0 
2.0 2.0 2.0 2.0 2.0 2.0 2.0 2.0 1.0 1.0 1.0 1.0 1.0 1.0 1.0 1.0 1.0 1.0 1.0 1.0 1.0 1.0 1.0 1.0 1.0 
2.0 2.0 2.0 2.0 2.0 2.0 2.0 2.0 1.0 1.0 1.0 1.0 1.0 1.0 1.0 1.0 1.0 1.0 1.0 1.0 1.0 1.0 1.0 1.0 1.0 
2.0 2.0 2.0 2.0 2.0 2.0 2.0 0.0 0.0 1.0 1.0 1.0 1.0 1.0 1.0 1.0 1.0 1.0 1.0 1.0 1.0 1.0 1.0 1.0 1.0 
2.0 2.0 2.0 2.0 2.0 2.0 0.0 0.0 0.0 0.0 0.0 0.0 1.0 1.0 1.0 1.0 1.0 1.0 1.0 1.0 1.0 1.0 1.0 1.0 1.0 
2.0 2.0 2.0 2.0 2.0 2.0 0.0 0.0 0.0 0.0 0.0 0.0 0.0 0.0 0.0 1.0 1.0 1.0 1.0 1.0 1.0 1.0 1.0 1.0 1.0 
2.0 2.0 2.0 2.0 2.0 0.0 0.0 0.0 0.0 0.0 0.0 0.0 0.0 0.0 0.0 0.0 0.0 0.0 1.0 1.0 1.0 1.0 1.0 1.0 1.0 
2.0 2.0 2.0 2.0 0.0 0.0 0.0 0.0 0.0 0.0 0.0 0.0 0.0 0.0 0.0 0.0 0.0 0.0 0.0 0.0 0.0 1.0 1.0 1.0 1.0 
2.0 2.0 2.0 2.0 0.0 0.0 0.0 0.0 0.0 0.0 0.0 0.0 0.0 0.0 0.0 0.0 0.0 0.0 0.0 0.0 0.0 0.0 0.0 0.0 1.0 

0.473280 0.393999 0.968101 0.455576 0.495734 0.253763 0.133689 0.197461 0.805977 0.483877 0.137898 0.617709 0.454097 0.628471 0.375375 0.601100 0.933239 0.430601 0.912809 0.044483 0.121009 0.739582 0.439428 0.729482 0.480244 
0.020188 0.244307 0.506480 0.030297 0.124166 0.669593 0.146191 0.728686 0.735377 0.456506 0.371619 0.254759 0.292389 0.523827 0.408240 0.370847 0.149563 0.528510 0.158291 0.561018 0.638332 0.456479 0.532871 0.274787 0.608675 
0.375352 0.884747 0.128136 0.414915 0.027867 0.443444 0.700170 0.298587 0.484611 0.486863 0.807591 0.645268 0.771217 0.624034 0.444001 0.032944 0.081572 0.732396 0.110402 0.116023 0.918197 0.066037 0.224161 0.661104 0.251800 
0.710240 0.526348 0.644714 0.727596 0.747765 0.836772 0.638180 0.739630 0.050672 0.856848 0.929514 0.489909 0.719656 0.412261 0.048349 0.595134 0.571051 0.205838 0.035154 0.073221 0.583956 0.244534 0.604381 0.529686 0.382684 
0.030964 0.408237 0.620594 0.776667 0.528312 0.811805 0.145193 0.026166 0.786240 0.767810 0.238514 0.156282 0.783035 0.242054 0.807808 0.763417 0.982158 0.590346 0.285974 0.260066 0.719782 0.990208 0.081206 0.609604 0.280923 
0.233580 0.397788 0.402210 0.406270 0.154250 0.716822 0.847725 0.640916 0.486280 0.999423 0.002929 0.637912 0.586950 0.363479 0.418350 0.684100 0.169015 0.968541 0.281542 0.043140 0.995821 0.834707 0.679694 0.487772 0.528557 
0.599267 0.931334 0.784209 0.762926 0.190250 0.951090 0.610027 0.223017 0.879991 0.378248 0.405044 0.345498 0.948297 0.429560 0.311137 0.919913 0.214888 0.762974 0.643107 0.775166 0.352897 0.685677 0.107285 0.553559 0.995647 
0.959151 0.633169 0.181142 0.015040 0.836657 0.173414 0.453029 0.443039 0.123072 0.828288 0.232366 0.182689 0.662080 0.987242 0.542972 0.758814 0.260648 0.618622 0.480218 0.891230 0.648965 0.659499 0.270294 0.709564 0.753003 
0.207053 0.026294 0.151634 0.450352 0.654838 0.436862 0.026462 0.377198 0.428711 0.178068 0.510528 0.827182 0.708066 0.483200 0.522833 0.985362 0.759298 0.451779 0.330503 0.692010 0.625049 0.796479 0.331593 0.947365 0.892897 
0.929041 0.465282 0.331055 0.892147 0.852735 0.641007 0.837748 0.442683 0.936548 0.550211 0.807153 0.742528 0.784359 0.517099 0.530156 0.320249 0.452293 0.381947 0.911726 0.467826 0.876935 0.567466 0.895815 0.700597 0.198424 
0.101495 0.901068 0.509183 0.513354 0.267523 0.411368 0.548381 0.779729 0.444865 0.958163 0.401386 0.774329 0.916423 0.945443 0.454253 0.348265 0.057382 0.342430 0.577302 0.776331 0.072935 0.558287 0.426107 0.780500 0.962228 
0.212115 0.453364 0.246465 0.295140 0.330733 0.078640 0.096691 0.173475 0.805650 0.294730 0.678597 0.611698 0.799254 0.558083 0.272212 0.169163 0.508973 0.753754 0.252198 0.256528 0.524808 0.291295 0.258657 0.663320 0.616373 
0.619299 0.432143 0.734213 0.460228 0.306290 0.301902 0.754047 0.658176 0.563369 0.005500 0.817004 0.420209 0.853719 0.972458 0.164730 0.661753 0.065961 0.546704 0.695203 0.087092 0.974068 0.390936 0.303817 0.354727 0.492082 
0.999268 0.281162 0.191820 0.439378 0.753145 0.255097 0.112975 0.755826 0.259634 0.460090 0.674715 0.530533 0.880783 0.111839 0.876893 0.192121 0.358554 0.726373 0.802640 0.933493 0.281387 0.761578 0.737793 0.269078 0.955921 
0.114202 0.021334 0.762944 0.812693 0.308847 0.501452 0.931288 0.760528 0.524354 0.457698 0.567191 0.751709 0.397645 0.314197 0.685783 0.461656 0.767294 0.016129 0.130681 0.961549 0.993157 0.225052 0.507450 0.263517 0.339122 
0.597317 0.689037 0.663441 0.349678 0.911491 0.381410 0.877855 0.512986 0.659844 0.604576 0.513104 0.437494 0.761287 0.695117 0.806173 0.392531 0.668423 0.646814 0.724766 0.160881 0.138551 0.082075 0.268266 0.728942 0.929258 
0.602524 0.379753 0.005929 0.674455 0.559028 0.219068 0.175946 0.450872 0.970593 0.996255 0.687529 0.831579 0.586702 0.078218 0.224956 0.384350 0.460703 0.273705 0.940089 0.988754 0.622085 0.223438 0.085935 0.877515 0.267480 
0.367859 0.874917 0.796952 0.682965 0.365840 0.077023 0.351108 0.449143 0.920554 0.945265 0.996752 0.788079 0.424126 0.079834 0.115357 0.708167 0.933476 0.495426 0.854594 0.017429 0.466775 0.929737 0.717364 0.152378 0.252727 
0.676719 0.085982 0.088861 0.371940 0.329347 0.892521 0.613242 0.939287 0.424945 0.421401 0.857946 0.116506 0.285537 0.617839 0.361511 0.333111 0.507887 0.775692 0.146096 0.196541 0.180257 0.315508 0.087938 0.584804 0.513417 
0.690783 0.848846 0.230648 0.053635 0.324333 0.585649 0.828996 0.201252 0.276789 0.244928 0.893048 0.303067 0.902276 0.353472 0.904876 0.613891 0.623593 0.351200 0.649656 0.936078 0.587073 0.979525 0.153388 0.878692 0.664939 
0.310805 0.252417 0.329806 0.687052 0.951747 0.920744 0.563310 0.617045 0.222513 0.158972 0.377825 0.373206 0.262604 0.462159 0.110886 0.356775 0.976259 0.474655 0.767623 0.309422 0.519324 0.386010 0.001584 0.177385 0.242431 
0.399921 0.975239 0.403614 0.121417 0.807109 0.173072 0.664365 0.177886 0.637333 0.969671 0.950693 0.611897 0.565578 0.674416 0.279797 0.390739 0.436393 0.990094 0.857862 0.600870 0.618526 0.887116 0.000267 0.629229 0.463806 
0.140198 0.340962 0.505150 0.974616 0.545923 0.534449 0.724083 0.125197 0.135896 0.115281 0.597013 0.133839 0.654416 0.604309 0.059115 0.727721 0.875648 0.281657 0.480732 0.671375 0.201733 0.601650 0.417086 0.251323 0.218661 
0.084244 0.143212 0.509211 0.416148 0.671584 0.063298 0.008381 0.793418 0.652413 0.311813 0.297330 0.745176 0.490679 0.170715 0.816918 0.070169 0.585104 0.040434 0.017050 0.835004 0.036822 0.209124 0.822195 0.858586 0.690714 
0.491995 0.488007 0.648700 0.062740 0.839631 0.548259 0.481927 0.240506 0.275999 0.307987 0.205856 0.034733 0.308437 0.272496 0.861091 0.161300 0.899540 0.281485 0.520449 0.593978 0.208797 0.096134 0.785451 0.666079 0.688381 

0.939499 -0.594750 -1.752269 -1.127567 -0.652802 -0.157974 -0.156943 -0.080251 -0.745926 -0.599050 -0.232812 -0.548198 -0.399901 -0.609660 -0.486438 -0.542748 -0.947394 -0.231514 -1.008704 -0.151712 -0.111285 -0.665587 -0.574175 -0.838477 -0.539364 
-0.132088 0.586788 -1.010361 -0.129128 -0.385847 -1.247778 0.002981 -0.543266 -0.721753 -0.565077 -0.417651 -0.233909 -0.310643 -0.661351 -0.522272 -0.432366 -0.399267 -0.532208 -0.117761 -0.694911 -0.727428 -0.566772 -0.439849 -0.198846 -0.604412 
0.639380 1.908122 0.099086 -0.687805 0.060378 -0.937185 -1.560748 -0.627467 -0.608172 -0.512165 -0.796229 -0.670429 -0.685899 -0.456994 -0.578460 0.112315 -0.156500 -0.558956 -0.226097 -0.121787 -1.077140 -0.077608 -0.291017 -0.660468 -0.241614 
1.563855 1.191640 1.260132 -1.252789 -1.561734 -1.863539 -1.405635 -1.439661 -0.069543 -0.747993 -1.082832 -0.476282 -0.601989 -0.589513 0.015224 -0.577149 -0.654412 -0.185216 0.129436 0.076601 -0.739421 -0.140488 -0.522471 -0.516262 -0.369023 
0.073291 0.878426 1.240526 1.444040 -1.045211 -1.481843 -0.286526 0.071148 -1.534597 -1.469193 -0.427747 -0.273418 -0.801791 -0.318973 -0.730605 -0.863263 -0.930159 -0.502409 -0.375270 -0.114524 -0.716424 -1.006522 0.010997 -0.485349 -0.396718 
0.640566 0.778496 0.714931 0.760338 -0.265097 -1.452379 -1.782181 -1.298235 -0.880970 -1.989975 -0.259280 -1.154896 -1.058909 -0.209605 -0.422426 -0.572127 -0.110347 -0.785126 -0.313212 0.003148 -0.973293 -0.947252 -0.584284 -0.464504 -0.677815 
1.291749 1.771275 1.496589 1.532460 0.357248 -2.016440 -1.173606 -0.613958 -1.653730 -0.753145 -0.788361 -0.695988 -1.775821 -0.777999 -0.034155 -0.828672 -0.218440 -0.880069 -0.673113 -0.695694 -0.549706 -0.782778 -0.169424 -0.523692 -1.098609 
1.855873 1.331643 0.503584 0.056499 1.814777 -0.504464 -1.034920 -0.941996 -0.205551 -1.535400 -0.342780 -0.311391 -1.290011 -2.060858 -0.957742 -1.480824 -0.267194 -0.864372 -0.457770 -0.725432 -0.656110 -0.861188 -0.452647 -0.682176 -0.802171 
0.392004 0.279898 0.298329 1.158376 1.344900 0.829557 0.080240 -0.806311 -0.793392 -0.335616 -0.901370 -1.794508 -1.472239 -1.140111 -1.202324 -1.857333 -1.733252 -0.843122 -0.356108 -0.721644 -0.517538 -0.824215 -0.256906 -1.042371 -0.866642 
1.919155 0.822199 0.687642 1.808737 1.755268 1.208506 -1.681587 -0.935707 -1.815719 -0.926740 -1.842096 -1.485397 -1.636089 -1.027929 -1.141590 -0.675305 -0.837551 -0.918565 -1.840797 -0.418119 -0.942482 -0.670088 -0.986121 -0.869149 -0.331472 
0.046188 1.747450 0.998533 0.948136 0.611250 0.840744 0.960724 -1.588203 -0.971521 -2.045180 -0.850290 -1.610163 -1.692640 -1.981958 -0.768605 -0.816708 -0.184466 -0.639712 -1.278754 -1.355147 -0.203537 -0.610735 -0.292080 -0.839386 -1.017917 
0.366874 0.942096 0.445675 0.545632 0.588818 0.128169 0.315236 -0.372620 -1.710398 -0.735288 -1.343520 -1.250195 -1.683285 -1.162698 -0.533905 -0.366436 -0.957501 -1.555847 -0.596230 -0.494812 -0.983576 -0.510716 -0.475943 -0.793459 -0.488614 
1.494471 0.873822 1.414164 0.930979 0.474374 0.763441 1.573436 1.230778 -1.079908 -0.016044 -1.742851 -0.674132 -1.726340 -1.982962 -0.326886 -1.264274 -0.106773 -1.251164 -1.333374 -0.380129 -1.788241 -0.920161 -0.600221 -0.593804 -0.603136 
1.822505 0.671456 0.489350 1.099253 1.388798 0.455540 0.001715 1.526044 0.556821 -0.946668 -1.456956 -0.955346 -1.657089 -0.339148 -1.938419 -0.272611 -0.677259 -1.350502 -1.360816 -1.945453 -0.702842 -1.762717 -1.502072 -0.324630 -1.862674 
0.162344 -0.085959 1.731559 1.653672 0.678725 0.979474 2.068128 1.418920 1.211718 -0.951899 -1.236901 -1.489471 -0.743352 -0.574484 -1.384203 -0.867016 -1.459623 0.041870 -0.109494 -1.999000 -2.155559 -0.444293 -0.945415 -0.578551 -0.664675 
1.175680 1.325600 1.363822 0.737002 1.781842 0.661327 1.860462 1.017653 1.463795 0.726509 0.518774 0.500762 0.712845 0.435583 0.858654 0.548883 0.737553 0.458997 0.765532 0.242344 0.176431 0.032480 0.265087 0.593260 1.109137 
1.106210 0.698647 0.063441 1.475495 1.135181 0.350757 0.336487 0.920492 0.931027 0.905335 0.689946 0.964458 0.694527 -0.103217 0.157821 0.531558 0.507714 0.273545 0.967564 1.131527 0.673526 0.138715 0.019075 1.000609 0.274446 
0.709334 1.597404 1.542904 1.563041 1.033836 0.260800 0.666267 1.041546 0.783321 0.986358 0.828727 0.787052 0.359898 0.186883 0.107742 0.646219 0.970954 0.578044 0.927312 -0.035662 0.496210 0.987371 0.775760 0.053253 0.224834 
1.297898 0.083562 0.247773 0.610542 0.866286 1.781963 1.082574 1.964085 0.512835 0.246790 0.720897 -0.004814 0.221456 0.664298 0.271068 0.474826 0.471850 0.806289 0.198918 0.346296 0.116995 0.369886 -0.123929 0.561054 0.432287 
1.535833 1.589806 0.517983 0.135401 0.730437 1.385994 1.687415 -0.026873 0.000606 0.269306 0.860170 0.339837 0.820751 0.337750 0.878022 0.522686 0.724242 0.421197 0.564554 0.886879 0.707933 0.975651 0.210322 0.924110 0.799705 
0.715401 0.735227 0.737547 1.434333 1.799196 1.914768 0.153230 0.164840 0.161325 0.047159 -0.062480 0.118993 0.203291 0.665864 0.213923 0.334300 0.867019 0.529307 0.972642 0.317182 0.249041 0.464633 -0.085125 0.262557 0.186247 
0.767288 1.955092 0.855050 0.227774 1.665425 0.344839 -0.023016 -0.070371 0.041817 -0.130555 0.007352 0.116235 0.063118 0.066995 -0.004075 0.241228 0.624142 0.918031 0.796176 0.555447 0.608686 1.019906 -0.167493 0.775025 0.541597 
0.259920 0.670869 1.062710 1.837951 1.109671 0.058818 -0.090253 0.028996 0.111748 0.024632 0.014063 -0.066741 0.032330 -0.156959 -0.049455 0.186195 0.060790 0.102872 0.596547 0.637619 0.171064 0.618475 0.380197 0.280887 0.169533 
0.188423 0.419354 0.971551 0.695104 0.020477 -0.196490 0.166979 -0.099204 0.004528 -0.200198 -0.004968 -0.065986 -0.170468 0.247118 0.131839 0.106842 0.038540 0.070023 -0.056193 -0.071057 0.218255 0.339744 1.189227 0.975286 0.726892 
0.966221 1.086112 1.279312 0.257403 0.092166 0.125597 0.038781 -0.096391 -0.029316 0.084504 0.101330 -0.043841 -0.036292 0.048993 -0.184307 -0.178468 0.083915 0.062096 -0.269206 0.068821 0.040949 0.033598 -0.036243 -0.092998 0.777195 
