2.0 2.0 2.0 2.0 2.0 2.0 2.0 2.0 2.0 2.0 2.0 2.0 2.0 2.0 2.0 2.0 2.0 1.0 1.0 1.0 1.0 1.0 1.0 1.0 1.0 
2.0 2.0 2.0 2.0 2.0 2.0 2.0 2.0 2.0 2.0 2.0 2.0 2.0 2.0 2.0 2.0 2.0 1.0 1.0 1.0 1.0 1.0 1.0 1.0 1.0 
2.0 2.0 2.0 2.0 2.0 2.0 2.0 2.0 2.0 2.0 2.0 2.0 2.0 2.0 2.0 2.0 1.0 1.0 1.0 1.0 1.0 1.0 1.0 1.0 1.0 
2.0 2.0 2.0 2.0 2.0 2.0 2.0 2.0 2.0 2.0 2.0 2.0 2.0 2.0 2.0 2.0 1.0 1.0 1.0 1.0 1.0 1.0 1.0 1.0 1.0 
0.0 2.0 2.0 2.0 2.0 2.0 2.0 2.0 2.0 2.0 2.0 2.0 2.0 2.0 2.0 2.0 1.0 1.0 1.0 1.0 1.0 1.0 1.0 1.0 1.0 
0.0 0.0 2.0 2.0 2.0 2.0 2.0 2.0 2.0 2.0 2.0 2.0 2.0 2.0 2.0 2.0 1.0 1.0 1.0 1.0 1.0 1.0 1.0 1.0 1.0 
0.0 0.0 0.0 2.0 2.0 2.0 2.0 2.0 2.0 2.0 2.0 2.0 2.0 2.0 2.0 1.0 1.0 1.0 1.0 1.0 1.0 1.0 1.0 1.0 1.0 
0.0 0.0 0.0 0.0 2.0 2.0 2.0 2.0 2.0 2.0 2.0 2.0 2.0 2.0 2.0 1.0 1.0 1.0 1.0 1.0 1.0 1.0 1.0 1.0 1.0 
0.0 0.0 0.0 0.0 0.0 2.0 2.0 2.0 2.0 2.0 2.0 2.0 2.0 2.0 2.0 1.0 1.0 1.0 1.0 1.0 1.0 1.0 1.0 1.0 1.0 
0.0 0.0 0.0 0.0 0.0 0.0 2.0 2.0 2.0 2.0 2.0 2.0 2.0 2.0 2.0 1.0 1.0 1.0 1.0 1.0 1.0 1.0 1.0 1.0 1.0 
0.0 0.0 0.0 0.0 0.0 0.0 0.0 2.0 2.0 2.0 2.0 2.0 2.0 2.0 1.0 1.0 1.0 1.0 1.0 1.0 1.0 1.0 1.0 1.0 1.0 
0.0 0.0 0.0 0.0 0.0 0.0 0.0 0.0 2.0 2.0 2.0 2.0 2.0 2.0 1.0 1.0 1.0 1.0 1.0 1.0 1.0 1.0 1.0 1.0 1.0 
0.0 0.0 0.0 0.0 0.0 0.0 0.0 0.0 0.0 2.0 2.0 2.0 2.0 2.0 1.0 1.0 1.0 1.0 1.0 1.0 1.0 1.0 1.0 1.0 1.0 
0.0 0.0 0.0 0.0 0.0 0.0 0.0 0.0 0.0 0.0 2.0 2.0 2.0 2.0 1.0 1.0 1.0 1.0 1.0 1.0 1.0 1.0 1.0 1.0 1.0 
0.0 0.0 0.0 0.0 0.0 0.0 0.0 0.0 0.0 0.0 0.0 2.0 2.0 1.0 1.0 1.0 1.0 1.0 1.0 1.0 1.0 1.0 1.0 1.0 1.0 
0.0 0.0 0.0 0.0 0.0 0.0 0.0 0.0 0.0 -1.0 -1.0 -1.0 -1.0 -1.0 1.0 1.0 1.0 1.0 1.0 1.0 1.0 1.0 1.0 1.0 1.0 
0.0 0.0 0.0 0.0 0.0 0.0 -1.0 -1.0 -1.0 -1.0 -1.0 -1.0 -1.0 -1.0 -2.0 1.0 1.0 1.0 1.0 1.0 1.0 1.0 1.0 1.0 1.0 
0.0 0.0 0.0 -1.0 -1.0 -1.0 -1.0 -1.0 -1.0 -1.0 -1.0 -1.0 -1.0 -2.0 -2.0 -2.0 -2.0 1.0 1.0 1.0 1.0 1.0 1.0 1.0 1.0 
-1.0 -1.0 -1.0 -1.0 -1.0 -1.0 -1.0 -1.0 -1.0 -1.0 -1.0 -1.0 -1.0 -2.0 -2.0 -2.0 -2.0 -2.0 1.0 1.0 1.0 1.0 1.0 1.0 1.0 
-1.0 -1.0 -1.0 -1.0 -1.0 -1.0 -1.0 -1.0 -1.0 -1.0 -1.0 -1.0 -1.0 -2.0 -2.0 -2.0 -2.0 -2.0 -2.0 1.0 1.0 1.0 1.0 1.0 1.0 
-1.0 -1.0 -1.0 -1.0 -1.0 -1.0 -1.0 -1.0 -1.0 -1.0 -1.0 -1.0 -2.0 -2.0 -2.0 -2.0 -2.0 -2.0 -2.0 -2.0 -2.0 1.0 1.0 1.0 1.0 
-1.0 -1.0 -1.0 -1.0 -1.0 -1.0 -1.0 -1.0 -1.0 -1.0 -1.0 -1.0 -2.0 -2.0 -2.0 -2.0 -2.0 -2.0 -2.0 -2.0 -2.0 -2.0 1.0 1.0 1.0 
-1.0 -1.0 -1.0 -1.0 -1.0 -1.0 -1.0 -1.0 -1.0 -1.0 -1.0 -2.0 -2.0 -2.0 -2.0 -2.0 -2.0 -2.0 -2.0 -2.0 -2.0 -2.0 -2.0 1.0 1.0 
-1.0 -1.0 -1.0 -1.0 -1.0 -1.0 -1.0 -1.0 -1.0 -1.0 -1.0 -2.0 -2.0 -2.0 -2.0 -2.0 -2.0 -2.0 -2.0 -2.0 -2.0 -2.0 -2.0 -2.0 -2.0 
-1.0 -1.0 -1.0 -1.0 -1.0 -1.0 -1.0 -1.0 -1.0 -1.0 -1.0 -2.0 -2.0 -2.0 -2.0 -2.0 -2.0 -2.0 -2.0 -2.0 -2.0 -2.0 -2.0 -2.0 -2.0 

0.963479 0.599720 0.146687 0.340063 0.973658 0.879394 0.546611 0.107726 0.714935 0.899427 0.224979 0.950331 0.227931 0.570044 0.236592 0.847781 0.544986 0.155988 0.793846 0.352828 0.869807 0.682165 0.315737 0.534139 0.662424 
0.585437 0.733022 0.711254 0.316768 0.252093 0.780315 0.857898 0.555926 0.979590 0.320860 0.796450 0.509380 0.059157 0.241958 0.451592 0.683860 0.180983 0.782424 0.596401 0.029818 0.595740 0.778344 0.745623 0.267726 0.193609 
0.920846 0.596944 0.966547 0.747149 0.209778 0.792796 0.072513 0.902282 0.486134 0.342497 0.748207 0.231020 0.767388 0.311686 0.782414 0.306973 0.849480 0.012631 0.688638 0.537649 0.250080 0.467594 0.248023 0.550104 0.156004 
0.057550 0.625058 0.672561 0.765395 0.427455 0.116730 0.068908 0.143134 0.412346 0.778843 0.832036 0.080200 0.030294 0.700237 0.194814 0.452723 0.299437 0.985934 0.971314 0.285911 0.659139 0.585525 0.420958 0.363205 0.634718 
0.090488 0.808835 0.745663 0.028276 0.416074 0.213113 0.402225 0.233423 0.365710 0.073814 0.291734 0.927691 0.178382 0.479815 0.995432 0.369703 0.020721 0.404011 0.500371 0.664887 0.119347 0.624643 0.931781 0.054934 0.440316 
0.750730 0.469562 0.566832 0.098226 0.504076 0.367388 0.317435 0.069094 0.419522 0.972749 0.420449 0.068188 0.239576 0.221443 0.317987 0.754185 0.260553 0.592971 0.164278 0.359480 0.179172 0.153378 0.003788 0.061899 0.976998 
0.769994 0.936132 0.861973 0.190263 0.996322 0.410018 0.420868 0.900224 0.534631 0.807761 0.557567 0.430139 0.480416 0.745202 0.036479 0.077616 0.133098 0.232605 0.597729 0.887101 0.446635 0.384742 0.179476 0.695942 0.441613 
0.350469 0.315160 0.683856 0.346677 0.778104 0.070771 0.208816 0.916174 0.874103 0.053170 0.444557 0.210672 0.714401 0.088294 0.019231 0.502153 0.289535 0.736918 0.179518 0.523272 0.685538 0.962061 0.802072 0.382662 0.544732 
0.539348 0.427903 0.050276 0.989419 0.329288 0.542105 0.449245 0.992574 0.316217 0.466653 0.420426 0.453702 0.672396 0.910048 0.819513 0.490277 0.922883 0.558771 0.156320 0.842236 0.856167 0.879639 0.131155 0.559525 0.105558 
0.815986 0.376552 0.717943 0.220555 0.237711 0.965974 0.695311 0.918826 0.399996 0.596692 0.376025 0.485650 0.311307 0.108969 0.098190 0.455860 0.180561 0.689525 0.649511 0.357933 0.350540 0.774455 0.537353 0.040057 0.934261 
0.343351 0.621653 0.808115 0.357555 0.688819 0.223930 0.231886 0.508337 0.099283 0.836513 0.610216 0.067424 0.883843 0.516814 0.537061 0.675272 0.360321 0.988440 0.611625 0.517468 0.605043 0.695336 0.614672 0.359588 0.318283 
0.527275 0.930931 0.077858 0.751394 0.690352 0.479694 0.597466 0.563000 0.776696 0.622121 0.215534 0.534507 0.867741 0.865098 0.132531 0.496753 0.591820 0.260741 0.486580 0.051809 0.817443 0.616988 0.215098 0.686002 0.793015 
0.578348 0.700649 0.750745 0.494567 0.235451 0.832769 0.529487 0.622964 0.010121 0.096498 0.915556 0.299096 0.065385 0.383571 0.328180 0.638268 0.383218 0.304296 0.466001 0.721948 0.353641 0.842057 0.240179 0.467510 0.850928 
0.426978 0.592269 0.508170 0.281774 0.925530 0.615543 0.260300 0.073203 0.828639 0.954874 0.355641 0.528764 0.284631 0.412847 0.059312 0.886962 0.652017 0.393383 0.450173 0.858689 0.423412 0.043493 0.728694 0.681643 0.726502 
0.132464 0.559271 0.723740 0.833596 0.207685 0.845246 0.345350 0.288306 0.329946 0.030215 0.364529 0.701622 0.074005 0.977318 0.653481 0.815470 0.615374 0.983347 0.793806 0.061384 0.165769 0.295929 0.100357 0.263326 0.450111 
0.190525 0.895621 0.064695 0.779932 0.851309 0.859501 0.581277 0.557337 0.471119 0.371021 0.537829 0.054989 0.650095 0.015942 0.000150 0.477165 0.293846 0.644912 0.100565 0.286053 0.235656 0.347122 0.924487 0.294465 0.130426 
0.210552 0.941877 0.435674 0.666578 0.748388 0.471480 0.190639 0.347685 0.952245 0.828884 0.815527 0.771702 0.331317 0.877304 0.866059 0.275991 0.565196 0.800315 0.604823 0.138391 0.000838 0.152122 0.191408 0.865485 0.699031 
0.083019 0.548620 0.219800 0.711491 0.048994 0.352993 0.949529 0.170945 0.126119 0.271392 0.270725 0.319880 0.086936 0.639022 0.649345 0.808047 0.640863 0.061210 0.753002 0.345640 0.637116 0.347383 0.948529 0.286501 0.252526 
0.660656 0.022258 0.796170 0.532381 0.571113 0.475986 0.781268 0.771905 0.692589 0.051272 0.023451 0.894148 0.572737 0.442023 0.737287 0.990154 0.107864 0.709269 0.045436 0.722459 0.821571 0.644470 0.736543 0.864382 0.482629 
0.263044 0.606810 0.011573 0.809208 0.539225 0.778911 0.004294 0.678783 0.017553 0.065428 0.490327 0.784868 0.386439 0.570643 0.586985 0.857229 0.913488 0.749000 0.273250 0.684965 0.995212 0.422708 0.534895 0.798991 0.149127 
0.841067 0.989890 0.380583 0.094597 0.580241 0.746189 0.204403 0.741949 0.501149 0.159052 0.442707 0.504368 0.790487 0.784432 0.297174 0.477153 0.373214 0.913174 0.340464 0.746453 0.399288 0.232610 0.435408 0.545448 0.907917 
0.219880 0.567149 0.159986 0.034611 0.683524 0.314832 0.931364 0.936027 0.243185 0.667172 0.867942 0.214628 0.189065 0.196544 0.057285 0.204288 0.018275 0.220008 0.274826 0.003573 0.081456 0.309168 0.849143 0.873810 0.866282 
0.652316 0.467378 0.583749 0.611492 0.198220 0.868540 0.805547 0.639388 0.119141 0.343902 0.963604 0.050199 0.844655 0.528996 0.053810 0.678664 0.745793 0.392479 0.354022 0.897244 0.150616 0.194539 0.193671 0.012462 0.925493 
0.379417 0.155980 0.029716 0.119718 0.011077 0.229399 0.486692 0.521908 0.318910 0.364451 0.863038 0.132450 0.650879 0.859934 0.083065 0.783152 0.226754 0.112869 0.558545 0.362663 0.544078 0.793594 0.473859 0.420988 0.437336 
0.273710 0.528211 0.366453 0.086259 0.994718 0.236170 0.191691 0.243209 0.011617 0.832044 0.165395 0.354846 0.983216 0.733420 0.200517 0.657548 0.832457 0.125107 0.887226 0.327837 0.145141 0.138300 0.850734 0.104242 0.804790 

2.146242 1.133423 0.156928 0.615519 1.734635 1.787279 1.102291 -0.016459 0.627322 1.702442 0.699644 2.249540 0.458627 1.401633 0.495358 1.959363 1.166790 0.051742 0.712330 0.477206 0.807758 0.711369 0.495396 0.700941 0.734374 
1.452844 0.999348 1.380366 0.118365 1.076429 1.830023 1.877571 1.361991 1.720786 1.041737 0.881906 1.171835 0.351483 0.581332 1.175439 0.954624 0.491536 1.316612 0.986997 0.012256 0.696035 0.828948 0.911170 0.331841 0.485978 
1.703122 0.747047 2.537629 1.457380 0.293928 2.344920 -0.409682 2.286948 1.534634 0.689981 1.734254 0.457050 1.335258 0.903038 1.484619 1.573078 0.778719 0.611477 1.175205 0.125893 -0.169026 0.309727 0.413922 0.480984 0.264197 
-0.296394 0.997402 1.250286 1.594120 1.423078 0.530465 0.192429 0.549702 1.344928 1.564657 1.533671 0.361442 0.103574 1.539224 0.707545 0.662555 -0.196670 0.981244 0.951970 0.224147 0.260814 0.392548 0.009524 0.100361 0.530467 
-0.039444 0.470926 1.593837 0.177205 0.668853 0.684970 0.432208 0.892570 0.460365 0.498264 0.348357 1.798283 0.291494 1.181806 2.002200 1.196141 -0.324307 0.239249 0.668475 0.907267 0.408902 0.122113 0.731850 0.247334 0.181255 
-0.493239 -0.072839 1.096837 0.148778 0.444072 0.990456 0.478103 -0.197714 1.480922 2.585994 0.599919 0.108502 -0.058207 0.391175 0.623988 2.008912 0.623245 0.559281 0.277316 -0.085075 0.440432 -0.243050 0.107229 -0.196075 0.923945 
0.018787 -0.321354 0.067579 0.156229 2.674625 0.590674 0.971081 1.899218 1.465529 1.258125 0.915586 1.060543 1.463606 1.712058 -0.150707 -0.372126 0.276120 -0.302212 0.648864 0.559536 -0.116584 0.378963 0.213928 0.350598 0.943690 
-0.497023 0.262449 0.160204 0.090599 1.189221 0.184309 0.246853 1.974397 1.310414 0.081965 0.553664 0.569094 1.647431 -0.017144 -0.632006 1.031503 0.205632 0.823882 0.503443 0.501149 0.402902 0.614362 1.089153 0.134186 0.239491 
0.086824 -0.786038 0.384205 -0.005963 0.213001 0.975091 0.717990 2.007867 0.779066 0.441788 0.660627 0.690424 1.544756 2.041534 1.012833 0.467480 1.093846 0.891822 0.020640 0.742938 0.719241 1.305861 0.218428 0.483351 -0.068088 
-0.318435 0.286787 0.109039 0.270916 -0.332344 0.217522 1.266953 1.734956 0.712767 1.310336 1.490981 0.929505 0.574102 0.154253 -0.110380 0.456615 0.571079 1.353905 0.345797 0.056524 0.418381 0.955101 0.296555 -0.147062 0.938029 
0.189439 0.446515 0.389678 0.033131 0.239894 0.334047 0.330395 1.264273 -0.150463 1.161486 1.450864 0.469989 2.169362 1.215085 0.525915 0.675535 0.114790 1.184855 1.091626 0.552008 0.636440 0.529350 0.713416 0.249119 0.468245 
0.165562 -0.051428 0.234602 -0.179503 -0.105927 -0.377010 -0.393613 -0.563835 1.509707 0.925473 0.722699 0.568121 1.949895 1.598793 0.128155 0.520757 1.073498 -0.331926 0.808193 -0.143019 0.688945 0.609559 0.255233 0.528524 0.318145 
-0.175037 -0.248331 -0.192844 0.380399 0.222859 -0.072686 -0.148140 0.095080 0.041620 -0.089336 1.682589 0.579602 -0.293146 0.754198 0.810196 0.202955 0.452859 0.522294 0.629867 0.827403 -0.259911 0.873010 0.309744 0.241347 1.087628 
-0.211753 -0.056317 -0.197705 -0.021296 0.004152 0.394386 0.029114 0.421801 0.584401 0.034134 1.326675 0.550398 0.804391 0.681305 0.113312 1.031631 1.471236 0.167460 0.481977 0.768208 0.474960 0.017317 0.625823 0.494841 1.184644 
-0.143349 0.025727 0.178383 -0.132829 0.515729 0.741690 -0.338937 0.414064 -0.032252 0.534575 0.051455 1.415485 0.435740 0.847999 1.008627 0.857914 1.071389 1.034062 0.393198 0.029651 -0.019852 0.278675 0.567863 -0.223509 0.529048 
-0.066586 0.091346 -0.096523 -0.351667 -0.404662 -0.157148 -0.074752 -0.294852 -0.912561 -0.625910 -0.697475 -0.409310 -0.252619 -0.503139 0.377037 0.849291 0.111408 0.489750 0.253534 0.209854 0.321807 0.018435 0.737438 0.145146 0.335652 
0.357183 -0.253529 0.182616 -0.514982 -0.082578 0.381117 -0.100532 -0.136442 -0.918016 -0.934444 -0.741009 -1.358142 -0.556418 -1.031626 -2.114958 0.277383 0.163953 1.013752 0.331498 -0.034528 0.343381 -0.068684 0.118375 0.922613 0.405928 
-0.517334 -0.247573 0.059244 -0.899871 0.341592 -0.393006 -0.910221 0.374469 -0.546382 -0.490885 -0.412648 -0.856455 -0.446039 -1.297738 -1.221833 -1.285006 -1.797918 0.456412 0.713694 0.548658 0.618842 0.091904 1.065068 0.471931 1.015258 
-0.894236 -0.107611 -0.929574 -1.062567 -0.794719 -0.094098 -0.991402 -0.267221 -0.649020 -0.611244 -0.148514 -1.419542 -0.382388 -1.077017 -1.554040 -1.986233 -0.741050 -1.842475 0.420987 0.449826 0.594259 0.530382 0.633465 1.422373 0.496414 
0.067361 -0.383142 0.144627 -0.857136 -0.453039 -1.056669 0.332399 -0.676004 0.220610 -0.112411 -0.822425 -0.566202 -0.266535 -0.965346 -1.471798 -1.307101 -1.710910 -1.340865 -0.208538 0.442271 1.098804 0.177793 0.861009 0.549607 -0.104581 
-0.819481 -1.329775 -0.356434 -0.085090 -1.044370 -0.307937 -0.499512 -1.078111 0.059763 -0.407730 -0.368628 -0.321290 -1.358879 -1.133885 -0.719393 -0.822160 -0.899174 -2.107009 -0.496685 -1.878662 -0.824114 0.355789 0.455440 0.689438 1.095106 
-0.076939 -0.408952 -0.032626 -0.198967 -0.661120 -0.084535 -1.365466 -0.659928 -0.041296 -0.588673 -0.806716 -0.181542 -0.867245 0.142918 0.330622 -0.251764 0.091377 -0.308910 -0.340248 -0.010133 -0.216200 -0.401114 0.239208 1.194296 1.419615 
-0.688917 -0.502648 -0.685891 -0.278094 -0.204518 -1.546399 -0.699882 -0.627595 0.146710 -0.880273 -1.095846 -0.306864 -1.390444 -1.287050 -0.043665 -0.716756 -1.218275 -0.869816 -0.790589 -2.130130 -0.364424 0.078489 -0.546845 -0.565053 1.056959 
-1.147584 -0.541457 -0.322642 -0.304759 -0.413609 -0.177363 -0.632734 -1.217558 -0.545654 0.038068 -0.351712 -0.583011 -0.976908 -1.572021 0.337062 -1.713748 -0.579023 -0.487015 -1.003320 -1.213262 -1.051273 -1.356756 -0.863528 -1.081492 -0.935049 
-0.064075 -0.311107 -0.651279 -0.140689 -1.401451 -0.037569 -0.259773 -0.252158 -0.448600 -0.350962 0.023009 -0.680178 -2.221508 -1.349524 -0.239425 -1.025869 -1.841988 0.045206 -1.569518 -0.214810 -0.187230 -1.146987 -1.718855 0.072871 -1.295730 
