-2.0 -2.0 -2.0 -2.0 -2.0 -2.0 -2.0 -2.0 -2.0 1.0 1.0 1.0 1.0 1.0 1.0 1.0 1.0 1.0 1.0 -1.0 -1.0 -1.0 -1.0 -1.0 -1.0 
-2.0 -2.0 -2.0 -2.0 -2.0 -2.0 -2.0 -2.0 -2.0 1.0 1.0 1.0 1.0 1.0 1.0 1.0 1.0 1.0 1.0 -1.0 -1.0 -1.0 -1.0 -1.0 -1.0 
-2.0 -2.0 -2.0 -2.0 -2.0 -2.0 -2.0 -2.0 -2.0 1.0 1.0 1.0 1.0 1.0 1.0 1.0 1.0 1.0 1.0 -1.0 -1.0 -1.0 -1.0 -1.0 -1.0 
-2.0 -2.0 -2.0 -2.0 -2.0 -2.0 -2.0 -2.0 -2.0 1.0 1.0 1.0 1.0 1.0 1.0 1.0 1.0 1.0 1.0 -1.0 -1.0 -1.0 -1.0 -1.0 -1.0 
-2.0 -2.0 -2.0 -2.0 -2.0 -2.0 -2.0 -2.0 -2.0 1.0 1.0 1.0 1.0 1.0 1.0 1.0 1.0 1.0 1.0 -1.0 -1.0 -1.0 -1.0 -1.0 -1.0 
-2.0 -2.0 -2.0 -2.0 -2.0 -2.0 -2.0 -2.0 1.0 1.0 1.0 1.0 1.0 1.0 1.0 1.0 1.0 1.0 1.0 -1.0 -1.0 -1.0 -1.0 -1.0 -1.0 
-2.0 -2.0 -2.0 -2.0 -2.0 -2.0 -2.0 -2.0 1.0 1.0 1.0 1.0 1.0 1.0 1.0 1.0 1.0 1.0 -1.0 -1.0 -1.0 -1.0 -1.0 -1.0 -1.0 
-2.0 -2.0 -2.0 -2.0 -2.0 -2.0 -2.0 -2.0 1.0 1.0 1.0 1.0 1.0 1.0 1.0 1.0 1.0 1.0 -1.0 -1.0 -1.0 -1.0 -1.0 -1.0 -1.0 
-2.0 -2.0 -2.0 -2.0 -2.0 -2.0 -2.0 -2.0 1.0 1.0 1.0 1.0 1.0 1.0 1.0 1.0 1.0 1.0 -1.0 -1.0 -1.0 -1.0 -1.0 -1.0 -1.0 
-2.0 -2.0 -2.0 -2.0 -2.0 -2.0 -2.0 -2.0 1.0 1.0 1.0 1.0 1.0 1.0 1.0 1.0 1.0 1.0 -1.0 -1.0 -1.0 -1.0 -1.0 -1.0 -1.0 
-2.0 -2.0 -2.0 -2.0 -2.0 -2.0 -2.0 -2.0 1.0 1.0 1.0 1.0 1.0 1.0 1.0 1.0 1.0 1.0 -1.0 -1.0 -1.0 -1.0 -1.0 -1.0 -1.0 
-2.0 -2.0 -2.0 -2.0 -2.0 -2.0 -2.0 -2.0 1.0 1.0 1.0 1.0 1.0 1.0 1.0 1.0 1.0 0.0 0.0 0.0 0.0 -1.0 -1.0 -1.0 -1.0 
-2.0 -2.0 -2.0 -2.0 -2.0 -2.0 -2.0 -2.0 1.0 1.0 1.0 1.0 1.0 1.0 1.0 0.0 0.0 0.0 0.0 0.0 0.0 0.0 0.0 0.0 0.0 
-2.0 -2.0 -2.0 -2.0 -2.0 -2.0 -2.0 -2.0 1.0 1.0 1.0 1.0 0.0 0.0 0.0 0.0 0.0 0.0 0.0 0.0 0.0 0.0 0.0 0.0 0.0 
-2.0 -2.0 -2.0 -2.0 -2.0 -2.0 -2.0 2.0 2.0 2.0 2.0 2.0 2.0 0.0 0.0 0.0 0.0 0.0 0.0 0.0 0.0 0.0 0.0 0.0 0.0 
-2.0 -2.0 -2.0 -2.0 -2.0 2.0 2.0 2.0 2.0 2.0 2.0 2.0 2.0 2.0 0.0 0.0 0.0 0.0 0.0 0.0 0.0 0.0 0.0 0.0 0.0 
-2.0 -2.0 -2.0 -2.0 2.0 2.0 2.0 2.0 2.0 2.0 2.0 2.0 2.0 2.0 2.0 0.0 0.0 0.0 0.0 0.0 0.0 0.0 0.0 0.0 0.0 
-2.0 -2.0 -2.0 2.0 2.0 2.0 2.0 2.0 2.0 2.0 2.0 2.0 2.0 2.0 2.0 2.0 0.0 0.0 0.0 0.0 0.0 0.0 0.0 0.0 0.0 
-2.0 -2.0 2.0 2.0 2.0 2.0 2.0 2.0 2.0 2.0 2.0 2.0 2.0 2.0 2.0 2.0 2.0 0.0 0.0 0.0 0.0 0.0 0.0 0.0 0.0 
-2.0 2.0 2.0 2.0 2.0 2.0 2.0 2.0 2.0 2.0 2.0 2.0 2.0 2.0 2.0 2.0 2.0 2.0 0.0 0.0 0.0 0.0 0.0 0.0 0.0 
2.0 2.0 2.0 2.0 2.0 2.0 2.0 2.0 2.0 2.0 2.0 2.0 2.0 2.0 2.0 2.0 2.0 2.0 2.0 0.0 0.0 0.0 0.0 0.0 0.0 
2.0 2.0 2.0 2.0 2.0 2.0 2.0 2.0 2.0 2.0 2.0 2.0 2.0 2.0 2.0 2.0 2.0 2.0 2.0 2.0 0.0 0.0 0.0 0.0 0.0 
2.0 2.0 2.0 2.0 2.0 2.0 2.0 2.0 2.0 2.0 2.0 2.0 2.0 2.0 2.0 2.0 2.0 2.0 2.0 2.0 2.0 0.0 0.0 0.0 0.0 
2.0 2.0 2.0 2.0 2.0 2.0 2.0 2.0 2.0 2.0 2.0 2.0 2.0 2.0 2.0 2.0 2.0 2.0 2.0 2.0 2.0 2.0 0.0 0.0 0.0 
2.0 2.0 2.0 2.0 2.0 2.0 2.0 2.0 2.0 2.0 2.0 2.0 2.0 2.0 2.0 2.0 2.0 2.0 2.0 2.0 2.0 2.0 2.0 0.0 0.0 

0.734257 0.968618 0.250989 0.214573 0.917893 0.098892 0.840028 0.890092 0.482020 0.016223 0.285585 0.654885 0.440028 0.441537 0.102056 0.958911 0.199665 0.798881 0.582146 0.625280 0.843284 0.046235 0.571533 0.338581 0.179727 
0.050647 0.048558 0.909445 0.763807 0.679272 0.119729 0.806012 0.275061 0.407234 0.845021 0.569587 0.048755 0.126955 0.764776 0.208828 0.749495 0.766391 0.336052 0.052364 0.168286 0.577448 0.000359 0.692207 0.096235 0.195452 
0.666079 0.638667 0.079052 0.644375 0.990681 0.748821 0.757021 0.563569 0.389976 0.007236 0.151034 0.910757 0.072801 0.608111 0.379572 0.133405 0.734848 0.361487 0.314733 0.570596 0.484051 0.089263 0.857953 0.394916 0.616358 
0.260198 0.942775 0.761177 0.350965 0.472762 0.759831 0.766773 0.802270 0.193212 0.019591 0.654132 0.489396 0.688248 0.561963 0.300227 0.428561 0.551863 0.559791 0.713058 0.311013 0.427940 0.411000 0.191149 0.881223 0.372808 
0.756964 0.615472 0.811145 0.611772 0.441898 0.197070 0.574772 0.585226 0.139413 0.986154 0.458305 0.586099 0.169266 0.786566 0.640116 0.066717 0.855162 0.276468 0.832162 0.741432 0.903371 0.899824 0.413801 0.474224 0.281831 
0.804248 0.763775 0.940055 0.726929 0.983932 0.558047 0.388341 0.403619 0.775881 0.914764 0.587805 0.135578 0.076800 0.432091 0.539031 0.678699 0.789232 0.800457 0.658132 0.673046 0.268374 0.148899 0.889928 0.614414 0.882684 
0.821746 0.198157 0.915189 0.603915 0.134164 0.582326 0.359223 0.224777 0.092316 0.145291 0.271316 0.333448 0.832140 0.466782 0.139493 0.382104 0.627195 0.145036 0.894050 0.105583 0.805485 0.842086 0.968588 0.937926 0.602610 
0.425081 0.725623 0.600016 0.295161 0.462280 0.936003 0.350230 0.254221 0.251521 0.308289 0.844550 0.252686 0.188430 0.733440 0.829265 0.646164 0.095694 0.485516 0.517803 0.585966 0.991402 0.720074 0.581471 0.712412 0.024188 
0.176476 0.860303 0.079688 0.010312 0.580430 0.082961 0.509137 0.542938 0.022272 0.882420 0.065137 0.692589 0.840347 0.969305 0.948160 0.279904 0.592020 0.320139 0.579011 0.433043 0.580607 0.386523 0.968471 0.713892 0.119512 
0.385378 0.549891 0.718554 0.024393 0.057166 0.794614 0.995003 0.183269 0.956253 0.479866 0.126218 0.039929 0.273370 0.593272 0.459313 0.655838 0.212124 0.210850 0.457977 0.085032 0.440341 0.318538 0.522096 0.669371 0.448848 
0.644345 0.796788 0.586603 0.434262 0.359125 0.813509 0.460634 0.202588 0.317045 0.910420 0.275626 0.669942 0.000712 0.601421 0.071906 0.242207 0.872734 0.663871 0.422766 0.507946 0.076103 0.158155 0.091796 0.292725 0.903738 
0.312488 0.559058 0.435205 0.332515 0.174981 0.413210 0.376934 0.693448 0.868485 0.245448 0.913940 0.414566 0.650843 0.700645 0.937439 0.019425 0.962585 0.755836 0.045123 0.519770 0.141456 0.691005 0.465152 0.287541 0.825490 
0.907405 0.968383 0.738388 0.024594 0.471717 0.204549 0.938700 0.021112 0.570503 0.838979 0.752053 0.445535 0.557996 0.191069 0.817183 0.580738 0.221976 0.981398 0.508674 0.131114 0.357317 0.706940 0.103831 0.911088 0.506734 
0.074148 0.216322 0.396068 0.649428 0.494930 0.818627 0.763129 0.221069 0.365658 0.345087 0.575961 0.229117 0.809273 0.770854 0.841234 0.511296 0.836470 0.393631 0.207662 0.482078 0.287055 0.611501 0.046401 0.110391 0.840629 
0.501659 0.338411 0.347339 0.397545 0.803594 0.033116 0.149305 0.282560 0.970880 0.610362 0.685196 0.386371 0.746013 0.424233 0.782882 0.947100 0.540300 0.048337 0.825852 0.024752 0.598428 0.297359 0.108658 0.727969 0.905007 
0.042939 0.533520 0.923121 0.380733 0.950808 0.582126 0.795442 0.105449 0.189876 0.632104 0.501782 0.409907 0.770669 0.865116 0.977442 0.231368 0.121829 0.526414 0.270259 0.648583 0.600271 0.258778 0.934355 0.850902 0.292344 
0.664466 0.742429 0.592646 0.054575 0.670702 0.105459 0.605952 0.921021 0.938651 0.368385 0.671718 0.014802 0.490562 0.737962 0.809274 0.311342 0.458907 0.881461 0.546073 0.125821 0.074412 0.909507 0.912767 0.360203 0.086678 
0.659544 0.727607 0.257060 0.864835 0.871762 0.108809 0.924191 0.295121 0.616856 0.024394 0.985864 0.339602 0.313743 0.096462 0.591537 0.827109 0.691559 0.281782 0.797155 0.123411 0.720572 0.062807 0.714776 0.074124 0.776186 
0.724203 0.872482 0.719103 0.307259 0.506528 0.911970 0.634591 0.764117 0.082137 0.509838 0.030682 0.827691 0.693248 0.153976 0.674927 0.927529 0.297822 0.029765 0.610193 0.402549 0.779726 0.426372 0.372551 0.970470 0.931921 
0.825744 0.738663 0.704825 0.011064 0.442449 0.533559 0.951913 0.165767 0.923385 0.142543 0.017945 0.314371 0.379035 0.178149 0.921657 0.210164 0.943893 0.547180 0.192556 0.652301 0.481048 0.050106 0.698740 0.954225 0.165909 
0.050061 0.907468 0.361064 0.196615 0.213871 0.706801 0.297743 0.230258 0.573951 0.576136 0.461718 0.564632 0.656611 0.635466 0.735714 0.856587 0.711585 0.736107 0.773526 0.694325 0.572669 0.477209 0.205314 0.900431 0.146006 
0.163693 0.603807 0.124146 0.535254 0.462428 0.003284 0.131473 0.550067 0.361936 0.120387 0.946714 0.019649 0.268340 0.552486 0.871906 0.344974 0.339780 0.148141 0.613009 0.244382 0.640812 0.860967 0.784379 0.430247 0.048689 
0.097848 0.326836 0.691888 0.492943 0.024609 0.514917 0.511076 0.106619 0.821329 0.988930 0.667036 0.534744 0.401409 0.166398 0.192022 0.045559 0.648081 0.481536 0.059141 0.841551 0.731377 0.362852 0.806223 0.092696 0.618970 
0.443258 0.794882 0.091157 0.928216 0.984998 0.784285 0.332425 0.515454 0.436516 0.502738 0.935512 0.623677 0.782386 0.446296 0.699588 0.617714 0.731658 0.946531 0.464870 0.240263 0.960144 0.209291 0.809612 0.898295 0.752219 
0.714858 0.116472 0.747231 0.781098 0.890160 0.588118 0.400257 0.676279 0.325207 0.808425 0.839496 0.306306 0.982907 0.437235 0.418946 0.351497 0.727572 0.203862 0.348139 0.028188 0.758198 0.317973 0.243004 0.222009 0.026811 

-1.460199 -2.120240 -0.532753 -0.366159 -1.716543 -0.133274 -1.610621 -1.845673 -0.910814 0.033047 0.345615 0.691041 0.377767 0.598024 -0.080776 1.100209 0.263947 0.779953 0.629842 -0.758636 -0.621108 -0.154925 -0.632302 -0.469142 -0.327841 
-0.185102 -0.286400 -1.780473 -1.393028 -1.382117 -0.144674 -1.572843 -0.587818 -0.921248 0.721303 0.841135 0.001079 0.140275 0.896049 0.536015 0.908566 0.770597 0.283548 0.073053 -0.224772 -0.600811 0.105678 -0.735888 0.045858 -0.279237 
-1.343864 -1.202553 -0.288425 -1.228081 -1.979737 -1.298823 -1.546318 -1.051514 -0.659191 -0.000186 0.140745 0.819050 -0.115200 0.788723 0.336796 0.216356 0.769742 0.486686 0.343773 -0.580294 -0.618554 -0.177899 -0.803877 -0.471202 -0.584912 
-0.422708 -1.940313 -1.368974 -0.620775 -1.003463 -1.496373 -1.665424 -1.737310 -0.531736 -0.045513 0.797958 0.620046 0.773776 0.483045 0.345416 0.343219 0.576048 0.309581 0.690875 -0.178864 -0.438525 -0.285859 -0.272750 -0.705468 -0.274147 
-1.557665 -1.201695 -1.735733 -1.257916 -0.981067 -0.608224 -1.194139 -1.100448 -0.219699 1.023477 0.472294 0.641457 0.171457 0.708722 0.569683 0.096597 0.593134 0.138473 0.879246 -0.823903 -0.683738 -0.821875 -0.557680 -0.438686 -0.383156 
-1.563644 -1.533982 -1.929751 -1.527179 -1.951603 -1.205910 -0.747053 -0.746980 0.901219 0.989385 0.523476 0.107838 0.105926 0.526049 0.613596 0.619405 0.794466 0.748789 0.739530 -0.760243 -0.360113 -0.269544 -0.979779 -0.642566 -0.797254 
-1.737206 -0.635894 -1.813112 -0.996186 -0.240262 -1.135050 -0.816020 -0.491305 0.197600 0.138839 0.322563 0.358017 0.876831 0.556720 0.052767 0.650145 0.575147 0.180523 -0.913284 -0.100886 -0.911935 -0.787629 -0.678694 -0.959797 -0.714971 
-0.699480 -1.523806 -1.033412 -0.675116 -0.918004 -1.882415 -0.653345 -0.463496 0.449555 0.233395 0.820023 0.103001 0.120999 0.706093 0.709250 0.516140 0.292607 0.500033 -0.477397 -0.711392 -0.752565 -0.897445 -0.522598 -0.760635 0.058267 
-0.481203 -1.708588 -0.091840 -0.039014 -1.130317 -0.148740 -1.129330 -1.130038 0.039321 0.886125 0.182525 0.679862 0.848733 1.075855 0.904775 0.292485 0.642345 0.135616 -0.560900 -0.558741 -0.544724 -0.349831 -1.018804 -0.611864 -0.126200 
-0.643030 -1.047682 -1.540496 -0.064626 -0.046615 -1.588667 -1.882156 -0.323833 0.752896 0.514123 0.187479 -0.000517 0.153958 0.576930 0.525119 0.535966 0.102323 0.516254 -0.515549 -0.099248 -0.385982 -0.374148 -0.459407 -0.810716 -0.502796 
-1.312567 -1.596051 -1.023752 -0.914219 -0.820444 -1.680397 -0.786606 -0.478777 0.037369 0.787937 0.492674 0.585347 0.063292 0.646618 0.005792 0.387677 0.783837 0.536096 -0.400773 -0.437206 0.054564 -0.046204 0.000834 -0.395417 -0.922192 
-0.674284 -0.987361 -0.718141 -0.557246 -0.317862 -0.643223 -0.814850 -1.312091 0.974176 0.308509 0.813725 0.465745 0.726028 0.921577 0.851108 -0.116442 0.804669 0.070817 -0.037038 0.045045 0.097388 -0.405167 -0.296914 -0.220074 -0.934586 
-1.782871 -2.006264 -1.540247 -0.123279 -0.770405 -0.327673 -1.923059 -0.190402 0.576627 0.987399 0.740158 0.602957 0.522474 0.289149 0.817339 0.039457 0.010191 -0.004916 0.029856 0.165249 -0.123423 -0.088271 -0.035829 0.014679 0.102444 
-0.206706 -0.366682 -0.759124 -1.282342 -0.878918 -1.585316 -1.541173 -0.305440 0.346610 0.353272 0.572491 0.321029 0.002781 -0.065178 -0.035290 0.023981 0.092563 -0.015151 0.000046 -0.119300 -0.023426 -0.037757 -0.085877 0.123647 -0.023168 
-0.932352 -0.783843 -0.599452 -0.908865 -1.443944 0.068254 -0.239641 0.501800 1.874589 1.059551 1.131132 0.814206 1.535518 0.058080 -0.163851 -0.155383 0.123428 -0.050979 -0.166397 -0.185086 0.133764 -0.031767 -0.105607 0.317002 0.054226 
-0.209539 -0.998257 -1.832782 -0.703541 -1.775605 1.251366 1.567157 0.308535 0.380531 1.296866 1.144865 0.893850 1.512342 1.783283 0.135139 -0.004428 -0.116726 0.131554 0.038494 -0.033678 0.081238 -0.047502 -0.114174 -0.002351 0.013161 
-1.402682 -1.544842 -1.382059 -0.039760 1.483156 0.281145 1.358184 1.794334 1.977404 0.613563 1.458785 -0.093872 1.263827 1.501992 1.661521 0.057621 0.075824 -0.045093 0.099923 0.062772 0.191638 -0.003761 0.037521 0.236108 -0.127239 
-1.389310 -1.408829 -0.535567 1.781439 1.756741 0.398597 1.908415 0.653011 1.212267 0.089417 1.953845 0.659472 0.593572 0.211718 1.318877 1.592754 -0.042970 0.160645 0.024294 -0.056665 0.085181 0.098772 0.050276 0.012552 0.130266 
-1.458077 -1.832357 1.521741 0.505154 1.049442 1.676574 1.262059 1.507297 0.158256 1.019162 -0.076688 1.716733 1.385381 0.288227 1.318070 1.896884 0.617777 -0.012585 -0.058466 0.052068 0.144430 -0.049887 -0.160943 0.059453 -0.094351 
-1.750359 1.483675 1.353009 -0.001975 0.876342 1.025690 2.004634 0.241563 1.867825 0.282620 -0.159889 0.595804 0.743515 0.326434 1.739298 0.473815 1.772203 0.948037 0.111072 0.006852 0.050567 -0.093845 -0.059601 -0.077655 -0.011515 
0.133381 1.982238 0.710125 0.388703 0.365748 1.422217 0.640297 0.441970 1.155900 1.221638 0.841052 1.094601 1.358663 1.360571 1.535462 1.772557 1.275765 1.439719 1.520144 0.046315 0.006676 0.059349 0.090820 0.079759 0.045452 
0.428822 1.347452 0.189631 0.990450 0.790295 -0.003164 0.317716 0.990187 0.937802 0.374079 2.066010 0.072633 0.662600 1.162335 1.642240 0.582488 0.919151 0.370030 1.255338 0.481876 0.051911 0.007737 0.251332 0.011029 -0.101700 
0.052274 0.630115 1.484312 1.032450 -0.140644 1.015555 1.122656 0.336536 1.563002 2.216571 1.227074 1.032459 0.879244 0.232243 0.147649 0.104883 1.389218 0.946370 0.140549 1.746824 1.332488 -0.110423 0.074230 -0.026860 0.016329 
0.821015 1.572464 0.155131 1.775085 2.077632 1.637459 0.653346 0.973641 0.838525 1.197736 1.944936 1.188990 1.720732 0.910546 1.440817 1.293985 1.418425 1.840085 0.838200 0.537925 1.690402 0.609673 0.155074 -0.073250 0.206234 
1.446910 0.294750 1.229773 1.685229 1.571699 1.088807 0.821288 1.476513 0.756765 1.472574 1.789598 0.483564 1.975293 0.785493 0.742110 0.724264 1.433330 0.239061 0.759845 0.004233 1.398361 0.630738 0.601376 0.025838 0.031842 
