-2.0 -2.0 -2.0 -2.0 -2.0 -2.0 -2.0 -2.0 -2.0 2.0 2.0 2.0 2.0 2.0 2.0 2.0 2.0 2.0 2.0 2.0 2.0 2.0 2.0 0.0 0.0 
-2.0 -2.0 -2.0 -2.0 -2.0 -2.0 -2.0 -2.0 -2.0 2.0 2.0 2.0 2.0 2.0 2.0 2.0 2.0 2.0 2.0 2.0 2.0 2.0 0.0 0.0 0.0 
-2.0 -2.0 -2.0 -2.0 -2.0 -2.0 -2.0 -2.0 2.0 2.0 2.0 2.0 2.0 2.0 2.0 2.0 2.0 2.0 2.0 2.0 2.0 0.0 0.0 0.0 0.0 
-2.0 -2.0 -2.0 -2.0 -2.0 -2.0 -2.0 -2.0 2.0 2.0 2.0 2.0 2.0 2.0 2.0 2.0 2.0 2.0 2.0 2.0 2.0 0.0 0.0 0.0 0.0 
-2.0 -2.0 -2.0 -2.0 -2.0 -2.0 -2.0 -2.0 2.0 2.0 2.0 2.0 2.0 2.0 2.0 2.0 2.0 2.0 2.0 2.0 0.0 0.0 0.0 0.0 0.0 
1.0 1.0 1.0 1.0 1.0 1.0 1.0 1.0 2.0 2.0 2.0 2.0 2.0 2.0 2.0 2.0 2.0 2.0 2.0 0.0 0.0 0.0 0.0 0.0 0.0 
1.0 1.0 1.0 1.0 1.0 1.0 1.0 1.0 1.0 2.0 2.0 2.0 2.0 2.0 2.0 2.0 2.0 2.0 2.0 0.0 0.0 0.0 0.0 0.0 0.0 
1.0 1.0 1.0 1.0 1.0 1.0 1.0 1.0 1.0 2.0 2.0 2.0 2.0 2.0 2.0 2.0 2.0 2.0 0.0 0.0 0.0 0.0 0.0 0.0 0.0 
1.0 1.0 1.0 1.0 1.0 1.0 1.0 1.0 1.0 2.0 2.0 2.0 2.0 2.0 2.0 2.0 2.0 0.0 0.0 0.0 0.0 0.0 0.0 0.0 0.0 
1.0 1.0 1.0 1.0 1.0 1.0 1.0 1.0 1.0 -1.0 -1.0 -1.0 2.0 2.0 2.0 2.0 0.0 0.0 0.0 0.0 0.0 0.0 0.0 0.0 0.0 
1.0 1.0 1.0 1.0 1.0 1.0 1.0 1.0 -1.0 -1.0 -1.0 -1.0 -1.0 -1.0 2.0 2.0 0.0 0.0 0.0 0.0 0.0 0.0 0.0 0.0 0.0 
1.0 1.0 1.0 1.0 1.0 1.0 1.0 -1.0 -1.0 -1.0 -1.0 -1.0 -1.0 -1.0 -1.0 -1.0 0.0 0.0 0.0 0.0 0.0 0.0 0.0 0.0 0.0 
1.0 1.0 1.0 1.0 1.0 1.0 -1.0 -1.0 -1.0 -1.0 -1.0 -1.0 -1.0 -1.0 -1.0 -1.0 -1.0 0.0 0.0 0.0 0.0 0.0 0.0 0.0 0.0 
1.0 1.0 1.0 1.0 1.0 1.0 -1.0 -1.0 -1.0 -1.0 -1.0 -1.0 -1.0 -1.0 -1.0 -1.0 -1.0 0.0 0.0 0.0 0.0 0.0 0.0 0.0 0.0 
1.0 1.0 1.0 1.0 1.0 -1.0 -1.0 -1.0 -1.0 -1.0 -1.0 -1.0 -1.0 -1.0 -1.0 -1.0 -1.0 -1.0 0.0 0.0 0.0 0.0 0.0 0.0 0.0 
1.0 1.0 1.0 1.0 -1.0 -1.0 -1.0 -1.0 -1.0 -1.0 -1.0 -1.0 -1.0 -1.0 -1.0 -1.0 -1.0 -1.0 -1.0 0.0 0.0 0.0 0.0 0.0 0.0 
1.0 1.0 1.0 -1.0 -1.0 -1.0 -1.0 -1.0 -1.0 -1.0 -1.0 -1.0 -1.0 -1.0 -1.0 -1.0 -1.0 -1.0 -1.0 0.0 0.0 0.0 0.0 0.0 0.0 
1.0 1.0 -1.0 -1.0 -1.0 -1.0 -1.0 -1.0 -1.0 -1.0 -1.0 -1.0 -1.0 -1.0 -1.0 -1.0 -1.0 -1.0 -1.0 -1.0 0.0 0.0 0.0 0.0 0.0 
1.0 1.0 -1.0 -1.0 -1.0 -1.0 -1.0 -1.0 -1.0 -1.0 -1.0 -1.0 -1.0 -1.0 -1.0 -1.0 -1.0 -1.0 -1.0 -1.0 -1.0 0.0 0.0 0.0 0.0 
1.0 -1.0 -1.0 -1.0 -1.0 -1.0 -1.0 -1.0 -1.0 -1.0 -1.0 -1.0 -1.0 -1.0 -1.0 -1.0 -1.0 -1.0 -1.0 -1.0 -1.0 0.0 0.0 0.0 0.0 
-1.0 -1.0 -1.0 -1.0 -1.0 -1.0 -1.0 -1.0 -1.0 -1.0 -1.0 -1.0 -1.0 -1.0 -1.0 -1.0 -1.0 -1.0 -1.0 -1.0 -1.0 -1.0 0.0 0.0 0.0 
-1.0 -1.0 -1.0 -1.0 -1.0 -1.0 -1.0 -1.0 -1.0 -1.0 -1.0 -1.0 -1.0 -1.0 -1.0 -1.0 -1.0 -1.0 -1.0 -1.0 -1.0 -1.0 -1.0 0.0 0.0 
-1.0 -1.0 -1.0 -1.0 -1.0 -1.0 -1.0 -1.0 -1.0 -1.0 -1.0 -1.0 -1.0 -1.0 -1.0 -1.0 -1.0 -1.0 -1.0 -1.0 -1.0 -1.0 -1.0 0.0 0.0 
-1.0 -1.0 -1.0 -1.0 -1.0 -1.0 -1.0 -1.0 -1.0 -1.0 -1.0 -1.0 -1.0 -1.0 -1.0 -1.0 -1.0 -1.0 -1.0 -1.0 -1.0 -1.0 -1.0 -1.0 0.0 
-1.0 -1.0 -1.0 -1.0 -1.0 -1.0 -1.0 -1.0 -1.0 -1.0 -1.0 -1.0 -1.0 -1.0 -1.0 -1.0 -1.0 -1.0 -1.0 -1.0 -1.0 -1.0 -1.0 -1.0 -1.0 

0.600614 0.268377 0.131826 0.089172 0.041613 0.914715 0.051299 0.037954 0.270795 0.645029 0.219813 0.323753 0.899025 0.512975 0.915249 0.051141 0.949629 0.743993 0.346452 0.159560 0.580838 0.304324 0.142384 0.085672 0.386562 
0.872528 0.256450 0.839150 0.672951 0.863440 0.267434 0.380271 0.979504 0.679215 0.180033 0.335238 0.837639 0.870527 0.344786 0.132080 0.280391 0.905850 0.303496 0.027215 0.756768 0.492414 0.762698 0.515823 0.215262 0.989618 
0.105998 0.958288 0.842590 0.989708 0.750263 0.621264 0.665055 0.092561 0.915160 0.490907 0.757199 0.485494 0.872781 0.991105 0.948991 0.222160 0.818565 0.453820 0.440231 0.430963 0.932394 0.566585 0.525716 0.577064 0.010739 
0.010765 0.059848 0.725859 0.534303 0.674598 0.806275 0.211783 0.368711 0.069360 0.693483 0.494704 0.818643 0.182775 0.324200 0.849183 0.961812 0.370657 0.260736 0.960282 0.807926 0.112259 0.823975 0.694304 0.630105 0.279239 
0.382114 0.260829 0.123690 0.417916 0.867304 0.917061 0.971640 0.455900 0.099936 0.295363 0.678563 0.650520 0.093864 0.294968 0.862824 0.165385 0.767228 0.540401 0.449039 0.412670 0.533859 0.335366 0.502536 0.006498 0.222788 
0.627139 0.053831 0.427420 0.904290 0.150376 0.933767 0.662854 0.284531 0.981707 0.959388 0.769279 0.354439 0.602331 0.086066 0.607640 0.794458 0.498190 0.446456 0.174835 0.816175 0.011866 0.458116 0.222775 0.999694 0.045633 
0.267387 0.930251 0.192626 0.155335 0.265999 0.045745 0.791631 0.245187 0.530461 0.328480 0.232188 0.923431 0.781963 0.513608 0.620621 0.416305 0.231836 0.194350 0.749208 0.891034 0.154082 0.729221 0.895567 0.287086 0.762733 
0.994672 0.291012 0.300855 0.199573 0.145540 0.750452 0.079834 0.503719 0.338375 0.325328 0.370166 0.902382 0.445473 0.200686 0.295058 0.941107 0.836170 0.192605 0.563478 0.038946 0.547994 0.260567 0.641260 0.540721 0.517982 
0.488105 0.625629 0.612175 0.053577 0.327686 0.047430 0.795238 0.927731 0.527876 0.095779 0.820191 0.802444 0.518513 0.910109 0.709662 0.491938 0.905302 0.468541 0.289004 0.605032 0.429261 0.797400 0.989141 0.999505 0.957194 
0.441054 0.239420 0.853066 0.091175 0.129478 0.029866 0.714569 0.879186 0.094869 0.640012 0.881890 0.894294 0.845576 0.119504 0.085457 0.888056 0.416657 0.640510 0.372529 0.590230 0.672290 0.569403 0.493767 0.499597 0.688106 
0.831188 0.155293 0.120155 0.732760 0.586849 0.281512 0.413609 0.592664 0.858721 0.372741 0.635630 0.876463 0.447515 0.089561 0.849058 0.201596 0.076585 0.319747 0.771486 0.462502 0.586203 0.751873 0.711594 0.343220 0.013103 
0.189457 0.940263 0.410082 0.074846 0.439925 0.919443 0.462923 0.403615 0.525980 0.719877 0.602501 0.382175 0.735774 0.148756 0.984348 0.515492 0.764465 0.619384 0.819833 0.820197 0.921759 0.944328 0.055843 0.311389 0.713960 
0.002119 0.127295 0.920079 0.051594 0.575749 0.084733 0.211182 0.324870 0.048189 0.227270 0.377885 0.252623 0.323261 0.435773 0.776313 0.696779 0.985482 0.242497 0.520834 0.997040 0.484829 0.548198 0.324036 0.998167 0.902568 
0.874955 0.992119 0.275126 0.110284 0.784587 0.473999 0.779559 0.453469 0.097140 0.020672 0.377006 0.912364 0.244701 0.131508 0.587809 0.932190 0.661009 0.025845 0.755965 0.319255 0.800652 0.815578 0.263258 0.145876 0.780037 
0.534011 0.050737 0.990862 0.972029 0.484289 0.588036 0.981639 0.002414 0.939293 0.719081 0.671096 0.784072 0.900874 0.722890 0.093846 0.412281 0.099066 0.304631 0.131544 0.272405 0.445684 0.651353 0.941142 0.457940 0.350506 
0.949357 0.472105 0.875019 0.571666 0.742583 0.779418 0.414002 0.525035 0.613956 0.614374 0.882716 0.427398 0.763895 0.157801 0.466187 0.181225 0.533991 0.377074 0.931325 0.507623 0.554108 0.273291 0.856694 0.483739 0.651266 
0.307243 0.549735 0.921690 0.451761 0.129762 0.367335 0.450170 0.991718 0.151758 0.163598 0.434098 0.235413 0.063095 0.045394 0.828117 0.965347 0.828966 0.418101 0.419935 0.016693 0.632417 0.718398 0.029374 0.640408 0.266986 
0.265906 0.241175 0.137721 0.778667 0.874898 0.486064 0.534296 0.835531 0.196702 0.621264 0.222808 0.078618 0.580078 0.818810 0.169615 0.901694 0.788208 0.228165 0.450305 0.527909 0.209619 0.795048 0.071034 0.495744 0.632556 
0.915049 0.739528 0.181266 0.176882 0.948975 0.538698 0.393928 0.541101 0.072723 0.407565 0.169635 0.793622 0.872779 0.923055 0.927149 0.929861 0.354777 0.090033 0.382556 0.263724 0.651493 0.506295 0.771737 0.503124 0.526222 
0.070693 0.722660 0.356427 0.795972 0.894378 0.121687 0.011059 0.381552 0.860804 0.822881 0.475783 0.762737 0.192949 0.218247 0.456833 0.957113 0.608412 0.332786 0.061091 0.320165 0.668036 0.185345 0.373505 0.780086 0.317896 
0.898108 0.403914 0.443108 0.491655 0.672159 0.430361 0.101178 0.223882 0.761452 0.337417 0.243433 0.498847 0.895821 0.074566 0.056297 0.458442 0.638374 0.882713 0.901329 0.930962 0.537829 0.406329 0.461670 0.368835 0.496454 
0.167988 0.504278 0.258251 0.698612 0.816912 0.457515 0.970495 0.345266 0.308509 0.840420 0.711774 0.524005 0.818890 0.969461 0.976463 0.460366 0.281059 0.966126 0.068826 0.550314 0.662498 0.390138 0.308007 0.994711 0.616410 
0.966398 0.019625 0.430991 0.594976 0.601544 0.036136 0.332081 0.472474 0.755439 0.841768 0.445878 0.311394 0.260148 0.917351 0.409889 0.493889 0.683715 0.940171 0.926636 0.594596 0.753533 0.840181 0.352587 0.757961 0.264584 
0.707040 0.492452 0.302989 0.987842 0.000421 0.724231 0.545975 0.125282 0.253574 0.047050 0.429011 0.181147 0.382496 0.652899 0.795847 0.555239 0.084355 0.826541 0.214047 0.211781 0.347435 0.605278 0.084863 0.823886 0.501222 
0.319617 0.669201 0.175245 0.176141 0.532351 0.207920 0.103886 0.464965 0.192551 0.330770 0.988643 0.056792 0.413196 0.553465 0.243539 0.411831 0.615560 0.026413 0.606976 0.259242 0.722296 0.988908 0.345090 0.185147 0.727326 

-1.575990 -0.380326 -0.090515 -0.320786 -0.290034 -1.872058 0.224582 0.159944 -0.608052 1.382462 0.102807 1.128409 1.944122 1.347347 1.893653 0.360525 1.676878 1.675821 0.812170 0.654305 0.921568 0.568017 0.586350 0.161145 -0.146374 
-1.547743 -0.485804 -1.801979 -1.465020 -1.765944 -0.366328 -1.105350 -1.387894 -1.435472 0.059842 0.320327 1.659371 1.926367 0.523003 0.167036 0.485056 1.847024 0.482547 -0.078995 1.383243 1.335346 1.584334 -0.110381 -0.259754 0.140230 
-0.108417 -1.792374 -1.951308 -2.079059 -1.668236 -1.120492 -1.490816 -0.329929 2.020350 1.142403 1.347072 0.985414 2.288652 2.527366 2.151442 0.584108 1.479907 1.177634 1.155849 0.490709 2.117651 0.020219 -0.068028 0.010607 -0.090912 
0.001000 -0.452734 -1.057152 -0.927818 -1.188704 -1.747081 -0.165767 -0.829665 0.221368 1.537566 0.850526 1.870560 0.282450 0.777824 1.766757 1.876543 0.850002 0.276076 1.884830 1.648836 0.253046 -0.604479 0.134337 0.164849 0.050990 
-0.817766 -0.384067 -0.461364 -0.570520 -1.906178 -1.857456 -2.253230 -0.771771 0.173538 0.416203 1.315362 1.426220 0.598452 0.172111 2.027344 0.399996 1.741321 1.381218 0.754319 0.981108 -0.189675 -0.024903 0.249422 -0.358717 -0.028724 
0.625573 0.262979 0.733218 0.965568 0.144044 0.739463 0.523301 0.014552 1.828469 2.123369 1.444131 1.069695 1.297476 0.186657 1.321424 1.518903 0.799406 0.981676 0.065082 0.273723 0.000675 0.209537 -0.185823 -0.021818 -0.010765 
0.044911 0.780550 0.462125 0.151527 0.433496 -0.011549 0.706900 0.320425 0.550018 0.847305 0.375501 1.527418 1.565620 1.133201 1.445271 1.084366 0.548743 0.236540 1.582338 -0.334285 -0.114211 -0.335435 -0.401520 0.170760 -0.045037 
0.743641 -0.195845 0.234045 -0.364425 0.068954 0.712376 0.213758 0.401226 0.699464 0.868794 0.914943 1.981017 0.790473 0.325608 0.643316 1.934556 1.545981 0.164690 0.212960 0.210896 -0.179837 -0.214619 -0.281233 0.107215 0.216127 
0.287606 0.384206 0.815140 0.212302 0.392416 -0.024523 0.570438 1.219105 0.482616 0.360778 1.417041 1.881150 1.239059 1.621213 0.965291 0.713575 1.502113 0.425473 -0.117049 -0.361902 0.003309 -0.013165 0.396316 0.312908 0.331153 
0.339237 0.383488 1.014722 0.011821 -0.070754 0.336686 0.596971 0.772668 0.114975 -0.504340 -0.627407 -0.903194 1.878084 0.155024 0.060749 1.994607 -0.260015 0.135871 0.152413 0.362899 -0.014551 0.090209 0.170039 -0.178411 0.047426 
0.850040 -0.024676 0.035077 0.686085 0.514650 0.430091 0.164423 0.717209 -1.002978 -0.434624 -0.667448 -0.840420 -0.411981 -0.116233 1.793120 0.359276 0.008885 -0.089768 -0.025106 -0.122881 -0.294653 0.025001 -0.093604 -0.294231 0.284915 
0.139340 1.293854 0.528766 0.299967 0.689989 0.866183 0.574963 -0.462661 -0.513220 -0.762497 -0.350978 -0.651198 -0.539362 -0.232750 -0.716074 -0.526419 -0.322009 -0.011496 0.342274 0.148808 -0.044556 0.093613 -0.222842 -0.389388 0.022005 
-0.472372 0.078602 0.943176 -0.166349 0.522555 0.282129 0.046869 -0.385831 0.217437 -0.456913 0.009805 -0.187415 -0.832472 -0.121303 -1.211738 -0.495139 -0.842551 -0.134538 0.186578 -0.207178 0.192532 -0.010622 0.113811 -0.288581 -0.193614 
0.838276 1.148791 0.678992 -0.228692 0.677016 0.707664 -0.379954 -0.662409 -0.294567 0.074813 -0.155694 -0.687291 0.307403 0.311686 -0.313979 -0.861737 -0.657401 -0.033929 0.113947 -0.137954 -0.331690 0.012359 -0.151247 -0.008632 0.138519 
0.072220 -0.239164 0.805622 1.077843 0.500019 -0.619081 -1.200009 -0.195966 -0.806039 -1.041925 -0.784826 -0.638359 -0.826996 -1.012161 -0.084440 -0.456245 -0.595395 -0.304487 -0.012183 -0.238688 -0.062620 -0.353067 0.116779 0.065237 0.205934 
0.822269 0.381404 0.483420 0.631304 -0.477271 -0.825257 -0.383299 -0.767045 -0.599246 -0.797789 -0.889962 0.218212 -0.553855 0.045585 -0.732427 -0.000635 -0.514353 -0.671899 -1.062471 0.167178 0.091927 0.083004 0.167320 -0.004171 -0.318814 
0.249056 0.534202 1.142237 -0.337068 0.189230 -0.283046 -0.608367 -1.088709 -0.311594 -0.758940 -0.371165 -0.241707 -0.224524 0.014353 -0.734238 -1.164467 -0.629224 -0.183512 -0.000930 -0.268147 0.015367 -0.004214 -0.504688 -0.253110 -0.066951 
0.254816 0.477168 -0.235590 -0.831788 -0.814183 -0.593380 -0.564230 -0.795561 -0.159294 -0.565458 -0.095378 -0.003448 -0.897632 -0.851198 0.026957 -0.627248 -1.049083 -0.161369 -0.474127 -0.752946 0.020862 0.288235 0.160880 -0.162195 0.292428 
0.828189 0.893432 -0.516794 -0.117052 -0.974282 -0.224879 -0.574228 -0.487199 -0.044712 -0.680379 -0.148616 -0.810091 -0.610494 -0.901121 -0.664209 -1.177714 -0.069215 0.084227 -0.339062 -0.213668 -0.527375 0.135400 0.292044 0.127891 -0.095749 
0.040037 -0.621783 -0.408466 -0.943324 -0.886009 -0.047531 0.020941 -0.635850 -1.075783 -0.817785 -0.491255 -0.977413 -0.140559 -0.345803 -0.392066 -1.130436 -0.442624 -0.311124 0.250784 0.114459 -0.875070 0.087514 -0.011164 -0.022950 -0.022848 
-0.659968 -0.506956 -0.570917 -0.356645 -0.918576 -0.582233 -0.284343 -0.142136 -0.726042 -0.491574 -0.139541 -0.887934 -0.983210 -0.148297 -0.468665 -0.725002 -1.178391 -0.986683 -0.826920 -1.006003 -0.562898 -0.573110 0.113134 0.108341 -0.146017 
-0.334292 -0.519645 -0.163177 -0.804639 -0.845133 -0.117142 -0.873581 -0.354808 -0.168412 -0.767832 -0.625299 -0.759384 -0.697982 -1.237347 -0.785164 -0.682321 -0.584933 -0.651857 -0.447685 -0.558760 -0.781458 -0.354041 -0.382287 0.068465 -0.039352 
-1.097492 0.122210 -0.443425 -0.595435 -0.620016 -0.038075 -0.375489 -0.712327 -0.989364 -0.994910 -0.359271 -0.199108 -0.210743 -1.156922 -0.446135 -0.250030 -0.606853 -1.305673 -0.770140 -0.593602 -0.826324 -0.730398 -0.307836 0.190719 0.320298 
-0.569045 -0.832868 -0.316421 -0.792287 -0.044186 -0.400930 -0.477722 -0.149095 -0.247199 -0.234106 -0.422070 0.029441 -0.532977 -1.175913 -0.738046 -0.172192 -0.298730 -0.660154 -0.164045 -0.176663 -0.204641 -0.913598 -0.066654 -0.838832 -0.136149 
-0.216506 -0.439869 -0.209691 -0.579261 -0.539440 -0.293112 -0.328793 0.051131 -0.253058 -0.153230 -1.599834 -0.006254 -0.290213 -0.769459 -0.459501 -0.138225 -0.595175 0.409062 -0.229915 -0.161375 -0.723332 -0.749484 -0.209552 -0.258336 -0.708472 
