2.0 2.0 2.0 2.0 2.0 2.0 -1.0 -1.0 -1.0 -1.0 -1.0 -1.0 -1.0 -1.0 -1.0 -1.0 -1.0 -1.0 -1.0 -1.0 -1.0 -1.0 -1.0 -1.0 -1.0 
2.0 2.0 2.0 2.0 2.0 2.0 -1.0 -1.0 -1.0 -1.0 -1.0 -1.0 -1.0 -1.0 -1.0 -1.0 -1.0 -1.0 -1.0 -1.0 -1.0 -1.0 -1.0 -1.0 1.0 
2.0 2.0 2.0 2.0 2.0 2.0 2.0 -1.0 -1.0 -1.0 -1.0 -1.0 -1.0 -1.0 -1.0 -1.0 -1.0 -1.0 -1.0 -1.0 -1.0 -1.0 -1.0 -1.0 1.0 
2.0 2.0 2.0 2.0 2.0 2.0 2.0 -1.0 -1.0 -1.0 -1.0 -1.0 -1.0 -1.0 -1.0 -1.0 -1.0 -1.0 -1.0 -1.0 -1.0 -1.0 -1.0 1.0 1.0 
2.0 2.0 2.0 2.0 2.0 2.0 2.0 -1.0 -1.0 -1.0 -1.0 -1.0 -1.0 -1.0 -1.0 -1.0 -1.0 -1.0 -1.0 -1.0 -1.0 -1.0 -1.0 1.0 1.0 
2.0 2.0 2.0 2.0 2.0 2.0 2.0 2.0 -1.0 -1.0 -1.0 -1.0 -1.0 -1.0 -1.0 -1.0 -1.0 -1.0 -1.0 -1.0 -1.0 -1.0 1.0 1.0 1.0 
2.0 2.0 2.0 2.0 2.0 2.0 2.0 2.0 -1.0 -1.0 -1.0 -1.0 -1.0 -1.0 -1.0 -1.0 -1.0 -1.0 -1.0 -1.0 -1.0 -1.0 1.0 1.0 1.0 
2.0 2.0 2.0 2.0 2.0 2.0 2.0 2.0 -1.0 -1.0 -1.0 -1.0 -1.0 -1.0 -1.0 -1.0 -1.0 -1.0 -1.0 -1.0 -1.0 1.0 1.0 1.0 1.0 
2.0 2.0 2.0 2.0 2.0 2.0 2.0 2.0 2.0 -1.0 -1.0 -1.0 -1.0 -1.0 -1.0 -1.0 -1.0 -1.0 -1.0 -1.0 -1.0 1.0 1.0 1.0 1.0 
2.0 2.0 2.0 2.0 2.0 2.0 2.0 2.0 2.0 -1.0 -1.0 -1.0 -1.0 -1.0 -1.0 -1.0 -1.0 -1.0 -1.0 -1.0 1.0 1.0 1.0 1.0 1.0 
2.0 2.0 2.0 2.0 2.0 2.0 2.0 2.0 2.0 -1.0 -1.0 -1.0 -1.0 -1.0 -1.0 -1.0 -1.0 -1.0 -1.0 -1.0 1.0 1.0 1.0 1.0 1.0 
2.0 2.0 2.0 2.0 2.0 2.0 2.0 2.0 2.0 2.0 -1.0 -1.0 -1.0 -1.0 -1.0 -1.0 -1.0 -1.0 -1.0 1.0 1.0 1.0 1.0 1.0 1.0 
2.0 2.0 2.0 2.0 2.0 2.0 2.0 2.0 2.0 2.0 -1.0 -1.0 -1.0 -1.0 -1.0 -1.0 -1.0 -1.0 -1.0 1.0 1.0 1.0 1.0 1.0 1.0 
2.0 2.0 2.0 2.0 2.0 2.0 2.0 2.0 2.0 2.0 -1.0 -1.0 -1.0 -1.0 -1.0 -1.0 -1.0 -1.0 1.0 1.0 1.0 1.0 1.0 1.0 1.0 
2.0 2.0 2.0 2.0 2.0 2.0 2.0 2.0 2.0 2.0 2.0 -1.0 -1.0 -1.0 -1.0 -1.0 -1.0 -1.0 1.0 1.0 1.0 1.0 1.0 1.0 1.0 
2.0 2.0 2.0 2.0 2.0 2.0 2.0 2.0 2.0 2.0 0.0 0.0 0.0 0.0 -1.0 -1.0 -1.0 1.0 1.0 1.0 1.0 1.0 1.0 1.0 1.0 
2.0 2.0 2.0 2.0 2.0 2.0 2.0 2.0 2.0 0.0 0.0 0.0 0.0 0.0 0.0 0.0 -1.0 1.0 1.0 1.0 1.0 1.0 1.0 1.0 1.0 
2.0 2.0 2.0 2.0 2.0 2.0 2.0 2.0 0.0 0.0 0.0 0.0 0.0 0.0 0.0 0.0 0.0 -2.0 1.0 1.0 1.0 1.0 1.0 1.0 1.0 
2.0 2.0 2.0 2.0 2.0 2.0 2.0 0.0 0.0 0.0 0.0 0.0 0.0 0.0 0.0 0.0 0.0 -2.0 -2.0 -2.0 -2.0 -2.0 1.0 1.0 1.0 
2.0 2.0 2.0 2.0 2.0 2.0 2.0 0.0 0.0 0.0 0.0 0.0 0.0 0.0 0.0 0.0 0.0 -2.0 -2.0 -2.0 -2.0 -2.0 -2.0 -2.0 -2.0 
2.0 2.0 2.0 2.0 2.0 2.0 0.0 0.0 0.0 0.0 0.0 0.0 0.0 0.0 0.0 0.0 -2.0 -2.0 -2.0 -2.0 -2.0 -2.0 -2.0 -2.0 -2.0 
2.0 2.0 2.0 2.0 2.0 0.0 0.0 0.0 0.0 0.0 0.0 0.0 0.0 0.0 0.0 0.0 -2.0 -2.0 -2.0 -2.0 -2.0 -2.0 -2.0 -2.0 -2.0 
2.0 2.0 2.0 2.0 0.0 0.0 0.0 0.0 0.0 0.0 0.0 0.0 0.0 0.0 0.0 0.0 -2.0 -2.0 -2.0 -2.0 -2.0 -2.0 -2.0 -2.0 -2.0 
2.0 2.0 2.0 0.0 0.0 0.0 0.0 0.0 0.0 0.0 0.0 0.0 0.0 0.0 0.0 -2.0 -2.0 -2.0 -2.0 -2.0 -2.0 -2.0 -2.0 -2.0 -2.0 
2.0 2.0 2.0 0.0 0.0 0.0 0.0 0.0 0.0 0.0 0.0 0.0 0.0 0.0 0.0 -2.0 -2.0 -2.0 -2.0 -2.0 -2.0 -2.0 -2.0 -2.0 -2.0 

0.785236 0.776334 0.605761 0.638560 0.981155 0.632032 0.061830 0.138315 0.074558 0.716545 0.320503 0.180525 0.011320 0.482802 0.788050 0.652590 0.195372 0.556191 0.111655 0.124768 0.685829 0.950779 0.667815 0.631791 0.454421 
0.784778 0.844360 0.858657 0.339469 0.650811 0.715033 0.864395 0.989256 0.521529 0.096923 0.564948 0.356535 0.170605 0.657394 0.401341 0.450037 0.759128 0.560151 0.481381 0.808631 0.727355 0.858674 0.716701 0.745158 0.941345 
0.700234 0.282808 0.819969 0.390301 0.230550 0.644305 0.330687 0.132951 0.899274 0.858961 0.513474 0.737278 0.511683 0.285205 0.738576 0.615337 0.309282 0.747224 0.668315 0.414344 0.431224 0.849279 0.224323 0.462582 0.561576 
0.226435 0.630959 0.174633 0.435490 0.813499 0.648417 0.442856 0.633756 0.988264 0.321812 0.061608 0.718072 0.936990 0.281005 0.551964 0.507422 0.565985 0.526727 0.396189 0.601484 0.478082 0.190217 0.784063 0.384025 0.703011 
0.477234 0.501761 0.351556 0.816342 0.859866 0.984245 0.163658 0.848689 0.994059 0.840864 0.272871 0.628968 0.596128 0.788283 0.875630 0.669087 0.015168 0.557101 0.199169 0.836015 0.007996 0.702988 0.198304 0.277026 0.586757 
0.790092 0.587259 0.250811 0.843493 0.447109 0.582003 0.084110 0.155069 0.399161 0.314199 0.186163 0.500206 0.914092 0.875681 0.319057 0.833179 0.183081 0.942132 0.237960 0.158272 0.118943 0.561182 0.130918 0.961116 0.470581 
0.533560 0.659766 0.300182 0.433485 0.660317 0.167092 0.387819 0.141030 0.393466 0.642787 0.884160 0.381530 0.406776 0.926553 0.565546 0.108908 0.755831 0.314240 0.243232 0.851406 0.180543 0.592628 0.934164 0.080649 0.018497 
0.701111 0.501754 0.535364 0.762467 0.531481 0.864227 0.152704 0.058028 0.138979 0.464516 0.884254 0.352268 0.018368 0.978042 0.465921 0.509165 0.287228 0.060310 0.956959 0.539233 0.751907 0.898412 0.905721 0.601722 0.250426 
0.594974 0.601234 0.545126 0.108150 0.922341 0.594579 0.949962 0.175995 0.495578 0.695996 0.613996 0.297956 0.307757 0.590632 0.556625 0.650420 0.140333 0.879405 0.427156 0.288151 0.827909 0.879540 0.241261 0.940683 0.301504 
0.595188 0.018366 0.407964 0.483860 0.700484 0.875513 0.252441 0.318276 0.279875 0.180023 0.128784 0.252383 0.700690 0.806019 0.037474 0.169183 0.725141 0.210004 0.707811 0.782515 0.197036 0.981740 0.968798 0.390865 0.949316 
0.322353 0.406375 0.466506 0.341550 0.140455 0.515549 0.908746 0.570896 0.875587 0.958049 0.547303 0.425251 0.317368 0.223134 0.469047 0.814833 0.613465 0.880460 0.584301 0.436937 0.372544 0.545720 0.749494 0.835350 0.597693 
0.741158 0.371559 0.573328 0.633023 0.541547 0.355264 0.015586 0.139465 0.052532 0.907631 0.076477 0.262413 0.305489 0.860629 0.711132 0.047844 0.341433 0.431828 0.785375 0.082233 0.777729 0.810584 0.765862 0.412449 0.876513 
0.874669 0.858258 0.761704 0.478623 0.212497 0.637536 0.537806 0.071705 0.069690 0.823476 0.713253 0.461220 0.384171 0.512083 0.649886 0.078400 0.749916 0.563750 0.527768 0.345676 0.141172 0.421683 0.160477 0.915768 0.374011 
0.931608 0.902112 0.909944 0.167785 0.587903 0.462483 0.900404 0.571865 0.788380 0.726024 0.503840 0.238213 0.917469 0.868855 0.378566 0.167386 0.799041 0.948482 0.478244 0.834433 0.699095 0.484542 0.436233 0.078077 0.698484 
0.135897 0.464584 0.502804 0.436223 0.470479 0.559339 0.141839 0.781355 0.410857 0.390188 0.692016 0.073401 0.154733 0.072175 0.521529 0.074206 0.414621 0.786686 0.385097 0.943802 0.244876 0.420108 0.560146 0.855164 0.783119 
0.826751 0.223525 0.551395 0.470392 0.484625 0.409286 0.451101 0.360283 0.661342 0.586353 0.546082 0.470225 0.780780 0.968830 0.201407 0.274562 0.104217 0.987831 0.632710 0.824195 0.692486 0.337348 0.244840 0.067452 0.455268 
0.847967 0.153061 0.311820 0.912651 0.993458 0.624432 0.826383 0.844628 0.645796 0.096124 0.026423 0.713719 0.713913 0.451588 0.582282 0.115839 0.726087 0.589408 0.515855 0.417316 0.054827 0.928787 0.045960 0.012008 0.352246 
0.694880 0.793744 0.901943 0.674129 0.570944 0.025299 0.843076 0.090376 0.666645 0.741563 0.566453 0.154615 0.736681 0.582990 0.542942 0.815373 0.616461 0.814988 0.101225 0.394005 0.199577 0.200876 0.520221 0.403344 0.788545 
0.035449 0.523647 0.638757 0.855936 0.046936 0.703256 0.934197 0.147151 0.217159 0.932833 0.906455 0.599568 0.506855 0.586036 0.730410 0.265635 0.959353 0.189333 0.634948 0.999606 0.652611 0.672600 0.285612 0.295929 0.141155 
0.405143 0.655366 0.871061 0.322018 0.035777 0.136927 0.248937 0.876985 0.310143 0.056287 0.421143 0.955282 0.002470 0.018700 0.181815 0.974139 0.936616 0.961211 0.270241 0.585844 0.402817 0.211238 0.287926 0.652714 0.027422 
0.644477 0.672858 0.399578 0.039684 0.129868 0.736553 0.973535 0.828841 0.487419 0.283132 0.006292 0.136508 0.554521 0.275103 0.826036 0.737635 0.976533 0.867954 0.774867 0.522580 0.758196 0.134029 0.033291 0.062410 0.916713 
0.303556 0.908306 0.340148 0.117351 0.684304 0.871734 0.078511 0.426670 0.785222 0.603531 0.682204 0.356348 0.672367 0.587494 0.868125 0.004558 0.866094 0.698965 0.702572 0.127480 0.285978 0.729389 0.699375 0.859711 0.815620 
0.485609 0.605162 0.930529 0.768972 0.875847 0.309839 0.758345 0.322299 0.589655 0.809204 0.010900 0.538481 0.719320 0.559314 0.906298 0.516611 0.545268 0.045547 0.254829 0.695646 0.601365 0.329443 0.170980 0.999394 0.979813 
0.926664 0.078364 0.477508 0.059161 0.504793 0.252618 0.229416 0.117222 0.619004 0.852415 0.488534 0.709489 0.496661 0.980386 0.774867 0.437484 0.442119 0.545563 0.196997 0.494233 0.403533 0.460404 0.398582 0.662703 0.208335 
0.515488 0.965828 0.912531 0.112428 0.253627 0.733118 0.843502 0.513106 0.177830 0.462502 0.068447 0.641482 0.509575 0.233684 0.063950 0.972358 0.355935 0.058728 0.748403 0.302680 0.971946 0.686276 0.634857 0.747091 0.788637 

2.074587 1.616472 1.384155 1.497278 1.697435 1.147354 -0.091700 0.150123 -0.141885 -0.276194 0.121177 0.360972 0.048461 -0.926440 -0.695627 -0.933188 -0.413851 -0.636910 0.284998 0.466710 -0.548790 -0.933718 -0.443029 -0.794869 -0.451359 
1.476374 1.777774 1.585070 0.783253 1.681805 0.948376 -0.839497 -1.312480 -0.508323 0.111091 -0.799704 -0.104503 -0.322561 0.069340 -0.503949 -0.046759 -1.493795 -0.779115 -0.602583 -0.672349 -0.937785 -1.184290 -0.745111 -1.094476 1.353425 
1.116016 0.515345 1.943498 1.170143 0.250935 0.995128 1.150827 -0.454217 -0.427743 -1.161910 -0.746334 -0.425113 -0.119626 -0.310591 -0.797442 -0.637786 -0.994897 -0.657692 -0.780138 -0.241510 -0.354728 -0.516614 -0.538254 -0.508694 0.614935 
0.479369 1.538646 0.296696 0.440975 1.429540 1.244079 0.992727 -0.720931 -1.348348 -0.535911 -0.095698 -0.062411 -0.509115 -0.750928 -0.691380 -0.741551 -0.242232 -0.623008 -0.407345 -0.709216 -0.450835 0.017362 -0.812869 0.380547 0.622660 
1.053103 0.994863 0.488608 2.223729 1.508833 1.891692 0.319736 -1.198783 -1.119928 -0.366889 -0.011920 -0.682787 -0.061692 -0.878105 -0.923339 -0.968935 0.166735 -0.803050 -0.739023 -0.750884 -0.435134 -1.000044 0.415459 0.600400 0.651243 
1.674798 0.803932 0.333495 1.370131 1.147354 0.700905 0.308391 0.794452 -0.898705 -0.653645 -0.735653 -0.693628 -1.088636 -1.252904 -0.721697 -0.726762 -0.277925 -0.514507 -0.200034 0.234437 0.017037 -0.063962 0.503311 0.851809 0.799963 
0.792371 1.458415 0.472710 0.571167 1.205078 -0.098581 0.617166 -0.077011 -0.227849 -0.639363 -0.806107 -0.390231 -0.245098 -0.902419 -0.990380 0.570392 -0.717215 -0.536332 -0.095702 -0.342905 -0.398216 -0.247190 0.611101 0.090419 -0.240155 
1.838065 1.832697 1.088808 1.795804 1.141599 1.923272 0.229443 -0.385089 -0.272718 -0.616453 -0.827833 -0.004502 -0.097854 -0.994198 0.169629 -0.515667 0.146351 -0.347792 -1.427691 -0.458192 -0.676607 1.037397 1.090441 0.490952 0.714141 
1.717258 1.220984 1.072875 0.263145 1.802679 1.171113 1.980669 0.634296 1.238332 -0.724677 -0.134284 -0.861193 -0.569842 -0.070607 -0.243928 -0.942486 0.018264 -0.977964 -1.282725 0.094717 -1.130001 0.473472 -0.273385 0.976529 0.186791 
0.890842 -0.002295 0.435339 0.561555 1.090071 1.912744 0.704456 0.870759 0.074306 0.305631 -0.483071 -0.372745 -1.022397 -0.752125 -0.473266 -0.518411 -0.594420 -0.519447 -0.801362 -0.957736 -0.175518 1.092966 1.287328 0.208451 0.762223 
0.761718 0.677022 1.041006 0.552920 0.366206 1.106741 1.967964 1.188305 2.316914 -1.589982 -0.588543 -0.367645 -0.144724 -0.048782 -0.419279 -0.509341 -0.357854 -0.696206 -0.619042 -0.302333 1.003336 0.510162 0.342496 0.803646 0.347243 
1.598324 0.517481 1.170571 1.309957 0.898582 0.477498 -0.017529 0.381107 -0.099856 1.786624 0.096258 -0.654322 0.112434 -1.263094 -0.420179 0.027692 -0.707355 -0.029010 -0.690596 0.236789 0.653352 1.061523 0.446307 0.547574 1.258282 
1.998705 1.787803 1.179377 1.382177 0.293714 1.106354 1.121230 0.607079 0.096696 1.752963 -0.693660 -0.372404 0.025994 -0.056489 -0.578351 -0.195766 -1.397149 -0.134568 -0.769424 0.894883 -0.242733 0.214968 -0.065964 0.814725 -0.200903 
1.753628 1.761937 1.995977 0.215748 1.046293 1.007689 1.646940 1.332872 1.443208 1.764452 -0.823523 0.156510 -0.643994 -1.560363 -0.314198 -0.796972 -0.623674 -1.411683 -0.134123 1.067769 0.808170 0.936635 0.390916 -0.615596 0.608867 
0.477557 1.124976 1.521500 1.030345 0.530864 1.652090 0.069539 1.779222 1.054607 0.653181 1.536407 -0.387247 -0.497511 -0.393399 -0.434207 -0.601847 -0.187245 -1.355305 0.306490 1.449213 0.440169 0.071738 0.807333 0.646602 0.934800 
1.425163 0.471571 1.191034 0.749831 1.245444 0.538573 0.352133 0.434975 1.360577 1.264275 0.886354 -0.038382 -0.035065 0.333082 -0.258703 -0.210562 -0.095536 1.323345 0.715027 0.752166 1.141563 0.133473 0.172957 -0.284891 -0.030909 
1.662731 0.531115 -0.007256 1.809065 2.363960 0.912282 1.912412 1.875458 1.544267 0.831113 0.118455 0.325520 -0.028067 -0.254965 0.698755 0.039914 -0.890237 0.460996 0.690803 -0.023765 -0.120679 1.203673 0.624931 0.239650 -0.290235 
1.465702 1.239793 1.620318 0.917732 0.979813 0.452257 2.370491 -0.243365 -0.255047 0.152362 -0.309814 0.174749 0.193587 -0.127474 0.009863 -0.475067 -0.135900 -1.817905 0.236726 0.699823 0.216458 0.480173 0.799440 0.532842 0.518160 
0.234227 1.421841 1.094105 1.724806 0.013515 1.637104 1.915667 -0.109215 0.216761 -0.388257 -0.265726 0.181972 0.369477 0.203376 0.215814 -0.387695 -0.375461 -0.488521 -0.846740 -2.070081 -1.424401 -1.607241 -0.113391 0.718894 0.112373 
0.466763 0.518167 1.833577 0.942161 -0.149302 0.445051 0.463763 -0.342030 0.142705 0.117487 -0.481523 -0.317471 -0.312022 -0.055488 0.206430 -0.003728 -0.176611 -1.453770 -0.486588 -1.142206 -1.160882 -0.585615 -0.120642 -1.074171 0.277109 
1.139989 1.393901 0.844502 -0.112092 0.409346 1.220741 -0.534939 -0.245718 0.015958 0.089829 -0.408340 0.094244 0.208968 -0.589973 -0.422712 0.311516 -2.113289 -1.715354 -1.802267 -1.076390 -1.418264 -0.486651 0.027485 -0.042579 -2.117639 
0.475552 1.794843 0.222695 0.471719 1.802798 0.161146 -0.062213 -0.327555 -0.279842 -0.298365 0.011025 -0.325767 -0.254929 -0.040832 -0.071201 -0.007945 -1.231081 -1.497977 -1.155501 -0.311867 -0.544504 -1.716147 -0.841143 -1.395409 -1.311652 
1.262876 0.578520 1.780849 2.323748 -0.373235 0.265481 -0.298903 -0.432206 -0.053353 -0.166319 0.053596 -0.224984 0.229200 -0.044965 0.152931 0.340492 -1.562257 -0.135489 -0.170089 -1.558820 -1.663562 -0.277494 -0.518138 -2.215550 -1.984884 
2.048727 0.189746 1.151017 -0.183215 -0.074815 0.418195 0.008691 -0.143180 0.202687 -0.275504 -0.016447 -0.184657 -0.189278 0.083977 -0.231631 -1.348220 -0.781433 -0.202222 -0.848780 -0.978071 -0.466350 -0.511673 -1.042923 -1.495727 -0.658330 
1.022505 2.335616 1.549391 0.181861 -0.050076 -0.451866 -0.217875 0.150567 0.282295 0.210129 -0.034617 -0.138844 -0.158432 -0.535345 -0.504481 -1.999194 -0.285377 -0.219531 -1.731865 -0.597945 -2.025464 -1.309538 -0.970933 -1.508428 -1.738391 
