1.0 1.0 1.0 1.0 1.0 1.0 1.0 1.0 1.0 1.0 1.0 -1.0 -1.0 -1.0 -1.0 -1.0 -1.0 -1.0 -1.0 -1.0 -1.0 -1.0 -1.0 -1.0 -1.0 
1.0 1.0 1.0 1.0 1.0 1.0 1.0 1.0 1.0 1.0 1.0 -1.0 -1.0 -1.0 -1.0 -1.0 -1.0 -1.0 -1.0 -1.0 -1.0 -1.0 -1.0 -1.0 -1.0 
1.0 1.0 1.0 1.0 1.0 1.0 1.0 1.0 1.0 1.0 1.0 -1.0 -1.0 -1.0 -1.0 -1.0 -1.0 -1.0 -1.0 -1.0 -1.0 -1.0 -1.0 -1.0 -1.0 
1.0 1.0 1.0 1.0 1.0 1.0 1.0 1.0 1.0 1.0 1.0 -1.0 -1.0 -1.0 -1.0 -1.0 -1.0 -1.0 -1.0 -1.0 -1.0 -1.0 -1.0 -1.0 -1.0 
1.0 1.0 1.0 1.0 1.0 1.0 1.0 1.0 1.0 1.0 1.0 -1.0 -1.0 -1.0 -1.0 -1.0 -1.0 -1.0 -1.0 -1.0 -1.0 -1.0 -1.0 -1.0 -1.0 
1.0 1.0 1.0 1.0 1.0 1.0 1.0 1.0 1.0 1.0 1.0 -1.0 -1.0 -1.0 -1.0 -1.0 -1.0 -1.0 -1.0 -1.0 -1.0 -1.0 -1.0 -1.0 -1.0 
1.0 1.0 1.0 1.0 1.0 1.0 1.0 1.0 1.0 1.0 1.0 -1.0 -1.0 -1.0 -1.0 -1.0 -1.0 -1.0 -1.0 -1.0 -1.0 -1.0 -1.0 -1.0 -1.0 
1.0 1.0 1.0 1.0 1.0 1.0 1.0 1.0 1.0 1.0 1.0 -1.0 -1.0 -1.0 -1.0 -1.0 -1.0 -1.0 -1.0 -1.0 -1.0 -1.0 -1.0 -1.0 0.0 
1.0 1.0 1.0 1.0 1.0 1.0 1.0 1.0 1.0 2.0 2.0 2.0 2.0 2.0 2.0 2.0 2.0 2.0 2.0 2.0 2.0 2.0 2.0 0.0 0.0 
1.0 1.0 1.0 1.0 1.0 1.0 2.0 2.0 2.0 2.0 2.0 2.0 2.0 2.0 2.0 2.0 2.0 2.0 2.0 2.0 2.0 2.0 2.0 0.0 0.0 
1.0 1.0 1.0 2.0 2.0 2.0 2.0 2.0 2.0 2.0 2.0 2.0 2.0 2.0 2.0 2.0 2.0 2.0 2.0 2.0 2.0 2.0 0.0 0.0 0.0 
-2.0 -2.0 -2.0 2.0 2.0 2.0 2.0 2.0 2.0 2.0 2.0 2.0 2.0 2.0 2.0 2.0 2.0 2.0 2.0 2.0 2.0 2.0 0.0 0.0 0.0 
-2.0 -2.0 -2.0 -2.0 -2.0 2.0 2.0 2.0 2.0 2.0 2.0 2.0 2.0 2.0 2.0 2.0 2.0 2.0 2.0 2.0 2.0 0.0 0.0 0.0 0.0 
-2.0 -2.0 -2.0 -2.0 -2.0 -2.0 2.0 2.0 2.0 2.0 2.0 2.0 2.0 2.0 2.0 2.0 2.0 2.0 2.0 2.0 2.0 0.0 0.0 0.0 0.0 
-2.0 -2.0 -2.0 -2.0 -2.0 -2.0 -2.0 -2.0 2.0 2.0 2.0 2.0 2.0 2.0 2.0 2.0 2.0 2.0 2.0 2.0 0.0 0.0 0.0 0.0 0.0 
-2.0 -2.0 -2.0 -2.0 -2.0 -2.0 -2.0 -2.0 -2.0 2.0 2.0 2.0 2.0 2.0 2.0 2.0 2.0 2.0 2.0 2.0 0.0 0.0 0.0 0.0 0.0 
-2.0 -2.0 -2.0 -2.0 -2.0 -2.0 -2.0 -2.0 -2.0 -2.0 2.0 2.0 2.0 2.0 2.0 2.0 2.0 2.0 2.0 0.0 0.0 0.0 0.0 0.0 0.0 
-2.0 -2.0 -2.0 -2.0 -2.0 -2.0 -2.0 -2.0 -2.0 -2.0 -2.0 -2.0 2.0 2.0 2.0 2.0 2.0 2.0 0.0 0.0 0.0 0.0 0.0 0.0 0.0 
-2.0 -2.0 -2.0 -2.0 -2.0 -2.0 -2.0 -2.0 -2.0 -2.0 -2.0 -2.0 -2.0 2.0 2.0 2.0 2.0 2.0 0.0 0.0 0.0 0.0 0.0 0.0 0.0 
-2.0 -2.0 -2.0 -2.0 -2.0 -2.0 -2.0 -2.0 -2.0 -2.0 -2.0 -2.0 -2.0 -2.0 -2.0 2.0 2.0 0.0 0.0 0.0 0.0 0.0 0.0 0.0 0.0 
-2.0 -2.0 -2.0 -2.0 -2.0 -2.0 -2.0 -2.0 -2.0 -2.0 -2.0 -2.0 -2.0 -2.0 -2.0 -2.0 2.0 0.0 0.0 0.0 0.0 0.0 0.0 0.0 0.0 
-2.0 -2.0 -2.0 -2.0 -2.0 -2.0 -2.0 -2.0 -2.0 -2.0 -2.0 -2.0 -2.0 -2.0 -2.0 -2.0 -2.0 0.0 0.0 0.0 0.0 0.0 0.0 0.0 0.0 
-2.0 -2.0 -2.0 -2.0 -2.0 -2.0 -2.0 -2.0 -2.0 -2.0 -2.0 -2.0 -2.0 -2.0 -2.0 -2.0 -2.0 0.0 0.0 0.0 0.0 0.0 0.0 0.0 0.0 
-2.0 -2.0 -2.0 -2.0 -2.0 -2.0 -2.0 -2.0 -2.0 -2.0 -2.0 -2.0 -2.0 -2.0 -2.0 -2.0 -2.0 0.0 0.0 0.0 0.0 0.0 0.0 0.0 0.0 
-2.0 -2.0 -2.0 -2.0 -2.0 -2.0 -2.0 -2.0 -2.0 -2.0 -2.0 -2.0 -2.0 -2.0 -2.0 -2.0 -2.0 0.0 0.0 0.0 0.0 0.0 0.0 0.0 0.0 

0.257998 0.818861 0.041343 0.642589 0.744789 0.959249 0.014224 0.096589 0.919601 0.605613 0.441484 0.214233 0.582331 0.655984 0.242745 0.440580 0.217188 0.900308 0.383836 0.665324 0.856009 0.062224 0.480028 0.333641 0.106633 
0.271031 0.435325 0.461681 0.505965 0.936934 0.658600 0.747603 0.690996 0.819838 0.636545 0.954705 0.746191 0.394698 0.950575 0.702917 0.165371 0.037849 0.659161 0.746393 0.577113 0.864918 0.342548 0.253266 0.671406 0.296097 
0.898815 0.655510 0.273152 0.868742 0.883391 0.288295 0.194913 0.962918 0.073447 0.835390 0.170087 0.073190 0.091140 0.644887 0.817914 0.716151 0.820664 0.810816 0.312880 0.434587 0.719834 0.823796 0.520672 0.842603 0.618947 
0.763812 0.390703 0.402492 0.374533 0.775549 0.117939 0.561010 0.749620 0.623154 0.973661 0.181879 0.209066 0.420336 0.663112 0.524307 0.269261 0.975496 0.567694 0.011222 0.496389 0.809880 0.201344 0.945257 0.170492 0.343654 
0.759470 0.557536 0.318572 0.394745 0.436541 0.860240 0.609004 0.775678 0.382813 0.947170 0.234593 0.600246 0.679927 0.718744 0.888181 0.641424 0.259331 0.607594 0.486469 0.162766 0.421045 0.907427 0.256049 0.769100 0.116036 
0.543935 0.517163 0.107390 0.546715 0.552164 0.912505 0.840926 0.493994 0.350605 0.254733 0.023733 0.722291 0.856297 0.703461 0.891011 0.712397 0.920861 0.398318 0.673886 0.537709 0.309813 0.963784 0.779171 0.734732 0.265510 
0.986206 0.540430 0.078338 0.321767 0.847977 0.873293 0.708563 0.092614 0.599141 0.575332 0.207615 0.366996 0.742073 0.177866 0.450886 0.112727 0.983576 0.886162 0.222814 0.337698 0.280076 0.823382 0.439467 0.218960 0.555958 
0.590776 0.122923 0.545803 0.477696 0.166096 0.973146 0.951280 0.545699 0.866610 0.792624 0.756763 0.527657 0.481935 0.819484 0.631846 0.721855 0.590030 0.834474 0.539516 0.748441 0.531912 0.168893 0.365049 0.051746 0.095658 
0.662510 0.250526 0.417730 0.352242 0.165026 0.738089 0.346228 0.458029 0.080248 0.110283 0.517142 0.949001 0.153780 0.185104 0.393726 0.959427 0.193954 0.086814 0.741945 0.850106 0.120928 0.994888 0.897492 0.598938 0.631516 
0.130187 0.473264 0.721775 0.112047 0.275989 0.042010 0.358359 0.202246 0.892800 0.589582 0.341659 0.919361 0.095472 0.004363 0.682100 0.790927 0.917848 0.347604 0.948226 0.344404 0.584689 0.452477 0.875795 0.078637 0.177733 
0.370941 0.393031 0.297851 0.762047 0.713979 0.306261 0.837456 0.429974 0.256718 0.928972 0.335089 0.857466 0.809820 0.791417 0.628891 0.916150 0.846441 0.189376 0.994495 0.766928 0.676588 0.201556 0.866517 0.122771 0.552205 
0.009904 0.904187 0.771138 0.336279 0.212279 0.846187 0.150821 0.316728 0.635877 0.306632 0.473270 0.855394 0.649172 0.658043 0.537164 0.188294 0.925188 0.086913 0.140822 0.953855 0.210159 0.103636 0.791224 0.510558 0.277051 
0.333341 0.655264 0.976973 0.677791 0.563745 0.615478 0.810091 0.711749 0.733930 0.478897 0.470745 0.924875 0.888018 0.798052 0.953001 0.184068 0.702416 0.380861 0.147566 0.615783 0.349877 0.827586 0.040208 0.074720 0.151995 
0.671208 0.141013 0.992910 0.366269 0.631888 0.556724 0.280078 0.739885 0.271624 0.451113 0.345333 0.135315 0.290578 0.703988 0.446235 0.410347 0.978549 0.328402 0.741671 0.871921 0.166072 0.585138 0.650228 0.201571 0.510602 
0.595818 0.407549 0.226761 0.497007 0.519965 0.145721 0.718995 0.052753 0.007197 0.169306 0.662888 0.292361 0.334268 0.354438 0.394486 0.071790 0.987225 0.482412 0.307388 0.381124 0.315990 0.797925 0.376146 0.853704 0.994032 
0.991937 0.550793 0.324084 0.443074 0.274279 0.582757 0.412347 0.982018 0.648182 0.827037 0.470219 0.524856 0.538014 0.638817 0.626112 0.958344 0.726901 0.103668 0.896032 0.704326 0.841554 0.838323 0.597052 0.494483 0.919715 
0.171902 0.175865 0.721838 0.241224 0.241702 0.171170 0.986872 0.331601 0.992043 0.601548 0.108286 0.485770 0.677303 0.293858 0.178162 0.880373 0.805658 0.409896 0.653148 0.603018 0.179315 0.633621 0.935863 0.008090 0.818298 
0.875109 0.098980 0.895107 0.976750 0.546418 0.016110 0.359860 0.205932 0.968532 0.401167 0.443652 0.990290 0.630407 0.399940 0.855066 0.822127 0.186873 0.139077 0.329475 0.065633 0.908339 0.065862 0.451440 0.494020 0.218405 
0.509893 0.479862 0.201574 0.935786 0.587653 0.347397 0.224826 0.295432 0.097059 0.352063 0.599069 0.567052 0.737946 0.957493 0.060497 0.505885 0.275458 0.190873 0.482414 0.192763 0.932824 0.737596 0.461805 0.655919 0.744528 
0.669464 0.128979 0.995785 0.792814 0.454867 0.175997 0.455962 0.814654 0.337242 0.169245 0.802649 0.474516 0.356799 0.105404 0.768447 0.829782 0.462050 0.330523 0.811314 0.342813 0.210036 0.818692 0.369204 0.177473 0.332134 
0.554776 0.413465 0.525442 0.555947 0.646193 0.273964 0.054944 0.183788 0.892747 0.665381 0.430128 0.709042 0.033150 0.779062 0.297849 0.620364 0.172538 0.064066 0.918563 0.873390 0.926305 0.341492 0.618150 0.358972 0.470237 
0.667491 0.906404 0.660697 0.529885 0.921472 0.757655 0.535428 0.663211 0.449735 0.483380 0.486702 0.716898 0.785045 0.447046 0.834875 0.628573 0.243835 0.637514 0.215703 0.199163 0.936649 0.904333 0.326905 0.983817 0.442400 
0.120064 0.950500 0.831248 0.136462 0.732546 0.560813 0.311992 0.004798 0.668617 0.748520 0.647159 0.730189 0.760045 0.330991 0.253725 0.677424 0.434182 0.943485 0.713113 0.461273 0.985413 0.951871 0.528421 0.031080 0.140038 
0.768758 0.718822 0.811139 0.574687 0.691050 0.716154 0.790338 0.647640 0.775692 0.050311 0.357995 0.790562 0.742139 0.040856 0.119422 0.874107 0.643859 0.053122 0.357976 0.578814 0.665388 0.483409 0.982356 0.512296 0.843275 
0.709978 0.134467 0.556488 0.098694 0.194725 0.798704 0.192111 0.847643 0.829019 0.741299 0.892275 0.774576 0.530687 0.962088 0.776285 0.220956 0.247063 0.846545 0.497610 0.466243 0.763310 0.225634 0.223781 0.235102 0.800123 

0.206478 0.686979 -0.219682 0.620295 0.551861 1.212185 -0.103013 -0.495170 0.676747 0.307537 0.403207 -0.066072 -0.385285 -0.231181 -0.359653 0.199275 -0.423551 -0.684857 -0.107159 -0.717013 -0.653362 -0.300173 -0.465932 0.012974 -0.420373 
0.217807 -0.036373 0.821673 0.392384 0.986200 0.629413 0.904028 0.907235 1.047600 1.037266 0.572560 -0.859378 -0.037544 -0.655478 -0.975773 0.421938 -0.658514 -0.111734 -0.407664 -0.694617 -0.869921 -0.639056 0.006314 -0.891534 -0.014153 
1.073410 0.225413 -0.094535 1.129206 0.937241 0.362193 0.946831 1.055082 0.509323 0.943558 0.354224 0.164933 -0.048206 -0.602994 -0.675904 -0.481891 -0.837935 -0.441103 -0.111074 -0.605387 -0.887140 -0.841738 -0.779683 -0.332941 -0.417633 
0.423526 0.840902 0.340436 0.411533 0.571149 -0.293521 0.604796 0.596797 0.409097 0.758213 -0.035456 -0.383249 -0.578547 -1.024150 -0.618423 -0.409714 -0.990813 -0.424042 -0.276030 0.023246 -0.696815 0.119671 -0.954071 -0.642907 -0.299560 
1.263805 0.521089 0.850381 0.447596 0.562078 0.717489 1.079570 0.923356 0.780278 0.980708 0.124916 -0.541620 -0.584516 -0.784522 -1.255974 -0.587795 -0.388375 -1.009500 -0.555747 -0.179508 -0.396900 -1.016002 0.146479 -1.132100 -0.570402 
1.064328 0.801671 0.431725 0.285194 0.270236 0.763902 0.699281 0.440712 0.510905 0.300417 0.635089 -0.166904 -1.062284 -1.302048 -0.508161 -1.014963 -0.681567 0.314509 -0.860663 -0.653060 -1.157439 -0.535399 -0.603644 -0.683566 0.174156 
1.240909 0.048942 -0.045568 0.288751 0.635691 0.871964 1.157236 0.080355 0.462110 0.251833 0.391928 -0.362188 -0.239992 -0.602618 -0.733964 -0.001044 -1.369777 -1.435260 0.056870 -0.299053 -0.379380 -1.166350 -0.850057 -0.426378 -0.405845 
0.900014 0.546172 0.258266 0.187562 0.547751 1.340253 0.881265 0.432419 0.786538 0.435654 1.109368 -0.754703 -0.221804 -1.065933 -0.346365 -0.944717 -0.662846 -0.965521 -0.657426 -0.761974 -0.103504 -0.393016 -0.244750 -0.482329 0.382363 
0.460758 0.193248 0.579579 0.461999 0.032037 0.958659 0.031004 0.144992 0.167541 0.305904 0.627580 1.820061 0.558213 0.017958 0.350893 1.933772 1.283577 0.810867 1.331552 1.875014 0.521758 2.135360 1.829503 0.062642 -0.133140 
0.109793 0.663094 0.369649 0.097133 0.140141 0.330408 0.463347 -0.370267 1.979517 1.030957 0.655052 1.694793 0.230771 -0.318101 0.666533 1.588457 1.886183 0.662385 1.692181 -0.027619 1.309728 0.751152 1.836814 0.432508 -0.092194 
0.341576 -0.045361 0.257520 2.160203 1.154858 0.966964 1.538478 0.970382 0.585968 1.952716 0.765350 1.692183 2.045602 1.684830 0.898605 1.588204 1.721664 0.317025 2.353980 1.828488 1.366466 -0.203582 0.085601 0.063326 0.646943 
-0.319700 -1.318817 -1.236864 0.505109 0.448234 1.449221 0.797741 0.935010 1.445791 0.775511 0.660187 1.488252 1.448627 0.942813 1.262191 0.189518 1.864185 0.303469 0.615481 2.126693 0.560232 -0.380166 -0.155497 0.524748 -0.093964 
-0.446782 -1.520944 -1.848586 -1.696352 -1.327011 1.794858 1.615083 1.576022 1.759262 0.411365 0.298379 1.807748 1.605517 1.471278 2.160899 -0.415109 1.798407 1.389703 0.349887 1.659061 1.024274 0.063349 -0.066979 0.272883 -0.400852 
-0.891385 -0.222628 -2.330864 -0.389732 -1.225736 -1.334008 0.501826 1.151424 0.593643 0.861754 0.575891 0.361217 0.206987 1.222050 0.858463 0.962070 2.159759 0.353749 1.561763 1.419551 0.195296 -0.063586 -0.044255 -0.537134 -0.107107 
-1.013308 -1.090407 -0.243668 -0.716636 -0.523446 -0.117400 -1.156052 0.280986 0.033787 0.186331 1.493542 0.977680 0.885937 1.170507 0.631245 0.431028 1.759177 0.908209 0.286613 0.999103 -0.071409 0.466405 -0.064218 0.491459 -0.183289 
-2.053895 -1.275813 -0.705197 -0.795498 -0.743549 -0.731647 -1.682852 -1.913607 -1.008197 2.121485 1.151418 1.006565 0.732964 1.197025 1.496781 1.669375 1.645138 0.245023 2.106084 1.767000 0.100026 0.387547 -0.344623 0.148041 -0.118092 
-0.104603 -0.620646 -1.199693 -1.069234 -0.674081 -0.409991 -1.806181 -0.558689 -1.580263 -1.579379 -0.132890 0.726524 1.435887 0.346283 0.441983 1.765267 1.360369 0.971749 1.440810 0.114952 -0.610888 -0.156456 0.058780 -0.005885 -0.007426 
-1.663374 -0.421466 -1.887845 -1.974107 -0.882612 0.553884 -0.955697 -0.246859 -2.038627 -1.074747 -0.747269 -1.592441 0.874674 1.122697 2.024736 2.022958 0.372891 0.390956 0.297682 -0.439399 0.388103 -0.277970 0.728328 0.174112 0.004175 
-0.765804 -1.142837 -0.955046 -2.035214 -1.114542 -0.898249 -0.628302 -0.610997 -0.869840 -0.624263 -1.191488 -1.526824 -2.238702 1.824944 0.305049 0.427567 0.852549 0.480830 -0.034843 0.153666 0.400696 0.161688 -0.273583 0.097102 0.476497 
-1.078407 -0.661245 -1.222763 -0.915567 -0.869959 -0.282899 -0.586891 -1.942416 0.086874 -0.269421 -1.804099 -1.062125 -0.549587 -0.193883 -1.095111 1.937051 1.019998 0.450752 0.317458 -0.370623 -0.270583 0.113827 0.023629 0.440814 0.562433 
-1.066264 -1.396930 -0.769067 -0.764126 -1.953966 -0.086525 -0.030133 -0.245223 -1.445964 -1.028356 -0.670474 -1.660929 -0.140895 -0.899768 0.097742 -1.055248 -0.076552 0.026434 -0.259684 -0.623500 -0.059630 0.051292 0.360121 0.156767 -0.019287 
-1.452785 -1.788071 -1.528131 -1.157908 -2.001321 -1.709129 -1.075313 -1.074129 -0.742879 -1.163734 -1.116308 -1.709626 -1.896990 -1.018298 -2.279408 -1.386468 -0.063318 -0.537794 -0.063302 -0.198827 0.449065 0.293140 0.238619 0.229972 -0.101366 
-0.449737 -2.175616 -1.543152 -0.007110 -1.913516 -1.679830 -0.898943 0.081936 -0.946034 -1.699814 -1.485334 -1.189909 -1.702882 -0.666516 -0.012635 -0.952023 -0.784126 0.112164 -0.069156 0.182876 0.253830 -0.439279 0.206163 -0.072681 -0.043938 
-1.447215 -1.180049 -1.599108 -1.235571 -1.199534 -1.973026 -1.686977 -1.555384 -1.568932 -0.268828 -0.907198 -1.855125 -1.331514 -0.012737 -0.467133 -2.004794 -1.876896 0.271150 0.272716 -0.059586 -0.059553 -0.200419 -0.186166 0.022680 -0.195503 
-1.574909 -0.379347 -0.794223 -0.057501 0.103505 -1.601282 0.048883 -1.800113 -1.938060 -1.485613 -2.076502 -1.600016 -0.593749 -1.555203 -1.543698 -0.981235 -0.480499 0.126961 -0.213336 -0.252650 0.323554 -0.324640 0.017815 0.379510 0.244416 
