1.0 1.0 1.0 1.0 1.0 1.0 1.0 1.0 1.0 0.0 0.0 0.0 0.0 0.0 0.0 0.0 0.0 0.0 0.0 0.0 0.0 0.0 -1.0 -1.0 -1.0 
1.0 1.0 1.0 1.0 1.0 1.0 1.0 1.0 1.0 0.0 0.0 0.0 0.0 0.0 0.0 0.0 0.0 0.0 0.0 0.0 0.0 0.0 -1.0 -1.0 -1.0 
-2.0 -2.0 1.0 1.0 1.0 1.0 1.0 1.0 1.0 0.0 0.0 0.0 0.0 0.0 0.0 0.0 0.0 0.0 0.0 0.0 0.0 -1.0 -1.0 -1.0 -1.0 
-2.0 -2.0 -2.0 -2.0 1.0 1.0 1.0 1.0 1.0 0.0 0.0 0.0 0.0 0.0 0.0 0.0 0.0 0.0 0.0 0.0 0.0 -1.0 -1.0 -1.0 -1.0 
-2.0 -2.0 -2.0 -2.0 -2.0 -2.0 1.0 1.0 1.0 0.0 0.0 0.0 0.0 0.0 0.0 0.0 0.0 0.0 0.0 0.0 -1.0 -1.0 -1.0 -1.0 -1.0 
-2.0 -2.0 -2.0 -2.0 -2.0 -2.0 -2.0 -2.0 1.0 0.0 0.0 0.0 0.0 0.0 0.0 0.0 0.0 0.0 0.0 -1.0 -1.0 -1.0 -1.0 -1.0 -1.0 
-2.0 -2.0 -2.0 -2.0 -2.0 -2.0 -2.0 -2.0 -2.0 -2.0 0.0 0.0 0.0 0.0 0.0 0.0 0.0 0.0 0.0 -1.0 -1.0 -1.0 -1.0 -1.0 -1.0 
-2.0 -2.0 -2.0 -2.0 -2.0 -2.0 -2.0 -2.0 -2.0 -2.0 0.0 0.0 0.0 0.0 0.0 0.0 0.0 0.0 -1.0 -1.0 -1.0 -1.0 -1.0 -1.0 -1.0 
-2.0 -2.0 -2.0 -2.0 -2.0 -2.0 -2.0 -2.0 -2.0 -2.0 0.0 0.0 0.0 0.0 0.0 0.0 0.0 0.0 -1.0 -1.0 -1.0 -1.0 -1.0 -1.0 -1.0 
-2.0 -2.0 -2.0 -2.0 -2.0 -2.0 -2.0 -2.0 -2.0 -2.0 0.0 0.0 0.0 0.0 0.0 0.0 0.0 -1.0 -1.0 -1.0 -1.0 -1.0 -1.0 -1.0 -1.0 
-2.0 -2.0 -2.0 -2.0 -2.0 -2.0 -2.0 -2.0 -2.0 2.0 2.0 2.0 2.0 2.0 2.0 2.0 2.0 -1.0 -1.0 -1.0 -1.0 -1.0 -1.0 -1.0 -1.0 
-2.0 -2.0 -2.0 -2.0 -2.0 -2.0 -2.0 -2.0 2.0 2.0 2.0 2.0 2.0 2.0 2.0 2.0 2.0 2.0 -1.0 -1.0 -1.0 -1.0 -1.0 -1.0 -1.0 
-2.0 -2.0 -2.0 -2.0 -2.0 -2.0 2.0 2.0 2.0 2.0 2.0 2.0 2.0 2.0 2.0 2.0 2.0 2.0 -1.0 -1.0 -1.0 -1.0 -1.0 -1.0 -1.0 
-2.0 -2.0 -2.0 -2.0 -2.0 2.0 2.0 2.0 2.0 2.0 2.0 2.0 2.0 2.0 2.0 2.0 2.0 2.0 2.0 -1.0 -1.0 -1.0 -1.0 -1.0 -1.0 
-2.0 -2.0 -2.0 2.0 2.0 2.0 2.0 2.0 2.0 2.0 2.0 2.0 2.0 2.0 2.0 2.0 2.0 2.0 2.0 -1.0 -1.0 -1.0 -1.0 -1.0 -1.0 
-2.0 -2.0 2.0 2.0 2.0 2.0 2.0 2.0 2.0 2.0 2.0 2.0 2.0 2.0 2.0 2.0 2.0 2.0 2.0 2.0 -1.0 -1.0 -1.0 -1.0 -1.0 
2.0 2.0 2.0 2.0 2.0 2.0 2.0 2.0 2.0 2.0 2.0 2.0 2.0 2.0 2.0 2.0 2.0 2.0 2.0 2.0 -1.0 -1.0 -1.0 -1.0 -1.0 
2.0 2.0 2.0 2.0 2.0 2.0 2.0 2.0 2.0 2.0 2.0 2.0 2.0 2.0 2.0 2.0 2.0 2.0 2.0 2.0 -1.0 -1.0 -1.0 -1.0 -1.0 
2.0 2.0 2.0 2.0 2.0 2.0 2.0 2.0 2.0 2.0 2.0 2.0 2.0 2.0 2.0 2.0 2.0 2.0 2.0 2.0 2.0 -1.0 -1.0 -1.0 -1.0 
2.0 2.0 2.0 2.0 2.0 2.0 2.0 2.0 2.0 2.0 2.0 2.0 2.0 2.0 2.0 2.0 2.0 2.0 2.0 2.0 2.0 -1.0 -1.0 -1.0 -1.0 
2.0 2.0 2.0 2.0 2.0 2.0 2.0 2.0 2.0 2.0 2.0 2.0 2.0 2.0 2.0 2.0 2.0 2.0 2.0 2.0 2.0 2.0 -1.0 -1.0 -1.0 
2.0 2.0 2.0 2.0 2.0 2.0 2.0 2.0 2.0 2.0 2.0 2.0 2.0 2.0 2.0 2.0 2.0 2.0 2.0 2.0 2.0 2.0 -1.0 -1.0 -1.0 
2.0 2.0 2.0 2.0 2.0 2.0 2.0 2.0 2.0 2.0 2.0 2.0 2.0 2.0 2.0 2.0 2.0 2.0 2.0 2.0 2.0 2.0 -1.0 -1.0 -1.0 
2.0 2.0 2.0 2.0 2.0 2.0 2.0 2.0 2.0 2.0 2.0 2.0 2.0 2.0 2.0 2.0 2.0 2.0 2.0 2.0 2.0 2.0 2.0 -1.0 -1.0 
2.0 2.0 2.0 2.0 2.0 2.0 2.0 2.0 2.0 2.0 2.0 2.0 2.0 2.0 2.0 2.0 2.0 2.0 2.0 2.0 2.0 2.0 2.0 -1.0 -1.0 

0.760035 0.837845 0.178292 0.001939 0.861054 0.259064 0.577704 0.977652 0.331576 0.392551 0.937811 0.767746 0.347725 0.423303 0.864398 0.632940 0.686964 0.055275 0.502053 0.811825 0.322401 0.475163 0.268275 0.890903 0.545208 
0.427200 0.730233 0.205107 0.775626 0.751305 0.874345 0.009750 0.439755 0.284702 0.494750 0.187936 0.482447 0.441562 0.292415 0.644046 0.802550 0.451391 0.966046 0.414900 0.463031 0.219530 0.942328 0.001867 0.717929 0.677138 
0.908417 0.299536 0.039015 0.568701 0.385195 0.086941 0.634111 0.268275 0.436516 0.407821 0.923216 0.861179 0.557263 0.264665 0.649325 0.151237 0.176482 0.148551 0.604028 0.519699 0.839001 0.395612 0.965529 0.802753 0.001237 
0.985314 0.601398 0.083790 0.395264 0.873035 0.940668 0.434075 0.394014 0.162422 0.507865 0.442414 0.244804 0.454155 0.844123 0.198928 0.118449 0.772573 0.846052 0.861120 0.404000 0.830632 0.575340 0.875095 0.829557 0.158109 
0.244438 0.877753 0.456910 0.184280 0.803942 0.482593 0.814536 0.208787 0.547517 0.953059 0.155371 0.491049 0.351997 0.843168 0.836835 0.778993 0.754011 0.752666 0.623070 0.810768 0.854195 0.721784 0.410610 0.449347 0.061587 
0.461803 0.484232 0.219642 0.264526 0.183365 0.820964 0.516701 0.117736 0.272745 0.100944 0.540892 0.585737 0.949560 0.602118 0.603719 0.926194 0.053930 0.494321 0.236134 0.800677 0.098151 0.451151 0.413438 0.014587 0.179384 
0.331507 0.298275 0.934013 0.473119 0.791026 0.080356 0.406099 0.762235 0.278057 0.754250 0.565996 0.259151 0.362937 0.049668 0.963943 0.670379 0.750856 0.908135 0.211826 0.585076 0.641556 0.655733 0.096460 0.166226 0.247675 
0.502255 0.426155 0.653247 0.476698 0.783627 0.277472 0.101302 0.597343 0.977074 0.335476 0.811453 0.053473 0.038279 0.880465 0.136128 0.603477 0.683454 0.056988 0.577368 0.578451 0.802020 0.496938 0.834537 0.918371 0.459541 
0.039245 0.739038 0.855819 0.345290 0.376400 0.837461 0.607852 0.810400 0.141910 0.351682 0.989458 0.212791 0.586630 0.049893 0.803135 0.621601 0.119812 0.966886 0.795652 0.347920 0.659399 0.779091 0.793872 0.454712 0.629890 
0.183991 0.372887 0.945939 0.104578 0.316721 0.268420 0.699339 0.963058 0.715125 0.187399 0.866155 0.317620 0.719416 0.582438 0.623246 0.510384 0.721175 0.201207 0.293406 0.719724 0.847420 0.158866 0.580173 0.368540 0.430091 
0.776430 0.300255 0.855839 0.079473 0.514080 0.821019 0.533866 0.911916 0.958651 0.953408 0.640933 0.879361 0.441605 0.837979 0.043173 0.992229 0.773705 0.382703 0.442872 0.459096 0.388619 0.839098 0.286456 0.810438 0.917343 
0.213880 0.057259 0.726131 0.743501 0.355576 0.878728 0.311357 0.185404 0.124261 0.516417 0.060213 0.424260 0.308406 0.162547 0.124784 0.419716 0.194353 0.374254 0.814420 0.046951 0.339968 0.452821 0.739415 0.243666 0.322224 
0.147317 0.682406 0.496028 0.892509 0.994669 0.169894 0.598784 0.270761 0.524149 0.418046 0.051711 0.947403 0.860668 0.186311 0.716180 0.653176 0.181969 0.628938 0.553677 0.983004 0.444553 0.616501 0.698366 0.480528 0.077779 
0.994506 0.213605 0.928815 0.343544 0.086584 0.096498 0.116816 0.365261 0.348718 0.555326 0.651198 0.914087 0.889131 0.278758 0.729855 0.359441 0.195242 0.901864 0.791232 0.981923 0.453139 0.879330 0.847328 0.184715 0.062837 
0.573589 0.625603 0.379354 0.293235 0.119295 0.825677 0.082132 0.909728 0.371534 0.923073 0.825065 0.816879 0.164038 0.124088 0.615890 0.395950 0.806089 0.534803 0.576728 0.612762 0.664956 0.789238 0.527199 0.036655 0.648301 
0.578387 0.414364 0.643317 0.912987 0.368655 0.191391 0.768311 0.530666 0.230491 0.960574 0.065505 0.259949 0.695112 0.846332 0.267527 0.652525 0.140864 0.461178 0.280059 0.644398 0.407563 0.443091 0.666905 0.002857 0.069203 
0.496809 0.745125 0.103297 0.127464 0.928900 0.499356 0.156536 0.013697 0.238867 0.892671 0.045405 0.328900 0.494947 0.492625 0.740808 0.699019 0.664718 0.420036 0.165505 0.125976 0.712589 0.086147 0.253549 0.954276 0.920892 
0.807720 0.116103 0.119066 0.797965 0.007753 0.529856 0.730354 0.580051 0.851974 0.591709 0.710890 0.454598 0.904921 0.927455 0.589972 0.537659 0.580108 0.991623 0.135273 0.131364 0.142846 0.308656 0.773835 0.641279 0.823849 
0.835805 0.202555 0.969693 0.398826 0.907596 0.387155 0.145939 0.339608 0.561340 0.196659 0.910206 0.574628 0.755508 0.161278 0.928848 0.759802 0.581259 0.350012 0.265134 0.294258 0.248436 0.509150 0.611991 0.807227 0.061678 
0.781206 0.918466 0.512930 0.671078 0.563132 0.835290 0.279832 0.724438 0.669067 0.266151 0.013260 0.773688 0.765671 0.184590 0.824324 0.751910 0.686169 0.333727 0.541526 0.058218 0.083510 0.537693 0.627566 0.694543 0.226532 
0.147091 0.775480 0.966827 0.882423 0.709413 0.197248 0.478270 0.100399 0.526042 0.410210 0.428312 0.423517 0.163163 0.182231 0.581182 0.214327 0.463918 0.575482 0.924696 0.668412 0.960802 0.074716 0.181665 0.210390 0.829834 
0.742517 0.833034 0.396745 0.505235 0.664507 0.936170 0.616629 0.791207 0.923730 0.477328 0.218011 0.585020 0.751572 0.198633 0.169978 0.626446 0.115035 0.576463 0.014368 0.114315 0.310654 0.741849 0.492498 0.539959 0.980618 
0.967321 0.891543 0.457402 0.462416 0.836935 0.301324 0.658935 0.944622 0.932179 0.063008 0.112047 0.482183 0.208004 0.569221 0.045910 0.094566 0.573646 0.278092 0.808299 0.327159 0.645890 0.039718 0.191482 0.501215 0.297758 
0.386054 0.473169 0.952916 0.054790 0.364012 0.997758 0.303252 0.673139 0.952559 0.805482 0.737931 0.411941 0.672044 0.928313 0.058238 0.181407 0.699420 0.213906 0.572945 0.955381 0.300372 0.642404 0.905826 0.156242 0.699847 
0.687368 0.098853 0.442496 0.621140 0.922141 0.480518 0.431888 0.201473 0.795969 0.530610 0.668034 0.765606 0.069942 0.948498 0.708967 0.118798 0.629646 0.568837 0.873253 0.185105 0.610039 0.993072 0.920187 0.017236 0.520685 

0.834710 1.047857 0.107763 -0.339732 0.846781 -0.401373 1.048815 0.893168 0.075773 -0.005775 0.027706 -0.111230 0.010974 0.468988 -0.072459 0.156431 -0.288104 -0.134650 0.299027 -0.084626 -0.090046 -0.509295 -0.905634 -0.967159 -0.147478 
0.116901 0.656788 -0.412217 1.349573 0.773943 0.878713 -0.542624 0.628061 0.346887 0.000650 -0.558462 -0.086664 0.133296 -0.047789 0.205768 0.235481 -0.115546 0.115181 0.085384 0.156579 -0.613937 -0.281774 0.314176 -1.199602 -1.083994 
-2.434105 -0.225028 -0.440730 0.490919 0.165123 -0.282390 1.006809 0.652002 0.193108 0.401677 -0.057964 0.130481 0.222646 0.165653 0.110229 0.233820 0.243884 -0.118683 0.539205 0.109123 0.090071 -0.366790 -1.069576 -0.930355 0.031284 
-2.321780 -0.924188 -0.667092 -0.697062 0.650318 0.619536 0.390314 0.302085 0.691369 -0.025747 -0.025882 -0.619587 0.232613 -0.235968 -0.813651 -0.218738 -0.367772 -0.028496 -1.023452 0.375730 0.689685 -1.212011 -0.945578 -1.024110 -0.141374 
-0.787102 -1.572906 -0.672471 -0.076369 -0.969437 -1.117658 1.082742 -0.472167 0.756812 -0.003176 -0.033808 0.325478 0.320934 0.420605 -0.266360 -0.190046 0.417474 -0.029928 0.067375 0.406298 -1.092404 -1.295453 -0.262290 -0.036821 -0.131149 
-0.647385 -1.243691 -0.284722 -0.543652 0.274770 -1.769002 -1.746115 -0.515359 0.257787 -0.022393 -0.084735 0.181034 0.205026 -0.408602 0.105873 0.322784 0.006046 -0.008609 -0.275731 -0.372017 -0.402018 -0.877911 -0.795631 -0.187659 -0.669943 
-0.593780 -0.447429 -1.827566 -1.379925 -1.240611 -0.453801 -0.892480 -1.437898 -0.459073 -1.627643 -0.324865 0.436183 -0.589901 0.006796 0.193505 0.498008 -0.359161 -0.591967 -0.041898 -0.515969 -0.563713 -0.973480 -0.081720 -0.299064 -0.399130 
-0.824590 -0.722579 -1.338026 -1.029077 -0.924389 -0.451990 -0.324274 -1.010666 -2.116553 -0.370624 -0.397486 0.430039 -0.083814 -0.543669 -0.014759 -0.055918 -0.022643 -0.529237 -0.992905 -1.096087 -1.012522 -0.941543 -0.552469 -1.120357 -0.645124 
0.017072 -1.311290 -1.523651 -0.370307 -0.801875 -1.544267 -0.970065 -1.576110 -0.071287 0.070525 -0.027068 0.062078 0.200130 -0.317002 0.420012 0.331425 -0.024534 0.083697 -0.656180 -1.250165 -0.904693 -1.228156 -1.202768 -0.217450 -0.192865 
-0.260735 -0.726804 -1.696084 -0.119223 -0.785122 -0.543818 -1.898137 -1.575902 -1.246296 -0.400620 -0.486578 -0.197923 0.189321 0.530144 0.085497 -0.644177 0.136433 -0.126296 -0.116459 -0.972677 -0.638781 0.213960 -0.291470 -0.176820 -0.677224 
-2.155035 -0.895517 -2.171796 0.527658 -1.383127 -1.451845 -0.890745 -2.059486 -1.816940 2.244082 1.268961 2.046494 1.038442 1.156521 -0.239657 2.038716 1.273400 -0.014129 0.030511 -0.639174 -0.450777 -0.626393 -0.069818 -0.949596 -0.729218 
-0.351355 0.119612 -1.274424 -1.681886 -0.995219 -1.563542 -1.068884 -0.464314 -0.445088 1.056882 0.399322 0.814841 0.612301 0.261949 0.172900 0.913082 -0.120193 0.066129 -0.443194 -0.064414 -0.558394 -0.769651 -0.596453 -0.414448 -0.410909 
-0.064336 -1.461682 -0.996800 -1.998970 -2.396486 -0.898356 0.638252 0.631572 0.954203 0.779548 0.891489 1.986631 1.012283 0.361938 1.509950 1.365472 0.327938 1.066438 -0.985907 -0.895332 -0.114141 -0.689526 -0.611411 -0.497302 0.076772 
-1.518306 -0.564254 -2.005399 -0.668122 -0.165906 0.680961 0.155329 0.449374 1.188626 0.643198 1.404784 1.734730 2.555387 0.499542 1.678537 0.600490 0.699178 1.988597 1.142504 -0.492568 -0.672964 -0.505693 -1.374267 -0.774225 0.191626 
-0.836740 -1.045995 -0.550251 0.321747 0.352529 1.686476 -0.170672 1.512582 0.747114 2.019371 2.029306 1.680800 0.094350 0.774380 1.200305 1.148929 1.932234 1.332166 1.012788 -0.419262 -0.482906 -1.296959 -0.729709 -0.289676 -0.878854 
-0.764595 -0.879959 0.777761 1.353351 1.144422 0.499710 1.281068 0.712697 0.194084 1.945441 -0.547477 1.067980 1.167627 2.286550 0.700305 1.074428 0.586757 0.831457 0.655178 1.682297 -0.211832 -0.461549 -0.607037 -0.419198 -0.049586 
1.071541 1.324245 0.643968 0.064564 1.844768 0.704072 -0.475472 -0.503088 0.265241 1.516500 0.290357 0.385902 0.955803 1.028700 1.934745 1.070000 1.352639 1.327920 0.313380 0.717863 -0.210732 -0.460136 -0.573270 -1.103301 -0.677074 
1.365215 0.691061 0.562941 1.613111 -0.016254 1.026095 1.088007 1.137897 1.767925 0.668708 1.024029 1.052118 1.904780 1.899937 1.683081 1.356036 0.671136 1.904514 -0.204531 0.486983 -0.222893 -0.194968 -0.638191 -0.381712 -0.538135 
1.276023 0.045718 1.848875 0.482466 1.492733 0.430196 0.230791 0.761334 1.240997 0.143933 2.077961 1.043586 1.348505 0.532689 2.318352 0.968121 1.164878 1.039311 0.445569 0.899660 0.228988 -0.521743 -0.830781 -0.182045 0.226031 
1.738901 2.044201 0.610757 1.375473 0.950476 2.232156 0.565393 1.394419 1.087791 0.728484 0.447912 1.854241 1.631936 0.857247 1.943518 0.964333 1.242364 1.229585 0.854338 -0.137678 0.183400 -0.900527 -0.991776 -0.538718 -0.471150 
-0.096765 1.718059 1.397842 1.940596 1.345740 0.215589 1.165586 0.544518 0.879989 0.764007 0.750136 0.720193 0.123171 0.829192 1.303756 0.387319 0.878091 1.131891 1.582212 1.337324 2.199139 0.446019 -0.368787 0.462221 -0.678417 
1.217058 1.235591 0.926010 0.899902 0.756073 1.491050 1.004371 1.625384 1.791672 0.164537 0.010903 0.752969 1.393357 0.380217 0.924026 1.113280 0.334243 1.347917 0.195679 0.336743 1.003875 1.677317 -0.459351 -0.494399 -0.626641 
1.832304 1.481450 0.741347 1.251109 1.621557 0.493169 1.472894 1.765930 0.959743 -0.164563 0.839268 0.888709 0.545414 0.863639 -0.465069 0.592464 0.933258 0.857333 1.544692 0.865118 1.366996 0.057127 0.023972 -0.984038 -0.606684 
1.096087 1.340083 1.550970 0.356650 0.572120 1.671778 0.689484 1.293606 2.019712 1.949159 2.086440 0.752367 0.903415 1.393643 0.305191 0.409558 0.734808 -0.026742 1.371195 2.352688 0.705592 1.187465 1.292744 -0.088175 0.004345 
1.570761 0.347576 1.002116 1.321588 1.637808 0.834748 0.669142 0.312820 1.488985 0.762116 0.976241 1.106971 0.515517 1.660825 1.618496 0.924124 1.049845 1.075494 1.896583 0.515694 0.817202 1.940725 1.833744 -0.163606 -0.214121 
