-2.0 -2.0 -2.0 -2.0 -2.0 -2.0 -2.0 -2.0 -2.0 1.0 1.0 1.0 1.0 1.0 1.0 1.0 1.0 1.0 1.0 -1.0 -1.0 -1.0 -1.0 -1.0 -1.0 
-2.0 -2.0 -2.0 -2.0 -2.0 -2.0 -2.0 -2.0 -2.0 1.0 1.0 1.0 1.0 1.0 1.0 1.0 1.0 1.0 1.0 -1.0 -1.0 -1.0 -1.0 -1.0 -1.0 
-2.0 -2.0 -2.0 -2.0 -2.0 -2.0 -2.0 -2.0 -2.0 1.0 1.0 1.0 1.0 1.0 1.0 1.0 1.0 1.0 1.0 -1.0 -1.0 -1.0 -1.0 -1.0 -1.0 
-2.0 -2.0 -2.0 -2.0 -2.0 -2.0 -2.0 -2.0 -2.0 1.0 1.0 1.0 1.0 1.0 1.0 1.0 1.0 1.0 1.0 -1.0 -1.0 -1.0 -1.0 -1.0 -1.0 
-2.0 -2.0 -2.0 -2.0 -2.0 -2.0 -2.0 -2.0 -2.0 1.0 1.0 1.0 1.0 1.0 1.0 1.0 1.0 1.0 1.0 -1.0 -1.0 -1.0 -1.0 -1.0 -1.0 
-2.0 -2.0 -2.0 -2.0 -2.0 -2.0 -2.0 -2.0 1.0 1.0 1.0 1.0 1.0 1.0 1.0 1.0 1.0 1.0 1.0 -1.0 -1.0 -1.0 -1.0 -1.0 -1.0 
-2.0 -2.0 -2.0 -2.0 -2.0 -2.0 -2.0 -2.0 1.0 1.0 1.0 1.0 1.0 1.0 1.0 1.0 1.0 1.0 -1.0 -1.0 -1.0 -1.0 -1.0 -1.0 -1.0 
-2.0 -2.0 -2.0 -2.0 -2.0 -2.0 -2.0 -2.0 1.0 1.0 1.0 1.0 1.0 1.0 1.0 1.0 1.0 1.0 -1.0 -1.0 -1.0 -1.0 -1.0 -1.0 -1.0 
-2.0 -2.0 -2.0 -2.0 -2.0 -2.0 -2.0 -2.0 1.0 1.0 1.0 1.0 1.0 1.0 1.0 1.0 1.0 1.0 -1.0 -1.0 -1.0 -1.0 -1.0 -1.0 -1.0 
-2.0 -2.0 -2.0 -2.0 -2.0 -2.0 -2.0 -2.0 1.0 1.0 1.0 1.0 1.0 1.0 1.0 1.0 1.0 1.0 -1.0 -1.0 -1.0 -1.0 -1.0 -1.0 -1.0 
-2.0 -2.0 -2.0 -2.0 -2.0 -2.0 -2.0 -2.0 1.0 1.0 1.0 1.0 1.0 1.0 1.0 1.0 1.0 1.0 -1.0 -1.0 -1.0 -1.0 -1.0 -1.0 -1.0 
-2.0 -2.0 -2.0 -2.0 -2.0 -2.0 -2.0 -2.0 1.0 1.0 1.0 1.0 1.0 1.0 1.0 1.0 1.0 0.0 0.0 0.0 0.0 -1.0 -1.0 -1.0 -1.0 
-2.0 -2.0 -2.0 -2.0 -2.0 -2.0 -2.0 -2.0 1.0 1.0 1.0 1.0 1.0 1.0 1.0 0.0 0.0 0.0 0.0 0.0 0.0 0.0 0.0 0.0 0.0 
-2.0 -2.0 -2.0 -2.0 -2.0 -2.0 -2.0 -2.0 1.0 1.0 1.0 1.0 0.0 0.0 0.0 0.0 0.0 0.0 0.0 0.0 0.0 0.0 0.0 0.0 0.0 
-2.0 -2.0 -2.0 -2.0 -2.0 -2.0 -2.0 2.0 2.0 2.0 2.0 2.0 2.0 0.0 0.0 0.0 0.0 0.0 0.0 0.0 0.0 0.0 0.0 0.0 0.0 
-2.0 -2.0 -2.0 -2.0 -2.0 2.0 2.0 2.0 2.0 2.0 2.0 2.0 2.0 2.0 0.0 0.0 0.0 0.0 0.0 0.0 0.0 0.0 0.0 0.0 0.0 
-2.0 -2.0 -2.0 -2.0 2.0 2.0 2.0 2.0 2.0 2.0 2.0 2.0 2.0 2.0 2.0 0.0 0.0 0.0 0.0 0.0 0.0 0.0 0.0 0.0 0.0 
-2.0 -2.0 -2.0 2.0 2.0 2.0 2.0 2.0 2.0 2.0 2.0 2.0 2.0 2.0 2.0 2.0 0.0 0.0 0.0 0.0 0.0 0.0 0.0 0.0 0.0 
-2.0 -2.0 2.0 2.0 2.0 2.0 2.0 2.0 2.0 2.0 2.0 2.0 2.0 2.0 2.0 2.0 2.0 0.0 0.0 0.0 0.0 0.0 0.0 0.0 0.0 
-2.0 2.0 2.0 2.0 2.0 2.0 2.0 2.0 2.0 2.0 2.0 2.0 2.0 2.0 2.0 2.0 2.0 2.0 0.0 0.0 0.0 0.0 0.0 0.0 0.0 
2.0 2.0 2.0 2.0 2.0 2.0 2.0 2.0 2.0 2.0 2.0 2.0 2.0 2.0 2.0 2.0 2.0 2.0 2.0 0.0 0.0 0.0 0.0 0.0 0.0 
2.0 2.0 2.0 2.0 2.0 2.0 2.0 2.0 2.0 2.0 2.0 2.0 2.0 2.0 2.0 2.0 2.0 2.0 2.0 2.0 0.0 0.0 0.0 0.0 0.0 
2.0 2.0 2.0 2.0 2.0 2.0 2.0 2.0 2.0 2.0 2.0 2.0 2.0 2.0 2.0 2.0 2.0 2.0 2.0 2.0 2.0 0.0 0.0 0.0 0.0 
2.0 2.0 2.0 2.0 2.0 2.0 2.0 2.0 2.0 2.0 2.0 2.0 2.0 2.0 2.0 2.0 2.0 2.0 2.0 2.0 2.0 2.0 0.0 0.0 0.0 
2.0 2.0 2.0 2.0 2.0 2.0 2.0 2.0 2.0 2.0 2.0 2.0 2.0 2.0 2.0 2.0 2.0 2.0 2.0 2.0 2.0 2.0 2.0 0.0 0.0 

0.569868 0.659511 0.304147 0.667291 0.616780 0.286261 0.772141 0.983302 0.718962 0.950103 0.924549 0.372330 0.221294 0.225344 0.425259 0.395928 0.205486 0.762689 0.510349 0.237102 0.383276 0.174839 0.966228 0.803208 0.765852 
0.839999 0.412808 0.388538 0.575526 0.602418 0.496809 0.769591 0.834896 0.591703 0.745173 0.923259 0.555930 0.960514 0.696913 0.323977 0.162319 0.485974 0.878312 0.532266 0.204641 0.327576 0.905124 0.092882 0.704483 0.313672 
0.835984 0.432018 0.599349 0.011950 0.571006 0.171114 0.577485 0.362801 0.804396 0.953708 0.108198 0.526586 0.845700 0.554445 0.102744 0.319622 0.080492 0.693361 0.998373 0.907523 0.334745 0.713403 0.945269 0.296342 0.359796 
0.471471 0.175509 0.592952 0.429552 0.060491 0.249190 0.789605 0.387058 0.022921 0.973932 0.138673 0.837086 0.894543 0.426421 0.004292 0.480080 0.867635 0.038137 0.609557 0.078995 0.221233 0.538360 0.815209 0.556958 0.554344 
0.626788 0.723222 0.227186 0.721703 0.918126 0.714227 0.267410 0.402948 0.227053 0.374361 0.857874 0.395299 0.208122 0.820299 0.666131 0.472336 0.863105 0.678252 0.901118 0.031390 0.106259 0.576294 0.316669 0.476378 0.310535 
0.121428 0.844925 0.096966 0.063703 0.323612 0.969061 0.952799 0.374390 0.746356 0.523679 0.742615 0.255701 0.937168 0.616009 0.057120 0.550756 0.040038 0.190096 0.179184 0.527917 0.689821 0.724503 0.416802 0.065999 0.763565 
0.141245 0.127322 0.526851 0.511907 0.108255 0.950059 0.613027 0.214634 0.912355 0.564305 0.794722 0.636716 0.936598 0.967197 0.359534 0.862330 0.812169 0.596420 0.163747 0.661989 0.511280 0.549362 0.172580 0.364554 0.003355 
0.515043 0.234416 0.359441 0.888263 0.083288 0.273162 0.049357 0.982458 0.753797 0.299681 0.852886 0.902602 0.551591 0.507530 0.810627 0.388817 0.418038 0.423605 0.257921 0.692340 0.368934 0.753502 0.328754 0.840746 0.723391 
0.600926 0.224051 0.609557 0.928002 0.697901 0.882348 0.229006 0.802508 0.293756 0.912081 0.821774 0.889852 0.331713 0.746404 0.332963 0.847992 0.509318 0.097059 0.261559 0.406786 0.638337 0.700888 0.160942 0.894901 0.523421 
0.682501 0.621199 0.209616 0.415661 0.655704 0.825636 0.807415 0.161831 0.468658 0.894117 0.079652 0.276926 0.255143 0.807443 0.451017 0.361647 0.084110 0.198325 0.675297 0.605237 0.984743 0.292744 0.383052 0.874007 0.227794 
0.409329 0.433377 0.586467 0.087190 0.644126 0.883858 0.043559 0.098493 0.339534 0.444890 0.862143 0.120365 0.715952 0.600810 0.514197 0.942072 0.186311 0.209535 0.207975 0.041581 0.919354 0.357923 0.248548 0.562195 0.243050 
0.636453 0.303496 0.026693 0.639191 0.902217 0.704545 0.886610 0.390184 0.544139 0.303522 0.883000 0.729460 0.239656 0.433630 0.613660 0.291986 0.595544 0.226111 0.761741 0.823353 0.960931 0.642349 0.004243 0.392227 0.135243 
0.174071 0.920173 0.654560 0.344330 0.857882 0.661645 0.215491 0.790075 0.706414 0.881022 0.733309 0.344864 0.391995 0.214300 0.945238 0.856663 0.190456 0.190534 0.861798 0.503950 0.225931 0.134816 0.549588 0.381433 0.226720 
0.616083 0.643956 0.559422 0.212749 0.574254 0.205647 0.182905 0.238376 0.946196 0.663639 0.483934 0.690018 0.904780 0.180825 0.547348 0.411107 0.135981 0.138216 0.313563 0.508051 0.962382 0.185355 0.685962 0.648594 0.069841 
0.776725 0.164884 0.077802 0.571278 0.881756 0.912242 0.781963 0.637818 0.710408 0.110627 0.482692 0.002707 0.909143 0.682252 0.438768 0.538725 0.048458 0.420697 0.397681 0.303354 0.089285 0.471591 0.897395 0.726586 0.031282 
0.637560 0.284020 0.316930 0.136538 0.542516 0.683442 0.590950 0.725852 0.918000 0.958205 0.287814 0.480300 0.679489 0.461860 0.889515 0.971878 0.581390 0.785557 0.571265 0.845366 0.574219 0.125916 0.652263 0.033791 0.400352 
0.102312 0.222407 0.201697 0.757992 0.602120 0.743902 0.016641 0.469877 0.804589 0.289582 0.155362 0.388434 0.583983 0.436822 0.240729 0.577607 0.927337 0.596040 0.873739 0.928357 0.775748 0.350775 0.459234 0.437906 0.553643 
0.120580 0.640462 0.163958 0.396642 0.926052 0.287877 0.851809 0.534625 0.002031 0.199996 0.224438 0.882805 0.454804 0.207872 0.506758 0.744368 0.602923 0.269432 0.987331 0.044718 0.236893 0.676050 0.483818 0.287957 0.447316 
0.237630 0.307519 0.151416 0.048223 0.990691 0.886786 0.058219 0.547031 0.761645 0.599718 0.205040 0.525072 0.601877 0.562404 0.181195 0.749526 0.614411 0.088704 0.735875 0.608662 0.241938 0.130052 0.705424 0.894698 0.584707 
0.112196 0.325735 0.766039 0.080190 0.997227 0.064313 0.685475 0.708928 0.583714 0.657601 0.451473 0.778284 0.465963 0.264533 0.631725 0.744081 0.195320 0.233940 0.967974 0.795175 0.728510 0.387165 0.072602 0.955028 0.834554 
0.193914 0.534671 0.803628 0.641895 0.376518 0.447618 0.643027 0.536284 0.744791 0.427283 0.213153 0.306627 0.694504 0.960519 0.590806 0.953443 0.699232 0.753090 0.610428 0.776911 0.816819 0.354487 0.876433 0.157163 0.427918 
0.082544 0.082453 0.118171 0.964484 0.477259 0.183982 0.918865 0.411627 0.539254 0.882554 0.655089 0.841609 0.709633 0.946786 0.065930 0.510573 0.830855 0.957515 0.005751 0.942483 0.447633 0.465153 0.791989 0.075090 0.018974 
0.138527 0.854891 0.889578 0.066639 0.778475 0.963544 0.562160 0.407211 0.180005 0.394480 0.388792 0.404008 0.844326 0.570161 0.028200 0.865168 0.041089 0.174332 0.077068 0.551071 0.971248 0.947673 0.764434 0.982501 0.092435 
0.737675 0.105610 0.155943 0.963793 0.586243 0.214099 0.218156 0.818182 0.680501 0.891034 0.307286 0.893783 0.701888 0.541922 0.415726 0.755310 0.193377 0.695791 0.530693 0.957067 0.335411 0.831003 0.252790 0.109662 0.282917 
0.798069 0.240323 0.261684 0.149088 0.559612 0.317462 0.169258 0.109061 0.257478 0.377220 0.656074 0.713567 0.036782 0.479108 0.334068 0.702033 0.561029 0.614598 0.200248 0.338737 0.972642 0.773932 0.460207 0.097202 0.212550 

-1.020663 -0.823065 -0.769511 -1.471461 -1.195497 -0.260196 -1.110622 -1.761496 -1.107119 0.895046 1.047151 0.659803 -0.126466 -0.436929 0.623405 0.355086 0.005137 0.643915 0.816146 0.008688 -0.546124 -0.041206 -0.847867 -0.643229 -0.681150 
-2.218523 -0.580838 -0.765124 -0.940427 -1.123259 -0.716692 -1.469534 -1.141291 -0.993637 0.419042 0.918592 0.485748 1.359111 0.618725 0.166193 -0.126312 0.405590 0.575490 -0.179764 0.027938 -0.659004 -0.562297 -0.283959 -1.105553 -0.265324 
-1.786253 -0.791434 -1.340233 -0.557097 -1.224902 -0.404170 -1.154650 -1.256248 -1.840423 1.097283 -0.215459 0.758299 0.840919 0.308281 0.282050 0.624991 0.075136 0.440754 1.024607 -1.022481 0.022243 -0.592106 -0.402275 -0.314131 -0.143741 
-0.273325 -0.531675 -1.407063 -0.365376 -0.120480 -0.692679 -2.364950 -0.666933 -0.011304 1.329433 -0.267668 0.408249 1.479762 0.889983 0.048049 0.695028 0.483323 -0.190340 0.863976 0.216585 -0.862799 -0.590840 -1.526133 -0.164685 -0.609575 
-1.231779 -0.833814 -0.192679 -0.950707 -2.107410 -1.630182 -0.605712 -0.967781 -0.637776 0.196689 0.808071 0.114438 0.162045 1.037491 0.980496 0.416481 0.818449 0.551718 1.097446 0.366300 -0.433708 -1.271737 -0.608474 -0.730000 -0.114072 
-0.290326 -1.110835 -0.143701 -0.006371 -0.349228 -2.378708 -2.216990 -1.065316 0.085060 0.621308 0.892575 0.260792 1.005504 0.583749 0.360541 0.802713 0.424018 0.584599 0.348061 -0.575183 -0.480747 -1.081792 -0.681884 -0.049445 -1.490850 
-0.567111 -0.364068 -1.506432 -0.992533 -0.133191 -1.247322 -1.637539 -0.510187 1.295747 0.714010 0.659886 0.691856 1.286435 0.850821 0.175491 1.093450 0.731387 0.702560 0.235881 -0.521146 -1.211728 -0.887730 -0.446731 -0.234639 0.003332 
-0.741639 -0.003383 -0.648927 -1.798600 0.030059 -0.426074 -0.067775 -2.305242 0.920685 0.202590 0.963255 0.739524 0.262491 1.039996 0.658954 0.094133 0.962809 0.481849 0.014303 -0.719708 -0.278045 -0.539081 -0.194222 -0.786209 -0.471860 
-1.407752 -0.164283 -1.484071 -1.779442 -1.514113 -1.777400 -0.437965 -1.454479 0.039680 0.816089 0.965052 0.807997 0.484010 0.317704 0.520089 0.760770 0.194222 0.158583 -0.606390 -0.141568 -1.300152 -0.953705 -0.305678 -0.478485 0.186730 
-1.844666 -1.207571 -0.676103 -0.293871 -1.501309 -1.371837 -1.720847 -0.380135 0.669572 0.714470 -0.173311 0.258908 -0.043816 0.801112 0.740283 0.345280 0.055073 0.329283 -0.498107 -0.277997 -0.650133 -0.143140 -0.595122 -0.478960 -0.128597 
-0.680551 -0.609795 -1.649483 0.018814 -0.970449 -1.510160 -0.281304 -0.042378 -0.000309 -0.011653 0.879311 0.087650 0.598799 0.500870 0.778385 0.463624 -0.099838 -0.044671 -0.186124 0.779926 -0.745349 -0.594034 -0.067773 -0.333467 -0.108509 
-1.009780 -0.713115 0.052694 -1.203731 -1.718894 -1.466873 -1.466471 -0.800548 0.510813 0.306415 1.309986 0.948848 0.309087 0.487589 0.731229 0.488121 0.528849 -0.088222 -0.054406 -0.385893 0.185648 -0.658780 0.161540 -0.346975 0.298253 
-0.107074 -1.353124 -1.276256 -0.771865 -1.434756 -1.347858 -0.615429 -1.939532 0.333251 0.170748 0.243636 0.585085 0.298671 -0.304015 1.931769 0.301160 -0.350409 0.352975 0.060982 0.170846 -0.010443 -0.449216 -0.044434 0.031960 0.317912 
-1.889916 -1.494060 -1.037101 -0.651078 -1.155875 -0.777543 -0.765784 0.018631 0.779259 0.195111 0.329092 0.928271 0.229031 -0.365282 -0.183437 -0.583583 0.435641 -0.171912 -0.174889 -0.174024 0.040575 -0.248339 -0.123103 0.111887 -0.209481 
-1.490519 0.051328 0.088267 -1.721347 -1.450115 -1.373640 -1.255629 1.351187 1.240394 0.233082 0.964466 -0.084023 1.666683 0.061980 -0.199561 0.475824 -0.182764 0.182743 0.157329 0.268252 -0.188988 -0.186732 -0.233453 0.670968 -0.007923 
-1.449738 -0.844386 -0.565236 -0.281453 -1.083181 1.085584 1.547460 1.894125 2.266759 1.733864 0.416568 0.512442 1.274199 0.766905 0.158188 0.033496 0.212621 -0.365407 0.647878 0.273246 -0.051638 -0.031654 -0.191369 -0.037353 0.385302 
-0.455304 -0.219692 -0.082609 -1.280138 1.788101 1.415176 -0.125705 1.103334 1.930757 0.705896 0.349350 0.317201 1.494559 1.171290 0.665256 0.197896 0.091533 0.205582 0.263849 -0.225777 0.144010 0.884439 -0.493155 0.065704 0.447077 
-0.169969 -1.424401 -0.106102 0.552731 2.086158 0.401565 1.720696 0.977270 -0.338101 0.070942 0.273299 1.824342 0.827755 0.575935 1.019475 1.329606 0.589545 0.202646 -0.710780 -0.113918 0.099236 0.040010 0.200232 -0.107255 -0.038585 
-0.386341 -0.660299 0.323180 0.138071 2.008669 1.771488 -0.047967 1.150590 1.474513 1.593050 0.501734 0.672536 1.307180 1.265402 0.673264 1.429642 1.453831 0.133100 0.032432 -0.293989 -0.008783 0.514960 -0.261040 0.366748 0.094476 
-0.230539 0.367735 1.162172 0.623346 2.244442 0.301576 1.397377 1.429194 0.600896 1.355881 0.844113 1.135934 0.662356 0.871940 1.307801 1.736535 0.406308 0.746346 0.018622 -0.014161 0.081310 -0.083210 0.024614 0.439776 -0.123051 
0.005519 1.138812 1.124079 1.176866 0.433456 0.758989 0.759469 0.830702 1.255275 0.822655 0.275246 0.298617 0.874617 2.000256 1.212078 1.646581 1.267356 1.811713 1.505431 -0.239320 0.446742 -0.082283 -0.599550 0.091222 0.035942 
0.310368 -0.169149 0.170241 2.149445 0.981759 0.020122 1.335009 1.478082 1.028608 1.947364 0.977456 1.662223 1.115263 2.223422 0.001665 0.761866 1.983334 1.737751 -0.272556 1.355062 0.070657 -0.068308 0.388094 -0.194320 -0.068419 
0.614287 1.868785 1.678763 0.260287 2.081605 2.220361 1.075197 0.921898 0.480822 0.829626 0.420513 1.141499 1.542572 1.361103 0.049363 2.059884 -0.092558 -0.008742 0.625432 0.913880 1.723872 -0.043028 -0.012323 -0.023435 0.125902 
1.226334 0.594421 -0.007651 1.742549 1.636569 0.797523 0.364810 1.897948 1.217302 1.932938 0.816648 1.776438 0.603836 1.269101 1.353295 0.908404 0.149523 1.505286 0.666218 2.003640 0.923292 1.866094 0.015319 -0.004171 0.083533 
1.314498 0.078250 0.694064 0.261802 1.192239 0.067033 -0.045050 0.482189 0.086833 0.822832 1.210281 1.741991 0.771407 0.607036 0.776944 1.615209 1.304781 0.791195 -0.143801 0.377100 1.819451 2.132824 0.691024 0.178634 0.064444 
