2.0 2.0 2.0 2.0 2.0 2.0 -1.0 -1.0 -1.0 -1.0 -1.0 -1.0 -1.0 -1.0 -1.0 -1.0 -1.0 -1.0 -1.0 -1.0 -1.0 -1.0 -1.0 -1.0 -1.0 
2.0 2.0 2.0 2.0 2.0 2.0 -1.0 -1.0 -1.0 -1.0 -1.0 -1.0 -1.0 -1.0 -1.0 -1.0 -1.0 -1.0 -1.0 -1.0 -1.0 -1.0 -1.0 -1.0 1.0 
2.0 2.0 2.0 2.0 2.0 2.0 2.0 -1.0 -1.0 -1.0 -1.0 -1.0 -1.0 -1.0 -1.0 -1.0 -1.0 -1.0 -1.0 -1.0 -1.0 -1.0 -1.0 -1.0 1.0 
2.0 2.0 2.0 2.0 2.0 2.0 2.0 -1.0 -1.0 -1.0 -1.0 -1.0 -1.0 -1.0 -1.0 -1.0 -1.0 -1.0 -1.0 -1.0 -1.0 -1.0 -1.0 1.0 1.0 
2.0 2.0 2.0 2.0 2.0 2.0 2.0 -1.0 -1.0 -1.0 -1.0 -1.0 -1.0 -1.0 -1.0 -1.0 -1.0 -1.0 -1.0 -1.0 -1.0 -1.0 -1.0 1.0 1.0 
2.0 2.0 2.0 2.0 2.0 2.0 2.0 2.0 -1.0 -1.0 -1.0 -1.0 -1.0 -1.0 -1.0 -1.0 -1.0 -1.0 -1.0 -1.0 -1.0 -1.0 1.0 1.0 1.0 
2.0 2.0 2.0 2.0 2.0 2.0 2.0 2.0 -1.0 -1.0 -1.0 -1.0 -1.0 -1.0 -1.0 -1.0 -1.0 -1.0 -1.0 -1.0 -1.0 -1.0 1.0 1.0 1.0 
2.0 2.0 2.0 2.0 2.0 2.0 2.0 2.0 -1.0 -1.0 -1.0 -1.0 -1.0 -1.0 -1.0 -1.0 -1.0 -1.0 -1.0 -1.0 -1.0 1.0 1.0 1.0 1.0 
2.0 2.0 2.0 2.0 2.0 2.0 2.0 2.0 2.0 -1.0 -1.0 -1.0 -1.0 -1.0 -1.0 -1.0 -1.0 -1.0 -1.0 -1.0 -1.0 1.0 1.0 1.0 1.0 
2.0 2.0 2.0 2.0 2.0 2.0 2.0 2.0 2.0 -1.0 -1.0 -1.0 -1.0 -1.0 -1.0 -1.0 -1.0 -1.0 -1.0 -1.0 1.0 1.0 1.0 1.0 1.0 
2.0 2.0 2.0 2.0 2.0 2.0 2.0 2.0 2.0 -1.0 -1.0 -1.0 -1.0 -1.0 -1.0 -1.0 -1.0 -1.0 -1.0 -1.0 1.0 1.0 1.0 1.0 1.0 
2.0 2.0 2.0 2.0 2.0 2.0 2.0 2.0 2.0 2.0 -1.0 -1.0 -1.0 -1.0 -1.0 -1.0 -1.0 -1.0 -1.0 1.0 1.0 1.0 1.0 1.0 1.0 
2.0 2.0 2.0 2.0 2.0 2.0 2.0 2.0 2.0 2.0 -1.0 -1.0 -1.0 -1.0 -1.0 -1.0 -1.0 -1.0 -1.0 1.0 1.0 1.0 1.0 1.0 1.0 
2.0 2.0 2.0 2.0 2.0 2.0 2.0 2.0 2.0 2.0 -1.0 -1.0 -1.0 -1.0 -1.0 -1.0 -1.0 -1.0 1.0 1.0 1.0 1.0 1.0 1.0 1.0 
2.0 2.0 2.0 2.0 2.0 2.0 2.0 2.0 2.0 2.0 2.0 -1.0 -1.0 -1.0 -1.0 -1.0 -1.0 -1.0 1.0 1.0 1.0 1.0 1.0 1.0 1.0 
2.0 2.0 2.0 2.0 2.0 2.0 2.0 2.0 2.0 2.0 0.0 0.0 0.0 0.0 -1.0 -1.0 -1.0 1.0 1.0 1.0 1.0 1.0 1.0 1.0 1.0 
2.0 2.0 2.0 2.0 2.0 2.0 2.0 2.0 2.0 0.0 0.0 0.0 0.0 0.0 0.0 0.0 -1.0 1.0 1.0 1.0 1.0 1.0 1.0 1.0 1.0 
2.0 2.0 2.0 2.0 2.0 2.0 2.0 2.0 0.0 0.0 0.0 0.0 0.0 0.0 0.0 0.0 0.0 -2.0 1.0 1.0 1.0 1.0 1.0 1.0 1.0 
2.0 2.0 2.0 2.0 2.0 2.0 2.0 0.0 0.0 0.0 0.0 0.0 0.0 0.0 0.0 0.0 0.0 -2.0 -2.0 -2.0 -2.0 -2.0 1.0 1.0 1.0 
2.0 2.0 2.0 2.0 2.0 2.0 2.0 0.0 0.0 0.0 0.0 0.0 0.0 0.0 0.0 0.0 0.0 -2.0 -2.0 -2.0 -2.0 -2.0 -2.0 -2.0 -2.0 
2.0 2.0 2.0 2.0 2.0 2.0 0.0 0.0 0.0 0.0 0.0 0.0 0.0 0.0 0.0 0.0 -2.0 -2.0 -2.0 -2.0 -2.0 -2.0 -2.0 -2.0 -2.0 
2.0 2.0 2.0 2.0 2.0 0.0 0.0 0.0 0.0 0.0 0.0 0.0 0.0 0.0 0.0 0.0 -2.0 -2.0 -2.0 -2.0 -2.0 -2.0 -2.0 -2.0 -2.0 
2.0 2.0 2.0 2.0 0.0 0.0 0.0 0.0 0.0 0.0 0.0 0.0 0.0 0.0 0.0 0.0 -2.0 -2.0 -2.0 -2.0 -2.0 -2.0 -2.0 -2.0 -2.0 
2.0 2.0 2.0 0.0 0.0 0.0 0.0 0.0 0.0 0.0 0.0 0.0 0.0 0.0 0.0 -2.0 -2.0 -2.0 -2.0 -2.0 -2.0 -2.0 -2.0 -2.0 -2.0 
2.0 2.0 2.0 0.0 0.0 0.0 0.0 0.0 0.0 0.0 0.0 0.0 0.0 0.0 0.0 -2.0 -2.0 -2.0 -2.0 -2.0 -2.0 -2.0 -2.0 -2.0 -2.0 

0.269992 0.755309 0.657176 0.526194 0.685113 0.290705 0.374520 0.295740 0.186282 0.512458 0.687493 0.901931 0.210130 0.560513 0.976163 0.124116 0.111365 0.836641 0.670149 0.960788 0.129792 0.244097 0.540247 0.948836 0.691626 
0.805747 0.555965 0.108183 0.249575 0.863671 0.035091 0.283172 0.103355 0.200835 0.726289 0.871475 0.014139 0.536164 0.331077 0.925456 0.921426 0.451374 0.688396 0.658188 0.035093 0.105332 0.365908 0.775689 0.188156 0.103496 
0.753666 0.492796 0.402877 0.343056 0.939209 0.231412 0.032143 0.155132 0.053716 0.296116 0.556091 0.856130 0.206342 0.038801 0.161062 0.580538 0.748739 0.899283 0.081253 0.958474 0.797713 0.184593 0.850606 0.141891 0.966200 
0.813911 0.733514 0.509084 0.892143 0.313269 0.650225 0.084019 0.458393 0.583691 0.380355 0.646744 0.657879 0.999571 0.967961 0.418050 0.517086 0.882203 0.702445 0.413273 0.103593 0.277045 0.804322 0.230194 0.805434 0.813035 
0.605827 0.834804 0.801394 0.652524 0.757814 0.352571 0.161807 0.866902 0.515744 0.025907 0.254610 0.902386 0.454259 0.120170 0.163425 0.039174 0.982441 0.409716 0.875441 0.202339 0.147332 0.648262 0.363282 0.077824 0.595387 
0.411479 0.320607 0.946600 0.211020 0.991776 0.133485 0.829134 0.437644 0.152939 0.246839 0.701564 0.998867 0.901062 0.841938 0.864001 0.772251 0.251442 0.494212 0.049997 0.818808 0.115998 0.402974 0.323008 0.565226 0.787752 
0.190125 0.253107 0.866551 0.557919 0.564566 0.574219 0.895724 0.595559 0.373011 0.589404 0.427530 0.045201 0.577675 0.734290 0.972825 0.468887 0.924227 0.111215 0.296830 0.457056 0.430640 0.997307 0.716509 0.105033 0.628438 
0.233062 0.001869 0.221515 0.139818 0.508460 0.990100 0.067458 0.286264 0.669380 0.706594 0.673991 0.196355 0.957561 0.416207 0.387465 0.371189 0.532992 0.424783 0.149614 0.495355 0.692451 0.076199 0.811034 0.441934 0.892214 
0.978272 0.055090 0.731443 0.464530 0.840882 0.653951 0.305107 0.241384 0.150707 0.019490 0.116006 0.109467 0.316265 0.737724 0.309435 0.655722 0.574958 0.707024 0.936312 0.696887 0.362175 0.599568 0.007569 0.122784 0.581586 
0.121914 0.222362 0.393305 0.896733 0.751178 0.850163 0.003599 0.363296 0.923719 0.219095 0.719679 0.714970 0.962210 0.257665 0.717973 0.281307 0.951731 0.790970 0.281119 0.881150 0.594906 0.613878 0.667887 0.237919 0.576306 
0.388648 0.760057 0.001248 0.856223 0.310962 0.746624 0.028218 0.106563 0.178575 0.103634 0.156732 0.182127 0.883205 0.424164 0.362403 0.614950 0.678742 0.416727 0.414339 0.354359 0.629250 0.414100 0.179231 0.302349 0.424406 
0.934246 0.293046 0.884597 0.891250 0.190159 0.355853 0.413479 0.683029 0.393612 0.783315 0.305589 0.088975 0.426005 0.732710 0.772211 0.606214 0.643209 0.296538 0.147059 0.451945 0.425741 0.035519 0.964172 0.229764 0.222644 
0.870479 0.975241 0.812804 0.672927 0.521873 0.204920 0.200335 0.984542 0.537172 0.675700 0.230733 0.758943 0.386904 0.454909 0.680176 0.335695 0.846428 0.618256 0.423803 0.467710 0.101296 0.445357 0.034399 0.675025 0.721152 
0.985431 0.366271 0.209464 0.460920 0.610886 0.134226 0.683563 0.119220 0.752360 0.684661 0.807999 0.252653 0.819782 0.222453 0.156807 0.907496 0.250722 0.959341 0.422657 0.307273 0.201446 0.255189 0.001951 0.536644 0.827654 
0.058695 0.310083 0.210122 0.525263 0.877187 0.902851 0.925529 0.038116 0.141672 0.393312 0.710772 0.689435 0.259267 0.221434 0.872240 0.822442 0.056210 0.214095 0.326458 0.067964 0.974380 0.370602 0.114955 0.238234 0.463409 
0.289036 0.273505 0.222577 0.266725 0.369819 0.761824 0.690542 0.139802 0.394322 0.171422 0.066732 0.615971 0.888339 0.314082 0.563795 0.589239 0.377620 0.343189 0.572697 0.985609 0.368879 0.015369 0.970985 0.653549 0.023590 
0.265410 0.219943 0.699487 0.089211 0.159213 0.804577 0.417064 0.776355 0.601821 0.700477 0.076614 0.831964 0.929414 0.923523 0.026105 0.020668 0.783680 0.726786 0.030976 0.793915 0.509735 0.106997 0.356826 0.944909 0.870195 
0.695565 0.730404 0.540203 0.320746 0.890705 0.454011 0.605909 0.052731 0.856061 0.426212 0.041421 0.678091 0.163712 0.085234 0.133811 0.729478 0.350937 0.852479 0.755296 0.739584 0.759628 0.410427 0.600522 0.846675 0.787404 
0.026433 0.380352 0.231373 0.333480 0.570166 0.285832 0.108537 0.707224 0.230037 0.387733 0.155040 0.103114 0.172877 0.252740 0.128083 0.024568 0.375226 0.044448 0.664919 0.430228 0.900262 0.562430 0.804824 0.420684 0.933134 
0.274497 0.115438 0.010248 0.538090 0.342085 0.557773 0.543893 0.461231 0.693222 0.286508 0.565327 0.940815 0.490786 0.002112 0.343814 0.632233 0.689848 0.241661 0.323109 0.219156 0.574852 0.006537 0.624303 0.236470 0.534983 
0.116246 0.164205 0.481750 0.816620 0.504828 0.569534 0.688523 0.973074 0.815554 0.152639 0.280619 0.701164 0.632478 0.616678 0.011856 0.419555 0.766658 0.370780 0.873773 0.672798 0.599344 0.724099 0.353816 0.791886 0.490198 
0.661888 0.777300 0.196262 0.125409 0.745723 0.293613 0.860924 0.247641 0.487814 0.561691 0.808669 0.184278 0.279491 0.100838 0.771158 0.191771 0.849219 0.188042 0.940230 0.673474 0.037036 0.835212 0.487088 0.500379 0.936637 
0.548346 0.748832 0.830587 0.517324 0.895030 0.775864 0.303316 0.428389 0.184519 0.482831 0.941902 0.969881 0.513668 0.127134 0.016266 0.770110 0.212159 0.635700 0.173397 0.060756 0.020301 0.779239 0.000839 0.062423 0.696149 
0.939384 0.386806 0.380656 0.964526 0.365761 0.101641 0.221084 0.930358 0.146766 0.313115 0.417130 0.447075 0.610493 0.311323 0.396976 0.777609 0.955611 0.547053 0.780090 0.293888 0.630745 0.854039 0.070382 0.497467 0.627954 
0.207547 0.552874 0.615817 0.278600 0.903962 0.345614 0.262865 0.016591 0.070475 0.598880 0.342686 0.285873 0.113434 0.707799 0.458766 0.787460 0.163152 0.583219 0.194447 0.426670 0.853534 0.348165 0.631833 0.592313 0.508389 

0.108145 1.468531 1.454510 1.447537 1.345228 0.250485 -0.401245 -0.174358 -0.119215 -0.765981 -0.257316 -0.718862 -0.141720 -0.204671 -0.716784 -0.389893 -0.150616 -0.775265 -0.612728 -0.778581 -0.051786 0.171295 -0.408807 -0.933420 -0.618917 
1.847554 1.092476 0.216940 0.400408 1.257722 0.118359 0.006380 -0.439628 0.029465 -0.591672 -0.906028 -0.156725 -0.588404 -0.264597 -0.881782 -0.932354 -0.187501 -0.567150 -0.800346 -0.121501 -0.456822 -0.549395 -0.549822 0.091526 0.321609 
1.023355 1.157658 0.762513 0.643530 2.009106 0.140815 0.338270 -0.098044 0.880243 -0.381878 -0.270155 -0.522683 -0.063751 -0.416686 0.071709 -0.484845 -1.036049 -1.129145 -0.070209 -0.721640 -0.898347 0.307799 -0.881631 -0.057947 0.823750 
1.653896 1.687345 1.288161 1.631993 0.709421 1.604385 0.229656 -0.418394 -0.921853 -0.238009 -0.795207 -0.689841 -0.652054 -0.697581 -0.376470 -0.537680 -1.071996 -0.791984 -0.594929 0.135619 -0.308853 -0.706191 -0.341859 0.721268 0.934306 
0.962239 1.588028 1.704166 1.422698 1.612373 0.623321 0.388696 -0.893520 -0.687715 -0.206849 -0.136816 -1.020245 -0.264238 -0.057613 0.083718 -0.224663 -0.831482 -0.410877 -1.113490 -0.130553 -0.440707 -0.757007 -0.535492 0.153436 0.801040 
1.036957 1.000904 2.004168 0.157749 1.968321 0.241180 1.501397 0.714313 -0.288571 -0.119800 -0.777415 -0.838600 -0.819705 -0.806703 -0.854277 -0.519072 -0.122853 -0.434243 0.179300 -0.818487 -0.290717 -0.473062 0.181145 0.435686 1.002025 
0.311613 0.392485 1.453911 1.424815 1.059535 1.064943 1.868030 1.277551 -0.517259 -0.649397 -0.440564 0.008253 -0.697819 -0.720004 -1.065838 -0.297228 -0.554900 -0.331476 -0.409965 -0.373602 -0.129783 -1.424630 0.976998 -0.064389 0.626883 
0.336057 -0.022945 0.449874 0.517662 1.155612 2.076823 0.269756 0.044142 -0.765736 -0.486950 -0.985174 -0.489504 -1.188680 -0.187490 -0.342791 -0.220080 -0.563252 -0.366456 -0.231770 -0.679171 -0.635449 -0.030267 0.783185 0.772727 0.896294 
1.699758 -0.271227 1.148091 0.640504 1.624675 1.488308 0.496356 0.422397 0.540985 -0.200540 0.120985 0.107640 -0.367514 -0.734685 -0.467733 -0.727138 -1.069323 -0.270938 -0.870822 -0.829607 -0.342967 0.551107 0.292610 0.196857 0.699276 
0.458534 0.422371 0.641238 1.711160 1.632177 1.946575 -0.248377 0.474015 1.665350 -0.487489 -0.698592 -0.594896 -0.882962 -0.505814 -0.497573 -0.235856 -1.249741 -1.006803 -0.354406 -1.077548 0.252401 0.798227 0.935669 0.254569 0.434956 
0.667644 1.407298 -0.193120 1.972987 0.567056 1.210025 0.205610 0.018197 0.192077 -0.191761 0.096956 -0.194639 -0.814986 -0.646393 -0.505519 -1.148106 -0.451931 -0.347006 -0.273203 -0.480900 0.783705 0.391671 0.415467 0.057391 0.269548 
2.045438 0.720606 2.033600 1.710952 0.736215 0.886588 0.718824 1.013285 0.388028 1.544531 -0.322745 0.358905 -0.459710 -0.752979 -0.835841 -0.723960 -0.145600 -0.399358 0.184784 0.487384 0.347005 0.170484 0.898410 0.324653 0.141693 
2.021577 1.783571 1.721032 1.310171 1.504231 0.316119 0.406555 2.178084 1.228818 1.437023 -0.458130 -0.665343 -0.113861 -0.531358 -0.782972 -0.468545 -1.071479 -0.746489 -0.032811 0.727929 0.448086 0.654969 -0.312725 0.786132 0.486714 
1.988403 0.875881 0.301972 1.051602 1.089321 0.010565 1.937218 0.364203 1.465892 1.314629 -1.099847 -0.245689 -1.073952 -0.235408 -0.323709 -0.789290 -0.558371 -0.870346 0.275932 0.502852 0.523449 0.665889 -0.043241 0.616554 0.959439 
0.155415 0.365539 0.203816 0.879182 1.484971 1.600505 1.806226 -0.113723 0.541719 0.750852 1.404266 -0.349007 -0.098997 -0.349899 -0.570701 -0.681950 -0.318499 -0.262254 0.443779 -0.178761 0.939118 0.706799 0.043493 0.176844 0.013270 
0.491687 0.404967 0.523474 0.296375 0.456254 1.672308 1.440214 0.290688 0.869192 0.276908 -0.365515 -0.013320 0.102480 -0.077252 -0.791156 -0.782171 -0.409264 0.530993 0.355807 0.874360 0.287221 0.299050 0.778495 0.323465 -0.223009 
0.484558 0.516204 1.531607 0.239224 0.303584 1.549838 0.564499 1.473543 0.896614 0.406629 -0.253235 0.215317 -0.113474 -0.198235 0.341716 0.242602 -0.930546 0.845471 0.105575 0.823624 0.655206 0.163764 -0.005089 0.689973 0.868692 
1.341717 1.617129 0.985410 0.651264 1.371699 0.707508 1.100452 0.061979 0.116825 -0.307817 0.400078 -0.278212 -0.025869 -0.017103 0.006212 -0.047246 -0.003952 -1.389835 1.276993 0.511742 0.750243 0.454818 0.738181 0.983265 0.649566 
-0.000991 0.700845 0.326035 0.783646 1.521787 0.418427 0.108645 0.224816 -0.245913 -0.212473 0.058507 -0.128926 -0.441248 -0.279928 0.264682 0.111741 -0.169442 -0.079936 -1.095395 -0.686656 -1.631422 -1.349199 0.876923 -0.122458 0.816098 
0.362762 0.118277 0.138473 0.909945 0.598204 1.258012 0.937845 -0.079352 -0.068208 -0.041902 0.068587 -0.514089 -0.223601 -0.176127 0.173592 -0.158804 0.100377 -0.235320 -0.542873 -0.437341 -1.324586 0.321076 -1.157427 -0.246486 -1.359115 
-0.060813 0.153367 1.052748 1.639219 1.031160 1.237755 -0.154902 0.119715 -0.003373 0.021859 0.094434 -0.034287 -0.090224 -0.189454 -0.122109 0.110835 -1.617211 -0.537111 -1.945656 -1.375096 -1.356924 -1.023865 -0.472348 -1.822624 -1.134735 
1.370082 1.625482 0.205314 0.451341 1.490077 0.019101 -0.072289 0.097205 -0.215604 -0.084198 -0.091550 -0.451281 0.380806 -0.049815 0.218749 -0.267146 -1.474435 -0.472934 -1.869170 -1.371479 0.102180 -1.444455 -1.177254 -0.928404 -1.706754 
1.323080 1.554792 1.790740 0.809534 -0.104108 0.003204 -0.011473 -0.047163 0.244865 0.169616 -0.107457 -0.261000 -0.185307 0.320800 -0.325283 0.125654 -0.570091 -1.385515 -0.507608 0.120733 -0.131930 -1.592924 0.266493 -0.245111 -1.602544 
2.021104 0.660687 0.823638 -0.186694 0.130388 0.045885 -0.458204 0.085150 0.017139 -0.224535 0.067121 -0.182868 -0.067032 -0.143970 0.150458 -1.337227 -1.769811 -0.932566 -1.714492 -0.787520 -1.644601 -1.796972 -0.185280 -1.155174 -1.188837 
0.623783 1.168248 1.166736 0.011505 0.030523 -0.140250 -0.178873 0.074456 -0.143641 0.005951 0.162690 -0.135473 0.101256 -0.032978 -0.143896 -1.327768 -0.570538 -1.203990 -0.345594 -0.913791 -1.759948 -0.345801 -1.144917 -1.196172 -0.708903 
