-1.0 -1.0 -1.0 -1.0 -1.0 -1.0 -1.0 -1.0 -1.0 -1.0 -1.0 -1.0 -1.0 -1.0 -1.0 -1.0 -1.0 -1.0 -1.0 -1.0 -1.0 -1.0 -1.0 -1.0 -1.0 
-1.0 -1.0 -1.0 -1.0 -1.0 -1.0 -1.0 -1.0 -1.0 -1.0 -1.0 -1.0 -1.0 -1.0 -1.0 -1.0 -1.0 -1.0 -1.0 -1.0 -1.0 -1.0 -1.0 -1.0 -1.0 
-1.0 -1.0 -1.0 -1.0 -1.0 -1.0 -1.0 -1.0 -1.0 -1.0 -1.0 -1.0 -1.0 -1.0 -1.0 -1.0 -1.0 -1.0 -1.0 -1.0 -1.0 -1.0 -1.0 -1.0 -1.0 
-1.0 -1.0 -1.0 -1.0 -1.0 -1.0 -1.0 -1.0 -1.0 -1.0 -1.0 -1.0 -1.0 -1.0 -1.0 -1.0 -1.0 -1.0 -1.0 -1.0 -1.0 -1.0 -1.0 -1.0 -1.0 
1.0 1.0 -1.0 -1.0 -1.0 -1.0 -1.0 -1.0 -1.0 -1.0 -1.0 -1.0 -1.0 -1.0 -1.0 -1.0 -1.0 -1.0 -1.0 -1.0 -1.0 -1.0 -1.0 -1.0 -1.0 
1.0 1.0 1.0 1.0 -1.0 -1.0 -1.0 -1.0 -1.0 -1.0 -1.0 -1.0 -1.0 -1.0 -1.0 -1.0 -1.0 -1.0 -1.0 -1.0 -1.0 -1.0 -1.0 -1.0 -1.0 
1.0 1.0 1.0 1.0 1.0 1.0 -1.0 -1.0 -1.0 -1.0 -1.0 -1.0 -1.0 -1.0 -1.0 -1.0 -1.0 -1.0 -1.0 -1.0 -1.0 -1.0 -1.0 -1.0 -2.0 
1.0 1.0 1.0 1.0 1.0 1.0 1.0 2.0 2.0 2.0 2.0 -1.0 -1.0 -1.0 -1.0 -1.0 -1.0 -1.0 -1.0 -1.0 -1.0 -1.0 -2.0 -2.0 -2.0 
1.0 1.0 1.0 1.0 1.0 1.0 1.0 1.0 2.0 2.0 2.0 2.0 2.0 2.0 2.0 2.0 -1.0 -1.0 -1.0 -1.0 -2.0 -2.0 -2.0 -2.0 -2.0 
1.0 1.0 1.0 1.0 1.0 1.0 1.0 1.0 2.0 2.0 2.0 2.0 2.0 2.0 2.0 2.0 2.0 2.0 2.0 -2.0 -2.0 -2.0 -2.0 -2.0 -2.0 
1.0 1.0 1.0 1.0 1.0 1.0 1.0 1.0 1.0 2.0 2.0 2.0 2.0 2.0 2.0 2.0 2.0 2.0 -2.0 -2.0 -2.0 -2.0 -2.0 -2.0 -2.0 
1.0 1.0 1.0 1.0 1.0 1.0 1.0 1.0 1.0 2.0 2.0 2.0 2.0 2.0 2.0 2.0 2.0 2.0 -2.0 -2.0 -2.0 -2.0 -2.0 -2.0 -2.0 
1.0 1.0 1.0 1.0 1.0 1.0 1.0 1.0 1.0 1.0 2.0 2.0 2.0 2.0 2.0 2.0 2.0 2.0 -2.0 -2.0 -2.0 -2.0 -2.0 -2.0 -2.0 
1.0 1.0 1.0 1.0 1.0 1.0 1.0 1.0 1.0 1.0 2.0 2.0 2.0 2.0 2.0 2.0 2.0 -2.0 -2.0 -2.0 -2.0 -2.0 -2.0 -2.0 -2.0 
1.0 1.0 1.0 1.0 1.0 1.0 1.0 1.0 1.0 1.0 1.0 2.0 2.0 2.0 2.0 2.0 2.0 -2.0 -2.0 -2.0 -2.0 -2.0 -2.0 -2.0 -2.0 
1.0 1.0 1.0 1.0 1.0 1.0 1.0 1.0 1.0 1.0 1.0 2.0 2.0 2.0 2.0 2.0 2.0 -2.0 -2.0 -2.0 -2.0 -2.0 -2.0 -2.0 -2.0 
1.0 1.0 1.0 1.0 1.0 1.0 1.0 1.0 1.0 1.0 1.0 1.0 2.0 2.0 2.0 2.0 -2.0 -2.0 -2.0 -2.0 -2.0 -2.0 -2.0 -2.0 -2.0 
1.0 1.0 1.0 1.0 1.0 1.0 1.0 1.0 1.0 1.0 1.0 1.0 2.0 2.0 2.0 2.0 -2.0 -2.0 -2.0 -2.0 -2.0 -2.0 -2.0 -2.0 -2.0 
1.0 1.0 1.0 1.0 1.0 1.0 1.0 1.0 1.0 0.0 0.0 0.0 0.0 0.0 0.0 0.0 -2.0 -2.0 -2.0 -2.0 -2.0 -2.0 -2.0 -2.0 -2.0 
1.0 1.0 1.0 1.0 1.0 1.0 0.0 0.0 0.0 0.0 0.0 0.0 0.0 0.0 0.0 0.0 -2.0 -2.0 -2.0 -2.0 -2.0 -2.0 -2.0 -2.0 -2.0 
1.0 1.0 1.0 0.0 0.0 0.0 0.0 0.0 0.0 0.0 0.0 0.0 0.0 0.0 0.0 0.0 0.0 -2.0 -2.0 -2.0 -2.0 -2.0 -2.0 -2.0 -2.0 
0.0 0.0 0.0 0.0 0.0 0.0 0.0 0.0 0.0 0.0 0.0 0.0 0.0 0.0 0.0 0.0 0.0 -2.0 -2.0 -2.0 -2.0 -2.0 -2.0 -2.0 -2.0 
0.0 0.0 0.0 0.0 0.0 0.0 0.0 0.0 0.0 0.0 0.0 0.0 0.0 0.0 0.0 0.0 0.0 0.0 -2.0 -2.0 -2.0 -2.0 -2.0 -2.0 -2.0 
0.0 0.0 0.0 0.0 0.0 0.0 0.0 0.0 0.0 0.0 0.0 0.0 0.0 0.0 0.0 0.0 0.0 0.0 -2.0 -2.0 -2.0 -2.0 -2.0 -2.0 -2.0 
0.0 0.0 0.0 0.0 0.0 0.0 0.0 0.0 0.0 0.0 0.0 0.0 0.0 0.0 0.0 0.0 0.0 0.0 -2.0 -2.0 -2.0 -2.0 -2.0 -2.0 -2.0 

0.889982 0.843427 0.591494 0.449406 0.551345 0.088874 0.908974 0.255000 0.803164 0.382723 0.258598 0.104109 0.024463 0.092651 0.721757 0.877949 0.479267 0.474802 0.820822 0.254834 0.071435 0.793495 0.214816 0.910699 0.084496 
0.035309 0.193846 0.149060 0.103078 0.880828 0.268945 0.559503 0.509701 0.213802 0.377334 0.564190 0.039086 0.538862 0.181726 0.412749 0.843588 0.142554 0.690727 0.446058 0.786734 0.109471 0.529494 0.300008 0.438376 0.305453 
0.736589 0.181118 0.156895 0.251413 0.181959 0.134644 0.769183 0.790506 0.420002 0.560354 0.922523 0.172634 0.927087 0.854559 0.742365 0.065656 0.474865 0.902598 0.889774 0.042712 0.740965 0.208188 0.757375 0.787919 0.331561 
0.887454 0.996440 0.598291 0.861572 0.828280 0.236254 0.484973 0.788019 0.092843 0.423837 0.672669 0.018489 0.714184 0.221979 0.077629 0.302572 0.701821 0.185166 0.307770 0.364595 0.011786 0.242389 0.025468 0.436601 0.225919 
0.865492 0.684907 0.454792 0.731926 0.768471 0.396106 0.991373 0.901291 0.297386 0.775737 0.487270 0.171920 0.494331 0.724866 0.691828 0.760711 0.837512 0.153860 0.374770 0.018558 0.492690 0.258040 0.617880 0.246328 0.546154 
0.134513 0.200014 0.899633 0.702572 0.590262 0.747489 0.741163 0.084983 0.002573 0.519403 0.619885 0.028008 0.218007 0.125167 0.450143 0.840921 0.547855 0.635093 0.981979 0.792120 0.245334 0.216231 0.726268 0.412344 0.254467 
0.931990 0.040267 0.233814 0.413433 0.432660 0.109104 0.153185 0.145974 0.894958 0.659818 0.732435 0.875114 0.218833 0.726634 0.791350 0.141991 0.388945 0.669505 0.614714 0.552023 0.579189 0.465677 0.577483 0.453201 0.473610 
0.603033 0.709279 0.318401 0.485377 0.886268 0.061985 0.647857 0.662653 0.978990 0.220572 0.740523 0.691941 0.055442 0.686095 0.892869 0.472647 0.857344 0.681066 0.041857 0.757336 0.445057 0.581355 0.134266 0.710246 0.178310 
0.983602 0.132265 0.144798 0.646325 0.647925 0.735428 0.877081 0.877910 0.388275 0.970944 0.834718 0.775116 0.192355 0.617900 0.311646 0.908561 0.230528 0.597113 0.908496 0.564049 0.429255 0.378725 0.083950 0.104721 0.724201 
0.453186 0.558856 0.885128 0.522268 0.877762 0.010187 0.439400 0.763790 0.462219 0.453445 0.308582 0.352648 0.323595 0.541698 0.610199 0.176551 0.438649 0.991375 0.652295 0.284364 0.201458 0.738656 0.795370 0.438518 0.919957 
0.218133 0.962718 0.452944 0.461414 0.871710 0.912890 0.689900 0.564983 0.823891 0.561172 0.120770 0.293699 0.108854 0.598655 0.698012 0.910823 0.484830 0.589155 0.931898 0.255133 0.395075 0.841233 0.965938 0.083362 0.623478 
0.762731 0.680726 0.762518 0.787340 0.754732 0.083305 0.893358 0.703140 0.076440 0.778476 0.411983 0.825310 0.689333 0.444203 0.991006 0.705254 0.522392 0.822055 0.715226 0.373850 0.865153 0.648607 0.295653 0.357249 0.401756 
0.337469 0.427687 0.111672 0.171023 0.624929 0.501474 0.902274 0.232685 0.008164 0.210253 0.732577 0.377840 0.059824 0.681965 0.201264 0.690488 0.658891 0.328431 0.510947 0.328400 0.830577 0.371791 0.698543 0.009663 0.261912 
0.695656 0.583409 0.833077 0.719461 0.495111 0.513967 0.129455 0.816713 0.402473 0.647176 0.113401 0.121144 0.515214 0.662493 0.058471 0.164841 0.409316 0.827047 0.470242 0.683087 0.772996 0.273949 0.074066 0.749951 0.587249 
0.339899 0.678937 0.553305 0.122076 0.683330 0.196690 0.521939 0.214788 0.761654 0.380142 0.738764 0.166262 0.131153 0.288462 0.914071 0.102769 0.593493 0.273662 0.380958 0.282693 0.741521 0.776657 0.926896 0.268181 0.291225 
0.510033 0.115423 0.565844 0.450102 0.843439 0.669533 0.720143 0.451249 0.698586 0.560187 0.958205 0.603183 0.362058 0.800585 0.039433 0.945459 0.498048 0.935691 0.821391 0.684061 0.091324 0.784390 0.730744 0.967851 0.069415 
0.564024 0.851815 0.979260 0.680200 0.874536 0.020279 0.495852 0.502917 0.925946 0.581101 0.035097 0.142896 0.353305 0.297111 0.935029 0.780908 0.289901 0.295702 0.682198 0.124351 0.531472 0.466317 0.321171 0.501919 0.264028 
0.691152 0.468104 0.588581 0.515524 0.470878 0.741971 0.150387 0.448982 0.044875 0.364375 0.288648 0.204029 0.473547 0.477075 0.082077 0.872452 0.831900 0.719339 0.316702 0.896275 0.327029 0.503404 0.355842 0.816167 0.456600 
0.530946 0.914474 0.178911 0.967558 0.584791 0.092759 0.473238 0.141834 0.680210 0.537955 0.353570 0.162005 0.246284 0.259916 0.993235 0.094191 0.191048 0.542403 0.073141 0.506423 0.605839 0.854283 0.508170 0.658346 0.374610 
0.119154 0.202116 0.159684 0.994566 0.397119 0.984131 0.889316 0.224720 0.514138 0.991668 0.653014 0.292659 0.307700 0.805576 0.467980 0.571526 0.526671 0.163463 0.772782 0.362385 0.790560 0.630375 0.696678 0.535789 0.549713 
0.757605 0.787339 0.764187 0.412995 0.566525 0.929560 0.675418 0.200273 0.690888 0.979327 0.824282 0.738800 0.394040 0.325131 0.204250 0.163585 0.781437 0.489490 0.069202 0.699165 0.547399 0.848526 0.639074 0.354995 0.202839 
0.726450 0.216947 0.826167 0.674175 0.027261 0.847042 0.404342 0.048887 0.287388 0.448208 0.200024 0.666485 0.894750 0.362642 0.229937 0.734449 0.349975 0.142366 0.669113 0.091468 0.982909 0.481047 0.968374 0.834390 0.283529 
0.373699 0.082247 0.275337 0.866807 0.041623 0.174803 0.424884 0.582478 0.256403 0.169222 0.012441 0.886861 0.739611 0.310940 0.463849 0.961781 0.644806 0.045754 0.430670 0.634417 0.082743 0.408522 0.734620 0.183365 0.771822 
0.358354 0.175409 0.289153 0.704281 0.006024 0.210222 0.004034 0.122565 0.910806 0.059113 0.375146 0.241362 0.800152 0.816854 0.084936 0.404679 0.478075 0.392634 0.198940 0.704147 0.358314 0.626010 0.897093 0.003411 0.807926 
0.394571 0.753721 0.557754 0.431423 0.759620 0.069266 0.909797 0.830469 0.200706 0.491148 0.301086 0.630222 0.397080 0.030399 0.058516 0.867585 0.236505 0.456242 0.556944 0.963455 0.342483 0.565250 0.559690 0.772041 0.321012 

-0.844420 -0.836146 -0.611231 -0.321956 -0.483738 -0.151500 -1.086682 -0.112462 -0.802956 -0.400151 -0.220090 -0.163033 0.097730 -0.245129 -0.793130 -0.676242 -0.634037 -0.660676 -0.829897 -0.241019 -0.209481 -0.811054 -0.267946 -0.937469 -0.021033 
-0.038863 -0.149052 -0.194503 0.060843 -0.723921 -0.067895 -0.519990 -0.499028 -0.165811 -0.594584 -0.485447 -0.225221 -0.411691 -0.167865 -0.470434 -0.808523 -0.196513 -0.640742 -0.592012 -0.989594 -0.042211 -0.355819 -0.346018 -0.456291 -0.486719 
-0.767676 -0.249595 -0.142946 -0.379259 -0.073718 -0.149427 -0.848215 -0.803557 -0.432188 -0.496566 -0.990650 -0.236074 -0.881923 -0.841738 -0.811183 -0.007595 -0.168976 -0.796373 -1.002626 0.003736 -0.707643 -0.267412 -0.660955 -0.655313 -0.130930 
-1.013094 -1.005584 -0.619119 -0.779084 -0.889691 -0.198088 -0.491909 -0.650038 0.014223 -0.336277 -0.594050 0.012896 -0.831004 -0.217062 -0.128490 -0.493998 -0.808403 -0.084227 -0.283435 -0.419853 0.059784 -0.241608 0.083681 -0.434142 -0.175428 
0.966481 0.570035 -0.465849 -0.654973 -0.709701 -0.635913 -0.958638 -0.885110 -0.329641 -0.689761 -0.525629 -0.091431 -0.569197 -0.650574 -0.678827 -0.645534 -0.917479 -0.205978 -0.428066 -0.056077 -0.584034 -0.194603 -0.729980 -0.234294 -0.674900 
-0.044429 0.115868 0.958690 0.712923 -0.561416 -0.767602 -0.716550 -0.146139 0.017853 -0.514761 -0.666976 -0.094608 -0.287847 -0.155758 -0.515825 -0.821436 -0.489033 -0.857336 -0.801250 -0.887048 -0.414554 -0.289862 -0.697829 -0.307003 -0.361988 
0.683490 0.039549 -0.006037 0.432221 0.359765 0.008103 -0.280511 -0.135977 -0.820302 -0.478997 -0.583940 -0.913820 -0.286395 -0.880703 -0.724580 -0.215075 -0.441121 -0.577562 -0.704388 -0.562982 -0.720489 -0.467728 -0.694669 -0.513558 -0.923887 
0.798902 0.716013 0.421525 0.467038 0.890740 0.103214 0.744620 1.230809 2.075703 0.559917 1.424885 -0.538838 -0.075596 -0.661235 -0.931258 -0.496582 -0.635368 -0.639966 0.019656 -0.814695 -0.479926 -0.639187 -0.036142 -1.332599 -0.288160 
0.996654 0.192299 0.218581 0.527109 0.620885 0.834856 0.868250 0.891680 0.621623 2.167450 1.638640 1.482074 0.397948 1.176700 0.694685 1.636730 -0.373516 -0.840099 -0.932456 -0.555727 -0.863337 -0.842283 -0.211593 -0.316064 -1.327147 
0.302208 0.610338 0.877259 0.281631 0.866317 0.076741 0.471874 0.880823 1.056426 0.788968 0.648919 0.736923 0.668587 1.243260 1.158861 0.199568 0.937570 2.148846 1.325309 -0.578127 -0.369125 -1.470684 -1.598552 -0.911331 -1.846565 
0.327704 0.909924 0.453952 0.315254 0.816743 0.850289 0.879035 0.573881 1.078916 1.196113 0.192895 0.587292 0.179223 1.175809 1.481575 1.906014 1.062458 1.094046 -1.958808 -0.375327 -0.926825 -1.742766 -2.050564 -0.276443 -1.308701 
0.636403 0.714535 0.770200 0.688758 0.709185 0.010482 0.804017 0.639392 0.022308 1.510297 0.831765 1.597518 1.291074 0.983566 1.983810 1.323276 1.053168 1.721855 -1.456487 -0.781159 -1.671088 -1.287317 -0.433093 -0.973485 -0.838676 
0.245395 0.421320 0.166152 0.184204 0.736621 0.749219 0.740463 0.181307 0.053852 0.263295 1.411090 0.957102 0.018581 1.316010 0.417011 1.463916 1.416641 0.528764 -1.009688 -0.797438 -1.691698 -0.908771 -1.414656 0.031724 -0.466920 
0.813866 0.475600 0.752049 0.731082 0.492654 0.378768 0.206612 0.770346 0.327593 0.692139 0.245812 0.308011 0.780605 1.380740 0.094980 0.257734 0.961895 -1.507811 -1.001746 -1.306037 -1.701960 -0.591187 -0.226365 -1.561651 -1.069704 
0.486733 0.697073 0.313187 0.161766 0.776846 0.193965 0.518459 0.109099 0.899676 0.350639 0.807407 0.266467 0.281919 0.680084 1.981787 0.217761 1.234924 -0.634703 -0.648512 -0.612293 -1.383794 -1.382498 -1.839305 -0.500130 -0.583922 
0.435402 0.146662 0.635351 0.381383 0.880877 0.497764 0.882371 0.400742 0.804300 0.521582 1.091371 1.296022 0.662655 1.472224 0.065190 2.004072 1.054709 -1.816377 -1.639997 -1.499098 -0.214729 -1.522962 -1.522133 -1.936009 -0.169581 
0.485230 0.933872 0.999930 0.743631 0.863280 0.003301 0.587193 0.559170 0.883692 0.699466 0.040431 0.093102 0.864605 0.612619 1.906612 1.604025 -0.623260 -0.536089 -1.536809 -0.207996 -1.053779 -0.999505 -0.746061 -0.977959 -0.426335 
0.717646 0.458729 0.427152 0.444168 0.423918 0.790498 0.050869 0.557973 0.029726 0.269174 0.051469 0.325161 1.071093 1.017870 0.302000 1.731046 -1.747576 -1.400436 -0.633886 -1.890480 -0.792781 -1.144633 -0.606999 -1.565640 -0.921752 
0.596064 0.836260 0.197685 1.157899 0.559855 0.189656 0.549351 0.075462 0.589082 0.113993 0.149837 -0.111232 0.082785 0.102383 0.044794 0.033486 -0.343219 -1.015932 -0.083726 -1.090957 -1.091650 -1.658520 -0.970555 -1.319329 -0.707536 
-0.031529 -0.002800 0.246847 1.012584 0.344333 0.993590 0.073031 0.119176 -0.036945 -0.082284 0.127918 0.109359 0.050898 -0.033798 0.022938 0.007021 -1.018237 -0.338365 -1.577895 -0.941975 -1.609093 -1.196784 -1.354665 -1.026367 -1.099065 
0.700293 0.908137 0.874060 0.152279 0.026938 -0.142651 -0.145016 -0.087441 0.018327 -0.161572 -0.102751 -0.010499 -0.018807 0.105159 0.029661 0.113164 0.108726 -1.058446 -0.022350 -1.542656 -1.305276 -1.850716 -1.460207 -0.753421 -0.387650 
-0.124993 0.012954 -0.171564 0.063099 -0.201533 -0.024394 0.096729 0.118021 0.140542 -0.026082 0.086955 0.051516 0.013514 0.141679 0.057712 0.121125 0.077885 -0.393114 -1.429422 -0.241603 -2.005980 -1.077380 -2.012974 -1.728258 -0.514815 
-0.019851 -0.110794 0.240672 -0.240540 0.139628 -0.174883 -0.161701 0.116267 0.006121 -0.003081 0.132149 0.070496 -0.060716 -0.007411 -0.063333 0.087532 0.020885 0.049416 -0.812209 -1.241063 -0.355969 -1.001997 -1.566183 -0.298302 -1.481871 
0.079280 -0.095541 -0.156825 0.000715 0.022241 0.023782 0.054431 0.192725 0.151249 0.087206 0.024716 0.012027 -0.037850 -0.061977 -0.046306 0.062011 -0.081939 -0.110430 -0.341483 -1.290464 -0.831077 -1.267893 -1.917768 -0.185244 -1.684396 
-0.053107 0.000539 0.001363 -0.030372 0.105463 0.006409 0.085885 -0.072690 -0.080529 0.123125 -0.051245 0.081477 0.079492 -0.190789 0.059870 -0.017660 -0.057689 0.068764 -1.224223 -1.958765 -0.774130 -1.291479 -1.075382 -1.485453 -0.602528 
