2.0 2.0 2.0 2.0 2.0 2.0 2.0 2.0 2.0 -1.0 -1.0 -1.0 -1.0 -1.0 -1.0 -1.0 -1.0 -1.0 -1.0 -1.0 -1.0 -1.0 -1.0 -1.0 -1.0 
0.0 2.0 2.0 2.0 2.0 2.0 2.0 2.0 2.0 -1.0 -1.0 -1.0 -1.0 -1.0 -1.0 -1.0 -1.0 -1.0 -1.0 -1.0 -1.0 -1.0 -1.0 -1.0 -1.0 
0.0 2.0 2.0 2.0 2.0 2.0 2.0 2.0 2.0 2.0 -1.0 -1.0 -1.0 -1.0 -1.0 -1.0 -1.0 -1.0 -1.0 -1.0 -1.0 -1.0 -1.0 -1.0 -1.0 
0.0 0.0 2.0 2.0 2.0 2.0 2.0 2.0 2.0 2.0 2.0 -1.0 -1.0 -1.0 -1.0 -1.0 -1.0 -1.0 -1.0 -1.0 -1.0 -1.0 -1.0 -1.0 -1.0 
0.0 0.0 2.0 2.0 2.0 2.0 2.0 2.0 2.0 2.0 2.0 2.0 -1.0 -1.0 -1.0 -1.0 -1.0 -1.0 -1.0 -1.0 -1.0 -1.0 -1.0 -1.0 -1.0 
0.0 0.0 0.0 2.0 2.0 2.0 2.0 2.0 2.0 2.0 2.0 2.0 1.0 1.0 1.0 1.0 -1.0 -1.0 -1.0 -1.0 -1.0 -1.0 -1.0 -1.0 -1.0 
0.0 0.0 0.0 2.0 2.0 2.0 2.0 2.0 2.0 2.0 2.0 2.0 1.0 1.0 1.0 1.0 1.0 1.0 1.0 1.0 -1.0 -1.0 -1.0 -1.0 -1.0 
0.0 0.0 0.0 0.0 2.0 2.0 2.0 2.0 2.0 2.0 2.0 2.0 1.0 1.0 1.0 1.0 1.0 1.0 1.0 1.0 1.0 1.0 1.0 1.0 -1.0 
0.0 0.0 0.0 0.0 2.0 2.0 2.0 2.0 2.0 2.0 2.0 2.0 1.0 1.0 1.0 1.0 1.0 1.0 1.0 1.0 1.0 1.0 1.0 1.0 1.0 
0.0 0.0 0.0 0.0 0.0 2.0 2.0 2.0 2.0 2.0 2.0 2.0 1.0 1.0 1.0 1.0 1.0 1.0 1.0 1.0 1.0 1.0 1.0 1.0 1.0 
0.0 0.0 0.0 0.0 0.0 2.0 2.0 2.0 2.0 2.0 2.0 2.0 1.0 1.0 1.0 1.0 1.0 1.0 1.0 1.0 1.0 1.0 1.0 1.0 1.0 
0.0 0.0 0.0 0.0 0.0 0.0 2.0 2.0 2.0 2.0 2.0 2.0 1.0 1.0 1.0 1.0 1.0 1.0 1.0 1.0 1.0 1.0 1.0 1.0 1.0 
0.0 0.0 0.0 0.0 0.0 0.0 2.0 2.0 2.0 2.0 2.0 2.0 1.0 1.0 1.0 1.0 1.0 1.0 1.0 1.0 1.0 1.0 1.0 1.0 1.0 
0.0 0.0 0.0 0.0 0.0 0.0 -2.0 -2.0 2.0 2.0 2.0 2.0 1.0 1.0 1.0 1.0 1.0 1.0 1.0 1.0 1.0 1.0 1.0 1.0 1.0 
0.0 0.0 0.0 0.0 0.0 -2.0 -2.0 -2.0 -2.0 -2.0 -2.0 -2.0 1.0 1.0 1.0 1.0 1.0 1.0 1.0 1.0 1.0 1.0 1.0 1.0 1.0 
0.0 0.0 0.0 0.0 -2.0 -2.0 -2.0 -2.0 -2.0 -2.0 -2.0 -2.0 -2.0 1.0 1.0 1.0 1.0 1.0 1.0 1.0 1.0 1.0 1.0 1.0 1.0 
0.0 0.0 0.0 -2.0 -2.0 -2.0 -2.0 -2.0 -2.0 -2.0 -2.0 -2.0 -2.0 -2.0 1.0 1.0 1.0 1.0 1.0 1.0 1.0 1.0 1.0 1.0 1.0 
0.0 -2.0 -2.0 -2.0 -2.0 -2.0 -2.0 -2.0 -2.0 -2.0 -2.0 -2.0 -2.0 -2.0 -2.0 1.0 1.0 1.0 1.0 1.0 1.0 1.0 1.0 1.0 1.0 
-2.0 -2.0 -2.0 -2.0 -2.0 -2.0 -2.0 -2.0 -2.0 -2.0 -2.0 -2.0 -2.0 -2.0 -2.0 1.0 1.0 1.0 1.0 1.0 1.0 1.0 1.0 1.0 1.0 
-2.0 -2.0 -2.0 -2.0 -2.0 -2.0 -2.0 -2.0 -2.0 -2.0 -2.0 -2.0 -2.0 -2.0 -2.0 -2.0 1.0 1.0 1.0 1.0 1.0 1.0 1.0 1.0 1.0 
-2.0 -2.0 -2.0 -2.0 -2.0 -2.0 -2.0 -2.0 -2.0 -2.0 -2.0 -2.0 -2.0 -2.0 -2.0 -2.0 -2.0 1.0 1.0 1.0 1.0 1.0 1.0 1.0 1.0 
-2.0 -2.0 -2.0 -2.0 -2.0 -2.0 -2.0 -2.0 -2.0 -2.0 -2.0 -2.0 -2.0 -2.0 -2.0 -2.0 -2.0 -2.0 1.0 1.0 1.0 1.0 1.0 1.0 1.0 
-2.0 -2.0 -2.0 -2.0 -2.0 -2.0 -2.0 -2.0 -2.0 -2.0 -2.0 -2.0 -2.0 -2.0 -2.0 -2.0 -2.0 -2.0 -2.0 1.0 1.0 1.0 1.0 1.0 1.0 
-2.0 -2.0 -2.0 -2.0 -2.0 -2.0 -2.0 -2.0 -2.0 -2.0 -2.0 -2.0 -2.0 -2.0 -2.0 -2.0 -2.0 -2.0 -2.0 -2.0 1.0 1.0 1.0 1.0 1.0 
-2.0 -2.0 -2.0 -2.0 -2.0 -2.0 -2.0 -2.0 -2.0 -2.0 -2.0 -2.0 -2.0 -2.0 -2.0 -2.0 -2.0 -2.0 -2.0 -2.0 -2.0 1.0 1.0 1.0 1.0 

0.111597 0.623082 0.214426 0.152391 0.168178 0.340528 0.037165 0.229184 0.059676 0.912321 0.597660 0.094290 0.535632 0.601483 0.684661 0.454267 0.347717 0.108850 0.721871 0.678017 0.343584 0.144001 0.421505 0.624253 0.318943 
0.292417 0.054629 0.737519 0.222815 0.809608 0.307071 0.284437 0.564775 0.132304 0.903815 0.456233 0.277726 0.368158 0.567963 0.525072 0.002662 0.229559 0.652651 0.870934 0.976697 0.176800 0.409770 0.522178 0.317448 0.505144 
0.131922 0.371949 0.246156 0.302843 0.480755 0.972645 0.003932 0.411359 0.775156 0.172793 0.623913 0.897911 0.295250 0.875744 0.966641 0.360809 0.437824 0.766933 0.555752 0.929023 0.184283 0.202341 0.802662 0.375515 0.576024 
0.137067 0.867839 0.011466 0.174056 0.709780 0.210641 0.204281 0.411886 0.693396 0.780765 0.137802 0.525831 0.704454 0.077986 0.047129 0.224795 0.713170 0.000563 0.038609 0.349409 0.790928 0.686308 0.909430 0.060110 0.095070 
0.345547 0.172893 0.697911 0.668084 0.865635 0.766158 0.790349 0.651524 0.660112 0.759108 0.053743 0.144453 0.204750 0.746268 0.749739 0.424973 0.904014 0.418342 0.536401 0.968532 0.084277 0.158242 0.388567 0.648006 0.216756 
0.543269 0.553974 0.692978 0.239217 0.127398 0.578399 0.905385 0.431659 0.383714 0.109666 0.102415 0.871074 0.412632 0.260522 0.834489 0.511292 0.680955 0.284393 0.763217 0.830962 0.095564 0.729788 0.866962 0.764330 0.624805 
0.892094 0.010236 0.038954 0.455374 0.689636 0.592244 0.515628 0.058962 0.716619 0.435625 0.907145 0.755488 0.010443 0.251767 0.263851 0.521194 0.369639 0.778365 0.599109 0.634147 0.577391 0.366719 0.873339 0.573322 0.488417 
0.803428 0.576917 0.377429 0.942798 0.348957 0.337870 0.981809 0.816653 0.708062 0.428005 0.075026 0.549052 0.046732 0.686116 0.328439 0.073118 0.772194 0.302056 0.629644 0.951504 0.610151 0.170802 0.222905 0.591056 0.074259 
0.006440 0.991617 0.393871 0.583707 0.654397 0.159656 0.892380 0.067875 0.942840 0.558551 0.653428 0.218596 0.687332 0.618218 0.964879 0.891162 0.190692 0.017552 0.657129 0.934615 0.084520 0.055016 0.919486 0.370572 0.597359 
0.576539 0.110076 0.128386 0.049072 0.148111 0.893332 0.496061 0.671250 0.899746 0.917506 0.268673 0.494475 0.711278 0.254676 0.381507 0.814961 0.421166 0.813541 0.261058 0.496995 0.081080 0.425376 0.107456 0.313620 0.731290 
0.778627 0.228494 0.984913 0.253406 0.943957 0.025429 0.580437 0.504638 0.161203 0.983801 0.847391 0.009609 0.975460 0.423437 0.775311 0.494244 0.448084 0.086528 0.551414 0.514985 0.065020 0.256980 0.605448 0.828139 0.153642 
0.133586 0.399760 0.739671 0.755036 0.796602 0.662761 0.473678 0.276696 0.473507 0.407673 0.298250 0.110984 0.299451 0.340873 0.448577 0.953609 0.365063 0.363988 0.452396 0.942420 0.454521 0.787215 0.874183 0.033786 0.195562 
0.298126 0.825402 0.826095 0.246177 0.865152 0.598524 0.512123 0.522700 0.801505 0.081548 0.060185 0.485769 0.798669 0.060668 0.173530 0.668440 0.811494 0.233710 0.686960 0.390500 0.098678 0.114529 0.441837 0.388700 0.771146 
0.956726 0.446735 0.860718 0.085643 0.197988 0.750656 0.203279 0.740678 0.439896 0.197747 0.692968 0.609121 0.131910 0.799189 0.373320 0.532782 0.964687 0.238743 0.834479 0.169941 0.425136 0.714502 0.802839 0.651653 0.256051 
0.376475 0.126328 0.444772 0.386554 0.769038 0.279678 0.398208 0.009786 0.813413 0.418717 0.231237 0.067383 0.050462 0.154389 0.174274 0.596259 0.930245 0.267511 0.666079 0.986928 0.327932 0.543483 0.140287 0.423395 0.854404 
0.720420 0.566944 0.953969 0.019186 0.343373 0.547284 0.338314 0.226442 0.296266 0.296509 0.090686 0.123359 0.721327 0.339134 0.907333 0.527223 0.798076 0.966298 0.424498 0.959481 0.123497 0.264622 0.854027 0.847685 0.233983 
0.696370 0.684970 0.657105 0.625480 0.777192 0.619131 0.387180 0.150359 0.730244 0.393328 0.073975 0.238431 0.675529 0.910471 0.335558 0.128707 0.697827 0.462719 0.940189 0.985285 0.829825 0.029259 0.512121 0.671652 0.405095 
0.405091 0.139611 0.359175 0.679274 0.514708 0.597343 0.327147 0.900204 0.011370 0.518974 0.871900 0.926892 0.263967 0.863471 0.102504 0.798100 0.504457 0.504473 0.378847 0.573226 0.032833 0.478453 0.807667 0.135376 0.156878 
0.729122 0.774138 0.520083 0.381448 0.893859 0.814959 0.172085 0.751213 0.683461 0.912067 0.951750 0.647508 0.106430 0.601708 0.208939 0.144116 0.996561 0.137247 0.587295 0.189826 0.205481 0.976128 0.643558 0.827056 0.425493 
0.308819 0.524154 0.779587 0.361581 0.635227 0.740549 0.461002 0.631195 0.139530 0.845614 0.674420 0.447936 0.322302 0.192012 0.779549 0.075740 0.240857 0.777314 0.720792 0.110223 0.182306 0.311864 0.871937 0.809134 0.840289 
0.050310 0.379982 0.726859 0.535648 0.788625 0.099492 0.887250 0.400207 0.717396 0.717910 0.315471 0.571009 0.062922 0.134236 0.466701 0.048341 0.720896 0.475901 0.179709 0.579178 0.034762 0.903483 0.403381 0.235426 0.821236 
0.168041 0.952556 0.325051 0.219895 0.974035 0.843804 0.174975 0.202174 0.095750 0.444626 0.567983 0.331119 0.256124 0.437205 0.119951 0.893343 0.759478 0.879822 0.522231 0.337858 0.855452 0.035591 0.136741 0.205600 0.179169 
0.596883 0.754967 0.787552 0.173603 0.428587 0.161144 0.183637 0.918786 0.314138 0.458958 0.026281 0.495488 0.476810 0.983347 0.972720 0.094116 0.931415 0.218427 0.903879 0.114315 0.351498 0.356934 0.321302 0.087516 0.206400 
0.086888 0.445985 0.119728 0.636318 0.994275 0.993555 0.641747 0.543386 0.546484 0.989060 0.488964 0.611203 0.805488 0.232455 0.047384 0.765323 0.307211 0.767818 0.440757 0.859116 0.772868 0.410472 0.335859 0.982897 0.934457 
0.951302 0.254753 0.532089 0.366049 0.911847 0.173017 0.990504 0.305089 0.142065 0.022333 0.203163 0.050637 0.280187 0.454103 0.212632 0.107368 0.973949 0.783483 0.592905 0.202900 0.821358 0.049356 0.385543 0.801281 0.627730 

0.270258 1.250749 0.311539 0.324029 0.189885 0.622700 0.062923 0.330966 0.091740 -0.966900 -0.543485 -0.069548 -0.544072 -0.612284 -0.702115 -0.369206 -0.445893 -0.165521 -0.846933 -0.740371 -0.444753 -0.048169 -0.404012 -0.660874 -0.270832 
-0.049922 0.226398 1.442247 0.448461 1.683335 0.439945 0.637600 1.087125 0.069136 -0.835790 -0.508258 -0.142263 -0.357484 -0.610020 -0.437868 0.146112 -0.037795 -0.498094 -0.661685 -1.015824 -0.229925 -0.360457 -0.387845 -0.307778 -0.512526 
0.066240 0.754860 0.668648 0.570770 1.110278 2.059706 -0.021133 0.966470 1.564495 0.499295 -0.568112 -1.066873 -0.270100 -0.895526 -0.886919 -0.368341 -0.430056 -0.669926 -0.606477 -0.786088 -0.153161 -0.327574 -0.837272 -0.463158 -0.605096 
0.001650 -0.092336 0.109292 0.408186 1.417431 0.617897 0.404764 0.985084 1.368699 1.610624 0.460361 -0.612642 -0.681284 -0.103613 -0.165037 -0.218793 -0.786440 -0.111345 -0.066466 -0.300508 -0.654670 -0.651571 -0.962330 -0.114711 -0.179055 
0.004737 0.083898 1.503731 1.302593 1.804066 1.500990 1.520722 1.440700 1.344144 1.570793 0.216871 0.287940 -0.314162 -0.697752 -0.689230 -0.368808 -1.055745 -0.507344 -0.572998 -0.954026 -0.085643 -0.019856 -0.311536 -0.628167 -0.180557 
-0.007775 0.039620 0.113064 0.382785 0.335079 1.013823 1.597384 0.767530 0.765034 0.308403 0.130233 1.732011 0.579120 0.188997 0.903196 0.460289 -0.685330 -0.312837 -0.777512 -0.799290 -0.043538 -0.715203 -0.959778 -0.924330 -0.830143 
0.048527 -0.000712 0.004015 0.898453 1.113663 1.209339 1.147319 -0.101893 1.403597 0.813421 1.813888 1.432679 -0.086118 0.330733 0.197937 0.656069 0.298998 0.584880 0.706510 0.754232 -0.258696 -0.349510 -0.866175 -0.709819 -0.626116 
-0.012487 0.056136 -0.163388 -0.086175 0.475252 0.672863 1.999959 1.567573 1.455937 0.784698 0.073795 1.258807 -0.033118 0.751356 0.235868 -0.017966 0.750458 0.267307 0.704854 0.855936 0.641835 0.298058 0.152735 0.631938 0.037383 
0.081659 0.170701 -0.017486 -0.093534 1.350988 0.280851 1.877337 0.100136 1.998071 1.154132 1.421514 0.431028 0.975620 0.529696 1.245726 1.105075 0.035461 -0.005426 0.672630 0.822601 0.015706 0.090974 0.872255 0.635397 0.634767 
-0.119294 -0.002297 -0.002128 0.057495 0.119414 1.732495 0.941689 1.468524 1.752040 1.888001 0.542414 1.005188 0.610983 0.362621 0.329884 0.834106 0.267381 0.863780 0.282397 0.551438 -0.061910 0.289894 0.133573 0.217989 0.650728 
-0.039754 0.010914 -0.041469 -0.005370 0.102936 0.249393 1.368415 1.044551 0.255077 1.723797 1.662040 0.046282 0.895393 0.416092 1.004124 0.549307 0.447018 0.089138 0.535705 0.628306 0.200190 0.256956 0.691791 0.812219 0.159272 
-0.081826 0.085185 0.075402 0.139404 0.081400 0.111946 0.765976 0.725493 0.994927 0.784145 0.613346 0.354826 0.330521 0.262946 0.270498 1.045812 0.267941 0.503485 0.355681 0.849317 0.539174 0.783128 0.748629 0.046392 0.116067 
0.061564 -0.132999 0.030085 -0.165514 -0.019309 -0.111315 0.880538 1.178289 1.564250 0.181289 0.077693 0.880127 0.770703 -0.038802 0.161549 0.642747 0.942794 0.168104 0.809376 0.248529 0.199046 0.308331 0.621605 0.477364 0.833881 
0.026114 0.120943 -0.085355 0.115736 -0.044931 -0.136085 -0.414997 -1.443814 1.046525 0.143456 1.442212 1.213909 0.081085 0.696415 0.302476 0.388568 0.878344 0.207653 0.959144 0.266624 0.440130 0.724484 0.877509 0.579595 0.311312 
0.093957 -0.045673 -0.100863 -0.016723 -0.115143 -0.540672 -0.675022 0.027248 -1.725146 -0.805278 -0.570742 -0.046810 0.174307 0.126194 0.203693 0.621573 1.097568 0.319279 0.743065 1.007314 0.352558 0.593469 -0.016005 0.465198 0.964314 
0.127041 0.062769 -0.063296 -0.084455 -0.833935 -1.122036 -0.718625 -0.510397 -0.600301 -0.348109 -0.175458 -0.140463 -1.458006 0.242049 0.798816 0.731311 0.730006 0.978100 0.496224 0.989673 0.266968 0.340648 0.806220 0.719910 0.048235 
0.145214 0.053270 -0.034439 -1.199476 -1.462164 -1.287741 -0.920148 -0.382499 -1.475302 -0.641373 -0.168514 -0.458395 -1.343109 -1.686230 0.377722 0.116908 0.426887 0.388172 1.018562 0.881941 1.010514 -0.150606 0.509156 0.772146 0.399764 
-0.136666 -0.502749 -0.818837 -1.331853 -1.224182 -1.265986 -0.608802 -1.754652 -0.256808 -1.022766 -1.832616 -1.696555 -0.492891 -1.618836 -0.042264 0.716322 0.574048 0.436249 0.480477 0.507957 0.013101 0.513936 0.704372 0.307575 -0.040706 
-1.367830 -1.579836 -1.085419 -0.812804 -1.763791 -1.423644 -0.359110 -1.562465 -1.356304 -1.722698 -1.621428 -1.431064 -0.321806 -1.204283 -0.392009 0.183958 1.036362 0.219817 0.787696 0.284643 0.274239 1.037037 0.748179 0.917750 0.397414 
-0.662812 -1.023040 -1.304463 -0.773644 -1.232526 -1.412636 -0.856003 -1.344083 -0.372103 -1.861202 -1.405394 -0.869803 -0.707110 -0.408693 -1.542210 -0.002701 0.297628 0.753793 0.713656 0.183186 0.191372 0.276357 0.932535 0.813829 0.844525 
-0.063406 -0.840682 -1.544316 -1.057115 -1.588082 -0.077197 -1.617834 -0.840227 -1.364024 -1.480332 -0.567119 -1.268152 -0.115410 -0.179658 -0.826921 -0.040067 -1.488840 0.535855 -0.031777 0.548299 0.025950 0.795398 0.333614 0.194826 0.756662 
-0.417632 -1.914813 -0.818652 -0.370414 -1.938298 -1.715712 -0.470616 -0.466711 -0.385650 -0.972817 -1.224013 -0.570950 -0.584703 -0.950146 -0.280996 -1.704287 -1.487690 -1.940723 0.772170 0.374189 0.577528 0.083043 0.139170 0.256528 0.219043 
-1.312245 -1.489684 -1.692791 -0.331669 -0.827357 -0.529032 -0.376905 -1.913738 -0.566981 -0.835126 -0.148001 -0.956290 -1.057104 -1.935045 -1.932368 -0.308601 -1.770678 -0.417465 -1.924631 0.057173 0.296679 0.402094 0.303928 0.019542 0.203377 
-0.191276 -0.890647 -0.250492 -1.186684 -1.855973 -2.125037 -1.357003 -1.061748 -0.966310 -2.168160 -1.099314 -1.168453 -1.361252 -0.474538 -0.271336 -1.632014 -0.459286 -1.411696 -0.732385 -1.563061 0.751723 0.247463 0.224255 1.023650 0.930686 
-1.870402 -0.524843 -1.104998 -0.643450 -1.631961 -0.245701 -1.874129 -0.513155 -0.415991 0.067352 -0.259341 -0.020997 -0.402796 -0.872925 -0.430356 -0.195337 -1.869317 -1.678873 -1.396895 -0.619827 -1.319363 -0.008025 0.450590 0.747220 0.739382 
