0.977915 0.634043 0.367101 0.146704 0.545720 0.744596 0.185481 0.113591 0.587309 0.886346 0.496400 0.927122 0.860024 0.156288 0.213555 0.846936 0.069356 0.748539 0.589174 0.572702 0.301519 0.174008 0.544410 0.153531 0.669754 
0.546790 0.818532 0.562417 0.751321 0.594729 0.655196 0.290048 0.270031 0.089197 0.462358 0.988397 0.399875 0.612037 0.603873 0.450906 0.559292 0.931778 0.282293 0.248076 0.948115 0.803733 0.312361 0.301032 0.027484 0.816496 
0.990673 0.804135 0.741601 0.202883 0.596909 0.003524 0.256799 0.938707 0.112979 0.237455 0.356093 0.003226 0.795452 0.636887 0.952634 0.523358 0.382050 0.977133 0.726914 0.522063 0.919877 0.853851 0.045549 0.702940 0.840238 
0.489651 0.091270 0.567078 0.850424 0.501030 0.366386 0.096451 0.909390 0.486321 0.211592 0.213308 0.507903 0.518148 0.057777 0.940974 0.151430 0.676253 0.064592 0.137748 0.713513 0.030008 0.372037 0.121231 0.153746 0.936389 
0.784518 0.467843 0.829341 0.674560 0.864033 0.934362 0.071058 0.771550 0.818955 0.082990 0.955790 0.893120 0.387081 0.241004 0.080500 0.139736 0.880709 0.297835 0.523246 0.789422 0.821961 0.317510 0.667739 0.416213 0.438181 
0.180735 0.086721 0.545588 0.120809 0.559269 0.981261 0.191590 0.406677 0.101626 0.641883 0.205949 0.482259 0.192634 0.357714 0.973283 0.351254 0.974963 0.067813 0.160284 0.263778 0.298615 0.060100 0.277384 0.796992 0.660377 
0.141923 0.198578 0.013732 0.471193 0.012847 0.590626 0.999962 0.299448 0.018040 0.252272 0.579339 0.690610 0.560914 0.921893 0.991447 0.339060 0.779225 0.532623 0.027021 0.448867 0.004976 0.753216 0.185209 0.432407 0.563498 
0.788488 0.656721 0.283813 0.396405 0.895457 0.381678 0.987607 0.386218 0.085316 0.023187 0.374544 0.578697 0.458748 0.919429 0.026386 0.703326 0.621888 0.498739 0.054899 0.536253 0.711686 0.316216 0.905843 0.328237 0.017912 
0.649162 0.147759 0.266794 0.466537 0.858438 0.528541 0.346205 0.911259 0.763674 0.542266 0.171781 0.979186 0.583313 0.431423 0.687248 0.661039 0.077461 0.232177 0.333799 0.923079 0.745790 0.971584 0.066783 0.773253 0.975699 
0.378031 0.847310 0.982944 0.990187 0.047211 0.152071 0.935292 0.419503 0.048056 0.398498 0.747755 0.018030 0.057654 0.719626 0.888049 0.043539 0.461376 0.428729 0.102444 0.944499 0.390620 0.205598 0.228538 0.117907 0.473735 
0.738276 0.351133 0.592688 0.354431 0.289543 0.887942 0.932125 0.133944 0.550625 0.463917 0.854044 0.770996 0.043392 0.631360 0.993895 0.979139 0.235602 0.155378 0.944392 0.603952 0.125108 0.634725 0.392848 0.349066 0.448016 
0.792149 0.484799 0.707373 0.486047 0.372091 0.976197 0.646341 0.237501 0.657360 0.909953 0.074881 0.672901 0.490845 0.427494 0.347886 0.991011 0.585730 0.694376 0.445205 0.759927 0.520300 0.450447 0.657283 0.245896 0.608215 
0.626498 0.792885 0.664762 0.781945 0.524975 0.371535 0.131451 0.590568 0.955496 0.670844 0.615930 0.735175 0.802847 0.810555 0.943218 0.348569 0.232341 0.102566 0.753960 0.920431 0.399744 0.701787 0.358609 0.381531 0.039823 
0.481828 0.122023 0.370892 0.289189 0.454619 0.114473 0.164839 0.640126 0.547358 0.913195 0.093858 0.604807 0.247237 0.080287 0.325669 0.978350 0.313561 0.861090 0.166997 0.439762 0.196067 0.531747 0.393991 0.337011 0.197251 
0.518599 0.773709 0.957407 0.048004 0.043096 0.398238 0.508571 0.380416 0.971925 0.092859 0.268954 0.419746 0.445356 0.162177 0.230028 0.371647 0.638022 0.616943 0.063508 0.062555 0.097608 0.124836 0.110475 0.013240 0.092984 
0.929068 0.883989 0.184458 0.947600 0.531738 0.080271 0.537096 0.991415 0.859196 0.946643 0.781059 0.342139 0.631136 0.274436 0.821352 0.381799 0.878645 0.471466 0.772596 0.917026 0.654761 0.165314 0.767981 0.857911 0.802470 
0.131026 0.849580 0.663047 0.786048 0.060249 0.721309 0.611648 0.023080 0.488983 0.780482 0.675999 0.456389 0.947853 0.296191 0.192714 0.510557 0.395522 0.070864 0.587694 0.984201 0.123616 0.317914 0.810136 0.088809 0.672295 
0.996917 0.051044 0.088857 0.097316 0.214511 0.063302 0.509941 0.911892 0.452781 0.608884 0.287427 0.507750 0.791462 0.504338 0.857823 0.198477 0.900196 0.367178 0.543935 0.404290 0.255047 0.315376 0.162535 0.247544 0.859065 
0.315710 0.672413 0.250151 0.834855 0.890398 0.080329 0.835047 0.012452 0.812525 0.558432 0.218777 0.662206 0.566522 0.791892 0.677774 0.616583 0.877362 0.500985 0.868251 0.850851 0.278828 0.863495 0.618716 0.117620 0.061820 
0.496589 0.664091 0.991744 0.466845 0.666461 0.660691 0.796611 0.684735 0.735460 0.122947 0.491018 0.538592 0.525140 0.755425 0.218234 0.582066 0.775415 0.509279 0.443187 0.501209 0.377560 0.194125 0.414627 0.039494 0.978611 
0.726185 0.697703 0.695357 0.534791 0.342779 0.620481 0.116381 0.635924 0.720709 0.401642 0.607574 0.210364 0.607186 0.449764 0.959446 0.331187 0.600100 0.215872 0.334283 0.162624 0.133866 0.124123 0.894467 0.514955 0.912718 
0.243344 0.175892 0.374391 0.010982 0.990939 0.521503 0.927541 0.495774 0.369084 0.057810 0.359009 0.020161 0.536779 0.169590 0.294144 0.367242 0.421641 0.748881 0.229818 0.228513 0.871701 0.275832 0.489686 0.724488 0.570529 
0.576278 0.692618 0.146352 0.578734 0.881184 0.688155 0.394386 0.425345 0.987544 0.751768 0.445408 0.903009 0.132197 0.529331 0.166606 0.610123 0.984709 0.754294 0.994144 0.942889 0.513441 0.241004 0.181969 0.941852 0.899424 
0.758279 0.461944 0.866847 0.623136 0.373245 0.636958 0.083943 0.318551 0.556110 0.291169 0.865881 0.831043 0.730781 0.869220 0.089769 0.518281 0.829323 0.979764 0.190773 0.767939 0.978246 0.392470 0.817346 0.881482 0.455530 
0.639922 0.346280 0.728338 0.380709 0.197516 0.181836 0.066385 0.401259 0.292213 0.885550 0.726634 0.804766 0.749857 0.346867 0.065088 0.679365 0.718680 0.483250 0.475426 0.994940 0.033677 0.047786 0.708508 0.713014 0.948194 

0.001415 0.283392 0.713053 0.821365 0.566304 0.004635 0.776198 0.299762 0.664769 0.794256 0.612934 0.806682 0.635141 0.197775 0.386516 0.825334 0.259028 0.231477 0.615442 0.074068 0.399237 0.959854 0.268165 0.700430 0.529170 
0.064530 0.208333 0.257104 0.789913 0.445246 0.241153 0.218292 0.878936 0.121858 0.875751 0.418643 0.234599 0.370877 0.645355 0.580411 0.412801 0.903434 0.595281 0.378883 0.145888 0.109815 0.223070 0.403737 0.233161 0.958739 
0.906658 0.776319 0.323315 0.522055 0.442295 0.604695 0.055001 0.729678 0.124803 0.153370 0.136794 0.944954 0.062309 0.343174 0.080309 0.682084 0.625588 0.461565 0.389694 0.471981 0.090135 0.803953 0.791361 0.535725 0.996115 
0.799606 0.325155 0.937237 0.937342 0.010725 0.919332 0.123715 0.448646 0.942015 0.458834 0.442472 0.271007 0.187627 0.671625 0.575348 0.571345 0.255949 0.230521 0.598965 0.460647 0.295017 0.924405 0.030044 0.857078 0.181514 
0.143836 0.219953 0.076651 0.868936 0.114066 0.517511 0.541207 0.473790 0.118380 0.828683 0.697427 0.482334 0.810086 0.244076 0.293498 0.470432 0.175305 0.811443 0.873123 0.869133 0.264334 0.158472 0.618952 0.212810 0.123681 
0.547411 0.912441 0.768958 0.325799 0.537483 0.983149 0.184087 0.505437 0.461356 0.715423 0.683430 0.492442 0.162496 0.612752 0.348214 0.014138 0.842248 0.802849 0.044167 0.525813 0.392674 0.135985 0.828148 0.659546 0.270696 
0.475955 0.200614 0.489397 0.601531 0.990255 0.877531 0.218279 0.857284 0.849184 0.719880 0.329634 0.809097 0.943644 0.407256 0.277100 0.866573 0.104607 0.149666 0.425290 0.401367 0.707683 0.202416 0.381083 0.773333 0.704780 
0.643489 0.622860 0.800576 0.292109 0.283203 0.788482 0.090867 0.114237 0.736086 0.153603 0.688813 0.866075 0.250584 0.583203 0.544889 0.484448 0.221382 0.179387 0.749283 0.052734 0.805742 0.910224 0.404007 0.196651 0.742681 
0.578706 0.237770 0.667957 0.737497 0.991622 0.531382 0.193486 0.359164 0.423998 0.416934 0.582868 0.639464 0.178910 0.983844 0.027343 0.791069 0.943135 0.575895 0.361690 0.813378 0.728190 0.282690 0.141620 0.385637 0.894460 
0.918576 0.082083 0.034693 0.182638 0.357406 0.303647 0.805322 0.666928 0.499927 0.592169 0.809155 0.456329 0.858977 0.973413 0.781986 0.205025 0.312741 0.710046 0.271005 0.537751 0.694784 0.974054 0.196050 0.432821 0.843672 
0.380641 0.275348 0.919238 0.000908 0.851964 0.468541 0.030000 0.062893 0.011732 0.210432 0.453614 0.354252 0.371882 0.338225 0.305648 0.187801 0.932850 0.113370 0.679780 0.240107 0.490332 0.136018 0.713059 0.453879 0.537014 
0.688918 0.103954 0.525915 0.937239 0.209581 0.659027 0.310505 0.166531 0.479747 0.231449 0.801134 0.640910 0.017676 0.927194 0.814523 0.853992 0.023802 0.869637 0.675760 0.304013 0.595506 0.400276 0.030461 0.921436 0.846386 
0.025363 0.683182 0.230949 0.774985 0.440244 0.622765 0.274811 0.341945 0.427732 0.486716 0.337583 0.258723 0.341405 0.646548 0.605266 0.069340 0.870265 0.415803 0.989181 0.661804 0.229764 0.600705 0.590631 0.735260 0.428647 
0.059535 0.999373 0.716639 0.868805 0.864873 0.046940 0.039785 0.707076 0.042098 0.674814 0.835597 0.075185 0.632624 0.971960 0.275303 0.967727 0.316266 0.816522 0.594676 0.445241 0.022005 0.224534 0.681706 0.987465 0.232988 
0.701408 0.731442 0.459192 0.565826 0.302133 0.219106 0.767197 0.328705 0.603554 0.316984 0.884205 0.441411 0.838306 0.302447 0.569408 0.575583 0.641840 0.193861 0.100480 0.760803 0.961216 0.960065 0.159036 0.490239 0.161596 
0.758085 0.694075 0.480847 0.629586 0.869844 0.049568 0.531366 0.717452 0.088482 0.073305 0.151234 0.012139 0.382117 0.224247 0.574950 0.498545 0.200009 0.227230 0.806129 0.852309 0.117014 0.564614 0.649525 0.055515 0.968904 
0.854490 0.071618 0.682996 0.234372 0.213976 0.115833 0.872619 0.595568 0.981646 0.639248 0.600016 0.725391 0.091166 0.059981 0.241336 0.582776 0.887322 0.479336 0.682889 0.516146 0.049742 0.326353 0.749644 0.597479 0.529078 
0.395834 0.450205 0.200364 0.759335 0.821500 0.753693 0.324331 0.582474 0.692571 0.007627 0.725583 0.513574 0.280301 0.760420 0.683420 0.685343 0.976937 0.172586 0.458534 0.422836 0.010832 0.189820 0.946918 0.387216 0.321869 
0.510847 0.786101 0.749907 0.852020 0.410359 0.015795 0.007638 0.530273 0.926456 0.710280 0.922186 0.936721 0.063030 0.235797 0.207046 0.939422 0.705977 0.804060 0.602251 0.405077 0.403345 0.251500 0.631193 0.617836 0.782716 
0.128904 0.477707 0.280534 0.983536 0.525689 0.922124 0.516829 0.258526 0.774330 0.134203 0.412302 0.549730 0.343059 0.583157 0.787616 0.784388 0.776918 0.633564 0.402617 0.395515 0.804896 0.001173 0.634601 0.235187 0.220468 
0.050859 0.521328 0.202861 0.768107 0.293296 0.577759 0.540765 0.329989 0.353879 0.727462 0.171535 0.812326 0.940640 0.137227 0.072206 0.133929 0.869574 0.483462 0.430471 0.617977 0.241679 0.837059 0.445158 0.672111 0.457067 
0.996711 0.799990 0.704888 0.033188 0.672335 0.148831 0.035442 0.584349 0.793989 0.787354 0.285483 0.765315 0.119914 0.511993 0.179399 0.964355 0.900525 0.726770 0.456257 0.049785 0.571629 0.899665 0.358228 0.004426 0.212143 
0.755800 0.560713 0.954895 0.770886 0.443161 0.032895 0.232504 0.396603 0.664756 0.513546 0.513625 0.756765 0.129389 0.986399 0.839191 0.675741 0.275107 0.510311 0.658467 0.734773 0.692904 0.228410 0.862607 0.363791 0.313969 
0.448671 0.258681 0.433481 0.674063 0.515358 0.276964 0.343275 0.588800 0.727224 0.464125 0.994433 0.237619 0.264519 0.699433 0.202819 0.232010 0.101169 0.682813 0.256467 0.470999 0.959147 0.477245 0.266878 0.156043 0.932082 
0.316120 0.934147 0.821767 0.509276 0.298536 0.493010 0.890385 0.984099 0.695263 0.454784 0.343235 0.583776 0.550964 0.649589 0.432846 0.885281 0.116784 0.624157 0.371413 0.311806 0.320218 0.515032 0.332671 0.766962 0.876712 

1.908847 2.006325 2.336540 2.018634 2.188693 1.466233 1.865620 0.892617 2.767659 2.892269 1.980162 3.354062 2.573111 1.239940 1.433374 3.060435 0.463801 1.947283 2.508365 0.907349 1.200607 2.412433 1.518721 1.695472 2.509981 
1.328403 2.152210 1.765935 3.178008 2.347810 1.951046 0.772747 2.347666 0.622163 2.575438 3.084313 1.412025 2.323931 2.443079 2.199549 2.072718 4.013711 1.542584 1.146196 2.307472 1.784874 1.225015 1.514240 0.293437 3.737177 
3.731929 3.183513 1.912133 1.526070 2.325245 0.910609 0.700320 3.494542 0.483151 0.748309 1.228424 2.112786 1.538335 2.073755 2.333270 2.702059 2.326666 3.229010 2.019828 2.198995 2.175413 3.262544 1.655383 2.497530 3.524427 
2.453081 0.839235 3.067634 4.003539 0.853623 2.524158 0.316829 2.802711 2.958437 0.983387 1.330282 1.966877 1.533024 1.419579 3.181773 1.252110 1.427944 0.940656 1.412430 2.454921 0.913330 2.447750 0.527574 1.711780 2.511533 
2.180428 1.457489 1.677659 3.262765 1.714725 3.068573 1.061484 2.525240 2.045736 1.873871 2.986481 2.905007 2.447100 1.099836 0.849193 1.173088 1.864979 2.085333 2.855698 3.553690 2.434586 1.024882 2.422530 0.984335 1.079445 
0.006380 -0.204209 0.944749 0.073678 0.195928 1.251539 0.179567 0.148107 0.184923 0.636756 -0.295600 0.977070 0.395230 0.411429 0.826891 0.550601 1.243504 0.059291 -0.053325 0.190790 0.320053 0.026894 0.309258 0.715684 0.671383 
0.187802 -0.042048 0.066142 0.568771 -0.002809 0.119677 0.892621 0.336158 0.004410 0.220741 0.672523 0.473759 0.422478 1.181142 1.241157 -0.014237 1.259649 0.090751 -0.386481 0.350148 -0.260177 0.743402 0.323835 0.450905 0.458543 
0.593262 0.463298 0.324915 0.405842 0.970902 0.401097 0.799362 0.408708 0.369285 0.353405 0.319329 0.931931 0.712198 1.443906 0.117230 0.491908 0.700317 0.621425 0.066044 0.291824 0.389347 0.249316 1.105693 0.682270 -0.133732 
0.790058 0.129686 0.548216 0.080796 1.022980 0.760994 0.529084 0.755467 1.234987 0.385192 0.105985 1.028537 0.542797 0.332621 0.671596 0.711352 -0.064349 0.257875 0.316424 0.961015 0.584521 1.071010 0.098665 0.679372 0.878925 
0.370489 1.032829 1.208822 1.032527 0.080247 0.025185 0.947720 0.270033 0.004771 -0.038981 0.506061 0.043203 0.386642 0.370979 0.936022 0.004708 0.625890 0.468301 -0.111194 1.059879 0.483839 0.264230 0.465970 0.047303 0.541891 
-1.727833 -0.722797 -2.375326 -0.634093 -2.180621 -1.654356 -0.969047 -0.350968 -0.738185 -1.125818 -1.768531 -1.761220 -0.816825 -1.298113 -1.314135 -1.583888 -2.103934 -0.503272 -2.559013 -1.258192 -1.494492 -1.266758 -1.535858 -1.321167 -1.609657 
-2.550145 -0.592938 -1.674191 -2.269863 -0.848962 -2.094059 -0.996289 -0.346888 -1.414864 -1.611432 -1.672997 -2.180449 -0.677259 -2.265790 -2.008142 -2.931514 -1.065572 -2.617681 -1.824630 -1.379518 -1.815923 -1.327317 -0.742337 -2.239213 -2.234896 
-0.823161 -2.450122 -1.346412 -1.906478 -1.227436 -1.143351 -0.306438 -1.580067 -1.715691 -1.828859 -1.409977 -0.835224 -1.527638 -2.501163 -2.091175 -0.460418 -2.232598 -0.839655 -2.984091 -2.061680 -0.812978 -2.266430 -1.700217 -1.993311 -0.890137 
-0.462488 -2.159662 -1.508270 -1.866949 -2.205555 0.093863 -0.041413 -1.930710 -0.633009 -2.025889 -1.616260 -1.059535 -1.341951 -1.978603 -0.939897 -2.985851 -0.959942 -2.339977 -1.055571 -1.340861 -0.191820 -1.248602 -2.133485 -1.976288 -0.675557 
-2.162807 -2.102837 -1.993690 -0.847260 -0.937574 -0.969991 -1.614793 -0.755228 -2.008441 -0.536196 -2.100347 -0.968768 -2.305694 -0.766155 -0.932332 -1.644737 -1.961147 -1.239215 -0.139447 -1.640308 -2.220117 -2.264049 -0.641731 -0.811002 -0.384799 
-2.801307 -2.520196 -0.645140 -2.373340 -2.357359 -0.460750 -1.885183 -2.753094 -1.843535 -1.741285 -1.821810 -0.637085 -1.632761 -0.668779 -2.109939 -1.165549 -1.988468 -1.409933 -2.773785 -2.828143 -1.458364 -0.712417 -2.182312 -1.470824 -2.535459 
-1.032083 -1.700696 -2.031145 -1.913109 -0.477855 -1.408721 -2.191401 -0.849105 -1.953331 -2.314688 -1.989310 -1.233734 -2.233689 -0.805311 -0.304554 -1.426127 -1.489800 -0.581309 -1.663884 -2.696024 -0.287520 -0.960681 -2.211202 -0.773992 -2.166269 
-2.058539 -0.590711 -0.670381 -0.986231 -1.439275 -0.704215 -1.301177 -2.226035 -1.734520 -0.937262 -1.317473 -1.340061 -1.893855 -1.714640 -2.396284 -1.256912 -2.627900 -0.639523 -1.279783 -1.163885 -0.396421 -0.476509 -1.630598 -0.997819 -2.160907 
-1.154261 -2.092530 -1.156994 -2.528472 -2.076520 -0.290244 -1.764646 -0.469567 -2.499793 -1.729081 -1.354550 -2.524398 -0.922432 -1.801031 -1.708441 -2.398362 -2.688711 -1.793995 -2.647902 -2.000020 -0.926522 -1.698201 -2.066302 -0.824742 -0.754987 
-1.260886 -1.574441 -2.414624 -2.036752 -1.815416 -1.782054 -2.263354 -1.572364 -1.916779 -0.298621 -1.361414 -1.694470 -1.730520 -2.052839 -1.043474 -1.909629 -2.486298 -1.903397 -1.466191 -1.318963 -1.633087 -0.431275 -1.142290 -0.200145 -2.011585 
0.336245 0.443947 0.204962 0.831294 0.438014 0.594318 0.653717 0.116833 0.438689 0.636819 0.271063 0.718325 1.331811 -0.201942 -0.105045 0.138819 0.729857 0.364496 0.686156 0.980043 0.181993 0.904641 0.490324 0.872376 0.401106 
1.126308 1.057727 0.728413 0.319229 0.719655 0.177921 0.049530 0.748473 0.594462 0.635964 -0.108680 0.845154 -0.079424 0.418674 0.009278 0.810506 1.109310 0.348971 0.696717 0.134570 0.526742 0.762997 0.296213 0.109194 -0.062135 
0.630864 0.467584 1.040892 0.846266 0.123569 0.012614 -0.140600 0.462744 0.791650 0.566339 0.358648 0.913480 0.457281 0.532414 0.958015 0.826568 0.237411 0.204435 0.692240 0.622490 0.575621 0.162897 0.479513 0.403588 0.328394 
0.386332 -0.166361 0.493957 0.700290 0.286528 0.227630 0.397903 0.442144 0.756101 0.290003 0.726674 0.483443 0.020292 0.633271 0.402086 -0.022838 0.043776 0.804995 0.309059 0.445267 1.360930 0.714495 0.342001 0.045028 0.710554 
0.452233 1.126004 1.195243 0.815549 0.518933 0.510845 0.788775 1.046545 0.424179 0.359927 0.203048 0.746847 0.681324 0.676992 0.546665 0.861456 -0.139449 0.976375 0.238531 0.388363 0.336394 0.741214 0.475565 0.997048 0.835499 

0 0 0 0 0 0 0 0 0 0 0 0 0 0 0 0 0 0 0 0 0 0 0 0 0 
0 0 0 0 0 0 0 0 0 0 0 0 0 0 0 0 0 0 0 0 0 0 0 0 0 
0 0 0 0 0 0 0 0 0 0 0 0 0 0 0 0 0 0 0 0 0 0 0 0 0 
0 0 0 0 0 0 0 0 0 0 0 0 0 0 0 0 0 0 0 0 0 0 0 0 0 
0 0 0 0 0 0 0 0 0 0 0 0 0 0 0 0 0 0 0 0 0 0 0 0 0 
1 1 1 1 1 1 1 1 1 1 1 1 1 1 1 1 1 1 1 1 1 1 1 1 1 
1 1 1 1 1 1 1 1 1 1 1 1 1 1 1 1 1 1 1 1 1 1 1 1 1 
1 1 1 1 1 1 1 1 1 1 1 1 1 1 1 1 1 1 1 1 1 1 1 1 1 
1 1 1 1 1 1 1 1 1 1 1 1 1 1 1 1 1 1 1 1 1 1 1 1 1 
1 1 1 1 1 1 1 1 1 1 1 1 1 1 1 1 1 1 1 1 1 1 1 1 1 
2 2 2 2 2 2 2 2 2 2 2 2 2 2 2 2 2 2 2 2 2 2 2 2 2 
2 2 2 2 2 2 2 2 2 2 2 2 2 2 2 2 2 2 2 2 2 2 2 2 2 
2 2 2 2 2 2 2 2 2 2 2 2 2 2 2 2 2 2 2 2 2 2 2 2 2 
2 2 2 2 2 2 2 2 2 2 2 2 2 2 2 2 2 2 2 2 2 2 2 2 2 
2 2 2 2 2 2 2 2 2 2 2 2 2 2 2 2 2 2 2 2 2 2 2 2 2 
3 3 3 3 3 3 3 3 3 3 3 3 3 3 3 3 3 3 3 3 3 3 3 3 3 
3 3 3 3 3 3 3 3 3 3 3 3 3 3 3 3 3 3 3 3 3 3 3 3 3 
3 3 3 3 3 3 3 3 3 3 3 3 3 3 3 3 3 3 3 3 3 3 3 3 3 
3 3 3 3 3 3 3 3 3 3 3 3 3 3 3 3 3 3 3 3 3 3 3 3 3 
3 3 3 3 3 3 3 3 3 3 3 3 3 3 3 3 3 3 3 3 3 3 3 3 3 
4 4 4 4 4 4 4 4 4 4 4 4 4 4 4 4 4 4 4 4 4 4 4 4 4 
4 4 4 4 4 4 4 4 4 4 4 4 4 4 4 4 4 4 4 4 4 4 4 4 4 
4 4 4 4 4 4 4 4 4 4 4 4 4 4 4 4 4 4 4 4 4 4 4 4 4 
4 4 4 4 4 4 4 4 4 4 4 4 4 4 4 4 4 4 4 4 4 4 4 4 4 
4 4 4 4 4 4 4 4 4 4 4 4 4 4 4 4 4 4 4 4 4 4 4 4 4 

2.0 2.0 2.0 2.0 2.0 2.0 2.0 2.0 2.0 2.0 2.0 2.0 2.0 2.0 2.0 2.0 2.0 2.0 2.0 2.0 2.0 2.0 2.0 2.0 2.0 
2.0 2.0 2.0 2.0 2.0 2.0 2.0 2.0 2.0 2.0 2.0 2.0 2.0 2.0 2.0 2.0 2.0 2.0 2.0 2.0 2.0 2.0 2.0 2.0 2.0 
2.0 2.0 2.0 2.0 2.0 2.0 2.0 2.0 2.0 2.0 2.0 2.0 2.0 2.0 2.0 2.0 2.0 2.0 2.0 2.0 2.0 2.0 2.0 2.0 2.0 
2.0 2.0 2.0 2.0 2.0 2.0 2.0 2.0 2.0 2.0 2.0 2.0 2.0 2.0 2.0 2.0 2.0 2.0 2.0 2.0 2.0 2.0 2.0 2.0 2.0 
2.0 2.0 2.0 2.0 2.0 2.0 2.0 2.0 2.0 2.0 2.0 2.0 2.0 2.0 2.0 2.0 2.0 2.0 2.0 2.0 2.0 2.0 2.0 2.0 2.0 
1.0 1.0 1.0 1.0 1.0 1.0 1.0 1.0 1.0 1.0 1.0 1.0 1.0 1.0 1.0 1.0 1.0 1.0 1.0 1.0 1.0 1.0 1.0 1.0 1.0 
1.0 1.0 1.0 1.0 1.0 1.0 1.0 1.0 1.0 1.0 1.0 1.0 1.0 1.0 1.0 1.0 1.0 1.0 1.0 1.0 1.0 1.0 1.0 1.0 1.0 
1.0 1.0 1.0 1.0 1.0 1.0 1.0 1.0 1.0 1.0 1.0 1.0 1.0 1.0 1.0 1.0 1.0 1.0 1.0 1.0 1.0 1.0 1.0 1.0 1.0 
1.0 1.0 1.0 1.0 1.0 1.0 1.0 1.0 1.0 1.0 1.0 1.0 1.0 1.0 1.0 1.0 1.0 1.0 1.0 1.0 1.0 1.0 1.0 1.0 1.0 
1.0 1.0 1.0 1.0 1.0 1.0 1.0 1.0 1.0 1.0 1.0 1.0 1.0 1.0 1.0 1.0 1.0 1.0 1.0 1.0 1.0 1.0 1.0 1.0 1.0 
-1.0 -1.0 -1.0 -1.0 -1.0 -1.0 -1.0 -1.0 -1.0 -1.0 -1.0 -1.0 -1.0 -1.0 -1.0 -1.0 -1.0 -1.0 -1.0 -1.0 -1.0 -1.0 -1.0 -1.0 -1.0 
-1.0 -1.0 -1.0 -1.0 -1.0 -1.0 -1.0 -1.0 -1.0 -1.0 -1.0 -1.0 -1.0 -1.0 -1.0 -1.0 -1.0 -1.0 -1.0 -1.0 -1.0 -1.0 -1.0 -1.0 -1.0 
-1.0 -1.0 -1.0 -1.0 -1.0 -1.0 -1.0 -1.0 -1.0 -1.0 -1.0 -1.0 -1.0 -1.0 -1.0 -1.0 -1.0 -1.0 -1.0 -1.0 -1.0 -1.0 -1.0 -1.0 -1.0 
-1.0 -1.0 -1.0 -1.0 -1.0 -1.0 -1.0 -1.0 -1.0 -1.0 -1.0 -1.0 -1.0 -1.0 -1.0 -1.0 -1.0 -1.0 -1.0 -1.0 -1.0 -1.0 -1.0 -1.0 -1.0 
-1.0 -1.0 -1.0 -1.0 -1.0 -1.0 -1.0 -1.0 -1.0 -1.0 -1.0 -1.0 -1.0 -1.0 -1.0 -1.0 -1.0 -1.0 -1.0 -1.0 -1.0 -1.0 -1.0 -1.0 -1.0 
-2.0 -2.0 -2.0 -2.0 -2.0 -2.0 -2.0 -2.0 -2.0 -2.0 -2.0 -2.0 -2.0 -2.0 -2.0 -2.0 -2.0 -2.0 -2.0 -2.0 -2.0 -2.0 -2.0 -2.0 -2.0 
-2.0 -2.0 -2.0 -2.0 -2.0 -2.0 -2.0 -2.0 -2.0 -2.0 -2.0 -2.0 -2.0 -2.0 -2.0 -2.0 -2.0 -2.0 -2.0 -2.0 -2.0 -2.0 -2.0 -2.0 -2.0 
-2.0 -2.0 -2.0 -2.0 -2.0 -2.0 -2.0 -2.0 -2.0 -2.0 -2.0 -2.0 -2.0 -2.0 -2.0 -2.0 -2.0 -2.0 -2.0 -2.0 -2.0 -2.0 -2.0 -2.0 -2.0 
-2.0 -2.0 -2.0 -2.0 -2.0 -2.0 -2.0 -2.0 -2.0 -2.0 -2.0 -2.0 -2.0 -2.0 -2.0 -2.0 -2.0 -2.0 -2.0 -2.0 -2.0 -2.0 -2.0 -2.0 -2.0 
-2.0 -2.0 -2.0 -2.0 -2.0 -2.0 -2.0 -2.0 -2.0 -2.0 -2.0 -2.0 -2.0 -2.0 -2.0 -2.0 -2.0 -2.0 -2.0 -2.0 -2.0 -2.0 -2.0 -2.0 -2.0 
0.0 0.0 0.0 0.0 0.0 0.0 0.0 0.0 0.0 0.0 0.0 0.0 0.0 0.0 0.0 0.0 0.0 0.0 0.0 0.0 0.0 0.0 0.0 0.0 0.0 
0.0 0.0 0.0 0.0 0.0 0.0 0.0 0.0 0.0 0.0 0.0 0.0 0.0 0.0 0.0 0.0 0.0 0.0 0.0 0.0 0.0 0.0 0.0 0.0 0.0 
0.0 0.0 0.0 0.0 0.0 0.0 0.0 0.0 0.0 0.0 0.0 0.0 0.0 0.0 0.0 0.0 0.0 0.0 0.0 0.0 0.0 0.0 0.0 0.0 0.0 
0.0 0.0 0.0 0.0 0.0 0.0 0.0 0.0 0.0 0.0 0.0 0.0 0.0 0.0 0.0 0.0 0.0 0.0 0.0 0.0 0.0 0.0 0.0 0.0 0.0 
0.0 0.0 0.0 0.0 0.0 0.0 0.0 0.0 0.0 0.0 0.0 0.0 0.0 0.0 0.0 0.0 0.0 0.0 0.0 0.0 0.0 0.0 0.0 0.0 0.0 

2.0 2.0 2.0 2.0 2.0 2.0 2.0 2.0 2.0 2.0 2.0 2.0 2.0 2.0 2.0 2.0 2.0 2.0 2.0 2.0 2.0 2.0 2.0 2.0 2.0 
2.0 2.0 2.0 2.0 2.0 2.0 2.0 2.0 2.0 2.0 2.0 2.0 2.0 2.0 2.0 2.0 2.0 2.0 2.0 2.0 2.0 2.0 2.0 2.0 2.0 
2.0 2.0 2.0 2.0 2.0 2.0 2.0 2.0 2.0 2.0 2.0 2.0 2.0 2.0 2.0 2.0 2.0 2.0 2.0 2.0 2.0 2.0 2.0 2.0 2.0 
2.0 2.0 2.0 2.0 2.0 2.0 2.0 2.0 2.0 2.0 2.0 2.0 2.0 2.0 2.0 2.0 2.0 2.0 2.0 2.0 2.0 2.0 2.0 2.0 2.0 
2.0 2.0 2.0 2.0 2.0 2.0 2.0 2.0 2.0 2.0 2.0 2.0 2.0 2.0 2.0 2.0 2.0 2.0 2.0 2.0 2.0 2.0 2.0 2.0 2.0 
0.0 0.0 0.0 0.0 0.0 0.0 0.0 0.0 0.0 0.0 0.0 0.0 0.0 0.0 0.0 0.0 0.0 0.0 0.0 0.0 0.0 0.0 0.0 0.0 0.0 
0.0 0.0 0.0 0.0 0.0 0.0 0.0 0.0 0.0 0.0 0.0 0.0 0.0 0.0 0.0 0.0 0.0 0.0 0.0 0.0 0.0 0.0 0.0 0.0 0.0 
0.0 0.0 0.0 0.0 0.0 0.0 0.0 0.0 0.0 0.0 0.0 0.0 0.0 0.0 0.0 0.0 0.0 0.0 0.0 0.0 0.0 0.0 0.0 0.0 0.0 
0.0 0.0 0.0 0.0 0.0 0.0 0.0 0.0 0.0 0.0 0.0 0.0 0.0 0.0 0.0 0.0 0.0 0.0 0.0 0.0 0.0 0.0 0.0 0.0 0.0 
0.0 0.0 0.0 0.0 0.0 0.0 0.0 0.0 0.0 0.0 0.0 0.0 0.0 0.0 0.0 0.0 0.0 0.0 0.0 0.0 0.0 0.0 0.0 0.0 0.0 
-2.0 -2.0 -2.0 -2.0 -2.0 -2.0 -2.0 -2.0 -2.0 -2.0 -2.0 -2.0 -2.0 -2.0 -2.0 -2.0 -2.0 -2.0 -2.0 -2.0 -2.0 -2.0 -2.0 -2.0 -2.0 
-2.0 -2.0 -2.0 -2.0 -2.0 -2.0 -2.0 -2.0 -2.0 -2.0 -2.0 -2.0 -2.0 -2.0 -2.0 -2.0 -2.0 -2.0 -2.0 -2.0 -2.0 -2.0 -2.0 -2.0 -2.0 
-2.0 -2.0 -2.0 -2.0 -2.0 -2.0 -2.0 -2.0 -2.0 -2.0 -2.0 -2.0 -2.0 -2.0 -2.0 -2.0 -2.0 -2.0 -2.0 -2.0 -2.0 -2.0 -2.0 -2.0 -2.0 
-2.0 -2.0 -2.0 -2.0 -2.0 -2.0 -2.0 -2.0 -2.0 -2.0 -2.0 -2.0 -2.0 -2.0 -2.0 -2.0 -2.0 -2.0 -2.0 -2.0 -2.0 -2.0 -2.0 -2.0 -2.0 
-2.0 -2.0 -2.0 -2.0 -2.0 -2.0 -2.0 -2.0 -2.0 -2.0 -2.0 -2.0 -2.0 -2.0 -2.0 -2.0 -2.0 -2.0 -2.0 -2.0 -2.0 -2.0 -2.0 -2.0 -2.0 
-1.0 -1.0 -1.0 -1.0 -1.0 -1.0 -1.0 -1.0 -1.0 -1.0 -1.0 -1.0 -1.0 -1.0 -1.0 -1.0 -1.0 -1.0 -1.0 -1.0 -1.0 -1.0 -1.0 -1.0 -1.0 
-1.0 -1.0 -1.0 -1.0 -1.0 -1.0 -1.0 -1.0 -1.0 -1.0 -1.0 -1.0 -1.0 -1.0 -1.0 -1.0 -1.0 -1.0 -1.0 -1.0 -1.0 -1.0 -1.0 -1.0 -1.0 
-1.0 -1.0 -1.0 -1.0 -1.0 -1.0 -1.0 -1.0 -1.0 -1.0 -1.0 -1.0 -1.0 -1.0 -1.0 -1.0 -1.0 -1.0 -1.0 -1.0 -1.0 -1.0 -1.0 -1.0 -1.0 
-1.0 -1.0 -1.0 -1.0 -1.0 -1.0 -1.0 -1.0 -1.0 -1.0 -1.0 -1.0 -1.0 -1.0 -1.0 -1.0 -1.0 -1.0 -1.0 -1.0 -1.0 -1.0 -1.0 -1.0 -1.0 
-1.0 -1.0 -1.0 -1.0 -1.0 -1.0 -1.0 -1.0 -1.0 -1.0 -1.0 -1.0 -1.0 -1.0 -1.0 -1.0 -1.0 -1.0 -1.0 -1.0 -1.0 -1.0 -1.0 -1.0 -1.0 
1.0 1.0 1.0 1.0 1.0 1.0 1.0 1.0 1.0 1.0 1.0 1.0 1.0 1.0 1.0 1.0 1.0 1.0 1.0 1.0 1.0 1.0 1.0 1.0 1.0 
1.0 1.0 1.0 1.0 1.0 1.0 1.0 1.0 1.0 1.0 1.0 1.0 1.0 1.0 1.0 1.0 1.0 1.0 1.0 1.0 1.0 1.0 1.0 1.0 1.0 
1.0 1.0 1.0 1.0 1.0 1.0 1.0 1.0 1.0 1.0 1.0 1.0 1.0 1.0 1.0 1.0 1.0 1.0 1.0 1.0 1.0 1.0 1.0 1.0 1.0 
1.0 1.0 1.0 1.0 1.0 1.0 1.0 1.0 1.0 1.0 1.0 1.0 1.0 1.0 1.0 1.0 1.0 1.0 1.0 1.0 1.0 1.0 1.0 1.0 1.0 
1.0 1.0 1.0 1.0 1.0 1.0 1.0 1.0 1.0 1.0 1.0 1.0 1.0 1.0 1.0 1.0 1.0 1.0 1.0 1.0 1.0 1.0 1.0 1.0 1.0 

