0.450710 0.694773 0.465794 0.885050 0.445743 0.202570 0.749136 0.187695 0.638357 0.308289 0.598162 0.963580 0.894902 0.974982 0.827461 0.824943 0.241008 0.744409 0.493972 0.712820 0.974941 0.644037 0.526174 0.990596 0.771456 
0.694709 0.605993 0.370964 0.363370 0.861381 0.685915 0.151335 0.387908 0.999415 0.811314 0.129939 0.696674 0.847910 0.453642 0.270839 0.584279 0.237887 0.857293 0.962626 0.261618 0.615985 0.803779 0.417437 0.501913 0.088672 
0.537736 0.081133 0.539437 0.070036 0.564053 0.266035 0.331932 0.284714 0.357728 0.412360 0.272622 0.931940 0.010203 0.771275 0.264663 0.612766 0.901887 0.742002 0.776207 0.903869 0.527180 0.670903 0.524826 0.512976 0.973365 
0.080087 0.345957 0.801923 0.461361 0.932509 0.349979 0.866290 0.792077 0.498049 0.782146 0.146446 0.775478 0.268147 0.564259 0.441765 0.137339 0.984697 0.985394 0.886954 0.262343 0.867957 0.080199 0.155390 0.173555 0.803573 
0.490472 0.067205 0.100674 0.647909 0.163595 0.071163 0.836072 0.723143 0.734642 0.272712 0.256051 0.180077 0.078525 0.211979 0.780409 0.039410 0.594026 0.879772 0.306715 0.821246 0.195759 0.378941 0.898888 0.941513 0.580622 
0.970778 0.559519 0.643604 0.123084 0.281827 0.545889 0.483984 0.942955 0.990904 0.787454 0.382671 0.188130 0.997084 0.143439 0.661264 0.430624 0.558252 0.239630 0.229432 0.976035 0.140220 0.764388 0.095996 0.284332 0.093733 
0.504726 0.378067 0.420768 0.109304 0.501011 0.756960 0.418819 0.439308 0.503123 0.888545 0.600259 0.151942 0.405713 0.126060 0.975050 0.070109 0.273873 0.522661 0.330769 0.872144 0.271833 0.178071 0.724132 0.227483 0.064195 
0.976044 0.608907 0.641729 0.662608 0.245568 0.193977 0.681614 0.586027 0.038973 0.941242 0.549441 0.683034 0.832691 0.701467 0.709684 0.223294 0.421962 0.721147 0.486929 0.878931 0.299826 0.286930 0.640290 0.024436 0.152895 
0.362427 0.049321 0.013175 0.982954 0.357941 0.783540 0.339952 0.319101 0.720206 0.798514 0.972556 0.575827 0.872543 0.681144 0.485120 0.359356 0.378220 0.906718 0.354140 0.877488 0.151038 0.909436 0.738492 0.685720 0.744074 
0.902275 0.197767 0.933970 0.089234 0.064871 0.405326 0.888162 0.120679 0.026744 0.684637 0.130326 0.883670 0.540527 0.152626 0.988429 0.761236 0.588255 0.041168 0.209885 0.705649 0.446961 0.708135 0.135933 0.747039 0.677091 
0.749169 0.102689 0.721213 0.408916 0.362431 0.076777 0.844648 0.606396 0.238694 0.070884 0.923431 0.757523 0.308208 0.394245 0.456696 0.638559 0.526895 0.952793 0.318340 0.195313 0.769554 0.506344 0.593876 0.227073 0.649143 
0.950515 0.461595 0.086052 0.319938 0.960684 0.903483 0.000383 0.370783 0.057994 0.311473 0.696768 0.973034 0.696469 0.809698 0.356883 0.121739 0.308189 0.621741 0.599676 0.239223 0.332871 0.175066 0.194706 0.072652 0.537508 
0.451379 0.349377 0.673670 0.835166 0.511887 0.310277 0.768185 0.668324 0.486875 0.809063 0.145657 0.457826 0.017638 0.649036 0.053421 0.577654 0.681675 0.903340 0.236940 0.432734 0.829685 0.647049 0.585268 0.628382 0.600302 
0.880262 0.629767 0.182905 0.358445 0.143696 0.287988 0.961154 0.109617 0.877041 0.855394 0.594198 0.331497 0.287080 0.641619 0.434725 0.116363 0.128511 0.262717 0.651045 0.072004 0.061302 0.711912 0.490329 0.523962 0.459030 
0.551467 0.168185 0.949078 0.368839 0.957877 0.471231 0.415320 0.598687 0.877938 0.618348 0.221167 0.435563 0.908814 0.711450 0.883837 0.461308 0.518769 0.994470 0.735207 0.700921 0.165351 0.178868 0.628709 0.606056 0.468254 
0.456561 0.954750 0.959323 0.575593 0.073150 0.096062 0.021340 0.040001 0.654314 0.662139 0.843715 0.053846 0.588554 0.206127 0.981127 0.057009 0.626701 0.151814 0.259840 0.507028 0.163453 0.507967 0.288581 0.176668 0.865212 
0.637600 0.429191 0.859194 0.527649 0.190412 0.961536 0.967378 0.300988 0.186118 0.557847 0.616100 0.841528 0.850286 0.818486 0.036547 0.618123 0.464935 0.876381 0.411622 0.461605 0.731582 0.438749 0.364163 0.993383 0.453863 
0.254096 0.462635 0.736042 0.189466 0.739187 0.636635 0.394933 0.526241 0.405879 0.207787 0.794629 0.091070 0.780633 0.582852 0.665653 0.545397 0.296829 0.216291 0.366334 0.286009 0.486832 0.582422 0.719024 0.330582 0.192312 
0.512179 0.099342 0.105628 0.921196 0.191072 0.893859 0.734354 0.253782 0.987959 0.273025 0.875004 0.358617 0.518888 0.191532 0.647085 0.383601 0.445852 0.168781 0.236558 0.217936 0.839355 0.077472 0.739127 0.700314 0.718624 
0.975893 0.619063 0.877989 0.382159 0.893607 0.440394 0.915324 0.842332 0.997451 0.719609 0.323081 0.140858 0.789028 0.006348 0.968182 0.562105 0.015092 0.997685 0.652262 0.230525 0.756488 0.525406 0.867571 0.341356 0.043311 
0.077933 0.330933 0.999044 0.644223 0.854720 0.392327 0.039052 0.523858 0.895859 0.471651 0.055928 0.882968 0.454988 0.237667 0.131356 0.632521 0.836572 0.004277 0.409437 0.560215 0.271396 0.993393 0.652173 0.220302 0.388182 
0.956516 0.578364 0.476100 0.374643 0.138186 0.896320 0.638769 0.863537 0.460950 0.813203 0.067193 0.103448 0.831189 0.770822 0.323974 0.107757 0.304021 0.820081 0.740933 0.781561 0.603100 0.107961 0.444238 0.797167 0.850679 
0.095252 0.189173 0.797869 0.117474 0.855744 0.623888 0.829509 0.350591 0.930952 0.475049 0.188002 0.039126 0.039851 0.938591 0.432622 0.386915 0.055253 0.296224 0.020726 0.286531 0.623665 0.570856 0.226430 0.630398 0.876077 
0.266809 0.594587 0.879534 0.633174 0.855561 0.464045 0.104927 0.119407 0.506631 0.229869 0.877798 0.247371 0.899100 0.219113 0.439551 0.136333 0.946060 0.956869 0.221781 0.106287 0.617447 0.127952 0.833326 0.798596 0.027496 
0.742963 0.909600 0.746794 0.267201 0.495204 0.635663 0.568141 0.856399 0.828409 0.181427 0.854406 0.659407 0.286028 0.575827 0.503868 0.297700 0.743631 0.370078 0.540048 0.765714 0.155686 0.396574 0.832648 0.752862 0.780221 

0.973431 0.140436 0.810666 0.113329 0.004815 0.896367 0.831332 0.671008 0.235477 0.234233 0.152455 0.459267 0.174569 0.035201 0.095200 0.686772 0.648889 0.973826 0.795533 0.838155 0.312618 0.402246 0.493226 0.359330 0.891548 
0.800001 0.383839 0.815990 0.013148 0.852594 0.803726 0.157455 0.597984 0.539807 0.616557 0.173550 0.296107 0.349635 0.988795 0.940093 0.952651 0.041484 0.882416 0.133050 0.214424 0.183955 0.183806 0.462193 0.921531 0.836640 
0.181458 0.260877 0.980569 0.168887 0.784002 0.513628 0.565803 0.721581 0.210567 0.828592 0.446626 0.675173 0.596563 0.346361 0.582265 0.433643 0.941771 0.579421 0.459134 0.864830 0.433591 0.934922 0.983308 0.547551 0.105431 
0.193141 0.235330 0.769392 0.159639 0.427651 0.374723 0.372253 0.843115 0.194455 0.827051 0.198471 0.155314 0.152594 0.966766 0.994571 0.785824 0.575843 0.158351 0.541948 0.685804 0.049789 0.529684 0.135699 0.994478 0.309292 
0.535639 0.436168 0.062477 0.283646 0.838646 0.015523 0.345212 0.644140 0.434625 0.373100 0.234778 0.236803 0.438237 0.433222 0.911527 0.708306 0.046446 0.358656 0.385413 0.492757 0.788291 0.135023 0.321574 0.454629 0.682147 
0.320549 0.260797 0.470860 0.508513 0.997442 0.613994 0.708477 0.227595 0.467868 0.563107 0.364145 0.630419 0.347909 0.632155 0.240258 0.007071 0.845249 0.762971 0.497868 0.081205 0.777914 0.905696 0.376078 0.807523 0.638836 
0.507254 0.348109 0.302078 0.018984 0.609326 0.122260 0.733052 0.213598 0.616855 0.489440 0.182087 0.503893 0.956306 0.256912 0.362010 0.926028 0.002311 0.432632 0.056771 0.150214 0.559088 0.562909 0.197056 0.471975 0.885577 
0.912927 0.021945 0.589715 0.170181 0.112385 0.904236 0.433971 0.099934 0.729660 0.408489 0.756815 0.428570 0.540072 0.774883 0.157784 0.292483 0.660162 0.123160 0.297296 0.113281 0.988881 0.966741 0.162543 0.135689 0.347244 
0.329525 0.002524 0.194134 0.574068 0.898761 0.658654 0.518470 0.788592 0.348530 0.237127 0.656556 0.277815 0.855000 0.639476 0.324328 0.905141 0.754404 0.917422 0.484446 0.568191 0.067709 0.638779 0.123313 0.356212 0.992880 
0.867823 0.239895 0.770520 0.106323 0.166032 0.618160 0.020690 0.854221 0.440568 0.200330 0.051247 0.991945 0.351946 0.484715 0.127214 0.691619 0.478964 0.266482 0.414310 0.822197 0.788080 0.669546 0.650328 0.157481 0.310338 
0.895883 0.865484 0.834592 0.154352 0.290836 0.306378 0.996142 0.139479 0.562319 0.352816 0.579087 0.660905 0.643733 0.506075 0.409043 0.084909 0.585748 0.857093 0.747697 0.868854 0.544773 0.141991 0.554712 0.147819 0.055416 
0.650285 0.590273 0.604226 0.274180 0.703146 0.582520 0.446182 0.798708 0.064984 0.628393 0.005702 0.513741 0.633580 0.341039 0.412115 0.866970 0.734752 0.143525 0.213156 0.146972 0.544335 0.855594 0.741151 0.002863 0.402192 
0.456161 0.284974 0.614098 0.132720 0.839336 0.701009 0.857246 0.826142 0.432240 0.025017 0.987769 0.499262 0.481085 0.317117 0.304664 0.486105 0.079827 0.578624 0.955325 0.093618 0.003734 0.544321 0.770172 0.612357 0.783367 
0.283058 0.228868 0.540669 0.650250 0.556543 0.947550 0.835039 0.501350 0.772099 0.212350 0.593804 0.874891 0.582148 0.093680 0.861653 0.106779 0.604449 0.862178 0.275311 0.035542 0.297517 0.133039 0.739178 0.906102 0.203155 
0.250594 0.110358 0.111230 0.705732 0.992441 0.986538 0.140024 0.240212 0.355508 0.462623 0.429161 0.878971 0.470687 0.234032 0.962666 0.562184 0.281011 0.805670 0.616476 0.941472 0.601609 0.263319 0.207437 0.919487 0.736262 
0.399831 0.093486 0.000283 0.900522 0.562505 0.196651 0.254708 0.019293 0.719540 0.475726 0.854875 0.489930 0.197421 0.944794 0.406881 0.758594 0.040423 0.128532 0.790376 0.390244 0.349654 0.081515 0.530920 0.355982 0.964544 
0.859383 0.169215 0.085926 0.829267 0.062530 0.734375 0.260223 0.142818 0.203643 0.080460 0.454090 0.103947 0.004425 0.373930 0.867306 0.181838 0.163909 0.266294 0.022110 0.591213 0.461552 0.353636 0.180852 0.957607 0.726333 
0.832568 0.326295 0.145417 0.450189 0.966677 0.301631 0.133515 0.599858 0.363300 0.760657 0.267387 0.917294 0.551510 0.067440 0.280611 0.286403 0.862937 0.597854 0.399241 0.728097 0.416594 0.449468 0.311577 0.710704 0.867635 
0.133124 0.333318 0.585898 0.562405 0.145924 0.355148 0.874662 0.125201 0.312317 0.912213 0.274270 0.417398 0.081381 0.961935 0.202430 0.893922 0.692361 0.294307 0.766221 0.786559 0.217885 0.735308 0.610202 0.569671 0.198332 
0.970988 0.417893 0.305454 0.579585 0.228435 0.420224 0.249310 0.294669 0.883265 0.845992 0.391493 0.654531 0.292060 0.484081 0.579487 0.055522 0.168232 0.549260 0.886751 0.504832 0.387074 0.227971 0.224110 0.613837 0.923156 
0.548471 0.676949 0.535466 0.643349 0.317670 0.862550 0.770065 0.547178 0.727576 0.333042 0.850887 0.960972 0.483375 0.409787 0.637579 0.005866 0.938879 0.093603 0.551660 0.575483 0.801409 0.496386 0.650372 0.776506 0.123758 
0.226815 0.672206 0.578999 0.388982 0.634985 0.236670 0.449343 0.025648 0.422653 0.653419 0.527685 0.717454 0.854322 0.041077 0.308963 0.481941 0.185196 0.196769 0.463843 0.341643 0.273187 0.996250 0.651091 0.735556 0.155386 
0.495923 0.549901 0.663761 0.584658 0.241280 0.555075 0.093301 0.095751 0.533661 0.203266 0.643808 0.337238 0.781964 0.400029 0.983784 0.912146 0.470968 0.109813 0.139534 0.615738 0.572565 0.804572 0.143678 0.155500 0.285909 
0.756093 0.828054 0.242000 0.252654 0.154408 0.458379 0.274217 0.124445 0.096750 0.319026 0.783744 0.920524 0.661384 0.122354 0.863184 0.327001 0.405293 0.674746 0.247102 0.754480 0.813567 0.285187 0.381758 0.049081 0.998530 
0.344219 0.345594 0.002235 0.429838 0.022759 0.855452 0.096231 0.008327 0.310606 0.384405 0.877627 0.215797 0.978958 0.216477 0.743789 0.344467 0.844026 0.441680 0.419998 0.612943 0.619209 0.301544 0.291152 0.814687 0.216669 

1.349670 0.241397 1.130222 0.205419 0.106080 0.624555 1.457076 0.274291 -1.683377 -1.477590 -1.175408 -2.803615 -1.884737 -1.760258 -2.067114 -2.807076 -1.668226 -3.288424 -2.340593 -2.971477 -2.687281 -1.822355 -2.108235 -2.812257 -3.600517 
1.110683 0.376729 0.329534 -0.434285 1.174773 0.741279 0.399968 0.596674 -2.738213 -2.735713 -0.679780 -1.668680 -2.488394 -3.112588 -2.004304 -2.931957 -0.144711 -3.620105 -2.359324 -0.994059 -1.296653 -1.872301 -1.723486 -3.039844 -1.619357 
0.132641 0.565989 0.709100 0.083660 1.124390 0.294063 0.320629 1.118209 -1.174922 -2.820560 -1.415486 -3.085698 -1.074123 -2.126568 -1.365746 -1.861828 -3.405971 -2.823741 -2.668687 -3.749825 -1.687467 -2.926726 -3.418874 -2.091062 -2.066932 
0.091385 0.122306 1.093305 0.238785 0.520513 0.426431 0.168293 0.774902 -1.191659 -3.164267 -0.736321 -2.102990 -1.186750 -3.039623 -2.657920 -1.929450 -3.027598 -2.402126 -2.831546 -1.821980 -1.694953 -0.880299 -0.569237 -2.261265 -2.575410 
0.662535 0.410900 0.131118 0.151238 0.936547 -0.221924 0.183504 0.841661 0.331061 -1.495230 -0.926007 -1.032889 -0.968493 -1.698270 -3.809028 -1.645956 -1.255444 -2.442128 -1.550023 -2.508037 -1.915563 -1.209615 -2.449855 -2.991363 -2.673447 
0.060634 0.520152 0.670707 0.439897 0.758597 0.173052 0.819816 0.482571 0.487207 -2.476055 -1.606707 -1.780537 -2.262651 -1.599638 -1.623543 -1.053928 -2.724942 -2.303943 -1.334512 -2.132708 -1.909018 -3.262244 -1.000808 -2.444760 -1.409086 
0.169810 0.220852 0.327911 -0.141469 0.519593 -0.123563 0.641194 0.075160 0.670084 -2.612791 -1.249450 -1.244423 -2.720621 -0.913380 -2.408094 -2.098752 -0.255859 -2.228823 -0.950941 -2.294543 -1.494095 -1.286877 -1.795710 -1.997241 -1.887406 
0.799202 0.173446 0.595339 0.276824 -0.083270 1.293075 0.144699 -0.154149 0.861407 0.476541 -2.408273 -2.136871 -2.798711 -2.700622 -1.698272 -1.285510 -1.972968 -2.033351 -1.637417 -2.141196 -2.302825 -2.388678 -1.292369 -0.509337 -0.633392 
0.139646 -0.069791 0.221057 0.498888 1.071928 0.604284 0.166098 0.692966 0.397875 0.192914 -3.067598 -2.246211 -3.508352 -2.628663 -1.416619 -2.318446 -2.641643 -3.751847 -1.598835 -3.107385 -0.444641 -3.112961 -1.552585 -1.765027 -3.536209 
0.754603 0.092913 0.298037 -0.019215 0.251625 0.669458 0.323533 0.805426 0.306306 -0.206678 -0.280881 -3.886413 -1.726927 -1.457018 -2.237022 -3.424473 -2.041751 -0.765644 -1.308182 -2.887980 -2.370372 -2.957365 -1.533176 -1.839351 -2.321723 
1.178156 0.963337 0.878018 0.076929 0.160613 0.472550 0.972852 0.349473 0.642259 0.361994 -3.171143 -2.988787 -1.915575 -2.070503 -1.997417 -1.674159 -2.067243 -3.696918 -2.041782 -2.647434 -2.922374 -1.399257 -2.516414 -0.571812 -1.447752 
0.816307 0.384223 0.146333 0.536214 0.604125 0.898424 0.540588 0.768466 -0.106628 0.914113 0.322066 -2.976375 -2.521345 -2.091777 -1.617799 -2.120896 -1.942079 -1.129109 -1.271079 -0.623028 -1.563274 -2.457709 -1.976297 -0.093933 -1.872477 
0.522743 0.170722 0.495046 0.106680 0.713844 0.682997 0.770531 0.711102 0.450057 0.209495 0.600766 -1.854493 -0.917217 -1.852145 -0.916607 -2.063195 -1.916958 -2.936381 -2.157459 -1.198725 -1.530528 -2.408842 -2.849577 -2.229951 -2.700202 
0.534783 0.363427 0.764141 0.694189 0.415195 1.399599 0.875673 0.810525 0.943315 0.504059 0.698959 -2.581475 -2.130088 -1.093897 -2.581211 -0.252333 -1.647330 -2.294942 -1.987849 -0.061021 -0.565293 -1.506972 -2.354922 -2.773081 -1.087127 
0.461535 -0.222494 0.132935 0.910505 1.221446 0.835306 0.211081 0.173727 0.667542 0.281823 0.429209 0.974411 -2.630115 -1.732514 -3.565374 -1.660685 -1.621240 -3.373602 -2.721584 -3.243810 -1.487545 -0.653098 -1.770105 -2.672602 -2.499806 
0.576271 0.361825 0.093911 1.086437 0.694958 0.655664 0.235548 0.082679 0.886269 0.271235 -1.855153 -0.361504 -0.559271 -2.632308 -2.694500 -1.895409 -1.145282 -0.179283 -2.142053 -1.762290 -0.986289 -0.992149 -1.678737 -1.198903 -3.548277 
1.084694 0.410037 -0.214864 0.943911 0.296719 0.748035 0.480087 -0.256857 0.013648 -0.395184 -1.166272 -1.039299 -1.052942 -1.230445 -1.018807 -1.896255 -1.301121 -2.553385 -0.971913 -2.589760 -2.332940 1.256313 0.876431 2.659725 1.798138 
1.136030 0.205247 0.278654 0.557995 0.732341 1.401239 0.863108 0.808576 0.672507 -0.899722 -1.053100 -0.864146 -1.512428 -0.958842 -1.170482 -1.292455 2.338980 1.629450 1.222742 1.976194 0.980514 1.508827 1.168046 1.762850 1.863116 
0.280688 0.196934 0.182871 1.687451 0.545265 1.775011 1.803542 0.277641 2.080788 0.575271 -1.346046 -0.715504 -0.263293 -1.044085 -0.809816 -0.863838 1.841685 0.828040 2.006508 1.787936 1.322717 1.758583 2.145944 1.840837 1.220352 
1.687086 1.275464 1.696050 0.849098 1.898845 0.860857 1.442728 1.747148 1.948935 1.362786 0.224382 -0.959375 -1.068578 -0.256571 -1.546827 0.548366 0.217639 2.372451 2.534592 0.991690 1.725177 0.782070 1.329333 1.611324 1.806800 
0.120391 0.557254 1.874185 1.538345 1.558017 0.818128 0.409382 0.752310 1.856789 0.847552 -0.033750 2.099119 -1.038084 -0.614846 1.413430 0.375292 2.522878 -0.136867 1.449011 1.572091 2.106431 2.371627 2.073592 1.687884 0.645880 
1.671449 1.008073 0.769074 0.586473 0.545117 1.836326 1.677805 1.547447 1.002795 2.000053 0.021529 0.089191 1.896157 0.868147 0.853979 1.188424 0.521104 1.042007 1.889186 1.635443 1.544332 2.187988 1.768828 1.720350 0.819084 
0.056012 0.273691 1.336551 0.541774 1.763556 1.134886 1.697379 0.756691 1.693923 0.802892 0.462764 0.006502 1.800575 1.517833 2.272003 2.199951 1.080546 0.226041 0.315052 1.082497 2.159691 2.338118 0.338678 0.936690 1.416911 
0.820274 1.120482 1.766374 1.495410 1.831964 0.881039 0.032197 0.233260 1.085168 0.476190 1.503283 0.456467 2.171542 0.043804 2.301077 0.676235 1.490730 2.483561 1.034975 1.560782 2.374733 0.579740 1.413227 0.770540 1.858957 
1.686211 1.983847 1.878020 0.657440 1.161301 1.672246 1.103614 1.702189 1.481933 0.344577 1.863210 1.052081 1.981192 0.820459 2.064966 1.069850 2.686017 1.293394 1.479860 1.892647 1.180539 0.607662 1.630722 1.996409 1.394704 

2 2 2 2 2 2 2 2 3 3 3 3 3 3 3 3 3 3 3 3 3 3 3 3 3 
2 2 2 2 2 2 2 2 3 3 3 3 3 3 3 3 3 3 3 3 3 3 3 3 3 
2 2 2 2 2 2 2 2 3 3 3 3 3 3 3 3 3 3 3 3 3 3 3 3 3 
2 2 2 2 2 2 2 2 3 3 3 3 3 3 3 3 3 3 3 3 3 3 3 3 3 
2 2 2 2 2 2 2 2 2 3 3 3 3 3 3 3 3 3 3 3 3 3 3 3 3 
2 2 2 2 2 2 2 2 2 3 3 3 3 3 3 3 3 3 3 3 3 3 3 3 3 
2 2 2 2 2 2 2 2 2 3 3 3 3 3 3 3 3 3 3 3 3 3 3 3 3 
2 2 2 2 2 2 2 2 2 2 3 3 3 3 3 3 3 3 3 3 3 3 3 3 3 
2 2 2 2 2 2 2 2 2 2 3 3 3 3 3 3 3 3 3 3 3 3 3 3 3 
2 2 2 2 2 2 2 2 2 2 3 3 3 3 3 3 3 3 3 3 3 3 3 3 3 
2 2 2 2 2 2 2 2 2 2 3 3 3 3 3 3 3 3 3 3 3 3 3 3 3 
2 2 2 2 2 2 2 2 2 2 2 3 3 3 3 3 3 3 3 3 3 3 3 3 3 
2 2 2 2 2 2 2 2 2 2 2 3 3 3 3 3 3 3 3 3 3 3 3 3 3 
2 2 2 2 2 2 2 2 2 2 2 3 3 3 3 3 3 3 3 3 3 3 3 3 3 
2 2 2 2 2 2 2 2 2 2 2 2 3 3 3 3 3 3 3 3 3 3 3 3 3 
2 2 2 2 2 2 2 2 2 2 4 4 4 3 3 3 3 3 3 3 3 3 3 3 3 
2 2 2 2 2 2 2 2 4 4 4 4 4 4 4 3 3 3 3 3 3 1 1 1 1 
2 2 2 2 2 0 0 0 0 4 4 4 4 4 4 4 1 1 1 1 1 1 1 1 1 
2 2 0 0 0 0 0 0 0 0 4 4 4 4 4 4 1 1 1 1 1 1 1 1 1 
0 0 0 0 0 0 0 0 0 0 0 4 4 4 4 1 1 1 1 1 1 1 1 1 1 
0 0 0 0 0 0 0 0 0 0 0 0 4 4 1 1 1 1 1 1 1 1 1 1 1 
0 0 0 0 0 0 0 0 0 0 0 0 0 1 1 1 1 1 1 1 1 1 1 1 1 
0 0 0 0 0 0 0 0 0 0 0 0 1 1 1 1 1 1 1 1 1 1 1 1 1 
0 0 0 0 0 0 0 0 0 0 0 0 1 1 1 1 1 1 1 1 1 1 1 1 1 
0 0 0 0 0 0 0 0 0 0 0 1 1 1 1 1 1 1 1 1 1 1 1 1 1 

0.0 0.0 0.0 0.0 0.0 0.0 0.0 0.0 -2.0 -2.0 -2.0 -2.0 -2.0 -2.0 -2.0 -2.0 -2.0 -2.0 -2.0 -2.0 -2.0 -2.0 -2.0 -2.0 -2.0 
0.0 0.0 0.0 0.0 0.0 0.0 0.0 0.0 -2.0 -2.0 -2.0 -2.0 -2.0 -2.0 -2.0 -2.0 -2.0 -2.0 -2.0 -2.0 -2.0 -2.0 -2.0 -2.0 -2.0 
0.0 0.0 0.0 0.0 0.0 0.0 0.0 0.0 -2.0 -2.0 -2.0 -2.0 -2.0 -2.0 -2.0 -2.0 -2.0 -2.0 -2.0 -2.0 -2.0 -2.0 -2.0 -2.0 -2.0 
0.0 0.0 0.0 0.0 0.0 0.0 0.0 0.0 -2.0 -2.0 -2.0 -2.0 -2.0 -2.0 -2.0 -2.0 -2.0 -2.0 -2.0 -2.0 -2.0 -2.0 -2.0 -2.0 -2.0 
0.0 0.0 0.0 0.0 0.0 0.0 0.0 0.0 0.0 -2.0 -2.0 -2.0 -2.0 -2.0 -2.0 -2.0 -2.0 -2.0 -2.0 -2.0 -2.0 -2.0 -2.0 -2.0 -2.0 
0.0 0.0 0.0 0.0 0.0 0.0 0.0 0.0 0.0 -2.0 -2.0 -2.0 -2.0 -2.0 -2.0 -2.0 -2.0 -2.0 -2.0 -2.0 -2.0 -2.0 -2.0 -2.0 -2.0 
0.0 0.0 0.0 0.0 0.0 0.0 0.0 0.0 0.0 -2.0 -2.0 -2.0 -2.0 -2.0 -2.0 -2.0 -2.0 -2.0 -2.0 -2.0 -2.0 -2.0 -2.0 -2.0 -2.0 
0.0 0.0 0.0 0.0 0.0 0.0 0.0 0.0 0.0 0.0 -2.0 -2.0 -2.0 -2.0 -2.0 -2.0 -2.0 -2.0 -2.0 -2.0 -2.0 -2.0 -2.0 -2.0 -2.0 
0.0 0.0 0.0 0.0 0.0 0.0 0.0 0.0 0.0 0.0 -2.0 -2.0 -2.0 -2.0 -2.0 -2.0 -2.0 -2.0 -2.0 -2.0 -2.0 -2.0 -2.0 -2.0 -2.0 
0.0 0.0 0.0 0.0 0.0 0.0 0.0 0.0 0.0 0.0 -2.0 -2.0 -2.0 -2.0 -2.0 -2.0 -2.0 -2.0 -2.0 -2.0 -2.0 -2.0 -2.0 -2.0 -2.0 
0.0 0.0 0.0 0.0 0.0 0.0 0.0 0.0 0.0 0.0 -2.0 -2.0 -2.0 -2.0 -2.0 -2.0 -2.0 -2.0 -2.0 -2.0 -2.0 -2.0 -2.0 -2.0 -2.0 
0.0 0.0 0.0 0.0 0.0 0.0 0.0 0.0 0.0 0.0 0.0 -2.0 -2.0 -2.0 -2.0 -2.0 -2.0 -2.0 -2.0 -2.0 -2.0 -2.0 -2.0 -2.0 -2.0 
0.0 0.0 0.0 0.0 0.0 0.0 0.0 0.0 0.0 0.0 0.0 -2.0 -2.0 -2.0 -2.0 -2.0 -2.0 -2.0 -2.0 -2.0 -2.0 -2.0 -2.0 -2.0 -2.0 
0.0 0.0 0.0 0.0 0.0 0.0 0.0 0.0 0.0 0.0 0.0 -2.0 -2.0 -2.0 -2.0 -2.0 -2.0 -2.0 -2.0 -2.0 -2.0 -2.0 -2.0 -2.0 -2.0 
0.0 0.0 0.0 0.0 0.0 0.0 0.0 0.0 0.0 0.0 0.0 0.0 -2.0 -2.0 -2.0 -2.0 -2.0 -2.0 -2.0 -2.0 -2.0 -2.0 -2.0 -2.0 -2.0 
0.0 0.0 0.0 0.0 0.0 0.0 0.0 0.0 0.0 0.0 -1.0 -1.0 -1.0 -2.0 -2.0 -2.0 -2.0 -2.0 -2.0 -2.0 -2.0 -2.0 -2.0 -2.0 -2.0 
0.0 0.0 0.0 0.0 0.0 0.0 0.0 0.0 -1.0 -1.0 -1.0 -1.0 -1.0 -1.0 -1.0 -2.0 -2.0 -2.0 -2.0 -2.0 -2.0 1.0 1.0 1.0 1.0 
0.0 0.0 0.0 0.0 0.0 2.0 2.0 2.0 2.0 -1.0 -1.0 -1.0 -1.0 -1.0 -1.0 -1.0 1.0 1.0 1.0 1.0 1.0 1.0 1.0 1.0 1.0 
0.0 0.0 2.0 2.0 2.0 2.0 2.0 2.0 2.0 2.0 -1.0 -1.0 -1.0 -1.0 -1.0 -1.0 1.0 1.0 1.0 1.0 1.0 1.0 1.0 1.0 1.0 
2.0 2.0 2.0 2.0 2.0 2.0 2.0 2.0 2.0 2.0 2.0 -1.0 -1.0 -1.0 -1.0 1.0 1.0 1.0 1.0 1.0 1.0 1.0 1.0 1.0 1.0 
2.0 2.0 2.0 2.0 2.0 2.0 2.0 2.0 2.0 2.0 2.0 2.0 -1.0 -1.0 1.0 1.0 1.0 1.0 1.0 1.0 1.0 1.0 1.0 1.0 1.0 
2.0 2.0 2.0 2.0 2.0 2.0 2.0 2.0 2.0 2.0 2.0 2.0 2.0 1.0 1.0 1.0 1.0 1.0 1.0 1.0 1.0 1.0 1.0 1.0 1.0 
2.0 2.0 2.0 2.0 2.0 2.0 2.0 2.0 2.0 2.0 2.0 2.0 1.0 1.0 1.0 1.0 1.0 1.0 1.0 1.0 1.0 1.0 1.0 1.0 1.0 
2.0 2.0 2.0 2.0 2.0 2.0 2.0 2.0 2.0 2.0 2.0 2.0 1.0 1.0 1.0 1.0 1.0 1.0 1.0 1.0 1.0 1.0 1.0 1.0 1.0 
2.0 2.0 2.0 2.0 2.0 2.0 2.0 2.0 2.0 2.0 2.0 1.0 1.0 1.0 1.0 1.0 1.0 1.0 1.0 1.0 1.0 1.0 1.0 1.0 1.0 

1.0 1.0 1.0 1.0 1.0 1.0 1.0 1.0 -2.0 -2.0 -2.0 -2.0 -2.0 -2.0 -2.0 -2.0 -2.0 -2.0 -2.0 -2.0 -2.0 -2.0 -2.0 -2.0 -2.0 
1.0 1.0 1.0 1.0 1.0 1.0 1.0 1.0 -2.0 -2.0 -2.0 -2.0 -2.0 -2.0 -2.0 -2.0 -2.0 -2.0 -2.0 -2.0 -2.0 -2.0 -2.0 -2.0 -2.0 
1.0 1.0 1.0 1.0 1.0 1.0 1.0 1.0 -2.0 -2.0 -2.0 -2.0 -2.0 -2.0 -2.0 -2.0 -2.0 -2.0 -2.0 -2.0 -2.0 -2.0 -2.0 -2.0 -2.0 
1.0 1.0 1.0 1.0 1.0 1.0 1.0 1.0 -2.0 -2.0 -2.0 -2.0 -2.0 -2.0 -2.0 -2.0 -2.0 -2.0 -2.0 -2.0 -2.0 -2.0 -2.0 -2.0 -2.0 
1.0 1.0 1.0 1.0 1.0 1.0 1.0 1.0 1.0 -2.0 -2.0 -2.0 -2.0 -2.0 -2.0 -2.0 -2.0 -2.0 -2.0 -2.0 -2.0 -2.0 -2.0 -2.0 -2.0 
1.0 1.0 1.0 1.0 1.0 1.0 1.0 1.0 1.0 -2.0 -2.0 -2.0 -2.0 -2.0 -2.0 -2.0 -2.0 -2.0 -2.0 -2.0 -2.0 -2.0 -2.0 -2.0 -2.0 
1.0 1.0 1.0 1.0 1.0 1.0 1.0 1.0 1.0 -2.0 -2.0 -2.0 -2.0 -2.0 -2.0 -2.0 -2.0 -2.0 -2.0 -2.0 -2.0 -2.0 -2.0 -2.0 -2.0 
1.0 1.0 1.0 1.0 1.0 1.0 1.0 1.0 1.0 1.0 -2.0 -2.0 -2.0 -2.0 -2.0 -2.0 -2.0 -2.0 -2.0 -2.0 -2.0 -2.0 -2.0 -2.0 -2.0 
1.0 1.0 1.0 1.0 1.0 1.0 1.0 1.0 1.0 1.0 -2.0 -2.0 -2.0 -2.0 -2.0 -2.0 -2.0 -2.0 -2.0 -2.0 -2.0 -2.0 -2.0 -2.0 -2.0 
1.0 1.0 1.0 1.0 1.0 1.0 1.0 1.0 1.0 1.0 -2.0 -2.0 -2.0 -2.0 -2.0 -2.0 -2.0 -2.0 -2.0 -2.0 -2.0 -2.0 -2.0 -2.0 -2.0 
1.0 1.0 1.0 1.0 1.0 1.0 1.0 1.0 1.0 1.0 -2.0 -2.0 -2.0 -2.0 -2.0 -2.0 -2.0 -2.0 -2.0 -2.0 -2.0 -2.0 -2.0 -2.0 -2.0 
1.0 1.0 1.0 1.0 1.0 1.0 1.0 1.0 1.0 1.0 1.0 -2.0 -2.0 -2.0 -2.0 -2.0 -2.0 -2.0 -2.0 -2.0 -2.0 -2.0 -2.0 -2.0 -2.0 
1.0 1.0 1.0 1.0 1.0 1.0 1.0 1.0 1.0 1.0 1.0 -2.0 -2.0 -2.0 -2.0 -2.0 -2.0 -2.0 -2.0 -2.0 -2.0 -2.0 -2.0 -2.0 -2.0 
1.0 1.0 1.0 1.0 1.0 1.0 1.0 1.0 1.0 1.0 1.0 -2.0 -2.0 -2.0 -2.0 -2.0 -2.0 -2.0 -2.0 -2.0 -2.0 -2.0 -2.0 -2.0 -2.0 
1.0 1.0 1.0 1.0 1.0 1.0 1.0 1.0 1.0 1.0 1.0 1.0 -2.0 -2.0 -2.0 -2.0 -2.0 -2.0 -2.0 -2.0 -2.0 -2.0 -2.0 -2.0 -2.0 
1.0 1.0 1.0 1.0 1.0 1.0 1.0 1.0 1.0 1.0 -1.0 -1.0 -1.0 -2.0 -2.0 -2.0 -2.0 -2.0 -2.0 -2.0 -2.0 -2.0 -2.0 -2.0 -2.0 
1.0 1.0 1.0 1.0 1.0 1.0 1.0 1.0 -1.0 -1.0 -1.0 -1.0 -1.0 -1.0 -1.0 -2.0 -2.0 -2.0 -2.0 -2.0 -2.0 2.0 2.0 2.0 2.0 
1.0 1.0 1.0 1.0 1.0 0.0 0.0 0.0 0.0 -1.0 -1.0 -1.0 -1.0 -1.0 -1.0 -1.0 2.0 2.0 2.0 2.0 2.0 2.0 2.0 2.0 2.0 
1.0 1.0 0.0 0.0 0.0 0.0 0.0 0.0 0.0 0.0 -1.0 -1.0 -1.0 -1.0 -1.0 -1.0 2.0 2.0 2.0 2.0 2.0 2.0 2.0 2.0 2.0 
0.0 0.0 0.0 0.0 0.0 0.0 0.0 0.0 0.0 0.0 0.0 -1.0 -1.0 -1.0 -1.0 2.0 2.0 2.0 2.0 2.0 2.0 2.0 2.0 2.0 2.0 
0.0 0.0 0.0 0.0 0.0 0.0 0.0 0.0 0.0 0.0 0.0 0.0 -1.0 -1.0 2.0 2.0 2.0 2.0 2.0 2.0 2.0 2.0 2.0 2.0 2.0 
0.0 0.0 0.0 0.0 0.0 0.0 0.0 0.0 0.0 0.0 0.0 0.0 0.0 2.0 2.0 2.0 2.0 2.0 2.0 2.0 2.0 2.0 2.0 2.0 2.0 
0.0 0.0 0.0 0.0 0.0 0.0 0.0 0.0 0.0 0.0 0.0 0.0 2.0 2.0 2.0 2.0 2.0 2.0 2.0 2.0 2.0 2.0 2.0 2.0 2.0 
0.0 0.0 0.0 0.0 0.0 0.0 0.0 0.0 0.0 0.0 0.0 0.0 2.0 2.0 2.0 2.0 2.0 2.0 2.0 2.0 2.0 2.0 2.0 2.0 2.0 
0.0 0.0 0.0 0.0 0.0 0.0 0.0 0.0 0.0 0.0 0.0 2.0 2.0 2.0 2.0 2.0 2.0 2.0 2.0 2.0 2.0 2.0 2.0 2.0 2.0 

