0.374399 0.478222 0.878445 0.735664 0.872067 0.914594 0.643194 0.091955 0.095027 0.113897 0.988409 0.255861 0.552646 0.719450 0.258740 0.231561 0.262095 0.973821 0.146525 0.417644 0.572077 0.974199 0.873406 0.111643 0.655426 
0.434805 0.760143 0.588803 0.507612 0.086630 0.803255 0.161180 0.957235 0.783821 0.860093 0.757679 0.219627 0.182593 0.778011 0.234089 0.158666 0.344217 0.868284 0.949848 0.946640 0.814656 0.012991 0.144516 0.146777 0.328280 
0.415682 0.868869 0.078236 0.989494 0.035805 0.858749 0.308363 0.089436 0.360709 0.611237 0.643852 0.798330 0.655612 0.586540 0.241319 0.141969 0.504621 0.222168 0.690414 0.718516 0.366369 0.749582 0.226616 0.577413 0.018612 
0.321465 0.596458 0.325099 0.762627 0.647300 0.826761 0.606187 0.930465 0.806328 0.434314 0.190482 0.077119 0.418982 0.121956 0.859043 0.381904 0.758045 0.081119 0.010316 0.413132 0.410574 0.167982 0.025768 0.930748 0.869100 
0.400309 0.531322 0.816369 0.319410 0.881339 0.500579 0.041241 0.598274 0.239110 0.488555 0.483888 0.124606 0.063152 0.552206 0.621177 0.017903 0.264899 0.863486 0.748293 0.034289 0.271429 0.554577 0.169689 0.619843 0.982055 
0.329406 0.135600 0.079481 0.206751 0.027606 0.766185 0.963716 0.359972 0.591876 0.642201 0.783350 0.530812 0.111365 0.110120 0.566573 0.714928 0.662226 0.820926 0.146433 0.841327 0.774176 0.975751 0.486313 0.293349 0.057588 
0.361512 0.836349 0.414318 0.928588 0.717943 0.540426 0.691319 0.890525 0.342622 0.017446 0.688473 0.612375 0.889127 0.788085 0.802240 0.366565 0.680908 0.048302 0.337947 0.492783 0.217218 0.482193 0.198301 0.541501 0.905099 
0.372072 0.587766 0.890724 0.132083 0.194881 0.518359 0.330051 0.345197 0.192970 0.176055 0.223887 0.509311 0.442885 0.238464 0.083185 0.575641 0.839568 0.003666 0.542730 0.689673 0.564459 0.732806 0.237898 0.317497 0.146292 
0.145597 0.326499 0.161320 0.976185 0.581812 0.376646 0.388117 0.264921 0.292787 0.782965 0.224055 0.006954 0.433453 0.874790 0.735086 0.132709 0.999323 0.449685 0.794837 0.761760 0.832176 0.835217 0.803049 0.828956 0.214274 
0.797576 0.898712 0.271571 0.845425 0.211153 0.679307 0.702499 0.654717 0.257018 0.440721 0.181854 0.525034 0.528411 0.858314 0.911797 0.784262 0.727869 0.619884 0.096091 0.649241 0.730316 0.401999 0.315073 0.799307 0.299844 
0.056533 0.706233 0.430704 0.990729 0.213568 0.243742 0.429687 0.608962 0.930983 0.403059 0.931115 0.258325 0.201673 0.649368 0.575839 0.018413 0.143365 0.531071 0.879021 0.948723 0.927073 0.818373 0.186920 0.748281 0.140465 
0.124089 0.164297 0.816424 0.260557 0.951541 0.061621 0.848963 0.895205 0.698980 0.547565 0.188928 0.609932 0.042333 0.616934 0.481467 0.758652 0.085570 0.452031 0.362497 0.282487 0.966200 0.141965 0.178625 0.586992 0.556754 
0.147348 0.002010 0.639515 0.464869 0.445939 0.969176 0.855088 0.364359 0.221796 0.290443 0.523310 0.269793 0.322689 0.262273 0.000773 0.656977 0.744524 0.279348 0.477130 0.326636 0.674935 0.291349 0.874260 0.483738 0.639185 
0.887885 0.823978 0.728535 0.398235 0.139171 0.076046 0.172191 0.313799 0.401491 0.823770 0.235293 0.467588 0.656473 0.272715 0.764288 0.846676 0.100958 0.862512 0.863265 0.045927 0.983149 0.609652 0.020793 0.175649 0.711994 
0.294254 0.399550 0.785879 0.322356 0.491619 0.267539 0.830284 0.043903 0.209861 0.603114 0.223288 0.680720 0.786342 0.019758 0.423799 0.381758 0.877684 0.552332 0.095884 0.450420 0.332864 0.224828 0.317058 0.450262 0.323406 
0.629207 0.063039 0.065873 0.264679 0.283226 0.891362 0.153804 0.079401 0.011609 0.288537 0.271999 0.886776 0.222587 0.522897 0.359878 0.045791 0.281861 0.606065 0.542187 0.653525 0.828979 0.633088 0.784014 0.130765 0.334121 
0.189197 0.622114 0.273130 0.320378 0.668776 0.835199 0.837617 0.928894 0.889031 0.243569 0.914222 0.470925 0.589268 0.552287 0.214003 0.118103 0.607366 0.731951 0.408526 0.416778 0.827979 0.671212 0.178304 0.676302 0.519500 
0.166441 0.163589 0.435287 0.920978 0.211285 0.338699 0.693775 0.497488 0.947023 0.206301 0.552365 0.547553 0.900843 0.531721 0.301317 0.762467 0.581552 0.193499 0.050719 0.814880 0.409905 0.477542 0.171609 0.831638 0.433137 
0.475466 0.026585 0.131057 0.665404 0.389320 0.858802 0.008272 0.178941 0.287861 0.167631 0.541588 0.209161 0.322112 0.981829 0.453823 0.809745 0.070353 0.893399 0.232496 0.576281 0.254272 0.301284 0.969312 0.860707 0.406085 
0.862508 0.310525 0.001276 0.087532 0.279850 0.207076 0.335061 0.734188 0.494243 0.688799 0.337015 0.424479 0.436646 0.440364 0.950010 0.563052 0.656361 0.212252 0.584058 0.398793 0.999824 0.060127 0.108026 0.684069 0.496788 
0.232533 0.386807 0.256779 0.226438 0.853720 0.236550 0.040822 0.103796 0.657484 0.306600 0.185465 0.955716 0.469887 0.743887 0.879602 0.475450 0.184461 0.969519 0.450656 0.814766 0.156550 0.595599 0.415874 0.315555 0.740168 
0.710325 0.507473 0.084707 0.044352 0.354687 0.714332 0.754643 0.422641 0.008907 0.922846 0.811000 0.969312 0.550805 0.922689 0.407199 0.953971 0.283569 0.554976 0.702589 0.743623 0.779871 0.081857 0.368583 0.064448 0.152256 
0.325683 0.768777 0.187904 0.876748 0.683411 0.131649 0.810372 0.816387 0.831436 0.077660 0.587199 0.209844 0.540535 0.907065 0.138245 0.585014 0.821404 0.451087 0.997155 0.477096 0.427698 0.315653 0.628465 0.992540 0.178296 
0.815977 0.954328 0.947906 0.355715 0.790474 0.001072 0.378433 0.116534 0.676144 0.427637 0.902540 0.855568 0.883983 0.785707 0.058239 0.469971 0.528802 0.981838 0.387502 0.268863 0.298075 0.374789 0.617187 0.029307 0.276725 
0.513299 0.238640 0.786703 0.457692 0.059083 0.655582 0.227326 0.826863 0.852292 0.266908 0.953544 0.283208 0.737666 0.139359 0.044911 0.948061 0.055694 0.883321 0.450617 0.036055 0.931302 0.524771 0.363930 0.890957 0.120477 

0.421598 0.129672 0.351730 0.653074 0.438781 0.638053 0.335730 0.915039 0.063842 0.852120 0.994650 0.105095 0.170158 0.699101 0.316621 0.143309 0.261662 0.683507 0.436277 0.247584 0.707956 0.211516 0.097136 0.261078 0.865523 
0.531130 0.927702 0.941127 0.879631 0.218106 0.676286 0.473856 0.302762 0.603490 0.573011 0.434607 0.595200 0.693793 0.542954 0.137950 0.804292 0.109554 0.193707 0.824887 0.820834 0.735078 0.121016 0.730955 0.195184 0.985876 
0.452432 0.124131 0.731512 0.820703 0.884110 0.281233 0.088323 0.784125 0.886860 0.102465 0.310817 0.370053 0.709463 0.889861 0.776920 0.255628 0.082868 0.402207 0.825624 0.608898 0.877704 0.851570 0.135574 0.988491 0.932326 
0.182463 0.677764 0.849778 0.566505 0.270832 0.373822 0.818206 0.419201 0.792732 0.398544 0.953383 0.422562 0.179615 0.465878 0.637273 0.121554 0.864220 0.367480 0.118657 0.071498 0.472203 0.869496 0.546426 0.088155 0.746927 
0.962221 0.020020 0.786205 0.088356 0.952034 0.729761 0.656315 0.368033 0.182939 0.901030 0.724829 0.459815 0.921331 0.842695 0.953336 0.572072 0.724010 0.353437 0.640802 0.728501 0.576825 0.119262 0.106061 0.367523 0.136973 
0.744244 0.182901 0.404569 0.756078 0.626812 0.318501 0.878027 0.378551 0.479519 0.586973 0.995466 0.745803 0.869077 0.268157 0.919442 0.678041 0.387890 0.048590 0.130279 0.343094 0.720320 0.988887 0.610180 0.376462 0.013981 
0.427691 0.562179 0.906019 0.839264 0.127960 0.252706 0.018075 0.408179 0.444964 0.561294 0.753389 0.378693 0.240655 0.849135 0.631171 0.398169 0.876495 0.176005 0.451530 0.584142 0.673735 0.632728 0.073379 0.166102 0.736426 
0.801677 0.416091 0.512660 0.071583 0.687748 0.407867 0.074729 0.209111 0.868787 0.677279 0.037002 0.055450 0.722837 0.619080 0.944237 0.000593 0.628682 0.869362 0.866730 0.387375 0.123853 0.608810 0.201099 0.873375 0.993713 
0.687228 0.558508 0.329494 0.866289 0.740959 0.885352 0.473864 0.229836 0.525587 0.385797 0.212832 0.788577 0.545063 0.538489 0.928761 0.632257 0.334483 0.637550 0.425282 0.234046 0.794768 0.869879 0.263442 0.363993 0.231435 
0.284751 0.236379 0.232048 0.408576 0.982014 0.729220 0.306279 0.557058 0.191627 0.041311 0.104196 0.879518 0.948082 0.499025 0.473398 0.969260 0.887958 0.129890 0.753187 0.169042 0.761327 0.397129 0.260343 0.238093 0.961970 
0.748115 0.217126 0.425878 0.865421 0.468217 0.647554 0.041421 0.292194 0.824904 0.318516 0.307856 0.016272 0.512282 0.591305 0.371923 0.174226 0.641573 0.069195 0.061993 0.981057 0.030036 0.505682 0.810267 0.289769 0.864512 
0.314784 0.570867 0.028273 0.556383 0.362366 0.653665 0.144785 0.230446 0.166735 0.931625 0.266861 0.443666 0.349405 0.074436 0.827820 0.432095 0.664386 0.163568 0.152082 0.995809 0.655850 0.911194 0.182037 0.424206 0.153126 
0.947441 0.387423 0.006151 0.046662 0.332423 0.252006 0.622501 0.262182 0.369050 0.325714 0.957045 0.006078 0.903876 0.914162 0.859337 0.273696 0.130105 0.009897 0.731437 0.519507 0.017533 0.625918 0.274905 0.447016 0.081320 
0.879399 0.997166 0.100590 0.718285 0.575948 0.693551 0.139769 0.948523 0.923250 0.755706 0.178302 0.917300 0.308648 0.045131 0.282881 0.566906 0.884705 0.772430 0.306047 0.960326 0.889435 0.974424 0.506529 0.773630 0.215371 
0.186704 0.946234 0.903617 0.076935 0.825582 0.551279 0.679563 0.172562 0.411162 0.931371 0.783629 0.302262 0.933600 0.067984 0.909220 0.560134 0.674957 0.930576 0.360586 0.497394 0.377804 0.311107 0.682412 0.174934 0.156709 
0.567312 0.735316 0.712957 0.387300 0.545785 0.870102 0.055031 0.894208 0.298888 0.010348 0.582759 0.731113 0.533356 0.997625 0.606052 0.836210 0.537185 0.097745 0.352862 0.081697 0.811197 0.761730 0.586330 0.250688 0.474794 
0.573448 0.450303 0.642377 0.636527 0.323462 0.113084 0.368542 0.433303 0.116328 0.822312 0.423639 0.885546 0.636571 0.704072 0.854819 0.273108 0.712562 0.353004 0.700331 0.248047 0.484251 0.099056 0.437262 0.792226 0.408381 
0.727684 0.113679 0.072726 0.880256 0.236989 0.491652 0.868696 0.481508 0.942417 0.337108 0.661395 0.054676 0.650638 0.582162 0.700719 0.732458 0.074102 0.897275 0.423443 0.720563 0.368434 0.632905 0.744115 0.388740 0.044089 
0.488984 0.550132 0.321578 0.081153 0.497098 0.941751 0.040430 0.050770 0.642253 0.757970 0.521390 0.082617 0.121910 0.225629 0.404584 0.303537 0.299274 0.902157 0.695435 0.229362 0.541929 0.369573 0.703008 0.245546 0.189360 
0.109904 0.452348 0.575962 0.033305 0.012771 0.287069 0.673631 0.652769 0.506841 0.628762 0.279168 0.188995 0.110792 0.072954 0.543192 0.819359 0.807550 0.774352 0.601115 0.440655 0.433871 0.455233 0.963454 0.671088 0.969736 
0.727371 0.455982 0.261983 0.944433 0.533923 0.910947 0.867422 0.158258 0.897069 0.808259 0.689341 0.115084 0.441539 0.867723 0.025395 0.681039 0.728249 0.428271 0.417259 0.857907 0.479618 0.860121 0.783033 0.468398 0.632214 
0.444526 0.118947 0.537682 0.451928 0.799156 0.212395 0.207529 0.610789 0.575972 0.210642 0.278392 0.060688 0.677568 0.647556 0.978670 0.857373 0.400475 0.824837 0.323445 0.773763 0.259155 0.642699 0.383165 0.938385 0.846217 
0.400904 0.187366 0.579220 0.911257 0.261234 0.603595 0.088209 0.483742 0.437167 0.321570 0.613331 0.221173 0.816156 0.199972 0.718781 0.073199 0.852060 0.181761 0.070353 0.646200 0.299198 0.576975 0.406474 0.164901 0.826622 
0.304870 0.250653 0.753722 0.968600 0.564743 0.106722 0.433558 0.005520 0.709541 0.227945 0.906720 0.980734 0.898947 0.443733 0.898980 0.203299 0.123884 0.271977 0.192145 0.948619 0.750187 0.743014 0.389126 0.837478 0.595853 
0.206692 0.240328 0.624615 0.878844 0.141553 0.611078 0.293015 0.412047 0.531494 0.024757 0.772369 0.805391 0.215580 0.094541 0.641926 0.455082 0.365817 0.102693 0.781308 0.918690 0.621935 0.638908 0.252656 0.456551 0.331095 

-2.017487 -1.916753 -2.358034 -2.861520 -2.452095 -3.390007 -1.999026 -1.998686 -0.308921 -1.688244 -4.087653 -0.738729 -1.314306 -3.149169 -1.196500 -0.736955 -0.580962 -3.312996 -0.676359 -1.335419 -2.684990 -2.015194 -1.756196 -0.668907 -3.103796 
-1.768568 -3.274224 -2.865762 -2.968223 -0.721185 -2.933638 -1.333839 -2.824194 -2.884755 -3.018843 -2.293689 -1.423512 -1.525701 -2.406895 -0.737114 -2.205108 -0.675028 -2.474523 -3.175300 -3.769215 -2.326532 -0.417717 -2.274166 -0.302553 -2.300512 
-2.131462 0.846567 0.621431 1.403900 -1.582285 -2.159459 -0.547471 -1.372587 -2.264810 -1.414470 -1.899334 -2.754708 -3.029267 -3.152593 -2.176206 -0.790082 -1.122107 -0.781396 -3.585132 -2.710155 -2.865011 -3.012012 -0.524793 -3.377707 -2.201107 
0.864294 1.352524 1.384508 1.111270 1.232710 -2.255150 -3.099333 -2.551878 -3.418447 -2.237804 -2.440791 -1.122646 0.841499 1.439727 -2.957349 -1.004715 -3.103738 -0.757846 -0.379320 -1.442001 -1.502758 -2.191754 -0.977710 -2.305025 -3.404976 
0.986351 0.781747 1.711811 0.260282 -3.725601 -2.673863 -1.341513 0.706059 0.188821 2.814725 2.231061 1.296674 2.125053 2.453342 -2.290609 -1.282864 -1.778901 -2.176782 -2.650015 -1.356664 -2.168087 -2.030126 -0.695472 -3.175937 -2.383259 
0.920886 0.063896 0.710662 0.636311 0.585503 1.288381 1.080997 1.288095 1.016446 2.674264 3.497531 2.231359 2.157573 0.505054 -2.808436 3.049592 -2.043311 -2.192387 -0.846534 -2.488736 -3.194984 -3.951828 -0.233636 -0.117242 -0.211823 
0.439406 1.723573 1.890194 1.535896 0.927117 1.048963 0.850202 1.098292 0.933609 0.392221 2.845558 1.924002 1.354314 2.965776 3.078856 1.144041 -3.162412 -0.227540 -1.619400 -2.167560 0.225664 -0.385283 -0.225364 0.224514 0.858687 
0.761391 0.584233 1.713654 0.348303 0.742548 0.797021 0.642992 0.603091 1.789804 1.229477 0.493294 1.227357 2.140499 1.517346 2.330249 0.862072 -2.575301 -1.463021 -0.007851 -0.012960 -0.032556 -0.565591 -0.195222 -0.282118 -0.037994 
0.961621 1.372566 0.170277 1.944824 1.278374 1.362243 1.158315 0.690277 1.088484 0.797875 0.603322 1.304327 1.646718 2.501397 3.681858 0.190063 0.071003 -2.437531 -2.420118 0.245468 -0.161036 0.101739 0.049727 -0.287218 0.365974 
0.804962 1.306709 0.109619 1.454562 0.876593 1.547081 1.284792 1.169869 0.521468 0.695897 0.220040 2.593873 2.609762 2.946558 2.904564 2.875851 0.469650 -2.098862 -0.293667 -0.090045 -0.039019 0.102927 -0.257683 0.218887 -0.729624 
0.155295 0.657188 0.414649 1.707141 0.106735 0.886950 0.714309 0.516319 1.504858 0.487736 -1.166120 0.532554 1.320138 2.727710 1.989396 0.111949 -0.239076 0.495479 -0.040746 -0.032576 -0.330181 -0.217372 -0.320410 0.423861 -0.035470 
-0.161585 0.873825 0.798525 1.012300 1.155765 0.221602 0.269202 1.920675 0.111377 1.393480 -0.734276 1.817577 0.903311 2.170143 2.372684 2.222933 1.179333 -0.150537 -0.372422 0.105320 0.332278 -0.085984 0.091729 -0.436082 0.030721 
0.888867 0.468182 0.548907 0.649656 0.606629 1.029366 1.271589 0.924054 0.205392 0.376495 -1.057555 -0.284733 2.536341 2.072109 2.311388 1.873193 1.848822 0.647986 0.119714 0.008278 -0.080213 0.228656 -0.021919 0.164717 -0.673313 
1.418566 1.678384 1.194108 1.277611 0.834727 0.322602 0.218015 1.339982 1.312414 1.420797 -0.502652 -1.625324 1.669355 0.330181 2.700779 2.767516 1.623244 3.334633 0.026818 0.296184 0.063607 -0.133980 0.062431 -0.049601 0.472310 
0.267214 1.395803 1.450381 0.324930 1.134034 1.036707 1.346960 0.583933 1.451494 1.650299 -0.730290 -1.469484 3.321312 0.037017 2.691579 2.343407 2.795854 2.720206 -0.012239 1.439142 1.408297 0.661205 -0.478040 0.162099 0.004069 
0.958489 0.326529 0.923879 0.575072 1.190002 -1.703565 0.240411 -0.884615 -0.707894 0.427679 -0.959348 -1.542026 -1.045584 2.996608 2.251968 1.436967 1.824463 1.611919 2.113412 1.644152 3.192622 2.500237 0.122732 -0.245414 0.021744 
0.477754 1.189052 0.615091 0.882893 -1.240995 -1.277166 -1.208536 -1.625524 -0.993546 -0.815788 -1.201499 -1.658585 -1.139502 -1.289568 -0.758631 -0.046970 -1.333439 -1.515590 2.315525 1.073453 2.561600 1.242083 0.249804 -0.231711 -0.085837 
0.693887 0.392819 -0.108003 -2.244245 -0.783866 -0.061403 -1.255156 -1.295896 -1.835638 -0.664357 -0.425814 -0.828978 -1.104829 -1.783525 -0.938529 -1.288354 -0.602569 -1.013219 1.648527 3.296157 1.621331 -0.544334 0.014616 0.214326 0.364289 
0.832484 0.785559 -0.317019 -0.849662 -0.967221 -1.730543 -0.012282 -0.545790 -0.788226 -0.519615 -1.310844 -0.334781 0.003396 -1.530323 -0.718884 -1.200481 0.654245 2.940360 1.574812 1.398714 -0.118966 -0.352683 0.204237 0.057549 -0.222615 
0.731687 1.080835 -0.432946 -0.402954 0.059603 -0.487118 -0.861648 -1.562345 -0.630321 -1.310175 -0.266392 -0.551204 -0.186035 -0.631238 -1.305252 -1.313060 2.694570 1.927414 2.157669 0.506395 -0.150065 -0.363707 0.424408 -0.249563 0.069699 
1.234128 -0.972866 -0.372616 -1.241557 -1.492784 -1.097277 -1.046657 -0.718202 -1.815838 -1.582663 -0.829465 -1.321502 -0.745419 -1.509027 -0.854389 -1.274407 1.446346 2.770649 2.166802 -0.229867 0.051119 0.054145 0.261072 0.537368 0.247989 
1.786580 -0.847153 -0.894040 -0.994533 -1.052233 -1.469996 -0.578302 -1.337339 0.064075 -1.247581 -1.131983 -0.989397 -1.178621 -1.461449 -1.755983 -1.952214 1.532987 -1.333411 2.394824 0.084187 -0.358129 -0.021065 -0.466796 0.071311 0.124315 
0.876660 1.379417 -0.452385 -2.056069 -1.500214 -0.254529 -0.760160 -1.592026 -1.300784 -0.895680 -0.917976 -0.064128 -0.798458 -1.010962 -0.473490 -0.880104 -2.059496 -0.391008 2.495546 2.062068 1.401456 1.885589 2.215730 0.348426 0.028911 
1.027927 0.975866 -1.327462 -1.291896 -1.036757 0.123024 -1.134765 -0.456668 -1.620662 -0.591290 -1.717970 -1.937647 -2.145353 -0.877944 -1.010533 1.196947 0.253387 2.597619 1.388418 2.834347 1.986512 2.176076 -0.348813 0.024316 0.176566 
0.414949 0.870372 1.219745 1.520440 0.335859 -0.992883 -0.036091 -1.217255 -1.880989 -0.187889 -1.548665 -1.055267 -1.143076 -0.343859 -1.331940 2.675498 1.349366 2.383975 2.268787 2.183068 3.887523 -0.061703 -0.718327 -0.039986 -0.723395 

2 2 2 2 2 2 2 2 2 2 2 2 2 2 2 2 2 2 2 2 2 2 2 2 2 
2 2 2 2 2 2 2 2 2 2 2 2 2 2 2 2 2 2 2 2 2 2 2 2 2 
2 1 1 1 2 2 2 2 2 2 2 2 2 2 2 2 2 2 2 2 2 2 2 2 2 
1 1 1 1 1 2 2 2 2 2 2 2 0 0 2 2 2 2 2 2 2 2 2 2 2 
1 1 1 1 2 2 2 1 1 0 0 0 0 0 2 2 2 2 2 2 2 2 2 2 2 
1 1 1 1 1 1 1 1 1 0 0 0 0 0 2 0 2 2 2 2 2 2 3 3 3 
1 1 1 1 1 1 1 1 1 1 0 0 0 0 0 0 2 2 2 2 3 3 3 3 3 
1 1 1 1 1 1 1 1 1 1 1 0 0 0 0 0 2 2 3 3 3 3 3 3 3 
1 1 1 1 1 1 1 1 1 1 1 1 0 0 0 3 3 2 2 3 3 3 3 3 3 
1 1 1 1 1 1 1 1 1 1 4 0 0 0 0 0 3 2 3 3 3 3 3 3 3 
1 1 1 1 1 1 1 1 1 1 4 0 0 0 0 3 3 3 3 3 3 3 3 3 3 
1 1 1 1 1 1 1 1 1 1 4 0 0 0 0 0 0 3 3 3 3 3 3 3 3 
1 1 1 1 1 1 1 1 1 1 4 4 0 0 0 0 0 0 3 3 3 3 3 3 3 
1 1 1 1 1 1 1 1 1 1 4 4 0 0 0 0 0 0 3 3 3 3 3 3 3 
1 1 1 1 1 1 1 1 1 1 4 4 0 0 0 0 0 0 0 0 0 0 3 3 3 
1 1 1 1 1 4 4 4 4 1 4 4 4 0 0 0 0 0 0 0 0 0 3 3 3 
1 1 1 1 4 4 4 4 4 4 4 4 4 4 4 4 4 4 0 0 0 0 3 3 3 
1 1 4 4 4 4 4 4 4 4 4 4 4 4 4 4 4 4 0 0 0 3 3 3 3 
1 1 4 4 4 4 4 4 4 4 4 4 4 4 4 4 0 0 0 0 3 3 3 3 3 
1 1 4 4 4 4 4 4 4 4 4 4 4 4 4 4 0 0 0 3 3 3 3 3 3 
1 4 4 4 4 4 4 4 4 4 4 4 4 4 4 4 0 0 0 3 3 3 3 3 3 
1 4 4 4 4 4 4 4 4 4 4 4 4 4 4 4 0 4 0 3 3 3 3 3 3 
1 1 4 4 4 4 4 4 4 4 4 4 4 4 4 4 4 4 0 0 0 0 0 3 3 
1 1 4 4 4 4 4 4 4 4 4 4 4 4 4 0 0 0 0 0 0 0 3 3 3 
1 1 1 1 1 4 4 4 4 4 4 4 4 4 4 0 0 0 0 0 0 3 3 3 3 

-2.0 -2.0 -2.0 -2.0 -2.0 -2.0 -2.0 -2.0 -2.0 -2.0 -2.0 -2.0 -2.0 -2.0 -2.0 -2.0 -2.0 -2.0 -2.0 -2.0 -2.0 -2.0 -2.0 -2.0 -2.0 
-2.0 -2.0 -2.0 -2.0 -2.0 -2.0 -2.0 -2.0 -2.0 -2.0 -2.0 -2.0 -2.0 -2.0 -2.0 -2.0 -2.0 -2.0 -2.0 -2.0 -2.0 -2.0 -2.0 -2.0 -2.0 
-2.0 1.0 1.0 1.0 -2.0 -2.0 -2.0 -2.0 -2.0 -2.0 -2.0 -2.0 -2.0 -2.0 -2.0 -2.0 -2.0 -2.0 -2.0 -2.0 -2.0 -2.0 -2.0 -2.0 -2.0 
1.0 1.0 1.0 1.0 1.0 -2.0 -2.0 -2.0 -2.0 -2.0 -2.0 -2.0 2.0 2.0 -2.0 -2.0 -2.0 -2.0 -2.0 -2.0 -2.0 -2.0 -2.0 -2.0 -2.0 
1.0 1.0 1.0 1.0 -2.0 -2.0 -2.0 1.0 1.0 2.0 2.0 2.0 2.0 2.0 -2.0 -2.0 -2.0 -2.0 -2.0 -2.0 -2.0 -2.0 -2.0 -2.0 -2.0 
1.0 1.0 1.0 1.0 1.0 1.0 1.0 1.0 1.0 2.0 2.0 2.0 2.0 2.0 -2.0 2.0 -2.0 -2.0 -2.0 -2.0 -2.0 -2.0 0.0 0.0 0.0 
1.0 1.0 1.0 1.0 1.0 1.0 1.0 1.0 1.0 1.0 2.0 2.0 2.0 2.0 2.0 2.0 -2.0 -2.0 -2.0 -2.0 0.0 0.0 0.0 0.0 0.0 
1.0 1.0 1.0 1.0 1.0 1.0 1.0 1.0 1.0 1.0 1.0 2.0 2.0 2.0 2.0 2.0 -2.0 -2.0 0.0 0.0 0.0 0.0 0.0 0.0 0.0 
1.0 1.0 1.0 1.0 1.0 1.0 1.0 1.0 1.0 1.0 1.0 1.0 2.0 2.0 2.0 0.0 0.0 -2.0 -2.0 0.0 0.0 0.0 0.0 0.0 0.0 
1.0 1.0 1.0 1.0 1.0 1.0 1.0 1.0 1.0 1.0 -1.0 2.0 2.0 2.0 2.0 2.0 0.0 -2.0 0.0 0.0 0.0 0.0 0.0 0.0 0.0 
1.0 1.0 1.0 1.0 1.0 1.0 1.0 1.0 1.0 1.0 -1.0 2.0 2.0 2.0 2.0 0.0 0.0 0.0 0.0 0.0 0.0 0.0 0.0 0.0 0.0 
1.0 1.0 1.0 1.0 1.0 1.0 1.0 1.0 1.0 1.0 -1.0 2.0 2.0 2.0 2.0 2.0 2.0 0.0 0.0 0.0 0.0 0.0 0.0 0.0 0.0 
1.0 1.0 1.0 1.0 1.0 1.0 1.0 1.0 1.0 1.0 -1.0 -1.0 2.0 2.0 2.0 2.0 2.0 2.0 0.0 0.0 0.0 0.0 0.0 0.0 0.0 
1.0 1.0 1.0 1.0 1.0 1.0 1.0 1.0 1.0 1.0 -1.0 -1.0 2.0 2.0 2.0 2.0 2.0 2.0 0.0 0.0 0.0 0.0 0.0 0.0 0.0 
1.0 1.0 1.0 1.0 1.0 1.0 1.0 1.0 1.0 1.0 -1.0 -1.0 2.0 2.0 2.0 2.0 2.0 2.0 2.0 2.0 2.0 2.0 0.0 0.0 0.0 
1.0 1.0 1.0 1.0 1.0 -1.0 -1.0 -1.0 -1.0 1.0 -1.0 -1.0 -1.0 2.0 2.0 2.0 2.0 2.0 2.0 2.0 2.0 2.0 0.0 0.0 0.0 
1.0 1.0 1.0 1.0 -1.0 -1.0 -1.0 -1.0 -1.0 -1.0 -1.0 -1.0 -1.0 -1.0 -1.0 -1.0 -1.0 -1.0 2.0 2.0 2.0 2.0 0.0 0.0 0.0 
1.0 1.0 -1.0 -1.0 -1.0 -1.0 -1.0 -1.0 -1.0 -1.0 -1.0 -1.0 -1.0 -1.0 -1.0 -1.0 -1.0 -1.0 2.0 2.0 2.0 0.0 0.0 0.0 0.0 
1.0 1.0 -1.0 -1.0 -1.0 -1.0 -1.0 -1.0 -1.0 -1.0 -1.0 -1.0 -1.0 -1.0 -1.0 -1.0 2.0 2.0 2.0 2.0 0.0 0.0 0.0 0.0 0.0 
1.0 1.0 -1.0 -1.0 -1.0 -1.0 -1.0 -1.0 -1.0 -1.0 -1.0 -1.0 -1.0 -1.0 -1.0 -1.0 2.0 2.0 2.0 0.0 0.0 0.0 0.0 0.0 0.0 
1.0 -1.0 -1.0 -1.0 -1.0 -1.0 -1.0 -1.0 -1.0 -1.0 -1.0 -1.0 -1.0 -1.0 -1.0 -1.0 2.0 2.0 2.0 0.0 0.0 0.0 0.0 0.0 0.0 
1.0 -1.0 -1.0 -1.0 -1.0 -1.0 -1.0 -1.0 -1.0 -1.0 -1.0 -1.0 -1.0 -1.0 -1.0 -1.0 2.0 -1.0 2.0 0.0 0.0 0.0 0.0 0.0 0.0 
1.0 1.0 -1.0 -1.0 -1.0 -1.0 -1.0 -1.0 -1.0 -1.0 -1.0 -1.0 -1.0 -1.0 -1.0 -1.0 -1.0 -1.0 2.0 2.0 2.0 2.0 2.0 0.0 0.0 
1.0 1.0 -1.0 -1.0 -1.0 -1.0 -1.0 -1.0 -1.0 -1.0 -1.0 -1.0 -1.0 -1.0 -1.0 2.0 2.0 2.0 2.0 2.0 2.0 2.0 0.0 0.0 0.0 
1.0 1.0 1.0 1.0 1.0 -1.0 -1.0 -1.0 -1.0 -1.0 -1.0 -1.0 -1.0 -1.0 -1.0 2.0 2.0 2.0 2.0 2.0 2.0 0.0 0.0 0.0 0.0 

-2.0 -2.0 -2.0 -2.0 -2.0 -2.0 -2.0 -2.0 -2.0 -2.0 -2.0 -2.0 -2.0 -2.0 -2.0 -2.0 -2.0 -2.0 -2.0 -2.0 -2.0 -2.0 -2.0 -2.0 -2.0 
-2.0 -2.0 -2.0 -2.0 -2.0 -2.0 -2.0 -2.0 -2.0 -2.0 -2.0 -2.0 -2.0 -2.0 -2.0 -2.0 -2.0 -2.0 -2.0 -2.0 -2.0 -2.0 -2.0 -2.0 -2.0 
-2.0 1.0 1.0 1.0 -2.0 -2.0 -2.0 -2.0 -2.0 -2.0 -2.0 -2.0 -2.0 -2.0 -2.0 -2.0 -2.0 -2.0 -2.0 -2.0 -2.0 -2.0 -2.0 -2.0 -2.0 
1.0 1.0 1.0 1.0 1.0 -2.0 -2.0 -2.0 -2.0 -2.0 -2.0 -2.0 2.0 2.0 -2.0 -2.0 -2.0 -2.0 -2.0 -2.0 -2.0 -2.0 -2.0 -2.0 -2.0 
1.0 1.0 1.0 1.0 -2.0 -2.0 -2.0 1.0 1.0 2.0 2.0 2.0 2.0 2.0 -2.0 -2.0 -2.0 -2.0 -2.0 -2.0 -2.0 -2.0 -2.0 -2.0 -2.0 
1.0 1.0 1.0 1.0 1.0 1.0 1.0 1.0 1.0 2.0 2.0 2.0 2.0 2.0 -2.0 2.0 -2.0 -2.0 -2.0 -2.0 -2.0 -2.0 0.0 0.0 0.0 
1.0 1.0 1.0 1.0 1.0 1.0 1.0 1.0 1.0 1.0 2.0 2.0 2.0 2.0 2.0 2.0 -2.0 -2.0 -2.0 -2.0 0.0 0.0 0.0 0.0 0.0 
1.0 1.0 1.0 1.0 1.0 1.0 1.0 1.0 1.0 1.0 1.0 2.0 2.0 2.0 2.0 2.0 -2.0 -2.0 0.0 0.0 0.0 0.0 0.0 0.0 0.0 
1.0 1.0 1.0 1.0 1.0 1.0 1.0 1.0 1.0 1.0 1.0 1.0 2.0 2.0 2.0 0.0 0.0 -2.0 -2.0 0.0 0.0 0.0 0.0 0.0 0.0 
1.0 1.0 1.0 1.0 1.0 1.0 1.0 1.0 1.0 1.0 -1.0 2.0 2.0 2.0 2.0 2.0 0.0 -2.0 0.0 0.0 0.0 0.0 0.0 0.0 0.0 
1.0 1.0 1.0 1.0 1.0 1.0 1.0 1.0 1.0 1.0 -1.0 2.0 2.0 2.0 2.0 0.0 0.0 0.0 0.0 0.0 0.0 0.0 0.0 0.0 0.0 
1.0 1.0 1.0 1.0 1.0 1.0 1.0 1.0 1.0 1.0 -1.0 2.0 2.0 2.0 2.0 2.0 2.0 0.0 0.0 0.0 0.0 0.0 0.0 0.0 0.0 
1.0 1.0 1.0 1.0 1.0 1.0 1.0 1.0 1.0 1.0 -1.0 -1.0 2.0 2.0 2.0 2.0 2.0 2.0 0.0 0.0 0.0 0.0 0.0 0.0 0.0 
1.0 1.0 1.0 1.0 1.0 1.0 1.0 1.0 1.0 1.0 -1.0 -1.0 2.0 2.0 2.0 2.0 2.0 2.0 0.0 0.0 0.0 0.0 0.0 0.0 0.0 
1.0 1.0 1.0 1.0 1.0 1.0 1.0 1.0 1.0 1.0 -1.0 -1.0 2.0 2.0 2.0 2.0 2.0 2.0 2.0 2.0 2.0 2.0 0.0 0.0 0.0 
1.0 1.0 1.0 1.0 1.0 -1.0 -1.0 -1.0 -1.0 1.0 -1.0 -1.0 -1.0 2.0 2.0 2.0 2.0 2.0 2.0 2.0 2.0 2.0 0.0 0.0 0.0 
1.0 1.0 1.0 1.0 -1.0 -1.0 -1.0 -1.0 -1.0 -1.0 -1.0 -1.0 -1.0 -1.0 -1.0 -1.0 -1.0 -1.0 2.0 2.0 2.0 2.0 0.0 0.0 0.0 
1.0 1.0 -1.0 -1.0 -1.0 -1.0 -1.0 -1.0 -1.0 -1.0 -1.0 -1.0 -1.0 -1.0 -1.0 -1.0 -1.0 -1.0 2.0 2.0 2.0 0.0 0.0 0.0 0.0 
1.0 1.0 -1.0 -1.0 -1.0 -1.0 -1.0 -1.0 -1.0 -1.0 -1.0 -1.0 -1.0 -1.0 -1.0 -1.0 2.0 2.0 2.0 2.0 0.0 0.0 0.0 0.0 0.0 
1.0 1.0 -1.0 -1.0 -1.0 -1.0 -1.0 -1.0 -1.0 -1.0 -1.0 -1.0 -1.0 -1.0 -1.0 -1.0 2.0 2.0 2.0 0.0 0.0 0.0 0.0 0.0 0.0 
1.0 -1.0 -1.0 -1.0 -1.0 -1.0 -1.0 -1.0 -1.0 -1.0 -1.0 -1.0 -1.0 -1.0 -1.0 -1.0 2.0 2.0 2.0 0.0 0.0 0.0 0.0 0.0 0.0 
1.0 -1.0 -1.0 -1.0 -1.0 -1.0 -1.0 -1.0 -1.0 -1.0 -1.0 -1.0 -1.0 -1.0 -1.0 -1.0 2.0 -1.0 2.0 0.0 0.0 0.0 0.0 0.0 0.0 
1.0 1.0 -1.0 -1.0 -1.0 -1.0 -1.0 -1.0 -1.0 -1.0 -1.0 -1.0 -1.0 -1.0 -1.0 -1.0 -1.0 -1.0 2.0 2.0 2.0 2.0 2.0 0.0 0.0 
1.0 1.0 -1.0 -1.0 -1.0 -1.0 -1.0 -1.0 -1.0 -1.0 -1.0 -1.0 -1.0 -1.0 -1.0 2.0 2.0 2.0 2.0 2.0 2.0 2.0 0.0 0.0 0.0 
1.0 1.0 1.0 1.0 1.0 -1.0 -1.0 -1.0 -1.0 -1.0 -1.0 -1.0 -1.0 -1.0 -1.0 2.0 2.0 2.0 2.0 2.0 2.0 0.0 0.0 0.0 0.0 

