0.776525 0.249520 0.278056 0.569489 0.014288 0.681569 0.180350 0.042487 0.115700 0.562215 0.266694 0.282201 0.888349 0.436301 0.827485 0.755439 0.648450 0.509124 0.680877 0.381074 0.878062 0.181430 0.278779 0.181621 0.466476 
0.556364 0.810968 0.219980 0.008441 0.557952 0.574696 0.071898 0.774790 0.104876 0.872446 0.169996 0.309115 0.982948 0.933056 0.007140 0.232040 0.261992 0.739413 0.547616 0.133953 0.968889 0.524779 0.660530 0.823306 0.796839 
0.701440 0.897854 0.507193 0.126239 0.047794 0.837061 0.363265 0.716413 0.256809 0.964406 0.514007 0.948939 0.626919 0.814749 0.488091 0.235591 0.626168 0.529348 0.281234 0.627102 0.514835 0.824925 0.406486 0.539935 0.883116 
0.410536 0.937438 0.344813 0.891399 0.292883 0.670688 0.093824 0.019344 0.763395 0.409965 0.203676 0.012619 0.056584 0.874581 0.561776 0.268862 0.779788 0.525729 0.376061 0.419284 0.527080 0.054238 0.595264 0.801935 0.504015 
0.110020 0.020778 0.763763 0.965927 0.218770 0.546214 0.467739 0.992772 0.212368 0.496782 0.092289 0.323491 0.036419 0.157821 0.138635 0.901054 0.834141 0.211730 0.528034 0.042620 0.477313 0.491508 0.301060 0.613334 0.802344 
0.362969 0.686621 0.844470 0.879569 0.695237 0.078080 0.622332 0.035586 0.080017 0.017273 0.455225 0.350038 0.263250 0.445453 0.254394 0.622295 0.910241 0.449190 0.152061 0.283806 0.089338 0.882874 0.502713 0.133760 0.560447 
0.196409 0.878063 0.266753 0.766555 0.361937 0.281232 0.927083 0.512528 0.683050 0.095174 0.186828 0.889453 0.364800 0.861428 0.424840 0.484101 0.438572 0.782789 0.579154 0.696938 0.172399 0.487353 0.181874 0.892799 0.737466 
0.235676 0.033043 0.567291 0.728369 0.735708 0.296665 0.498729 0.451872 0.594537 0.622472 0.441667 0.079064 0.119587 0.141795 0.059396 0.315610 0.867556 0.015426 0.305017 0.846921 0.305450 0.552152 0.177932 0.152000 0.464001 
0.357640 0.603488 0.933831 0.161897 0.069450 0.610884 0.063865 0.144815 0.983807 0.752338 0.047476 0.930819 0.933556 0.413201 0.419482 0.535175 0.228038 0.574897 0.897695 0.822228 0.489985 0.068273 0.865629 0.556879 0.739121 
0.663272 0.938100 0.170636 0.283998 0.930880 0.443524 0.586789 0.421243 0.405291 0.294262 0.966022 0.240184 0.594953 0.436531 0.240636 0.249959 0.507085 0.045670 0.373651 0.822589 0.818568 0.077718 0.172628 0.735308 0.831100 
0.742985 0.493485 0.745143 0.864412 0.353479 0.645415 0.811757 0.780436 0.955890 0.667178 0.924609 0.674960 0.798837 0.867648 0.543502 0.005536 0.857464 0.279916 0.810263 0.667376 0.995440 0.014138 0.860242 0.949065 0.759242 
0.047117 0.245330 0.130516 0.517948 0.097929 0.714382 0.172145 0.930354 0.733714 0.474403 0.492567 0.724868 0.780881 0.330604 0.520037 0.356513 0.970760 0.143646 0.695020 0.721122 0.448462 0.305080 0.759520 0.569579 0.154924 
0.140764 0.458807 0.064372 0.331579 0.291355 0.438687 0.705777 0.049242 0.919757 0.973084 0.311004 0.137326 0.842917 0.545756 0.562136 0.520401 0.139570 0.218745 0.768566 0.169463 0.304252 0.262017 0.620422 0.017830 0.335458 
0.896605 0.571751 0.976699 0.971073 0.128096 0.486773 0.659630 0.221425 0.161733 0.253705 0.141620 0.124847 0.872850 0.803755 0.883235 0.091040 0.964168 0.375199 0.637926 0.837690 0.054784 0.190917 0.162893 0.268042 0.623885 
0.642819 0.920879 0.320519 0.927303 0.265773 0.909736 0.819797 0.320906 0.071552 0.419293 0.544031 0.165607 0.260868 0.282976 0.356294 0.824295 0.659076 0.777705 0.916678 0.365416 0.438505 0.258487 0.688112 0.253809 0.480490 
0.154558 0.295955 0.289904 0.804860 0.939011 0.143864 0.670543 0.142933 0.616808 0.215289 0.418917 0.248646 0.360661 0.335310 0.329023 0.752132 0.348919 0.971694 0.683499 0.997036 0.569451 0.269378 0.634215 0.015517 0.910976 
0.222149 0.247800 0.517032 0.612080 0.405315 0.889112 0.290192 0.199973 0.579545 0.901144 0.617262 0.892335 0.398218 0.955836 0.609615 0.078257 0.514003 0.606061 0.089496 0.483837 0.901367 0.651117 0.373224 0.350938 0.557429 
0.846141 0.783245 0.333599 0.345137 0.642879 0.504727 0.237397 0.145230 0.864749 0.409575 0.309706 0.796802 0.945781 0.010339 0.028116 0.586923 0.608797 0.956210 0.722789 0.648732 0.832322 0.664707 0.086016 0.812250 0.777497 
0.316893 0.668883 0.071435 0.009950 0.192943 0.284572 0.977139 0.006917 0.086078 0.491579 0.713925 0.084848 0.764407 0.945858 0.837197 0.445636 0.496734 0.030643 0.709302 0.527503 0.048548 0.867782 0.976559 0.676012 0.884114 
0.744730 0.101745 0.514157 0.902697 0.778581 0.681916 0.631445 0.888103 0.880414 0.519137 0.792319 0.805067 0.703592 0.635743 0.156528 0.954639 0.597958 0.926309 0.497375 0.445102 0.635057 0.082492 0.301810 0.190490 0.703758 
0.088209 0.025698 0.666143 0.899911 0.286329 0.222619 0.264066 0.601353 0.333280 0.984960 0.695163 0.243193 0.061986 0.184718 0.781137 0.317009 0.167915 0.171399 0.428072 0.399425 0.145902 0.006593 0.278186 0.907596 0.385453 
0.029720 0.732957 0.632169 0.013175 0.856198 0.559911 0.627913 0.630268 0.636982 0.384813 0.762584 0.454646 0.757195 0.901869 0.428253 0.569117 0.628423 0.798649 0.322980 0.181694 0.392071 0.090273 0.446292 0.352939 0.341905 
0.026815 0.113706 0.734907 0.673874 0.805014 0.620589 0.387803 0.593601 0.551897 0.876798 0.245215 0.656120 0.238029 0.050942 0.916766 0.383291 0.497475 0.893343 0.291460 0.994063 0.607628 0.970789 0.647514 0.464014 0.816415 
0.103350 0.571063 0.118080 0.166367 0.108761 0.289994 0.242779 0.008390 0.879207 0.388670 0.442728 0.011494 0.746373 0.780723 0.550541 0.211723 0.358861 0.293362 0.624276 0.783018 0.808493 0.933535 0.548841 0.675148 0.441305 
0.968419 0.096103 0.016959 0.644518 0.799894 0.634720 0.485505 0.651587 0.755900 0.111981 0.718843 0.333718 0.075840 0.443939 0.975495 0.259792 0.424779 0.809899 0.651320 0.733131 0.310646 0.412130 0.781575 0.436663 0.801563 

0.577938 0.453090 0.814718 0.594788 0.907144 0.874000 0.545740 0.626161 0.333667 0.449689 0.813965 0.766206 0.235097 0.022472 0.640164 0.497664 0.479049 0.814686 0.578102 0.237587 0.290251 0.974219 0.276868 0.936120 0.866555 
0.096259 0.704520 0.993749 0.578840 0.486426 0.976947 0.669746 0.366312 0.612842 0.413087 0.620195 0.295070 0.483565 0.550099 0.311333 0.153243 0.736220 0.013798 0.956663 0.987222 0.188881 0.158470 0.438764 0.662315 0.294159 
0.814986 0.634278 0.846642 0.082530 0.868260 0.612258 0.001234 0.443129 0.441540 0.462604 0.682246 0.899703 0.091686 0.582176 0.517562 0.432605 0.591094 0.154675 0.052482 0.397225 0.845681 0.317743 0.017107 0.861105 0.762669 
0.407606 0.020223 0.265528 0.745771 0.397227 0.911218 0.785189 0.474648 0.087695 0.757107 0.378249 0.466997 0.790105 0.751548 0.536198 0.232003 0.580341 0.502130 0.072082 0.176516 0.822032 0.931988 0.388214 0.573945 0.994779 
0.674851 0.005544 0.477717 0.732454 0.625209 0.207912 0.728901 0.015409 0.408121 0.381151 0.370979 0.585971 0.432637 0.342786 0.002035 0.698922 0.582041 0.515391 0.779752 0.317662 0.190513 0.779478 0.132337 0.201419 0.168462 
0.892843 0.346909 0.629699 0.690592 0.092140 0.425228 0.389349 0.288940 0.756591 0.197988 0.467490 0.728434 0.231780 0.793163 0.623524 0.581553 0.769420 0.392184 0.811720 0.002538 0.057353 0.732825 0.775873 0.475841 0.457980 
0.788514 0.895939 0.554105 0.672402 0.191687 0.050960 0.059628 0.142225 0.399849 0.258463 0.733601 0.128581 0.453575 0.364402 0.066851 0.237309 0.766742 0.066344 0.185582 0.054092 0.628964 0.461625 0.925940 0.147793 0.836428 
0.849634 0.382613 0.859908 0.149409 0.853644 0.463128 0.745469 0.603660 0.858590 0.930237 0.598794 0.171140 0.643724 0.381625 0.434817 0.550480 0.297541 0.211775 0.854636 0.148626 0.589923 0.697404 0.203850 0.071464 0.155273 
0.115765 0.144868 0.154892 0.062934 0.099098 0.033474 0.050429 0.409106 0.167930 0.631348 0.637179 0.294821 0.005419 0.476436 0.663744 0.436911 0.470123 0.667527 0.028236 0.837046 0.863804 0.259180 0.232377 0.427707 0.777484 
0.975463 0.657653 0.819083 0.525259 0.185195 0.034196 0.156408 0.037956 0.581060 0.971770 0.427833 0.390670 0.753540 0.507764 0.959062 0.177027 0.201255 0.777864 0.120831 0.598420 0.456355 0.392790 0.093115 0.410493 0.046523 
0.949434 0.336499 0.614719 0.351776 0.601728 0.762382 0.356100 0.045970 0.239304 0.438573 0.384641 0.623274 0.100282 0.537286 0.859878 0.256727 0.825590 0.820976 0.657728 0.504283 0.189272 0.400439 0.987904 0.128409 0.807239 
0.394847 0.562745 0.730544 0.057884 0.412039 0.865758 0.374388 0.366708 0.094520 0.055556 0.336433 0.626062 0.114766 0.336601 0.489089 0.104268 0.436642 0.371830 0.363034 0.508049 0.321462 0.713802 0.611666 0.411581 0.906028 
0.256489 0.528804 0.033591 0.188714 0.674532 0.563481 0.180957 0.842635 0.674409 0.418217 0.441811 0.665941 0.105178 0.123652 0.388361 0.062969 0.571281 0.004346 0.267029 0.465815 0.293137 0.531553 0.034739 0.097078 0.370552 
0.004426 0.542521 0.357893 0.535382 0.264397 0.987437 0.586204 0.131950 0.518857 0.170215 0.958752 0.681206 0.582182 0.767755 0.630880 0.238016 0.598590 0.671052 0.970605 0.078102 0.460494 0.937797 0.018726 0.323162 0.763961 
0.789673 0.026444 0.102968 0.041101 0.741885 0.681748 0.345959 0.868184 0.319190 0.996898 0.083656 0.259101 0.936665 0.159476 0.204958 0.153096 0.888487 0.723535 0.404953 0.914777 0.017983 0.916151 0.660494 0.030112 0.654567 
0.746494 0.384178 0.090454 0.555469 0.564331 0.819113 0.178387 0.600044 0.549980 0.591265 0.496316 0.123443 0.374960 0.787252 0.465005 0.187496 0.118558 0.975424 0.975073 0.416334 0.077154 0.937053 0.935993 0.398936 0.372818 
0.601053 0.375197 0.434436 0.504677 0.466339 0.653573 0.410892 0.326781 0.667353 0.762809 0.453206 0.308870 0.224052 0.935791 0.956282 0.565091 0.633309 0.485478 0.249658 0.376768 0.462359 0.223985 0.208548 0.596049 0.341125 
0.037830 0.133282 0.771263 0.326396 0.193285 0.954523 0.209885 0.218417 0.477602 0.337392 0.427217 0.512144 0.664790 0.814456 0.729264 0.981814 0.880940 0.805949 0.358748 0.329152 0.715263 0.370448 0.668052 0.595560 0.854657 
0.883006 0.985359 0.923292 0.982621 0.356901 0.969705 0.576835 0.485209 0.336375 0.464107 0.682602 0.975574 0.893978 0.152093 0.912869 0.278868 0.506276 0.724793 0.062925 0.651545 0.466823 0.686358 0.320578 0.511642 0.237027 
0.455332 0.869264 0.087198 0.094590 0.336964 0.478275 0.283513 0.926594 0.524822 0.841668 0.714717 0.366652 0.570147 0.860887 0.649063 0.874689 0.185245 0.805724 0.432968 0.467280 0.767867 0.738089 0.897449 0.879021 0.188164 
0.594106 0.241374 0.499204 0.346527 0.253521 0.232962 0.912535 0.024927 0.458905 0.723573 0.870026 0.806162 0.610827 0.762527 0.652431 0.249732 0.236237 0.829679 0.004578 0.029853 0.199690 0.323115 0.314208 0.425595 0.000531 
0.372321 0.136151 0.154414 0.084657 0.088982 0.041555 0.448026 0.842002 0.046886 0.089876 0.017785 0.189367 0.748287 0.176826 0.015484 0.157823 0.299527 0.416031 0.510979 0.387925 0.470516 0.744429 0.051492 0.974704 0.012631 
0.927524 0.629363 0.464114 0.171165 0.951202 0.683382 0.878705 0.669083 0.677671 0.104885 0.255498 0.027928 0.389564 0.554010 0.519210 0.658563 0.860967 0.560818 0.902098 0.155334 0.626357 0.669565 0.285784 0.002939 0.136963 
0.085715 0.253481 0.629375 0.500830 0.192820 0.241171 0.722943 0.797268 0.824009 0.565633 0.262876 0.045967 0.953810 0.425697 0.409385 0.861026 0.841317 0.470207 0.013078 0.191833 0.380986 0.774241 0.963647 0.111198 0.479876 
0.667212 0.355354 0.256117 0.272442 0.410329 0.529881 0.115419 0.671412 0.537231 0.813429 0.697904 0.801904 0.290181 0.234556 0.453063 0.604505 0.045004 0.263328 0.369988 0.079686 0.682638 0.621584 0.331228 0.733508 0.669517 

-0.472391 -0.516386 -0.789589 -0.483412 -0.973884 -0.825432 -0.604850 -0.626625 -0.422256 -0.221354 -0.934237 -0.796625 -0.280185 0.061256 -0.509556 -0.667503 0.373538 0.519548 0.630913 0.237758 0.854859 0.056754 0.409339 0.037033 0.429421 
-0.186129 -0.934963 -0.900509 -0.668334 -0.418108 -1.181683 -0.746972 -0.369544 -0.755178 -0.437824 -0.467151 -0.286070 -0.684789 -0.500178 -0.734139 0.177742 -1.060963 0.725723 0.654886 0.178445 0.849619 0.567258 0.525121 0.793086 0.735074 
-0.807046 -0.498878 -1.078105 -0.226781 -0.821832 -0.461076 0.106170 -0.538296 -0.541858 -0.195385 -0.644718 -0.959632 -0.150227 0.400546 -0.166060 -0.273529 -0.016105 0.640377 0.257138 0.675910 0.551946 0.833539 0.329052 0.668961 0.934887 
-0.386683 -0.102009 -0.263333 -0.793032 -0.259784 -1.028316 -0.771659 -0.578833 -0.083767 -0.615544 -0.373697 -0.377733 -1.521246 0.180388 0.352191 0.124106 0.460056 0.697081 0.185768 0.464212 0.511532 0.000067 0.762136 0.893445 0.431174 
-0.642346 0.010999 -0.470544 -0.555387 -0.411198 -0.182800 -0.532712 -0.066744 -0.368408 -0.299859 -0.437536 -0.513065 -0.911589 -0.460245 0.186552 0.381349 0.555704 0.130536 0.520869 0.144573 0.436723 0.425824 0.312840 0.540614 0.765794 
-0.987262 -0.235014 -0.682007 -0.562263 -0.044376 -0.527749 -0.493704 -0.436416 -0.836538 -0.273768 -0.040032 -0.741508 0.111305 -0.586420 -0.693505 0.106678 0.149474 0.438325 0.123925 0.021421 0.224313 0.861379 0.701714 0.234176 0.737613 
-0.775175 -0.956472 -0.676064 -0.595179 -0.441548 0.011777 -0.018225 -0.081132 -0.673722 -0.284579 -1.128922 1.400769 -0.152356 1.107405 0.883985 0.807825 -0.744697 0.847023 0.664458 0.803685 0.123542 0.351376 0.028611 0.922296 0.763168 
-0.992268 -0.368769 -0.851600 -0.096607 -0.904231 -0.535959 -0.650538 -0.655000 -0.562338 -0.559650 -0.281837 -0.294781 -1.027353 -0.330518 -0.802588 -0.526624 1.097361 0.106751 0.279658 1.003433 0.235078 0.727779 0.055003 0.124400 0.452391 
-0.177913 -0.072222 -0.209002 -0.103485 -0.202496 -0.069391 -0.261112 -0.679096 1.574308 0.180790 -1.306687 1.259170 1.748982 -0.003520 -0.555408 0.243263 -0.605973 0.600187 0.769041 0.666667 0.696150 0.079415 0.902201 0.525066 0.723165 
-1.010059 -0.625634 -0.962733 -0.555042 -0.180031 0.929760 0.921997 0.825347 -0.175945 -1.399705 0.969450 -0.447677 -0.307882 -0.247286 -1.355509 0.160284 0.578180 -0.120944 0.370642 0.700243 0.785139 0.068865 0.511129 0.502927 0.925962 
-0.970451 -0.355428 -0.641560 -0.454573 -0.546339 -0.274067 0.852622 1.480331 1.538892 0.467392 1.150774 0.256194 1.410511 0.568385 -0.530150 -0.286880 0.035335 0.206263 0.952731 0.597705 0.991544 0.204562 0.658509 0.856394 0.856528 
-0.328636 -0.537979 1.396895 -0.858711 0.636798 0.099196 0.313955 -1.056987 1.200893 0.753687 0.268987 0.088460 1.340089 0.030603 0.249042 0.565229 1.191120 0.013541 0.526523 0.637647 0.248885 0.364372 0.802847 0.429907 0.141315 
0.188227 0.253286 -0.179763 -0.313510 0.667004 0.401588 -1.019931 1.629546 -0.411678 -0.963318 0.203349 1.112805 -1.344502 -0.687432 0.304199 0.741556 -1.082299 0.388084 0.701016 0.048456 0.282026 0.346426 0.710943 -0.090714 0.412026 
-1.837112 -0.084357 -1.111006 -1.091763 0.243056 0.881197 -0.171997 -0.229235 0.660500 -0.074503 1.538830 0.962755 -0.708882 -0.142751 -0.506502 0.287949 -0.675106 0.192162 0.664273 0.801140 0.110729 0.194149 0.256871 0.227229 0.571748 
0.246015 -1.816807 -0.456208 -1.891817 1.092044 -0.386537 -1.031418 1.068115 0.404014 1.139814 -0.782448 0.332570 1.410930 -0.203146 -0.285916 -1.403642 0.281369 -0.205694 0.743220 0.404659 0.592627 0.242673 0.713908 0.151820 0.651413 
1.223395 0.216766 -0.429948 -0.596362 -0.891623 1.488270 -1.206272 1.062933 -0.081729 0.736527 0.207159 -0.230965 0.125783 0.899177 0.443117 -1.300387 -0.408313 0.085169 0.580015 -1.212557 0.658642 0.273665 0.757671 -0.009398 -0.553205 
0.826313 0.212523 -0.299669 -0.121470 0.132993 -0.363030 0.118841 0.389341 0.406673 -0.177758 -0.393958 -1.153576 -0.445756 -0.074336 0.695047 0.950827 0.289752 -0.112971 0.329488 -0.147245 -0.967750 -0.513217 -0.281607 0.395294 -0.259090 
-1.610296 -1.229069 0.810986 -0.063005 -1.041078 0.896201 -0.124767 0.300812 -0.815447 -0.068822 0.155211 -0.574776 -0.512835 1.740454 1.431801 0.996694 0.515632 -0.373576 -0.754395 -0.535805 -0.091746 -0.404528 0.506168 -0.047331 0.071047 
1.235700 0.704215 1.658215 1.919693 0.380489 1.430846 -0.604565 1.110468 0.287914 -0.086046 -0.182939 1.758537 0.271162 -1.632053 0.299117 -0.309817 0.062008 1.526563 -1.224291 0.111288 0.255718 -0.249331 -0.475449 -0.211738 -0.655768 
-0.651817 1.515203 -0.876746 -1.755507 -0.825317 -0.434737 -0.640411 0.093572 -0.675574 0.797844 -0.228478 -0.866921 -0.228340 0.530115 1.123940 -0.118816 -0.807747 -0.329411 -0.005170 0.063481 0.162912 0.746395 0.541177 0.811438 -0.492600 
1.054513 0.265130 -0.101224 -1.215457 -0.197788 0.062383 1.281198 -1.143764 0.257079 -0.531865 0.395738 1.160128 1.171703 0.969476 -0.271898 -0.171915 0.032029 1.371677 -0.426852 -0.474442 0.049362 0.441045 -0.090196 -0.587899 -0.356834 
0.731466 -1.212169 -0.885658 0.198390 -1.519285 -1.036594 -0.447314 0.585852 -1.203972 -0.639142 -1.507194 -0.651926 -0.038672 -1.530957 -0.927353 -0.939843 -0.568811 -0.491688 -0.052727 0.018969 0.022020 0.621431 -0.380213 0.544437 -0.353660 
1.634178 1.135534 -0.643127 -1.087366 0.519819 0.200361 1.079311 0.072164 0.372292 -1.650276 -0.072797 -1.217122 0.288736 1.032632 -0.826689 0.452377 0.147482 -0.386919 0.574591 -0.865673 0.095406 -0.293682 -0.324784 -0.536926 -0.560374 
-0.148600 -0.547818 1.064677 0.673069 0.188276 -0.031038 0.850589 1.559348 -0.056872 0.368887 -0.321252 -0.005027 0.393452 -0.812830 -0.251304 0.641828 0.448199 0.127494 -0.710879 -0.629075 -0.525884 -0.226234 0.612026 -0.458698 -0.111620 
-0.510367 0.574332 0.475179 -0.813712 -0.683307 -0.174845 -0.765064 0.046745 -0.379423 1.513706 0.055709 0.857415 0.421246 -0.360388 -0.938670 0.279345 -0.471495 -0.548024 -0.263364 -0.629544 0.476707 0.200390 -0.513583 0.156680 0.027744 

4 4 4 4 4 4 4 4 4 4 4 4 4 4 4 4 0 1 1 1 1 1 1 1 1 
4 4 4 4 4 4 4 4 4 4 4 4 4 4 0 0 0 1 1 1 1 1 1 1 1 
4 4 4 4 4 4 4 4 4 4 4 4 4 0 0 0 0 1 1 1 1 1 1 1 1 
4 4 4 4 4 4 4 4 4 4 4 4 0 0 0 0 0 1 1 1 1 1 1 1 1 
4 4 4 4 4 4 4 4 4 4 4 0 0 0 0 0 0 1 1 1 1 1 1 1 1 
4 4 4 4 4 4 4 4 4 4 0 0 0 0 0 0 0 1 1 1 1 1 1 1 1 
4 4 4 4 4 4 4 4 4 0 0 0 0 0 0 0 0 1 1 1 1 1 1 1 1 
4 4 4 4 4 4 4 4 0 0 0 0 0 0 0 0 0 1 1 1 1 1 1 1 1 
4 4 4 4 4 4 4 0 0 0 0 0 0 0 0 0 0 1 1 1 1 1 1 1 1 
4 4 4 4 4 0 0 0 0 0 0 0 0 0 0 0 0 1 1 1 1 1 1 1 1 
4 4 4 4 0 0 0 0 0 0 0 0 0 0 0 0 0 1 1 1 1 1 1 1 1 
4 4 2 2 2 2 2 2 0 0 0 0 0 0 0 0 0 1 1 1 1 1 1 1 1 
2 2 2 2 2 2 2 2 2 2 2 2 2 2 0 0 0 1 1 1 1 1 1 1 1 
2 2 2 2 2 2 2 2 2 2 2 2 2 2 2 2 2 1 1 1 1 1 1 1 1 
2 2 2 2 2 2 2 2 2 2 2 2 2 2 2 2 2 2 1 1 1 1 1 1 1 
2 2 2 2 2 2 2 2 2 2 2 2 2 2 2 2 2 2 2 2 1 1 1 1 3 
2 2 2 2 2 2 2 2 2 2 2 2 2 2 2 2 2 2 2 2 2 3 3 3 3 
2 2 2 2 2 2 2 2 2 2 2 2 2 2 2 2 2 2 2 2 3 3 3 3 3 
2 2 2 2 2 2 2 2 2 2 2 2 2 2 2 2 2 2 2 3 3 3 3 3 3 
2 2 2 2 2 2 2 2 2 2 2 2 2 2 2 2 2 2 2 3 3 3 3 3 3 
2 2 2 2 2 2 2 2 2 2 2 2 2 2 2 2 2 2 3 3 3 3 3 3 3 
2 2 2 2 2 2 2 2 2 2 2 2 2 2 2 2 2 3 3 3 3 3 3 3 3 
2 2 2 2 2 2 2 2 2 2 2 2 2 2 2 2 3 3 3 3 3 3 3 3 3 
2 2 2 2 2 2 2 2 2 2 2 2 2 2 2 3 3 3 3 3 3 3 3 3 3 
2 2 2 2 2 2 2 2 2 2 2 2 2 2 2 3 3 3 3 3 3 3 3 3 3 

0.0 0.0 0.0 0.0 0.0 0.0 0.0 0.0 0.0 0.0 0.0 0.0 0.0 0.0 0.0 0.0 2.0 1.0 1.0 1.0 1.0 1.0 1.0 1.0 1.0 
0.0 0.0 0.0 0.0 0.0 0.0 0.0 0.0 0.0 0.0 0.0 0.0 0.0 0.0 2.0 2.0 2.0 1.0 1.0 1.0 1.0 1.0 1.0 1.0 1.0 
0.0 0.0 0.0 0.0 0.0 0.0 0.0 0.0 0.0 0.0 0.0 0.0 0.0 2.0 2.0 2.0 2.0 1.0 1.0 1.0 1.0 1.0 1.0 1.0 1.0 
0.0 0.0 0.0 0.0 0.0 0.0 0.0 0.0 0.0 0.0 0.0 0.0 2.0 2.0 2.0 2.0 2.0 1.0 1.0 1.0 1.0 1.0 1.0 1.0 1.0 
0.0 0.0 0.0 0.0 0.0 0.0 0.0 0.0 0.0 0.0 0.0 2.0 2.0 2.0 2.0 2.0 2.0 1.0 1.0 1.0 1.0 1.0 1.0 1.0 1.0 
0.0 0.0 0.0 0.0 0.0 0.0 0.0 0.0 0.0 0.0 2.0 2.0 2.0 2.0 2.0 2.0 2.0 1.0 1.0 1.0 1.0 1.0 1.0 1.0 1.0 
0.0 0.0 0.0 0.0 0.0 0.0 0.0 0.0 0.0 2.0 2.0 2.0 2.0 2.0 2.0 2.0 2.0 1.0 1.0 1.0 1.0 1.0 1.0 1.0 1.0 
0.0 0.0 0.0 0.0 0.0 0.0 0.0 0.0 2.0 2.0 2.0 2.0 2.0 2.0 2.0 2.0 2.0 1.0 1.0 1.0 1.0 1.0 1.0 1.0 1.0 
0.0 0.0 0.0 0.0 0.0 0.0 0.0 2.0 2.0 2.0 2.0 2.0 2.0 2.0 2.0 2.0 2.0 1.0 1.0 1.0 1.0 1.0 1.0 1.0 1.0 
0.0 0.0 0.0 0.0 0.0 2.0 2.0 2.0 2.0 2.0 2.0 2.0 2.0 2.0 2.0 2.0 2.0 1.0 1.0 1.0 1.0 1.0 1.0 1.0 1.0 
0.0 0.0 0.0 0.0 2.0 2.0 2.0 2.0 2.0 2.0 2.0 2.0 2.0 2.0 2.0 2.0 2.0 1.0 1.0 1.0 1.0 1.0 1.0 1.0 1.0 
0.0 0.0 -2.0 -2.0 -2.0 -2.0 -2.0 -2.0 2.0 2.0 2.0 2.0 2.0 2.0 2.0 2.0 2.0 1.0 1.0 1.0 1.0 1.0 1.0 1.0 1.0 
-2.0 -2.0 -2.0 -2.0 -2.0 -2.0 -2.0 -2.0 -2.0 -2.0 -2.0 -2.0 -2.0 -2.0 2.0 2.0 2.0 1.0 1.0 1.0 1.0 1.0 1.0 1.0 1.0 
-2.0 -2.0 -2.0 -2.0 -2.0 -2.0 -2.0 -2.0 -2.0 -2.0 -2.0 -2.0 -2.0 -2.0 -2.0 -2.0 -2.0 1.0 1.0 1.0 1.0 1.0 1.0 1.0 1.0 
-2.0 -2.0 -2.0 -2.0 -2.0 -2.0 -2.0 -2.0 -2.0 -2.0 -2.0 -2.0 -2.0 -2.0 -2.0 -2.0 -2.0 -2.0 1.0 1.0 1.0 1.0 1.0 1.0 1.0 
-2.0 -2.0 -2.0 -2.0 -2.0 -2.0 -2.0 -2.0 -2.0 -2.0 -2.0 -2.0 -2.0 -2.0 -2.0 -2.0 -2.0 -2.0 -2.0 -2.0 1.0 1.0 1.0 1.0 -1.0 
-2.0 -2.0 -2.0 -2.0 -2.0 -2.0 -2.0 -2.0 -2.0 -2.0 -2.0 -2.0 -2.0 -2.0 -2.0 -2.0 -2.0 -2.0 -2.0 -2.0 -2.0 -1.0 -1.0 -1.0 -1.0 
-2.0 -2.0 -2.0 -2.0 -2.0 -2.0 -2.0 -2.0 -2.0 -2.0 -2.0 -2.0 -2.0 -2.0 -2.0 -2.0 -2.0 -2.0 -2.0 -2.0 -1.0 -1.0 -1.0 -1.0 -1.0 
-2.0 -2.0 -2.0 -2.0 -2.0 -2.0 -2.0 -2.0 -2.0 -2.0 -2.0 -2.0 -2.0 -2.0 -2.0 -2.0 -2.0 -2.0 -2.0 -1.0 -1.0 -1.0 -1.0 -1.0 -1.0 
-2.0 -2.0 -2.0 -2.0 -2.0 -2.0 -2.0 -2.0 -2.0 -2.0 -2.0 -2.0 -2.0 -2.0 -2.0 -2.0 -2.0 -2.0 -2.0 -1.0 -1.0 -1.0 -1.0 -1.0 -1.0 
-2.0 -2.0 -2.0 -2.0 -2.0 -2.0 -2.0 -2.0 -2.0 -2.0 -2.0 -2.0 -2.0 -2.0 -2.0 -2.0 -2.0 -2.0 -1.0 -1.0 -1.0 -1.0 -1.0 -1.0 -1.0 
-2.0 -2.0 -2.0 -2.0 -2.0 -2.0 -2.0 -2.0 -2.0 -2.0 -2.0 -2.0 -2.0 -2.0 -2.0 -2.0 -2.0 -1.0 -1.0 -1.0 -1.0 -1.0 -1.0 -1.0 -1.0 
-2.0 -2.0 -2.0 -2.0 -2.0 -2.0 -2.0 -2.0 -2.0 -2.0 -2.0 -2.0 -2.0 -2.0 -2.0 -2.0 -1.0 -1.0 -1.0 -1.0 -1.0 -1.0 -1.0 -1.0 -1.0 
-2.0 -2.0 -2.0 -2.0 -2.0 -2.0 -2.0 -2.0 -2.0 -2.0 -2.0 -2.0 -2.0 -2.0 -2.0 -1.0 -1.0 -1.0 -1.0 -1.0 -1.0 -1.0 -1.0 -1.0 -1.0 
-2.0 -2.0 -2.0 -2.0 -2.0 -2.0 -2.0 -2.0 -2.0 -2.0 -2.0 -2.0 -2.0 -2.0 -2.0 -1.0 -1.0 -1.0 -1.0 -1.0 -1.0 -1.0 -1.0 -1.0 -1.0 

-1.0 -1.0 -1.0 -1.0 -1.0 -1.0 -1.0 -1.0 -1.0 -1.0 -1.0 -1.0 -1.0 -1.0 -1.0 -1.0 -2.0 0.0 0.0 0.0 0.0 0.0 0.0 0.0 0.0 
-1.0 -1.0 -1.0 -1.0 -1.0 -1.0 -1.0 -1.0 -1.0 -1.0 -1.0 -1.0 -1.0 -1.0 -2.0 -2.0 -2.0 0.0 0.0 0.0 0.0 0.0 0.0 0.0 0.0 
-1.0 -1.0 -1.0 -1.0 -1.0 -1.0 -1.0 -1.0 -1.0 -1.0 -1.0 -1.0 -1.0 -2.0 -2.0 -2.0 -2.0 0.0 0.0 0.0 0.0 0.0 0.0 0.0 0.0 
-1.0 -1.0 -1.0 -1.0 -1.0 -1.0 -1.0 -1.0 -1.0 -1.0 -1.0 -1.0 -2.0 -2.0 -2.0 -2.0 -2.0 0.0 0.0 0.0 0.0 0.0 0.0 0.0 0.0 
-1.0 -1.0 -1.0 -1.0 -1.0 -1.0 -1.0 -1.0 -1.0 -1.0 -1.0 -2.0 -2.0 -2.0 -2.0 -2.0 -2.0 0.0 0.0 0.0 0.0 0.0 0.0 0.0 0.0 
-1.0 -1.0 -1.0 -1.0 -1.0 -1.0 -1.0 -1.0 -1.0 -1.0 -2.0 -2.0 -2.0 -2.0 -2.0 -2.0 -2.0 0.0 0.0 0.0 0.0 0.0 0.0 0.0 0.0 
-1.0 -1.0 -1.0 -1.0 -1.0 -1.0 -1.0 -1.0 -1.0 -2.0 -2.0 -2.0 -2.0 -2.0 -2.0 -2.0 -2.0 0.0 0.0 0.0 0.0 0.0 0.0 0.0 0.0 
-1.0 -1.0 -1.0 -1.0 -1.0 -1.0 -1.0 -1.0 -2.0 -2.0 -2.0 -2.0 -2.0 -2.0 -2.0 -2.0 -2.0 0.0 0.0 0.0 0.0 0.0 0.0 0.0 0.0 
-1.0 -1.0 -1.0 -1.0 -1.0 -1.0 -1.0 -2.0 -2.0 -2.0 -2.0 -2.0 -2.0 -2.0 -2.0 -2.0 -2.0 0.0 0.0 0.0 0.0 0.0 0.0 0.0 0.0 
-1.0 -1.0 -1.0 -1.0 -1.0 -2.0 -2.0 -2.0 -2.0 -2.0 -2.0 -2.0 -2.0 -2.0 -2.0 -2.0 -2.0 0.0 0.0 0.0 0.0 0.0 0.0 0.0 0.0 
-1.0 -1.0 -1.0 -1.0 -2.0 -2.0 -2.0 -2.0 -2.0 -2.0 -2.0 -2.0 -2.0 -2.0 -2.0 -2.0 -2.0 0.0 0.0 0.0 0.0 0.0 0.0 0.0 0.0 
-1.0 -1.0 2.0 2.0 2.0 2.0 2.0 2.0 -2.0 -2.0 -2.0 -2.0 -2.0 -2.0 -2.0 -2.0 -2.0 0.0 0.0 0.0 0.0 0.0 0.0 0.0 0.0 
2.0 2.0 2.0 2.0 2.0 2.0 2.0 2.0 2.0 2.0 2.0 2.0 2.0 2.0 -2.0 -2.0 -2.0 0.0 0.0 0.0 0.0 0.0 0.0 0.0 0.0 
2.0 2.0 2.0 2.0 2.0 2.0 2.0 2.0 2.0 2.0 2.0 2.0 2.0 2.0 2.0 2.0 2.0 0.0 0.0 0.0 0.0 0.0 0.0 0.0 0.0 
2.0 2.0 2.0 2.0 2.0 2.0 2.0 2.0 2.0 2.0 2.0 2.0 2.0 2.0 2.0 2.0 2.0 2.0 0.0 0.0 0.0 0.0 0.0 0.0 0.0 
2.0 2.0 2.0 2.0 2.0 2.0 2.0 2.0 2.0 2.0 2.0 2.0 2.0 2.0 2.0 2.0 2.0 2.0 2.0 2.0 0.0 0.0 0.0 0.0 1.0 
2.0 2.0 2.0 2.0 2.0 2.0 2.0 2.0 2.0 2.0 2.0 2.0 2.0 2.0 2.0 2.0 2.0 2.0 2.0 2.0 2.0 1.0 1.0 1.0 1.0 
2.0 2.0 2.0 2.0 2.0 2.0 2.0 2.0 2.0 2.0 2.0 2.0 2.0 2.0 2.0 2.0 2.0 2.0 2.0 2.0 1.0 1.0 1.0 1.0 1.0 
2.0 2.0 2.0 2.0 2.0 2.0 2.0 2.0 2.0 2.0 2.0 2.0 2.0 2.0 2.0 2.0 2.0 2.0 2.0 1.0 1.0 1.0 1.0 1.0 1.0 
2.0 2.0 2.0 2.0 2.0 2.0 2.0 2.0 2.0 2.0 2.0 2.0 2.0 2.0 2.0 2.0 2.0 2.0 2.0 1.0 1.0 1.0 1.0 1.0 1.0 
2.0 2.0 2.0 2.0 2.0 2.0 2.0 2.0 2.0 2.0 2.0 2.0 2.0 2.0 2.0 2.0 2.0 2.0 1.0 1.0 1.0 1.0 1.0 1.0 1.0 
2.0 2.0 2.0 2.0 2.0 2.0 2.0 2.0 2.0 2.0 2.0 2.0 2.0 2.0 2.0 2.0 2.0 1.0 1.0 1.0 1.0 1.0 1.0 1.0 1.0 
2.0 2.0 2.0 2.0 2.0 2.0 2.0 2.0 2.0 2.0 2.0 2.0 2.0 2.0 2.0 2.0 1.0 1.0 1.0 1.0 1.0 1.0 1.0 1.0 1.0 
2.0 2.0 2.0 2.0 2.0 2.0 2.0 2.0 2.0 2.0 2.0 2.0 2.0 2.0 2.0 1.0 1.0 1.0 1.0 1.0 1.0 1.0 1.0 1.0 1.0 
2.0 2.0 2.0 2.0 2.0 2.0 2.0 2.0 2.0 2.0 2.0 2.0 2.0 2.0 2.0 1.0 1.0 1.0 1.0 1.0 1.0 1.0 1.0 1.0 1.0 

