0.974241 0.634599 0.758734 0.801472 0.965951 0.892058 0.919025 0.663882 0.914294 0.098364 0.556199 0.802095 0.564700 0.037198 0.814711 0.539642 0.329113 0.886560 0.478005 0.750873 0.479588 0.721213 0.029876 0.146033 0.429038 
0.855305 0.031943 0.400623 0.826077 0.138862 0.736744 0.349186 0.006410 0.624578 0.301855 0.719376 0.917584 0.422074 0.129803 0.475064 0.396252 0.143038 0.445934 0.792969 0.586148 0.066627 0.110996 0.809228 0.169297 0.626989 
0.211893 0.946588 0.968118 0.399399 0.348501 0.403024 0.395320 0.784959 0.871042 0.473415 0.132943 0.180489 0.203173 0.932236 0.728829 0.480900 0.359712 0.087419 0.049494 0.313715 0.218047 0.817146 0.058937 0.336800 0.079596 
0.197251 0.907397 0.170902 0.669212 0.822270 0.637441 0.586712 0.471713 0.797652 0.755361 0.951777 0.085447 0.515766 0.735783 0.415516 0.547547 0.250015 0.310074 0.981702 0.810604 0.075325 0.815729 0.669643 0.468406 0.088330 
0.416816 0.573083 0.422403 0.990893 0.791891 0.028607 0.476148 0.150025 0.903954 0.383618 0.866693 0.208451 0.985393 0.800433 0.291153 0.218591 0.498900 0.693728 0.384156 0.719905 0.489632 0.903899 0.713625 0.512534 0.232963 
0.639409 0.389587 0.679272 0.552853 0.038377 0.175080 0.308668 0.510270 0.715565 0.441524 0.395072 0.735848 0.037246 0.075702 0.533484 0.033415 0.345716 0.738779 0.318000 0.051246 0.291528 0.360932 0.730495 0.970109 0.716286 
0.207239 0.713297 0.909806 0.606526 0.157624 0.252327 0.495885 0.907231 0.760027 0.657681 0.459622 0.689939 0.609045 0.060267 0.789254 0.338998 0.852250 0.774217 0.899707 0.978693 0.497127 0.727642 0.929382 0.720852 0.327210 
0.455503 0.667324 0.199890 0.504217 0.732707 0.928227 0.419239 0.986530 0.533576 0.817482 0.078374 0.809905 0.700884 0.118593 0.263426 0.750955 0.809799 0.404248 0.003365 0.873197 0.776957 0.381687 0.023772 0.790935 0.777523 
0.614940 0.755582 0.966308 0.060669 0.494967 0.787757 0.424288 0.092970 0.479745 0.619030 0.058809 0.308565 0.503710 0.596330 0.068414 0.675077 0.318647 0.522738 0.128011 0.907861 0.791209 0.444084 0.182360 0.554770 0.377235 
0.790293 0.088108 0.290662 0.379003 0.920229 0.745412 0.145615 0.346593 0.793493 0.686874 0.928371 0.350176 0.932464 0.692413 0.458080 0.919063 0.721152 0.029669 0.785123 0.798417 0.357505 0.586473 0.944664 0.761027 0.079946 
0.990535 0.475225 0.985390 0.945336 0.312048 0.535069 0.274823 0.285093 0.274198 0.056653 0.030003 0.309750 0.330310 0.740897 0.704105 0.685310 0.166659 0.960106 0.343605 0.755755 0.104227 0.048080 0.827851 0.645312 0.380551 
0.459329 0.295030 0.010699 0.299558 0.991775 0.112668 0.657906 0.969186 0.587601 0.515026 0.678545 0.684691 0.688708 0.933155 0.796531 0.690828 0.686073 0.214065 0.969338 0.205656 0.316054 0.597405 0.918452 0.901916 0.951062 
0.973895 0.353963 0.166713 0.890269 0.879277 0.859760 0.090420 0.731067 0.692383 0.916106 0.096377 0.976494 0.339812 0.104797 0.285675 0.168407 0.837484 0.460808 0.733252 0.359514 0.693565 0.915128 0.939253 0.484167 0.405218 
0.137077 0.392656 0.885707 0.581562 0.605502 0.107364 0.955105 0.239664 0.598043 0.289834 0.085841 0.683736 0.436657 0.196403 0.290023 0.381224 0.404163 0.792857 0.439411 0.672622 0.657624 0.444462 0.242883 0.908027 0.539059 
0.457532 0.680645 0.472821 0.859181 0.173798 0.967980 0.537438 0.090301 0.298724 0.488094 0.706705 0.861786 0.805036 0.675755 0.353266 0.484100 0.005936 0.140345 0.646495 0.864998 0.706374 0.290049 0.314302 0.731625 0.458453 
0.113004 0.131976 0.141537 0.599172 0.968792 0.504961 0.893996 0.479275 0.730363 0.941304 0.692455 0.369070 0.459629 0.166788 0.253655 0.982690 0.332728 0.796362 0.703659 0.798390 0.112078 0.962537 0.761200 0.558821 0.772682 
0.087698 0.114060 0.399625 0.396303 0.982153 0.874742 0.983971 0.458987 0.150067 0.950497 0.124493 0.096129 0.569240 0.788535 0.755906 0.990184 0.678920 0.050676 0.650939 0.452823 0.858911 0.871210 0.959609 0.910925 0.560612 
0.366909 0.314933 0.754238 0.076961 0.937932 0.871002 0.956010 0.377296 0.685853 0.872200 0.805472 0.283057 0.668416 0.247665 0.775698 0.806033 0.771202 0.986318 0.930855 0.668481 0.747376 0.583346 0.589074 0.279228 0.077560 
0.249478 0.739622 0.170860 0.357032 0.029684 0.062891 0.055975 0.527361 0.419161 0.231349 0.919594 0.268346 0.099316 0.435171 0.793830 0.455613 0.789248 0.495103 0.053447 0.692179 0.632563 0.255173 0.485914 0.445294 0.711951 
0.168421 0.218465 0.584350 0.130920 0.344649 0.690643 0.236872 0.131858 0.013903 0.159307 0.380677 0.383310 0.243305 0.480170 0.442611 0.865352 0.964433 0.955338 0.180022 0.147367 0.897665 0.800850 0.289978 0.387739 0.494228 
0.685820 0.368556 0.647956 0.234922 0.614426 0.450631 0.224829 0.771715 0.426415 0.093441 0.622574 0.748986 0.045470 0.249011 0.095234 0.663504 0.050623 0.719324 0.212309 0.744234 0.766181 0.050446 0.107011 0.788980 0.613640 
0.332752 0.989824 0.373561 0.182582 0.787883 0.182072 0.794477 0.392366 0.765868 0.833805 0.728396 0.241618 0.227822 0.368736 0.821911 0.408721 0.498310 0.807706 0.962160 0.059088 0.238203 0.741659 0.088281 0.372713 0.411216 
0.322159 0.145701 0.678519 0.752756 0.257360 0.090890 0.119725 0.954938 0.548322 0.460741 0.232203 0.271633 0.129841 0.318882 0.599572 0.542673 0.620850 0.250137 0.200030 0.702203 0.247348 0.158348 0.845708 0.497670 0.572063 
0.453194 0.452059 0.577658 0.260925 0.931226 0.201098 0.669311 0.569094 0.376743 0.366509 0.404826 0.384723 0.418806 0.793449 0.914566 0.425748 0.665624 0.257027 0.259765 0.195491 0.479187 0.023521 0.696722 0.856215 0.405860 
0.640644 0.618560 0.412428 0.387110 0.485345 0.135184 0.294529 0.120328 0.046166 0.245038 0.497417 0.799369 0.901884 0.921269 0.984738 0.446079 0.261803 0.805409 0.612796 0.663011 0.617482 0.724769 0.737184 0.531207 0.311368 

0.259447 0.583472 0.127478 0.028200 0.268002 0.170684 0.550036 0.799444 0.258168 0.971317 0.951107 0.721411 0.610534 0.137827 0.479513 0.582879 0.553575 0.557520 0.339033 0.516367 0.229402 0.220164 0.497461 0.781842 0.610872 
0.991314 0.423626 0.831747 0.571069 0.849858 0.911010 0.793604 0.581161 0.863292 0.030119 0.552755 0.201970 0.322888 0.709255 0.046213 0.521360 0.582026 0.951850 0.608209 0.490635 0.173842 0.868512 0.635584 0.007725 0.801896 
0.421449 0.315007 0.593894 0.208909 0.217477 0.511747 0.573926 0.530129 0.632962 0.175424 0.091568 0.041014 0.987621 0.020199 0.905568 0.626903 0.802097 0.769001 0.587294 0.926888 0.801997 0.365143 0.541997 0.673877 0.165468 
0.036740 0.816015 0.784190 0.068407 0.111046 0.659456 0.495664 0.901943 0.105422 0.628479 0.077312 0.707063 0.040813 0.865003 0.605360 0.335676 0.074467 0.789275 0.493370 0.154818 0.380779 0.172964 0.331817 0.748507 0.070295 
0.667223 0.959441 0.940250 0.691889 0.138960 0.226068 0.979253 0.474198 0.541050 0.202253 0.097435 0.391084 0.056204 0.067095 0.011205 0.868067 0.979341 0.198964 0.036391 0.752797 0.192576 0.382084 0.891462 0.036561 0.599520 
0.453411 0.488400 0.786106 0.671282 0.567317 0.390836 0.695211 0.510952 0.915339 0.989389 0.936545 0.862591 0.992681 0.733963 0.470363 0.390476 0.436381 0.486439 0.094465 0.258138 0.578017 0.460479 0.843180 0.923211 0.331598 
0.483085 0.455742 0.991341 0.169548 0.319742 0.109036 0.983304 0.043107 0.309337 0.770031 0.522663 0.526091 0.556171 0.273362 0.107079 0.274927 0.302820 0.125020 0.685489 0.498821 0.332431 0.910737 0.093576 0.875915 0.271773 
0.584194 0.211147 0.941069 0.877459 0.282738 0.965126 0.692290 0.956991 0.348670 0.329520 0.687682 0.409118 0.195949 0.775639 0.643688 0.758044 0.879935 0.848742 0.967516 0.262814 0.637371 0.603691 0.120049 0.589302 0.918293 
0.470543 0.610715 0.352376 0.641157 0.980349 0.091607 0.942462 0.659478 0.689005 0.215658 0.577395 0.856920 0.080900 0.447150 0.778041 0.810578 0.481379 0.186294 0.598750 0.939406 0.760198 0.379819 0.151674 0.566153 0.038171 
0.580125 0.161218 0.156372 0.007213 0.623726 0.576371 0.826281 0.383997 0.746318 0.061749 0.561922 0.579926 0.653471 0.293159 0.872873 0.824164 0.450838 0.162330 0.144059 0.508983 0.152802 0.385465 0.862188 0.232063 0.150398 
0.015521 0.150081 0.652210 0.727787 0.754448 0.853952 0.812562 0.013710 0.694228 0.919614 0.332086 0.251762 0.377853 0.132366 0.004263 0.153209 0.327809 0.954721 0.402356 0.946020 0.802316 0.978519 0.606492 0.479474 0.754959 
0.562997 0.349525 0.923613 0.502250 0.358554 0.147541 0.021660 0.191787 0.596789 0.477887 0.946942 0.090289 0.882988 0.008037 0.272752 0.554276 0.146636 0.585523 0.653643 0.723209 0.306802 0.891024 0.308903 0.094559 0.373736 
0.896767 0.051017 0.805479 0.160820 0.312196 0.336822 0.447242 0.868060 0.516665 0.736919 0.837668 0.651200 0.454581 0.790755 0.641839 0.319499 0.995366 0.623719 0.381928 0.294540 0.878453 0.997428 0.013885 0.653797 0.730909 
0.101788 0.921901 0.308043 0.544628 0.218459 0.028782 0.175531 0.847925 0.703117 0.733494 0.403830 0.756266 0.124689 0.644287 0.450727 0.316065 0.251354 0.820045 0.464049 0.534645 0.732803 0.409079 0.681817 0.056599 0.836531 
0.490794 0.456312 0.255741 0.413368 0.761344 0.781948 0.745012 0.811726 0.055197 0.907255 0.339894 0.822950 0.310879 0.493179 0.244619 0.442332 0.243283 0.968496 0.448771 0.508545 0.473247 0.765844 0.713555 0.639040 0.325883 
0.390125 0.071394 0.659443 0.676699 0.715270 0.089871 0.098616 0.704963 0.355098 0.161321 0.896486 0.074419 0.818214 0.758830 0.890174 0.977704 0.736266 0.018402 0.091169 0.078068 0.202174 0.842658 0.762132 0.992015 0.742652 
0.453515 0.428248 0.497199 0.865808 0.039489 0.614566 0.784237 0.673196 0.001904 0.755449 0.679139 0.186578 0.255170 0.324190 0.672389 0.223704 0.497508 0.259973 0.732982 0.975186 0.327155 0.493009 0.698260 0.731806 0.894574 
0.032314 0.588229 0.504545 0.766542 0.167509 0.242011 0.220767 0.778546 0.667690 0.866216 0.977507 0.616943 0.306936 0.056485 0.196902 0.020874 0.604099 0.564224 0.440945 0.089738 0.404109 0.286306 0.157402 0.917122 0.430282 
0.038733 0.889677 0.048311 0.736243 0.804844 0.621004 0.064912 0.347497 0.671478 0.095868 0.158545 0.035815 0.324669 0.699145 0.196040 0.711631 0.848880 0.974651 0.219397 0.621838 0.862231 0.385141 0.905531 0.833251 0.507826 
0.433358 0.969218 0.978200 0.099329 0.512494 0.968238 0.480147 0.559778 0.494037 0.523193 0.264893 0.273449 0.360825 0.754114 0.107208 0.578218 0.499431 0.743989 0.591665 0.082983 0.897043 0.382331 0.829386 0.721762 0.757363 
0.969680 0.504994 0.498502 0.531390 0.898604 0.636250 0.868493 0.879407 0.694073 0.846553 0.006768 0.202624 0.842809 0.043883 0.380472 0.254712 0.424371 0.811939 0.087842 0.483296 0.085686 0.534964 0.800973 0.348455 0.328235 
0.386707 0.634683 0.697014 0.054071 0.574886 0.726300 0.893663 0.268047 0.923226 0.012503 0.179806 0.384375 0.375807 0.619173 0.953683 0.019282 0.177074 0.882493 0.790329 0.449054 0.315953 0.299024 0.255337 0.635087 0.334810 
0.283739 0.544724 0.854346 0.318971 0.938985 0.533646 0.297590 0.476103 0.890050 0.270450 0.293375 0.148927 0.315090 0.838173 0.560232 0.829228 0.515411 0.086744 0.259744 0.286398 0.405418 0.972836 0.370488 0.552469 0.134927 
0.484833 0.387782 0.439385 0.942272 0.374172 0.505496 0.408295 0.013098 0.031996 0.011392 0.832730 0.421164 0.956629 0.231734 0.823800 0.601426 0.491964 0.014596 0.094970 0.064213 0.193998 0.468710 0.475836 0.257863 0.800944 
0.146823 0.223537 0.565805 0.336647 0.715091 0.435045 0.713038 0.762128 0.876230 0.210139 0.943162 0.274196 0.044496 0.535382 0.204492 0.549869 0.017564 0.227200 0.598064 0.620013 0.310735 0.483597 0.205481 0.945168 0.304014 

-1.814974 -1.062473 -1.680837 -1.879920 -1.820113 -2.026532 -1.741624 -1.318499 -2.007896 -0.487223 -1.036738 -1.930605 -0.871441 -0.117885 -1.602920 -1.283262 -0.633305 -1.904111 -1.093015 -1.126620 -0.795280 -1.469714 -0.076964 0.022614 -0.751555 
-1.687264 -0.027387 -0.965686 -1.754849 -0.210301 -1.401632 -0.688515 -0.027850 -1.069104 -0.683796 -1.613277 -1.683986 -0.798541 -0.000731 -0.773964 -0.989005 -0.473982 -0.645924 -1.638167 -1.394963 -0.259171 -0.340242 -1.498586 -0.800838 -1.538054 
-0.474419 -1.815258 -1.827986 -1.017892 -0.853649 -0.763932 -0.876717 -1.744804 -1.731322 -1.234769 -0.259613 -0.584080 -0.088757 -1.909199 -1.902771 -0.826725 -0.916840 -0.012907 -0.008315 -0.687549 -0.578213 -1.227331 -0.120843 -0.912970 0.158342 
-0.333133 -1.752337 -0.603422 -1.428900 -1.620768 -1.311628 -1.330137 -1.234522 -1.590542 -1.825336 -2.026214 -0.089160 -1.053268 -1.655997 -0.894298 -1.040190 -0.713618 -0.509845 -1.946645 -1.539262 -0.556900 -1.156069 -1.366335 -0.928617 -0.200230 
-0.774776 -0.679692 -0.559476 -2.037815 -1.411205 0.017818 -0.874089 -0.420089 -1.712904 -1.081262 -1.824123 -0.404135 -1.894642 -1.853486 -0.745631 -0.567370 -0.889744 -1.322570 -0.545678 -1.475943 -0.701763 -1.675215 -1.582543 -0.744805 -0.720712 
2.104776 1.681957 2.670835 2.444447 1.060703 1.098821 1.894316 1.660153 3.257055 2.487181 2.810013 3.187573 2.147028 1.848605 1.894486 0.813311 1.551580 2.513328 0.746123 0.645425 2.131416 1.684669 3.097058 3.979496 2.061718 
1.268756 2.349521 3.959139 1.274262 1.182579 0.566662 2.998288 1.630768 2.188716 2.903127 1.784699 2.602493 2.330260 0.760669 1.688112 1.182373 2.531220 2.208066 3.167173 3.122546 1.325996 3.619469 1.676459 3.206536 1.055178 
1.985403 1.673905 2.147728 2.852504 2.045422 3.388222 2.388354 3.923747 2.230637 2.004215 1.421698 2.160451 1.488910 1.480407 1.465674 3.124816 3.320018 2.749184 1.733317 2.282604 2.880967 2.044767 0.078285 2.904182 3.431113 
2.309763 2.843914 2.773255 1.291126 2.970250 1.846984 2.590066 1.355784 2.406244 1.543539 1.095845 2.367358 1.403768 1.962897 1.288150 3.041405 1.883868 1.130612 1.733350 3.760346 3.130769 1.732838 0.746920 2.165312 1.322225 
3.011559 0.372412 0.876548 0.778686 3.184935 2.576222 2.015490 1.336602 3.048654 1.476765 3.242362 1.859491 3.182821 1.991308 2.809420 3.323591 2.454849 0.176713 1.923682 2.787436 1.133139 2.222118 3.516091 1.844459 0.213815 
0.086195 -0.029143 1.033301 0.858767 0.857351 0.782758 0.861702 0.108849 0.829984 0.758646 0.002054 0.256127 0.272236 0.322427 0.069324 0.063345 0.407993 1.056554 0.348888 0.959691 0.781707 0.893722 0.476770 0.575360 0.772125 
0.780202 0.150885 1.079506 0.381161 0.249490 0.399129 0.159382 0.102166 0.481404 0.429319 0.773617 0.511234 0.905810 -0.236388 0.097264 0.471378 -0.219926 0.906764 0.531244 0.884945 0.026467 0.912680 0.259686 0.184579 0.155180 
0.949889 -0.238964 1.264085 0.160926 0.183630 -0.057404 0.496468 0.605430 0.250587 0.841283 1.182174 0.637466 0.441355 0.787021 0.470030 0.681407 1.468865 0.501511 0.125891 0.312201 0.957157 1.059415 0.227486 0.544985 0.726947 
0.306590 1.179611 0.327165 0.431807 0.117397 -0.007680 -0.126453 0.681274 0.159053 0.590043 0.782352 0.740245 0.219906 0.973870 0.472651 0.534707 0.280259 1.065436 0.546881 0.558113 0.912103 0.331070 0.805169 -0.095469 0.765632 
0.499614 0.841667 0.265339 0.458897 0.900258 0.911899 0.697957 1.127493 0.089883 1.067225 0.536648 0.954307 0.554940 0.749710 0.444948 0.423725 -0.033592 1.163113 0.412251 0.842862 0.547638 0.538590 0.990591 0.948440 0.059543 
-0.597710 0.246191 -0.643928 -1.015680 -1.733280 -0.718017 -0.934465 -1.024986 -1.312008 -1.019975 -1.774498 -0.364388 -1.236285 -0.626100 -0.919890 -1.864361 -0.856665 -0.846469 -0.994729 -1.277817 -0.179302 -1.670152 -1.615742 -1.376109 -1.862210 
-0.412055 -0.857792 -0.636468 -1.313805 -1.126401 -1.721228 -1.417932 -0.664218 -0.569294 -1.743129 -0.875293 -0.324047 -0.765702 -1.362650 -1.458462 -1.182937 -1.134307 -0.791595 -1.579489 -1.483651 -1.320212 -1.581531 -1.720178 -1.395647 -1.593611 
-0.241490 -0.795064 -0.986923 -0.453499 -1.081069 -0.995130 -1.473310 -1.280183 -1.318070 -1.860438 -1.966745 -0.817146 -0.960176 -0.115416 -1.125752 -0.685844 -1.374028 -1.924627 -1.449050 -1.023169 -0.895544 -1.115980 -0.947620 -1.272166 -0.654461 
-0.599374 -1.569801 -0.316618 -1.174622 -0.502578 -0.530397 0.158388 -1.070596 -1.145427 -0.128464 -1.014340 -0.170001 -0.548147 -0.683504 -1.002823 -1.131752 -1.605460 -1.440055 -0.194524 -1.375283 -1.646799 -0.756510 -1.138736 -1.032629 -1.398194 
-0.507310 -1.515122 -1.613070 -0.352672 -0.768955 -1.474168 -0.972373 -0.667522 -0.793388 -0.369291 -0.653581 -0.813237 -0.804720 -1.298316 -0.628250 -1.294833 -1.515329 -1.828074 -0.778374 0.138798 -1.656542 -1.205133 -0.858601 -1.147784 -1.380606 
-1.500707 -0.584205 -0.139899 -0.281322 -1.128804 -1.171158 -1.648453 -1.078912 -0.950734 -1.467951 0.611429 -0.107566 -1.611475 0.069669 -0.908245 0.215180 -0.899787 -0.916390 0.090394 -0.050670 0.684584 -1.069497 -1.711173 0.447671 0.121853 
-0.505082 -0.462246 -1.264774 0.018999 -0.270814 -1.296557 -1.078432 -0.342726 -0.952323 0.518324 0.574063 -0.484945 -0.780865 -0.784795 -1.199530 0.288226 0.207956 -0.728371 -0.544155 -0.480062 -0.511538 0.207490 -0.338031 -0.784552 -0.406418 
-0.423193 -1.055904 -1.276247 0.144457 -1.590647 -0.821481 -0.660285 0.195366 -0.971754 -0.239154 -0.013045 0.032873 -0.459564 -1.453776 -0.547155 -1.475102 -0.183597 0.239818 -0.164439 0.106949 -0.586532 -1.540734 0.220588 -0.736376 0.226164 
-0.406382 -0.416892 -0.456209 -1.635966 -0.033758 -0.821573 0.026555 0.781645 0.274808 0.415858 -1.331776 -0.398885 -1.512856 0.469671 -0.579173 -0.999807 0.113408 0.085409 0.193866 0.220219 0.484233 -1.337331 -0.271689 0.228517 -1.260773 
0.323282 0.284298 -0.700795 -0.170664 -0.774286 -0.678485 -0.990945 -1.393190 -1.627499 -0.322328 -0.946328 0.292938 1.082430 0.139362 0.414445 -0.978167 0.392169 0.490840 -0.308483 -0.819530 -0.088152 -0.239023 0.397570 -1.661632 -0.783661 

0 0 0 0 0 0 0 0 0 0 0 0 0 0 0 0 0 0 0 0 0 0 0 0 0 
0 0 0 0 0 0 0 0 0 0 0 0 0 0 0 0 0 0 0 0 0 0 0 0 0 
0 0 0 0 0 0 0 0 0 0 0 0 0 0 0 0 0 0 0 0 0 0 0 0 0 
0 0 0 0 0 0 0 0 0 0 0 0 0 0 0 0 0 0 0 0 0 0 0 0 0 
0 0 0 0 0 0 0 0 0 0 0 0 0 0 0 0 0 0 0 0 0 0 0 0 0 
1 1 1 1 1 1 1 1 1 1 1 1 1 1 1 1 1 1 1 1 1 1 1 1 1 
1 1 1 1 1 1 1 1 1 1 1 1 1 1 1 1 1 1 1 1 1 1 1 1 1 
1 1 1 1 1 1 1 1 1 1 1 1 1 1 1 1 1 1 1 1 1 1 1 1 1 
1 1 1 1 1 1 1 1 1 1 1 1 1 1 1 1 1 1 1 1 1 1 1 1 1 
1 1 1 1 1 1 1 1 1 1 1 1 1 1 1 1 1 1 1 1 1 1 1 1 1 
2 2 2 2 2 2 2 2 2 2 2 2 2 2 2 2 2 2 2 2 2 2 2 2 2 
2 2 2 2 2 2 2 2 2 2 2 2 2 2 2 2 2 2 2 2 2 2 2 2 2 
2 2 2 2 2 2 2 2 2 2 2 2 2 2 2 2 2 2 2 2 2 2 2 2 2 
2 2 2 2 2 2 2 2 2 2 2 2 2 2 2 2 2 2 2 2 2 2 2 2 2 
2 2 2 2 2 2 2 2 2 2 2 2 2 2 2 2 2 2 2 2 2 2 2 2 2 
3 3 3 3 3 3 3 3 3 3 3 3 3 3 3 3 3 3 3 3 3 3 3 3 3 
3 3 3 3 3 3 3 3 3 3 3 3 3 3 3 3 3 3 3 3 3 3 3 3 3 
3 3 3 3 3 3 3 3 3 3 3 3 3 3 3 3 3 3 3 3 3 3 3 3 3 
3 3 3 3 3 3 3 3 3 3 3 3 3 3 3 3 3 3 3 3 3 3 3 3 3 
3 3 3 3 3 3 3 3 3 3 3 3 3 3 3 3 3 3 3 3 3 3 3 3 3 
4 4 4 4 4 4 4 4 4 4 4 4 4 4 4 4 4 4 4 4 4 4 4 4 4 
4 4 4 4 4 4 4 4 4 4 4 4 4 4 4 4 4 4 4 4 4 4 4 4 4 
4 4 4 4 4 4 4 4 4 4 4 4 4 4 4 4 4 4 4 4 4 4 4 4 4 
4 4 4 4 4 4 4 4 4 4 4 4 4 4 4 4 4 4 4 4 4 4 4 4 4 
4 4 4 4 4 4 4 4 4 4 4 4 4 4 4 4 4 4 4 4 4 4 4 4 4 

-2.0 -2.0 -2.0 -2.0 -2.0 -2.0 -2.0 -2.0 -2.0 -2.0 -2.0 -2.0 -2.0 -2.0 -2.0 -2.0 -2.0 -2.0 -2.0 -2.0 -2.0 -2.0 -2.0 -2.0 -2.0 
-2.0 -2.0 -2.0 -2.0 -2.0 -2.0 -2.0 -2.0 -2.0 -2.0 -2.0 -2.0 -2.0 -2.0 -2.0 -2.0 -2.0 -2.0 -2.0 -2.0 -2.0 -2.0 -2.0 -2.0 -2.0 
-2.0 -2.0 -2.0 -2.0 -2.0 -2.0 -2.0 -2.0 -2.0 -2.0 -2.0 -2.0 -2.0 -2.0 -2.0 -2.0 -2.0 -2.0 -2.0 -2.0 -2.0 -2.0 -2.0 -2.0 -2.0 
-2.0 -2.0 -2.0 -2.0 -2.0 -2.0 -2.0 -2.0 -2.0 -2.0 -2.0 -2.0 -2.0 -2.0 -2.0 -2.0 -2.0 -2.0 -2.0 -2.0 -2.0 -2.0 -2.0 -2.0 -2.0 
-2.0 -2.0 -2.0 -2.0 -2.0 -2.0 -2.0 -2.0 -2.0 -2.0 -2.0 -2.0 -2.0 -2.0 -2.0 -2.0 -2.0 -2.0 -2.0 -2.0 -2.0 -2.0 -2.0 -2.0 -2.0 
2.0 2.0 2.0 2.0 2.0 2.0 2.0 2.0 2.0 2.0 2.0 2.0 2.0 2.0 2.0 2.0 2.0 2.0 2.0 2.0 2.0 2.0 2.0 2.0 2.0 
2.0 2.0 2.0 2.0 2.0 2.0 2.0 2.0 2.0 2.0 2.0 2.0 2.0 2.0 2.0 2.0 2.0 2.0 2.0 2.0 2.0 2.0 2.0 2.0 2.0 
2.0 2.0 2.0 2.0 2.0 2.0 2.0 2.0 2.0 2.0 2.0 2.0 2.0 2.0 2.0 2.0 2.0 2.0 2.0 2.0 2.0 2.0 2.0 2.0 2.0 
2.0 2.0 2.0 2.0 2.0 2.0 2.0 2.0 2.0 2.0 2.0 2.0 2.0 2.0 2.0 2.0 2.0 2.0 2.0 2.0 2.0 2.0 2.0 2.0 2.0 
2.0 2.0 2.0 2.0 2.0 2.0 2.0 2.0 2.0 2.0 2.0 2.0 2.0 2.0 2.0 2.0 2.0 2.0 2.0 2.0 2.0 2.0 2.0 2.0 2.0 
0.0 0.0 0.0 0.0 0.0 0.0 0.0 0.0 0.0 0.0 0.0 0.0 0.0 0.0 0.0 0.0 0.0 0.0 0.0 0.0 0.0 0.0 0.0 0.0 0.0 
0.0 0.0 0.0 0.0 0.0 0.0 0.0 0.0 0.0 0.0 0.0 0.0 0.0 0.0 0.0 0.0 0.0 0.0 0.0 0.0 0.0 0.0 0.0 0.0 0.0 
0.0 0.0 0.0 0.0 0.0 0.0 0.0 0.0 0.0 0.0 0.0 0.0 0.0 0.0 0.0 0.0 0.0 0.0 0.0 0.0 0.0 0.0 0.0 0.0 0.0 
0.0 0.0 0.0 0.0 0.0 0.0 0.0 0.0 0.0 0.0 0.0 0.0 0.0 0.0 0.0 0.0 0.0 0.0 0.0 0.0 0.0 0.0 0.0 0.0 0.0 
0.0 0.0 0.0 0.0 0.0 0.0 0.0 0.0 0.0 0.0 0.0 0.0 0.0 0.0 0.0 0.0 0.0 0.0 0.0 0.0 0.0 0.0 0.0 0.0 0.0 
-1.0 -1.0 -1.0 -1.0 -1.0 -1.0 -1.0 -1.0 -1.0 -1.0 -1.0 -1.0 -1.0 -1.0 -1.0 -1.0 -1.0 -1.0 -1.0 -1.0 -1.0 -1.0 -1.0 -1.0 -1.0 
-1.0 -1.0 -1.0 -1.0 -1.0 -1.0 -1.0 -1.0 -1.0 -1.0 -1.0 -1.0 -1.0 -1.0 -1.0 -1.0 -1.0 -1.0 -1.0 -1.0 -1.0 -1.0 -1.0 -1.0 -1.0 
-1.0 -1.0 -1.0 -1.0 -1.0 -1.0 -1.0 -1.0 -1.0 -1.0 -1.0 -1.0 -1.0 -1.0 -1.0 -1.0 -1.0 -1.0 -1.0 -1.0 -1.0 -1.0 -1.0 -1.0 -1.0 
-1.0 -1.0 -1.0 -1.0 -1.0 -1.0 -1.0 -1.0 -1.0 -1.0 -1.0 -1.0 -1.0 -1.0 -1.0 -1.0 -1.0 -1.0 -1.0 -1.0 -1.0 -1.0 -1.0 -1.0 -1.0 
-1.0 -1.0 -1.0 -1.0 -1.0 -1.0 -1.0 -1.0 -1.0 -1.0 -1.0 -1.0 -1.0 -1.0 -1.0 -1.0 -1.0 -1.0 -1.0 -1.0 -1.0 -1.0 -1.0 -1.0 -1.0 
1.0 1.0 1.0 1.0 1.0 1.0 1.0 1.0 1.0 1.0 1.0 1.0 1.0 1.0 1.0 1.0 1.0 1.0 1.0 1.0 1.0 1.0 1.0 1.0 1.0 
1.0 1.0 1.0 1.0 1.0 1.0 1.0 1.0 1.0 1.0 1.0 1.0 1.0 1.0 1.0 1.0 1.0 1.0 1.0 1.0 1.0 1.0 1.0 1.0 1.0 
1.0 1.0 1.0 1.0 1.0 1.0 1.0 1.0 1.0 1.0 1.0 1.0 1.0 1.0 1.0 1.0 1.0 1.0 1.0 1.0 1.0 1.0 1.0 1.0 1.0 
1.0 1.0 1.0 1.0 1.0 1.0 1.0 1.0 1.0 1.0 1.0 1.0 1.0 1.0 1.0 1.0 1.0 1.0 1.0 1.0 1.0 1.0 1.0 1.0 1.0 
1.0 1.0 1.0 1.0 1.0 1.0 1.0 1.0 1.0 1.0 1.0 1.0 1.0 1.0 1.0 1.0 1.0 1.0 1.0 1.0 1.0 1.0 1.0 1.0 1.0 

0.0 0.0 0.0 0.0 0.0 0.0 0.0 0.0 0.0 0.0 0.0 0.0 0.0 0.0 0.0 0.0 0.0 0.0 0.0 0.0 0.0 0.0 0.0 0.0 0.0 
0.0 0.0 0.0 0.0 0.0 0.0 0.0 0.0 0.0 0.0 0.0 0.0 0.0 0.0 0.0 0.0 0.0 0.0 0.0 0.0 0.0 0.0 0.0 0.0 0.0 
0.0 0.0 0.0 0.0 0.0 0.0 0.0 0.0 0.0 0.0 0.0 0.0 0.0 0.0 0.0 0.0 0.0 0.0 0.0 0.0 0.0 0.0 0.0 0.0 0.0 
0.0 0.0 0.0 0.0 0.0 0.0 0.0 0.0 0.0 0.0 0.0 0.0 0.0 0.0 0.0 0.0 0.0 0.0 0.0 0.0 0.0 0.0 0.0 0.0 0.0 
0.0 0.0 0.0 0.0 0.0 0.0 0.0 0.0 0.0 0.0 0.0 0.0 0.0 0.0 0.0 0.0 0.0 0.0 0.0 0.0 0.0 0.0 0.0 0.0 0.0 
2.0 2.0 2.0 2.0 2.0 2.0 2.0 2.0 2.0 2.0 2.0 2.0 2.0 2.0 2.0 2.0 2.0 2.0 2.0 2.0 2.0 2.0 2.0 2.0 2.0 
2.0 2.0 2.0 2.0 2.0 2.0 2.0 2.0 2.0 2.0 2.0 2.0 2.0 2.0 2.0 2.0 2.0 2.0 2.0 2.0 2.0 2.0 2.0 2.0 2.0 
2.0 2.0 2.0 2.0 2.0 2.0 2.0 2.0 2.0 2.0 2.0 2.0 2.0 2.0 2.0 2.0 2.0 2.0 2.0 2.0 2.0 2.0 2.0 2.0 2.0 
2.0 2.0 2.0 2.0 2.0 2.0 2.0 2.0 2.0 2.0 2.0 2.0 2.0 2.0 2.0 2.0 2.0 2.0 2.0 2.0 2.0 2.0 2.0 2.0 2.0 
2.0 2.0 2.0 2.0 2.0 2.0 2.0 2.0 2.0 2.0 2.0 2.0 2.0 2.0 2.0 2.0 2.0 2.0 2.0 2.0 2.0 2.0 2.0 2.0 2.0 
1.0 1.0 1.0 1.0 1.0 1.0 1.0 1.0 1.0 1.0 1.0 1.0 1.0 1.0 1.0 1.0 1.0 1.0 1.0 1.0 1.0 1.0 1.0 1.0 1.0 
1.0 1.0 1.0 1.0 1.0 1.0 1.0 1.0 1.0 1.0 1.0 1.0 1.0 1.0 1.0 1.0 1.0 1.0 1.0 1.0 1.0 1.0 1.0 1.0 1.0 
1.0 1.0 1.0 1.0 1.0 1.0 1.0 1.0 1.0 1.0 1.0 1.0 1.0 1.0 1.0 1.0 1.0 1.0 1.0 1.0 1.0 1.0 1.0 1.0 1.0 
1.0 1.0 1.0 1.0 1.0 1.0 1.0 1.0 1.0 1.0 1.0 1.0 1.0 1.0 1.0 1.0 1.0 1.0 1.0 1.0 1.0 1.0 1.0 1.0 1.0 
1.0 1.0 1.0 1.0 1.0 1.0 1.0 1.0 1.0 1.0 1.0 1.0 1.0 1.0 1.0 1.0 1.0 1.0 1.0 1.0 1.0 1.0 1.0 1.0 1.0 
-1.0 -1.0 -1.0 -1.0 -1.0 -1.0 -1.0 -1.0 -1.0 -1.0 -1.0 -1.0 -1.0 -1.0 -1.0 -1.0 -1.0 -1.0 -1.0 -1.0 -1.0 -1.0 -1.0 -1.0 -1.0 
-1.0 -1.0 -1.0 -1.0 -1.0 -1.0 -1.0 -1.0 -1.0 -1.0 -1.0 -1.0 -1.0 -1.0 -1.0 -1.0 -1.0 -1.0 -1.0 -1.0 -1.0 -1.0 -1.0 -1.0 -1.0 
-1.0 -1.0 -1.0 -1.0 -1.0 -1.0 -1.0 -1.0 -1.0 -1.0 -1.0 -1.0 -1.0 -1.0 -1.0 -1.0 -1.0 -1.0 -1.0 -1.0 -1.0 -1.0 -1.0 -1.0 -1.0 
-1.0 -1.0 -1.0 -1.0 -1.0 -1.0 -1.0 -1.0 -1.0 -1.0 -1.0 -1.0 -1.0 -1.0 -1.0 -1.0 -1.0 -1.0 -1.0 -1.0 -1.0 -1.0 -1.0 -1.0 -1.0 
-1.0 -1.0 -1.0 -1.0 -1.0 -1.0 -1.0 -1.0 -1.0 -1.0 -1.0 -1.0 -1.0 -1.0 -1.0 -1.0 -1.0 -1.0 -1.0 -1.0 -1.0 -1.0 -1.0 -1.0 -1.0 
-2.0 -2.0 -2.0 -2.0 -2.0 -2.0 -2.0 -2.0 -2.0 -2.0 -2.0 -2.0 -2.0 -2.0 -2.0 -2.0 -2.0 -2.0 -2.0 -2.0 -2.0 -2.0 -2.0 -2.0 -2.0 
-2.0 -2.0 -2.0 -2.0 -2.0 -2.0 -2.0 -2.0 -2.0 -2.0 -2.0 -2.0 -2.0 -2.0 -2.0 -2.0 -2.0 -2.0 -2.0 -2.0 -2.0 -2.0 -2.0 -2.0 -2.0 
-2.0 -2.0 -2.0 -2.0 -2.0 -2.0 -2.0 -2.0 -2.0 -2.0 -2.0 -2.0 -2.0 -2.0 -2.0 -2.0 -2.0 -2.0 -2.0 -2.0 -2.0 -2.0 -2.0 -2.0 -2.0 
-2.0 -2.0 -2.0 -2.0 -2.0 -2.0 -2.0 -2.0 -2.0 -2.0 -2.0 -2.0 -2.0 -2.0 -2.0 -2.0 -2.0 -2.0 -2.0 -2.0 -2.0 -2.0 -2.0 -2.0 -2.0 
-2.0 -2.0 -2.0 -2.0 -2.0 -2.0 -2.0 -2.0 -2.0 -2.0 -2.0 -2.0 -2.0 -2.0 -2.0 -2.0 -2.0 -2.0 -2.0 -2.0 -2.0 -2.0 -2.0 -2.0 -2.0 

