0.162412 0.012174 0.757827 0.467582 0.270265 0.814429 0.213480 0.600774 0.608643 0.400368 0.211749 0.744472 0.227508 0.632718 0.805371 0.039123 0.675033 0.890888 0.502337 0.652601 0.133602 0.755056 0.200790 0.853709 0.455408 
0.877119 0.281988 0.670183 0.909497 0.324416 0.560312 0.737428 0.354752 0.900973 0.833601 0.246875 0.636467 0.339067 0.458103 0.910826 0.916240 0.964205 0.422151 0.682588 0.733740 0.457076 0.959405 0.636066 0.283000 0.610233 
0.107051 0.182999 0.104034 0.339346 0.960389 0.228633 0.364640 0.359405 0.570915 0.164988 0.451263 0.930720 0.305399 0.545835 0.207367 0.522364 0.574428 0.323024 0.476345 0.032847 0.051865 0.778598 0.542382 0.311598 0.570701 
0.517319 0.560709 0.820883 0.780763 0.492320 0.322471 0.015376 0.881869 0.351257 0.024691 0.128864 0.741606 0.114049 0.114159 0.274107 0.743825 0.184952 0.867909 0.555368 0.730470 0.901702 0.080427 0.066634 0.522838 0.914916 
0.542332 0.808618 0.312039 0.072203 0.912939 0.452619 0.205056 0.751447 0.164344 0.452972 0.328404 0.052341 0.108888 0.736347 0.191282 0.172304 0.492301 0.700144 0.256779 0.096949 0.895968 0.001602 0.287864 0.421904 0.098452 
0.347926 0.475177 0.959105 0.583363 0.364635 0.971761 0.701490 0.167351 0.480308 0.768746 0.329432 0.387226 0.023186 0.846677 0.799680 0.182155 0.676172 0.379812 0.641618 0.611378 0.287828 0.929641 0.981295 0.245760 0.964250 
0.640941 0.677743 0.374895 0.607623 0.579281 0.962140 0.107739 0.911026 0.282876 0.232837 0.545745 0.630815 0.652379 0.828350 0.965878 0.364708 0.449472 0.991918 0.504281 0.017199 0.988564 0.162576 0.839494 0.726075 0.884057 
0.772401 0.637001 0.484298 0.833774 0.122212 0.974032 0.193713 0.054559 0.050970 0.645477 0.757416 0.477719 0.234160 0.837212 0.912684 0.888711 0.451332 0.868726 0.281591 0.181236 0.736263 0.242072 0.831528 0.796817 0.932558 
0.698848 0.584145 0.235549 0.446508 0.446625 0.402493 0.971120 0.159473 0.963062 0.737989 0.010646 0.833302 0.378565 0.071056 0.106443 0.928961 0.575412 0.317430 0.641485 0.810005 0.567288 0.363867 0.058830 0.439214 0.774271 
0.588078 0.910326 0.931723 0.153447 0.816614 0.016328 0.623345 0.328397 0.177429 0.819011 0.369047 0.841362 0.595161 0.679440 0.371884 0.427639 0.621213 0.818885 0.175032 0.551898 0.362593 0.060756 0.445497 0.213729 0.907224 
0.892487 0.202989 0.792894 0.983638 0.748014 0.083805 0.128051 0.695128 0.961210 0.137387 0.785473 0.755227 0.747906 0.883121 0.762014 0.140343 0.296647 0.348343 0.873906 0.229394 0.772231 0.888622 0.698576 0.452051 0.959552 
0.980593 0.121121 0.663737 0.450116 0.560738 0.170833 0.589882 0.419368 0.009447 0.959052 0.840707 0.014176 0.686353 0.631359 0.346943 0.952788 0.676311 0.594431 0.641823 0.254071 0.761966 0.262916 0.519925 0.987311 0.131940 
0.256182 0.218733 0.335837 0.917245 0.751631 0.059082 0.897559 0.773740 0.146579 0.877258 0.529308 0.300373 0.865735 0.834704 0.973066 0.587016 0.304236 0.688812 0.888733 0.408234 0.823490 0.622551 0.598090 0.978588 0.717540 
0.184380 0.105048 0.736852 0.164550 0.904152 0.393272 0.263926 0.593365 0.409255 0.308917 0.132179 0.226218 0.221283 0.075149 0.753840 0.865680 0.575080 0.212138 0.631567 0.285217 0.515049 0.487011 0.995702 0.567870 0.556620 
0.045021 0.716934 0.800179 0.151007 0.757077 0.403705 0.443762 0.054584 0.245434 0.128220 0.951462 0.744628 0.819187 0.469989 0.947481 0.809078 0.497931 0.592648 0.475212 0.970293 0.286168 0.195584 0.374902 0.568043 0.580567 
0.587429 0.731520 0.285086 0.753725 0.106217 0.982672 0.357035 0.103674 0.981505 0.401083 0.114780 0.528338 0.678579 0.665993 0.318667 0.497945 0.569766 0.884756 0.823378 0.637444 0.766455 0.030936 0.239439 0.386819 0.178797 
0.096248 0.844683 0.918083 0.191808 0.935090 0.166903 0.254290 0.401206 0.352388 0.182328 0.176235 0.927943 0.592575 0.787137 0.609331 0.953665 0.553595 0.284806 0.022417 0.553777 0.941984 0.625369 0.164209 0.411715 0.799425 
0.152058 0.841313 0.968531 0.141334 0.878239 0.662280 0.916110 0.261697 0.105558 0.232972 0.254993 0.783628 0.566746 0.959297 0.702022 0.182349 0.215242 0.288016 0.783298 0.301219 0.141919 0.502100 0.266286 0.114453 0.815553 
0.308953 0.169528 0.660836 0.721513 0.616943 0.053049 0.596047 0.158060 0.180361 0.079227 0.753249 0.095765 0.541024 0.513380 0.842262 0.707551 0.199123 0.734753 0.044115 0.076534 0.779767 0.549418 0.291194 0.326420 0.109414 
0.036821 0.486367 0.934409 0.523720 0.527786 0.940713 0.549267 0.551480 0.883468 0.265597 0.183796 0.752417 0.858931 0.419600 0.906802 0.137027 0.732683 0.670810 0.905948 0.461819 0.061935 0.082394 0.045366 0.623951 0.395353 
0.941402 0.315616 0.440458 0.762073 0.110532 0.184882 0.990445 0.564991 0.345806 0.921856 0.690504 0.688568 0.918570 0.523619 0.772202 0.748442 0.522021 0.748942 0.465099 0.887491 0.815992 0.048567 0.847322 0.454480 0.257632 
0.617779 0.242784 0.256588 0.339043 0.224300 0.254448 0.083278 0.145117 0.113973 0.210025 0.377312 0.962114 0.783067 0.113335 0.463134 0.705798 0.679266 0.901159 0.086814 0.656402 0.082925 0.136473 0.199992 0.985437 0.266812 
0.603361 0.433011 0.695829 0.819359 0.603248 0.844641 0.216479 0.209877 0.262292 0.281636 0.942247 0.240773 0.273812 0.933957 0.107416 0.403953 0.851867 0.799235 0.256595 0.974611 0.915902 0.861155 0.822148 0.966861 0.691716 
0.212904 0.028222 0.162228 0.145951 0.367347 0.631793 0.161021 0.422299 0.234206 0.768270 0.886634 0.304940 0.332772 0.701353 0.754800 0.610096 0.390594 0.047322 0.056895 0.906813 0.236237 0.233788 0.036233 0.371524 0.763603 
0.921840 0.343285 0.351037 0.012568 0.430333 0.378952 0.769255 0.651762 0.033040 0.064593 0.281983 0.868316 0.163844 0.750193 0.721397 0.463781 0.821733 0.440221 0.945686 0.215531 0.272987 0.769352 0.171174 0.066525 0.276316 

0.791792 0.947989 0.682548 0.125278 0.080468 0.051068 0.177543 0.230412 0.150969 0.649327 0.108201 0.160157 0.092436 0.029641 0.623254 0.323257 0.954321 0.130060 0.078461 0.994978 0.584656 0.085125 0.498546 0.709526 0.502611 
0.882636 0.299974 0.079825 0.196467 0.542205 0.321136 0.085509 0.382159 0.310570 0.378213 0.412827 0.441857 0.630909 0.968094 0.971453 0.310411 0.087273 0.355463 0.064131 0.689921 0.989846 0.703798 0.174804 0.216394 0.718237 
0.194821 0.453364 0.817180 0.394745 0.779147 0.039452 0.107041 0.756199 0.125274 0.215323 0.467848 0.212204 0.458430 0.362672 0.144266 0.566183 0.876590 0.955862 0.362788 0.780680 0.882548 0.621859 0.785518 0.562873 0.868746 
0.351086 0.077877 0.418777 0.228924 0.314035 0.407917 0.802104 0.677803 0.006389 0.987973 0.663547 0.469286 0.026303 0.907167 0.237325 0.625489 0.456346 0.591660 0.365334 0.718053 0.232974 0.249662 0.604578 0.433223 0.195558 
0.647303 0.670262 0.118355 0.752965 0.417781 0.985709 0.730261 0.578232 0.323087 0.974637 0.460570 0.823638 0.215342 0.236885 0.867772 0.666930 0.400729 0.596729 0.406471 0.456890 0.719852 0.645479 0.522133 0.204483 0.321150 
0.982048 0.878125 0.443926 0.017618 0.336542 0.634307 0.451375 0.938538 0.943944 0.565229 0.094578 0.859208 0.600587 0.302594 0.582849 0.290535 0.121153 0.266218 0.046461 0.945562 0.040440 0.860925 0.913548 0.461015 0.331360 
0.418299 0.195902 0.322413 0.577222 0.076424 0.739143 0.931538 0.072686 0.207712 0.675987 0.108381 0.302166 0.385822 0.295795 0.001570 0.711249 0.765330 0.278670 0.225267 0.021592 0.343969 0.864800 0.178790 0.125533 0.069511 
0.634647 0.300812 0.838217 0.348773 0.666681 0.047942 0.928096 0.853733 0.327518 0.210496 0.947936 0.670114 0.270045 0.571831 0.335484 0.432134 0.020419 0.943567 0.440045 0.861956 0.694553 0.236493 0.046966 0.948035 0.650691 
0.843594 0.256657 0.786285 0.210364 0.224350 0.821490 0.611604 0.422989 0.642168 0.886402 0.612843 0.980321 0.168134 0.578403 0.242889 0.131414 0.449394 0.665946 0.406620 0.578994 0.152605 0.818361 0.016550 0.485745 0.243866 
0.073147 0.739938 0.116283 0.886298 0.623780 0.025943 0.037816 0.851483 0.274031 0.465980 0.548533 0.538834 0.058305 0.135272 0.294774 0.957159 0.414788 0.842515 0.698669 0.556330 0.869964 0.305444 0.761618 0.835625 0.365456 
0.351824 0.627251 0.928471 0.532833 0.808287 0.931722 0.397701 0.447946 0.026183 0.787676 0.245209 0.273029 0.889350 0.512236 0.535537 0.518901 0.247059 0.875808 0.575231 0.349271 0.257838 0.436709 0.986193 0.923230 0.579188 
0.676706 0.615316 0.473869 0.648596 0.518255 0.935215 0.031245 0.593882 0.051665 0.284716 0.079854 0.849882 0.306839 0.805570 0.489579 0.957936 0.523154 0.962979 0.107402 0.711675 0.448540 0.139022 0.256394 0.383929 0.793791 
0.308022 0.361214 0.594350 0.293336 0.887233 0.745355 0.114530 0.353969 0.454593 0.550966 0.223565 0.819208 0.190462 0.047649 0.059596 0.634755 0.619601 0.575715 0.233862 0.927028 0.454995 0.446599 0.317051 0.660587 0.005463 
0.538383 0.065874 0.302790 0.995719 0.769157 0.317741 0.110331 0.391150 0.099469 0.101290 0.983368 0.875714 0.394796 0.874593 0.759407 0.067657 0.450804 0.851743 0.970137 0.831830 0.241759 0.905886 0.840792 0.830259 0.294599 
0.107947 0.774097 0.344309 0.047045 0.359821 0.176370 0.862674 0.907189 0.318707 0.737852 0.392769 0.162613 0.466720 0.207432 0.345449 0.456339 0.556534 0.466823 0.976113 0.037417 0.574930 0.712593 0.651803 0.594611 0.268536 
0.132264 0.030094 0.067747 0.460127 0.465812 0.439292 0.192965 0.174180 0.117220 0.148856 0.921010 0.612436 0.644161 0.039190 0.673995 0.939949 0.918162 0.181774 0.970789 0.880000 0.937500 0.728564 0.942376 0.290613 0.183078 
0.908668 0.654072 0.591782 0.847469 0.447192 0.196436 0.409312 0.058005 0.319792 0.261807 0.438185 0.658717 0.626489 0.681231 0.237347 0.632336 0.664633 0.509658 0.380173 0.773780 0.105424 0.870106 0.819285 0.763762 0.210046 
0.671862 0.364269 0.964223 0.088706 0.382236 0.143012 0.761167 0.279600 0.786780 0.019846 0.920383 0.670523 0.963434 0.353255 0.012645 0.581347 0.921995 0.594695 0.728648 0.621849 0.752650 0.723327 0.145343 0.880274 0.742773 
0.805699 0.240563 0.911130 0.860518 0.715045 0.380442 0.126671 0.363546 0.661973 0.400918 0.182009 0.205271 0.035884 0.498732 0.157652 0.264695 0.084801 0.354887 0.077205 0.458289 0.977292 0.046741 0.047202 0.623807 0.844625 
0.690056 0.206631 0.505127 0.713789 0.088068 0.704583 0.884451 0.112214 0.520850 0.654445 0.553723 0.617524 0.454435 0.709800 0.169154 0.559979 0.939189 0.906021 0.768284 0.852266 0.447422 0.913279 0.084250 0.456674 0.023047 
0.867868 0.685760 0.782133 0.748510 0.019831 0.491474 0.694646 0.609982 0.246768 0.274532 0.799580 0.629384 0.808330 0.673702 0.884697 0.323837 0.242621 0.674196 0.822514 0.823949 0.982409 0.952332 0.356610 0.371680 0.992227 
0.313350 0.245471 0.329102 0.706244 0.598342 0.435572 0.382182 0.692845 0.712157 0.889361 0.945164 0.193612 0.747960 0.635199 0.846756 0.201569 0.588620 0.841620 0.547375 0.541298 0.305186 0.430793 0.218953 0.737176 0.307675 
0.531369 0.686340 0.070082 0.462288 0.424076 0.297813 0.848856 0.265832 0.283971 0.924348 0.812841 0.604797 0.342123 0.214871 0.848594 0.097528 0.274108 0.107226 0.760640 0.996246 0.612324 0.283786 0.310842 0.938230 0.039353 
0.642359 0.585708 0.702517 0.121872 0.235942 0.585862 0.409219 0.384821 0.464860 0.727403 0.226397 0.416781 0.344482 0.717904 0.615133 0.070024 0.961943 0.556348 0.496476 0.149065 0.270534 0.620867 0.671884 0.320368 0.247922 
0.923465 0.062992 0.869425 0.795981 0.301357 0.027934 0.151372 0.710831 0.528452 0.782664 0.968506 0.722097 0.789858 0.468659 0.486039 0.798795 0.753867 0.398087 0.616133 0.679558 0.500407 0.143990 0.224962 0.422352 0.276879 

-1.101552 -0.774963 -1.749693 -0.700918 -0.587134 -0.775830 -0.604110 -0.845466 -0.369683 -0.668675 -0.997431 -0.146013 -0.023717 -0.254480 0.268530 0.894695 -0.409009 0.067004 0.102778 -0.104317 0.663579 -0.570108 -0.401283 -0.157897 0.253918 
-1.269901 -0.949940 -0.562210 -1.031916 -1.031601 -0.829656 -0.961126 -0.990115 -1.620716 -1.308901 -0.502377 0.071911 0.478708 0.107788 0.296577 0.218729 -0.441846 0.180487 0.491021 -0.140795 0.466857 0.038033 0.092580 0.031329 -0.617563 
-0.590555 -0.893495 -0.478033 -0.861829 -1.508393 -0.203179 -0.155859 -1.684116 -0.528641 -0.286272 -1.079290 -0.065575 0.543789 -0.090769 -0.180010 0.439589 0.141199 -0.097562 -0.055073 -0.061254 -0.013956 0.396641 -0.284094 0.007912 -0.390051 
-0.347488 -0.397855 -1.239189 -1.144181 -0.908637 -1.189998 -0.564866 -1.376775 -0.924949 -1.310521 0.239958 -0.303985 -0.351178 0.524600 0.058850 -0.211644 0.211527 0.392199 0.468888 -0.346118 -0.417518 0.108470 -0.195526 -0.601480 0.035148 
-1.122188 -1.116968 -0.947228 -0.668926 -1.453230 -1.822809 -1.082271 -0.962015 -0.800385 0.315463 0.008906 0.102986 0.528221 -0.203826 -0.093891 0.131948 -0.321633 -0.053661 0.026108 -0.252814 0.123266 0.129300 0.453029 0.261243 0.395787 
-1.733504 -1.527484 -1.320253 -0.605660 -1.151512 -1.654258 -1.391707 -1.040083 -1.483171 -0.392414 0.196269 -0.227933 0.261381 0.143105 -0.217248 -0.488007 -0.015606 0.269463 0.211791 -0.183764 -0.251787 0.154658 0.190887 0.571318 -1.378938 
-0.770167 -0.998174 -1.129260 -1.067711 -0.853700 -1.657693 -1.078909 -1.110759 0.622470 -0.003926 0.170788 0.587792 0.287740 0.274309 0.161240 0.098570 -0.289593 -0.178802 0.182361 0.042171 -0.243535 -0.479928 -0.496452 -1.454629 -1.300216 
2.097611 -0.690167 -1.224344 -1.389604 -0.973676 -0.914978 -1.295817 -0.622124 0.278018 0.196806 -0.219438 -0.698448 -0.141806 0.396477 0.154142 0.253738 0.116217 -0.253016 -0.088806 0.172535 -0.094289 -0.132128 -1.725126 0.505873 -0.739364 
2.370156 1.144513 -1.499013 -0.925066 -0.171170 -0.646412 -1.612603 -0.122069 -0.206554 -0.147065 0.712060 0.021519 -0.239157 0.519696 0.434389 -0.060306 -0.197300 -0.011363 -0.081281 0.255408 0.263049 0.765385 -0.167247 0.447567 -1.162841 
1.230119 2.399584 2.009973 0.589952 -1.655108 -0.135531 0.504928 -0.359468 0.527119 0.071627 -0.042160 0.136523 -0.140125 0.172060 -0.016575 0.144265 0.093086 0.377164 0.228788 -0.301842 1.582432 0.472240 0.665343 1.168816 -0.895656 
2.170783 0.888998 2.661923 2.424619 2.527908 -0.890930 -0.269601 -0.035671 -0.041953 0.172987 -0.017196 0.151947 -0.287852 -0.122480 0.228347 0.167752 -0.043045 -0.013219 0.431230 -0.039395 -1.389410 -1.028317 0.268041 0.840210 -0.589715 
2.609078 1.141168 1.560476 1.818116 1.600301 1.323849 -0.464650 -0.046051 -0.391747 0.100631 0.112315 -0.442534 -0.433359 -0.337475 -0.462759 0.055830 -0.095016 0.342186 0.031491 0.879449 -0.836196 -0.385890 -0.740868 -1.429514 0.838830 
0.737246 0.887997 1.214330 2.005630 2.259126 0.853723 0.135784 -0.373018 -0.434309 0.232413 -0.620850 -0.071442 0.098442 0.139689 0.186031 -0.026410 -0.056055 0.043147 -1.544503 1.013496 -1.070308 -0.400947 -0.221782 -0.327573 -1.243001 
0.803833 -0.039450 1.854710 1.401781 2.196745 0.699059 0.859879 0.362845 -0.060938 -0.036810 0.521432 -0.076436 0.409228 0.075534 -0.413133 -0.256445 -0.656991 0.102157 1.368360 1.174909 -0.471322 1.117382 0.104668 0.285229 -1.027379 
0.336844 1.974393 2.546752 0.262544 1.028041 1.123349 1.861226 -0.163029 -0.031985 0.404621 -0.256647 -0.478290 0.329690 0.277663 -0.063497 0.058204 0.224002 0.101643 1.267983 -1.691583 0.351131 1.251960 0.827253 -0.558461 -0.895565 
1.065960 1.527690 0.743602 2.114859 0.682734 2.415443 -0.007804 -0.120564 0.121102 0.153684 -0.265909 0.078760 -0.076331 0.264163 -0.300412 -0.767854 0.074422 -1.700805 0.886630 0.456234 0.490197 1.263413 1.497068 -0.103562 -0.447503 
1.656111 2.638647 -0.094219 -1.570697 0.344811 -0.127620 -0.520767 0.072388 -0.657210 0.188738 0.236856 0.030986 0.006082 -0.401333 0.678015 -1.226497 0.347374 0.241000 0.515838 0.438029 -1.609353 0.550046 1.743713 0.921889 -1.434465 
-1.228564 0.323281 -0.672173 -0.074704 -0.024102 0.167239 -0.626472 -0.576438 -1.191168 -0.038575 -1.486540 0.294683 0.013443 0.022647 0.206476 0.815646 1.976528 0.290340 0.425410 0.819832 0.973953 0.620803 0.023272 1.600787 -0.439014 
-1.273936 -0.067149 -0.853313 -1.020993 -0.920045 -0.641335 0.228654 -0.829223 -1.495943 -0.799767 0.365740 -0.717281 0.327324 -0.333092 -1.497577 -0.668954 0.007998 -0.553138 0.124880 1.061272 0.535298 -1.058558 -0.467149 1.399343 1.230043 
-1.523879 -0.160407 -0.361885 -0.767806 0.081552 -0.361931 -1.320106 -0.145083 -0.078651 -1.098464 -0.329249 -0.260963 -0.250212 0.611434 -1.558629 1.272418 0.450868 0.611105 -0.503655 1.472300 0.328286 1.884133 0.112551 -0.753816 -0.409628 
-0.705068 -1.611145 -0.550327 -0.694217 0.245202 -0.956188 -0.077040 -0.810698 -0.343993 -0.044679 -1.187988 -0.544949 -1.047010 -0.694900 0.478958 -0.843355 -0.721792 -0.313224 0.555591 -0.310365 0.364632 2.654672 -1.233465 0.340823 1.594656 
0.600794 -0.452440 0.021574 -0.971575 -1.278260 -0.412723 -0.918064 -1.026479 -1.398780 -1.034169 -1.138599 1.052167 -0.701453 -1.524631 0.652458 -1.472744 0.132273 -0.017846 1.080052 -0.007095 0.954680 -0.179140 0.257293 -0.272892 -0.429906 
-0.163900 -1.290705 0.299166 -0.243080 -0.046377 0.115077 -1.323086 0.179917 -0.497941 -2.039382 -0.885702 -1.448459 -0.282139 0.184576 1.898747 -0.618920 -0.757412 -1.476425 1.292323 -0.080954 -0.384661 -1.064396 -0.956151 -0.069051 -1.787504 
-1.278148 -0.837987 -1.346631 -0.208272 0.034997 -1.037804 -0.412778 -0.596077 -0.614741 -0.666005 0.285413 -0.515268 -0.358548 -0.352742 0.098631 -0.792012 1.366761 0.750133 0.279763 -1.348589 -0.121052 0.516959 1.314607 -0.040148 -1.041318 
-1.284420 0.285913 -0.833975 -1.752219 -0.230788 0.479709 0.639753 -0.921940 -1.328255 -1.675519 -1.712079 -0.813319 -1.022320 0.015940 -0.538143 0.775343 -0.175725 0.060455 -0.822162 0.934393 0.627763 -1.356297 -0.063289 0.255398 -0.014580 

2 2 2 2 2 2 2 2 2 2 2 2 0 0 0 0 0 0 0 0 0 0 0 0 0 
2 2 2 2 2 2 2 2 2 2 2 0 0 0 0 0 0 0 0 0 0 0 0 0 0 
2 2 2 2 2 2 2 2 2 2 2 0 0 0 0 0 0 0 0 0 0 0 0 0 0 
2 2 2 2 2 2 2 2 2 2 0 0 0 0 0 0 0 0 0 0 0 0 0 0 0 
2 2 2 2 2 2 2 2 2 0 0 0 0 0 0 0 0 0 0 0 0 0 0 0 1 
2 2 2 2 2 2 2 2 2 0 0 0 0 0 0 0 0 0 0 0 0 0 0 1 1 
2 2 2 2 2 2 2 2 0 0 0 0 0 0 0 0 0 0 0 0 0 0 0 1 1 
3 2 2 2 2 2 2 2 0 0 0 0 0 0 0 0 0 0 0 0 0 0 1 1 1 
3 3 2 2 2 2 2 0 0 0 0 0 0 0 0 0 0 0 0 0 0 1 1 1 1 
3 3 3 3 2 2 0 0 0 0 0 0 0 0 0 0 0 0 0 0 1 1 1 1 1 
3 3 3 3 3 2 0 0 0 0 0 0 0 0 0 0 0 0 0 0 1 1 1 1 1 
3 3 3 3 3 3 0 0 0 0 0 0 0 0 0 0 0 0 0 1 1 1 1 1 1 
3 3 3 3 3 3 0 0 0 0 0 0 0 0 0 0 0 0 1 1 1 1 1 1 1 
3 3 3 3 3 3 3 0 0 0 0 0 0 0 0 0 0 0 1 1 1 1 1 1 1 
3 3 3 3 3 3 3 0 0 0 0 0 0 0 0 0 0 1 1 1 1 1 1 1 1 
3 3 3 3 3 3 4 4 0 0 0 0 0 0 0 0 1 1 1 1 1 1 1 1 1 
3 3 4 4 4 4 4 4 4 0 0 0 0 0 0 1 1 1 1 1 1 1 1 1 1 
4 4 4 4 4 4 4 4 4 4 4 0 0 0 0 1 1 1 1 1 1 1 1 1 1 
4 4 4 4 4 4 4 4 4 4 4 4 0 0 1 1 1 1 1 1 1 1 1 1 1 
4 4 4 4 4 4 4 4 4 4 4 4 4 1 1 1 1 1 1 1 1 1 1 1 1 
4 4 4 4 4 4 4 4 4 4 4 4 4 4 1 1 1 1 1 1 1 1 1 1 1 
4 4 4 4 4 4 4 4 4 4 4 4 4 4 1 1 1 1 1 1 1 1 1 1 1 
4 4 4 4 4 4 4 4 4 4 4 4 4 4 1 1 1 1 1 1 1 1 1 1 1 
4 4 4 4 4 4 4 4 4 4 4 4 4 4 1 1 1 1 1 1 1 1 1 1 1 
4 4 4 4 4 4 4 4 4 4 4 4 4 4 1 1 1 1 1 1 1 1 1 1 1 

-1.0 -1.0 -1.0 -1.0 -1.0 -1.0 -1.0 -1.0 -1.0 -1.0 -1.0 -1.0 0.0 0.0 0.0 0.0 0.0 0.0 0.0 0.0 0.0 0.0 0.0 0.0 0.0 
-1.0 -1.0 -1.0 -1.0 -1.0 -1.0 -1.0 -1.0 -1.0 -1.0 -1.0 0.0 0.0 0.0 0.0 0.0 0.0 0.0 0.0 0.0 0.0 0.0 0.0 0.0 0.0 
-1.0 -1.0 -1.0 -1.0 -1.0 -1.0 -1.0 -1.0 -1.0 -1.0 -1.0 0.0 0.0 0.0 0.0 0.0 0.0 0.0 0.0 0.0 0.0 0.0 0.0 0.0 0.0 
-1.0 -1.0 -1.0 -1.0 -1.0 -1.0 -1.0 -1.0 -1.0 -1.0 0.0 0.0 0.0 0.0 0.0 0.0 0.0 0.0 0.0 0.0 0.0 0.0 0.0 0.0 0.0 
-1.0 -1.0 -1.0 -1.0 -1.0 -1.0 -1.0 -1.0 -1.0 0.0 0.0 0.0 0.0 0.0 0.0 0.0 0.0 0.0 0.0 0.0 0.0 0.0 0.0 0.0 -2.0 
-1.0 -1.0 -1.0 -1.0 -1.0 -1.0 -1.0 -1.0 -1.0 0.0 0.0 0.0 0.0 0.0 0.0 0.0 0.0 0.0 0.0 0.0 0.0 0.0 0.0 -2.0 -2.0 
-1.0 -1.0 -1.0 -1.0 -1.0 -1.0 -1.0 -1.0 0.0 0.0 0.0 0.0 0.0 0.0 0.0 0.0 0.0 0.0 0.0 0.0 0.0 0.0 0.0 -2.0 -2.0 
2.0 -1.0 -1.0 -1.0 -1.0 -1.0 -1.0 -1.0 0.0 0.0 0.0 0.0 0.0 0.0 0.0 0.0 0.0 0.0 0.0 0.0 0.0 0.0 -2.0 -2.0 -2.0 
2.0 2.0 -1.0 -1.0 -1.0 -1.0 -1.0 0.0 0.0 0.0 0.0 0.0 0.0 0.0 0.0 0.0 0.0 0.0 0.0 0.0 0.0 -2.0 -2.0 -2.0 -2.0 
2.0 2.0 2.0 2.0 -1.0 -1.0 0.0 0.0 0.0 0.0 0.0 0.0 0.0 0.0 0.0 0.0 0.0 0.0 0.0 0.0 -2.0 -2.0 -2.0 -2.0 -2.0 
2.0 2.0 2.0 2.0 2.0 -1.0 0.0 0.0 0.0 0.0 0.0 0.0 0.0 0.0 0.0 0.0 0.0 0.0 0.0 0.0 -2.0 -2.0 -2.0 -2.0 -2.0 
2.0 2.0 2.0 2.0 2.0 2.0 0.0 0.0 0.0 0.0 0.0 0.0 0.0 0.0 0.0 0.0 0.0 0.0 0.0 -2.0 -2.0 -2.0 -2.0 -2.0 -2.0 
2.0 2.0 2.0 2.0 2.0 2.0 0.0 0.0 0.0 0.0 0.0 0.0 0.0 0.0 0.0 0.0 0.0 0.0 -2.0 -2.0 -2.0 -2.0 -2.0 -2.0 -2.0 
2.0 2.0 2.0 2.0 2.0 2.0 2.0 0.0 0.0 0.0 0.0 0.0 0.0 0.0 0.0 0.0 0.0 0.0 -2.0 -2.0 -2.0 -2.0 -2.0 -2.0 -2.0 
2.0 2.0 2.0 2.0 2.0 2.0 2.0 0.0 0.0 0.0 0.0 0.0 0.0 0.0 0.0 0.0 0.0 -2.0 -2.0 -2.0 -2.0 -2.0 -2.0 -2.0 -2.0 
2.0 2.0 2.0 2.0 2.0 2.0 1.0 1.0 0.0 0.0 0.0 0.0 0.0 0.0 0.0 0.0 -2.0 -2.0 -2.0 -2.0 -2.0 -2.0 -2.0 -2.0 -2.0 
2.0 2.0 1.0 1.0 1.0 1.0 1.0 1.0 1.0 0.0 0.0 0.0 0.0 0.0 0.0 -2.0 -2.0 -2.0 -2.0 -2.0 -2.0 -2.0 -2.0 -2.0 -2.0 
1.0 1.0 1.0 1.0 1.0 1.0 1.0 1.0 1.0 1.0 1.0 0.0 0.0 0.0 0.0 -2.0 -2.0 -2.0 -2.0 -2.0 -2.0 -2.0 -2.0 -2.0 -2.0 
1.0 1.0 1.0 1.0 1.0 1.0 1.0 1.0 1.0 1.0 1.0 1.0 0.0 0.0 -2.0 -2.0 -2.0 -2.0 -2.0 -2.0 -2.0 -2.0 -2.0 -2.0 -2.0 
1.0 1.0 1.0 1.0 1.0 1.0 1.0 1.0 1.0 1.0 1.0 1.0 1.0 -2.0 -2.0 -2.0 -2.0 -2.0 -2.0 -2.0 -2.0 -2.0 -2.0 -2.0 -2.0 
1.0 1.0 1.0 1.0 1.0 1.0 1.0 1.0 1.0 1.0 1.0 1.0 1.0 1.0 -2.0 -2.0 -2.0 -2.0 -2.0 -2.0 -2.0 -2.0 -2.0 -2.0 -2.0 
1.0 1.0 1.0 1.0 1.0 1.0 1.0 1.0 1.0 1.0 1.0 1.0 1.0 1.0 -2.0 -2.0 -2.0 -2.0 -2.0 -2.0 -2.0 -2.0 -2.0 -2.0 -2.0 
1.0 1.0 1.0 1.0 1.0 1.0 1.0 1.0 1.0 1.0 1.0 1.0 1.0 1.0 -2.0 -2.0 -2.0 -2.0 -2.0 -2.0 -2.0 -2.0 -2.0 -2.0 -2.0 
1.0 1.0 1.0 1.0 1.0 1.0 1.0 1.0 1.0 1.0 1.0 1.0 1.0 1.0 -2.0 -2.0 -2.0 -2.0 -2.0 -2.0 -2.0 -2.0 -2.0 -2.0 -2.0 
1.0 1.0 1.0 1.0 1.0 1.0 1.0 1.0 1.0 1.0 1.0 1.0 1.0 1.0 -2.0 -2.0 -2.0 -2.0 -2.0 -2.0 -2.0 -2.0 -2.0 -2.0 -2.0 

-1.0 -1.0 -1.0 -1.0 -1.0 -1.0 -1.0 -1.0 -1.0 -1.0 -1.0 -1.0 0.0 0.0 0.0 0.0 0.0 0.0 0.0 0.0 0.0 0.0 0.0 0.0 0.0 
-1.0 -1.0 -1.0 -1.0 -1.0 -1.0 -1.0 -1.0 -1.0 -1.0 -1.0 0.0 0.0 0.0 0.0 0.0 0.0 0.0 0.0 0.0 0.0 0.0 0.0 0.0 0.0 
-1.0 -1.0 -1.0 -1.0 -1.0 -1.0 -1.0 -1.0 -1.0 -1.0 -1.0 0.0 0.0 0.0 0.0 0.0 0.0 0.0 0.0 0.0 0.0 0.0 0.0 0.0 0.0 
-1.0 -1.0 -1.0 -1.0 -1.0 -1.0 -1.0 -1.0 -1.0 -1.0 0.0 0.0 0.0 0.0 0.0 0.0 0.0 0.0 0.0 0.0 0.0 0.0 0.0 0.0 0.0 
-1.0 -1.0 -1.0 -1.0 -1.0 -1.0 -1.0 -1.0 -1.0 0.0 0.0 0.0 0.0 0.0 0.0 0.0 0.0 0.0 0.0 0.0 0.0 0.0 0.0 0.0 2.0 
-1.0 -1.0 -1.0 -1.0 -1.0 -1.0 -1.0 -1.0 -1.0 0.0 0.0 0.0 0.0 0.0 0.0 0.0 0.0 0.0 0.0 0.0 0.0 0.0 0.0 2.0 2.0 
-1.0 -1.0 -1.0 -1.0 -1.0 -1.0 -1.0 -1.0 0.0 0.0 0.0 0.0 0.0 0.0 0.0 0.0 0.0 0.0 0.0 0.0 0.0 0.0 0.0 2.0 2.0 
1.0 -1.0 -1.0 -1.0 -1.0 -1.0 -1.0 -1.0 0.0 0.0 0.0 0.0 0.0 0.0 0.0 0.0 0.0 0.0 0.0 0.0 0.0 0.0 2.0 2.0 2.0 
1.0 1.0 -1.0 -1.0 -1.0 -1.0 -1.0 0.0 0.0 0.0 0.0 0.0 0.0 0.0 0.0 0.0 0.0 0.0 0.0 0.0 0.0 2.0 2.0 2.0 2.0 
1.0 1.0 1.0 1.0 -1.0 -1.0 0.0 0.0 0.0 0.0 0.0 0.0 0.0 0.0 0.0 0.0 0.0 0.0 0.0 0.0 2.0 2.0 2.0 2.0 2.0 
1.0 1.0 1.0 1.0 1.0 -1.0 0.0 0.0 0.0 0.0 0.0 0.0 0.0 0.0 0.0 0.0 0.0 0.0 0.0 0.0 2.0 2.0 2.0 2.0 2.0 
1.0 1.0 1.0 1.0 1.0 1.0 0.0 0.0 0.0 0.0 0.0 0.0 0.0 0.0 0.0 0.0 0.0 0.0 0.0 2.0 2.0 2.0 2.0 2.0 2.0 
1.0 1.0 1.0 1.0 1.0 1.0 0.0 0.0 0.0 0.0 0.0 0.0 0.0 0.0 0.0 0.0 0.0 0.0 2.0 2.0 2.0 2.0 2.0 2.0 2.0 
1.0 1.0 1.0 1.0 1.0 1.0 1.0 0.0 0.0 0.0 0.0 0.0 0.0 0.0 0.0 0.0 0.0 0.0 2.0 2.0 2.0 2.0 2.0 2.0 2.0 
1.0 1.0 1.0 1.0 1.0 1.0 1.0 0.0 0.0 0.0 0.0 0.0 0.0 0.0 0.0 0.0 0.0 2.0 2.0 2.0 2.0 2.0 2.0 2.0 2.0 
1.0 1.0 1.0 1.0 1.0 1.0 -2.0 -2.0 0.0 0.0 0.0 0.0 0.0 0.0 0.0 0.0 2.0 2.0 2.0 2.0 2.0 2.0 2.0 2.0 2.0 
1.0 1.0 -2.0 -2.0 -2.0 -2.0 -2.0 -2.0 -2.0 0.0 0.0 0.0 0.0 0.0 0.0 2.0 2.0 2.0 2.0 2.0 2.0 2.0 2.0 2.0 2.0 
-2.0 -2.0 -2.0 -2.0 -2.0 -2.0 -2.0 -2.0 -2.0 -2.0 -2.0 0.0 0.0 0.0 0.0 2.0 2.0 2.0 2.0 2.0 2.0 2.0 2.0 2.0 2.0 
-2.0 -2.0 -2.0 -2.0 -2.0 -2.0 -2.0 -2.0 -2.0 -2.0 -2.0 -2.0 0.0 0.0 2.0 2.0 2.0 2.0 2.0 2.0 2.0 2.0 2.0 2.0 2.0 
-2.0 -2.0 -2.0 -2.0 -2.0 -2.0 -2.0 -2.0 -2.0 -2.0 -2.0 -2.0 -2.0 2.0 2.0 2.0 2.0 2.0 2.0 2.0 2.0 2.0 2.0 2.0 2.0 
-2.0 -2.0 -2.0 -2.0 -2.0 -2.0 -2.0 -2.0 -2.0 -2.0 -2.0 -2.0 -2.0 -2.0 2.0 2.0 2.0 2.0 2.0 2.0 2.0 2.0 2.0 2.0 2.0 
-2.0 -2.0 -2.0 -2.0 -2.0 -2.0 -2.0 -2.0 -2.0 -2.0 -2.0 -2.0 -2.0 -2.0 2.0 2.0 2.0 2.0 2.0 2.0 2.0 2.0 2.0 2.0 2.0 
-2.0 -2.0 -2.0 -2.0 -2.0 -2.0 -2.0 -2.0 -2.0 -2.0 -2.0 -2.0 -2.0 -2.0 2.0 2.0 2.0 2.0 2.0 2.0 2.0 2.0 2.0 2.0 2.0 
-2.0 -2.0 -2.0 -2.0 -2.0 -2.0 -2.0 -2.0 -2.0 -2.0 -2.0 -2.0 -2.0 -2.0 2.0 2.0 2.0 2.0 2.0 2.0 2.0 2.0 2.0 2.0 2.0 
-2.0 -2.0 -2.0 -2.0 -2.0 -2.0 -2.0 -2.0 -2.0 -2.0 -2.0 -2.0 -2.0 -2.0 2.0 2.0 2.0 2.0 2.0 2.0 2.0 2.0 2.0 2.0 2.0 

