0.787580 0.926654 0.504788 0.934775 0.448758 0.408645 0.637457 0.714382 0.916946 0.831225 0.742193 0.817103 0.162367 0.957732 0.440535 0.795312 0.583034 0.045345 0.145885 0.565352 0.187235 0.440066 0.876398 0.823677 0.185348 
0.958654 0.398660 0.986118 0.247749 0.143360 0.118049 0.172766 0.208862 0.194286 0.727456 0.925995 0.922529 0.939036 0.139220 0.086508 0.897459 0.234649 0.962145 0.680014 0.628840 0.267778 0.855962 0.368602 0.016280 0.771053 
0.696222 0.213022 0.004521 0.628223 0.344789 0.517347 0.379795 0.861961 0.877515 0.429690 0.554936 0.406030 0.210080 0.810662 0.130532 0.533139 0.552471 0.565766 0.451423 0.658018 0.937626 0.970168 0.005081 0.561346 0.277091 
0.359500 0.596498 0.731863 0.285496 0.630852 0.271066 0.121817 0.386289 0.719235 0.223042 0.707843 0.371641 0.635419 0.985832 0.774718 0.834210 0.041618 0.681037 0.667380 0.597461 0.750042 0.119053 0.685037 0.574681 0.243388 
0.047992 0.398262 0.433617 0.510908 0.385776 0.820507 0.130485 0.027831 0.298997 0.735942 0.341289 0.288307 0.564916 0.430748 0.087335 0.844024 0.319613 0.334078 0.161068 0.974841 0.773220 0.775810 0.230196 0.168616 0.918412 
0.276161 0.222228 0.926082 0.420883 0.068385 0.872752 0.267756 0.084025 0.164179 0.499464 0.761539 0.736960 0.493754 0.834932 0.935838 0.028323 0.007077 0.805268 0.430382 0.044212 0.712146 0.977978 0.498924 0.248391 0.632456 
0.907763 0.104705 0.073158 0.188569 0.197944 0.652407 0.859428 0.281340 0.492200 0.188567 0.603068 0.076595 0.341252 0.015221 0.715539 0.941805 0.620826 0.218392 0.904835 0.536511 0.634308 0.302092 0.915230 0.497751 0.948251 
0.400557 0.840820 0.670549 0.606747 0.180701 0.486283 0.475404 0.521103 0.204701 0.357075 0.263817 0.758277 0.724606 0.650263 0.502787 0.088375 0.296833 0.000481 0.315640 0.636213 0.469395 0.190490 0.288471 0.629776 0.805517 
0.647035 0.473896 0.707278 0.818347 0.756122 0.470877 0.303980 0.368198 0.181913 0.846078 0.590737 0.674179 0.928821 0.454291 0.789102 0.435108 0.205821 0.252529 0.256312 0.556386 0.593936 0.125921 0.806920 0.045531 0.803009 
0.696669 0.565540 0.196069 0.088363 0.370538 0.526955 0.948550 0.378567 0.818921 0.645917 0.907151 0.183711 0.788928 0.612721 0.228894 0.306301 0.940403 0.326658 0.537718 0.620070 0.613294 0.663545 0.207638 0.626826 0.268935 
0.725829 0.778892 0.631999 0.445284 0.587684 0.117583 0.033526 0.000116 0.046479 0.039843 0.391803 0.676606 0.555537 0.142081 0.136486 0.892658 0.495707 0.419268 0.197103 0.754358 0.539590 0.331747 0.866390 0.834136 0.441615 
0.226866 0.348819 0.685784 0.641747 0.445142 0.532734 0.228176 0.471119 0.478049 0.560182 0.591567 0.952425 0.106170 0.574194 0.444386 0.882055 0.276747 0.274655 0.360061 0.705420 0.072817 0.475014 0.336193 0.340377 0.712266 
0.365614 0.521470 0.728772 0.964501 0.702387 0.084791 0.578692 0.575346 0.312744 0.503815 0.432832 0.017047 0.597362 0.008567 0.249521 0.138666 0.210951 0.737460 0.136174 0.272976 0.378277 0.881932 0.491738 0.443604 0.522788 
0.966327 0.632301 0.369886 0.551985 0.156204 0.884392 0.584469 0.972997 0.325838 0.952795 0.266300 0.992706 0.168612 0.746486 0.075430 0.017086 0.749400 0.276655 0.311624 0.044710 0.477423 0.525515 0.595639 0.583525 0.090954 
0.021486 0.405515 0.463541 0.552916 0.272614 0.074490 0.933483 0.092155 0.565159 0.174303 0.569921 0.181997 0.300699 0.505546 0.035264 0.218576 0.514327 0.889226 0.926933 0.986277 0.543998 0.767283 0.657381 0.912074 0.780866 
0.392038 0.639320 0.779988 0.425788 0.216959 0.622714 0.536599 0.711788 0.014384 0.862429 0.638085 0.822481 0.670589 0.084141 0.060819 0.086208 0.657451 0.012434 0.973351 0.930023 0.236205 0.902432 0.906998 0.946656 0.137759 
0.714009 0.512748 0.285509 0.531555 0.227948 0.091689 0.562758 0.734170 0.944467 0.826267 0.988351 0.934953 0.916788 0.659534 0.600271 0.640480 0.116861 0.974617 0.781400 0.719117 0.265420 0.726986 0.227520 0.648364 0.358258 
0.629521 0.171306 0.589389 0.972381 0.993118 0.466418 0.619567 0.474881 0.287145 0.202885 0.903376 0.292745 0.541441 0.054089 0.434241 0.501269 0.289024 0.591225 0.978544 0.325834 0.536365 0.130687 0.037142 0.406965 0.884823 
0.964266 0.338091 0.703797 0.808771 0.672971 0.500252 0.028080 0.543439 0.635135 0.196570 0.549661 0.158206 0.360571 0.793671 0.886265 0.105191 0.823639 0.158049 0.297127 0.409619 0.706000 0.989880 0.312440 0.188798 0.276774 
0.901888 0.814368 0.540589 0.592614 0.822036 0.198141 0.172724 0.972577 0.732825 0.200985 0.404981 0.462609 0.561449 0.843827 0.197945 0.498102 0.768193 0.465631 0.058603 0.421996 0.167970 0.904654 0.046439 0.676499 0.037946 
0.029737 0.831980 0.996125 0.598703 0.009760 0.805726 0.870514 0.354823 0.169083 0.623179 0.586429 0.412348 0.821916 0.016143 0.607964 0.884327 0.856654 0.295417 0.643164 0.173486 0.119987 0.607178 0.857123 0.360621 0.268261 
0.674238 0.075269 0.988805 0.902747 0.634044 0.492706 0.759813 0.812745 0.350119 0.177126 0.751352 0.628742 0.075360 0.772520 0.484520 0.999090 0.451644 0.982109 0.554889 0.776023 0.355371 0.657115 0.343497 0.412915 0.663598 
0.549409 0.519467 0.387337 0.477120 0.380539 0.465237 0.068698 0.441606 0.435462 0.823219 0.543819 0.176438 0.036570 0.321353 0.185631 0.323472 0.189429 0.599697 0.799271 0.778462 0.560798 0.451991 0.692831 0.240274 0.821110 
0.593647 0.218389 0.748515 0.187090 0.285486 0.566054 0.993874 0.346976 0.829808 0.378774 0.451097 0.182207 0.529873 0.465880 0.672039 0.651286 0.699542 0.814945 0.436520 0.568997 0.030138 0.148442 0.887608 0.615137 0.940360 
0.468744 0.632839 0.004613 0.552675 0.537604 0.972700 0.412187 0.171991 0.615296 0.458854 0.849711 0.852640 0.364943 0.750915 0.554482 0.348941 0.143033 0.306092 0.928956 0.301468 0.827578 0.504537 0.828471 0.098175 0.266868 

0.339173 0.118777 0.251728 0.138170 0.245278 0.898985 0.053956 0.644197 0.697646 0.484271 0.905014 0.874651 0.083690 0.761915 0.283838 0.338744 0.822821 0.949317 0.201017 0.621020 0.083810 0.109786 0.898281 0.406866 0.164286 
0.401371 0.984218 0.115707 0.342974 0.750005 0.411217 0.074557 0.139524 0.107184 0.427916 0.868057 0.190493 0.016888 0.962864 0.279669 0.677733 0.840573 0.408957 0.778974 0.970052 0.563200 0.917649 0.479130 0.440182 0.369883 
0.060008 0.409652 0.263336 0.800911 0.356309 0.391556 0.185545 0.832364 0.181507 0.982910 0.606213 0.373306 0.514888 0.357781 0.451391 0.208434 0.415918 0.255460 0.620505 0.035878 0.950401 0.841547 0.171043 0.659856 0.607581 
0.292024 0.673895 0.235053 0.643165 0.749326 0.631939 0.191478 0.339219 0.047149 0.914786 0.332402 0.279172 0.922261 0.996634 0.057574 0.080710 0.463792 0.260712 0.667772 0.143756 0.223305 0.656154 0.497509 0.990407 0.284930 
0.146816 0.831172 0.300707 0.201233 0.686428 0.412249 0.927957 0.834314 0.077855 0.480642 0.090483 0.006356 0.466055 0.198730 0.720739 0.286702 0.122541 0.827621 0.091355 0.368456 0.859288 0.301761 0.364913 0.733076 0.620032 
0.065859 0.692922 0.390382 0.465840 0.921017 0.101276 0.181382 0.850832 0.165988 0.674687 0.669800 0.775628 0.443759 0.147587 0.914333 0.025837 0.589934 0.998897 0.100043 0.007244 0.927058 0.995773 0.006215 0.881810 0.155806 
0.304467 0.646210 0.098567 0.294130 0.015269 0.053212 0.288545 0.606308 0.354722 0.241392 0.393479 0.886996 0.230073 0.294898 0.242070 0.842385 0.842036 0.409470 0.769025 0.252365 0.013812 0.682726 0.569468 0.968527 0.401521 
0.906935 0.237136 0.946755 0.873295 0.732765 0.951788 0.383787 0.358806 0.639803 0.694683 0.847411 0.626999 0.977135 0.712573 0.408807 0.280610 0.255827 0.190228 0.909378 0.965915 0.340744 0.676664 0.772501 0.562896 0.541532 
0.087206 0.022466 0.558197 0.660534 0.386670 0.506809 0.527940 0.705418 0.415923 0.982997 0.521902 0.317031 0.012695 0.581270 0.503213 0.803187 0.054398 0.792124 0.715525 0.404373 0.009175 0.978192 0.395647 0.862553 0.582818 
0.877948 0.107987 0.623355 0.334577 0.792004 0.006303 0.120993 0.007770 0.960661 0.037278 0.083706 0.139905 0.459619 0.320793 0.129798 0.948695 0.389980 0.617816 0.107548 0.333930 0.308723 0.788168 0.318558 0.770528 0.354645 
0.736937 0.747189 0.187600 0.017856 0.376220 0.516675 0.125688 0.918035 0.332461 0.015682 0.762885 0.345943 0.053826 0.769443 0.753444 0.817965 0.001828 0.724981 0.768586 0.421796 0.125977 0.194068 0.242952 0.226566 0.956886 
0.283714 0.817036 0.760812 0.039585 0.855305 0.516281 0.748397 0.056269 0.988172 0.271375 0.382106 0.739496 0.241957 0.591949 0.766924 0.578757 0.029484 0.604778 0.424957 0.534347 0.054304 0.791889 0.270102 0.144823 0.871556 
0.199671 0.076230 0.881933 0.523438 0.713097 0.147988 0.448991 0.342621 0.667265 0.244349 0.703074 0.834915 0.165591 0.377049 0.613839 0.689686 0.672345 0.860293 0.474561 0.362531 0.031939 0.770775 0.942126 0.909026 0.613856 
0.835450 0.860610 0.117250 0.250884 0.533175 0.618609 0.984186 0.570962 0.797299 0.828503 0.931665 0.257982 0.073035 0.218307 0.326073 0.774112 0.567715 0.297402 0.090093 0.092494 0.664700 0.709359 0.810858 0.767931 0.835178 
0.211476 0.405541 0.196284 0.060403 0.999912 0.119478 0.296579 0.998943 0.787353 0.081651 0.007991 0.652394 0.115090 0.129739 0.181778 0.886351 0.445779 0.150117 0.485258 0.487466 0.841143 0.033693 0.640929 0.123257 0.287968 
0.190379 0.781769 0.957364 0.243528 0.483718 0.451516 0.016145 0.103980 0.751315 0.323841 0.239914 0.751628 0.505376 0.899880 0.995336 0.204646 0.931609 0.483041 0.733671 0.437301 0.815273 0.117106 0.146387 0.716858 0.120979 
0.982055 0.102234 0.898999 0.512531 0.750620 0.610629 0.317739 0.450100 0.035208 0.334683 0.052527 0.962410 0.552594 0.853615 0.822547 0.978741 0.586973 0.230184 0.752907 0.802146 0.105526 0.779718 0.856578 0.061112 0.312614 
0.697559 0.020410 0.806300 0.414178 0.760703 0.496449 0.775314 0.118017 0.010483 0.521257 0.157583 0.544106 0.912012 0.433627 0.954221 0.619980 0.624163 0.839616 0.180062 0.164947 0.926512 0.523104 0.556797 0.039250 0.379257 
0.452198 0.582728 0.173234 0.312890 0.510511 0.975331 0.525038 0.482090 0.723343 0.572236 0.296624 0.610431 0.076807 0.230313 0.614966 0.061529 0.594047 0.157048 0.125270 0.467188 0.130452 0.152943 0.050149 0.252040 0.345637 
0.008109 0.711856 0.808318 0.625108 0.144521 0.724456 0.769121 0.275408 0.774473 0.302348 0.392126 0.423018 0.195013 0.374502 0.062416 0.874696 0.190593 0.762467 0.443725 0.863774 0.922940 0.758032 0.357984 0.730830 0.138587 
0.297587 0.324774 0.919749 0.994202 0.357089 0.143045 0.938992 0.845280 0.775899 0.533829 0.670342 0.229408 0.898869 0.926332 0.999335 0.253610 0.672888 0.460476 0.392981 0.534009 0.746467 0.311895 0.562087 0.875547 0.275363 
0.926111 0.033227 0.173616 0.434281 0.761129 0.708341 0.243853 0.859933 0.007176 0.187001 0.778422 0.917272 0.057958 0.777202 0.820429 0.375645 0.471362 0.599293 0.731448 0.717832 0.047592 0.853004 0.756505 0.453234 0.679504 
0.729981 0.072898 0.872879 0.888025 0.167264 0.308240 0.409240 0.261585 0.931032 0.144723 0.914676 0.707638 0.733356 0.105715 0.734969 0.038023 0.439373 0.242763 0.014146 0.390025 0.606890 0.780482 0.375227 0.119923 0.220083 
0.938052 0.879459 0.179307 0.409104 0.709571 0.043227 0.420345 0.282479 0.156425 0.267336 0.508058 0.203364 0.433628 0.038125 0.492129 0.386853 0.065322 0.244475 0.430031 0.892422 0.653340 0.031718 0.099566 0.900101 0.180153 
0.201103 0.895513 0.091033 0.790727 0.862255 0.617526 0.092221 0.024495 0.895837 0.968645 0.901940 0.074693 0.175614 0.568063 0.139716 0.625155 0.489303 0.494664 0.895430 0.936001 0.954786 0.003617 0.180840 0.657217 0.475688 

-1.721329 -1.947436 -1.488698 -2.048735 -1.156240 -1.748764 -1.529734 -2.033160 -2.859113 -2.020962 -2.293478 -2.106613 -0.561179 -2.609886 -1.087285 -2.192626 -2.208715 -1.255032 -0.192355 -1.740698 -0.409077 -0.815606 -2.438337 -1.936506 -0.635738 
-2.129626 -1.763249 -2.290718 -0.681144 -0.951424 -0.839549 -0.448365 -0.625078 -0.376557 -2.148108 -2.880029 -2.071788 -1.674228 -1.152405 -0.693660 -2.433719 -1.088445 -2.255129 -2.303517 -2.242854 -1.218811 -2.608749 -1.300097 -0.229550 -2.318499 
-1.406081 -0.453321 -0.049271 -2.101696 -0.409443 -1.199032 -0.955227 -2.677507 -1.903624 -2.159471 -1.707034 -1.301420 1.219121 1.143789 0.930748 -1.117846 -1.615641 -1.629023 -1.574799 -1.584726 -2.923564 -3.198940 -0.284107 -1.752198 -1.167386 
-1.358254 -1.787269 -1.618038 -1.240245 -2.201031 1.612891 -0.328020 -1.076540 0.955535 2.013959 1.196061 1.010477 2.548497 3.109128 1.160585 -1.471465 -0.608691 -1.698048 -2.139971 -1.502400 -1.636007 -1.244386 -1.688163 -2.118580 -0.846913 
-0.182577 -1.700356 -1.100791 -1.396609 -1.695932 1.385526 2.173380 1.545168 0.606813 1.477284 0.709461 0.331120 1.339642 0.861161 1.298777 1.207935 -0.510621 -1.686845 -0.905267 -2.582493 -2.333027 -2.051827 -1.074298 -0.969848 -2.613076 
-0.845713 -1.567146 -2.240471 -1.693301 1.846611 0.970210 0.711433 1.383745 0.195334 2.126416 2.453866 -0.682715 1.543826 1.169006 2.850656 0.127387 1.477645 -2.508651 -0.991464 0.075462 -2.356086 -2.596104 -1.028842 -1.227174 -1.146069 
-2.075202 0.409575 -0.010918 0.584192 0.137678 0.926915 1.507947 1.241208 1.207758 0.540387 -0.749652 -0.123051 -0.113348 0.738032 1.080223 2.416601 2.293154 1.230376 -2.662305 -1.140034 0.540534 1.433982 -1.857328 -1.688721 -2.166598 
-2.148283 2.189077 2.223502 2.025863 1.830646 2.499951 1.220863 1.221342 1.348839 -0.129881 0.318115 -0.772642 2.659030 2.292189 1.446503 0.476601 0.377657 -0.267783 -1.149841 -2.315960 -1.391927 1.618305 1.611459 1.521973 -2.057055 
-1.132094 1.117338 2.166278 2.143673 1.511048 1.469316 1.121964 1.499308 -0.280814 -0.518519 -0.507814 -0.785907 -1.250955 1.790547 2.140302 1.784384 0.521865 1.671233 1.280534 1.279115 0.246324 2.299209 1.523683 1.892960 2.028104 
2.292321 1.406299 0.849913 0.348296 1.230866 0.473695 1.522617 0.152736 -1.135949 -0.756893 -1.090057 -0.125716 -0.678797 -0.514151 0.321921 2.085466 1.575052 1.567204 0.886909 1.421410 1.185293 2.258034 0.842405 2.138960 1.175406 
2.659300 2.223351 1.385720 0.864836 1.179200 1.153065 0.162056 1.983496 -0.314394 -0.206940 -0.478342 -0.910503 -0.270321 0.099044 -0.154929 -0.832939 0.452444 1.885849 1.585819 1.370344 0.728167 0.501523 1.237073 1.557606 2.432815 
0.709996 1.300950 1.951146 0.927576 1.986887 1.652143 1.189477 0.370746 2.231248 -0.401605 -0.697621 -0.988216 0.180759 -0.768180 -0.398164 2.332419 0.228378 1.350265 1.365890 1.686990 0.212109 -1.728068 0.748870 0.319654 -1.743890 
0.781646 0.818843 2.281673 2.564858 2.357890 -0.039940 1.584234 1.314836 1.223880 -0.395047 -0.166242 -0.153997 -0.805735 0.154466 -0.358055 -0.100506 -0.484549 -0.845354 -0.048493 0.614453 0.297220 -1.808179 -1.986794 2.454356 -1.421404 
2.885958 2.260031 0.985096 1.421842 0.860547 2.499333 2.244362 1.985447 -0.475878 -1.331153 0.240881 -0.952095 -0.224245 -0.743639 -0.183541 -0.398120 -0.687443 -0.465657 -0.241477 -0.072631 -1.519808 -1.492253 -1.756765 -1.364457 -1.847187 
0.080841 1.219290 1.615463 1.010736 1.454648 0.070123 1.361044 2.229150 2.381303 0.234063 -0.406245 -0.340461 -0.174265 -0.666788 -0.251273 -0.169925 -0.592721 -0.381958 -1.144046 -0.890021 -2.097170 -0.143501 -1.170605 0.015622 -0.820908 
1.111055 1.879366 2.616718 0.827681 0.970949 1.940703 -0.343413 -0.690293 0.296909 -0.792772 -0.583232 -0.930006 -0.597182 0.127666 -0.326898 -0.043192 -0.845923 -1.196434 -1.704469 -1.119328 -2.003201 -0.110478 -0.331872 -1.145305 -0.496568 
2.580484 0.934822 1.332133 1.487160 1.517340 0.469705 -0.631755 -0.825569 -1.131510 -0.924927 -0.852925 -1.089257 -1.118504 -0.882405 -1.502708 -1.902887 -1.421371 -0.438898 -1.892894 -1.275407 -0.299680 -1.630552 -1.535484 -0.242375 -0.482556 
2.211642 0.471103 1.786581 2.360271 2.830281 1.443297 1.948851 -0.260908 0.224982 -0.130451 -1.165127 -0.306600 -0.400393 0.040672 -0.374130 -0.732482 -0.819472 -1.833495 -0.180086 -0.619917 -1.762407 -1.169813 -0.588801 0.044453 -0.453253 
2.479567 1.625639 1.887472 2.023750 1.972567 2.222358 0.640550 -0.692804 -0.245769 -0.246931 -0.636095 0.155522 -0.585982 -0.845171 -0.734212 -0.106302 -1.427988 -0.499335 -0.459551 -0.864784 -0.487649 -0.215535 -0.264660 -0.490083 -0.288553 
1.804917 2.266046 2.080723 1.631343 1.991323 0.793677 1.452826 -0.901307 -0.872049 -0.214851 -0.553696 -0.638712 -0.921913 -0.715749 -0.119183 -1.885387 -0.672480 -1.370729 -0.732519 -1.855970 -1.826463 -1.104684 -0.683141 -1.530316 -0.130727 
0.405876 1.819425 2.935282 2.314002 0.433111 1.384564 -0.702805 -0.017561 -0.038181 -0.641644 -0.366403 -0.316403 -0.371929 -0.039474 -0.842495 -0.426946 -1.694009 -0.739633 -0.724102 -1.012343 -1.367751 -1.058390 -1.280012 -2.006834 -0.275745 
2.264219 -0.148513 1.589319 2.243976 1.997909 1.715544 1.769302 2.710469 -0.268607 0.769282 2.344909 -0.568319 0.070753 -1.535842 -1.735996 -0.559552 -1.167442 -1.253742 -1.170096 -1.241510 -0.324550 -1.856058 -1.639203 -1.097229 -1.272142 
1.961831 0.910789 1.613940 2.051560 0.684553 1.007232 0.400407 1.155451 1.977312 1.981092 1.665367 -0.139056 0.251539 0.141588 -1.252333 -0.046351 -0.816788 -0.451587 -0.372518 -0.537743 -1.489509 -1.776696 -0.373671 -0.254010 -0.759952 
2.046467 1.233608 1.579557 0.612836 1.110692 1.244644 2.298974 1.066461 1.880692 1.023422 1.569580 0.395282 -0.271448 -0.426490 -0.948497 -1.151558 -0.002254 -0.104732 -0.577581 -1.925827 -1.264137 0.047618 -0.350262 -1.669799 -0.167882 
1.120321 2.137756 -0.074753 2.203770 1.669479 2.337515 0.718253 0.568495 1.859370 1.611174 -0.746468 -0.672699 -0.127264 -1.470769 -0.444820 -1.341665 -1.006069 -1.231407 -1.496427 -1.712485 -1.758980 -0.115716 -0.299461 -1.210578 -1.294664 

3 3 3 3 3 3 3 3 3 3 3 3 3 3 3 3 3 3 3 3 3 3 3 3 3 
3 3 3 3 3 3 3 3 3 3 3 3 3 3 3 3 3 3 3 3 3 3 3 3 3 
3 3 3 3 3 3 3 3 3 3 3 3 1 1 1 3 3 3 3 3 3 3 3 3 3 
3 3 3 3 3 1 3 3 1 1 1 1 1 1 1 3 3 3 3 3 3 3 3 3 3 
3 3 3 3 3 1 1 1 1 1 1 1 1 1 1 1 3 3 3 3 3 3 3 3 3 
3 3 3 3 1 1 1 1 1 1 1 4 1 1 1 1 1 3 3 3 3 3 3 3 3 
3 2 2 2 1 1 1 1 1 1 4 4 4 1 1 1 1 1 3 3 1 1 3 3 3 
3 2 2 2 1 1 1 1 1 4 4 4 1 1 1 1 1 3 3 3 3 1 1 1 3 
3 2 2 2 1 1 1 1 4 4 4 4 4 1 1 1 1 1 1 1 1 1 1 1 1 
2 2 2 2 2 1 1 1 4 4 4 4 4 4 1 1 1 1 1 1 1 1 1 1 1 
2 2 2 2 2 1 1 1 4 4 4 4 4 4 4 4 1 1 1 1 1 1 1 1 1 
2 2 2 2 2 2 2 1 1 4 4 4 4 4 4 1 1 1 1 1 1 0 1 1 0 
2 2 2 2 2 2 2 1 1 4 4 4 4 4 4 4 4 4 4 1 1 0 0 1 0 
2 2 2 2 2 2 2 1 4 4 4 4 4 4 4 4 4 4 4 0 0 0 0 0 0 
2 2 2 2 2 1 1 1 1 4 4 4 4 4 4 4 4 0 0 0 0 0 0 0 0 
2 2 2 2 2 2 4 4 4 4 4 4 4 4 4 4 4 0 0 0 0 0 0 0 0 
2 2 2 2 2 2 4 4 4 4 4 4 4 4 0 0 0 0 0 0 0 0 0 0 0 
2 2 2 2 2 2 2 4 4 4 4 4 4 4 4 4 0 0 0 0 0 0 0 0 0 
2 2 2 2 2 2 2 4 4 4 4 4 4 4 4 0 0 0 0 0 0 0 0 0 0 
2 2 2 2 2 2 2 4 4 4 4 4 4 4 4 0 0 0 0 0 0 0 0 0 0 
2 2 2 2 2 2 4 4 4 4 4 4 4 4 4 0 0 0 0 0 0 0 0 0 0 
2 2 2 2 2 2 2 2 4 2 2 4 4 0 0 0 0 0 0 0 0 0 0 0 0 
2 2 2 2 2 2 2 2 2 2 2 4 4 0 0 0 0 0 0 0 0 0 0 0 0 
2 2 2 2 2 2 2 2 2 2 2 2 4 0 0 0 0 0 0 0 0 0 0 0 0 
2 2 2 2 2 2 2 2 2 2 4 4 4 0 0 0 0 0 0 0 0 0 0 0 0 

-2.0 -2.0 -2.0 -2.0 -2.0 -2.0 -2.0 -2.0 -2.0 -2.0 -2.0 -2.0 -2.0 -2.0 -2.0 -2.0 -2.0 -2.0 -2.0 -2.0 -2.0 -2.0 -2.0 -2.0 -2.0 
-2.0 -2.0 -2.0 -2.0 -2.0 -2.0 -2.0 -2.0 -2.0 -2.0 -2.0 -2.0 -2.0 -2.0 -2.0 -2.0 -2.0 -2.0 -2.0 -2.0 -2.0 -2.0 -2.0 -2.0 -2.0 
-2.0 -2.0 -2.0 -2.0 -2.0 -2.0 -2.0 -2.0 -2.0 -2.0 -2.0 -2.0 1.0 1.0 1.0 -2.0 -2.0 -2.0 -2.0 -2.0 -2.0 -2.0 -2.0 -2.0 -2.0 
-2.0 -2.0 -2.0 -2.0 -2.0 1.0 -2.0 -2.0 1.0 1.0 1.0 1.0 1.0 1.0 1.0 -2.0 -2.0 -2.0 -2.0 -2.0 -2.0 -2.0 -2.0 -2.0 -2.0 
-2.0 -2.0 -2.0 -2.0 -2.0 1.0 1.0 1.0 1.0 1.0 1.0 1.0 1.0 1.0 1.0 1.0 -2.0 -2.0 -2.0 -2.0 -2.0 -2.0 -2.0 -2.0 -2.0 
-2.0 -2.0 -2.0 -2.0 1.0 1.0 1.0 1.0 1.0 1.0 1.0 -1.0 1.0 1.0 1.0 1.0 1.0 -2.0 -2.0 -2.0 -2.0 -2.0 -2.0 -2.0 -2.0 
-2.0 2.0 2.0 2.0 1.0 1.0 1.0 1.0 1.0 1.0 -1.0 -1.0 -1.0 1.0 1.0 1.0 1.0 1.0 -2.0 -2.0 1.0 1.0 -2.0 -2.0 -2.0 
-2.0 2.0 2.0 2.0 1.0 1.0 1.0 1.0 1.0 -1.0 -1.0 -1.0 1.0 1.0 1.0 1.0 1.0 -2.0 -2.0 -2.0 -2.0 1.0 1.0 1.0 -2.0 
-2.0 2.0 2.0 2.0 1.0 1.0 1.0 1.0 -1.0 -1.0 -1.0 -1.0 -1.0 1.0 1.0 1.0 1.0 1.0 1.0 1.0 1.0 1.0 1.0 1.0 1.0 
2.0 2.0 2.0 2.0 2.0 1.0 1.0 1.0 -1.0 -1.0 -1.0 -1.0 -1.0 -1.0 1.0 1.0 1.0 1.0 1.0 1.0 1.0 1.0 1.0 1.0 1.0 
2.0 2.0 2.0 2.0 2.0 1.0 1.0 1.0 -1.0 -1.0 -1.0 -1.0 -1.0 -1.0 -1.0 -1.0 1.0 1.0 1.0 1.0 1.0 1.0 1.0 1.0 1.0 
2.0 2.0 2.0 2.0 2.0 2.0 2.0 1.0 1.0 -1.0 -1.0 -1.0 -1.0 -1.0 -1.0 1.0 1.0 1.0 1.0 1.0 1.0 0.0 1.0 1.0 0.0 
2.0 2.0 2.0 2.0 2.0 2.0 2.0 1.0 1.0 -1.0 -1.0 -1.0 -1.0 -1.0 -1.0 -1.0 -1.0 -1.0 -1.0 1.0 1.0 0.0 0.0 1.0 0.0 
2.0 2.0 2.0 2.0 2.0 2.0 2.0 1.0 -1.0 -1.0 -1.0 -1.0 -1.0 -1.0 -1.0 -1.0 -1.0 -1.0 -1.0 0.0 0.0 0.0 0.0 0.0 0.0 
2.0 2.0 2.0 2.0 2.0 1.0 1.0 1.0 1.0 -1.0 -1.0 -1.0 -1.0 -1.0 -1.0 -1.0 -1.0 0.0 0.0 0.0 0.0 0.0 0.0 0.0 0.0 
2.0 2.0 2.0 2.0 2.0 2.0 -1.0 -1.0 -1.0 -1.0 -1.0 -1.0 -1.0 -1.0 -1.0 -1.0 -1.0 0.0 0.0 0.0 0.0 0.0 0.0 0.0 0.0 
2.0 2.0 2.0 2.0 2.0 2.0 -1.0 -1.0 -1.0 -1.0 -1.0 -1.0 -1.0 -1.0 0.0 0.0 0.0 0.0 0.0 0.0 0.0 0.0 0.0 0.0 0.0 
2.0 2.0 2.0 2.0 2.0 2.0 2.0 -1.0 -1.0 -1.0 -1.0 -1.0 -1.0 -1.0 -1.0 -1.0 0.0 0.0 0.0 0.0 0.0 0.0 0.0 0.0 0.0 
2.0 2.0 2.0 2.0 2.0 2.0 2.0 -1.0 -1.0 -1.0 -1.0 -1.0 -1.0 -1.0 -1.0 0.0 0.0 0.0 0.0 0.0 0.0 0.0 0.0 0.0 0.0 
2.0 2.0 2.0 2.0 2.0 2.0 2.0 -1.0 -1.0 -1.0 -1.0 -1.0 -1.0 -1.0 -1.0 0.0 0.0 0.0 0.0 0.0 0.0 0.0 0.0 0.0 0.0 
2.0 2.0 2.0 2.0 2.0 2.0 -1.0 -1.0 -1.0 -1.0 -1.0 -1.0 -1.0 -1.0 -1.0 0.0 0.0 0.0 0.0 0.0 0.0 0.0 0.0 0.0 0.0 
2.0 2.0 2.0 2.0 2.0 2.0 2.0 2.0 -1.0 2.0 2.0 -1.0 -1.0 0.0 0.0 0.0 0.0 0.0 0.0 0.0 0.0 0.0 0.0 0.0 0.0 
2.0 2.0 2.0 2.0 2.0 2.0 2.0 2.0 2.0 2.0 2.0 -1.0 -1.0 0.0 0.0 0.0 0.0 0.0 0.0 0.0 0.0 0.0 0.0 0.0 0.0 
2.0 2.0 2.0 2.0 2.0 2.0 2.0 2.0 2.0 2.0 2.0 2.0 -1.0 0.0 0.0 0.0 0.0 0.0 0.0 0.0 0.0 0.0 0.0 0.0 0.0 
2.0 2.0 2.0 2.0 2.0 2.0 2.0 2.0 2.0 2.0 -1.0 -1.0 -1.0 0.0 0.0 0.0 0.0 0.0 0.0 0.0 0.0 0.0 0.0 0.0 0.0 

-1.0 -1.0 -1.0 -1.0 -1.0 -1.0 -1.0 -1.0 -1.0 -1.0 -1.0 -1.0 -1.0 -1.0 -1.0 -1.0 -1.0 -1.0 -1.0 -1.0 -1.0 -1.0 -1.0 -1.0 -1.0 
-1.0 -1.0 -1.0 -1.0 -1.0 -1.0 -1.0 -1.0 -1.0 -1.0 -1.0 -1.0 -1.0 -1.0 -1.0 -1.0 -1.0 -1.0 -1.0 -1.0 -1.0 -1.0 -1.0 -1.0 -1.0 
-1.0 -1.0 -1.0 -1.0 -1.0 -1.0 -1.0 -1.0 -1.0 -1.0 -1.0 -1.0 2.0 2.0 2.0 -1.0 -1.0 -1.0 -1.0 -1.0 -1.0 -1.0 -1.0 -1.0 -1.0 
-1.0 -1.0 -1.0 -1.0 -1.0 2.0 -1.0 -1.0 2.0 2.0 2.0 2.0 2.0 2.0 2.0 -1.0 -1.0 -1.0 -1.0 -1.0 -1.0 -1.0 -1.0 -1.0 -1.0 
-1.0 -1.0 -1.0 -1.0 -1.0 2.0 2.0 2.0 2.0 2.0 2.0 2.0 2.0 2.0 2.0 2.0 -1.0 -1.0 -1.0 -1.0 -1.0 -1.0 -1.0 -1.0 -1.0 
-1.0 -1.0 -1.0 -1.0 2.0 2.0 2.0 2.0 2.0 2.0 2.0 0.0 2.0 2.0 2.0 2.0 2.0 -1.0 -1.0 -1.0 -1.0 -1.0 -1.0 -1.0 -1.0 
-1.0 1.0 1.0 1.0 2.0 2.0 2.0 2.0 2.0 2.0 0.0 0.0 0.0 2.0 2.0 2.0 2.0 2.0 -1.0 -1.0 2.0 2.0 -1.0 -1.0 -1.0 
-1.0 1.0 1.0 1.0 2.0 2.0 2.0 2.0 2.0 0.0 0.0 0.0 2.0 2.0 2.0 2.0 2.0 -1.0 -1.0 -1.0 -1.0 2.0 2.0 2.0 -1.0 
-1.0 1.0 1.0 1.0 2.0 2.0 2.0 2.0 0.0 0.0 0.0 0.0 0.0 2.0 2.0 2.0 2.0 2.0 2.0 2.0 2.0 2.0 2.0 2.0 2.0 
1.0 1.0 1.0 1.0 1.0 2.0 2.0 2.0 0.0 0.0 0.0 0.0 0.0 0.0 2.0 2.0 2.0 2.0 2.0 2.0 2.0 2.0 2.0 2.0 2.0 
1.0 1.0 1.0 1.0 1.0 2.0 2.0 2.0 0.0 0.0 0.0 0.0 0.0 0.0 0.0 0.0 2.0 2.0 2.0 2.0 2.0 2.0 2.0 2.0 2.0 
1.0 1.0 1.0 1.0 1.0 1.0 1.0 2.0 2.0 0.0 0.0 0.0 0.0 0.0 0.0 2.0 2.0 2.0 2.0 2.0 2.0 -2.0 2.0 2.0 -2.0 
1.0 1.0 1.0 1.0 1.0 1.0 1.0 2.0 2.0 0.0 0.0 0.0 0.0 0.0 0.0 0.0 0.0 0.0 0.0 2.0 2.0 -2.0 -2.0 2.0 -2.0 
1.0 1.0 1.0 1.0 1.0 1.0 1.0 2.0 0.0 0.0 0.0 0.0 0.0 0.0 0.0 0.0 0.0 0.0 0.0 -2.0 -2.0 -2.0 -2.0 -2.0 -2.0 
1.0 1.0 1.0 1.0 1.0 2.0 2.0 2.0 2.0 0.0 0.0 0.0 0.0 0.0 0.0 0.0 0.0 -2.0 -2.0 -2.0 -2.0 -2.0 -2.0 -2.0 -2.0 
1.0 1.0 1.0 1.0 1.0 1.0 0.0 0.0 0.0 0.0 0.0 0.0 0.0 0.0 0.0 0.0 0.0 -2.0 -2.0 -2.0 -2.0 -2.0 -2.0 -2.0 -2.0 
1.0 1.0 1.0 1.0 1.0 1.0 0.0 0.0 0.0 0.0 0.0 0.0 0.0 0.0 -2.0 -2.0 -2.0 -2.0 -2.0 -2.0 -2.0 -2.0 -2.0 -2.0 -2.0 
1.0 1.0 1.0 1.0 1.0 1.0 1.0 0.0 0.0 0.0 0.0 0.0 0.0 0.0 0.0 0.0 -2.0 -2.0 -2.0 -2.0 -2.0 -2.0 -2.0 -2.0 -2.0 
1.0 1.0 1.0 1.0 1.0 1.0 1.0 0.0 0.0 0.0 0.0 0.0 0.0 0.0 0.0 -2.0 -2.0 -2.0 -2.0 -2.0 -2.0 -2.0 -2.0 -2.0 -2.0 
1.0 1.0 1.0 1.0 1.0 1.0 1.0 0.0 0.0 0.0 0.0 0.0 0.0 0.0 0.0 -2.0 -2.0 -2.0 -2.0 -2.0 -2.0 -2.0 -2.0 -2.0 -2.0 
1.0 1.0 1.0 1.0 1.0 1.0 0.0 0.0 0.0 0.0 0.0 0.0 0.0 0.0 0.0 -2.0 -2.0 -2.0 -2.0 -2.0 -2.0 -2.0 -2.0 -2.0 -2.0 
1.0 1.0 1.0 1.0 1.0 1.0 1.0 1.0 0.0 1.0 1.0 0.0 0.0 -2.0 -2.0 -2.0 -2.0 -2.0 -2.0 -2.0 -2.0 -2.0 -2.0 -2.0 -2.0 
1.0 1.0 1.0 1.0 1.0 1.0 1.0 1.0 1.0 1.0 1.0 0.0 0.0 -2.0 -2.0 -2.0 -2.0 -2.0 -2.0 -2.0 -2.0 -2.0 -2.0 -2.0 -2.0 
1.0 1.0 1.0 1.0 1.0 1.0 1.0 1.0 1.0 1.0 1.0 1.0 0.0 -2.0 -2.0 -2.0 -2.0 -2.0 -2.0 -2.0 -2.0 -2.0 -2.0 -2.0 -2.0 
1.0 1.0 1.0 1.0 1.0 1.0 1.0 1.0 1.0 1.0 0.0 0.0 0.0 -2.0 -2.0 -2.0 -2.0 -2.0 -2.0 -2.0 -2.0 -2.0 -2.0 -2.0 -2.0 

