0.561031 0.138037 0.344310 0.675159 0.463610 0.162223 0.885548 0.595183 0.833838 0.074693 0.532970 0.748387 0.461991 0.040699 0.388109 0.109801 0.113566 0.206384 0.668226 0.992784 0.137911 0.116503 0.761541 0.720764 0.371351 
0.181641 0.347171 0.856913 0.566102 0.152493 0.251335 0.842873 0.792621 0.526266 0.555756 0.012683 0.595966 0.722672 0.202168 0.334015 0.758175 0.073659 0.836291 0.245339 0.041657 0.180862 0.476696 0.814312 0.194507 0.459085 
0.244272 0.923971 0.320778 0.571815 0.202959 0.117097 0.207805 0.483430 0.561281 0.388358 0.538439 0.431559 0.974131 0.860220 0.645742 0.695471 0.223729 0.411297 0.598691 0.089009 0.694411 0.490861 0.747286 0.501106 0.621422 
0.782563 0.640505 0.317474 0.224956 0.848986 0.145520 0.410998 0.518268 0.598607 0.633464 0.620594 0.662501 0.888515 0.887932 0.269305 0.977349 0.181885 0.411951 0.419256 0.336790 0.109464 0.713983 0.924999 0.973395 0.159167 
0.914630 0.804442 0.667575 0.970452 0.862990 0.975988 0.796390 0.955396 0.693432 0.040020 0.416507 0.219735 0.207574 0.090285 0.763142 0.102763 0.585818 0.635935 0.471613 0.890385 0.038371 0.942187 0.522920 0.606537 0.101042 
0.413073 0.087573 0.063693 0.216510 0.866159 0.062715 0.248301 0.861123 0.163315 0.398529 0.512363 0.502532 0.963558 0.993890 0.829336 0.669062 0.396723 0.208190 0.084244 0.689674 0.755298 0.432658 0.577923 0.842573 0.612066 
0.749253 0.635394 0.098000 0.962642 0.787976 0.912779 0.708702 0.741519 0.380310 0.755335 0.545441 0.935501 0.904260 0.689671 0.008214 0.175644 0.262393 0.663138 0.055028 0.552377 0.230140 0.126663 0.116133 0.886355 0.064666 
0.230195 0.127902 0.270299 0.508599 0.102215 0.337047 0.918815 0.699848 0.920152 0.977738 0.383262 0.724859 0.478785 0.260894 0.276724 0.252923 0.780101 0.026561 0.488257 0.349012 0.056958 0.605219 0.083423 0.213933 0.637421 
0.352205 0.469801 0.319933 0.334132 0.942671 0.903726 0.385709 0.184703 0.264848 0.388184 0.708983 0.245580 0.687888 0.627052 0.754873 0.540864 0.504232 0.654947 0.140551 0.836804 0.905327 0.070502 0.776110 0.817807 0.188293 
0.394062 0.725085 0.355553 0.383785 0.035706 0.978161 0.408246 0.443038 0.401388 0.364311 0.871561 0.614683 0.160275 0.368802 0.335207 0.690445 0.509396 0.972325 0.327849 0.893496 0.467914 0.725543 0.662673 0.982422 0.601082 
0.956011 0.351020 0.673310 0.887002 0.145072 0.008907 0.239621 0.236423 0.433327 0.162241 0.542125 0.669637 0.926173 0.382749 0.716969 0.242662 0.370454 0.372930 0.104115 0.273068 0.857956 0.468182 0.601157 0.541534 0.676881 
0.158194 0.552155 0.442673 0.999729 0.936815 0.492431 0.551280 0.044796 0.821993 0.975005 0.431516 0.735023 0.129444 0.228714 0.556136 0.256522 0.658403 0.167938 0.564446 0.928410 0.650612 0.385393 0.083167 0.429814 0.781813 
0.410235 0.653354 0.821598 0.642492 0.143819 0.122554 0.088500 0.864539 0.718682 0.773512 0.525530 0.053188 0.425215 0.146355 0.509426 0.963769 0.899402 0.247053 0.257646 0.991905 0.932250 0.088351 0.249288 0.795172 0.196675 
0.725013 0.173358 0.986364 0.678135 0.319568 0.956683 0.461077 0.333048 0.503659 0.739548 0.162664 0.880694 0.193951 0.279070 0.127489 0.184080 0.545167 0.439112 0.114616 0.851509 0.718280 0.898192 0.851050 0.589581 0.150452 
0.594277 0.945886 0.914010 0.763657 0.993960 0.633156 0.438959 0.302155 0.813226 0.302068 0.157435 0.647125 0.365823 0.895710 0.416815 0.967290 0.274945 0.794680 0.199051 0.847520 0.371874 0.122890 0.623080 0.634873 0.544842 
0.088901 0.324303 0.053543 0.094305 0.293553 0.586866 0.090221 0.498559 0.135551 0.030220 0.134710 0.770428 0.056039 0.209967 0.608504 0.640409 0.413161 0.013172 0.979335 0.539585 0.574247 0.818920 0.187322 0.142254 0.995387 
0.471782 0.234482 0.803300 0.665290 0.824137 0.795563 0.640345 0.380197 0.172071 0.793432 0.174482 0.181662 0.610947 0.907768 0.420300 0.614527 0.893912 0.379921 0.398321 0.779441 0.073877 0.306229 0.274522 0.536892 0.566465 
0.262785 0.611129 0.603916 0.350996 0.189170 0.070410 0.268494 0.296268 0.565748 0.557829 0.759522 0.909445 0.989606 0.355566 0.890693 0.889791 0.379910 0.058845 0.122523 0.499193 0.174629 0.344635 0.516684 0.136403 0.121825 
0.216709 0.098190 0.741013 0.271339 0.389216 0.951126 0.315081 0.351091 0.249557 0.781092 0.713963 0.828181 0.937094 0.781687 0.860121 0.063364 0.304581 0.594723 0.014538 0.005821 0.545544 0.693916 0.427248 0.339937 0.517336 
0.078100 0.654844 0.807081 0.331148 0.212844 0.342529 0.085965 0.719935 0.396438 0.040309 0.280572 0.417864 0.559230 0.012943 0.292701 0.354821 0.489136 0.739035 0.010789 0.591410 0.742103 0.152556 0.891075 0.348214 0.783978 
0.427148 0.284057 0.627123 0.528376 0.331025 0.451360 0.675087 0.881977 0.991052 0.085731 0.720185 0.013468 0.897926 0.840465 0.783177 0.007266 0.529695 0.167883 0.378199 0.805464 0.870217 0.929605 0.211800 0.438339 0.911220 
0.159888 0.267521 0.276241 0.881275 0.571724 0.037423 0.218112 0.197453 0.004326 0.381872 0.372325 0.727194 0.373721 0.288648 0.964998 0.610921 0.863826 0.363005 0.084412 0.143433 0.815542 0.410110 0.301156 0.152852 0.867497 
0.511647 0.454898 0.692272 0.004959 0.659099 0.162966 0.095377 0.883987 0.671057 0.119868 0.044980 0.412204 0.554509 0.601126 0.620163 0.519670 0.928516 0.508048 0.695506 0.754598 0.706140 0.090062 0.804480 0.023859 0.155946 
0.396916 0.011598 0.126174 0.658656 0.069679 0.852494 0.987830 0.130707 0.583897 0.698090 0.868293 0.410381 0.267538 0.255906 0.420414 0.382630 0.093091 0.199826 0.025494 0.595897 0.403490 0.891758 0.460041 0.165726 0.119275 
0.294630 0.566740 0.811939 0.509989 0.758591 0.897151 0.787216 0.097690 0.771170 0.894620 0.284034 0.860134 0.589593 0.102793 0.812731 0.441504 0.937051 0.541591 0.317139 0.525183 0.472477 0.571900 0.119240 0.295861 0.414894 

0.356933 0.791435 0.680057 0.273128 0.881878 0.311579 0.242227 0.170053 0.454825 0.994933 0.536691 0.732480 0.385920 0.486297 0.892762 0.005695 0.666564 0.588286 0.024867 0.474218 0.199103 0.852497 0.566868 0.103151 0.322290 
0.879810 0.482434 0.678154 0.538632 0.254049 0.661568 0.214108 0.064364 0.450681 0.331297 0.993285 0.163204 0.959932 0.117010 0.789346 0.373435 0.412913 0.488836 0.352872 0.555610 0.260248 0.948629 0.953406 0.423856 0.644857 
0.373344 0.889256 0.039724 0.339976 0.126598 0.836137 0.462039 0.148869 0.414909 0.982755 0.074105 0.364121 0.389529 0.095295 0.350849 0.655383 0.541479 0.727777 0.585754 0.907300 0.891050 0.532234 0.352155 0.829828 0.355970 
0.546587 0.688994 0.799330 0.681175 0.284135 0.999869 0.070431 0.219536 0.469953 0.391096 0.479788 0.985858 0.189125 0.408515 0.315282 0.229928 0.012765 0.775168 0.337077 0.475643 0.833670 0.348009 0.544197 0.836529 0.813699 
0.284486 0.631231 0.784494 0.300045 0.276395 0.149101 0.124699 0.128703 0.445974 0.926378 0.311542 0.973304 0.115567 0.541344 0.214882 0.886963 0.846437 0.969591 0.132770 0.248869 0.242827 0.561215 0.799087 0.203345 0.156676 
0.109786 0.141149 0.056953 0.339007 0.950412 0.394952 0.109720 0.293781 0.274263 0.463849 0.364091 0.156712 0.151467 0.422094 0.557178 0.579518 0.172390 0.040230 0.792277 0.898689 0.365125 0.505915 0.918519 0.764964 0.686181 
0.120498 0.180571 0.987798 0.120615 0.920096 0.374601 0.266232 0.355930 0.551376 0.779149 0.427929 0.889896 0.463695 0.757291 0.789822 0.248023 0.608604 0.563600 0.879078 0.744498 0.850417 0.876810 0.369453 0.551638 0.076838 
0.167676 0.034563 0.582851 0.319999 0.450893 0.691203 0.557524 0.585685 0.822187 0.435210 0.976936 0.012571 0.916183 0.436728 0.551017 0.116223 0.666154 0.334855 0.849724 0.910998 0.157334 0.486537 0.855703 0.528865 0.062963 
0.053388 0.595866 0.558370 0.167759 0.287924 0.684950 0.249879 0.121060 0.782617 0.765590 0.510308 0.012187 0.840829 0.706526 0.866873 0.888728 0.349376 0.081977 0.776772 0.121870 0.654836 0.859603 0.874687 0.001726 0.534986 
0.767892 0.482847 0.614079 0.840598 0.975205 0.197351 0.174956 0.861619 0.462343 0.093900 0.899238 0.741910 0.792915 0.597596 0.859359 0.377843 0.108602 0.411141 0.617597 0.262160 0.279703 0.848445 0.552870 0.924880 0.476788 
0.624833 0.895747 0.734978 0.328221 0.184491 0.426364 0.002343 0.999575 0.319758 0.936502 0.862381 0.984770 0.623297 0.284358 0.071643 0.914926 0.931189 0.219128 0.765149 0.294563 0.403101 0.721889 0.422418 0.652560 0.111862 
0.744870 0.676592 0.558243 0.010907 0.210676 0.974984 0.789665 0.213317 0.297505 0.675870 0.516371 0.040347 0.346770 0.287446 0.803018 0.069096 0.516597 0.712887 0.666708 0.398248 0.138234 0.837308 0.818675 0.334825 0.568857 
0.840554 0.977918 0.261980 0.254231 0.592256 0.812746 0.155530 0.279042 0.754416 0.381335 0.643642 0.215411 0.990384 0.643006 0.581720 0.776696 0.308673 0.066436 0.259179 0.139943 0.909902 0.560429 0.519802 0.295190 0.598991 
0.095074 0.093329 0.952437 0.226624 0.371979 0.683807 0.841546 0.279640 0.363563 0.770946 0.439640 0.041416 0.820188 0.189081 0.186788 0.064585 0.569130 0.804384 0.796097 0.823597 0.202727 0.216949 0.911683 0.434604 0.836799 
0.045529 0.404059 0.614282 0.484281 0.563406 0.231064 0.851757 0.633367 0.025609 0.841705 0.868126 0.646886 0.863730 0.874082 0.651079 0.967275 0.860936 0.890433 0.906899 0.525080 0.387241 0.567344 0.860597 0.715058 0.546925 
0.354600 0.066037 0.003360 0.035659 0.366046 0.474390 0.638817 0.055216 0.980810 0.237525 0.970924 0.577537 0.000214 0.350961 0.628200 0.225315 0.233237 0.186130 0.074707 0.913096 0.566163 0.173318 0.612908 0.008750 0.916355 
0.005027 0.006041 0.136558 0.372693 0.004451 0.837501 0.363873 0.570495 0.467693 0.558713 0.424949 0.966945 0.755178 0.711014 0.344744 0.578090 0.172320 0.294938 0.581951 0.617393 0.239212 0.482799 0.783795 0.236898 0.550156 
0.578813 0.531262 0.362611 0.814112 0.486720 0.916224 0.871335 0.200707 0.268479 0.243769 0.067122 0.613801 0.293526 0.765646 0.338935 0.603218 0.959052 0.872714 0.752160 0.456976 0.585384 0.450348 0.430527 0.389312 0.321905 
0.543384 0.027029 0.295050 0.051836 0.635271 0.102669 0.997820 0.207827 0.613652 0.761777 0.741686 0.875313 0.050790 0.508113 0.842728 0.619135 0.482876 0.262196 0.530771 0.226418 0.266138 0.809073 0.244794 0.178624 0.783217 
0.304757 0.867222 0.188685 0.454945 0.798312 0.505972 0.951723 0.518508 0.154931 0.572592 0.301914 0.532255 0.821611 0.763823 0.043337 0.097084 0.103678 0.670822 0.077163 0.553059 0.394651 0.903538 0.445052 0.932960 0.908355 
0.905905 0.587102 0.599785 0.705005 0.681077 0.173839 0.816641 0.985512 0.973408 0.212778 0.028604 0.343474 0.100825 0.052852 0.365758 0.546772 0.609471 0.035910 0.172772 0.581691 0.856254 0.529989 0.607441 0.673782 0.111769 
0.699691 0.764549 0.612232 0.160782 0.080777 0.210589 0.818550 0.092999 0.173787 0.701912 0.317229 0.871148 0.552258 0.500638 0.132193 0.791918 0.990306 0.236943 0.785160 0.425091 0.929498 0.502715 0.980118 0.127970 0.401555 
0.660402 0.409507 0.611618 0.069209 0.110229 0.242289 0.394316 0.965951 0.743807 0.313456 0.221065 0.934211 0.184764 0.927625 0.982344 0.220350 0.728751 0.818680 0.452653 0.672480 0.121493 0.743305 0.597646 0.770955 0.905683 
0.323893 0.164207 0.898150 0.492821 0.860196 0.075917 0.542681 0.032644 0.492416 0.488668 0.669304 0.312757 0.304696 0.501064 0.727543 0.531034 0.339203 0.088338 0.577846 0.931956 0.314525 0.318529 0.411738 0.228428 0.525717 
0.724363 0.176330 0.112208 0.291095 0.453304 0.254730 0.015904 0.699187 0.707157 0.051433 0.371151 0.148453 0.294090 0.871078 0.168498 0.144442 0.578846 0.083801 0.944037 0.404221 0.472047 0.263903 0.198990 0.160703 0.863571 

0.669668 1.408178 1.469607 0.669475 1.750895 0.699687 0.471155 0.398701 0.879513 1.990833 1.130744 1.615180 0.738691 0.884138 1.797708 -0.142100 1.292573 1.076014 0.011235 0.978081 0.453243 1.825107 1.161555 0.173800 0.519342 
1.851071 1.087250 1.375446 1.159504 0.514005 1.337278 0.412947 0.256279 0.876776 0.661958 1.907585 0.157926 1.915334 0.140260 1.637386 0.753822 0.801213 1.035248 0.801422 0.988041 0.495382 1.890950 2.116876 0.917183 1.262984 
0.883993 1.854093 0.064359 0.661435 0.224554 1.576028 1.014796 0.379831 0.735698 1.894984 0.234010 0.791107 0.637613 0.330583 0.759960 1.328850 1.130249 1.301906 1.154724 2.070488 1.779200 1.083745 0.677954 1.527281 0.669193 
1.159489 1.438585 1.517073 1.277371 0.580704 1.941994 0.056955 0.357937 0.830863 0.982080 0.714155 1.994401 0.512794 0.721649 0.509234 0.622014 -0.207262 1.592636 0.642798 0.851929 1.582802 0.593744 1.081761 1.702106 1.614222 
0.507488 1.225018 1.531375 0.501841 0.590262 0.349653 -0.006212 0.234183 0.796306 1.866368 0.463324 2.061811 0.201465 0.958876 0.401944 1.820244 1.583895 1.898518 0.390443 0.441348 0.680325 1.251364 1.733129 0.232914 0.238589 
0.725222 0.048168 0.161752 0.144978 0.754883 -0.208702 0.474227 1.347641 0.023680 0.448206 0.716005 0.857305 1.844949 1.523484 1.234911 0.679813 0.633297 0.375323 -0.538590 0.330138 1.038056 0.228937 0.172862 0.974571 0.476326 
1.371961 0.926058 -0.879837 1.859201 0.530164 1.460268 1.276992 1.011648 0.217706 0.760881 0.539477 1.102422 1.340672 0.880044 -0.648535 0.032557 0.042731 0.913022 -0.860744 0.230576 -0.408248 -0.536342 -0.200871 1.186972 0.039251 
0.345334 0.328743 0.241477 0.621559 0.029203 -0.045908 1.364156 0.794009 0.896848 1.598054 -0.321288 1.482740 0.114342 0.097083 -0.108154 0.432612 0.832519 -0.195180 0.344494 -0.360378 0.096667 0.917026 -0.667263 -0.154095 1.175658 
0.661941 0.377876 -0.136047 0.579354 1.605651 1.044497 0.646406 0.206386 -0.330484 0.010678 0.787927 0.542860 0.537555 0.531440 0.649422 0.415189 0.712178 1.241162 -0.452534 1.696117 1.203641 -0.689390 0.796286 1.677721 -0.200287 
0.037544 1.012998 0.145264 -0.138892 -1.120529 1.831809 0.549207 0.048057 0.485593 0.641146 0.856494 0.459055 -0.428015 0.089325 -0.079288 1.019522 1.133481 1.347758 -0.014688 1.547339 0.725438 0.691482 0.863067 1.107191 0.895385 
-1.926640 -0.696886 -1.275303 -1.752367 -0.267985 0.041248 -0.628219 -0.647930 -1.019915 -0.358194 -0.910117 -1.190068 -1.741991 -0.464889 -1.475727 -0.560229 -0.781320 -0.708136 -0.253207 -0.568797 -1.638900 -0.895451 -1.160857 -1.116230 -1.278161 
-0.438123 -1.250210 -0.979295 -2.034103 -1.758699 -0.806917 -1.213289 -0.122924 -1.845356 -2.008065 -0.947434 -1.495474 -0.253346 -0.576573 -1.107801 -0.569255 -1.351512 -0.332739 -1.134990 -1.932719 -1.209248 -0.504185 -0.201794 -0.983058 -1.437190 
-0.921761 -1.338774 -1.689633 -1.400717 -0.299376 -0.274441 -0.214740 -1.588334 -1.497746 -1.526134 -0.796031 -0.107647 -0.766275 -0.030955 -1.112750 -1.722428 -1.771928 -0.510959 -0.525591 -1.898542 -1.799408 -0.258759 -0.686466 -1.437777 -0.394104 
-1.452760 -0.373244 -2.105867 -1.304362 -0.640507 -1.588224 -1.067583 -0.708716 -1.040591 -1.358728 -0.233597 -1.808153 -0.302868 -0.456795 -0.333251 -0.338864 -1.095950 -1.003920 -0.254306 -1.714972 -1.160983 -1.804852 -1.761714 -1.250778 -0.398226 
-1.063860 -1.911468 -1.854597 -1.500870 -2.121147 -1.350684 -1.044336 -0.644955 -1.488183 -0.603091 -0.208937 -1.075849 -0.705180 -1.926913 -0.837746 -1.891386 -0.541826 -1.552169 -0.465835 -1.500361 -0.668824 -0.332207 -1.276114 -1.163838 -1.075848 
-0.526990 0.138753 0.110976 -0.020745 -0.509181 -0.431418 -1.227825 0.366190 -1.759496 -0.463104 -1.900495 -0.485197 0.146732 -0.426796 -0.614330 0.354391 -0.250275 -0.403759 0.745434 -1.366039 -0.540591 0.441306 -0.945971 0.096947 -0.760039 
0.478340 0.074373 0.620448 -0.131690 0.934940 -0.897232 0.225024 -0.682808 -0.705058 -0.315095 -0.657344 -1.714610 -0.885242 -0.546135 -0.339188 -0.535189 0.702926 -0.271084 -0.894408 -0.466144 -0.479722 -0.556009 -1.275273 -0.081358 -0.694383 
-0.804777 -0.585888 -0.242282 -1.225202 -0.741009 -1.668619 -1.533755 -0.048523 0.235542 0.017453 0.566437 -0.219529 0.257028 -1.006430 0.066543 -0.385455 -1.618882 -1.648450 -1.249351 -0.318907 -0.829872 -0.593063 -0.316044 -0.596581 -0.489247 
-0.684717 -0.007291 0.326505 -0.020224 -0.780712 0.804371 -1.714887 -0.089576 -0.829607 -0.687578 -0.582071 -1.078057 0.720997 -0.172987 -0.808784 -1.156667 -0.575036 0.236549 -1.111750 -0.583495 0.044672 -0.761756 -0.147934 -0.088546 -0.886982 
-0.266160 -1.110129 0.361796 -0.578206 -1.298322 -0.729878 -1.841923 -0.333148 0.228832 -1.013443 -0.359711 -0.674084 -1.205016 -1.559759 0.217672 0.130721 0.372200 -0.569231 -0.075838 -0.448698 -0.103296 -1.606975 0.001350 -1.423416 -0.964702 
0.367217 0.264038 -0.009143 0.356475 0.418567 -0.218601 0.025308 0.100038 -0.056916 0.044362 -0.625931 0.224694 -0.885325 -0.933255 -0.283295 0.489950 0.150292 -0.248263 -0.108566 -0.109142 -0.026539 -0.373102 0.395303 0.230089 -0.746368 
0.452961 0.505960 0.288202 -0.695846 -0.627386 0.118096 0.642790 -0.140601 0.114933 0.244502 -0.114528 0.348142 -0.041484 0.264596 -0.894327 0.246356 0.223594 -0.372836 0.761022 0.394532 0.025227 0.163890 0.535157 -0.030978 -0.269422 
0.140758 0.053573 -0.074581 0.020967 -0.622475 0.103619 0.259913 0.057835 0.206468 0.232078 0.302728 0.579624 -0.385806 0.291292 0.283772 -0.208412 -0.217311 0.329370 -0.261331 -0.157922 -0.521539 0.581789 -0.349934 0.861808 0.641122 
-0.002390 0.211698 0.933054 -0.096027 0.573347 -0.922246 -0.384108 -0.203314 -0.309977 -0.176677 -0.191383 0.027367 0.078446 0.292462 0.333870 -0.027164 0.186695 0.037608 0.346303 0.622543 -0.047933 -0.669123 0.056000 0.050000 0.441465 
0.528989 -0.406918 -0.581413 -0.216029 -0.151163 -0.614595 -0.686882 0.502793 -0.064334 -0.921173 -0.136737 -0.495327 -0.392940 0.696850 -0.669326 -0.156167 -0.408700 -0.438100 0.508977 -0.088888 -0.084482 -0.348178 -0.061330 -0.302252 0.304323 

0 0 0 0 0 0 0 0 0 0 0 0 0 0 0 0 0 0 0 0 0 0 0 0 0 
0 0 0 0 0 0 0 0 0 0 0 0 0 0 0 0 0 0 0 0 0 0 0 0 0 
0 0 0 0 0 0 0 0 0 0 0 0 0 0 0 0 0 0 0 0 0 0 0 0 0 
0 0 0 0 0 0 0 0 0 0 0 0 0 0 0 0 0 0 0 0 0 0 0 0 0 
0 0 0 0 0 0 0 0 0 0 0 0 0 0 0 0 0 0 0 0 0 0 0 0 0 
1 1 1 1 1 1 1 1 1 1 1 1 1 1 1 1 1 1 1 1 1 1 1 1 1 
1 1 1 1 1 1 1 1 1 1 1 1 1 1 1 1 1 1 1 1 1 1 1 1 1 
1 1 1 1 1 1 1 1 1 1 1 1 1 1 1 1 1 1 1 1 1 1 1 1 1 
1 1 1 1 1 1 1 1 1 1 1 1 1 1 1 1 1 1 1 1 1 1 1 1 1 
1 1 1 1 1 1 1 1 1 1 1 1 1 1 1 1 1 1 1 1 1 1 1 1 1 
2 2 2 2 2 2 2 2 2 2 2 2 2 2 2 2 2 2 2 2 2 2 2 2 2 
2 2 2 2 2 2 2 2 2 2 2 2 2 2 2 2 2 2 2 2 2 2 2 2 2 
2 2 2 2 2 2 2 2 2 2 2 2 2 2 2 2 2 2 2 2 2 2 2 2 2 
2 2 2 2 2 2 2 2 2 2 2 2 2 2 2 2 2 2 2 2 2 2 2 2 2 
2 2 2 2 2 2 2 2 2 2 2 2 2 2 2 2 2 2 2 2 2 2 2 2 2 
3 3 3 3 3 3 3 3 3 3 3 3 3 3 3 3 3 3 3 3 3 3 3 3 3 
3 3 3 3 3 3 3 3 3 3 3 3 3 3 3 3 3 3 3 3 3 3 3 3 3 
3 3 3 3 3 3 3 3 3 3 3 3 3 3 3 3 3 3 3 3 3 3 3 3 3 
3 3 3 3 3 3 3 3 3 3 3 3 3 3 3 3 3 3 3 3 3 3 3 3 3 
3 3 3 3 3 3 3 3 3 3 3 3 3 3 3 3 3 3 3 3 3 3 3 3 3 
4 4 4 4 4 4 4 4 4 4 4 4 4 4 4 4 4 4 4 4 4 4 4 4 4 
4 4 4 4 4 4 4 4 4 4 4 4 4 4 4 4 4 4 4 4 4 4 4 4 4 
4 4 4 4 4 4 4 4 4 4 4 4 4 4 4 4 4 4 4 4 4 4 4 4 4 
4 4 4 4 4 4 4 4 4 4 4 4 4 4 4 4 4 4 4 4 4 4 4 4 4 
4 4 4 4 4 4 4 4 4 4 4 4 4 4 4 4 4 4 4 4 4 4 4 4 4 

0.0 0.0 0.0 0.0 0.0 0.0 0.0 0.0 0.0 0.0 0.0 0.0 0.0 0.0 0.0 0.0 0.0 0.0 0.0 0.0 0.0 0.0 0.0 0.0 0.0 
0.0 0.0 0.0 0.0 0.0 0.0 0.0 0.0 0.0 0.0 0.0 0.0 0.0 0.0 0.0 0.0 0.0 0.0 0.0 0.0 0.0 0.0 0.0 0.0 0.0 
0.0 0.0 0.0 0.0 0.0 0.0 0.0 0.0 0.0 0.0 0.0 0.0 0.0 0.0 0.0 0.0 0.0 0.0 0.0 0.0 0.0 0.0 0.0 0.0 0.0 
0.0 0.0 0.0 0.0 0.0 0.0 0.0 0.0 0.0 0.0 0.0 0.0 0.0 0.0 0.0 0.0 0.0 0.0 0.0 0.0 0.0 0.0 0.0 0.0 0.0 
0.0 0.0 0.0 0.0 0.0 0.0 0.0 0.0 0.0 0.0 0.0 0.0 0.0 0.0 0.0 0.0 0.0 0.0 0.0 0.0 0.0 0.0 0.0 0.0 0.0 
2.0 2.0 2.0 2.0 2.0 2.0 2.0 2.0 2.0 2.0 2.0 2.0 2.0 2.0 2.0 2.0 2.0 2.0 2.0 2.0 2.0 2.0 2.0 2.0 2.0 
2.0 2.0 2.0 2.0 2.0 2.0 2.0 2.0 2.0 2.0 2.0 2.0 2.0 2.0 2.0 2.0 2.0 2.0 2.0 2.0 2.0 2.0 2.0 2.0 2.0 
2.0 2.0 2.0 2.0 2.0 2.0 2.0 2.0 2.0 2.0 2.0 2.0 2.0 2.0 2.0 2.0 2.0 2.0 2.0 2.0 2.0 2.0 2.0 2.0 2.0 
2.0 2.0 2.0 2.0 2.0 2.0 2.0 2.0 2.0 2.0 2.0 2.0 2.0 2.0 2.0 2.0 2.0 2.0 2.0 2.0 2.0 2.0 2.0 2.0 2.0 
2.0 2.0 2.0 2.0 2.0 2.0 2.0 2.0 2.0 2.0 2.0 2.0 2.0 2.0 2.0 2.0 2.0 2.0 2.0 2.0 2.0 2.0 2.0 2.0 2.0 
-2.0 -2.0 -2.0 -2.0 -2.0 -2.0 -2.0 -2.0 -2.0 -2.0 -2.0 -2.0 -2.0 -2.0 -2.0 -2.0 -2.0 -2.0 -2.0 -2.0 -2.0 -2.0 -2.0 -2.0 -2.0 
-2.0 -2.0 -2.0 -2.0 -2.0 -2.0 -2.0 -2.0 -2.0 -2.0 -2.0 -2.0 -2.0 -2.0 -2.0 -2.0 -2.0 -2.0 -2.0 -2.0 -2.0 -2.0 -2.0 -2.0 -2.0 
-2.0 -2.0 -2.0 -2.0 -2.0 -2.0 -2.0 -2.0 -2.0 -2.0 -2.0 -2.0 -2.0 -2.0 -2.0 -2.0 -2.0 -2.0 -2.0 -2.0 -2.0 -2.0 -2.0 -2.0 -2.0 
-2.0 -2.0 -2.0 -2.0 -2.0 -2.0 -2.0 -2.0 -2.0 -2.0 -2.0 -2.0 -2.0 -2.0 -2.0 -2.0 -2.0 -2.0 -2.0 -2.0 -2.0 -2.0 -2.0 -2.0 -2.0 
-2.0 -2.0 -2.0 -2.0 -2.0 -2.0 -2.0 -2.0 -2.0 -2.0 -2.0 -2.0 -2.0 -2.0 -2.0 -2.0 -2.0 -2.0 -2.0 -2.0 -2.0 -2.0 -2.0 -2.0 -2.0 
1.0 1.0 1.0 1.0 1.0 1.0 1.0 1.0 1.0 1.0 1.0 1.0 1.0 1.0 1.0 1.0 1.0 1.0 1.0 1.0 1.0 1.0 1.0 1.0 1.0 
1.0 1.0 1.0 1.0 1.0 1.0 1.0 1.0 1.0 1.0 1.0 1.0 1.0 1.0 1.0 1.0 1.0 1.0 1.0 1.0 1.0 1.0 1.0 1.0 1.0 
1.0 1.0 1.0 1.0 1.0 1.0 1.0 1.0 1.0 1.0 1.0 1.0 1.0 1.0 1.0 1.0 1.0 1.0 1.0 1.0 1.0 1.0 1.0 1.0 1.0 
1.0 1.0 1.0 1.0 1.0 1.0 1.0 1.0 1.0 1.0 1.0 1.0 1.0 1.0 1.0 1.0 1.0 1.0 1.0 1.0 1.0 1.0 1.0 1.0 1.0 
1.0 1.0 1.0 1.0 1.0 1.0 1.0 1.0 1.0 1.0 1.0 1.0 1.0 1.0 1.0 1.0 1.0 1.0 1.0 1.0 1.0 1.0 1.0 1.0 1.0 
-1.0 -1.0 -1.0 -1.0 -1.0 -1.0 -1.0 -1.0 -1.0 -1.0 -1.0 -1.0 -1.0 -1.0 -1.0 -1.0 -1.0 -1.0 -1.0 -1.0 -1.0 -1.0 -1.0 -1.0 -1.0 
-1.0 -1.0 -1.0 -1.0 -1.0 -1.0 -1.0 -1.0 -1.0 -1.0 -1.0 -1.0 -1.0 -1.0 -1.0 -1.0 -1.0 -1.0 -1.0 -1.0 -1.0 -1.0 -1.0 -1.0 -1.0 
-1.0 -1.0 -1.0 -1.0 -1.0 -1.0 -1.0 -1.0 -1.0 -1.0 -1.0 -1.0 -1.0 -1.0 -1.0 -1.0 -1.0 -1.0 -1.0 -1.0 -1.0 -1.0 -1.0 -1.0 -1.0 
-1.0 -1.0 -1.0 -1.0 -1.0 -1.0 -1.0 -1.0 -1.0 -1.0 -1.0 -1.0 -1.0 -1.0 -1.0 -1.0 -1.0 -1.0 -1.0 -1.0 -1.0 -1.0 -1.0 -1.0 -1.0 
-1.0 -1.0 -1.0 -1.0 -1.0 -1.0 -1.0 -1.0 -1.0 -1.0 -1.0 -1.0 -1.0 -1.0 -1.0 -1.0 -1.0 -1.0 -1.0 -1.0 -1.0 -1.0 -1.0 -1.0 -1.0 

2.0 2.0 2.0 2.0 2.0 2.0 2.0 2.0 2.0 2.0 2.0 2.0 2.0 2.0 2.0 2.0 2.0 2.0 2.0 2.0 2.0 2.0 2.0 2.0 2.0 
2.0 2.0 2.0 2.0 2.0 2.0 2.0 2.0 2.0 2.0 2.0 2.0 2.0 2.0 2.0 2.0 2.0 2.0 2.0 2.0 2.0 2.0 2.0 2.0 2.0 
2.0 2.0 2.0 2.0 2.0 2.0 2.0 2.0 2.0 2.0 2.0 2.0 2.0 2.0 2.0 2.0 2.0 2.0 2.0 2.0 2.0 2.0 2.0 2.0 2.0 
2.0 2.0 2.0 2.0 2.0 2.0 2.0 2.0 2.0 2.0 2.0 2.0 2.0 2.0 2.0 2.0 2.0 2.0 2.0 2.0 2.0 2.0 2.0 2.0 2.0 
2.0 2.0 2.0 2.0 2.0 2.0 2.0 2.0 2.0 2.0 2.0 2.0 2.0 2.0 2.0 2.0 2.0 2.0 2.0 2.0 2.0 2.0 2.0 2.0 2.0 
-1.0 -1.0 -1.0 -1.0 -1.0 -1.0 -1.0 -1.0 -1.0 -1.0 -1.0 -1.0 -1.0 -1.0 -1.0 -1.0 -1.0 -1.0 -1.0 -1.0 -1.0 -1.0 -1.0 -1.0 -1.0 
-1.0 -1.0 -1.0 -1.0 -1.0 -1.0 -1.0 -1.0 -1.0 -1.0 -1.0 -1.0 -1.0 -1.0 -1.0 -1.0 -1.0 -1.0 -1.0 -1.0 -1.0 -1.0 -1.0 -1.0 -1.0 
-1.0 -1.0 -1.0 -1.0 -1.0 -1.0 -1.0 -1.0 -1.0 -1.0 -1.0 -1.0 -1.0 -1.0 -1.0 -1.0 -1.0 -1.0 -1.0 -1.0 -1.0 -1.0 -1.0 -1.0 -1.0 
-1.0 -1.0 -1.0 -1.0 -1.0 -1.0 -1.0 -1.0 -1.0 -1.0 -1.0 -1.0 -1.0 -1.0 -1.0 -1.0 -1.0 -1.0 -1.0 -1.0 -1.0 -1.0 -1.0 -1.0 -1.0 
-1.0 -1.0 -1.0 -1.0 -1.0 -1.0 -1.0 -1.0 -1.0 -1.0 -1.0 -1.0 -1.0 -1.0 -1.0 -1.0 -1.0 -1.0 -1.0 -1.0 -1.0 -1.0 -1.0 -1.0 -1.0 
0.0 0.0 0.0 0.0 0.0 0.0 0.0 0.0 0.0 0.0 0.0 0.0 0.0 0.0 0.0 0.0 0.0 0.0 0.0 0.0 0.0 0.0 0.0 0.0 0.0 
0.0 0.0 0.0 0.0 0.0 0.0 0.0 0.0 0.0 0.0 0.0 0.0 0.0 0.0 0.0 0.0 0.0 0.0 0.0 0.0 0.0 0.0 0.0 0.0 0.0 
0.0 0.0 0.0 0.0 0.0 0.0 0.0 0.0 0.0 0.0 0.0 0.0 0.0 0.0 0.0 0.0 0.0 0.0 0.0 0.0 0.0 0.0 0.0 0.0 0.0 
0.0 0.0 0.0 0.0 0.0 0.0 0.0 0.0 0.0 0.0 0.0 0.0 0.0 0.0 0.0 0.0 0.0 0.0 0.0 0.0 0.0 0.0 0.0 0.0 0.0 
0.0 0.0 0.0 0.0 0.0 0.0 0.0 0.0 0.0 0.0 0.0 0.0 0.0 0.0 0.0 0.0 0.0 0.0 0.0 0.0 0.0 0.0 0.0 0.0 0.0 
-2.0 -2.0 -2.0 -2.0 -2.0 -2.0 -2.0 -2.0 -2.0 -2.0 -2.0 -2.0 -2.0 -2.0 -2.0 -2.0 -2.0 -2.0 -2.0 -2.0 -2.0 -2.0 -2.0 -2.0 -2.0 
-2.0 -2.0 -2.0 -2.0 -2.0 -2.0 -2.0 -2.0 -2.0 -2.0 -2.0 -2.0 -2.0 -2.0 -2.0 -2.0 -2.0 -2.0 -2.0 -2.0 -2.0 -2.0 -2.0 -2.0 -2.0 
-2.0 -2.0 -2.0 -2.0 -2.0 -2.0 -2.0 -2.0 -2.0 -2.0 -2.0 -2.0 -2.0 -2.0 -2.0 -2.0 -2.0 -2.0 -2.0 -2.0 -2.0 -2.0 -2.0 -2.0 -2.0 
-2.0 -2.0 -2.0 -2.0 -2.0 -2.0 -2.0 -2.0 -2.0 -2.0 -2.0 -2.0 -2.0 -2.0 -2.0 -2.0 -2.0 -2.0 -2.0 -2.0 -2.0 -2.0 -2.0 -2.0 -2.0 
-2.0 -2.0 -2.0 -2.0 -2.0 -2.0 -2.0 -2.0 -2.0 -2.0 -2.0 -2.0 -2.0 -2.0 -2.0 -2.0 -2.0 -2.0 -2.0 -2.0 -2.0 -2.0 -2.0 -2.0 -2.0 
1.0 1.0 1.0 1.0 1.0 1.0 1.0 1.0 1.0 1.0 1.0 1.0 1.0 1.0 1.0 1.0 1.0 1.0 1.0 1.0 1.0 1.0 1.0 1.0 1.0 
1.0 1.0 1.0 1.0 1.0 1.0 1.0 1.0 1.0 1.0 1.0 1.0 1.0 1.0 1.0 1.0 1.0 1.0 1.0 1.0 1.0 1.0 1.0 1.0 1.0 
1.0 1.0 1.0 1.0 1.0 1.0 1.0 1.0 1.0 1.0 1.0 1.0 1.0 1.0 1.0 1.0 1.0 1.0 1.0 1.0 1.0 1.0 1.0 1.0 1.0 
1.0 1.0 1.0 1.0 1.0 1.0 1.0 1.0 1.0 1.0 1.0 1.0 1.0 1.0 1.0 1.0 1.0 1.0 1.0 1.0 1.0 1.0 1.0 1.0 1.0 
1.0 1.0 1.0 1.0 1.0 1.0 1.0 1.0 1.0 1.0 1.0 1.0 1.0 1.0 1.0 1.0 1.0 1.0 1.0 1.0 1.0 1.0 1.0 1.0 1.0 

