0.273883 0.963061 0.737121 0.183008 0.832428 0.939837 0.794413 0.099539 0.012305 0.880913 0.913500 0.250278 0.645179 0.203297 0.015853 0.124602 0.868714 0.593119 0.811627 0.452772 0.496365 0.504879 0.480696 0.385384 0.246700 
0.165770 0.637250 0.172271 0.663715 0.986339 0.588437 0.897073 0.347811 0.448855 0.585548 0.466749 0.858845 0.212133 0.477950 0.652843 0.131658 0.278394 0.632959 0.265193 0.629297 0.733589 0.109068 0.030826 0.151410 0.801602 
0.752370 0.316733 0.233646 0.503837 0.307065 0.222209 0.751586 0.746987 0.214079 0.373379 0.509977 0.617731 0.571405 0.563421 0.900594 0.662925 0.286064 0.893015 0.990053 0.127113 0.804459 0.707609 0.989204 0.884366 0.355869 
0.101651 0.313765 0.253765 0.981344 0.545870 0.486315 0.090580 0.979899 0.942053 0.992752 0.368614 0.996072 0.236220 0.783355 0.827305 0.454104 0.981960 0.287931 0.534013 0.614467 0.388721 0.547524 0.968825 0.693754 0.061350 
0.425033 0.348876 0.084222 0.293397 0.687826 0.037042 0.774230 0.032111 0.494117 0.154639 0.899141 0.823232 0.459350 0.303454 0.091384 0.756204 0.345016 0.482910 0.342066 0.012762 0.696110 0.716154 0.307156 0.360862 0.189079 
0.533227 0.334198 0.770472 0.045537 0.630878 0.911384 0.910027 0.569576 0.088139 0.077714 0.699049 0.035786 0.710296 0.135089 0.639529 0.818619 0.102207 0.816947 0.139347 0.254722 0.336767 0.890947 0.605780 0.024687 0.687521 
0.877100 0.372755 0.439844 0.324648 0.227545 0.545893 0.630070 0.833273 0.794077 0.364368 0.494854 0.671687 0.813970 0.067941 0.525092 0.597910 0.394594 0.914717 0.219884 0.501547 0.667112 0.273070 0.739205 0.810659 0.767995 
0.125454 0.517520 0.975054 0.097552 0.031981 0.992008 0.988667 0.049758 0.171217 0.016281 0.358425 0.342298 0.680677 0.522349 0.541951 0.993346 0.217190 0.814512 0.372511 0.427348 0.458129 0.529018 0.051706 0.769210 0.203986 
0.871749 0.124401 0.606542 0.463131 0.985122 0.830884 0.639682 0.448465 0.064032 0.953414 0.651007 0.000300 0.100930 0.228399 0.372325 0.054735 0.489653 0.236260 0.881313 0.175591 0.246089 0.950467 0.660777 0.906024 0.756040 
0.830470 0.432662 0.838049 0.043395 0.054222 0.245606 0.725850 0.279271 0.990978 0.754796 0.750155 0.458057 0.829769 0.987544 0.786394 0.430458 0.815553 0.622167 0.376698 0.438396 0.112073 0.846871 0.290305 0.876329 0.937123 
0.047658 0.864411 0.967005 0.601373 0.315999 0.172656 0.146301 0.099750 0.345126 0.692742 0.925324 0.451526 0.722315 0.794912 0.899167 0.506193 0.325977 0.084243 0.320627 0.391863 0.692956 0.777871 0.629984 0.023098 0.429482 
0.625577 0.580034 0.258988 0.558777 0.673127 0.674931 0.879043 0.056870 0.853607 0.843749 0.451922 0.168067 0.930701 0.581232 0.813402 0.567160 0.341836 0.957649 0.976489 0.092201 0.641006 0.229342 0.191023 0.057403 0.105347 
0.761690 0.283509 0.999927 0.501028 0.914620 0.585124 0.066020 0.679372 0.002869 0.047370 0.586452 0.862293 0.824946 0.627561 0.048251 0.075808 0.172123 0.709509 0.265149 0.064395 0.548649 0.560904 0.856689 0.984551 0.179811 
0.693804 0.974405 0.602651 0.642973 0.843092 0.472939 0.285436 0.218116 0.162383 0.429630 0.044529 0.095272 0.127572 0.071625 0.982048 0.786875 0.239577 0.596867 0.641289 0.774447 0.235834 0.026627 0.055115 0.603156 0.194457 
0.141960 0.428002 0.222404 0.899531 0.992295 0.388212 0.464122 0.373126 0.884847 0.225768 0.390321 0.583464 0.252019 0.773603 0.675988 0.398226 0.947586 0.285052 0.436944 0.129220 0.118265 0.282945 0.537857 0.632103 0.731730 
0.484886 0.369140 0.246258 0.218789 0.168182 0.732026 0.600702 0.324747 0.743407 0.117329 0.410650 0.269001 0.812934 0.839706 0.408572 0.650713 0.433039 0.099321 0.729413 0.272833 0.318341 0.034574 0.514596 0.680254 0.881243 
0.254143 0.755814 0.778540 0.937287 0.015308 0.747528 0.549848 0.936549 0.338240 0.176403 0.938742 0.878639 0.851438 0.420322 0.599540 0.606681 0.544159 0.502423 0.903973 0.165411 0.301558 0.614662 0.623724 0.104189 0.379598 
0.707921 0.542329 0.240712 0.250248 0.276404 0.555446 0.165486 0.903090 0.351994 0.644994 0.189479 0.979544 0.533310 0.793758 0.748227 0.958583 0.794742 0.802478 0.933081 0.605174 0.003280 0.928524 0.538675 0.947567 0.043103 
0.936896 0.875739 0.375799 0.316306 0.442470 0.844272 0.853244 0.535541 0.019446 0.962198 0.138189 0.018015 0.749282 0.787275 0.878285 0.818833 0.841316 0.646555 0.632255 0.986297 0.305272 0.371700 0.679985 0.716909 0.176958 
0.979764 0.523243 0.209497 0.337914 0.186798 0.330738 0.227987 0.780977 0.522330 0.688392 0.456227 0.602951 0.578347 0.775408 0.516234 0.154383 0.836404 0.272386 0.681095 0.782131 0.941040 0.701019 0.019228 0.575962 0.800901 
0.654924 0.837418 0.678492 0.734050 0.491292 0.511402 0.302078 0.343510 0.785432 0.642001 0.921519 0.689960 0.891461 0.081652 0.363769 0.865707 0.019000 0.764932 0.189593 0.842356 0.119637 0.980554 0.699262 0.964889 0.705637 
0.263740 0.490054 0.083368 0.415299 0.475179 0.160709 0.422935 0.272648 0.841187 0.992892 0.578847 0.826677 0.887933 0.551489 0.016717 0.720013 0.957005 0.507875 0.318837 0.429834 0.994551 0.655901 0.002102 0.709104 0.938520 
0.222328 0.728743 0.472628 0.312196 0.480209 0.605068 0.069010 0.000358 0.504687 0.938008 0.837570 0.099889 0.433659 0.805495 0.329510 0.298476 0.774019 0.631248 0.388753 0.761682 0.365225 0.351511 0.654163 0.023838 0.039800 
0.869425 0.145997 0.488814 0.376147 0.199182 0.988594 0.861863 0.865830 0.051968 0.357129 0.949008 0.562692 0.833405 0.349536 0.028188 0.711156 0.783500 0.910069 0.076414 0.495870 0.181083 0.408359 0.989503 0.767993 0.940265 
0.233703 0.114228 0.990321 0.396770 0.661534 0.519077 0.443728 0.480642 0.959385 0.963285 0.048672 0.566981 0.441367 0.737012 0.049238 0.556919 0.864497 0.417143 0.121354 0.712463 0.420945 0.069886 0.740693 0.962929 0.544307 

0.058740 0.547769 0.740740 0.669614 0.523096 0.894958 0.472719 0.435020 0.843597 0.760880 0.782767 0.415346 0.139077 0.129127 0.398791 0.620631 0.529323 0.289252 0.456352 0.720530 0.002790 0.771734 0.667796 0.850704 0.614448 
0.865378 0.656020 0.755363 0.011634 0.046881 0.273850 0.621988 0.702223 0.520306 0.044778 0.872940 0.498205 0.971352 0.923614 0.422982 0.378544 0.203517 0.251828 0.458410 0.777692 0.151148 0.424112 0.673396 0.868872 0.484796 
0.106513 0.818125 0.893561 0.852778 0.776187 0.611283 0.815250 0.899816 0.602407 0.065541 0.284184 0.881905 0.897541 0.940202 0.093645 0.037763 0.844520 0.653876 0.412187 0.461877 0.554942 0.879732 0.922954 0.472161 0.589052 
0.532399 0.391586 0.079752 0.736386 0.687923 0.522265 0.193496 0.425819 0.690552 0.786275 0.812813 0.224693 0.620379 0.219313 0.569259 0.896053 0.555397 0.237388 0.057058 0.676034 0.526184 0.467329 0.829178 0.020770 0.897099 
0.827083 0.724395 0.476656 0.820225 0.772387 0.646243 0.130279 0.191684 0.258641 0.909193 0.383502 0.037015 0.496229 0.413415 0.256612 0.018308 0.542497 0.148994 0.221874 0.327069 0.111322 0.850180 0.257896 0.212866 0.072771 
0.517718 0.818081 0.382741 0.776453 0.346967 0.361740 0.785053 0.548825 0.181967 0.766966 0.251916 0.230150 0.994839 0.330483 0.362064 0.657439 0.147360 0.181017 0.664372 0.245109 0.979265 0.326545 0.564058 0.963762 0.620425 
0.379443 0.280589 0.594532 0.462934 0.572308 0.876150 0.942597 0.315922 0.821991 0.617361 0.824420 0.807186 0.188225 0.712652 0.514189 0.658097 0.721603 0.769674 0.214329 0.782757 0.645095 0.918614 0.056795 0.851964 0.694642 
0.987150 0.448192 0.365973 0.896512 0.152156 0.654209 0.041652 0.838916 0.654040 0.235064 0.655199 0.116918 0.656125 0.872676 0.286884 0.117683 0.172891 0.168030 0.104183 0.327640 0.670366 0.426311 0.196198 0.620594 0.285484 
0.724770 0.626449 0.727873 0.899273 0.689864 0.308413 0.057933 0.058072 0.531120 0.008896 0.838384 0.911384 0.793611 0.655639 0.593756 0.120716 0.281479 0.065189 0.951156 0.859768 0.049436 0.515004 0.715588 0.799632 0.398580 
0.672096 0.375133 0.288035 0.017997 0.727411 0.412826 0.219200 0.643323 0.969972 0.366646 0.009697 0.090920 0.838224 0.553201 0.528252 0.448701 0.654199 0.224202 0.380459 0.834911 0.222078 0.451706 0.700247 0.897009 0.552627 
0.709714 0.094439 0.822550 0.114676 0.441019 0.248300 0.249679 0.771385 0.794726 0.886776 0.625373 0.305627 0.733774 0.788800 0.001268 0.669289 0.018736 0.718486 0.525557 0.641803 0.645234 0.858643 0.302795 0.116765 0.104259 
0.661906 0.235172 0.423920 0.795929 0.787715 0.349898 0.508372 0.364559 0.132083 0.007921 0.573224 0.065847 0.975653 0.048469 0.508380 0.744310 0.697299 0.462986 0.557822 0.449297 0.588660 0.173528 0.965221 0.434461 0.455025 
0.483922 0.543609 0.737922 0.355791 0.559221 0.108026 0.825704 0.810099 0.255589 0.906952 0.980169 0.604404 0.805113 0.781709 0.164664 0.403182 0.056781 0.615972 0.360499 0.954181 0.138946 0.647885 0.343965 0.290713 0.765771 
0.354820 0.351409 0.995912 0.374538 0.270729 0.893032 0.002113 0.324294 0.431257 0.211969 0.698755 0.745573 0.326914 0.454612 0.884413 0.240283 0.303548 0.404428 0.414579 0.064411 0.260011 0.386688 0.676854 0.778135 0.571651 
0.963335 0.417394 0.564007 0.106484 0.394598 0.724918 0.562163 0.788210 0.001215 0.880062 0.755011 0.709855 0.574960 0.125882 0.472769 0.813622 0.717577 0.620537 0.407796 0.895659 0.349218 0.437615 0.529190 0.787790 0.463694 
0.612761 0.991214 0.349954 0.372427 0.884999 0.354884 0.423372 0.559479 0.007117 0.509176 0.689483 0.086018 0.739149 0.059564 0.869081 0.737781 0.964414 0.219081 0.914908 0.014928 0.025585 0.500788 0.785455 0.010969 0.425996 
0.362844 0.125294 0.261853 0.968884 0.368489 0.160984 0.537178 0.470319 0.065024 0.875365 0.393769 0.768459 0.827210 0.354551 0.799789 0.574110 0.268114 0.350294 0.621948 0.748730 0.909455 0.397561 0.640423 0.878319 0.706176 
0.245573 0.955302 0.492925 0.936038 0.501632 0.024040 0.170449 0.002466 0.871468 0.254487 0.847084 0.669146 0.607935 0.584295 0.262390 0.050556 0.045406 0.385965 0.068080 0.164480 0.356578 0.575148 0.331076 0.951704 0.006371 
0.088303 0.871186 0.305703 0.904786 0.195620 0.267474 0.924607 0.012121 0.585518 0.799992 0.580384 0.116545 0.335976 0.891272 0.269165 0.688577 0.974042 0.066576 0.712579 0.787704 0.191675 0.382092 0.611303 0.816157 0.773729 
0.800642 0.643791 0.266273 0.758358 0.863546 0.839108 0.517423 0.541181 0.069574 0.989397 0.264387 0.079284 0.348070 0.011957 0.477042 0.301478 0.035450 0.654787 0.530749 0.297250 0.303502 0.560578 0.192790 0.759011 0.081452 
0.338310 0.714451 0.788660 0.351249 0.731215 0.636426 0.454500 0.549815 0.612042 0.420866 0.428206 0.946067 0.368707 0.504425 0.019139 0.929823 0.038438 0.419128 0.646878 0.239498 0.814035 0.209613 0.106109 0.432266 0.971390 
0.586535 0.811890 0.430309 0.775446 0.290858 0.881900 0.040750 0.062140 0.916511 0.432665 0.109106 0.097243 0.554200 0.091194 0.060795 0.676592 0.263193 0.967637 0.183382 0.968622 0.844950 0.748339 0.735783 0.248783 0.979356 
0.287653 0.886558 0.501919 0.651859 0.620167 0.089873 0.486667 0.469456 0.766438 0.928827 0.193004 0.128290 0.078966 0.595308 0.612841 0.944666 0.575771 0.083292 0.286340 0.980124 0.050957 0.884851 0.801040 0.625331 0.482046 
0.005221 0.433240 0.335361 0.039761 0.330810 0.280267 0.518778 0.184410 0.513306 0.535257 0.694215 0.451123 0.512110 0.656705 0.180813 0.299004 0.592135 0.705482 0.545215 0.525550 0.259896 0.576671 0.138757 0.885069 0.348479 
0.160000 0.878058 0.923245 0.392005 0.365597 0.619354 0.399234 0.436553 0.402721 0.385998 0.932904 0.620615 0.026825 0.045977 0.615014 0.689759 0.227558 0.180240 0.242825 0.374950 0.953429 0.297791 0.580501 0.334903 0.709432 

-0.776095 -3.043138 -2.067320 -1.004052 -2.092291 -2.289661 -2.026116 -0.403830 -1.155309 -2.560800 -2.867628 -1.018848 -1.196206 -0.439052 -1.049022 -0.368941 -1.740499 -1.881911 -2.707910 -1.847681 -1.240001 -1.973883 -1.588508 -1.745486 -1.109446 
-1.163155 -2.094879 -0.893872 -1.020585 -2.411968 -1.384498 -2.212556 -1.313419 -1.550445 -0.731214 -2.014546 -2.176417 -1.496641 -1.639024 -1.490988 -0.832027 -0.785584 -1.642235 -0.744659 -2.110654 -1.069905 -0.817987 -0.953044 -1.437844 -2.237619 
-1.824248 -0.855002 -1.413810 -1.515310 -1.534280 -0.887672 -2.646604 -2.455667 -1.186515 -0.786771 -1.035148 -2.144913 -2.314957 -1.842200 -2.046261 -1.371662 -1.324473 -2.405690 -2.693910 -1.276055 -2.535576 -1.670830 -2.730107 -2.926267 -1.155513 
0.838077 -1.184181 -0.490581 -2.570992 -1.877799 -1.798351 -0.347371 -2.532434 -2.611301 -2.177837 -1.542305 -1.845310 -0.723915 -1.755191 -2.659608 -1.622576 -2.669440 -0.825313 -0.736531 -1.802302 -1.820208 -1.355760 -2.708027 -1.709940 -0.829144 
1.549867 -1.548404 -0.725268 -1.313463 -2.066343 -0.478821 -1.735676 -0.288011 -1.084060 -1.066083 -1.743896 -1.678605 -1.282277 -0.963038 -1.025542 -1.496488 -1.487102 -1.655724 -0.612938 0.007790 -1.292414 -2.335413 -0.960586 -0.996286 -0.139251 
1.692643 1.490431 -1.967290 -0.637320 -1.868695 -2.472922 -2.947854 -2.047013 -0.257444 -1.011582 -1.959041 -0.276488 -2.269873 -0.340859 -1.661296 -2.004887 -0.694013 -2.401104 -1.016888 -0.543217 -1.350072 -1.897782 -1.555667 -0.374253 -1.781348 
0.976891 0.709048 -0.946573 -1.205938 -0.851461 -1.862989 -2.431272 -2.105580 -2.810124 -0.847822 -1.821124 -2.064294 -2.224161 -0.525984 -1.634985 -1.616555 -1.695426 -2.752140 -0.242811 -2.121151 -2.722498 -1.899490 -1.111847 -2.432156 -2.007783 
0.759957 1.084453 1.575135 -0.672400 -0.371080 -2.612292 -1.898512 -0.969629 -1.164848 -0.476570 -1.526568 -0.653468 -2.043997 -1.483118 -1.071285 -2.725795 -0.464410 -1.396458 -0.738321 -1.076917 -2.146530 -1.418288 -0.202558 -2.154975 -0.533682 
1.707882 0.802257 1.845176 -1.605038 -2.110277 -1.671645 -1.705598 -1.052308 -0.547761 -1.683522 -2.123338 -0.908200 -0.642429 -1.324413 -1.123232 0.084692 -1.512384 -0.214692 -2.005626 -1.227724 -0.644522 -1.767491 -1.911186 -2.472476 -1.496227 
1.617316 1.047009 1.050787 0.079570 -0.983213 -0.895998 -1.634457 -1.627930 -2.865992 -1.744962 -1.570864 -0.764444 -2.593454 -2.559477 -2.623833 -1.613451 -2.450029 -1.874298 -0.865025 -1.712155 -0.240279 -2.324698 -1.559713 -2.938921 -2.348539 
0.654867 1.351323 1.870847 0.900813 -1.010490 -0.467210 -0.272518 -0.953359 -2.417186 -2.692851 -2.793198 -0.824847 -2.446414 -2.324374 -2.141035 -1.933094 -0.763745 -0.570957 -1.182163 -1.459827 -2.120396 -2.368417 -1.564608 -0.847841 -1.010048 
1.073338 0.390958 0.495320 0.464036 1.551929 -2.183597 -2.092506 -0.315546 -1.853177 -1.858362 -1.706720 -0.143692 -3.092468 -0.893892 -2.611747 -2.187617 -1.128552 -2.528717 -2.630470 -0.647593 -1.536537 -0.857814 -1.160728 -0.398099 -0.842042 
1.538739 0.502120 1.256357 0.247592 1.871491 -1.668574 -0.962238 -2.113066 -0.675753 -0.985687 -1.486442 -2.709093 -2.590042 -2.211623 0.002289 -1.048585 -0.501754 -1.979624 -0.634205 -1.042050 -0.937982 -2.230792 -2.014489 -2.325791 -1.468712 
0.818011 1.315663 1.048923 0.689785 1.870683 1.307999 -0.103713 -0.684047 -0.540994 -1.350559 -0.551146 -0.851924 -0.643408 -0.456905 -2.777928 -1.783583 -1.009668 -1.494218 -1.722242 -1.758681 -0.680421 -0.288340 -0.790797 -2.513789 0.292720 
1.166129 1.263502 0.907554 0.752339 1.561075 1.168674 -0.592236 -0.919109 -1.441598 -1.438022 -1.704598 -1.594085 -0.818839 -1.554430 -1.613670 -1.631288 -2.136193 -0.989412 -0.773678 -0.918706 -0.549521 -0.591950 -1.910557 -0.336828 -0.128127 
1.446967 1.204179 0.809094 0.572440 0.907531 1.368815 0.645926 -0.853719 1.895675 -1.265125 -0.155729 0.777299 -0.097479 1.621103 -0.532361 -2.108430 -1.703417 -0.928960 -2.054797 0.085120 -0.543987 0.881190 -0.413211 0.122009 -0.158051 
1.066596 1.126967 1.131553 2.215456 0.581024 1.089722 0.240355 0.680758 0.306759 -1.666137 0.921232 0.371546 -0.026908 -0.303944 0.162593 0.827314 0.376949 -0.064174 0.041279 -0.620749 0.665527 0.418532 0.158496 -0.096894 0.402149 
1.186241 1.311308 0.659369 1.699378 0.393625 0.227132 0.012398 2.249175 -0.763699 0.953582 -1.080772 1.147433 -0.391107 0.404963 1.032025 1.791751 1.377701 0.962214 1.400987 0.196509 -0.078489 0.400373 -0.307336 0.353969 -0.338424 
1.208619 1.345395 0.500468 1.216497 0.684364 1.367339 -0.162961 1.253905 -0.839860 0.377847 -0.757095 -0.154420 0.994872 -0.231288 1.216057 0.032936 -0.516368 -0.516851 0.510528 0.067673 0.277555 0.133272 0.436257 0.091241 0.359346 
1.775190 0.618995 0.915280 1.161042 0.814300 1.220927 -0.446377 0.906398 0.411262 -0.192550 0.139904 0.612362 0.635477 1.380069 0.172684 0.517265 -1.014294 0.580076 0.310929 0.215078 -0.230239 0.281713 0.310238 -0.012937 0.169641 
0.928968 1.893800 1.636525 1.418715 1.065837 1.346101 -0.456589 -0.550751 0.265940 0.875314 1.096762 -0.159210 1.146967 -1.240720 -0.419275 0.426499 -0.036050 -0.406686 0.167273 0.148432 -0.139135 0.312167 -0.053622 -0.306525 0.087012 
0.055862 0.936154 0.295703 1.007407 0.810394 0.908948 0.241726 -0.047419 0.020002 1.492291 0.607295 0.953971 0.513647 -0.242334 0.005006 0.333667 -0.023648 1.713782 0.155103 0.183826 -0.005945 -0.121654 -0.172371 -0.233755 0.531961 
-0.094978 1.662552 1.005474 0.453796 1.239082 0.956984 -0.908452 -1.162838 -0.794071 0.388299 -0.220692 -0.117600 0.390582 0.156047 1.656319 1.857037 -0.164818 0.325345 -0.389455 -0.318142 -0.325006 0.187641 -0.801968 0.271326 0.387217 
0.857125 0.241535 0.739127 0.426236 0.493117 1.047164 0.392132 1.879581 -0.983760 0.602586 0.102559 0.212189 0.482320 1.010870 0.111481 -0.010592 0.247595 0.103515 -0.236908 0.417449 0.949638 0.537014 0.170959 0.222309 0.119765 
0.880404 0.808365 1.870753 0.739956 0.765186 -0.450064 -0.202817 0.513651 -0.280021 0.457537 1.676777 0.446138 -0.551932 -1.244621 0.952585 1.021662 -0.494031 0.440119 -0.006642 -0.241780 0.026243 0.075639 0.017881 -0.003661 0.030555 

0 0 0 0 0 0 0 0 0 0 0 0 0 0 0 0 0 0 0 0 0 0 0 0 0 
0 0 0 0 0 0 0 0 0 0 0 0 0 0 0 0 0 0 0 0 0 0 0 0 0 
0 0 0 0 0 0 0 0 0 0 0 0 0 0 0 0 0 0 0 0 0 0 0 0 0 
2 0 0 0 0 0 0 0 0 0 0 0 0 0 0 0 0 0 0 0 0 0 0 0 0 
2 0 0 0 0 0 0 0 0 0 0 0 0 0 0 0 0 0 0 0 0 0 0 0 0 
2 2 0 0 0 0 0 0 0 0 0 0 0 0 0 0 0 0 0 0 0 0 0 0 0 
2 2 0 0 0 0 0 0 0 0 0 0 0 0 0 0 0 0 0 0 0 0 0 0 0 
2 2 2 0 0 0 0 0 0 0 0 0 0 0 0 0 0 0 0 0 0 0 0 0 0 
2 2 2 0 0 0 0 0 0 0 0 0 0 0 0 0 0 0 0 0 0 0 0 0 0 
2 2 2 2 0 0 0 0 0 0 0 0 0 0 0 0 0 0 0 0 0 0 0 0 0 
2 2 2 2 0 0 0 0 0 0 0 0 0 0 0 0 0 0 0 0 0 0 0 0 0 
2 2 2 2 2 0 0 0 0 0 0 0 0 0 0 0 0 0 0 0 0 0 0 0 0 
2 2 2 2 2 0 0 0 0 0 0 0 0 0 0 0 0 0 0 0 0 0 0 0 0 
2 2 2 2 2 2 0 0 0 0 0 0 0 0 0 0 0 0 0 0 0 0 0 0 4 
2 2 2 2 2 2 3 3 0 0 0 0 0 0 0 0 0 0 0 0 0 0 0 4 4 
2 2 2 2 2 2 3 3 3 3 3 3 3 3 3 0 0 0 0 0 0 4 4 4 4 
2 2 2 2 2 2 3 3 3 3 3 3 3 3 3 3 3 3 3 4 4 4 4 4 4 
2 2 2 2 2 2 3 3 3 3 3 3 3 3 3 3 3 3 3 4 4 4 4 4 4 
2 2 2 2 2 2 3 3 3 3 3 3 3 3 3 3 3 1 4 4 4 4 4 4 4 
2 2 2 2 2 2 3 3 3 3 3 3 3 3 3 1 1 1 4 4 4 4 4 4 4 
2 2 2 2 2 2 3 3 3 3 3 3 3 3 1 1 1 1 4 4 4 4 4 4 4 
2 2 2 2 2 2 3 3 3 3 3 3 1 1 1 1 1 1 4 4 4 4 4 4 4 
2 2 2 2 2 2 3 3 3 3 1 1 1 1 1 1 1 4 4 4 4 4 4 4 4 
2 2 2 2 2 2 3 3 3 1 1 1 1 1 1 1 1 4 4 4 4 4 4 4 4 
2 2 2 2 2 3 3 1 1 1 1 1 1 1 1 1 1 4 4 4 4 4 4 4 4 

-2.0 -2.0 -2.0 -2.0 -2.0 -2.0 -2.0 -2.0 -2.0 -2.0 -2.0 -2.0 -2.0 -2.0 -2.0 -2.0 -2.0 -2.0 -2.0 -2.0 -2.0 -2.0 -2.0 -2.0 -2.0 
-2.0 -2.0 -2.0 -2.0 -2.0 -2.0 -2.0 -2.0 -2.0 -2.0 -2.0 -2.0 -2.0 -2.0 -2.0 -2.0 -2.0 -2.0 -2.0 -2.0 -2.0 -2.0 -2.0 -2.0 -2.0 
-2.0 -2.0 -2.0 -2.0 -2.0 -2.0 -2.0 -2.0 -2.0 -2.0 -2.0 -2.0 -2.0 -2.0 -2.0 -2.0 -2.0 -2.0 -2.0 -2.0 -2.0 -2.0 -2.0 -2.0 -2.0 
1.0 -2.0 -2.0 -2.0 -2.0 -2.0 -2.0 -2.0 -2.0 -2.0 -2.0 -2.0 -2.0 -2.0 -2.0 -2.0 -2.0 -2.0 -2.0 -2.0 -2.0 -2.0 -2.0 -2.0 -2.0 
1.0 -2.0 -2.0 -2.0 -2.0 -2.0 -2.0 -2.0 -2.0 -2.0 -2.0 -2.0 -2.0 -2.0 -2.0 -2.0 -2.0 -2.0 -2.0 -2.0 -2.0 -2.0 -2.0 -2.0 -2.0 
1.0 1.0 -2.0 -2.0 -2.0 -2.0 -2.0 -2.0 -2.0 -2.0 -2.0 -2.0 -2.0 -2.0 -2.0 -2.0 -2.0 -2.0 -2.0 -2.0 -2.0 -2.0 -2.0 -2.0 -2.0 
1.0 1.0 -2.0 -2.0 -2.0 -2.0 -2.0 -2.0 -2.0 -2.0 -2.0 -2.0 -2.0 -2.0 -2.0 -2.0 -2.0 -2.0 -2.0 -2.0 -2.0 -2.0 -2.0 -2.0 -2.0 
1.0 1.0 1.0 -2.0 -2.0 -2.0 -2.0 -2.0 -2.0 -2.0 -2.0 -2.0 -2.0 -2.0 -2.0 -2.0 -2.0 -2.0 -2.0 -2.0 -2.0 -2.0 -2.0 -2.0 -2.0 
1.0 1.0 1.0 -2.0 -2.0 -2.0 -2.0 -2.0 -2.0 -2.0 -2.0 -2.0 -2.0 -2.0 -2.0 -2.0 -2.0 -2.0 -2.0 -2.0 -2.0 -2.0 -2.0 -2.0 -2.0 
1.0 1.0 1.0 1.0 -2.0 -2.0 -2.0 -2.0 -2.0 -2.0 -2.0 -2.0 -2.0 -2.0 -2.0 -2.0 -2.0 -2.0 -2.0 -2.0 -2.0 -2.0 -2.0 -2.0 -2.0 
1.0 1.0 1.0 1.0 -2.0 -2.0 -2.0 -2.0 -2.0 -2.0 -2.0 -2.0 -2.0 -2.0 -2.0 -2.0 -2.0 -2.0 -2.0 -2.0 -2.0 -2.0 -2.0 -2.0 -2.0 
1.0 1.0 1.0 1.0 1.0 -2.0 -2.0 -2.0 -2.0 -2.0 -2.0 -2.0 -2.0 -2.0 -2.0 -2.0 -2.0 -2.0 -2.0 -2.0 -2.0 -2.0 -2.0 -2.0 -2.0 
1.0 1.0 1.0 1.0 1.0 -2.0 -2.0 -2.0 -2.0 -2.0 -2.0 -2.0 -2.0 -2.0 -2.0 -2.0 -2.0 -2.0 -2.0 -2.0 -2.0 -2.0 -2.0 -2.0 -2.0 
1.0 1.0 1.0 1.0 1.0 1.0 -2.0 -2.0 -2.0 -2.0 -2.0 -2.0 -2.0 -2.0 -2.0 -2.0 -2.0 -2.0 -2.0 -2.0 -2.0 -2.0 -2.0 -2.0 0.0 
1.0 1.0 1.0 1.0 1.0 1.0 2.0 2.0 -2.0 -2.0 -2.0 -2.0 -2.0 -2.0 -2.0 -2.0 -2.0 -2.0 -2.0 -2.0 -2.0 -2.0 -2.0 0.0 0.0 
1.0 1.0 1.0 1.0 1.0 1.0 2.0 2.0 2.0 2.0 2.0 2.0 2.0 2.0 2.0 -2.0 -2.0 -2.0 -2.0 -2.0 -2.0 0.0 0.0 0.0 0.0 
1.0 1.0 1.0 1.0 1.0 1.0 2.0 2.0 2.0 2.0 2.0 2.0 2.0 2.0 2.0 2.0 2.0 2.0 2.0 0.0 0.0 0.0 0.0 0.0 0.0 
1.0 1.0 1.0 1.0 1.0 1.0 2.0 2.0 2.0 2.0 2.0 2.0 2.0 2.0 2.0 2.0 2.0 2.0 2.0 0.0 0.0 0.0 0.0 0.0 0.0 
1.0 1.0 1.0 1.0 1.0 1.0 2.0 2.0 2.0 2.0 2.0 2.0 2.0 2.0 2.0 2.0 2.0 -1.0 0.0 0.0 0.0 0.0 0.0 0.0 0.0 
1.0 1.0 1.0 1.0 1.0 1.0 2.0 2.0 2.0 2.0 2.0 2.0 2.0 2.0 2.0 -1.0 -1.0 -1.0 0.0 0.0 0.0 0.0 0.0 0.0 0.0 
1.0 1.0 1.0 1.0 1.0 1.0 2.0 2.0 2.0 2.0 2.0 2.0 2.0 2.0 -1.0 -1.0 -1.0 -1.0 0.0 0.0 0.0 0.0 0.0 0.0 0.0 
1.0 1.0 1.0 1.0 1.0 1.0 2.0 2.0 2.0 2.0 2.0 2.0 -1.0 -1.0 -1.0 -1.0 -1.0 -1.0 0.0 0.0 0.0 0.0 0.0 0.0 0.0 
1.0 1.0 1.0 1.0 1.0 1.0 2.0 2.0 2.0 2.0 -1.0 -1.0 -1.0 -1.0 -1.0 -1.0 -1.0 0.0 0.0 0.0 0.0 0.0 0.0 0.0 0.0 
1.0 1.0 1.0 1.0 1.0 1.0 2.0 2.0 2.0 -1.0 -1.0 -1.0 -1.0 -1.0 -1.0 -1.0 -1.0 0.0 0.0 0.0 0.0 0.0 0.0 0.0 0.0 
1.0 1.0 1.0 1.0 1.0 2.0 2.0 -1.0 -1.0 -1.0 -1.0 -1.0 -1.0 -1.0 -1.0 -1.0 -1.0 0.0 0.0 0.0 0.0 0.0 0.0 0.0 0.0 

-1.0 -1.0 -1.0 -1.0 -1.0 -1.0 -1.0 -1.0 -1.0 -1.0 -1.0 -1.0 -1.0 -1.0 -1.0 -1.0 -1.0 -1.0 -1.0 -1.0 -1.0 -1.0 -1.0 -1.0 -1.0 
-1.0 -1.0 -1.0 -1.0 -1.0 -1.0 -1.0 -1.0 -1.0 -1.0 -1.0 -1.0 -1.0 -1.0 -1.0 -1.0 -1.0 -1.0 -1.0 -1.0 -1.0 -1.0 -1.0 -1.0 -1.0 
-1.0 -1.0 -1.0 -1.0 -1.0 -1.0 -1.0 -1.0 -1.0 -1.0 -1.0 -1.0 -1.0 -1.0 -1.0 -1.0 -1.0 -1.0 -1.0 -1.0 -1.0 -1.0 -1.0 -1.0 -1.0 
1.0 -1.0 -1.0 -1.0 -1.0 -1.0 -1.0 -1.0 -1.0 -1.0 -1.0 -1.0 -1.0 -1.0 -1.0 -1.0 -1.0 -1.0 -1.0 -1.0 -1.0 -1.0 -1.0 -1.0 -1.0 
1.0 -1.0 -1.0 -1.0 -1.0 -1.0 -1.0 -1.0 -1.0 -1.0 -1.0 -1.0 -1.0 -1.0 -1.0 -1.0 -1.0 -1.0 -1.0 -1.0 -1.0 -1.0 -1.0 -1.0 -1.0 
1.0 1.0 -1.0 -1.0 -1.0 -1.0 -1.0 -1.0 -1.0 -1.0 -1.0 -1.0 -1.0 -1.0 -1.0 -1.0 -1.0 -1.0 -1.0 -1.0 -1.0 -1.0 -1.0 -1.0 -1.0 
1.0 1.0 -1.0 -1.0 -1.0 -1.0 -1.0 -1.0 -1.0 -1.0 -1.0 -1.0 -1.0 -1.0 -1.0 -1.0 -1.0 -1.0 -1.0 -1.0 -1.0 -1.0 -1.0 -1.0 -1.0 
1.0 1.0 1.0 -1.0 -1.0 -1.0 -1.0 -1.0 -1.0 -1.0 -1.0 -1.0 -1.0 -1.0 -1.0 -1.0 -1.0 -1.0 -1.0 -1.0 -1.0 -1.0 -1.0 -1.0 -1.0 
1.0 1.0 1.0 -1.0 -1.0 -1.0 -1.0 -1.0 -1.0 -1.0 -1.0 -1.0 -1.0 -1.0 -1.0 -1.0 -1.0 -1.0 -1.0 -1.0 -1.0 -1.0 -1.0 -1.0 -1.0 
1.0 1.0 1.0 1.0 -1.0 -1.0 -1.0 -1.0 -1.0 -1.0 -1.0 -1.0 -1.0 -1.0 -1.0 -1.0 -1.0 -1.0 -1.0 -1.0 -1.0 -1.0 -1.0 -1.0 -1.0 
1.0 1.0 1.0 1.0 -1.0 -1.0 -1.0 -1.0 -1.0 -1.0 -1.0 -1.0 -1.0 -1.0 -1.0 -1.0 -1.0 -1.0 -1.0 -1.0 -1.0 -1.0 -1.0 -1.0 -1.0 
1.0 1.0 1.0 1.0 1.0 -1.0 -1.0 -1.0 -1.0 -1.0 -1.0 -1.0 -1.0 -1.0 -1.0 -1.0 -1.0 -1.0 -1.0 -1.0 -1.0 -1.0 -1.0 -1.0 -1.0 
1.0 1.0 1.0 1.0 1.0 -1.0 -1.0 -1.0 -1.0 -1.0 -1.0 -1.0 -1.0 -1.0 -1.0 -1.0 -1.0 -1.0 -1.0 -1.0 -1.0 -1.0 -1.0 -1.0 -1.0 
1.0 1.0 1.0 1.0 1.0 1.0 -1.0 -1.0 -1.0 -1.0 -1.0 -1.0 -1.0 -1.0 -1.0 -1.0 -1.0 -1.0 -1.0 -1.0 -1.0 -1.0 -1.0 -1.0 0.0 
1.0 1.0 1.0 1.0 1.0 1.0 -2.0 -2.0 -1.0 -1.0 -1.0 -1.0 -1.0 -1.0 -1.0 -1.0 -1.0 -1.0 -1.0 -1.0 -1.0 -1.0 -1.0 0.0 0.0 
1.0 1.0 1.0 1.0 1.0 1.0 -2.0 -2.0 -2.0 -2.0 -2.0 -2.0 -2.0 -2.0 -2.0 -1.0 -1.0 -1.0 -1.0 -1.0 -1.0 0.0 0.0 0.0 0.0 
1.0 1.0 1.0 1.0 1.0 1.0 -2.0 -2.0 -2.0 -2.0 -2.0 -2.0 -2.0 -2.0 -2.0 -2.0 -2.0 -2.0 -2.0 0.0 0.0 0.0 0.0 0.0 0.0 
1.0 1.0 1.0 1.0 1.0 1.0 -2.0 -2.0 -2.0 -2.0 -2.0 -2.0 -2.0 -2.0 -2.0 -2.0 -2.0 -2.0 -2.0 0.0 0.0 0.0 0.0 0.0 0.0 
1.0 1.0 1.0 1.0 1.0 1.0 -2.0 -2.0 -2.0 -2.0 -2.0 -2.0 -2.0 -2.0 -2.0 -2.0 -2.0 2.0 0.0 0.0 0.0 0.0 0.0 0.0 0.0 
1.0 1.0 1.0 1.0 1.0 1.0 -2.0 -2.0 -2.0 -2.0 -2.0 -2.0 -2.0 -2.0 -2.0 2.0 2.0 2.0 0.0 0.0 0.0 0.0 0.0 0.0 0.0 
1.0 1.0 1.0 1.0 1.0 1.0 -2.0 -2.0 -2.0 -2.0 -2.0 -2.0 -2.0 -2.0 2.0 2.0 2.0 2.0 0.0 0.0 0.0 0.0 0.0 0.0 0.0 
1.0 1.0 1.0 1.0 1.0 1.0 -2.0 -2.0 -2.0 -2.0 -2.0 -2.0 2.0 2.0 2.0 2.0 2.0 2.0 0.0 0.0 0.0 0.0 0.0 0.0 0.0 
1.0 1.0 1.0 1.0 1.0 1.0 -2.0 -2.0 -2.0 -2.0 2.0 2.0 2.0 2.0 2.0 2.0 2.0 0.0 0.0 0.0 0.0 0.0 0.0 0.0 0.0 
1.0 1.0 1.0 1.0 1.0 1.0 -2.0 -2.0 -2.0 2.0 2.0 2.0 2.0 2.0 2.0 2.0 2.0 0.0 0.0 0.0 0.0 0.0 0.0 0.0 0.0 
1.0 1.0 1.0 1.0 1.0 -2.0 -2.0 2.0 2.0 2.0 2.0 2.0 2.0 2.0 2.0 2.0 2.0 0.0 0.0 0.0 0.0 0.0 0.0 0.0 0.0 

