0.909766 0.145100 0.644239 0.996247 0.288762 0.874673 0.454241 0.232883 0.446330 0.070646 0.619092 0.923767 0.569364 0.096210 0.936317 0.251675 0.117631 0.588553 0.212872 0.021206 0.636502 0.812169 0.020230 0.435954 0.824282 
0.497465 0.976305 0.478234 0.800409 0.827412 0.130824 0.123139 0.396954 0.916426 0.856200 0.121195 0.703664 0.786823 0.447196 0.751383 0.994195 0.603660 0.060938 0.945585 0.013184 0.328052 0.606321 0.144384 0.388045 0.151349 
0.783727 0.473424 0.396066 0.906382 0.869024 0.878608 0.432392 0.508835 0.479524 0.872323 0.634382 0.940317 0.441856 0.766183 0.100284 0.617108 0.772274 0.288621 0.949022 0.083756 0.328644 0.457878 0.323416 0.692429 0.249523 
0.941145 0.944848 0.163862 0.585420 0.856725 0.902709 0.772198 0.943003 0.277603 0.979942 0.971016 0.699828 0.648315 0.814331 0.659532 0.644092 0.514852 0.928029 0.715226 0.655741 0.717630 0.150890 0.019783 0.585946 0.885363 
0.536429 0.222965 0.365264 0.981581 0.645693 0.251150 0.046686 0.773964 0.414458 0.755141 0.189393 0.564682 0.060589 0.582971 0.299687 0.105946 0.578528 0.797758 0.323309 0.016041 0.273276 0.697496 0.146936 0.774077 0.115781 
0.690659 0.310371 0.818766 0.967114 0.255106 0.737127 0.366461 0.462417 0.254003 0.256456 0.054977 0.701058 0.318977 0.052602 0.542606 0.418087 0.357346 0.729761 0.154466 0.370727 0.144964 0.576702 0.598502 0.677572 0.825542 
0.714639 0.291363 0.960961 0.336352 0.014978 0.409408 0.992564 0.516301 0.824299 0.180461 0.878807 0.670142 0.891587 0.846996 0.517936 0.136967 0.727896 0.573586 0.337192 0.307735 0.806442 0.938427 0.595097 0.286168 0.943004 
0.951120 0.888965 0.385127 0.303642 0.826953 0.707049 0.558583 0.208678 0.267572 0.632127 0.022040 0.133206 0.025193 0.346815 0.413277 0.233799 0.359942 0.455334 0.722130 0.321908 0.638211 0.848365 0.945332 0.478500 0.471692 
0.690545 0.505544 0.267838 0.471463 0.629216 0.477270 0.210697 0.435091 0.593808 0.078395 0.160308 0.077986 0.461575 0.199751 0.009032 0.273786 0.571817 0.376845 0.792121 0.058970 0.254374 0.332132 0.627308 0.243030 0.111821 
0.464615 0.173178 0.004585 0.440302 0.214272 0.648883 0.372381 0.488727 0.655727 0.845851 0.966608 0.311419 0.492729 0.013840 0.785008 0.789715 0.328338 0.230102 0.513186 0.572900 0.214022 0.315751 0.136862 0.168123 0.414981 
0.704394 0.541824 0.370008 0.399057 0.039500 0.706360 0.036204 0.639161 0.002995 0.184362 0.633502 0.863180 0.121336 0.940718 0.421762 0.485665 0.597293 0.229158 0.684762 0.113030 0.574115 0.067057 0.309651 0.594706 0.499042 
0.423069 0.189366 0.038948 0.627182 0.932140 0.255906 0.703065 0.068016 0.086430 0.496741 0.350586 0.956117 0.653270 0.234215 0.539982 0.965559 0.234330 0.223197 0.133712 0.517421 0.247436 0.896545 0.039209 0.348558 0.003984 
0.679960 0.788299 0.098743 0.074202 0.557271 0.607711 0.027445 0.240328 0.987256 0.428725 0.957293 0.571862 0.055921 0.311602 0.782439 0.781653 0.252487 0.925026 0.505629 0.119178 0.165077 0.231570 0.857407 0.207218 0.121800 
0.994236 0.560176 0.076755 0.335291 0.003424 0.230121 0.572536 0.711312 0.539369 0.562315 0.773382 0.709653 0.387414 0.254579 0.647898 0.456697 0.576457 0.479613 0.926337 0.836947 0.918193 0.043467 0.099324 0.777963 0.278471 
0.037110 0.153986 0.510171 0.316617 0.609422 0.078386 0.588847 0.723844 0.327185 0.427978 0.336378 0.143702 0.799308 0.696420 0.813101 0.753820 0.302827 0.021435 0.794944 0.096750 0.369353 0.140721 0.134789 0.073098 0.518955 
0.047941 0.197068 0.672288 0.425625 0.046852 0.970657 0.878283 0.899438 0.278371 0.669731 0.781999 0.945233 0.405058 0.243597 0.759739 0.915115 0.110342 0.662094 0.084778 0.939047 0.127472 0.414771 0.545241 0.811700 0.768803 
0.835151 0.428653 0.996994 0.821934 0.998333 0.998636 0.452728 0.988257 0.459789 0.800081 0.789131 0.807837 0.585958 0.352847 0.078239 0.384925 0.636643 0.564297 0.028182 0.751675 0.124659 0.533475 0.558506 0.210763 0.174854 
0.752227 0.184244 0.170908 0.579527 0.518809 0.600908 0.604598 0.375841 0.288724 0.192130 0.193573 0.475172 0.606505 0.317295 0.096749 0.564862 0.356794 0.283936 0.403441 0.261299 0.662829 0.585117 0.311570 0.778316 0.064233 
0.134598 0.456712 0.803122 0.738821 0.935215 0.468415 0.032948 0.833843 0.951599 0.066787 0.203993 0.230213 0.441602 0.354711 0.776940 0.574012 0.870081 0.555528 0.305234 0.149807 0.086430 0.588463 0.338015 0.182560 0.693096 
0.210072 0.841825 0.345265 0.006080 0.561550 0.416623 0.177345 0.401822 0.743794 0.131105 0.228431 0.805593 0.829689 0.600423 0.798272 0.733020 0.924920 0.606027 0.461240 0.707829 0.523431 0.348502 0.646574 0.559843 0.708913 
0.325620 0.022784 0.693099 0.424761 0.329407 0.210890 0.469187 0.502781 0.712534 0.373165 0.032855 0.326483 0.007897 0.118534 0.797945 0.924056 0.375561 0.459068 0.281920 0.739415 0.188431 0.243245 0.926809 0.023850 0.549191 
0.360168 0.080754 0.436076 0.111179 0.230085 0.943593 0.680348 0.727861 0.920648 0.894619 0.350795 0.465766 0.419134 0.549946 0.173995 0.787414 0.037757 0.369641 0.145780 0.863387 0.321843 0.410911 0.391979 0.966012 0.587662 
0.469328 0.416204 0.664663 0.145400 0.707737 0.083981 0.476642 0.216855 0.582860 0.891017 0.667956 0.035182 0.507215 0.619205 0.974188 0.803728 0.453945 0.967941 0.500391 0.392140 0.135429 0.157036 0.948783 0.790910 0.069655 
0.324631 0.541784 0.251796 0.020381 0.537819 0.544672 0.013258 0.756450 0.906435 0.098021 0.267248 0.280599 0.352170 0.140165 0.767255 0.743447 0.606884 0.153756 0.846673 0.712330 0.827479 0.267484 0.731110 0.351372 0.743750 
0.767930 0.684409 0.918427 0.758670 0.157291 0.298045 0.947850 0.273768 0.373994 0.219337 0.190783 0.594047 0.985892 0.137499 0.292335 0.364703 0.842932 0.311329 0.756244 0.163840 0.933933 0.305460 0.154559 0.780962 0.420151 

0.159493 0.592826 0.730886 0.919816 0.522629 0.591659 0.613911 0.579323 0.816034 0.165500 0.138276 0.739780 0.392934 0.113798 0.165129 0.505658 0.235195 0.793250 0.739855 0.371816 0.930517 0.465649 0.915064 0.111866 0.241259 
0.540374 0.675272 0.112384 0.057563 0.800810 0.519882 0.868739 0.136591 0.984436 0.862376 0.572183 0.429934 0.060093 0.945548 0.002611 0.989735 0.001002 0.851778 0.031063 0.672638 0.189632 0.559067 0.923093 0.126517 0.163684 
0.765349 0.846206 0.588995 0.067458 0.286401 0.909917 0.944365 0.381464 0.011151 0.733898 0.000608 0.434457 0.909499 0.356450 0.497379 0.587828 0.997739 0.835846 0.063134 0.509405 0.846460 0.225748 0.540185 0.494375 0.623672 
0.102683 0.100909 0.131093 0.051208 0.073361 0.134343 0.008390 0.722607 0.663423 0.568654 0.231118 0.407809 0.029132 0.914043 0.025636 0.664062 0.548409 0.236242 0.943104 0.931419 0.296653 0.412858 0.742922 0.120655 0.859726 
0.130293 0.899366 0.067192 0.430349 0.051255 0.568924 0.777439 0.090709 0.135643 0.753499 0.467287 0.839652 0.084954 0.547098 0.486852 0.267467 0.299368 0.335838 0.073933 0.712704 0.981171 0.154792 0.642884 0.935319 0.465190 
0.583731 0.585212 0.584571 0.409361 0.872142 0.389045 0.915231 0.474656 0.658247 0.596786 0.750570 0.330687 0.030774 0.112704 0.369728 0.846470 0.711439 0.499715 0.756474 0.355363 0.949095 0.292585 0.881437 0.755298 0.389206 
0.982499 0.121747 0.974842 0.874452 0.038198 0.746668 0.088600 0.868397 0.037847 0.322522 0.673159 0.111730 0.498209 0.991684 0.902028 0.655486 0.925749 0.937276 0.578310 0.751802 0.618071 0.487307 0.944631 0.882057 0.471244 
0.663274 0.507363 0.990254 0.535081 0.684007 0.377969 0.659578 0.037365 0.759750 0.050858 0.127230 0.452692 0.895113 0.326430 0.949671 0.812050 0.691239 0.668238 0.059045 0.885942 0.757007 0.139222 0.789623 0.786686 0.665068 
0.256555 0.771353 0.411909 0.812137 0.080872 0.994297 0.862529 0.943016 0.902322 0.918086 0.727954 0.488799 0.324458 0.555953 0.984183 0.227459 0.013267 0.644480 0.240668 0.815364 0.097840 0.356525 0.471869 0.774968 0.267982 
0.856959 0.963491 0.942757 0.147393 0.516004 0.647459 0.982308 0.343747 0.209766 0.870637 0.938045 0.460473 0.915935 0.310421 0.043386 0.015528 0.169578 0.017098 0.947811 0.896003 0.042894 0.592449 0.013946 0.539002 0.570917 
0.502613 0.979060 0.491813 0.271193 0.352539 0.675559 0.639595 0.377203 0.083220 0.518261 0.880454 0.790121 0.324402 0.063497 0.100329 0.133789 0.676634 0.028138 0.020135 0.027304 0.701679 0.251224 0.049981 0.216232 0.473138 
0.482824 0.328997 0.755611 0.499592 0.172491 0.869299 0.396832 0.761543 0.817640 0.388338 0.088172 0.263022 0.528486 0.406087 0.612104 0.834739 0.516167 0.938817 0.367135 0.614140 0.365798 0.883131 0.764446 0.155654 0.696684 
0.738106 0.505735 0.591564 0.419506 0.673539 0.614125 0.839357 0.865160 0.038118 0.776717 0.361570 0.847257 0.107835 0.504213 0.591565 0.734438 0.541887 0.824747 0.325807 0.321298 0.184211 0.275837 0.083578 0.898224 0.731465 
0.611521 0.488759 0.520525 0.476773 0.551894 0.851276 0.385307 0.240669 0.131624 0.156787 0.459331 0.843254 0.280767 0.811523 0.836917 0.741090 0.737090 0.832789 0.013892 0.843615 0.953662 0.201907 0.610285 0.411225 0.793965 
0.079382 0.770273 0.210964 0.099336 0.842726 0.625351 0.039879 0.383980 0.666036 0.139319 0.917681 0.073552 0.392024 0.916410 0.961212 0.713870 0.386170 0.634705 0.696699 0.537424 0.843498 0.859581 0.595888 0.391911 0.618941 
0.809278 0.866721 0.798741 0.992671 0.994097 0.796917 0.541690 0.530903 0.013973 0.515386 0.920724 0.742405 0.541812 0.527432 0.741351 0.570855 0.173996 0.571167 0.092043 0.305757 0.425933 0.140625 0.849106 0.412857 0.198825 
0.362233 0.377760 0.502631 0.913682 0.166547 0.726454 0.635932 0.375200 0.134967 0.654004 0.782603 0.930544 0.013074 0.624441 0.783155 0.035121 0.533369 0.139646 0.850026 0.616742 0.154074 0.916559 0.108421 0.675366 0.384396 
0.599986 0.952618 0.233514 0.026568 0.119876 0.635733 0.588374 0.449943 0.064499 0.595428 0.457111 0.989454 0.236893 0.440681 0.352317 0.657623 0.248317 0.612710 0.981274 0.317377 0.290740 0.139795 0.090138 0.778284 0.534165 
0.433358 0.997713 0.265131 0.481114 0.936965 0.290558 0.663372 0.820988 0.839629 0.319979 0.617802 0.983439 0.789815 0.349391 0.593375 0.771300 0.298849 0.921805 0.782863 0.112341 0.654013 0.834729 0.971094 0.781566 0.557112 
0.311479 0.261012 0.652254 0.150244 0.302911 0.001241 0.879743 0.261891 0.761017 0.018720 0.158932 0.707093 0.139735 0.046645 0.508683 0.588131 0.634699 0.946919 0.015519 0.212161 0.849683 0.065541 0.254256 0.307922 0.198151 
0.105336 0.137578 0.393442 0.405414 0.327142 0.876702 0.662038 0.797679 0.876723 0.736643 0.099307 0.835559 0.954385 0.659622 0.084431 0.802839 0.051370 0.153161 0.538830 0.630970 0.715069 0.424573 0.739525 0.163024 0.804978 
0.440604 0.687342 0.393715 0.492899 0.744844 0.883062 0.285161 0.796277 0.248926 0.450465 0.898139 0.274142 0.477484 0.709373 0.405910 0.321351 0.897058 0.999645 0.739404 0.727525 0.633244 0.764786 0.450240 0.275233 0.787781 
0.393380 0.378694 0.213161 0.400521 0.352471 0.150587 0.134201 0.778495 0.876483 0.702422 0.708156 0.682025 0.093050 0.549828 0.946156 0.040285 0.903898 0.106996 0.918537 0.324952 0.319905 0.529497 0.204516 0.876345 0.879104 
0.072707 0.814638 0.765156 0.838431 0.432279 0.627184 0.717670 0.491448 0.430089 0.786941 0.951554 0.501829 0.569150 0.484136 0.788157 0.125522 0.429065 0.022195 0.731163 0.906399 0.733172 0.732537 0.245960 0.131688 0.859000 
0.557411 0.686206 0.374130 0.667827 0.930454 0.239763 0.730404 0.365991 0.479520 0.784009 0.215962 0.709286 0.053343 0.401837 0.066792 0.217847 0.212081 0.678750 0.944945 0.262682 0.332735 0.554264 0.606076 0.534824 0.939907 

0.264943 -0.393153 -0.387203 -0.063143 -0.718611 0.723191 -0.242219 -0.891633 -0.073998 0.398060 0.548803 -0.361147 0.167844 -0.163798 1.287155 -0.070372 -0.333859 -0.509325 -0.082129 0.061048 -0.351268 -0.081731 -1.290616 0.450889 0.457400 
-0.177486 0.787316 0.060057 1.129683 -0.232040 0.130580 -0.235833 0.263358 0.205915 -0.265260 -0.060972 -0.446839 0.918944 -0.643457 0.549601 0.280598 0.647252 -0.660934 0.959710 -0.715406 0.280240 -0.143671 -0.819298 0.253119 -0.069503 
0.003001 -0.575236 -0.209001 1.317331 0.217234 -0.325544 -1.351133 0.415485 0.524120 -0.064789 0.329529 0.558436 -0.709407 0.054035 -0.082479 0.320457 -0.129747 -0.529979 0.606143 -0.191666 -0.468276 0.352713 -0.142109 0.435010 -0.114744 
0.896240 0.531926 0.036539 0.894443 0.899042 1.380475 0.830221 -0.171936 -0.806679 0.090532 0.551240 0.254626 0.608260 -0.290514 1.429344 -0.305055 0.217810 0.320084 0.144061 -0.492171 0.607732 -0.102311 -0.833851 1.112050 0.400579 
0.823981 -0.714827 0.296357 1.278653 0.881731 0.176406 -1.012355 0.709058 -0.272605 -0.778721 -0.506728 -0.465815 -0.059040 0.313210 -0.117308 -0.099018 0.144871 1.006641 -0.162824 -0.926887 -1.187874 0.408790 -0.716026 -0.098527 -0.146215 
-0.073196 0.357634 0.359487 0.847152 -0.947183 -0.203174 -0.594815 -0.001752 -0.107948 -0.471321 -0.976846 0.450032 0.380709 -0.353379 0.234901 -0.643578 0.068733 0.586023 -0.693025 -0.033814 -0.554988 -0.093628 -0.554876 0.266406 0.086830 
0.434486 -0.772785 -0.221044 0.479747 0.199048 -0.493053 0.834776 -0.025430 0.677902 -0.189910 -0.059533 0.319710 0.089310 -0.580226 -0.006539 -0.359639 -0.715022 -0.400060 -0.559324 -0.722500 0.143174 0.292208 -0.693424 -0.606931 0.789915 
0.291946 -0.499200 0.568222 0.063101 0.284940 -0.371169 0.019160 0.573572 0.390478 0.161886 0.060261 -0.398304 -0.640329 0.231930 -0.947275 -0.287901 -0.501863 -0.270447 1.037201 -1.191456 -1.391845 -0.281595 -2.275923 -1.032971 -1.770022 
-0.393698 0.335204 -0.188024 0.447408 -1.001629 0.882815 0.573206 0.252262 0.294524 0.931385 0.451826 0.562384 0.141205 -1.341079 -2.197375 -0.341963 0.157061 -1.046716 -0.562815 -1.735818 -0.535110 -0.354906 -1.070667 -1.477539 -0.252116 
0.363615 1.049489 1.443733 -0.042492 0.258218 -0.105667 0.562064 -0.286064 -0.495161 0.110415 0.084306 -0.909156 -2.559819 -1.034531 0.035411 0.034075 -0.231753 -0.116345 -2.150699 -2.021805 -0.405346 -0.873510 0.487179 -1.172117 -1.283846 
0.001022 0.324242 0.044387 0.359639 0.438322 0.159103 0.425140 0.068966 0.529534 -1.474244 -1.995865 -1.598167 -0.065778 0.326361 -0.071800 -0.279742 -1.083122 -0.703036 -0.322449 -0.234441 -1.141570 -0.450863 0.065626 -0.295925 -0.756384 
-0.153884 0.595666 0.712435 -0.394837 -0.924861 0.232997 -0.314592 -1.874418 -1.550904 -0.483475 0.261672 -0.113806 -0.397135 -0.960196 -1.282717 -1.437335 -0.986440 -1.290970 0.251826 -1.208163 -0.095269 -1.809082 -1.447218 0.023843 -1.137838 
0.313313 0.271734 0.301714 -0.219832 0.153146 -0.057882 -1.433187 -1.846295 -0.179374 -1.686350 -0.911644 -2.125049 0.023171 -0.462772 -1.178920 -1.799427 -0.621623 -1.695794 -0.918307 -0.533966 -0.356506 -0.602657 -0.125665 -1.649774 -1.632049 
-0.127885 -0.064070 0.162433 0.201547 1.092914 1.269953 -0.587970 -0.023819 0.194565 -0.593385 -1.118688 -1.407294 -0.696323 -1.565900 -1.411249 -1.809111 -1.370476 -2.234017 -0.143554 -1.405830 -1.980137 -0.699578 -1.031692 -1.479870 -1.576214 
0.331293 1.601362 -0.558464 -0.353707 0.888268 1.054285 -0.220734 -1.051692 -0.881131 -0.228470 -1.816719 -0.305749 -1.145403 -1.624423 -2.106605 -1.231829 -1.126724 -0.919511 -1.345924 -0.783198 -1.637381 -1.885082 -0.754915 -1.042511 -1.006979 
0.978809 1.351047 0.382092 1.240672 2.238321 -0.513031 -1.175695 -0.498700 -0.151825 -0.710604 -2.341496 -1.271680 -0.836799 -1.703411 -1.471383 -0.505964 -0.346604 -1.244661 -0.597304 -0.127747 -0.830005 -0.175058 -1.715616 -1.099307 -0.218033 
-1.347620 -0.165370 -0.251582 0.527329 -1.561407 -1.132382 -1.455161 -0.829041 -0.140356 -1.037067 -1.099008 -1.792792 -0.025174 -1.518090 -1.260950 -0.240771 -1.734512 -0.220394 -2.271014 -1.305893 -0.555099 -1.797669 -0.041330 -1.362924 -0.554415 
0.170987 1.656299 -0.005981 -1.051458 -0.614697 -0.259490 -1.357935 -0.502806 0.079593 -1.015957 -0.955272 -1.763555 -0.532306 -0.689007 -0.514309 -0.852329 -0.741945 -0.900903 -1.652757 -1.511695 -0.676195 -0.009664 0.073606 -2.190465 -0.977620 
1.419798 1.218900 -1.313442 -0.712191 0.454495 -0.621974 -1.738310 -1.573536 -1.695383 -0.331612 -1.110978 -2.069471 -1.479788 -0.405063 -1.251113 -1.735325 -0.890010 -1.252885 -1.725389 -0.935266 -1.265088 -1.839389 -1.579673 -1.969200 -1.066691 
0.229894 -1.277034 0.792571 0.567613 -0.667290 -0.582454 0.693462 0.336488 1.927686 0.336723 0.201096 1.921342 1.959574 1.413431 1.421177 1.627287 1.883223 0.438887 1.049909 1.677283 0.433547 0.170184 1.340266 1.297858 1.372591 
0.847933 -0.233047 1.746585 1.280365 0.570832 0.514402 0.796619 0.809944 1.656287 0.324321 0.443221 0.456312 -0.230240 0.227360 1.244834 1.949206 0.412511 0.760571 0.112207 1.463507 0.418158 0.842778 1.577751 -0.318922 0.927084 
0.910341 0.280103 0.664803 -0.131259 0.700172 2.128534 1.537088 1.613804 1.931423 2.182091 0.611908 1.058262 0.689260 1.019143 0.383533 1.817125 -0.038278 0.926573 0.270332 2.360014 0.147609 1.272467 0.515078 2.495996 1.661187 
1.221415 0.691613 1.206119 0.145310 1.156063 0.117522 1.186822 1.359119 1.274760 1.282447 0.805123 -0.020940 1.126668 1.225134 1.783735 1.619013 0.907690 1.297365 0.890277 0.675631 -0.015172 0.351400 1.945288 1.409695 -0.232628 
1.064946 1.037885 0.988746 -0.130712 1.137958 1.305714 -0.468882 1.155029 1.597075 -0.019445 0.587110 0.444486 0.506041 0.066144 1.308960 1.350642 1.346958 -0.018510 1.345825 1.080596 1.500508 0.682501 2.084817 0.570055 1.516621 
1.830666 1.304050 2.203434 1.221525 0.459877 0.098086 2.074598 0.707456 0.344879 0.479526 0.230678 1.035554 2.074063 -0.057300 1.010175 0.605822 1.170553 0.375060 1.099581 1.142124 1.707710 0.721268 0.469799 1.706413 1.286472 

0 0 0 0 0 0 0 0 0 0 0 0 0 0 0 0 0 0 0 0 0 0 0 0 0 
0 0 0 0 0 0 0 0 0 0 0 0 0 0 0 0 0 0 0 0 0 0 0 0 0 
0 0 0 0 0 0 0 0 0 0 0 0 0 0 0 0 0 0 0 0 0 0 0 0 0 
0 0 0 0 0 0 0 0 0 0 0 0 0 0 0 0 0 0 0 0 0 0 0 0 0 
0 0 0 0 0 0 0 0 0 0 0 0 0 0 0 0 0 0 0 0 0 0 0 0 0 
3 3 0 0 0 0 0 0 0 0 0 0 0 0 0 0 0 0 0 0 0 0 0 0 0 
3 3 3 3 3 0 0 0 0 0 0 0 0 0 0 0 0 0 0 0 0 0 0 0 0 
3 3 3 3 3 3 3 3 3 0 0 0 0 0 0 0 0 0 0 0 4 4 4 4 4 
3 3 3 3 3 3 3 3 3 3 3 3 0 4 4 4 4 4 4 4 4 4 4 4 4 
3 3 3 3 3 3 3 3 3 3 3 4 4 4 4 4 4 4 4 4 4 4 4 4 4 
3 3 3 3 3 3 3 3 3 4 4 4 4 4 4 4 4 4 4 4 4 4 4 4 4 
3 3 3 3 3 3 3 4 4 4 4 4 4 4 4 4 4 4 4 4 4 4 4 4 4 
3 3 3 3 3 1 4 4 4 4 4 4 4 4 4 4 4 4 4 4 4 4 4 4 4 
3 3 3 1 1 1 4 4 4 4 4 4 4 4 4 4 4 4 4 4 4 4 4 4 4 
1 1 1 1 1 1 4 4 4 4 4 4 4 4 4 4 4 4 4 4 4 4 4 4 4 
1 1 1 1 1 1 4 4 4 4 4 4 4 4 4 4 4 4 4 4 4 4 4 4 4 
1 1 1 1 1 1 4 4 4 4 4 4 4 4 4 4 4 4 4 4 4 4 4 4 4 
1 1 1 1 1 1 4 4 4 4 4 4 4 4 4 4 4 4 4 4 4 4 4 4 4 
1 1 1 1 1 1 4 4 4 4 4 4 4 4 4 4 4 4 4 4 4 4 4 4 4 
1 1 1 1 1 1 2 2 2 2 2 2 2 2 2 2 2 2 2 2 2 2 2 2 2 
2 2 2 2 2 2 2 2 2 2 2 2 2 2 2 2 2 2 2 2 2 2 2 2 2 
2 2 2 2 2 2 2 2 2 2 2 2 2 2 2 2 2 2 2 2 2 2 2 2 2 
2 2 2 2 2 2 2 2 2 2 2 2 2 2 2 2 2 2 2 2 2 2 2 2 2 
2 2 2 2 2 2 2 2 2 2 2 2 2 2 2 2 2 2 2 2 2 2 2 2 2 
2 2 2 2 2 2 2 2 2 2 2 2 2 2 2 2 2 2 2 2 2 2 2 2 2 

1.0 1.0 1.0 1.0 1.0 1.0 1.0 1.0 1.0 1.0 1.0 1.0 1.0 1.0 1.0 1.0 1.0 1.0 1.0 1.0 1.0 1.0 1.0 1.0 1.0 
1.0 1.0 1.0 1.0 1.0 1.0 1.0 1.0 1.0 1.0 1.0 1.0 1.0 1.0 1.0 1.0 1.0 1.0 1.0 1.0 1.0 1.0 1.0 1.0 1.0 
1.0 1.0 1.0 1.0 1.0 1.0 1.0 1.0 1.0 1.0 1.0 1.0 1.0 1.0 1.0 1.0 1.0 1.0 1.0 1.0 1.0 1.0 1.0 1.0 1.0 
1.0 1.0 1.0 1.0 1.0 1.0 1.0 1.0 1.0 1.0 1.0 1.0 1.0 1.0 1.0 1.0 1.0 1.0 1.0 1.0 1.0 1.0 1.0 1.0 1.0 
1.0 1.0 1.0 1.0 1.0 1.0 1.0 1.0 1.0 1.0 1.0 1.0 1.0 1.0 1.0 1.0 1.0 1.0 1.0 1.0 1.0 1.0 1.0 1.0 1.0 
-1.0 -1.0 1.0 1.0 1.0 1.0 1.0 1.0 1.0 1.0 1.0 1.0 1.0 1.0 1.0 1.0 1.0 1.0 1.0 1.0 1.0 1.0 1.0 1.0 1.0 
-1.0 -1.0 -1.0 -1.0 -1.0 1.0 1.0 1.0 1.0 1.0 1.0 1.0 1.0 1.0 1.0 1.0 1.0 1.0 1.0 1.0 1.0 1.0 1.0 1.0 1.0 
-1.0 -1.0 -1.0 -1.0 -1.0 -1.0 -1.0 -1.0 -1.0 1.0 1.0 1.0 1.0 1.0 1.0 1.0 1.0 1.0 1.0 1.0 0.0 0.0 0.0 0.0 0.0 
-1.0 -1.0 -1.0 -1.0 -1.0 -1.0 -1.0 -1.0 -1.0 -1.0 -1.0 -1.0 1.0 0.0 0.0 0.0 0.0 0.0 0.0 0.0 0.0 0.0 0.0 0.0 0.0 
-1.0 -1.0 -1.0 -1.0 -1.0 -1.0 -1.0 -1.0 -1.0 -1.0 -1.0 0.0 0.0 0.0 0.0 0.0 0.0 0.0 0.0 0.0 0.0 0.0 0.0 0.0 0.0 
-1.0 -1.0 -1.0 -1.0 -1.0 -1.0 -1.0 -1.0 -1.0 0.0 0.0 0.0 0.0 0.0 0.0 0.0 0.0 0.0 0.0 0.0 0.0 0.0 0.0 0.0 0.0 
-1.0 -1.0 -1.0 -1.0 -1.0 -1.0 -1.0 0.0 0.0 0.0 0.0 0.0 0.0 0.0 0.0 0.0 0.0 0.0 0.0 0.0 0.0 0.0 0.0 0.0 0.0 
-1.0 -1.0 -1.0 -1.0 -1.0 -2.0 0.0 0.0 0.0 0.0 0.0 0.0 0.0 0.0 0.0 0.0 0.0 0.0 0.0 0.0 0.0 0.0 0.0 0.0 0.0 
-1.0 -1.0 -1.0 -2.0 -2.0 -2.0 0.0 0.0 0.0 0.0 0.0 0.0 0.0 0.0 0.0 0.0 0.0 0.0 0.0 0.0 0.0 0.0 0.0 0.0 0.0 
-2.0 -2.0 -2.0 -2.0 -2.0 -2.0 0.0 0.0 0.0 0.0 0.0 0.0 0.0 0.0 0.0 0.0 0.0 0.0 0.0 0.0 0.0 0.0 0.0 0.0 0.0 
-2.0 -2.0 -2.0 -2.0 -2.0 -2.0 0.0 0.0 0.0 0.0 0.0 0.0 0.0 0.0 0.0 0.0 0.0 0.0 0.0 0.0 0.0 0.0 0.0 0.0 0.0 
-2.0 -2.0 -2.0 -2.0 -2.0 -2.0 0.0 0.0 0.0 0.0 0.0 0.0 0.0 0.0 0.0 0.0 0.0 0.0 0.0 0.0 0.0 0.0 0.0 0.0 0.0 
-2.0 -2.0 -2.0 -2.0 -2.0 -2.0 0.0 0.0 0.0 0.0 0.0 0.0 0.0 0.0 0.0 0.0 0.0 0.0 0.0 0.0 0.0 0.0 0.0 0.0 0.0 
-2.0 -2.0 -2.0 -2.0 -2.0 -2.0 0.0 0.0 0.0 0.0 0.0 0.0 0.0 0.0 0.0 0.0 0.0 0.0 0.0 0.0 0.0 0.0 0.0 0.0 0.0 
-2.0 -2.0 -2.0 -2.0 -2.0 -2.0 2.0 2.0 2.0 2.0 2.0 2.0 2.0 2.0 2.0 2.0 2.0 2.0 2.0 2.0 2.0 2.0 2.0 2.0 2.0 
2.0 2.0 2.0 2.0 2.0 2.0 2.0 2.0 2.0 2.0 2.0 2.0 2.0 2.0 2.0 2.0 2.0 2.0 2.0 2.0 2.0 2.0 2.0 2.0 2.0 
2.0 2.0 2.0 2.0 2.0 2.0 2.0 2.0 2.0 2.0 2.0 2.0 2.0 2.0 2.0 2.0 2.0 2.0 2.0 2.0 2.0 2.0 2.0 2.0 2.0 
2.0 2.0 2.0 2.0 2.0 2.0 2.0 2.0 2.0 2.0 2.0 2.0 2.0 2.0 2.0 2.0 2.0 2.0 2.0 2.0 2.0 2.0 2.0 2.0 2.0 
2.0 2.0 2.0 2.0 2.0 2.0 2.0 2.0 2.0 2.0 2.0 2.0 2.0 2.0 2.0 2.0 2.0 2.0 2.0 2.0 2.0 2.0 2.0 2.0 2.0 
2.0 2.0 2.0 2.0 2.0 2.0 2.0 2.0 2.0 2.0 2.0 2.0 2.0 2.0 2.0 2.0 2.0 2.0 2.0 2.0 2.0 2.0 2.0 2.0 2.0 

-1.0 -1.0 -1.0 -1.0 -1.0 -1.0 -1.0 -1.0 -1.0 -1.0 -1.0 -1.0 -1.0 -1.0 -1.0 -1.0 -1.0 -1.0 -1.0 -1.0 -1.0 -1.0 -1.0 -1.0 -1.0 
-1.0 -1.0 -1.0 -1.0 -1.0 -1.0 -1.0 -1.0 -1.0 -1.0 -1.0 -1.0 -1.0 -1.0 -1.0 -1.0 -1.0 -1.0 -1.0 -1.0 -1.0 -1.0 -1.0 -1.0 -1.0 
-1.0 -1.0 -1.0 -1.0 -1.0 -1.0 -1.0 -1.0 -1.0 -1.0 -1.0 -1.0 -1.0 -1.0 -1.0 -1.0 -1.0 -1.0 -1.0 -1.0 -1.0 -1.0 -1.0 -1.0 -1.0 
-1.0 -1.0 -1.0 -1.0 -1.0 -1.0 -1.0 -1.0 -1.0 -1.0 -1.0 -1.0 -1.0 -1.0 -1.0 -1.0 -1.0 -1.0 -1.0 -1.0 -1.0 -1.0 -1.0 -1.0 -1.0 
-1.0 -1.0 -1.0 -1.0 -1.0 -1.0 -1.0 -1.0 -1.0 -1.0 -1.0 -1.0 -1.0 -1.0 -1.0 -1.0 -1.0 -1.0 -1.0 -1.0 -1.0 -1.0 -1.0 -1.0 -1.0 
1.0 1.0 -1.0 -1.0 -1.0 -1.0 -1.0 -1.0 -1.0 -1.0 -1.0 -1.0 -1.0 -1.0 -1.0 -1.0 -1.0 -1.0 -1.0 -1.0 -1.0 -1.0 -1.0 -1.0 -1.0 
1.0 1.0 1.0 1.0 1.0 -1.0 -1.0 -1.0 -1.0 -1.0 -1.0 -1.0 -1.0 -1.0 -1.0 -1.0 -1.0 -1.0 -1.0 -1.0 -1.0 -1.0 -1.0 -1.0 -1.0 
1.0 1.0 1.0 1.0 1.0 1.0 1.0 1.0 1.0 -1.0 -1.0 -1.0 -1.0 -1.0 -1.0 -1.0 -1.0 -1.0 -1.0 -1.0 -2.0 -2.0 -2.0 -2.0 -2.0 
1.0 1.0 1.0 1.0 1.0 1.0 1.0 1.0 1.0 1.0 1.0 1.0 -1.0 -2.0 -2.0 -2.0 -2.0 -2.0 -2.0 -2.0 -2.0 -2.0 -2.0 -2.0 -2.0 
1.0 1.0 1.0 1.0 1.0 1.0 1.0 1.0 1.0 1.0 1.0 -2.0 -2.0 -2.0 -2.0 -2.0 -2.0 -2.0 -2.0 -2.0 -2.0 -2.0 -2.0 -2.0 -2.0 
1.0 1.0 1.0 1.0 1.0 1.0 1.0 1.0 1.0 -2.0 -2.0 -2.0 -2.0 -2.0 -2.0 -2.0 -2.0 -2.0 -2.0 -2.0 -2.0 -2.0 -2.0 -2.0 -2.0 
1.0 1.0 1.0 1.0 1.0 1.0 1.0 -2.0 -2.0 -2.0 -2.0 -2.0 -2.0 -2.0 -2.0 -2.0 -2.0 -2.0 -2.0 -2.0 -2.0 -2.0 -2.0 -2.0 -2.0 
1.0 1.0 1.0 1.0 1.0 2.0 -2.0 -2.0 -2.0 -2.0 -2.0 -2.0 -2.0 -2.0 -2.0 -2.0 -2.0 -2.0 -2.0 -2.0 -2.0 -2.0 -2.0 -2.0 -2.0 
1.0 1.0 1.0 2.0 2.0 2.0 -2.0 -2.0 -2.0 -2.0 -2.0 -2.0 -2.0 -2.0 -2.0 -2.0 -2.0 -2.0 -2.0 -2.0 -2.0 -2.0 -2.0 -2.0 -2.0 
2.0 2.0 2.0 2.0 2.0 2.0 -2.0 -2.0 -2.0 -2.0 -2.0 -2.0 -2.0 -2.0 -2.0 -2.0 -2.0 -2.0 -2.0 -2.0 -2.0 -2.0 -2.0 -2.0 -2.0 
2.0 2.0 2.0 2.0 2.0 2.0 -2.0 -2.0 -2.0 -2.0 -2.0 -2.0 -2.0 -2.0 -2.0 -2.0 -2.0 -2.0 -2.0 -2.0 -2.0 -2.0 -2.0 -2.0 -2.0 
2.0 2.0 2.0 2.0 2.0 2.0 -2.0 -2.0 -2.0 -2.0 -2.0 -2.0 -2.0 -2.0 -2.0 -2.0 -2.0 -2.0 -2.0 -2.0 -2.0 -2.0 -2.0 -2.0 -2.0 
2.0 2.0 2.0 2.0 2.0 2.0 -2.0 -2.0 -2.0 -2.0 -2.0 -2.0 -2.0 -2.0 -2.0 -2.0 -2.0 -2.0 -2.0 -2.0 -2.0 -2.0 -2.0 -2.0 -2.0 
2.0 2.0 2.0 2.0 2.0 2.0 -2.0 -2.0 -2.0 -2.0 -2.0 -2.0 -2.0 -2.0 -2.0 -2.0 -2.0 -2.0 -2.0 -2.0 -2.0 -2.0 -2.0 -2.0 -2.0 
2.0 2.0 2.0 2.0 2.0 2.0 0.0 0.0 0.0 0.0 0.0 0.0 0.0 0.0 0.0 0.0 0.0 0.0 0.0 0.0 0.0 0.0 0.0 0.0 0.0 
0.0 0.0 0.0 0.0 0.0 0.0 0.0 0.0 0.0 0.0 0.0 0.0 0.0 0.0 0.0 0.0 0.0 0.0 0.0 0.0 0.0 0.0 0.0 0.0 0.0 
0.0 0.0 0.0 0.0 0.0 0.0 0.0 0.0 0.0 0.0 0.0 0.0 0.0 0.0 0.0 0.0 0.0 0.0 0.0 0.0 0.0 0.0 0.0 0.0 0.0 
0.0 0.0 0.0 0.0 0.0 0.0 0.0 0.0 0.0 0.0 0.0 0.0 0.0 0.0 0.0 0.0 0.0 0.0 0.0 0.0 0.0 0.0 0.0 0.0 0.0 
0.0 0.0 0.0 0.0 0.0 0.0 0.0 0.0 0.0 0.0 0.0 0.0 0.0 0.0 0.0 0.0 0.0 0.0 0.0 0.0 0.0 0.0 0.0 0.0 0.0 
0.0 0.0 0.0 0.0 0.0 0.0 0.0 0.0 0.0 0.0 0.0 0.0 0.0 0.0 0.0 0.0 0.0 0.0 0.0 0.0 0.0 0.0 0.0 0.0 0.0 

