0.868777 0.239242 0.179337 0.895062 0.480010 0.414416 0.307515 0.649389 0.374516 0.197912 0.421956 0.781474 0.552356 0.882497 0.565380 0.387792 0.671125 0.777342 0.862402 0.030856 0.592610 0.809667 0.468566 0.744965 0.623998 
0.821163 0.490947 0.783094 0.300131 0.155953 0.054865 0.880262 0.696095 0.705394 0.388911 0.021634 0.677759 0.871846 0.891904 0.337141 0.634215 0.143623 0.436867 0.217761 0.689332 0.448566 0.453441 0.277882 0.089833 0.703013 
0.113019 0.023507 0.645271 0.233527 0.732008 0.714105 0.206790 0.895302 0.209314 0.500824 0.252859 0.596729 0.370459 0.330846 0.592031 0.770093 0.196466 0.476928 0.736609 0.673484 0.260550 0.818345 0.795705 0.335800 0.389441 
0.054793 0.079183 0.839435 0.614060 0.260274 0.507010 0.397043 0.568745 0.048046 0.842799 0.950960 0.731360 0.260979 0.110527 0.758842 0.225176 0.170090 0.073568 0.572624 0.716950 0.168044 0.479366 0.866945 0.852032 0.708862 
0.652725 0.124259 0.806299 0.350156 0.929004 0.620160 0.710287 0.013858 0.122985 0.992798 0.685334 0.893734 0.613338 0.850782 0.695544 0.362249 0.125806 0.983940 0.932798 0.872164 0.544812 0.142505 0.753453 0.776388 0.999712 
0.652240 0.658376 0.981008 0.302964 0.411570 0.799451 0.650768 0.887600 0.954632 0.396972 0.824303 0.206349 0.086872 0.106153 0.685415 0.500710 0.910592 0.940155 0.228335 0.073791 0.858772 0.163974 0.453470 0.398017 0.834484 
0.141333 0.798047 0.845381 0.526066 0.748749 0.982538 0.459749 0.286434 0.666685 0.974043 0.430766 0.510747 0.709687 0.084967 0.147089 0.960016 0.762969 0.681157 0.273944 0.966917 0.531506 0.810985 0.515733 0.895939 0.607667 
0.577215 0.010759 0.557613 0.538061 0.345139 0.696584 0.634061 0.508256 0.147078 0.167375 0.398763 0.202151 0.027014 0.131001 0.232171 0.708461 0.928652 0.011621 0.414080 0.761999 0.346948 0.216921 0.725908 0.100342 0.058267 
0.810028 0.519981 0.979439 0.542122 0.250312 0.855485 0.022489 0.595037 0.395129 0.487706 0.881378 0.727739 0.956086 0.189765 0.860223 0.286822 0.504110 0.995228 0.358886 0.613530 0.880196 0.965647 0.819981 0.449854 0.663462 
0.102253 0.982616 0.137246 0.327175 0.318264 0.775324 0.671917 0.594115 0.067667 0.102383 0.434905 0.403041 0.056181 0.225919 0.742706 0.151099 0.318224 0.859352 0.820190 0.004181 0.424521 0.110482 0.430354 0.032244 0.945842 
0.192632 0.976457 0.400385 0.472594 0.761155 0.179131 0.615599 0.176744 0.989319 0.099641 0.085426 0.137433 0.385891 0.540501 0.832454 0.108955 0.324607 0.443219 0.670765 0.927959 0.862955 0.494835 0.864952 0.940560 0.550831 
0.267990 0.480033 0.056776 0.327576 0.657388 0.091243 0.287695 0.230013 0.218984 0.277501 0.381172 0.688375 0.136464 0.247432 0.660591 0.054553 0.187297 0.564412 0.323758 0.182185 0.969919 0.041388 0.644248 0.764825 0.386372 
0.305245 0.544927 0.403681 0.762941 0.410838 0.899669 0.232406 0.885743 0.580126 0.012193 0.242592 0.609547 0.776863 0.959614 0.478032 0.297798 0.014783 0.491512 0.282310 0.218085 0.882389 0.513705 0.382697 0.335090 0.283052 
0.774136 0.595257 0.617523 0.862081 0.975804 0.950107 0.268835 0.326456 0.447893 0.898766 0.393434 0.794277 0.616671 0.742721 0.097797 0.021362 0.825091 0.730872 0.674905 0.401537 0.903773 0.762715 0.674836 0.536049 0.414523 
0.324719 0.182474 0.547560 0.608364 0.566407 0.196783 0.099463 0.558693 0.964222 0.205206 0.431956 0.941931 0.628488 0.813586 0.686093 0.216215 0.895116 0.316441 0.120905 0.731713 0.632451 0.944078 0.179535 0.466433 0.330962 
0.283144 0.082770 0.041368 0.592761 0.180364 0.495630 0.723025 0.514178 0.124725 0.098223 0.805475 0.669863 0.367137 0.022885 0.351646 0.958069 0.578041 0.292319 0.814893 0.166259 0.234290 0.489743 0.077573 0.108789 0.102345 
0.150520 0.303187 0.109815 0.550996 0.041464 0.783015 0.341420 0.843547 0.258933 0.860150 0.063209 0.641134 0.576628 0.659257 0.344070 0.898103 0.027196 0.707561 0.202387 0.052588 0.814794 0.882796 0.149172 0.176507 0.226480 
0.965856 0.846055 0.555037 0.908927 0.675875 0.835953 0.315241 0.533687 0.549518 0.017792 0.555533 0.512703 0.184759 0.045751 0.566433 0.166669 0.797580 0.531296 0.409128 0.317096 0.715350 0.273463 0.221091 0.959941 0.770265 
0.276838 0.503060 0.867907 0.603884 0.822181 0.184044 0.165975 0.396763 0.247471 0.055778 0.888739 0.103810 0.336219 0.618188 0.354288 0.752119 0.213168 0.172413 0.452930 0.160179 0.780506 0.989786 0.271575 0.618625 0.843605 
0.346276 0.086818 0.729979 0.921410 0.875911 0.058820 0.059104 0.824001 0.912048 0.074667 0.502253 0.612405 0.079310 0.319858 0.637065 0.842604 0.058677 0.156414 0.769038 0.829314 0.151674 0.016669 0.795423 0.621472 0.501142 
0.924676 0.364850 0.982826 0.855579 0.936236 0.850689 0.978923 0.755607 0.527877 0.327458 0.291899 0.982959 0.636675 0.106098 0.079569 0.790457 0.747078 0.445412 0.503346 0.347197 0.875950 0.978029 0.309969 0.410031 0.004510 
0.830094 0.722909 0.546157 0.564449 0.455022 0.236463 0.051400 0.040159 0.879724 0.133861 0.318751 0.484043 0.259673 0.187511 0.774468 0.925837 0.757289 0.544095 0.201473 0.927531 0.720360 0.635914 0.211741 0.329459 0.912943 
0.762192 0.542791 0.108403 0.410704 0.383143 0.409043 0.553728 0.616206 0.281906 0.491538 0.110639 0.256909 0.870513 0.587978 0.502296 0.216898 0.387158 0.936099 0.312307 0.839188 0.402200 0.715348 0.217922 0.896523 0.972800 
0.761805 0.343840 0.037682 0.309461 0.775026 0.670918 0.216718 0.030304 0.060776 0.485939 0.767040 0.153007 0.259617 0.574544 0.237256 0.820919 0.670607 0.330203 0.120109 0.924205 0.234670 0.535258 0.208049 0.557085 0.736855 
0.758662 0.962798 0.847331 0.380475 0.131192 0.039431 0.009935 0.673203 0.045430 0.652462 0.968046 0.065678 0.394605 0.180564 0.713044 0.940942 0.329863 0.605589 0.168694 0.820644 0.489804 0.496454 0.187108 0.113204 0.000010 

0.575859 0.130677 0.022458 0.005951 0.417767 0.182483 0.346633 0.907185 0.286555 0.899361 0.597054 0.001522 0.890798 0.472776 0.885455 0.885932 0.803320 0.226534 0.384437 0.085071 0.609511 0.564379 0.709479 0.403427 0.588720 
0.209279 0.128631 0.386599 0.017028 0.062323 0.798172 0.157267 0.559922 0.564938 0.105628 0.316280 0.126176 0.705921 0.423989 0.216240 0.113638 0.600919 0.280427 0.768256 0.321916 0.832035 0.509201 0.274047 0.088831 0.683208 
0.816585 0.941905 0.497267 0.019094 0.645841 0.531756 0.491693 0.512575 0.064966 0.619400 0.798084 0.175843 0.964548 0.065851 0.545994 0.746343 0.058242 0.313804 0.190541 0.293307 0.409436 0.505481 0.897427 0.099601 0.106472 
0.893997 0.008772 0.215353 0.010865 0.931916 0.619421 0.855355 0.866972 0.229168 0.436256 0.507164 0.486328 0.582862 0.787646 0.293514 0.595341 0.341501 0.407871 0.441233 0.328283 0.570878 0.262452 0.956287 0.583746 0.585589 
0.453832 0.544073 0.340285 0.109623 0.179752 0.287819 0.150413 0.510593 0.704831 0.344014 0.317560 0.236128 0.415061 0.115613 0.343126 0.227887 0.153334 0.288475 0.544369 0.281254 0.527495 0.134345 0.719573 0.387688 0.374245 
0.389537 0.280698 0.620714 0.965936 0.618227 0.619001 0.254331 0.226052 0.123070 0.268711 0.009790 0.733772 0.901467 0.999651 0.921618 0.814585 0.483734 0.112379 0.318778 0.004167 0.142227 0.013981 0.574958 0.480621 0.664043 
0.693442 0.838897 0.949904 0.215280 0.485925 0.538765 0.170805 0.258782 0.519001 0.749673 0.649999 0.474875 0.214406 0.015264 0.915474 0.861123 0.784531 0.389613 0.806413 0.129655 0.355210 0.184960 0.912818 0.290662 0.065362 
0.669060 0.091261 0.961178 0.234445 0.151918 0.449435 0.385704 0.829456 0.418573 0.178902 0.517080 0.414742 0.013114 0.843636 0.555146 0.685475 0.822809 0.288880 0.750253 0.048846 0.196421 0.747453 0.063397 0.572813 0.604698 
0.034815 0.620570 0.193270 0.204452 0.357037 0.002970 0.419285 0.640565 0.313847 0.219556 0.391939 0.752749 0.745114 0.719768 0.101527 0.204207 0.811329 0.438887 0.085807 0.673593 0.052665 0.248026 0.714587 0.099728 0.395235 
0.451849 0.148820 0.910266 0.457714 0.999965 0.254465 0.781117 0.087951 0.044935 0.336340 0.727079 0.671609 0.273360 0.299531 0.172829 0.312602 0.365158 0.309420 0.321154 0.938768 0.805523 0.394120 0.854158 0.024083 0.784207 
0.674277 0.595729 0.763020 0.946017 0.948539 0.178709 0.089895 0.150615 0.306579 0.656021 0.562496 0.665396 0.051321 0.385582 0.909283 0.192635 0.814153 0.294889 0.771784 0.088637 0.374284 0.326286 0.650399 0.922113 0.008293 
0.326217 0.496089 0.422125 0.985170 0.092610 0.046456 0.557243 0.163311 0.595327 0.688951 0.848885 0.934469 0.932117 0.129953 0.327417 0.705373 0.424540 0.690177 0.845931 0.544389 0.487448 0.065597 0.381570 0.405354 0.381129 
0.004605 0.627088 0.200829 0.570359 0.686701 0.924612 0.700797 0.748549 0.096268 0.069537 0.556392 0.785536 0.974900 0.677366 0.584649 0.860477 0.147519 0.538724 0.308554 0.204736 0.076650 0.080023 0.473608 0.967308 0.255950 
0.687522 0.734829 0.601097 0.219365 0.552632 0.219792 0.800263 0.226501 0.019704 0.032135 0.661407 0.493108 0.182833 0.404114 0.305745 0.773331 0.467308 0.821779 0.520127 0.053964 0.706871 0.288168 0.066279 0.428562 0.649340 
0.693335 0.343943 0.050133 0.502841 0.088415 0.517027 0.204640 0.970123 0.839292 0.217668 0.548808 0.241711 0.194564 0.505574 0.930764 0.300253 0.056309 0.537851 0.916194 0.159823 0.961939 0.679409 0.874542 0.075177 0.931061 
0.440051 0.724369 0.320411 0.549658 0.640332 0.572956 0.263808 0.720313 0.918615 0.626929 0.741059 0.046716 0.959465 0.958928 0.647428 0.875248 0.534721 0.706702 0.168464 0.058163 0.383715 0.283014 0.433805 0.112413 0.238339 
0.495855 0.153728 0.091265 0.359366 0.169898 0.558092 0.603517 0.035062 0.752727 0.673819 0.766412 0.072107 0.802550 0.240764 0.670139 0.847530 0.031858 0.143744 0.383171 0.860145 0.363372 0.297852 0.185362 0.014728 0.888460 
0.595928 0.958201 0.357235 0.230179 0.821702 0.405494 0.931671 0.230234 0.643309 0.642776 0.483217 0.619687 0.293118 0.595376 0.407847 0.914113 0.985801 0.736266 0.334968 0.619924 0.717493 0.508010 0.374781 0.186249 0.759407 
0.441869 0.749516 0.811285 0.562516 0.392187 0.721676 0.524687 0.987397 0.604924 0.618355 0.726150 0.211890 0.490621 0.120970 0.998839 0.130887 0.196549 0.214344 0.127649 0.357014 0.028334 0.317398 0.719640 0.777295 0.066480 
0.588199 0.098750 0.880369 0.844109 0.222087 0.872740 0.160040 0.695418 0.755449 0.572083 0.628159 0.094188 0.870831 0.673820 0.523882 0.029378 0.872321 0.060035 0.786659 0.915642 0.880283 0.003958 0.443919 0.146613 0.777590 
0.621779 0.273523 0.976814 0.551532 0.878451 0.185832 0.612433 0.573422 0.514089 0.403893 0.584401 0.119560 0.291398 0.396414 0.137283 0.074852 0.371276 0.561365 0.995567 0.926897 0.277990 0.210925 0.737481 0.668466 0.238900 
0.232452 0.719941 0.839067 0.208461 0.188770 0.268067 0.920050 0.296093 0.198726 0.636362 0.967345 0.450974 0.695245 0.974357 0.166398 0.751584 0.378257 0.940552 0.110211 0.368252 0.407226 0.248512 0.293637 0.737589 0.445788 
0.372325 0.242346 0.096600 0.675900 0.612863 0.523406 0.033284 0.332634 0.253794 0.105362 0.329907 0.730914 0.024019 0.322341 0.329552 0.663786 0.302453 0.463340 0.765625 0.963333 0.751445 0.089027 0.837047 0.965153 0.454316 
0.972278 0.347681 0.402401 0.056689 0.414443 0.132949 0.856964 0.965388 0.717992 0.445397 0.222477 0.663975 0.077297 0.381274 0.672410 0.371210 0.684116 0.246099 0.151894 0.117142 0.960796 0.028136 0.639385 0.093468 0.439644 
0.086737 0.315471 0.104285 0.778107 0.871646 0.732381 0.807454 0.342527 0.673609 0.061844 0.870931 0.270604 0.487593 0.000394 0.843157 0.804224 0.744443 0.379015 0.348578 0.963130 0.589939 0.367808 0.793006 0.863760 0.118115 

1.903763 0.410784 0.183347 0.871021 1.429875 0.872008 1.098923 2.524675 0.982103 2.012789 1.798549 0.797189 2.409058 1.866905 2.265325 2.130386 2.148483 1.173572 1.735560 0.193108 1.808696 1.774551 1.841190 1.518927 1.891681 
1.163797 0.673580 1.918690 0.564926 0.389060 1.742231 1.254800 1.994003 1.745575 0.569549 0.745260 0.798529 2.296743 1.872074 0.836933 0.750219 1.327722 0.898110 1.677444 1.232484 2.055898 1.500017 0.865018 0.194922 2.265065 
1.847900 1.754024 1.927633 0.386515 2.155086 1.804178 1.150309 2.137737 0.381326 1.797249 1.765682 0.899669 2.558420 0.458994 1.567675 2.342942 0.375197 1.155172 1.197043 1.240141 1.010482 1.685249 2.652319 0.501054 0.462870 
0.981320 -0.031382 1.838844 1.237714 1.498124 1.625201 2.007005 2.331009 0.651478 1.730280 1.739847 1.838036 1.539544 1.849382 1.478675 1.504831 0.815858 0.956058 1.532263 1.420638 1.073033 0.959415 2.893935 2.111512 1.824685 
1.849559 0.708184 1.872331 0.720971 2.096313 1.568971 1.604410 0.901069 1.534246 1.785658 1.232024 1.461813 1.334905 0.919326 1.366917 0.781645 0.586491 1.470523 2.077969 1.479946 1.643292 0.508701 2.161203 1.647315 1.728153 
-2.338553 1.598564 2.545736 1.612362 1.334820 2.260234 1.636207 1.202076 1.192136 0.730476 0.955426 1.562894 1.733301 2.058096 2.523083 2.104771 2.033697 1.332462 0.809632 0.128255 0.976452 0.135759 -0.102034 0.037359 2.218305 
-1.618862 -3.307691 -3.511019 1.177521 2.147866 2.494403 0.983356 0.932828 1.926393 2.567911 1.667781 1.561365 1.197463 0.008295 1.224076 2.807982 2.335384 1.645809 1.891149 1.337925 1.185894 1.143519 -0.023837 0.103724 -0.038067 
-2.367140 -0.203500 2.308799 1.276103 0.918717 1.797689 1.577800 1.829783 0.838685 0.626981 1.350992 0.698457 0.199942 1.129354 0.963549 2.120150 2.685212 0.184544 1.785869 0.896257 0.005386 0.199651 -0.015633 -0.104975 0.173642 
-1.834741 -2.254460 -2.419911 1.287000 0.833283 1.774726 0.423267 1.703343 1.146862 1.305636 2.129919 2.287969 2.712687 1.214129 1.842392 0.831508 1.827977 2.360092 0.681361 0.251966 -0.147463 0.068536 -0.029789 -0.103929 0.078243 
-1.198392 -2.160607 -2.009786 1.050117 1.611911 1.793478 2.088206 1.291771 0.246952 0.398263 1.461369 1.426280 0.216524 0.882750 1.638971 0.545047 1.139760 1.896867 1.945785 1.033159 1.847566 -0.150987 -0.054343 -0.060204 -0.235592 
-1.639266 -2.980349 1.630817 1.670221 2.393306 0.650323 1.120857 0.467072 2.474036 0.914468 0.649879 1.044529 0.908724 1.591651 2.576153 0.413099 1.317915 1.190795 2.239814 2.081657 1.969659 -0.007775 -0.004232 0.033349 0.058374 
-1.175587 -2.107521 -0.923240 -2.773421 1.596887 0.234780 1.129122 0.759900 1.050395 1.165966 -1.174571 2.278185 1.212138 0.759354 1.573075 0.834017 0.882370 1.877213 1.475206 -0.218029 0.066832 0.036631 0.091161 0.062254 0.011175 
-0.560174 -2.481904 1.059259 2.129177 1.471897 2.820497 -0.901412 -1.754590 1.208955 -0.201806 -0.694943 2.043995 2.696900 2.691745 1.374101 1.372404 0.287218 0.024096 0.204339 -0.075379 -0.086046 -0.109128 -0.130026 0.075656 -0.059162 
-2.823996 -2.690873 -2.536658 -2.505928 -2.933981 -2.354448 -1.103329 -0.748365 -0.426232 -0.962424 -0.961613 2.102909 1.386065 1.884913 0.478262 -0.627240 -1.230235 0.031729 -0.007883 0.120190 -0.009866 -0.010372 -0.039820 0.008650 -0.001243 
-2.154459 -0.994854 -1.169793 -2.217769 -1.541740 -1.500052 -0.729755 -1.391280 -1.830781 -0.412492 -0.998940 -1.283918 -0.844537 2.192118 -1.542980 -0.539583 -1.010908 0.005047 -0.143818 -0.040311 0.071123 -0.076616 -0.116621 -0.135898 0.040172 
-1.573166 -1.608956 -0.779482 -2.226804 -1.572466 -2.055875 -1.930734 -1.464106 -1.120622 -0.778081 -1.614071 -0.625902 -1.330282 -1.044896 -1.084170 -1.620263 0.038984 -0.104930 -0.083735 0.000217 0.141308 -0.176018 -0.010513 0.189519 0.009114 
-1.134569 -0.883765 -0.394205 -1.781817 -0.461604 -2.514023 -2.073717 -1.924476 -1.948497 -3.018715 -0.648165 -0.690210 -1.411208 -0.938500 -0.995333 -1.663343 0.116825 -0.932284 -0.598989 -0.021574 0.042782 -0.118923 -0.045926 -0.185724 -0.105502 
-3.194999 -3.563869 -1.823604 -2.385276 -3.021881 -2.510971 -2.405743 -1.485837 -2.391270 -0.676288 -0.971297 -1.261080 -0.415016 -0.535223 -1.068476 -1.111740 -2.021327 -1.438074 -0.763796 -0.086857 0.002625 -0.077002 0.042014 -0.058292 -0.031749 
-1.347962 -2.484121 -3.417794 -2.431427 -2.580889 -1.768883 -1.238511 -2.780839 -1.700038 -0.680903 -1.664745 -0.422892 -0.744914 -0.749718 -1.352146 -0.738747 -0.244527 -0.378293 -0.683943 -0.046735 0.024472 0.078219 0.111802 0.042135 -0.169404 
-1.770914 -0.293118 -3.178025 -3.547249 -2.168859 -1.881126 -0.353688 -3.033917 -3.055789 -1.379805 -1.124420 -0.647410 -1.071836 -0.992695 -1.258295 -0.914020 -0.951577 -0.192035 -1.524971 -1.835663 -0.081045 -0.005278 0.279189 0.117571 -0.093930 
-3.064632 -1.330155 -3.880418 -2.629799 -3.713976 -2.112975 -3.120474 -2.800407 -2.226207 -1.413930 -0.794672 -1.031068 -0.987717 -0.543101 -0.238331 -0.751867 -1.065439 -0.992126 -1.358053 -0.044219 -0.097728 0.046206 -0.041252 0.050329 0.063088 
-2.052217 -2.864933 -2.683527 -1.594092 -1.325096 -0.758648 -1.928131 -0.522575 -1.989556 -1.504385 -1.290467 -0.782223 -0.984741 -1.100180 -1.027103 -1.597700 -0.946432 -1.512529 0.042956 0.125291 0.054494 -0.178545 0.031692 0.157917 -0.043662 
-2.231535 -1.520713 -0.359098 -2.205907 -1.849705 -1.946491 -1.115199 -1.945534 -0.960014 -1.216958 -0.759400 -0.872911 -0.998970 -0.959536 -0.665043 -0.716912 -0.599411 -1.374927 -0.141110 -0.015106 -0.041991 0.005802 -0.161840 0.018123 0.009373 
-3.461521 -1.547910 -0.831990 -0.528168 -2.406368 -1.745034 -2.156457 -1.909173 -1.667095 -1.854287 -2.062950 -1.643927 -0.177600 -0.830256 -0.948843 -1.302324 -1.196632 -0.593502 0.202994 -0.030205 -0.184515 0.121087 -0.095972 0.022416 -0.163921 
-1.729362 -2.721520 -1.928738 -2.320751 -2.083878 -1.562272 -1.718028 -2.118858 -1.388519 -1.537561 -3.855511 -0.404390 -0.823312 -0.243383 -1.424576 -1.839031 -1.108018 -0.865499 -0.006564 -0.040740 0.062253 -0.114072 0.107082 0.053251 0.127731 

3 3 3 3 3 3 3 3 3 3 3 3 3 3 3 3 3 3 3 3 3 3 3 3 3 
3 3 2 2 2 3 3 3 3 3 3 3 3 3 3 3 3 3 3 3 3 3 3 3 3 
3 3 2 2 2 3 3 3 3 3 3 3 3 3 3 3 3 3 3 3 3 3 3 3 3 
2 2 2 2 2 2 3 3 3 3 3 3 3 3 3 3 3 3 3 3 3 3 3 3 3 
2 2 2 2 2 2 2 3 3 3 3 3 3 3 3 3 3 3 3 3 3 3 3 3 3 
1 2 2 2 2 2 2 3 3 3 3 3 3 3 3 3 2 3 3 3 3 3 4 4 3 
1 1 1 2 2 2 2 2 2 2 3 3 3 3 2 2 2 2 3 3 3 3 4 4 4 
1 1 2 2 2 2 2 2 2 3 3 2 3 2 2 2 2 2 3 3 4 4 4 4 4 
1 1 1 2 2 2 2 2 2 2 2 2 2 2 2 2 2 2 2 4 4 4 4 4 4 
1 1 1 2 2 2 2 2 2 2 2 2 2 2 2 2 2 2 2 2 2 4 4 4 4 
1 1 2 2 2 2 2 2 2 2 2 2 2 2 2 2 2 2 2 2 2 4 4 4 4 
1 1 1 1 2 2 2 2 2 2 0 2 2 2 2 2 2 2 2 4 4 4 4 4 4 
1 1 2 2 2 2 0 0 2 0 0 2 2 2 2 2 2 4 4 4 4 4 4 4 4 
1 1 1 1 1 1 0 0 0 0 0 2 2 2 2 0 0 4 4 4 4 4 4 4 4 
1 1 1 1 1 1 1 0 0 0 0 0 0 2 0 0 0 4 4 4 4 4 4 4 4 
1 1 1 1 1 1 1 0 0 0 0 0 0 0 0 0 4 4 4 4 4 4 4 4 4 
1 1 1 1 1 1 1 1 1 1 0 0 0 0 0 0 0 0 0 4 4 4 4 4 4 
1 1 1 1 1 1 1 1 1 0 0 0 0 0 0 0 0 0 0 4 4 4 4 4 4 
1 1 1 1 1 1 1 1 1 0 0 0 0 0 0 0 0 0 0 4 4 4 4 4 4 
1 1 1 1 1 1 1 1 1 1 0 0 0 0 0 0 0 0 0 0 4 4 4 4 4 
1 1 1 1 1 1 1 1 1 1 0 0 0 0 0 0 0 0 0 4 4 4 4 4 4 
1 1 1 1 1 1 1 1 1 1 0 0 0 0 0 0 0 0 4 4 4 4 4 4 4 
1 1 1 1 1 1 1 1 1 1 1 0 0 0 0 0 0 0 4 4 4 4 4 4 4 
1 1 1 1 1 1 1 1 1 1 1 1 0 0 0 0 0 0 4 4 4 4 4 4 4 
1 1 1 1 1 1 1 1 1 1 1 0 0 0 0 0 0 0 4 4 4 4 4 4 4 

1.0 1.0 1.0 1.0 1.0 1.0 1.0 1.0 1.0 1.0 1.0 1.0 1.0 1.0 1.0 1.0 1.0 1.0 1.0 1.0 1.0 1.0 1.0 1.0 1.0 
1.0 1.0 2.0 2.0 2.0 1.0 1.0 1.0 1.0 1.0 1.0 1.0 1.0 1.0 1.0 1.0 1.0 1.0 1.0 1.0 1.0 1.0 1.0 1.0 1.0 
1.0 1.0 2.0 2.0 2.0 1.0 1.0 1.0 1.0 1.0 1.0 1.0 1.0 1.0 1.0 1.0 1.0 1.0 1.0 1.0 1.0 1.0 1.0 1.0 1.0 
2.0 2.0 2.0 2.0 2.0 2.0 1.0 1.0 1.0 1.0 1.0 1.0 1.0 1.0 1.0 1.0 1.0 1.0 1.0 1.0 1.0 1.0 1.0 1.0 1.0 
2.0 2.0 2.0 2.0 2.0 2.0 2.0 1.0 1.0 1.0 1.0 1.0 1.0 1.0 1.0 1.0 1.0 1.0 1.0 1.0 1.0 1.0 1.0 1.0 1.0 
-2.0 2.0 2.0 2.0 2.0 2.0 2.0 1.0 1.0 1.0 1.0 1.0 1.0 1.0 1.0 1.0 2.0 1.0 1.0 1.0 1.0 1.0 0.0 0.0 1.0 
-2.0 -2.0 -2.0 2.0 2.0 2.0 2.0 2.0 2.0 2.0 1.0 1.0 1.0 1.0 2.0 2.0 2.0 2.0 1.0 1.0 1.0 1.0 0.0 0.0 0.0 
-2.0 -2.0 2.0 2.0 2.0 2.0 2.0 2.0 2.0 1.0 1.0 2.0 1.0 2.0 2.0 2.0 2.0 2.0 1.0 1.0 0.0 0.0 0.0 0.0 0.0 
-2.0 -2.0 -2.0 2.0 2.0 2.0 2.0 2.0 2.0 2.0 2.0 2.0 2.0 2.0 2.0 2.0 2.0 2.0 2.0 0.0 0.0 0.0 0.0 0.0 0.0 
-2.0 -2.0 -2.0 2.0 2.0 2.0 2.0 2.0 2.0 2.0 2.0 2.0 2.0 2.0 2.0 2.0 2.0 2.0 2.0 2.0 2.0 0.0 0.0 0.0 0.0 
-2.0 -2.0 2.0 2.0 2.0 2.0 2.0 2.0 2.0 2.0 2.0 2.0 2.0 2.0 2.0 2.0 2.0 2.0 2.0 2.0 2.0 0.0 0.0 0.0 0.0 
-2.0 -2.0 -2.0 -2.0 2.0 2.0 2.0 2.0 2.0 2.0 -1.0 2.0 2.0 2.0 2.0 2.0 2.0 2.0 2.0 0.0 0.0 0.0 0.0 0.0 0.0 
-2.0 -2.0 2.0 2.0 2.0 2.0 -1.0 -1.0 2.0 -1.0 -1.0 2.0 2.0 2.0 2.0 2.0 2.0 0.0 0.0 0.0 0.0 0.0 0.0 0.0 0.0 
-2.0 -2.0 -2.0 -2.0 -2.0 -2.0 -1.0 -1.0 -1.0 -1.0 -1.0 2.0 2.0 2.0 2.0 -1.0 -1.0 0.0 0.0 0.0 0.0 0.0 0.0 0.0 0.0 
-2.0 -2.0 -2.0 -2.0 -2.0 -2.0 -2.0 -1.0 -1.0 -1.0 -1.0 -1.0 -1.0 2.0 -1.0 -1.0 -1.0 0.0 0.0 0.0 0.0 0.0 0.0 0.0 0.0 
-2.0 -2.0 -2.0 -2.0 -2.0 -2.0 -2.0 -1.0 -1.0 -1.0 -1.0 -1.0 -1.0 -1.0 -1.0 -1.0 0.0 0.0 0.0 0.0 0.0 0.0 0.0 0.0 0.0 
-2.0 -2.0 -2.0 -2.0 -2.0 -2.0 -2.0 -2.0 -2.0 -2.0 -1.0 -1.0 -1.0 -1.0 -1.0 -1.0 -1.0 -1.0 -1.0 0.0 0.0 0.0 0.0 0.0 0.0 
-2.0 -2.0 -2.0 -2.0 -2.0 -2.0 -2.0 -2.0 -2.0 -1.0 -1.0 -1.0 -1.0 -1.0 -1.0 -1.0 -1.0 -1.0 -1.0 0.0 0.0 0.0 0.0 0.0 0.0 
-2.0 -2.0 -2.0 -2.0 -2.0 -2.0 -2.0 -2.0 -2.0 -1.0 -1.0 -1.0 -1.0 -1.0 -1.0 -1.0 -1.0 -1.0 -1.0 0.0 0.0 0.0 0.0 0.0 0.0 
-2.0 -2.0 -2.0 -2.0 -2.0 -2.0 -2.0 -2.0 -2.0 -2.0 -1.0 -1.0 -1.0 -1.0 -1.0 -1.0 -1.0 -1.0 -1.0 -1.0 0.0 0.0 0.0 0.0 0.0 
-2.0 -2.0 -2.0 -2.0 -2.0 -2.0 -2.0 -2.0 -2.0 -2.0 -1.0 -1.0 -1.0 -1.0 -1.0 -1.0 -1.0 -1.0 -1.0 0.0 0.0 0.0 0.0 0.0 0.0 
-2.0 -2.0 -2.0 -2.0 -2.0 -2.0 -2.0 -2.0 -2.0 -2.0 -1.0 -1.0 -1.0 -1.0 -1.0 -1.0 -1.0 -1.0 0.0 0.0 0.0 0.0 0.0 0.0 0.0 
-2.0 -2.0 -2.0 -2.0 -2.0 -2.0 -2.0 -2.0 -2.0 -2.0 -2.0 -1.0 -1.0 -1.0 -1.0 -1.0 -1.0 -1.0 0.0 0.0 0.0 0.0 0.0 0.0 0.0 
-2.0 -2.0 -2.0 -2.0 -2.0 -2.0 -2.0 -2.0 -2.0 -2.0 -2.0 -2.0 -1.0 -1.0 -1.0 -1.0 -1.0 -1.0 0.0 0.0 0.0 0.0 0.0 0.0 0.0 
-2.0 -2.0 -2.0 -2.0 -2.0 -2.0 -2.0 -2.0 -2.0 -2.0 -2.0 -1.0 -1.0 -1.0 -1.0 -1.0 -1.0 -1.0 0.0 0.0 0.0 0.0 0.0 0.0 0.0 

2.0 2.0 2.0 2.0 2.0 2.0 2.0 2.0 2.0 2.0 2.0 2.0 2.0 2.0 2.0 2.0 2.0 2.0 2.0 2.0 2.0 2.0 2.0 2.0 2.0 
2.0 2.0 1.0 1.0 1.0 2.0 2.0 2.0 2.0 2.0 2.0 2.0 2.0 2.0 2.0 2.0 2.0 2.0 2.0 2.0 2.0 2.0 2.0 2.0 2.0 
2.0 2.0 1.0 1.0 1.0 2.0 2.0 2.0 2.0 2.0 2.0 2.0 2.0 2.0 2.0 2.0 2.0 2.0 2.0 2.0 2.0 2.0 2.0 2.0 2.0 
1.0 1.0 1.0 1.0 1.0 1.0 2.0 2.0 2.0 2.0 2.0 2.0 2.0 2.0 2.0 2.0 2.0 2.0 2.0 2.0 2.0 2.0 2.0 2.0 2.0 
1.0 1.0 1.0 1.0 1.0 1.0 1.0 2.0 2.0 2.0 2.0 2.0 2.0 2.0 2.0 2.0 2.0 2.0 2.0 2.0 2.0 2.0 2.0 2.0 2.0 
-2.0 1.0 1.0 1.0 1.0 1.0 1.0 2.0 2.0 2.0 2.0 2.0 2.0 2.0 2.0 2.0 1.0 2.0 2.0 2.0 2.0 2.0 0.0 0.0 2.0 
-2.0 -2.0 -2.0 1.0 1.0 1.0 1.0 1.0 1.0 1.0 2.0 2.0 2.0 2.0 1.0 1.0 1.0 1.0 2.0 2.0 2.0 2.0 0.0 0.0 0.0 
-2.0 -2.0 1.0 1.0 1.0 1.0 1.0 1.0 1.0 2.0 2.0 1.0 2.0 1.0 1.0 1.0 1.0 1.0 2.0 2.0 0.0 0.0 0.0 0.0 0.0 
-2.0 -2.0 -2.0 1.0 1.0 1.0 1.0 1.0 1.0 1.0 1.0 1.0 1.0 1.0 1.0 1.0 1.0 1.0 1.0 0.0 0.0 0.0 0.0 0.0 0.0 
-2.0 -2.0 -2.0 1.0 1.0 1.0 1.0 1.0 1.0 1.0 1.0 1.0 1.0 1.0 1.0 1.0 1.0 1.0 1.0 1.0 1.0 0.0 0.0 0.0 0.0 
-2.0 -2.0 1.0 1.0 1.0 1.0 1.0 1.0 1.0 1.0 1.0 1.0 1.0 1.0 1.0 1.0 1.0 1.0 1.0 1.0 1.0 0.0 0.0 0.0 0.0 
-2.0 -2.0 -2.0 -2.0 1.0 1.0 1.0 1.0 1.0 1.0 -1.0 1.0 1.0 1.0 1.0 1.0 1.0 1.0 1.0 0.0 0.0 0.0 0.0 0.0 0.0 
-2.0 -2.0 1.0 1.0 1.0 1.0 -1.0 -1.0 1.0 -1.0 -1.0 1.0 1.0 1.0 1.0 1.0 1.0 0.0 0.0 0.0 0.0 0.0 0.0 0.0 0.0 
-2.0 -2.0 -2.0 -2.0 -2.0 -2.0 -1.0 -1.0 -1.0 -1.0 -1.0 1.0 1.0 1.0 1.0 -1.0 -1.0 0.0 0.0 0.0 0.0 0.0 0.0 0.0 0.0 
-2.0 -2.0 -2.0 -2.0 -2.0 -2.0 -2.0 -1.0 -1.0 -1.0 -1.0 -1.0 -1.0 1.0 -1.0 -1.0 -1.0 0.0 0.0 0.0 0.0 0.0 0.0 0.0 0.0 
-2.0 -2.0 -2.0 -2.0 -2.0 -2.0 -2.0 -1.0 -1.0 -1.0 -1.0 -1.0 -1.0 -1.0 -1.0 -1.0 0.0 0.0 0.0 0.0 0.0 0.0 0.0 0.0 0.0 
-2.0 -2.0 -2.0 -2.0 -2.0 -2.0 -2.0 -2.0 -2.0 -2.0 -1.0 -1.0 -1.0 -1.0 -1.0 -1.0 -1.0 -1.0 -1.0 0.0 0.0 0.0 0.0 0.0 0.0 
-2.0 -2.0 -2.0 -2.0 -2.0 -2.0 -2.0 -2.0 -2.0 -1.0 -1.0 -1.0 -1.0 -1.0 -1.0 -1.0 -1.0 -1.0 -1.0 0.0 0.0 0.0 0.0 0.0 0.0 
-2.0 -2.0 -2.0 -2.0 -2.0 -2.0 -2.0 -2.0 -2.0 -1.0 -1.0 -1.0 -1.0 -1.0 -1.0 -1.0 -1.0 -1.0 -1.0 0.0 0.0 0.0 0.0 0.0 0.0 
-2.0 -2.0 -2.0 -2.0 -2.0 -2.0 -2.0 -2.0 -2.0 -2.0 -1.0 -1.0 -1.0 -1.0 -1.0 -1.0 -1.0 -1.0 -1.0 -1.0 0.0 0.0 0.0 0.0 0.0 
-2.0 -2.0 -2.0 -2.0 -2.0 -2.0 -2.0 -2.0 -2.0 -2.0 -1.0 -1.0 -1.0 -1.0 -1.0 -1.0 -1.0 -1.0 -1.0 0.0 0.0 0.0 0.0 0.0 0.0 
-2.0 -2.0 -2.0 -2.0 -2.0 -2.0 -2.0 -2.0 -2.0 -2.0 -1.0 -1.0 -1.0 -1.0 -1.0 -1.0 -1.0 -1.0 0.0 0.0 0.0 0.0 0.0 0.0 0.0 
-2.0 -2.0 -2.0 -2.0 -2.0 -2.0 -2.0 -2.0 -2.0 -2.0 -2.0 -1.0 -1.0 -1.0 -1.0 -1.0 -1.0 -1.0 0.0 0.0 0.0 0.0 0.0 0.0 0.0 
-2.0 -2.0 -2.0 -2.0 -2.0 -2.0 -2.0 -2.0 -2.0 -2.0 -2.0 -2.0 -1.0 -1.0 -1.0 -1.0 -1.0 -1.0 0.0 0.0 0.0 0.0 0.0 0.0 0.0 
-2.0 -2.0 -2.0 -2.0 -2.0 -2.0 -2.0 -2.0 -2.0 -2.0 -2.0 -1.0 -1.0 -1.0 -1.0 -1.0 -1.0 -1.0 0.0 0.0 0.0 0.0 0.0 0.0 0.0 

