0.854712 0.479255 0.664343 0.409886 0.987874 0.914665 0.182498 0.331624 0.893325 0.013901 0.323892 0.514077 0.089032 0.969853 0.747298 0.904812 0.621487 0.616636 0.003352 0.299441 0.943181 0.179695 0.019587 0.965624 0.477806 
0.942034 0.539796 0.186996 0.337720 0.627611 0.601298 0.940754 0.110394 0.093039 0.999487 0.793380 0.966031 0.252379 0.719089 0.080671 0.301660 0.781618 0.201061 0.656887 0.006894 0.639141 0.870172 0.757228 0.106940 0.903480 
0.310387 0.457137 0.092263 0.168487 0.794485 0.298150 0.321862 0.327777 0.102994 0.128928 0.054597 0.427065 0.420090 0.021073 0.965956 0.953642 0.241606 0.337334 0.877050 0.871561 0.788865 0.791844 0.165699 0.426556 0.206256 
0.952935 0.783244 0.686348 0.017807 0.439054 0.335759 0.314428 0.165400 0.803622 0.179655 0.397747 0.817804 0.805572 0.177154 0.303518 0.055043 0.827210 0.998889 0.217136 0.059732 0.605715 0.726293 0.311814 0.202213 0.121612 
0.727480 0.077125 0.179564 0.900998 0.699929 0.544204 0.929768 0.341499 0.963299 0.489818 0.231481 0.166599 0.405407 0.776114 0.851823 0.652281 0.210926 0.955589 0.879368 0.780165 0.862629 0.651084 0.589607 0.102448 0.140286 
0.599557 0.367404 0.415326 0.800792 0.578812 0.974557 0.357395 0.314852 0.276623 0.738172 0.533081 0.584300 0.184287 0.347233 0.643245 0.014153 0.860657 0.536127 0.741271 0.725239 0.522255 0.604234 0.302698 0.169627 0.071796 
0.270488 0.046064 0.487440 0.648853 0.719754 0.220065 0.916766 0.774378 0.656281 0.703654 0.270948 0.098758 0.426660 0.096462 0.487469 0.097338 0.382223 0.347334 0.206566 0.277533 0.823998 0.967902 0.267193 0.222733 0.984780 
0.664197 0.405012 0.217093 0.032126 0.431833 0.540703 0.132307 0.215241 0.880578 0.052674 0.346041 0.335005 0.079418 0.460436 0.400344 0.610892 0.392132 0.092631 0.909097 0.198847 0.830829 0.494298 0.803794 0.846138 0.106585 
0.438881 0.234019 0.804796 0.788836 0.202210 0.323875 0.734600 0.522547 0.185822 0.581431 0.416466 0.839118 0.412990 0.696295 0.114656 0.264045 0.451081 0.513422 0.036462 0.776287 0.078983 0.766014 0.262463 0.057150 0.341062 
0.029201 0.854245 0.543206 0.470754 0.552778 0.043769 0.201199 0.554734 0.453254 0.409938 0.192663 0.148747 0.728914 0.316929 0.391152 0.127390 0.885621 0.906179 0.309929 0.576713 0.235311 0.119734 0.931006 0.472613 0.546459 
0.445400 0.792437 0.989535 0.724083 0.621079 0.100077 0.581489 0.950496 0.207430 0.916987 0.973525 0.138660 0.911257 0.621008 0.658920 0.424127 0.041387 0.951906 0.401523 0.215690 0.259517 0.918032 0.864797 0.143786 0.604547 
0.762831 0.757890 0.431749 0.982252 0.546201 0.305019 0.590020 0.832020 0.595396 0.449237 0.042329 0.470030 0.055350 0.055593 0.901206 0.000158 0.472704 0.916005 0.976657 0.621782 0.830626 0.194193 0.035353 0.342890 0.727965 
0.860357 0.729320 0.302981 0.405486 0.280882 0.989872 0.860918 0.821785 0.446878 0.564183 0.634087 0.961545 0.570317 0.102965 0.499032 0.906763 0.742566 0.275584 0.446751 0.342300 0.086448 0.633199 0.488788 0.864224 0.786809 
0.219255 0.866559 0.866764 0.459771 0.688383 0.089580 0.085771 0.964384 0.580355 0.578119 0.428034 0.765627 0.079433 0.616573 0.423503 0.570690 0.661000 0.706299 0.843454 0.472275 0.616160 0.156114 0.183124 0.158054 0.274730 
0.227658 0.322471 0.331906 0.966229 0.578083 0.806165 0.410757 0.172915 0.777657 0.433408 0.587432 0.043829 0.401169 0.288261 0.664922 0.982532 0.929647 0.132691 0.710846 0.504686 0.250171 0.149535 0.494507 0.468205 0.200416 
0.582390 0.832237 0.830051 0.804351 0.440680 0.482105 0.054721 0.830206 0.217962 0.951445 0.024367 0.228325 0.772120 0.139300 0.219459 0.581769 0.576311 0.265045 0.487150 0.151592 0.113656 0.397653 0.936782 0.233707 0.242934 
0.894206 0.975549 0.349609 0.050005 0.600674 0.619203 0.974022 0.535264 0.724862 0.147391 0.019598 0.026762 0.267977 0.375878 0.127414 0.357227 0.845825 0.863097 0.444167 0.102429 0.197264 0.683164 0.367448 0.148449 0.751903 
0.682873 0.184089 0.081225 0.148696 0.057082 0.608673 0.466394 0.531443 0.850928 0.245246 0.030400 0.372530 0.241287 0.413056 0.769546 0.156801 0.929746 0.770505 0.976324 0.149281 0.906474 0.897915 0.800796 0.160829 0.945795 
0.217692 0.179634 0.411422 0.274728 0.289380 0.957257 0.588597 0.655639 0.223800 0.536802 0.097421 0.595963 0.887626 0.212410 0.991950 0.017240 0.138102 0.604764 0.046783 0.239547 0.016431 0.892655 0.319502 0.112364 0.312950 
0.252091 0.823259 0.707178 0.376273 0.584651 0.193135 0.253517 0.548022 0.878518 0.450807 0.315725 0.327023 0.634150 0.182071 0.195981 0.661879 0.791701 0.400711 0.045530 0.738948 0.504478 0.150499 0.643438 0.248849 0.641076 
0.409339 0.010131 0.846237 0.654472 0.639577 0.575194 0.136675 0.956921 0.816517 0.324260 0.339253 0.318974 0.409633 0.384661 0.295303 0.823938 0.778714 0.834647 0.664020 0.318269 0.486574 0.447820 0.826166 0.421358 0.502894 
0.815309 0.904007 0.442374 0.795005 0.369964 0.975126 0.995964 0.581842 0.230659 0.581643 0.906736 0.175442 0.393085 0.768162 0.771094 0.054173 0.508759 0.292227 0.017611 0.008410 0.800330 0.052422 0.501936 0.313701 0.846854 
0.312326 0.225881 0.416215 0.405583 0.719367 0.760487 0.957335 0.475696 0.111936 0.603770 0.851257 0.375054 0.376695 0.084576 0.630353 0.191215 0.904943 0.035927 0.808006 0.652843 0.581381 0.643996 0.728622 0.867461 0.387931 
0.886858 0.071634 0.567919 0.967445 0.841199 0.002211 0.127052 0.972323 0.547370 0.092496 0.244623 0.164293 0.917709 0.885053 0.907004 0.649241 0.552679 0.689734 0.140726 0.714084 0.114333 0.666912 0.631240 0.325441 0.724322 
0.323562 0.970198 0.682422 0.758821 0.405964 0.771119 0.661744 0.931097 0.998018 0.336398 0.748939 0.235724 0.896230 0.240158 0.797592 0.144003 0.626063 0.823919 0.298978 0.341138 0.474183 0.273547 0.027396 0.523659 0.757484 

0.306812 0.459118 0.737905 0.320497 0.085040 0.724576 0.737681 0.761804 0.735063 0.093217 0.324610 0.496115 0.830909 0.713258 0.070928 0.610863 0.602374 0.636261 0.109284 0.969932 0.238296 0.800798 0.512564 0.572251 0.399787 
0.190109 0.863098 0.649999 0.029311 0.188924 0.726302 0.105131 0.678024 0.878004 0.821485 0.386391 0.560781 0.438356 0.920441 0.393796 0.542617 0.985529 0.728774 0.956443 0.632933 0.516832 0.293543 0.807116 0.790614 0.135620 
0.711618 0.685411 0.449051 0.411345 0.714179 0.808696 0.332908 0.282113 0.658433 0.926742 0.973722 0.326746 0.945438 0.302070 0.252681 0.880337 0.430525 0.347705 0.468026 0.167074 0.151572 0.166840 0.655247 0.945060 0.165627 
0.746996 0.494765 0.703647 0.322602 0.926253 0.199255 0.429509 0.064574 0.970089 0.754311 0.151404 0.416115 0.078531 0.482119 0.936171 0.374047 0.016840 0.284194 0.117418 0.460782 0.367393 0.567713 0.147895 0.352710 0.440214 
0.316578 0.034551 0.590494 0.436666 0.321618 0.386662 0.456817 0.505819 0.452493 0.828351 0.242641 0.292627 0.455330 0.515554 0.944419 0.340035 0.130220 0.264138 0.743562 0.387440 0.127928 0.293340 0.729724 0.839291 0.951627 
0.722181 0.121981 0.497641 0.353270 0.891144 0.845304 0.213549 0.199173 0.799484 0.144751 0.577040 0.126901 0.220607 0.660843 0.047616 0.767637 0.352036 0.329817 0.397187 0.521492 0.663856 0.218609 0.733409 0.817908 0.915139 
0.610485 0.257698 0.001512 0.074292 0.479001 0.872072 0.262368 0.228144 0.767251 0.823888 0.261981 0.821802 0.515051 0.530034 0.582359 0.358854 0.026612 0.101962 0.398208 0.538863 0.890939 0.489246 0.349812 0.021358 0.336886 
0.534505 0.458839 0.344070 0.445134 0.415208 0.163182 0.268923 0.751852 0.804638 0.688136 0.609057 0.318205 0.132739 0.373230 0.824518 0.502605 0.348439 0.971667 0.226426 0.942186 0.552247 0.314873 0.827956 0.156576 0.518333 
0.844072 0.328486 0.225078 0.044182 0.005066 0.239582 0.283286 0.166235 0.185636 0.084742 0.180235 0.056575 0.034140 0.588806 0.580851 0.227904 0.052611 0.918316 0.714842 0.236378 0.505270 0.498469 0.968883 0.628567 0.759867 
0.122837 0.371267 0.843560 0.649892 0.159601 0.632378 0.201448 0.253292 0.285911 0.073882 0.876707 0.896124 0.661167 0.594956 0.411507 0.428087 0.422762 0.536952 0.597277 0.800490 0.887348 0.351375 0.970938 0.531641 0.446373 
0.153315 0.861103 0.199676 0.219283 0.657735 0.907851 0.230581 0.638008 0.472799 0.793031 0.382277 0.771371 0.235278 0.352531 0.323900 0.852071 0.935833 0.712514 0.675845 0.294161 0.513373 0.240992 0.837865 0.216064 0.982063 
0.856286 0.733854 0.264114 0.828135 0.652688 0.026519 0.694692 0.470949 0.863829 0.800010 0.664055 0.275662 0.369843 0.156682 0.956788 0.531078 0.583382 0.786214 0.653791 0.180936 0.276405 0.547804 0.385433 0.791245 0.981005 
0.702556 0.448176 0.332492 0.495797 0.610247 0.836609 0.105400 0.954069 0.125300 0.466364 0.547177 0.321866 0.111574 0.302999 0.671865 0.530799 0.923395 0.116299 0.395655 0.380968 0.286025 0.765772 0.616452 0.212115 0.410638 
0.738387 0.819585 0.408525 0.057667 0.738416 0.861624 0.739485 0.229371 0.233455 0.777542 0.236649 0.929115 0.494509 0.201901 0.486890 0.226389 0.190913 0.201293 0.793239 0.040483 0.811937 0.639812 0.697204 0.786237 0.566558 
0.885382 0.508379 0.477795 0.532609 0.904510 0.653777 0.345420 0.162940 0.125721 0.107634 0.328577 0.302685 0.240081 0.245064 0.174895 0.248846 0.154529 0.778551 0.824948 0.542112 0.068865 0.735891 0.394307 0.574634 0.369757 
0.699350 0.068342 0.584075 0.956144 0.558723 0.739757 0.148638 0.012179 0.387034 0.484271 0.324238 0.515029 0.756126 0.804224 0.071789 0.005408 0.371861 0.388400 0.238850 0.924752 0.642718 0.328278 0.185979 0.308352 0.511982 
0.552438 0.065649 0.728183 0.253866 0.749437 0.082597 0.923094 0.334514 0.139681 0.542363 0.401849 0.699698 0.801158 0.298181 0.222362 0.647460 0.603805 0.826127 0.008601 0.740668 0.491764 0.566844 0.545145 0.007346 0.035526 
0.410057 0.220303 0.502501 0.199455 0.891039 0.310505 0.669441 0.409373 0.279918 0.830036 0.427705 0.061429 0.956041 0.463418 0.055969 0.381617 0.346549 0.847389 0.633851 0.179336 0.731521 0.015541 0.483049 0.035197 0.880869 
0.627032 0.172288 0.499610 0.442632 0.259267 0.600273 0.017184 0.486959 0.147472 0.434504 0.475810 0.686511 0.445756 0.619413 0.383102 0.557394 0.497967 0.702256 0.100690 0.238242 0.439675 0.379274 0.994621 0.854120 0.378144 
0.405325 0.581815 0.309195 0.343878 0.782733 0.065359 0.909740 0.666784 0.270672 0.324186 0.302888 0.930101 0.848854 0.272198 0.331703 0.374962 0.254220 0.479295 0.658971 0.503463 0.250242 0.998500 0.568779 0.709925 0.378754 
0.434771 0.486159 0.697399 0.377477 0.703016 0.904935 0.802208 0.150856 0.507923 0.463606 0.827221 0.527328 0.188282 0.954214 0.175674 0.116885 0.656474 0.918769 0.495304 0.750369 0.602690 0.861999 0.391525 0.512947 0.824837 
0.757314 0.611891 0.775994 0.525886 0.521371 0.904877 0.635571 0.679937 0.531032 0.345938 0.173198 0.209037 0.512497 0.204245 0.706720 0.675696 0.870191 0.611995 0.184996 0.812022 0.209028 0.696262 0.627052 0.120804 0.623461 
0.166450 0.121681 0.887129 0.815578 0.515620 0.855134 0.080551 0.366390 0.437696 0.888683 0.451424 0.670225 0.227664 0.880963 0.741727 0.096106 0.718018 0.880607 0.277619 0.436114 0.413490 0.931118 0.469499 0.382292 0.320068 
0.787017 0.054430 0.331594 0.503261 0.267698 0.231021 0.864196 0.350192 0.355084 0.584901 0.994938 0.184314 0.319585 0.636641 0.239827 0.732242 0.402261 0.260912 0.511660 0.132946 0.962497 0.668832 0.678891 0.676272 0.898407 
0.288045 0.344146 0.474148 0.664194 0.583132 0.059187 0.169028 0.894773 0.195553 0.207598 0.919268 0.942043 0.236299 0.867700 0.117097 0.554726 0.508569 0.842645 0.579416 0.358877 0.721858 0.416612 0.289212 0.027764 0.075249 

-2.481032 -1.879741 -2.963798 -1.464081 -2.146078 -3.263835 -1.725713 -2.190539 -3.274685 -0.322489 -1.308539 -2.001507 -1.968082 -3.426767 -1.498931 -3.181455 -2.376139 -2.491122 -0.246415 -2.572628 -2.267876 -2.055734 -0.991861 -3.096227 -1.792314 
-2.170999 -2.778812 -1.824781 -0.777311 -1.496084 -2.692004 -2.082234 -1.560132 -1.858112 -3.610639 -2.383231 -3.030719 -1.424131 -3.152219 -0.916512 -1.503985 -3.527916 -1.987064 -3.155195 -1.376433 -2.377866 -2.303109 -2.990899 -1.770851 -2.236138 
-1.929012 -2.217070 -1.107259 -1.174470 -3.003029 -2.136365 -1.301918 -1.128737 -1.478542 -2.017988 -1.947396 -1.476821 -2.666645 -0.576872 -2.268819 -3.598753 -1.309166 -1.358119 -2.859898 -2.206098 -1.889907 -1.823945 -1.622202 -2.742763 -0.756796 
-3.485857 -2.574751 -2.820950 -0.751983 -2.861195 -1.091205 -1.508670 -0.573066 -3.464726 -1.965491 -1.189291 -2.572113 -1.545269 -1.430032 -2.651100 -0.896231 -1.740575 -2.558536 -0.789184 -1.141443 -1.958942 -2.612228 -0.832967 -1.395535 -1.097245 
-2.178888 -0.183699 -1.400911 -2.630041 -1.946165 -1.851165 -2.718355 -1.761487 -2.882165 -2.745057 -0.918810 -0.906288 -1.472959 -2.653481 -3.772620 -1.973550 -0.608863 -2.458293 -2.956517 -2.412228 -1.994780 -1.850846 -2.697724 -1.801766 -2.096781 
-0.732843 -0.300779 -0.419273 -0.283923 -0.976379 -0.857102 -0.276370 -0.139693 -0.716883 -0.273544 -0.541561 -0.239519 -0.163273 -0.757868 -0.002499 -0.780580 -0.447671 -0.360607 -0.469417 -0.607036 -0.609667 -0.279950 -0.737512 -0.788294 -0.884249 
-0.687805 -0.244107 0.139718 -0.054448 -0.591422 -0.814277 -0.303229 -0.329039 -0.870473 -0.776634 -0.218222 -0.853363 -0.292467 -0.494218 -0.666560 -0.406496 0.107252 0.021880 -0.365198 -0.560615 -0.936629 -0.303121 -0.203723 0.080630 -0.409951 
-0.555246 -0.616798 -0.338753 -0.543269 -0.357734 -0.150017 -0.359737 -0.857588 -0.906565 -0.710014 -0.603975 -0.319881 -0.113115 -0.374925 -0.872998 -0.321032 -0.537931 -0.981793 -0.204170 -0.891438 -0.506125 -0.254465 -0.807809 -0.066527 -0.548621 
-0.942752 -0.260054 -0.231667 -0.003315 0.189687 -0.304494 -0.270291 -0.412294 -0.320640 -0.098159 -0.061916 -0.071213 0.067852 -0.457127 -0.650512 -0.225359 0.116227 -1.055040 -0.890913 -0.204203 -0.361936 -0.622744 -0.992137 -0.740563 -0.880049 
-0.246941 -0.304003 -1.063301 -0.718428 -0.152948 -0.506984 -0.260751 -0.150282 -0.492763 -0.219443 -0.892740 -0.866219 -0.738073 -0.440523 -0.263923 -0.366636 -0.440181 -0.654412 -0.669755 -0.788045 -1.006762 -0.411047 -0.920680 -0.703380 -0.369921 
-0.512144 -0.674111 -1.102599 -0.766798 -0.786300 -0.142865 -0.569402 -1.021373 -0.165294 -1.060481 -1.035272 -0.012804 -0.828897 -0.653771 -0.673369 -0.514430 0.021641 -0.939333 -0.392656 -0.301522 0.013198 -0.835518 -0.884513 -0.272190 -0.700954 
-0.803227 -0.706990 -0.455295 -0.890255 -0.525190 -0.351564 -0.410620 -1.015548 -0.745596 -0.476630 -0.090833 -0.221940 -0.119451 -0.050150 -0.928887 -0.172053 -0.390210 -0.926518 -0.871543 -0.551009 -0.848258 -0.202995 -0.026262 -0.514168 -0.516878 
-0.780446 -0.720076 -0.221845 -0.495227 -0.350050 -1.172393 -0.960282 -0.924689 -0.478667 -0.530123 -0.633504 -0.812248 -0.705068 -0.160076 -0.566146 -1.000640 -0.868668 -0.237836 -0.435224 -0.389700 -0.195596 -0.574154 -0.545719 -0.982991 -1.003112 
-0.206634 -0.656051 -0.747465 -0.420216 -0.751346 -0.129753 -0.081254 -0.899751 -0.691815 -0.447002 -0.435939 -0.797555 0.086391 -0.485627 -0.478613 -0.585505 -0.586936 -0.650247 -0.908524 -0.464641 -0.664160 -0.117711 0.013235 -0.095156 -0.247686 
-0.252779 -0.256379 -0.139328 -0.940388 -0.583124 -0.681769 -0.690303 -0.128587 -0.662960 -0.501562 -0.621671 -0.010012 -0.500957 -0.352116 -0.814291 -1.048354 -1.156454 -0.164953 -0.640892 -0.558994 -0.139257 -0.055017 -0.128605 -0.427695 -0.257554 
2.517819 1.953758 2.767243 3.378596 2.048289 2.393737 0.376623 1.627467 1.271590 2.948399 0.697657 1.370721 3.192981 1.834785 0.667828 1.118348 1.771507 1.342267 1.505997 2.070829 1.619575 1.574846 2.228061 1.305436 1.403979 
2.931486 1.967205 2.071818 0.759789 2.592498 1.391736 3.927127 1.672973 1.722024 1.345480 0.877704 1.560582 2.064624 1.353516 0.698777 2.226632 2.968364 3.279038 0.918271 1.587689 1.380373 2.598925 1.705197 0.594320 1.702249 
2.071668 0.796209 1.066867 0.767152 1.816934 1.837333 2.161249 1.893437 2.292256 2.198442 0.887761 0.835734 2.405280 1.770788 1.561412 0.859917 2.432942 3.455482 3.173754 0.571570 3.193857 1.808204 2.681222 0.624762 3.584530 
1.759038 0.846790 1.852953 1.485839 1.138316 3.093746 1.285722 2.214113 0.524672 2.034838 0.967972 2.724578 2.779933 1.746403 2.747822 1.325215 1.473237 2.632760 0.466980 0.901559 0.776616 2.395620 2.604089 2.143499 1.287748 
1.311071 2.746164 1.980276 1.529804 2.815212 0.464619 2.403989 2.442626 2.330740 1.625642 1.390452 2.608758 2.882404 0.751875 0.884590 2.025686 2.272419 1.771353 1.447165 2.162477 1.624894 2.290050 2.359481 1.794486 2.034107 
0.847331 0.419652 1.623259 1.054494 1.481094 1.422891 0.891190 1.110053 1.313815 0.697828 1.202495 1.035755 0.249012 1.332174 0.465591 1.050695 1.431251 1.491891 1.109323 1.190050 1.295816 1.309298 1.294911 0.859513 1.448984 
1.655104 1.454638 1.319385 1.225986 0.770582 1.967878 1.530930 1.184851 0.778306 0.816743 0.905550 0.569768 0.993244 1.054509 1.539612 0.774534 1.405133 1.035695 0.229337 0.952311 0.856128 0.563288 1.126282 0.389867 1.644026 
0.553896 0.405545 1.461124 1.197807 1.360808 1.756321 1.115882 0.956163 0.665854 1.569033 1.235077 1.099683 0.446576 0.929325 1.426193 0.275226 1.829919 1.003880 1.093575 0.918513 1.088092 1.636335 1.103298 1.106261 0.715258 
1.744473 0.087754 1.016767 1.501894 1.095112 0.117530 0.985225 1.441456 0.838514 0.912130 1.067834 0.460670 1.243256 1.358681 1.116047 1.453443 1.096855 0.964981 0.509280 0.862878 1.134553 1.296369 1.334492 0.904790 1.716003 
0.537452 1.194177 0.944827 1.322416 0.890555 0.695198 0.867452 1.884595 1.210493 0.462387 1.816630 1.128328 1.141758 1.033584 0.858996 0.669517 1.017854 1.629175 1.054565 0.699223 1.075120 0.569223 0.390953 0.517941 0.737541 

0 0 0 0 0 0 0 0 0 0 0 0 0 0 0 0 0 0 0 0 0 0 0 0 0 
0 0 0 0 0 0 0 0 0 0 0 0 0 0 0 0 0 0 0 0 0 0 0 0 0 
0 0 0 0 0 0 0 0 0 0 0 0 0 0 0 0 0 0 0 0 0 0 0 0 0 
0 0 0 0 0 0 0 0 0 0 0 0 0 0 0 0 0 0 0 0 0 0 0 0 0 
0 0 0 0 0 0 0 0 0 0 0 0 0 0 0 0 0 0 0 0 0 0 0 0 0 
1 1 1 1 1 1 1 1 1 1 1 1 1 1 1 1 1 1 1 1 1 1 1 1 1 
1 1 1 1 1 1 1 1 1 1 1 1 1 1 1 1 1 1 1 1 1 1 1 1 1 
1 1 1 1 1 1 1 1 1 1 1 1 1 1 1 1 1 1 1 1 1 1 1 1 1 
1 1 1 1 1 1 1 1 1 1 1 1 1 1 1 1 1 1 1 1 1 1 1 1 1 
1 1 1 1 1 1 1 1 1 1 1 1 1 1 1 1 1 1 1 1 1 1 1 1 1 
2 2 2 2 2 2 2 2 2 2 2 2 2 2 2 2 2 2 2 2 2 2 2 2 2 
2 2 2 2 2 2 2 2 2 2 2 2 2 2 2 2 2 2 2 2 2 2 2 2 2 
2 2 2 2 2 2 2 2 2 2 2 2 2 2 2 2 2 2 2 2 2 2 2 2 2 
2 2 2 2 2 2 2 2 2 2 2 2 2 2 2 2 2 2 2 2 2 2 2 2 2 
2 2 2 2 2 2 2 2 2 2 2 2 2 2 2 2 2 2 2 2 2 2 2 2 2 
3 3 3 3 3 3 3 3 3 3 3 3 3 3 3 3 3 3 3 3 3 3 3 3 3 
3 3 3 3 3 3 3 3 3 3 3 3 3 3 3 3 3 3 3 3 3 3 3 3 3 
3 3 3 3 3 3 3 3 3 3 3 3 3 3 3 3 3 3 3 3 3 3 3 3 3 
3 3 3 3 3 3 3 3 3 3 3 3 3 3 3 3 3 3 3 3 3 3 3 3 3 
3 3 3 3 3 3 3 3 3 3 3 3 3 3 3 3 3 3 3 3 3 3 3 3 3 
4 4 4 4 4 4 4 4 4 4 4 4 4 4 4 4 4 4 4 4 4 4 4 4 4 
4 4 4 4 4 4 4 4 4 4 4 4 4 4 4 4 4 4 4 4 4 4 4 4 4 
4 4 4 4 4 4 4 4 4 4 4 4 4 4 4 4 4 4 4 4 4 4 4 4 4 
4 4 4 4 4 4 4 4 4 4 4 4 4 4 4 4 4 4 4 4 4 4 4 4 4 
4 4 4 4 4 4 4 4 4 4 4 4 4 4 4 4 4 4 4 4 4 4 4 4 4 

-2.0 -2.0 -2.0 -2.0 -2.0 -2.0 -2.0 -2.0 -2.0 -2.0 -2.0 -2.0 -2.0 -2.0 -2.0 -2.0 -2.0 -2.0 -2.0 -2.0 -2.0 -2.0 -2.0 -2.0 -2.0 
-2.0 -2.0 -2.0 -2.0 -2.0 -2.0 -2.0 -2.0 -2.0 -2.0 -2.0 -2.0 -2.0 -2.0 -2.0 -2.0 -2.0 -2.0 -2.0 -2.0 -2.0 -2.0 -2.0 -2.0 -2.0 
-2.0 -2.0 -2.0 -2.0 -2.0 -2.0 -2.0 -2.0 -2.0 -2.0 -2.0 -2.0 -2.0 -2.0 -2.0 -2.0 -2.0 -2.0 -2.0 -2.0 -2.0 -2.0 -2.0 -2.0 -2.0 
-2.0 -2.0 -2.0 -2.0 -2.0 -2.0 -2.0 -2.0 -2.0 -2.0 -2.0 -2.0 -2.0 -2.0 -2.0 -2.0 -2.0 -2.0 -2.0 -2.0 -2.0 -2.0 -2.0 -2.0 -2.0 
-2.0 -2.0 -2.0 -2.0 -2.0 -2.0 -2.0 -2.0 -2.0 -2.0 -2.0 -2.0 -2.0 -2.0 -2.0 -2.0 -2.0 -2.0 -2.0 -2.0 -2.0 -2.0 -2.0 -2.0 -2.0 
0.0 0.0 0.0 0.0 0.0 0.0 0.0 0.0 0.0 0.0 0.0 0.0 0.0 0.0 0.0 0.0 0.0 0.0 0.0 0.0 0.0 0.0 0.0 0.0 0.0 
0.0 0.0 0.0 0.0 0.0 0.0 0.0 0.0 0.0 0.0 0.0 0.0 0.0 0.0 0.0 0.0 0.0 0.0 0.0 0.0 0.0 0.0 0.0 0.0 0.0 
0.0 0.0 0.0 0.0 0.0 0.0 0.0 0.0 0.0 0.0 0.0 0.0 0.0 0.0 0.0 0.0 0.0 0.0 0.0 0.0 0.0 0.0 0.0 0.0 0.0 
0.0 0.0 0.0 0.0 0.0 0.0 0.0 0.0 0.0 0.0 0.0 0.0 0.0 0.0 0.0 0.0 0.0 0.0 0.0 0.0 0.0 0.0 0.0 0.0 0.0 
0.0 0.0 0.0 0.0 0.0 0.0 0.0 0.0 0.0 0.0 0.0 0.0 0.0 0.0 0.0 0.0 0.0 0.0 0.0 0.0 0.0 0.0 0.0 0.0 0.0 
-1.0 -1.0 -1.0 -1.0 -1.0 -1.0 -1.0 -1.0 -1.0 -1.0 -1.0 -1.0 -1.0 -1.0 -1.0 -1.0 -1.0 -1.0 -1.0 -1.0 -1.0 -1.0 -1.0 -1.0 -1.0 
-1.0 -1.0 -1.0 -1.0 -1.0 -1.0 -1.0 -1.0 -1.0 -1.0 -1.0 -1.0 -1.0 -1.0 -1.0 -1.0 -1.0 -1.0 -1.0 -1.0 -1.0 -1.0 -1.0 -1.0 -1.0 
-1.0 -1.0 -1.0 -1.0 -1.0 -1.0 -1.0 -1.0 -1.0 -1.0 -1.0 -1.0 -1.0 -1.0 -1.0 -1.0 -1.0 -1.0 -1.0 -1.0 -1.0 -1.0 -1.0 -1.0 -1.0 
-1.0 -1.0 -1.0 -1.0 -1.0 -1.0 -1.0 -1.0 -1.0 -1.0 -1.0 -1.0 -1.0 -1.0 -1.0 -1.0 -1.0 -1.0 -1.0 -1.0 -1.0 -1.0 -1.0 -1.0 -1.0 
-1.0 -1.0 -1.0 -1.0 -1.0 -1.0 -1.0 -1.0 -1.0 -1.0 -1.0 -1.0 -1.0 -1.0 -1.0 -1.0 -1.0 -1.0 -1.0 -1.0 -1.0 -1.0 -1.0 -1.0 -1.0 
2.0 2.0 2.0 2.0 2.0 2.0 2.0 2.0 2.0 2.0 2.0 2.0 2.0 2.0 2.0 2.0 2.0 2.0 2.0 2.0 2.0 2.0 2.0 2.0 2.0 
2.0 2.0 2.0 2.0 2.0 2.0 2.0 2.0 2.0 2.0 2.0 2.0 2.0 2.0 2.0 2.0 2.0 2.0 2.0 2.0 2.0 2.0 2.0 2.0 2.0 
2.0 2.0 2.0 2.0 2.0 2.0 2.0 2.0 2.0 2.0 2.0 2.0 2.0 2.0 2.0 2.0 2.0 2.0 2.0 2.0 2.0 2.0 2.0 2.0 2.0 
2.0 2.0 2.0 2.0 2.0 2.0 2.0 2.0 2.0 2.0 2.0 2.0 2.0 2.0 2.0 2.0 2.0 2.0 2.0 2.0 2.0 2.0 2.0 2.0 2.0 
2.0 2.0 2.0 2.0 2.0 2.0 2.0 2.0 2.0 2.0 2.0 2.0 2.0 2.0 2.0 2.0 2.0 2.0 2.0 2.0 2.0 2.0 2.0 2.0 2.0 
1.0 1.0 1.0 1.0 1.0 1.0 1.0 1.0 1.0 1.0 1.0 1.0 1.0 1.0 1.0 1.0 1.0 1.0 1.0 1.0 1.0 1.0 1.0 1.0 1.0 
1.0 1.0 1.0 1.0 1.0 1.0 1.0 1.0 1.0 1.0 1.0 1.0 1.0 1.0 1.0 1.0 1.0 1.0 1.0 1.0 1.0 1.0 1.0 1.0 1.0 
1.0 1.0 1.0 1.0 1.0 1.0 1.0 1.0 1.0 1.0 1.0 1.0 1.0 1.0 1.0 1.0 1.0 1.0 1.0 1.0 1.0 1.0 1.0 1.0 1.0 
1.0 1.0 1.0 1.0 1.0 1.0 1.0 1.0 1.0 1.0 1.0 1.0 1.0 1.0 1.0 1.0 1.0 1.0 1.0 1.0 1.0 1.0 1.0 1.0 1.0 
1.0 1.0 1.0 1.0 1.0 1.0 1.0 1.0 1.0 1.0 1.0 1.0 1.0 1.0 1.0 1.0 1.0 1.0 1.0 1.0 1.0 1.0 1.0 1.0 1.0 

-2.0 -2.0 -2.0 -2.0 -2.0 -2.0 -2.0 -2.0 -2.0 -2.0 -2.0 -2.0 -2.0 -2.0 -2.0 -2.0 -2.0 -2.0 -2.0 -2.0 -2.0 -2.0 -2.0 -2.0 -2.0 
-2.0 -2.0 -2.0 -2.0 -2.0 -2.0 -2.0 -2.0 -2.0 -2.0 -2.0 -2.0 -2.0 -2.0 -2.0 -2.0 -2.0 -2.0 -2.0 -2.0 -2.0 -2.0 -2.0 -2.0 -2.0 
-2.0 -2.0 -2.0 -2.0 -2.0 -2.0 -2.0 -2.0 -2.0 -2.0 -2.0 -2.0 -2.0 -2.0 -2.0 -2.0 -2.0 -2.0 -2.0 -2.0 -2.0 -2.0 -2.0 -2.0 -2.0 
-2.0 -2.0 -2.0 -2.0 -2.0 -2.0 -2.0 -2.0 -2.0 -2.0 -2.0 -2.0 -2.0 -2.0 -2.0 -2.0 -2.0 -2.0 -2.0 -2.0 -2.0 -2.0 -2.0 -2.0 -2.0 
-2.0 -2.0 -2.0 -2.0 -2.0 -2.0 -2.0 -2.0 -2.0 -2.0 -2.0 -2.0 -2.0 -2.0 -2.0 -2.0 -2.0 -2.0 -2.0 -2.0 -2.0 -2.0 -2.0 -2.0 -2.0 
-1.0 -1.0 -1.0 -1.0 -1.0 -1.0 -1.0 -1.0 -1.0 -1.0 -1.0 -1.0 -1.0 -1.0 -1.0 -1.0 -1.0 -1.0 -1.0 -1.0 -1.0 -1.0 -1.0 -1.0 -1.0 
-1.0 -1.0 -1.0 -1.0 -1.0 -1.0 -1.0 -1.0 -1.0 -1.0 -1.0 -1.0 -1.0 -1.0 -1.0 -1.0 -1.0 -1.0 -1.0 -1.0 -1.0 -1.0 -1.0 -1.0 -1.0 
-1.0 -1.0 -1.0 -1.0 -1.0 -1.0 -1.0 -1.0 -1.0 -1.0 -1.0 -1.0 -1.0 -1.0 -1.0 -1.0 -1.0 -1.0 -1.0 -1.0 -1.0 -1.0 -1.0 -1.0 -1.0 
-1.0 -1.0 -1.0 -1.0 -1.0 -1.0 -1.0 -1.0 -1.0 -1.0 -1.0 -1.0 -1.0 -1.0 -1.0 -1.0 -1.0 -1.0 -1.0 -1.0 -1.0 -1.0 -1.0 -1.0 -1.0 
-1.0 -1.0 -1.0 -1.0 -1.0 -1.0 -1.0 -1.0 -1.0 -1.0 -1.0 -1.0 -1.0 -1.0 -1.0 -1.0 -1.0 -1.0 -1.0 -1.0 -1.0 -1.0 -1.0 -1.0 -1.0 
0.0 0.0 0.0 0.0 0.0 0.0 0.0 0.0 0.0 0.0 0.0 0.0 0.0 0.0 0.0 0.0 0.0 0.0 0.0 0.0 0.0 0.0 0.0 0.0 0.0 
0.0 0.0 0.0 0.0 0.0 0.0 0.0 0.0 0.0 0.0 0.0 0.0 0.0 0.0 0.0 0.0 0.0 0.0 0.0 0.0 0.0 0.0 0.0 0.0 0.0 
0.0 0.0 0.0 0.0 0.0 0.0 0.0 0.0 0.0 0.0 0.0 0.0 0.0 0.0 0.0 0.0 0.0 0.0 0.0 0.0 0.0 0.0 0.0 0.0 0.0 
0.0 0.0 0.0 0.0 0.0 0.0 0.0 0.0 0.0 0.0 0.0 0.0 0.0 0.0 0.0 0.0 0.0 0.0 0.0 0.0 0.0 0.0 0.0 0.0 0.0 
0.0 0.0 0.0 0.0 0.0 0.0 0.0 0.0 0.0 0.0 0.0 0.0 0.0 0.0 0.0 0.0 0.0 0.0 0.0 0.0 0.0 0.0 0.0 0.0 0.0 
2.0 2.0 2.0 2.0 2.0 2.0 2.0 2.0 2.0 2.0 2.0 2.0 2.0 2.0 2.0 2.0 2.0 2.0 2.0 2.0 2.0 2.0 2.0 2.0 2.0 
2.0 2.0 2.0 2.0 2.0 2.0 2.0 2.0 2.0 2.0 2.0 2.0 2.0 2.0 2.0 2.0 2.0 2.0 2.0 2.0 2.0 2.0 2.0 2.0 2.0 
2.0 2.0 2.0 2.0 2.0 2.0 2.0 2.0 2.0 2.0 2.0 2.0 2.0 2.0 2.0 2.0 2.0 2.0 2.0 2.0 2.0 2.0 2.0 2.0 2.0 
2.0 2.0 2.0 2.0 2.0 2.0 2.0 2.0 2.0 2.0 2.0 2.0 2.0 2.0 2.0 2.0 2.0 2.0 2.0 2.0 2.0 2.0 2.0 2.0 2.0 
2.0 2.0 2.0 2.0 2.0 2.0 2.0 2.0 2.0 2.0 2.0 2.0 2.0 2.0 2.0 2.0 2.0 2.0 2.0 2.0 2.0 2.0 2.0 2.0 2.0 
1.0 1.0 1.0 1.0 1.0 1.0 1.0 1.0 1.0 1.0 1.0 1.0 1.0 1.0 1.0 1.0 1.0 1.0 1.0 1.0 1.0 1.0 1.0 1.0 1.0 
1.0 1.0 1.0 1.0 1.0 1.0 1.0 1.0 1.0 1.0 1.0 1.0 1.0 1.0 1.0 1.0 1.0 1.0 1.0 1.0 1.0 1.0 1.0 1.0 1.0 
1.0 1.0 1.0 1.0 1.0 1.0 1.0 1.0 1.0 1.0 1.0 1.0 1.0 1.0 1.0 1.0 1.0 1.0 1.0 1.0 1.0 1.0 1.0 1.0 1.0 
1.0 1.0 1.0 1.0 1.0 1.0 1.0 1.0 1.0 1.0 1.0 1.0 1.0 1.0 1.0 1.0 1.0 1.0 1.0 1.0 1.0 1.0 1.0 1.0 1.0 
1.0 1.0 1.0 1.0 1.0 1.0 1.0 1.0 1.0 1.0 1.0 1.0 1.0 1.0 1.0 1.0 1.0 1.0 1.0 1.0 1.0 1.0 1.0 1.0 1.0 

