0.257484 0.046881 0.325222 0.990745 0.373419 0.896381 0.080752 0.636900 0.301048 0.154852 0.220536 0.581498 0.379772 0.873515 0.127627 0.022399 0.287561 0.608998 0.581373 0.251039 0.091613 0.943530 0.903374 0.637932 0.653971 
0.842508 0.660979 0.228825 0.715776 0.845528 0.765025 0.232093 0.552946 0.591990 0.683432 0.137703 0.534001 0.285476 0.562056 0.901717 0.932884 0.746137 0.443354 0.201788 0.327885 0.077256 0.983116 0.245517 0.348536 0.434510 
0.133864 0.816665 0.474543 0.367772 0.754215 0.572340 0.632709 0.580955 0.884408 0.371854 0.142102 0.006136 0.017777 0.539532 0.074517 0.683014 0.999103 0.490960 0.785924 0.834772 0.643895 0.075035 0.198863 0.223649 0.910413 
0.617440 0.054016 0.803250 0.583232 0.577207 0.929717 0.583197 0.543103 0.345049 0.777233 0.020740 0.920174 0.746171 0.026134 0.385632 0.251821 0.441623 0.926242 0.551564 0.408853 0.543471 0.164293 0.820471 0.784354 0.653213 
0.520319 0.309937 0.110117 0.603531 0.662229 0.957049 0.100780 0.501315 0.792052 0.773429 0.172357 0.909725 0.567740 0.098171 0.139241 0.090508 0.946247 0.913261 0.292572 0.006742 0.624379 0.122927 0.301667 0.842331 0.434522 
0.329251 0.920238 0.246023 0.286514 0.902945 0.632560 0.131466 0.902479 0.473874 0.843407 0.029468 0.724364 0.277148 0.173031 0.543374 0.326254 0.477311 0.544242 0.574221 0.053202 0.134074 0.036633 0.250347 0.890932 0.642004 
0.835739 0.660520 0.889415 0.106410 0.448349 0.921679 0.895402 0.679251 0.869045 0.059462 0.539023 0.068970 0.571754 0.859157 0.994676 0.746365 0.726100 0.982270 0.693143 0.724017 0.475235 0.002788 0.285088 0.035410 0.934832 
0.494320 0.163401 0.948180 0.443454 0.197136 0.295592 0.784185 0.436571 0.014891 0.977933 0.350039 0.405076 0.629474 0.700461 0.399623 0.706896 0.304332 0.580372 0.384134 0.250778 0.745892 0.616385 0.712455 0.976039 0.509855 
0.709980 0.360527 0.201980 0.770806 0.604246 0.938456 0.878961 0.713739 0.109873 0.789829 0.710306 0.177777 0.071047 0.810514 0.732691 0.672984 0.699849 0.120842 0.604534 0.747466 0.669717 0.138436 0.860330 0.146621 0.980061 
0.904933 0.728255 0.483293 0.552794 0.967046 0.941823 0.965354 0.806889 0.090894 0.431152 0.885725 0.740650 0.305750 0.318065 0.155856 0.855037 0.146600 0.215665 0.666041 0.539234 0.982675 0.431709 0.708216 0.788460 0.076483 
0.408233 0.143668 0.549131 0.783194 0.632414 0.969429 0.441423 0.081298 0.808315 0.111905 0.911129 0.341179 0.943336 0.528701 0.328909 0.169899 0.838869 0.479593 0.333655 0.417640 0.030385 0.270649 0.793367 0.330110 0.467647 
0.831457 0.505735 0.946007 0.869445 0.412203 0.808701 0.091227 0.584317 0.555417 0.513300 0.537867 0.187270 0.352315 0.336643 0.179983 0.614348 0.177670 0.116732 0.310133 0.531456 0.275711 0.714280 0.449107 0.293231 0.948982 
0.227454 0.407644 0.263535 0.327320 0.194460 0.589740 0.125465 0.104473 0.055764 0.943501 0.405083 0.049364 0.661478 0.061405 0.022767 0.315435 0.931500 0.367761 0.412935 0.690671 0.297352 0.203765 0.144647 0.985963 0.419802 
0.201792 0.419336 0.467040 0.696886 0.218776 0.781647 0.377146 0.220682 0.670894 0.168892 0.794977 0.644785 0.676087 0.455325 0.021310 0.011901 0.623943 0.904970 0.934852 0.799977 0.970457 0.700145 0.822681 0.989881 0.799178 
0.273017 0.079400 0.692094 0.474663 0.906123 0.443589 0.035429 0.410987 0.111097 0.507264 0.426100 0.477970 0.962272 0.932067 0.428160 0.798172 0.322957 0.443737 0.364201 0.272129 0.589394 0.038853 0.268217 0.798697 0.504502 
0.882890 0.409598 0.312246 0.199729 0.612927 0.890179 0.229455 0.830808 0.557454 0.642046 0.178715 0.197786 0.081885 0.096622 0.116563 0.605708 0.678051 0.181234 0.107993 0.675132 0.718818 0.142496 0.340860 0.966204 0.482047 
0.967517 0.626253 0.941000 0.845327 0.712272 0.557926 0.168004 0.084249 0.355442 0.685098 0.557710 0.342004 0.101668 0.974708 0.441081 0.512216 0.803709 0.241264 0.286837 0.356943 0.695197 0.472835 0.842495 0.151196 0.680890 
0.465142 0.604425 0.598033 0.595597 0.666669 0.750242 0.453864 0.255924 0.521929 0.655129 0.321817 0.157121 0.642986 0.070745 0.466521 0.513503 0.844855 0.807855 0.233072 0.973310 0.281091 0.533370 0.428102 0.109018 0.722090 
0.249530 0.786741 0.505613 0.283091 0.113802 0.964347 0.443569 0.614505 0.711892 0.680169 0.690114 0.804522 0.388389 0.931147 0.179654 0.713584 0.052487 0.407230 0.059532 0.553121 0.823372 0.888588 0.574204 0.892139 0.263381 
0.298488 0.049195 0.813011 0.106951 0.922634 0.468925 0.174147 0.282710 0.582586 0.802405 0.965819 0.232061 0.384894 0.957485 0.511455 0.641426 0.253187 0.910761 0.597657 0.143586 0.002774 0.374880 0.884060 0.545056 0.552197 
0.507782 0.088329 0.456786 0.482441 0.014152 0.722963 0.211897 0.817136 0.499628 0.418672 0.645306 0.352034 0.887565 0.843619 0.369520 0.561047 0.551738 0.144851 0.994355 0.390290 0.822465 0.276882 0.946240 0.923994 0.879981 
0.251068 0.694074 0.793023 0.542912 0.380263 0.815978 0.399084 0.558266 0.969619 0.047758 0.441591 0.043691 0.842590 0.885305 0.350070 0.959302 0.552555 0.426078 0.412862 0.024431 0.973751 0.202045 0.173569 0.517372 0.136262 
0.097142 0.488135 0.343912 0.171938 0.718642 0.852717 0.515013 0.679354 0.178842 0.618008 0.969896 0.827729 0.538507 0.008611 0.399536 0.544793 0.475360 0.399955 0.616949 0.357302 0.338835 0.061614 0.909254 0.048728 0.578955 
0.361360 0.401496 0.002838 0.285922 0.867814 0.655282 0.182057 0.736917 0.124547 0.937188 0.477746 0.919841 0.632986 0.026806 0.531944 0.613634 0.884967 0.112954 0.972246 0.072424 0.316997 0.751582 0.378658 0.270877 0.964400 
0.778514 0.719976 0.654304 0.693503 0.004435 0.866129 0.341007 0.746965 0.056439 0.186722 0.761146 0.892669 0.546533 0.251013 0.260088 0.091261 0.481604 0.126828 0.956356 0.568597 0.099048 0.875923 0.238675 0.099313 0.527221 

0.681969 0.605197 0.980185 0.882285 0.733440 0.008514 0.166850 0.109988 0.993497 0.917333 0.158485 0.601672 0.535649 0.405926 0.449215 0.067323 0.201548 0.470409 0.248252 0.277560 0.795332 0.130529 0.257688 0.618761 0.342460 
0.347760 0.728467 0.507528 0.002778 0.590632 0.997109 0.966632 0.954346 0.961895 0.026838 0.895888 0.738810 0.786729 0.459683 0.256636 0.860309 0.859831 0.440851 0.117907 0.958213 0.524532 0.690559 0.307419 0.056049 0.856342 
0.603219 0.091509 0.805558 0.530804 0.138138 0.553530 0.590918 0.424830 0.975255 0.054581 0.709550 0.235672 0.186319 0.610529 0.582836 0.120777 0.996815 0.141333 0.109463 0.213808 0.957590 0.253735 0.575250 0.723050 0.442998 
0.247381 0.046325 0.070622 0.598154 0.801606 0.372473 0.012262 0.737028 0.084487 0.904500 0.945027 0.721769 0.695448 0.684708 0.598093 0.472707 0.753130 0.105158 0.093000 0.251279 0.246837 0.532976 0.063415 0.069134 0.026749 
0.627654 0.027677 0.641302 0.458585 0.940623 0.454890 0.482891 0.521885 0.614885 0.471378 0.146791 0.053040 0.333712 0.451264 0.119663 0.764871 0.784728 0.054571 0.054001 0.278685 0.588015 0.918472 0.935475 0.349786 0.844210 
0.421346 0.616463 0.359641 0.879812 0.930615 0.603570 0.204779 0.817296 0.353886 0.262885 0.451011 0.403861 0.476885 0.990780 0.159354 0.385305 0.331531 0.747030 0.066231 0.082983 0.659202 0.171524 0.405488 0.463944 0.295586 
0.909845 0.566287 0.303930 0.225947 0.369584 0.658497 0.741112 0.734085 0.889948 0.700305 0.097613 0.962815 0.962032 0.816710 0.956831 0.082477 0.401020 0.761309 0.246386 0.408733 0.972987 0.462995 0.736254 0.662918 0.282321 
0.541971 0.106037 0.379312 0.726653 0.658184 0.836641 0.172012 0.412671 0.544858 0.237168 0.024365 0.574284 0.479839 0.222589 0.369196 0.198622 0.041277 0.726864 0.134050 0.325780 0.677573 0.088960 0.545399 0.567310 0.127049 
0.776435 0.482916 0.661654 0.966082 0.166178 0.937664 0.476190 0.286853 0.162606 0.002291 0.873453 0.340088 0.365882 0.821976 0.125342 0.739649 0.772421 0.140779 0.692446 0.623695 0.785481 0.183735 0.347198 0.278993 0.799309 
0.781795 0.904331 0.941442 0.742254 0.275335 0.912527 0.119482 0.465763 0.905003 0.433015 0.955241 0.971363 0.975641 0.909165 0.129882 0.537446 0.375638 0.044964 0.781605 0.916671 0.529291 0.582714 0.607849 0.910246 0.657564 
0.468302 0.692993 0.052917 0.943731 0.532116 0.034780 0.872139 0.784664 0.011002 0.044050 0.564429 0.863277 0.992438 0.590791 0.725785 0.119440 0.232210 0.308283 0.304731 0.040411 0.829513 0.192565 0.498685 0.158983 0.419823 
0.286123 0.935063 0.732275 0.167631 0.403642 0.565312 0.044047 0.839966 0.915545 0.101429 0.833647 0.706394 0.236881 0.392958 0.490416 0.635147 0.985134 0.124121 0.837968 0.223100 0.428438 0.340740 0.339879 0.876003 0.819714 
0.477125 0.488890 0.982943 0.539321 0.499925 0.821216 0.100233 0.745110 0.355602 0.185098 0.853093 0.138673 0.735222 0.120425 0.549136 0.385032 0.892644 0.732479 0.105751 0.097622 0.908948 0.500135 0.289503 0.819836 0.112007 
0.113647 0.858298 0.291781 0.923503 0.974055 0.858958 0.656921 0.656741 0.389111 0.672292 0.113790 0.210472 0.632436 0.762191 0.400881 0.298176 0.639119 0.748856 0.178948 0.825750 0.294540 0.092067 0.799130 0.738810 0.229399 
0.886779 0.030677 0.471349 0.009395 0.442665 0.914072 0.587260 0.424116 0.404212 0.870780 0.109388 0.972770 0.818302 0.148007 0.856411 0.251517 0.204105 0.721209 0.988413 0.451117 0.894713 0.516304 0.982116 0.469201 0.697576 
0.882207 0.398608 0.502640 0.978596 0.262440 0.532869 0.500279 0.037781 0.475814 0.513120 0.061200 0.414061 0.427803 0.924826 0.225785 0.424269 0.133654 0.742802 0.093818 0.451018 0.995322 0.418658 0.134220 0.260499 0.109133 
0.545933 0.006549 0.481681 0.739135 0.327802 0.882019 0.467580 0.880456 0.422035 0.838639 0.057374 0.056603 0.493828 0.001481 0.046206 0.107692 0.035378 0.064559 0.608082 0.359097 0.544802 0.448470 0.220808 0.102283 0.598732 
0.397278 0.592435 0.369564 0.080024 0.195915 0.201072 0.199937 0.664449 0.900125 0.604866 0.002784 0.828887 0.001240 0.264643 0.318364 0.697156 0.836688 0.400101 0.663089 0.287841 0.533520 0.396507 0.358435 0.336674 0.141283 
0.709682 0.836214 0.775107 0.238753 0.069340 0.010435 0.597730 0.852672 0.355549 0.613768 0.699900 0.092175 0.986513 0.041077 0.528097 0.560233 0.564594 0.837127 0.512022 0.645227 0.324387 0.117982 0.320647 0.551534 0.422315 
0.629932 0.368372 0.490792 0.199635 0.892988 0.025462 0.723642 0.743094 0.737612 0.245414 0.930727 0.667653 0.434281 0.664703 0.693280 0.291370 0.138887 0.058631 0.354536 0.536035 0.031751 0.766287 0.852524 0.489709 0.614367 
0.776484 0.721372 0.804952 0.100274 0.600631 0.097776 0.279892 0.045168 0.180478 0.309449 0.345190 0.003483 0.159333 0.456839 0.005210 0.824227 0.704756 0.018562 0.131677 0.668561 0.005201 0.999742 0.142586 0.629163 0.290802 
0.048314 0.734632 0.946264 0.320955 0.444528 0.345482 0.330160 0.700295 0.374633 0.705203 0.073725 0.970109 0.435369 0.459668 0.852401 0.497583 0.741868 0.160472 0.366211 0.702029 0.288218 0.864090 0.363056 0.777059 0.698865 
0.986277 0.460327 0.775828 0.522135 0.386467 0.121592 0.846550 0.725559 0.271097 0.720811 0.191411 0.126985 0.093599 0.839745 0.305342 0.301508 0.299957 0.881401 0.868810 0.264245 0.372870 0.393288 0.663558 0.282348 0.622327 
0.884518 0.434126 0.148584 0.799382 0.526339 0.857739 0.886266 0.462123 0.273680 0.391931 0.081739 0.889404 0.132920 0.540851 0.336103 0.505245 0.859562 0.652428 0.780131 0.745471 0.612228 0.524441 0.841341 0.322613 0.866817 
0.345447 0.510242 0.199534 0.494332 0.898892 0.180666 0.239814 0.957419 0.210677 0.372338 0.953721 0.195812 0.208907 0.096345 0.929338 0.864324 0.164757 0.110251 0.041817 0.974639 0.646340 0.653066 0.444158 0.025892 0.779450 

1.367825 0.833318 1.559279 3.120523 1.655428 1.860334 -0.079936 1.557997 1.695798 1.053917 0.523220 1.613137 1.415680 2.299673 0.679603 -0.005081 0.719774 1.579298 1.562850 0.444633 0.920577 2.077153 2.359417 1.839692 1.628859 
2.047055 1.924675 1.155135 1.190718 2.072089 2.598201 1.365122 1.761362 2.050886 1.675465 0.814347 1.862810 1.939362 1.122454 1.695631 2.479833 2.316370 1.304556 0.628306 1.356945 0.530623 2.553014 0.473735 0.674653 1.820116 
1.131418 2.011209 1.695079 1.615849 1.612215 1.974007 1.650697 1.856196 2.786036 0.701047 1.272465 0.150473 0.058385 1.511590 0.588677 1.641514 2.886035 1.520534 1.683767 1.914448 2.388918 0.381709 0.613036 1.263441 2.204193 
1.343551 -0.069066 1.346990 2.188383 2.503635 2.235324 1.091840 1.637185 0.959289 2.334965 1.168967 2.412284 2.019625 0.979926 1.262378 0.933432 1.820544 2.026278 1.190259 0.941740 0.964951 0.799565 1.841959 1.531095 1.512836 
1.488047 0.680911 0.579080 1.457126 2.086086 2.770406 0.300832 1.367164 2.536740 1.768702 0.164181 1.947065 1.174175 0.720896 0.378781 1.313308 2.550079 1.604038 0.368372 0.067799 1.617817 1.576503 1.088471 1.964315 1.884506 
-0.711984 -1.402944 -0.606491 -0.934107 -1.923403 -1.060619 -0.223166 -2.016032 -1.068719 -1.066147 -0.360380 -1.324554 -0.726348 -1.313487 -0.808310 -0.486748 -0.766334 -1.269688 -0.679143 -0.114057 -0.888883 -0.167841 -0.857907 -1.272763 -0.820503 
-1.692264 -1.591952 -1.457424 -0.461016 -1.094141 -1.422358 -1.381645 -1.334568 -1.515843 -0.943839 -0.785617 -0.874861 -1.516470 -1.869523 -2.156532 -1.172705 -1.239570 -1.954530 -1.134296 -1.336288 -1.310865 -0.717693 -0.880390 -0.472011 -1.039867 
-1.081556 -0.158014 -1.245740 -1.300997 -1.058908 -1.159041 -0.926194 -0.902066 -0.861898 -1.118979 -0.526971 -0.858611 -1.009585 -0.844646 -0.741180 -0.950197 -0.238823 -1.310329 -0.802279 -0.284613 -1.436667 -0.474295 -0.935558 -1.469880 -0.621175 
-1.631457 -0.901900 -0.950362 -1.831157 -1.174275 -1.590415 -1.462078 -0.717661 -0.343072 -0.398540 -1.672319 -0.732180 -0.345077 -1.591763 -0.732112 -1.558799 -1.010181 -0.105525 -1.197085 -1.891733 -1.074938 -0.875915 -1.559186 -0.254265 -1.782158 
-1.819197 -1.537315 -1.430447 -1.360288 -1.157776 -1.932268 -0.987000 -1.457236 -0.990905 -0.494740 -1.735752 -1.557480 -1.310675 -1.348022 -0.471526 -1.290307 -0.824337 0.056962 -1.557534 -1.501073 -1.421680 -1.217973 -1.119776 -1.645777 -0.599547 
0.475272 1.327723 -0.832998 0.368665 -0.117867 -1.759812 1.053809 1.238440 -1.600886 0.167602 -1.020846 0.963841 0.217791 0.169485 0.744811 -0.483612 -0.862047 -0.318238 0.006783 -0.718619 1.437065 -0.123516 -0.567192 -0.041262 0.035512 
-1.295342 0.389139 -0.192209 -1.249113 0.073209 -0.309778 -0.426142 0.252907 0.683388 -0.251468 0.205399 0.850456 -0.318228 0.149922 0.567084 0.108375 1.918533 0.133005 1.116627 -0.129395 0.466197 -0.699089 -0.336350 1.200155 -0.327656 
0.759659 -0.017172 0.930151 0.123022 0.636733 0.472603 -0.554144 0.897806 1.049301 -1.636652 0.774237 0.153206 0.283082 0.489501 0.863082 0.026914 -0.368732 0.626950 -1.118206 -1.237997 1.502789 0.714312 -0.015263 -0.044329 -0.704501 
-0.155870 0.547371 -0.655764 0.337047 1.094515 0.421443 0.447013 0.830554 -0.637665 1.231951 -0.981855 -0.824608 -0.020983 0.823131 0.457123 0.716421 0.434240 -0.131867 -1.440788 0.177894 -1.479015 -1.180703 0.067361 -0.488939 -1.258957 
1.592305 -0.198834 -0.330695 -0.920605 -0.965190 1.284964 0.942076 0.296532 0.287983 0.681086 -0.798994 0.698711 -0.128077 -1.807584 1.030631 -1.354798 -0.280938 0.994099 1.636839 0.220769 0.564712 0.986297 1.363418 -0.675172 0.649168 
-0.786192 -0.562554 -0.645963 -1.520886 0.147547 -0.475188 -0.738357 0.759852 -0.310942 -0.257907 0.155258 -0.876956 -1.052582 -1.963625 0.053558 -0.520340 0.375304 -1.586082 0.126943 -0.261746 -0.962951 -0.737598 -0.123916 0.517987 0.376618 
-0.276291 0.658082 -0.044232 -0.526549 0.036236 -0.937871 -0.713168 -1.893945 -0.172779 -1.109003 0.172065 0.154522 -0.840945 0.901763 0.328561 0.274579 0.834181 -0.010596 -0.784967 -0.648731 -0.448886 -0.358557 0.679060 -0.008604 -0.743923 
-0.479235 -0.566193 -0.394217 0.364869 0.083109 0.097264 0.126559 -1.311300 -1.462227 -0.342732 0.468383 -1.667029 0.711480 -0.728257 -0.097695 -0.914973 -0.903708 0.252998 -1.267917 0.624354 -0.957675 -0.232115 -0.592005 -0.536642 0.203352 
-1.490612 -0.793614 -0.986271 -0.173814 0.124012 0.873391 -0.675070 -1.230375 -0.135290 -0.544625 -0.642338 0.191767 -1.693991 0.751816 -1.037545 -0.169904 -1.057586 -1.413629 -0.897799 -0.679177 0.293548 0.626584 -0.392201 -0.299439 -1.035290 
-0.744108 -0.502762 -0.351923 -0.344684 -0.624554 0.169858 -1.253666 -1.162880 -1.080614 0.267612 -0.874785 -1.211289 -0.770216 -0.385286 -0.727859 0.331060 -0.345144 0.647039 -0.279558 -0.854975 0.123745 -1.249199 -1.282015 -0.776388 -0.828298 
0.089938 0.173968 -0.287285 -0.145844 0.031942 -0.105087 -0.274027 0.222709 -0.429434 0.029541 -0.058900 0.112730 0.281538 -0.267700 0.047609 -0.027747 -0.129572 0.089588 -0.237300 0.328908 0.020057 0.054215 -0.085134 0.048855 0.245695 
0.206138 -0.130585 -0.086332 0.418169 -0.252849 -0.650435 0.126976 -0.169388 -0.018370 0.025156 0.331500 -0.455266 -0.255126 -0.253287 0.152797 0.059595 0.027862 0.101086 -0.008068 -0.276389 -0.186554 -0.361433 0.016575 -0.182568 0.256885 
0.189099 -0.149240 0.261462 0.321094 -0.065606 0.059499 -0.307761 -0.047967 -0.155924 0.150179 0.069280 -0.000917 0.155923 -0.371634 -0.026766 0.241018 -0.165871 -0.011610 -0.317088 0.134452 0.270477 -0.143166 0.464080 0.008729 -0.276172 
0.188336 0.075630 0.085239 -0.020289 0.140255 0.125438 0.027663 0.027167 -0.090204 0.057449 -0.018984 0.128210 0.177150 -0.023427 0.196879 0.066578 0.109265 -0.278336 0.180372 -0.338780 -0.198885 -0.073355 -0.178761 0.017653 0.018118 
0.159416 -0.000882 -0.221340 0.071526 0.146527 0.121036 0.047076 0.037028 0.274016 0.139961 0.121085 -0.153591 0.248329 0.585751 0.119581 0.220678 0.224830 -0.146172 -0.023524 0.118202 0.319403 -0.043481 0.234143 0.181145 0.135305 

0 0 0 0 0 0 0 0 0 0 0 0 0 0 0 0 0 0 0 0 0 0 0 0 0 
0 0 0 0 0 0 0 0 0 0 0 0 0 0 0 0 0 0 0 0 0 0 0 0 0 
0 0 0 0 0 0 0 0 0 0 0 0 0 0 0 0 0 0 0 0 0 0 0 0 0 
0 0 0 0 0 0 0 0 0 0 0 0 0 0 0 0 0 0 0 0 0 0 0 0 0 
0 0 0 0 0 0 0 0 0 0 0 0 0 0 0 0 0 0 0 0 0 0 0 0 0 
1 1 1 1 1 1 1 1 1 1 1 1 1 1 1 1 1 1 1 1 1 1 1 1 1 
1 1 1 1 1 1 1 1 1 1 1 1 1 1 1 1 1 1 1 1 1 1 1 1 1 
1 1 1 1 1 1 1 1 1 1 1 1 1 1 1 1 1 1 1 1 1 1 1 1 1 
1 1 1 1 1 1 1 1 1 1 1 1 1 1 1 1 1 1 1 1 1 1 1 1 1 
1 1 1 1 1 1 1 1 1 1 1 1 1 1 1 1 1 1 1 1 1 1 1 1 1 
2 2 2 2 2 2 2 2 2 2 2 2 2 2 2 2 2 2 2 2 2 2 2 2 2 
2 2 2 2 2 2 2 2 2 2 2 2 2 2 2 2 2 2 2 2 2 2 2 2 2 
2 2 2 2 2 2 2 2 2 2 2 2 2 2 2 2 2 2 2 2 2 2 2 2 2 
2 2 2 2 2 2 2 2 2 2 2 2 2 2 2 2 2 2 2 2 2 2 2 2 2 
2 2 2 2 2 2 2 2 2 2 2 2 2 2 2 2 2 2 2 2 2 2 2 2 2 
3 3 3 3 3 3 3 3 3 3 3 3 3 3 3 3 3 3 3 3 3 3 3 3 3 
3 3 3 3 3 3 3 3 3 3 3 3 3 3 3 3 3 3 3 3 3 3 3 3 3 
3 3 3 3 3 3 3 3 3 3 3 3 3 3 3 3 3 3 3 3 3 3 3 3 3 
3 3 3 3 3 3 3 3 3 3 3 3 3 3 3 3 3 3 3 3 3 3 3 3 3 
3 3 3 3 3 3 3 3 3 3 3 3 3 3 3 3 3 3 3 3 3 3 3 3 3 
4 4 4 4 4 4 4 4 4 4 4 4 4 4 4 4 4 4 4 4 4 4 4 4 4 
4 4 4 4 4 4 4 4 4 4 4 4 4 4 4 4 4 4 4 4 4 4 4 4 4 
4 4 4 4 4 4 4 4 4 4 4 4 4 4 4 4 4 4 4 4 4 4 4 4 4 
4 4 4 4 4 4 4 4 4 4 4 4 4 4 4 4 4 4 4 4 4 4 4 4 4 
4 4 4 4 4 4 4 4 4 4 4 4 4 4 4 4 4 4 4 4 4 4 4 4 4 

2.0 2.0 2.0 2.0 2.0 2.0 2.0 2.0 2.0 2.0 2.0 2.0 2.0 2.0 2.0 2.0 2.0 2.0 2.0 2.0 2.0 2.0 2.0 2.0 2.0 
2.0 2.0 2.0 2.0 2.0 2.0 2.0 2.0 2.0 2.0 2.0 2.0 2.0 2.0 2.0 2.0 2.0 2.0 2.0 2.0 2.0 2.0 2.0 2.0 2.0 
2.0 2.0 2.0 2.0 2.0 2.0 2.0 2.0 2.0 2.0 2.0 2.0 2.0 2.0 2.0 2.0 2.0 2.0 2.0 2.0 2.0 2.0 2.0 2.0 2.0 
2.0 2.0 2.0 2.0 2.0 2.0 2.0 2.0 2.0 2.0 2.0 2.0 2.0 2.0 2.0 2.0 2.0 2.0 2.0 2.0 2.0 2.0 2.0 2.0 2.0 
2.0 2.0 2.0 2.0 2.0 2.0 2.0 2.0 2.0 2.0 2.0 2.0 2.0 2.0 2.0 2.0 2.0 2.0 2.0 2.0 2.0 2.0 2.0 2.0 2.0 
-1.0 -1.0 -1.0 -1.0 -1.0 -1.0 -1.0 -1.0 -1.0 -1.0 -1.0 -1.0 -1.0 -1.0 -1.0 -1.0 -1.0 -1.0 -1.0 -1.0 -1.0 -1.0 -1.0 -1.0 -1.0 
-1.0 -1.0 -1.0 -1.0 -1.0 -1.0 -1.0 -1.0 -1.0 -1.0 -1.0 -1.0 -1.0 -1.0 -1.0 -1.0 -1.0 -1.0 -1.0 -1.0 -1.0 -1.0 -1.0 -1.0 -1.0 
-1.0 -1.0 -1.0 -1.0 -1.0 -1.0 -1.0 -1.0 -1.0 -1.0 -1.0 -1.0 -1.0 -1.0 -1.0 -1.0 -1.0 -1.0 -1.0 -1.0 -1.0 -1.0 -1.0 -1.0 -1.0 
-1.0 -1.0 -1.0 -1.0 -1.0 -1.0 -1.0 -1.0 -1.0 -1.0 -1.0 -1.0 -1.0 -1.0 -1.0 -1.0 -1.0 -1.0 -1.0 -1.0 -1.0 -1.0 -1.0 -1.0 -1.0 
-1.0 -1.0 -1.0 -1.0 -1.0 -1.0 -1.0 -1.0 -1.0 -1.0 -1.0 -1.0 -1.0 -1.0 -1.0 -1.0 -1.0 -1.0 -1.0 -1.0 -1.0 -1.0 -1.0 -1.0 -1.0 
-2.0 -2.0 -2.0 -2.0 -2.0 -2.0 -2.0 -2.0 -2.0 -2.0 -2.0 -2.0 -2.0 -2.0 -2.0 -2.0 -2.0 -2.0 -2.0 -2.0 -2.0 -2.0 -2.0 -2.0 -2.0 
-2.0 -2.0 -2.0 -2.0 -2.0 -2.0 -2.0 -2.0 -2.0 -2.0 -2.0 -2.0 -2.0 -2.0 -2.0 -2.0 -2.0 -2.0 -2.0 -2.0 -2.0 -2.0 -2.0 -2.0 -2.0 
-2.0 -2.0 -2.0 -2.0 -2.0 -2.0 -2.0 -2.0 -2.0 -2.0 -2.0 -2.0 -2.0 -2.0 -2.0 -2.0 -2.0 -2.0 -2.0 -2.0 -2.0 -2.0 -2.0 -2.0 -2.0 
-2.0 -2.0 -2.0 -2.0 -2.0 -2.0 -2.0 -2.0 -2.0 -2.0 -2.0 -2.0 -2.0 -2.0 -2.0 -2.0 -2.0 -2.0 -2.0 -2.0 -2.0 -2.0 -2.0 -2.0 -2.0 
-2.0 -2.0 -2.0 -2.0 -2.0 -2.0 -2.0 -2.0 -2.0 -2.0 -2.0 -2.0 -2.0 -2.0 -2.0 -2.0 -2.0 -2.0 -2.0 -2.0 -2.0 -2.0 -2.0 -2.0 -2.0 
1.0 1.0 1.0 1.0 1.0 1.0 1.0 1.0 1.0 1.0 1.0 1.0 1.0 1.0 1.0 1.0 1.0 1.0 1.0 1.0 1.0 1.0 1.0 1.0 1.0 
1.0 1.0 1.0 1.0 1.0 1.0 1.0 1.0 1.0 1.0 1.0 1.0 1.0 1.0 1.0 1.0 1.0 1.0 1.0 1.0 1.0 1.0 1.0 1.0 1.0 
1.0 1.0 1.0 1.0 1.0 1.0 1.0 1.0 1.0 1.0 1.0 1.0 1.0 1.0 1.0 1.0 1.0 1.0 1.0 1.0 1.0 1.0 1.0 1.0 1.0 
1.0 1.0 1.0 1.0 1.0 1.0 1.0 1.0 1.0 1.0 1.0 1.0 1.0 1.0 1.0 1.0 1.0 1.0 1.0 1.0 1.0 1.0 1.0 1.0 1.0 
1.0 1.0 1.0 1.0 1.0 1.0 1.0 1.0 1.0 1.0 1.0 1.0 1.0 1.0 1.0 1.0 1.0 1.0 1.0 1.0 1.0 1.0 1.0 1.0 1.0 
0.0 0.0 0.0 0.0 0.0 0.0 0.0 0.0 0.0 0.0 0.0 0.0 0.0 0.0 0.0 0.0 0.0 0.0 0.0 0.0 0.0 0.0 0.0 0.0 0.0 
0.0 0.0 0.0 0.0 0.0 0.0 0.0 0.0 0.0 0.0 0.0 0.0 0.0 0.0 0.0 0.0 0.0 0.0 0.0 0.0 0.0 0.0 0.0 0.0 0.0 
0.0 0.0 0.0 0.0 0.0 0.0 0.0 0.0 0.0 0.0 0.0 0.0 0.0 0.0 0.0 0.0 0.0 0.0 0.0 0.0 0.0 0.0 0.0 0.0 0.0 
0.0 0.0 0.0 0.0 0.0 0.0 0.0 0.0 0.0 0.0 0.0 0.0 0.0 0.0 0.0 0.0 0.0 0.0 0.0 0.0 0.0 0.0 0.0 0.0 0.0 
0.0 0.0 0.0 0.0 0.0 0.0 0.0 0.0 0.0 0.0 0.0 0.0 0.0 0.0 0.0 0.0 0.0 0.0 0.0 0.0 0.0 0.0 0.0 0.0 0.0 

1.0 1.0 1.0 1.0 1.0 1.0 1.0 1.0 1.0 1.0 1.0 1.0 1.0 1.0 1.0 1.0 1.0 1.0 1.0 1.0 1.0 1.0 1.0 1.0 1.0 
1.0 1.0 1.0 1.0 1.0 1.0 1.0 1.0 1.0 1.0 1.0 1.0 1.0 1.0 1.0 1.0 1.0 1.0 1.0 1.0 1.0 1.0 1.0 1.0 1.0 
1.0 1.0 1.0 1.0 1.0 1.0 1.0 1.0 1.0 1.0 1.0 1.0 1.0 1.0 1.0 1.0 1.0 1.0 1.0 1.0 1.0 1.0 1.0 1.0 1.0 
1.0 1.0 1.0 1.0 1.0 1.0 1.0 1.0 1.0 1.0 1.0 1.0 1.0 1.0 1.0 1.0 1.0 1.0 1.0 1.0 1.0 1.0 1.0 1.0 1.0 
1.0 1.0 1.0 1.0 1.0 1.0 1.0 1.0 1.0 1.0 1.0 1.0 1.0 1.0 1.0 1.0 1.0 1.0 1.0 1.0 1.0 1.0 1.0 1.0 1.0 
-1.0 -1.0 -1.0 -1.0 -1.0 -1.0 -1.0 -1.0 -1.0 -1.0 -1.0 -1.0 -1.0 -1.0 -1.0 -1.0 -1.0 -1.0 -1.0 -1.0 -1.0 -1.0 -1.0 -1.0 -1.0 
-1.0 -1.0 -1.0 -1.0 -1.0 -1.0 -1.0 -1.0 -1.0 -1.0 -1.0 -1.0 -1.0 -1.0 -1.0 -1.0 -1.0 -1.0 -1.0 -1.0 -1.0 -1.0 -1.0 -1.0 -1.0 
-1.0 -1.0 -1.0 -1.0 -1.0 -1.0 -1.0 -1.0 -1.0 -1.0 -1.0 -1.0 -1.0 -1.0 -1.0 -1.0 -1.0 -1.0 -1.0 -1.0 -1.0 -1.0 -1.0 -1.0 -1.0 
-1.0 -1.0 -1.0 -1.0 -1.0 -1.0 -1.0 -1.0 -1.0 -1.0 -1.0 -1.0 -1.0 -1.0 -1.0 -1.0 -1.0 -1.0 -1.0 -1.0 -1.0 -1.0 -1.0 -1.0 -1.0 
-1.0 -1.0 -1.0 -1.0 -1.0 -1.0 -1.0 -1.0 -1.0 -1.0 -1.0 -1.0 -1.0 -1.0 -1.0 -1.0 -1.0 -1.0 -1.0 -1.0 -1.0 -1.0 -1.0 -1.0 -1.0 
2.0 2.0 2.0 2.0 2.0 2.0 2.0 2.0 2.0 2.0 2.0 2.0 2.0 2.0 2.0 2.0 2.0 2.0 2.0 2.0 2.0 2.0 2.0 2.0 2.0 
2.0 2.0 2.0 2.0 2.0 2.0 2.0 2.0 2.0 2.0 2.0 2.0 2.0 2.0 2.0 2.0 2.0 2.0 2.0 2.0 2.0 2.0 2.0 2.0 2.0 
2.0 2.0 2.0 2.0 2.0 2.0 2.0 2.0 2.0 2.0 2.0 2.0 2.0 2.0 2.0 2.0 2.0 2.0 2.0 2.0 2.0 2.0 2.0 2.0 2.0 
2.0 2.0 2.0 2.0 2.0 2.0 2.0 2.0 2.0 2.0 2.0 2.0 2.0 2.0 2.0 2.0 2.0 2.0 2.0 2.0 2.0 2.0 2.0 2.0 2.0 
2.0 2.0 2.0 2.0 2.0 2.0 2.0 2.0 2.0 2.0 2.0 2.0 2.0 2.0 2.0 2.0 2.0 2.0 2.0 2.0 2.0 2.0 2.0 2.0 2.0 
-2.0 -2.0 -2.0 -2.0 -2.0 -2.0 -2.0 -2.0 -2.0 -2.0 -2.0 -2.0 -2.0 -2.0 -2.0 -2.0 -2.0 -2.0 -2.0 -2.0 -2.0 -2.0 -2.0 -2.0 -2.0 
-2.0 -2.0 -2.0 -2.0 -2.0 -2.0 -2.0 -2.0 -2.0 -2.0 -2.0 -2.0 -2.0 -2.0 -2.0 -2.0 -2.0 -2.0 -2.0 -2.0 -2.0 -2.0 -2.0 -2.0 -2.0 
-2.0 -2.0 -2.0 -2.0 -2.0 -2.0 -2.0 -2.0 -2.0 -2.0 -2.0 -2.0 -2.0 -2.0 -2.0 -2.0 -2.0 -2.0 -2.0 -2.0 -2.0 -2.0 -2.0 -2.0 -2.0 
-2.0 -2.0 -2.0 -2.0 -2.0 -2.0 -2.0 -2.0 -2.0 -2.0 -2.0 -2.0 -2.0 -2.0 -2.0 -2.0 -2.0 -2.0 -2.0 -2.0 -2.0 -2.0 -2.0 -2.0 -2.0 
-2.0 -2.0 -2.0 -2.0 -2.0 -2.0 -2.0 -2.0 -2.0 -2.0 -2.0 -2.0 -2.0 -2.0 -2.0 -2.0 -2.0 -2.0 -2.0 -2.0 -2.0 -2.0 -2.0 -2.0 -2.0 
0.0 0.0 0.0 0.0 0.0 0.0 0.0 0.0 0.0 0.0 0.0 0.0 0.0 0.0 0.0 0.0 0.0 0.0 0.0 0.0 0.0 0.0 0.0 0.0 0.0 
0.0 0.0 0.0 0.0 0.0 0.0 0.0 0.0 0.0 0.0 0.0 0.0 0.0 0.0 0.0 0.0 0.0 0.0 0.0 0.0 0.0 0.0 0.0 0.0 0.0 
0.0 0.0 0.0 0.0 0.0 0.0 0.0 0.0 0.0 0.0 0.0 0.0 0.0 0.0 0.0 0.0 0.0 0.0 0.0 0.0 0.0 0.0 0.0 0.0 0.0 
0.0 0.0 0.0 0.0 0.0 0.0 0.0 0.0 0.0 0.0 0.0 0.0 0.0 0.0 0.0 0.0 0.0 0.0 0.0 0.0 0.0 0.0 0.0 0.0 0.0 
0.0 0.0 0.0 0.0 0.0 0.0 0.0 0.0 0.0 0.0 0.0 0.0 0.0 0.0 0.0 0.0 0.0 0.0 0.0 0.0 0.0 0.0 0.0 0.0 0.0 

