0.367455 0.493512 0.752645 0.846930 0.124938 0.038331 0.327489 0.175837 0.548837 0.490993 0.605597 0.845235 0.661980 0.133451 0.257921 0.468130 0.851307 0.151142 0.307113 0.495911 0.568362 0.449538 0.703600 0.176653 0.168202 
0.688257 0.500091 0.433571 0.872253 0.959499 0.580270 0.606649 0.617594 0.194738 0.329945 0.482793 0.961635 0.779095 0.086604 0.777681 0.492555 0.391524 0.713012 0.860047 0.997466 0.909660 0.772164 0.868890 0.764948 0.369211 
0.388299 0.079304 0.871392 0.953656 0.587092 0.406557 0.576547 0.112403 0.752492 0.926844 0.875802 0.306094 0.147962 0.985342 0.119669 0.962731 0.953107 0.071945 0.103588 0.199713 0.869038 0.316905 0.202614 0.991650 0.217819 
0.130979 0.689145 0.200125 0.558135 0.725308 0.762337 0.516523 0.923497 0.578699 0.082570 0.579623 0.522755 0.825775 0.225475 0.939609 0.637955 0.816972 0.574474 0.272884 0.054091 0.559426 0.102637 0.209666 0.938843 0.325205 
0.143394 0.069512 0.589447 0.933077 0.970433 0.240038 0.023973 0.495662 0.344071 0.300128 0.584653 0.076378 0.352148 0.918108 0.841934 0.314323 0.025449 0.419862 0.113953 0.156417 0.266460 0.692766 0.134648 0.612038 0.089716 
0.885305 0.151570 0.424839 0.217547 0.413854 0.369671 0.520931 0.449952 0.939836 0.080440 0.304951 0.154965 0.051316 0.496615 0.739777 0.507899 0.188131 0.175879 0.027242 0.215721 0.623324 0.214835 0.203657 0.243153 0.207983 
0.261688 0.573653 0.874989 0.018485 0.049730 0.208807 0.702523 0.588096 0.921789 0.689997 0.338553 0.592838 0.112868 0.100929 0.438858 0.814052 0.872273 0.252107 0.036285 0.479516 0.331282 0.471039 0.208270 0.086506 0.982206 
0.634842 0.743667 0.503254 0.205245 0.816358 0.973256 0.953927 0.288836 0.855942 0.328624 0.420694 0.334028 0.307178 0.691433 0.313131 0.810888 0.563255 0.559675 0.660943 0.579678 0.041510 0.173541 0.799050 0.402021 0.385199 
0.702406 0.055539 0.832296 0.947631 0.725540 0.753133 0.536093 0.504632 0.816881 0.227752 0.852228 0.599521 0.659681 0.335879 0.171577 0.396520 0.280005 0.136456 0.176386 0.911247 0.550142 0.870608 0.871000 0.057363 0.585340 
0.005337 0.512743 0.038141 0.738260 0.762705 0.692533 0.734269 0.640622 0.136638 0.813950 0.901806 0.316099 0.387760 0.336809 0.350873 0.112639 0.800828 0.188385 0.227279 0.475097 0.444796 0.454689 0.439450 0.956898 0.101733 
0.288207 0.864218 0.730750 0.269283 0.654417 0.609333 0.982432 0.887281 0.689976 0.527884 0.901809 0.949001 0.076802 0.885050 0.833519 0.014491 0.085359 0.922834 0.100948 0.919059 0.101864 0.885950 0.063560 0.038004 0.410125 
0.562192 0.489317 0.434118 0.798313 0.569036 0.904463 0.283521 0.277261 0.009058 0.267766 0.785047 0.703221 0.906653 0.793353 0.831620 0.354733 0.320555 0.318423 0.229512 0.215447 0.502561 0.384343 0.196966 0.955020 0.896602 
0.324060 0.766076 0.802871 0.700373 0.746702 0.317564 0.769808 0.927302 0.508586 0.693923 0.619594 0.415629 0.242246 0.115659 0.429364 0.859840 0.591079 0.596280 0.971314 0.064876 0.744588 0.422470 0.596340 0.310708 0.418088 
0.999922 0.871466 0.116910 0.114178 0.770852 0.554277 0.972436 0.743064 0.821832 0.930467 0.855871 0.975468 0.455970 0.274751 0.652620 0.868597 0.682921 0.802198 0.015114 0.172290 0.935075 0.342517 0.575963 0.310918 0.843395 
0.068888 0.462932 0.356457 0.625354 0.565081 0.524043 0.621302 0.810630 0.100963 0.592000 0.595342 0.246940 0.461528 0.019889 0.761226 0.008104 0.293806 0.654384 0.688351 0.626642 0.414688 0.246287 0.202611 0.699839 0.191229 
0.483627 0.529033 0.297832 0.534145 0.960329 0.174292 0.190928 0.862041 0.355845 0.981246 0.110280 0.400207 0.539862 0.030308 0.518346 0.075193 0.033187 0.804589 0.445572 0.411809 0.736679 0.066436 0.555818 0.448021 0.215618 
0.424604 0.981516 0.653086 0.872048 0.579021 0.982198 0.884501 0.829684 0.780440 0.328815 0.669796 0.455854 0.008101 0.701871 0.971235 0.568084 0.094611 0.165757 0.525378 0.148773 0.472801 0.607730 0.256779 0.240372 0.409615 
0.199593 0.964237 0.824624 0.208617 0.078244 0.785283 0.026226 0.257457 0.117086 0.742695 0.683952 0.840049 0.425844 0.217113 0.366481 0.442997 0.320771 0.181570 0.232463 0.821636 0.125985 0.251559 0.940207 0.966121 0.212241 
0.322329 0.261006 0.512465 0.473213 0.051729 0.688169 0.205249 0.971704 0.666554 0.067302 0.133287 0.090899 0.661489 0.367472 0.695561 0.173715 0.687507 0.364256 0.044252 0.527907 0.282861 0.777433 0.475587 0.411703 0.443812 
0.524629 0.233931 0.380292 0.860001 0.291167 0.395848 0.554573 0.488787 0.035184 0.561398 0.362371 0.035751 0.550614 0.133348 0.865742 0.890830 0.211894 0.400897 0.194578 0.970803 0.860341 0.861503 0.153426 0.387269 0.630696 
0.323902 0.855812 0.971214 0.711740 0.039477 0.988878 0.093552 0.713260 0.548015 0.532087 0.846812 0.324727 0.720761 0.046602 0.598646 0.990658 0.445359 0.008844 0.817998 0.376277 0.656357 0.356920 0.389102 0.554273 0.031533 
0.662885 0.995578 0.982485 0.852685 0.198769 0.449745 0.911456 0.980743 0.744186 0.513933 0.401123 0.788695 0.435118 0.101925 0.617052 0.706766 0.366669 0.763045 0.821383 0.893507 0.919657 0.496628 0.621906 0.645242 0.670949 
0.813376 0.640759 0.182604 0.730220 0.137428 0.525097 0.636880 0.271669 0.456314 0.363769 0.471836 0.300283 0.331635 0.684730 0.519241 0.806091 0.746947 0.653424 0.111746 0.502460 0.766067 0.230962 0.144560 0.162575 0.448127 
0.254207 0.091297 0.893525 0.072505 0.408625 0.214094 0.171731 0.804726 0.622687 0.297408 0.334897 0.092297 0.355744 0.503021 0.562016 0.418381 0.347036 0.350732 0.869548 0.962328 0.252753 0.640482 0.925912 0.162996 0.263436 
0.446427 0.442310 0.382219 0.507327 0.859970 0.305160 0.296150 0.602975 0.569812 0.847382 0.847104 0.992381 0.462518 0.273936 0.803853 0.813498 0.292945 0.252306 0.832030 0.158365 0.052324 0.072052 0.512188 0.298040 0.830931 

0.104631 0.670366 0.625068 0.707016 0.982024 0.630544 0.022984 0.315295 0.512239 0.151850 0.983243 0.195734 0.435095 0.876378 0.450665 0.624434 0.715376 0.534857 0.776353 0.622848 0.972649 0.021508 0.046721 0.035999 0.053260 
0.886960 0.111034 0.183014 0.636462 0.079098 0.207011 0.572038 0.791394 0.697115 0.734970 0.146508 0.664312 0.619229 0.414138 0.278584 0.559414 0.481187 0.314801 0.386479 0.456521 0.596312 0.119464 0.082566 0.852206 0.731807 
0.901612 0.137464 0.318384 0.201380 0.911014 0.467748 0.892706 0.785436 0.717053 0.507890 0.750104 0.206506 0.842976 0.401151 0.885959 0.474292 0.326773 0.617292 0.984849 0.340873 0.704938 0.113590 0.210965 0.099147 0.497735 
0.609158 0.954024 0.330732 0.980702 0.186594 0.204728 0.177015 0.610026 0.479948 0.934418 0.013708 0.634620 0.933754 0.262290 0.888022 0.187718 0.006681 0.293998 0.622823 0.663057 0.009304 0.391927 0.780718 0.073328 0.934531 
0.098887 0.076901 0.347600 0.236332 0.676228 0.704464 0.661150 0.890769 0.092232 0.575448 0.920222 0.383447 0.852526 0.184538 0.964354 0.076807 0.588113 0.129848 0.617218 0.661959 0.456833 0.851935 0.867745 0.989742 0.155927 
0.699716 0.120806 0.641150 0.079255 0.583128 0.687300 0.917646 0.507646 0.643584 0.061741 0.003660 0.908560 0.832733 0.823029 0.273428 0.189615 0.995896 0.860868 0.520639 0.765326 0.456279 0.017372 0.866199 0.713775 0.572048 
0.967173 0.570321 0.990192 0.567547 0.156749 0.684012 0.629012 0.779070 0.146267 0.120362 0.303137 0.962151 0.108569 0.058465 0.284486 0.826848 0.285819 0.485892 0.122367 0.099203 0.647555 0.765922 0.237191 0.764096 0.430630 
0.338337 0.121092 0.919489 0.077709 0.006753 0.633707 0.177425 0.099982 0.561546 0.868269 0.737386 0.964261 0.574273 0.714035 0.405618 0.676132 0.809049 0.032187 0.697452 0.189804 0.339481 0.716413 0.954860 0.031748 0.572074 
0.158033 0.025764 0.261302 0.133479 0.027190 0.230544 0.826669 0.152966 0.778917 0.372939 0.324399 0.539135 0.020802 0.039142 0.301953 0.521818 0.499133 0.257370 0.172053 0.929519 0.402387 0.111712 0.270687 0.904971 0.435146 
0.667870 0.758679 0.910000 0.022408 0.397910 0.096589 0.177523 0.633126 0.024652 0.881713 0.637884 0.157787 0.003566 0.925846 0.076256 0.410624 0.843623 0.299163 0.049415 0.985639 0.304519 0.606102 0.312973 0.677956 0.725008 
0.317805 0.820326 0.100155 0.181867 0.310021 0.451892 0.548605 0.413158 0.576454 0.816769 0.533805 0.736312 0.729053 0.955067 0.174287 0.725812 0.018451 0.892728 0.779827 0.889887 0.436064 0.957216 0.445347 0.694364 0.256286 
0.683245 0.756096 0.057698 0.884676 0.472109 0.103202 0.833833 0.025214 0.549992 0.771036 0.213499 0.400525 0.963906 0.658575 0.696784 0.831989 0.672356 0.627218 0.943371 0.809589 0.573309 0.135756 0.774497 0.172437 0.888427 
0.114417 0.122292 0.725121 0.347522 0.914042 0.813044 0.281450 0.480914 0.261350 0.631970 0.909157 0.507996 0.688227 0.300867 0.045758 0.702572 0.156869 0.127663 0.763457 0.202646 0.652598 0.556774 0.524254 0.870950 0.159701 
0.220290 0.285430 0.053951 0.910747 0.169823 0.622634 0.456950 0.623475 0.281973 0.246385 0.880209 0.715008 0.753738 0.066008 0.501645 0.314524 0.647684 0.174728 0.033529 0.090133 0.639444 0.910543 0.287976 0.128664 0.706282 
0.660570 0.456699 0.312939 0.276705 0.593728 0.490637 0.985311 0.477395 0.792590 0.680968 0.706421 0.417958 0.682251 0.047513 0.467268 0.049209 0.498685 0.518659 0.190585 0.902769 0.294586 0.638439 0.155988 0.024498 0.788018 
0.019596 0.458075 0.486332 0.957462 0.968861 0.077101 0.584566 0.067665 0.579922 0.738896 0.651633 0.140885 0.230634 0.136950 0.238320 0.818387 0.458220 0.534933 0.626818 0.134337 0.797877 0.261534 0.568393 0.518573 0.934135 
0.308679 0.126316 0.772158 0.075168 0.370896 0.580150 0.266868 0.667354 0.460214 0.917170 0.462625 0.937505 0.863648 0.715807 0.442104 0.290487 0.220937 0.345843 0.743787 0.606680 0.026616 0.088249 0.371992 0.292432 0.152350 
0.111902 0.846057 0.791193 0.903789 0.393399 0.405778 0.553867 0.460193 0.203405 0.683296 0.376447 0.671179 0.686458 0.194604 0.104598 0.671172 0.860824 0.594290 0.115177 0.193828 0.850392 0.776109 0.344442 0.725414 0.596424 
0.492184 0.683694 0.426253 0.872712 0.110746 0.472289 0.571651 0.845716 0.138219 0.138029 0.301062 0.298736 0.175658 0.738620 0.490038 0.035744 0.301549 0.728170 0.336073 0.958076 0.923310 0.184382 0.418837 0.058756 0.988668 
0.543461 0.988379 0.742907 0.314352 0.154535 0.453577 0.378745 0.196538 0.455666 0.967173 0.087538 0.224333 0.805585 0.153086 0.512009 0.715843 0.975275 0.529412 0.192432 0.655805 0.104113 0.887969 0.440047 0.604252 0.673747 
0.823484 0.341965 0.929232 0.002246 0.111336 0.831572 0.554399 0.495394 0.909589 0.770354 0.254623 0.709106 0.636064 0.421700 0.180581 0.588412 0.231910 0.827086 0.336110 0.280968 0.560665 0.579233 0.043826 0.114897 0.106530 
0.848993 0.068228 0.193141 0.920621 0.652137 0.065156 0.671515 0.810694 0.911326 0.749500 0.898799 0.858888 0.505007 0.379825 0.191022 0.956350 0.171900 0.393467 0.602943 0.865506 0.972477 0.948148 0.170564 0.809730 0.187397 
0.944642 0.516531 0.211624 0.768394 0.954308 0.199079 0.746926 0.267804 0.625913 0.672987 0.207330 0.159232 0.824217 0.509203 0.807141 0.869077 0.347312 0.555189 0.790549 0.736344 0.877434 0.189961 0.900573 0.348703 0.988783 
0.658664 0.495101 0.330413 0.769452 0.851994 0.111890 0.803590 0.715177 0.735424 0.801693 0.691011 0.673361 0.206193 0.468631 0.273288 0.182222 0.619438 0.887095 0.982933 0.462411 0.465282 0.572244 0.993226 0.066046 0.495230 
0.271727 0.592447 0.018874 0.034459 0.871999 0.514124 0.796159 0.734171 0.730995 0.730296 0.879233 0.950871 0.185135 0.780948 0.110100 0.681005 0.860953 0.980730 0.913062 0.687035 0.437644 0.385020 0.846408 0.416339 0.627954 

1.199916 1.590827 1.949131 2.678460 -2.204560 -1.365944 0.241047 -0.153460 -0.567816 -0.363166 0.038390 -0.934637 -0.762137 -0.015025 -0.505995 -0.614976 -0.866295 -0.304314 -0.148302 -0.550240 -0.362188 -0.133868 -1.119575 -0.022176 -0.430694 
2.345759 0.907482 1.392821 2.098167 2.114673 -0.212159 -0.420671 -1.329631 -1.363518 -1.115631 -0.235616 -1.084523 -0.339202 0.377285 -0.460769 -0.525848 -0.324137 -0.802053 -0.764642 -1.030620 -1.069609 -0.590703 -0.916615 -0.798943 -0.052701 
1.771552 1.162507 2.050557 1.672911 2.675017 -0.430199 -0.612634 -1.186657 -0.570734 0.436794 -0.402100 0.280440 0.003811 -1.377607 0.396785 -1.403472 -0.875274 -0.154645 -0.736247 -0.647157 -0.683200 -0.060595 -0.262012 -0.963973 -0.320515 
0.906119 2.751705 1.124452 2.016564 1.880668 0.148949 -0.147398 0.067558 -0.379725 -1.433186 0.024757 -0.812762 -1.148828 -0.329209 -0.999543 -0.901290 -0.235733 -0.255530 -0.610746 0.052634 -0.711156 0.381869 0.010929 -1.009375 -0.572070 
0.203726 0.913931 1.305898 1.896097 3.012462 1.678684 -1.713719 -1.287366 0.114605 -0.733318 -1.022197 -0.535929 -1.385056 0.319355 -0.886842 0.168342 0.450496 -0.602962 -0.297624 -0.485061 -0.392154 -1.067854 0.252217 0.058305 -0.030433 
2.840491 0.411626 1.356752 0.283457 1.049466 1.570829 -1.297145 -0.601659 -0.185333 -0.114390 -0.366733 -1.825748 -1.461013 -0.830020 -0.430270 0.205425 -0.385407 -0.247277 0.172065 0.050922 -1.310030 -0.237579 -0.194139 -0.196698 -0.683854 
1.925701 1.256224 2.956007 0.620004 0.230500 1.401804 -0.386266 -1.407384 0.343164 0.799025 -0.047714 -1.512099 -0.005301 0.165295 -0.297226 -0.745103 0.525982 -0.214547 0.130703 -0.387887 -0.337572 -0.200762 -0.260524 0.289485 -1.002462 
1.110917 1.512926 2.233488 0.409167 1.739669 2.172594 2.104026 0.097780 -0.991687 -1.163398 -1.487084 -1.525072 -0.626296 -0.618732 -0.940863 -0.304969 -1.112623 0.304372 -0.270484 -0.597662 0.162544 -0.260785 -0.689429 -0.409234 -0.221242 
1.843771 0.577057 1.966662 1.629215 1.485315 1.754333 1.470315 -0.072393 -0.597099 -0.546823 0.324561 -0.451364 0.855211 0.429907 -0.048819 -0.850120 -0.453823 -0.333761 -0.310748 -0.881836 -0.629533 -0.704224 -0.715130 0.205914 -0.287135 
0.398154 1.637844 1.603220 1.708670 1.968461 1.182179 1.737999 -0.528125 -0.005077 -0.743731 -0.416381 0.330577 0.295672 -1.141618 0.304193 -0.914829 -1.186639 -0.659267 0.497851 -1.558978 0.332048 -0.713347 -0.166199 -0.967647 -0.155043 
1.144146 2.024423 2.131218 0.774417 1.560400 1.907550 2.537112 2.152488 -1.792252 -2.191252 -0.317060 -0.524502 -0.865750 -1.020668 0.537574 -1.382180 -0.082944 -0.868983 -1.767696 -0.056566 -0.750894 -1.045099 -0.799160 -0.172336 -0.518795 
1.618684 1.826726 0.740508 2.227048 1.707196 2.112630 1.544024 0.420994 -0.527103 -1.225655 -2.147919 -1.205108 -2.660576 -0.405467 -1.084920 -1.327292 -0.974158 -0.924175 -1.719125 1.888170 1.368178 0.135521 1.970945 0.164877 2.159477 
0.829553 1.620527 2.622612 1.603012 3.029408 1.299329 1.864034 2.462488 -1.382447 -2.030461 -1.669700 -1.377326 -0.666439 -0.764709 -0.659866 2.042813 0.498427 0.573314 1.602931 0.262094 1.163948 1.042243 1.090448 1.220496 0.144037 
2.107388 2.264681 0.788958 1.239759 2.328237 1.513165 2.196189 1.806487 -2.105065 -1.978695 -2.821548 -2.937685 -1.757513 -0.660343 -2.102966 0.440661 1.764284 0.755408 -0.049701 0.025974 1.273603 1.787189 0.546406 0.629240 1.481167 
0.556090 1.750961 1.229798 1.421140 1.446952 1.659193 2.241778 1.714424 -0.795652 -1.460362 -2.279757 -0.675106 -1.290746 -0.656785 0.563617 0.011269 1.151250 0.362041 0.041821 1.685076 0.701152 1.051299 0.304796 -0.513832 1.503887 
0.851216 1.399565 1.167822 1.982008 2.766488 0.219601 0.644790 1.763674 -0.991738 -2.589990 -0.143809 -1.062315 -1.602473 0.017892 0.899421 1.771754 1.140001 1.094444 1.281138 0.383963 1.564884 0.710588 1.615015 1.541039 2.187508 
0.709009 2.396640 2.302888 2.101704 1.406302 2.411686 2.420217 2.344664 -2.386820 -1.514107 -1.540617 -2.237689 -0.789046 1.382532 1.214814 0.508462 0.386656 0.192059 1.151668 1.580648 -0.295784 0.190650 0.814681 0.600531 0.388846 
0.533205 2.347158 2.340743 1.697544 0.130948 1.779709 0.572075 1.361631 0.111875 -1.966209 -1.787592 -2.375272 -0.678476 0.813815 0.403826 0.874066 1.549787 1.147213 0.247133 0.080787 2.092421 1.524529 1.177126 1.171212 1.075109 
0.723813 1.259799 0.894792 1.641930 0.262279 1.953742 1.078471 2.930947 -1.309308 -0.329773 -0.662944 -0.419951 0.440720 1.224524 1.127505 0.458532 1.007703 1.274639 0.049368 2.071561 2.061455 0.117820 0.879071 0.532169 1.634691 
1.746017 1.591992 1.908297 2.319250 0.770671 1.080488 1.765370 1.525159 -0.908866 -2.340145 -1.046116 -0.762498 1.973514 0.312285 1.089674 1.764914 1.972032 1.317589 0.358160 1.400427 0.486238 1.872169 0.783695 1.052741 0.572894 
1.241878 1.987732 2.761250 1.952501 0.588050 1.957864 0.841159 1.474724 1.808416 -1.505344 -1.494419 1.325196 1.531369 0.643687 0.233299 1.095391 0.414049 1.338840 0.377433 0.432451 1.434356 0.936221 -0.092055 0.298256 0.208506 
2.205449 1.990151 2.150382 2.303393 1.171334 1.362574 2.495457 2.749362 2.777088 -1.912998 -1.346817 1.903887 1.136593 0.850767 0.616787 1.196780 0.296260 0.668963 1.308215 1.553626 1.831378 2.388403 0.465943 1.252606 -0.067821 
3.406298 2.127992 0.737309 3.036251 2.152614 1.589492 2.522235 1.172059 1.443319 -1.323675 0.600604 -0.238745 1.552943 0.776061 1.472371 1.825160 0.440399 1.611717 1.474854 1.373392 2.174865 0.484900 1.640884 0.156273 1.943705 
0.945382 1.107406 1.950144 0.831238 1.932464 0.918587 1.674852 1.899750 2.372602 -1.196052 1.210954 0.993966 0.423355 0.905671 0.652016 0.936112 1.349771 2.208521 2.123741 0.800019 0.658739 0.804302 2.096878 -0.565594 0.562620 
1.212294 1.385628 0.845379 0.514412 2.881936 0.655355 1.976092 2.032917 1.654508 1.461468 1.894186 1.657291 0.038038 1.777735 0.388605 1.535385 1.914487 1.484899 1.680384 0.992207 0.970218 0.623431 1.727037 0.804935 1.061695 

4 4 4 4 3 3 3 3 3 0 0 0 0 0 0 0 0 0 0 0 0 0 0 0 0 
4 4 4 4 4 3 3 3 3 3 3 0 0 0 0 0 0 0 0 0 0 0 0 0 0 
4 4 4 4 4 3 3 3 3 3 3 3 0 0 0 0 0 0 0 0 0 0 0 0 0 
4 4 4 4 4 3 3 3 3 3 3 3 3 0 0 0 0 0 0 0 0 0 0 0 0 
4 4 4 4 4 4 3 3 3 3 3 3 3 3 3 0 0 0 0 0 0 0 0 0 0 
4 4 4 4 4 4 3 3 3 3 3 3 3 3 3 3 0 0 0 0 0 0 0 0 0 
4 4 4 4 4 4 3 3 3 3 3 3 3 3 3 3 3 0 0 0 0 0 0 0 0 
4 4 4 4 4 4 4 3 3 3 3 3 3 3 3 3 3 3 3 0 0 0 0 0 0 
4 4 4 4 4 4 4 3 3 3 3 3 3 3 3 3 3 3 3 3 0 0 0 0 0 
4 4 4 4 4 4 4 3 3 3 3 3 3 3 3 3 3 3 3 3 3 0 0 0 0 
4 4 4 4 4 4 4 4 1 1 3 3 3 3 3 3 3 3 3 3 3 3 3 0 0 
4 4 4 4 4 4 4 4 1 1 1 1 1 3 3 3 3 3 3 2 2 2 2 2 2 
4 4 4 4 4 4 4 4 1 1 1 1 1 1 1 2 2 2 2 2 2 2 2 2 2 
4 4 4 4 4 4 4 4 1 1 1 1 1 1 1 2 2 2 2 2 2 2 2 2 2 
4 4 4 4 4 4 4 4 1 1 1 1 1 1 2 2 2 2 2 2 2 2 2 2 2 
4 4 4 4 4 4 4 4 1 1 1 1 1 1 2 2 2 2 2 2 2 2 2 2 2 
4 4 4 4 4 4 4 4 1 1 1 1 1 2 2 2 2 2 2 2 2 2 2 2 2 
4 4 4 4 4 4 4 4 1 1 1 1 1 2 2 2 2 2 2 2 2 2 2 2 2 
4 4 4 4 4 4 4 4 1 1 1 1 2 2 2 2 2 2 2 2 2 2 2 2 2 
4 4 4 4 4 4 4 4 1 1 1 1 2 2 2 2 2 2 2 2 2 2 2 2 2 
4 4 4 4 4 4 4 4 4 1 1 2 2 2 2 2 2 2 2 2 2 2 2 2 2 
4 4 4 4 4 4 4 4 4 1 1 2 2 2 2 2 2 2 2 2 2 2 2 2 2 
4 4 4 4 4 4 4 4 4 1 2 2 2 2 2 2 2 2 2 2 2 2 2 2 2 
4 4 4 4 4 4 4 4 4 1 2 2 2 2 2 2 2 2 2 2 2 2 2 2 2 
4 4 4 4 4 4 4 4 4 2 2 2 2 2 2 2 2 2 2 2 2 2 2 2 2 

2.0 2.0 2.0 2.0 1.0 1.0 1.0 1.0 1.0 -1.0 -1.0 -1.0 -1.0 -1.0 -1.0 -1.0 -1.0 -1.0 -1.0 -1.0 -1.0 -1.0 -1.0 -1.0 -1.0 
2.0 2.0 2.0 2.0 2.0 1.0 1.0 1.0 1.0 1.0 1.0 -1.0 -1.0 -1.0 -1.0 -1.0 -1.0 -1.0 -1.0 -1.0 -1.0 -1.0 -1.0 -1.0 -1.0 
2.0 2.0 2.0 2.0 2.0 1.0 1.0 1.0 1.0 1.0 1.0 1.0 -1.0 -1.0 -1.0 -1.0 -1.0 -1.0 -1.0 -1.0 -1.0 -1.0 -1.0 -1.0 -1.0 
2.0 2.0 2.0 2.0 2.0 1.0 1.0 1.0 1.0 1.0 1.0 1.0 1.0 -1.0 -1.0 -1.0 -1.0 -1.0 -1.0 -1.0 -1.0 -1.0 -1.0 -1.0 -1.0 
2.0 2.0 2.0 2.0 2.0 2.0 1.0 1.0 1.0 1.0 1.0 1.0 1.0 1.0 1.0 -1.0 -1.0 -1.0 -1.0 -1.0 -1.0 -1.0 -1.0 -1.0 -1.0 
2.0 2.0 2.0 2.0 2.0 2.0 1.0 1.0 1.0 1.0 1.0 1.0 1.0 1.0 1.0 1.0 -1.0 -1.0 -1.0 -1.0 -1.0 -1.0 -1.0 -1.0 -1.0 
2.0 2.0 2.0 2.0 2.0 2.0 1.0 1.0 1.0 1.0 1.0 1.0 1.0 1.0 1.0 1.0 1.0 -1.0 -1.0 -1.0 -1.0 -1.0 -1.0 -1.0 -1.0 
2.0 2.0 2.0 2.0 2.0 2.0 2.0 1.0 1.0 1.0 1.0 1.0 1.0 1.0 1.0 1.0 1.0 1.0 1.0 -1.0 -1.0 -1.0 -1.0 -1.0 -1.0 
2.0 2.0 2.0 2.0 2.0 2.0 2.0 1.0 1.0 1.0 1.0 1.0 1.0 1.0 1.0 1.0 1.0 1.0 1.0 1.0 -1.0 -1.0 -1.0 -1.0 -1.0 
2.0 2.0 2.0 2.0 2.0 2.0 2.0 1.0 1.0 1.0 1.0 1.0 1.0 1.0 1.0 1.0 1.0 1.0 1.0 1.0 1.0 -1.0 -1.0 -1.0 -1.0 
2.0 2.0 2.0 2.0 2.0 2.0 2.0 2.0 -2.0 -2.0 1.0 1.0 1.0 1.0 1.0 1.0 1.0 1.0 1.0 1.0 1.0 1.0 1.0 -1.0 -1.0 
2.0 2.0 2.0 2.0 2.0 2.0 2.0 2.0 -2.0 -2.0 -2.0 -2.0 -2.0 1.0 1.0 1.0 1.0 1.0 1.0 0.0 0.0 0.0 0.0 0.0 0.0 
2.0 2.0 2.0 2.0 2.0 2.0 2.0 2.0 -2.0 -2.0 -2.0 -2.0 -2.0 -2.0 -2.0 0.0 0.0 0.0 0.0 0.0 0.0 0.0 0.0 0.0 0.0 
2.0 2.0 2.0 2.0 2.0 2.0 2.0 2.0 -2.0 -2.0 -2.0 -2.0 -2.0 -2.0 -2.0 0.0 0.0 0.0 0.0 0.0 0.0 0.0 0.0 0.0 0.0 
2.0 2.0 2.0 2.0 2.0 2.0 2.0 2.0 -2.0 -2.0 -2.0 -2.0 -2.0 -2.0 0.0 0.0 0.0 0.0 0.0 0.0 0.0 0.0 0.0 0.0 0.0 
2.0 2.0 2.0 2.0 2.0 2.0 2.0 2.0 -2.0 -2.0 -2.0 -2.0 -2.0 -2.0 0.0 0.0 0.0 0.0 0.0 0.0 0.0 0.0 0.0 0.0 0.0 
2.0 2.0 2.0 2.0 2.0 2.0 2.0 2.0 -2.0 -2.0 -2.0 -2.0 -2.0 0.0 0.0 0.0 0.0 0.0 0.0 0.0 0.0 0.0 0.0 0.0 0.0 
2.0 2.0 2.0 2.0 2.0 2.0 2.0 2.0 -2.0 -2.0 -2.0 -2.0 -2.0 0.0 0.0 0.0 0.0 0.0 0.0 0.0 0.0 0.0 0.0 0.0 0.0 
2.0 2.0 2.0 2.0 2.0 2.0 2.0 2.0 -2.0 -2.0 -2.0 -2.0 0.0 0.0 0.0 0.0 0.0 0.0 0.0 0.0 0.0 0.0 0.0 0.0 0.0 
2.0 2.0 2.0 2.0 2.0 2.0 2.0 2.0 -2.0 -2.0 -2.0 -2.0 0.0 0.0 0.0 0.0 0.0 0.0 0.0 0.0 0.0 0.0 0.0 0.0 0.0 
2.0 2.0 2.0 2.0 2.0 2.0 2.0 2.0 2.0 -2.0 -2.0 0.0 0.0 0.0 0.0 0.0 0.0 0.0 0.0 0.0 0.0 0.0 0.0 0.0 0.0 
2.0 2.0 2.0 2.0 2.0 2.0 2.0 2.0 2.0 -2.0 -2.0 0.0 0.0 0.0 0.0 0.0 0.0 0.0 0.0 0.0 0.0 0.0 0.0 0.0 0.0 
2.0 2.0 2.0 2.0 2.0 2.0 2.0 2.0 2.0 -2.0 0.0 0.0 0.0 0.0 0.0 0.0 0.0 0.0 0.0 0.0 0.0 0.0 0.0 0.0 0.0 
2.0 2.0 2.0 2.0 2.0 2.0 2.0 2.0 2.0 -2.0 0.0 0.0 0.0 0.0 0.0 0.0 0.0 0.0 0.0 0.0 0.0 0.0 0.0 0.0 0.0 
2.0 2.0 2.0 2.0 2.0 2.0 2.0 2.0 2.0 0.0 0.0 0.0 0.0 0.0 0.0 0.0 0.0 0.0 0.0 0.0 0.0 0.0 0.0 0.0 0.0 

1.0 1.0 1.0 1.0 -2.0 -2.0 -2.0 -2.0 -2.0 0.0 0.0 0.0 0.0 0.0 0.0 0.0 0.0 0.0 0.0 0.0 0.0 0.0 0.0 0.0 0.0 
1.0 1.0 1.0 1.0 1.0 -2.0 -2.0 -2.0 -2.0 -2.0 -2.0 0.0 0.0 0.0 0.0 0.0 0.0 0.0 0.0 0.0 0.0 0.0 0.0 0.0 0.0 
1.0 1.0 1.0 1.0 1.0 -2.0 -2.0 -2.0 -2.0 -2.0 -2.0 -2.0 0.0 0.0 0.0 0.0 0.0 0.0 0.0 0.0 0.0 0.0 0.0 0.0 0.0 
1.0 1.0 1.0 1.0 1.0 -2.0 -2.0 -2.0 -2.0 -2.0 -2.0 -2.0 -2.0 0.0 0.0 0.0 0.0 0.0 0.0 0.0 0.0 0.0 0.0 0.0 0.0 
1.0 1.0 1.0 1.0 1.0 1.0 -2.0 -2.0 -2.0 -2.0 -2.0 -2.0 -2.0 -2.0 -2.0 0.0 0.0 0.0 0.0 0.0 0.0 0.0 0.0 0.0 0.0 
1.0 1.0 1.0 1.0 1.0 1.0 -2.0 -2.0 -2.0 -2.0 -2.0 -2.0 -2.0 -2.0 -2.0 -2.0 0.0 0.0 0.0 0.0 0.0 0.0 0.0 0.0 0.0 
1.0 1.0 1.0 1.0 1.0 1.0 -2.0 -2.0 -2.0 -2.0 -2.0 -2.0 -2.0 -2.0 -2.0 -2.0 -2.0 0.0 0.0 0.0 0.0 0.0 0.0 0.0 0.0 
1.0 1.0 1.0 1.0 1.0 1.0 1.0 -2.0 -2.0 -2.0 -2.0 -2.0 -2.0 -2.0 -2.0 -2.0 -2.0 -2.0 -2.0 0.0 0.0 0.0 0.0 0.0 0.0 
1.0 1.0 1.0 1.0 1.0 1.0 1.0 -2.0 -2.0 -2.0 -2.0 -2.0 -2.0 -2.0 -2.0 -2.0 -2.0 -2.0 -2.0 -2.0 0.0 0.0 0.0 0.0 0.0 
1.0 1.0 1.0 1.0 1.0 1.0 1.0 -2.0 -2.0 -2.0 -2.0 -2.0 -2.0 -2.0 -2.0 -2.0 -2.0 -2.0 -2.0 -2.0 -2.0 0.0 0.0 0.0 0.0 
1.0 1.0 1.0 1.0 1.0 1.0 1.0 1.0 -1.0 -1.0 -2.0 -2.0 -2.0 -2.0 -2.0 -2.0 -2.0 -2.0 -2.0 -2.0 -2.0 -2.0 -2.0 0.0 0.0 
1.0 1.0 1.0 1.0 1.0 1.0 1.0 1.0 -1.0 -1.0 -1.0 -1.0 -1.0 -2.0 -2.0 -2.0 -2.0 -2.0 -2.0 2.0 2.0 2.0 2.0 2.0 2.0 
1.0 1.0 1.0 1.0 1.0 1.0 1.0 1.0 -1.0 -1.0 -1.0 -1.0 -1.0 -1.0 -1.0 2.0 2.0 2.0 2.0 2.0 2.0 2.0 2.0 2.0 2.0 
1.0 1.0 1.0 1.0 1.0 1.0 1.0 1.0 -1.0 -1.0 -1.0 -1.0 -1.0 -1.0 -1.0 2.0 2.0 2.0 2.0 2.0 2.0 2.0 2.0 2.0 2.0 
1.0 1.0 1.0 1.0 1.0 1.0 1.0 1.0 -1.0 -1.0 -1.0 -1.0 -1.0 -1.0 2.0 2.0 2.0 2.0 2.0 2.0 2.0 2.0 2.0 2.0 2.0 
1.0 1.0 1.0 1.0 1.0 1.0 1.0 1.0 -1.0 -1.0 -1.0 -1.0 -1.0 -1.0 2.0 2.0 2.0 2.0 2.0 2.0 2.0 2.0 2.0 2.0 2.0 
1.0 1.0 1.0 1.0 1.0 1.0 1.0 1.0 -1.0 -1.0 -1.0 -1.0 -1.0 2.0 2.0 2.0 2.0 2.0 2.0 2.0 2.0 2.0 2.0 2.0 2.0 
1.0 1.0 1.0 1.0 1.0 1.0 1.0 1.0 -1.0 -1.0 -1.0 -1.0 -1.0 2.0 2.0 2.0 2.0 2.0 2.0 2.0 2.0 2.0 2.0 2.0 2.0 
1.0 1.0 1.0 1.0 1.0 1.0 1.0 1.0 -1.0 -1.0 -1.0 -1.0 2.0 2.0 2.0 2.0 2.0 2.0 2.0 2.0 2.0 2.0 2.0 2.0 2.0 
1.0 1.0 1.0 1.0 1.0 1.0 1.0 1.0 -1.0 -1.0 -1.0 -1.0 2.0 2.0 2.0 2.0 2.0 2.0 2.0 2.0 2.0 2.0 2.0 2.0 2.0 
1.0 1.0 1.0 1.0 1.0 1.0 1.0 1.0 1.0 -1.0 -1.0 2.0 2.0 2.0 2.0 2.0 2.0 2.0 2.0 2.0 2.0 2.0 2.0 2.0 2.0 
1.0 1.0 1.0 1.0 1.0 1.0 1.0 1.0 1.0 -1.0 -1.0 2.0 2.0 2.0 2.0 2.0 2.0 2.0 2.0 2.0 2.0 2.0 2.0 2.0 2.0 
1.0 1.0 1.0 1.0 1.0 1.0 1.0 1.0 1.0 -1.0 2.0 2.0 2.0 2.0 2.0 2.0 2.0 2.0 2.0 2.0 2.0 2.0 2.0 2.0 2.0 
1.0 1.0 1.0 1.0 1.0 1.0 1.0 1.0 1.0 -1.0 2.0 2.0 2.0 2.0 2.0 2.0 2.0 2.0 2.0 2.0 2.0 2.0 2.0 2.0 2.0 
1.0 1.0 1.0 1.0 1.0 1.0 1.0 1.0 1.0 2.0 2.0 2.0 2.0 2.0 2.0 2.0 2.0 2.0 2.0 2.0 2.0 2.0 2.0 2.0 2.0 

