0.929432 0.419246 0.114474 0.007270 0.258629 0.324449 0.141581 0.616338 0.902883 0.328569 0.683121 0.849206 0.026018 0.249999 0.146238 0.756688 0.786422 0.530098 0.491664 0.693173 0.305964 0.279464 0.015014 0.947539 0.882431 
0.207753 0.252224 0.490091 0.778778 0.586551 0.902817 0.279609 0.129805 0.095316 0.219948 0.768595 0.190405 0.161494 0.293569 0.130971 0.544441 0.810995 0.899310 0.037326 0.097246 0.987838 0.056811 0.522380 0.550621 0.933117 
0.848341 0.625684 0.523947 0.670182 0.742857 0.949242 0.821930 0.888493 0.497140 0.617097 0.965855 0.632940 0.601696 0.618249 0.349156 0.116921 0.690862 0.899619 0.758326 0.335519 0.701575 0.442154 0.672231 0.821160 0.936687 
0.458446 0.100252 0.744158 0.269482 0.724189 0.443530 0.297556 0.575696 0.916255 0.205061 0.331135 0.745278 0.486264 0.973369 0.837926 0.306772 0.987832 0.674805 0.711299 0.000828 0.999910 0.551071 0.362976 0.094141 0.871897 
0.047588 0.204096 0.195707 0.740497 0.103754 0.971674 0.131389 0.333481 0.583598 0.103267 0.282995 0.846424 0.390092 0.865617 0.328427 0.026225 0.624425 0.758888 0.394990 0.080134 0.654337 0.309320 0.708574 0.419914 0.444917 
0.649002 0.036260 0.843916 0.080757 0.150808 0.022431 0.882712 0.378365 0.797354 0.777199 0.526247 0.103836 0.719928 0.193566 0.000976 0.241354 0.825563 0.601413 0.909444 0.941129 0.568780 0.105772 0.961828 0.866912 0.816320 
0.124464 0.688797 0.033008 0.313979 0.274772 0.004592 0.777335 0.987679 0.551786 0.766935 0.622783 0.915937 0.744961 0.363645 0.298344 0.605249 0.686892 0.393252 0.112842 0.088600 0.454990 0.827152 0.810258 0.481106 0.425675 
0.272637 0.284165 0.040647 0.005141 0.999918 0.499594 0.411364 0.565313 0.812282 0.630125 0.856785 0.586290 0.513990 0.965458 0.266023 0.643331 0.938336 0.999994 0.890283 0.541105 0.908437 0.236377 0.414606 0.224002 0.432708 
0.717852 0.256402 0.070964 0.024182 0.669425 0.413578 0.857893 0.572853 0.833970 0.267977 0.653217 0.598570 0.097694 0.910970 0.013165 0.240611 0.173331 0.804847 0.950820 0.460884 0.285809 0.473854 0.476026 0.941508 0.320119 
0.547968 0.279959 0.509884 0.957636 0.441350 0.106336 0.753795 0.558647 0.213424 0.271831 0.026273 0.802983 0.201721 0.883583 0.852603 0.069080 0.417112 0.633649 0.433889 0.186924 0.166229 0.981243 0.891110 0.512153 0.797247 
0.537283 0.381775 0.642714 0.287790 0.719131 0.056434 0.619891 0.386576 0.207750 0.665401 0.996810 0.261690 0.550172 0.674208 0.868756 0.751665 0.919819 0.927635 0.545437 0.564394 0.500399 0.676057 0.306964 0.772190 0.286377 
0.702045 0.963260 0.017451 0.584234 0.764433 0.698624 0.805185 0.911440 0.881266 0.636567 0.518617 0.002604 0.474072 0.686669 0.535482 0.569224 0.251366 0.970545 0.350851 0.446006 0.505745 0.349213 0.492852 0.349580 0.850780 
0.105101 0.354033 0.867071 0.681443 0.193639 0.945412 0.708746 0.889334 0.786153 0.440627 0.998341 0.973952 0.973797 0.080393 0.273319 0.010415 0.122321 0.067719 0.307122 0.330238 0.259238 0.313234 0.159392 0.287588 0.454954 
0.046521 0.766836 0.940002 0.636083 0.077256 0.800036 0.118864 0.849136 0.998850 0.891599 0.765532 0.204045 0.987795 0.009148 0.124222 0.796081 0.887810 0.328708 0.325823 0.559654 0.434424 0.333435 0.282015 0.111913 0.661353 
0.605443 0.377041 0.170046 0.590580 0.042444 0.226501 0.191473 0.670673 0.967177 0.836223 0.826527 0.708486 0.589324 0.148292 0.751687 0.992905 0.748278 0.934434 0.964550 0.992349 0.658696 0.219132 0.486831 0.397203 0.970346 
0.184358 0.858189 0.585512 0.291412 0.606059 0.045022 0.695439 0.109293 0.431563 0.965632 0.649828 0.619956 0.857494 0.665098 0.844237 0.015739 0.486049 0.020997 0.048539 0.213433 0.097901 0.130884 0.171646 0.425667 0.389351 
0.183944 0.862503 0.508505 0.018627 0.456308 0.427939 0.180884 0.702738 0.331236 0.692905 0.226768 0.686299 0.318657 0.054099 0.510643 0.559393 0.581345 0.994095 0.964289 0.755598 0.678497 0.244011 0.516691 0.407091 0.668309 
0.389440 0.919152 0.689321 0.599835 0.419607 0.215816 0.134328 0.016658 0.503420 0.699582 0.430162 0.087154 0.677642 0.334884 0.874396 0.566472 0.314498 0.211428 0.867139 0.758574 0.383042 0.893593 0.138528 0.516473 0.935622 
0.236071 0.131386 0.922413 0.297403 0.182728 0.185854 0.261632 0.599147 0.538043 0.862023 0.251381 0.812135 0.515719 0.506945 0.084781 0.810357 0.359167 0.812908 0.338146 0.804418 0.185919 0.072906 0.180023 0.382737 0.564624 
0.717950 0.049524 0.518712 0.070455 0.382524 0.840173 0.899200 0.909845 0.658069 0.860298 0.431368 0.046047 0.388184 0.371993 0.708773 0.859165 0.307806 0.612756 0.337213 0.742195 0.737827 0.957661 0.211330 0.832392 0.091561 
0.222272 0.126618 0.214672 0.871679 0.464143 0.315003 0.117213 0.668972 0.250232 0.252757 0.158082 0.667810 0.339968 0.702794 0.525942 0.903176 0.275489 0.717484 0.725975 0.472828 0.885418 0.592703 0.973774 0.172756 0.432517 
0.257534 0.951014 0.518732 0.446206 0.998005 0.265558 0.254888 0.834943 0.272921 0.911397 0.219880 0.091408 0.680064 0.540920 0.849293 0.405651 0.464485 0.923679 0.987183 0.070826 0.294061 0.755129 0.367657 0.979692 0.645263 
0.793951 0.320226 0.216169 0.129207 0.231116 0.009111 0.963208 0.324796 0.143838 0.132419 0.483528 0.667735 0.070574 0.941728 0.055565 0.555761 0.286320 0.928134 0.249450 0.495780 0.491557 0.608517 0.470419 0.362347 0.262330 
0.419174 0.997939 0.377486 0.501992 0.761890 0.140475 0.674736 0.888505 0.869449 0.973781 0.666546 0.935061 0.534287 0.367899 0.920936 0.716004 0.872221 0.595169 0.645300 0.743075 0.912419 0.856021 0.215745 0.856200 0.349626 
0.758368 0.638274 0.360436 0.619418 0.819914 0.782230 0.792741 0.382945 0.571223 0.683726 0.406542 0.666096 0.100004 0.359211 0.429762 0.210489 0.239122 0.390094 0.557202 0.506501 0.046325 0.444636 0.088508 0.457763 0.531510 

0.069380 0.721334 0.337102 0.501132 0.124858 0.056201 0.725156 0.660361 0.116313 0.272493 0.733032 0.935754 0.258115 0.893729 0.105105 0.577281 0.788626 0.192843 0.464916 0.618950 0.822786 0.882489 0.972576 0.125522 0.173534 
0.125686 0.223043 0.044182 0.927436 0.987203 0.214391 0.655204 0.203279 0.164842 0.497072 0.665423 0.283970 0.335404 0.315770 0.395784 0.706588 0.296746 0.970665 0.867936 0.115956 0.625358 0.934442 0.279252 0.083542 0.229297 
0.687768 0.389546 0.214540 0.258500 0.542152 0.240391 0.182674 0.722536 0.786951 0.416616 0.379587 0.473761 0.446459 0.650931 0.503095 0.613720 0.140644 0.504048 0.621325 0.834821 0.075619 0.348266 0.004693 0.984740 0.552423 
0.732414 0.948677 0.730699 0.340421 0.563800 0.829191 0.120221 0.041273 0.391411 0.613987 0.930011 0.605346 0.607755 0.723783 0.175814 0.342189 0.822666 0.066119 0.622365 0.221050 0.472155 0.136483 0.972429 0.627582 0.454384 
0.869613 0.191693 0.290282 0.694771 0.501602 0.096841 0.137097 0.830468 0.032159 0.540058 0.698343 0.878103 0.963418 0.035668 0.680322 0.244186 0.972715 0.223547 0.811489 0.193385 0.196558 0.677919 0.466720 0.282728 0.632381 
0.652573 0.364544 0.104222 0.275592 0.999405 0.113865 0.959254 0.740051 0.567381 0.446048 0.343198 0.206196 0.512869 0.114604 0.412548 0.435481 0.895010 0.193832 0.159629 0.804874 0.254189 0.952662 0.392759 0.126120 0.190159 
0.795205 0.281349 0.861985 0.725747 0.390941 0.614923 0.019603 0.561709 0.683204 0.840553 0.426985 0.172598 0.580802 0.486578 0.598490 0.170761 0.033351 0.182153 0.494012 0.455908 0.006171 0.195431 0.431693 0.090495 0.815161 
0.375467 0.691971 0.655571 0.759118 0.741247 0.633166 0.669741 0.436324 0.390316 0.751337 0.627577 0.655116 0.605641 0.019169 0.003499 0.171234 0.312781 0.935195 0.750835 0.042095 0.033145 0.828487 0.614696 0.960226 0.003659 
0.903235 0.136895 0.013195 0.848845 0.132273 0.281929 0.306290 0.235982 0.627672 0.408912 0.843776 0.676253 0.642704 0.868612 0.442820 0.598225 0.168929 0.091153 0.251457 0.358575 0.212075 0.546825 0.614507 0.000712 0.577338 
0.462699 0.532473 0.840685 0.775350 0.908708 0.044709 0.442859 0.482200 0.528183 0.903301 0.851615 0.998292 0.770288 0.555026 0.516860 0.360044 0.423293 0.780028 0.575189 0.621076 0.855697 0.321055 0.185009 0.664440 0.939680 
0.136554 0.963198 0.389123 0.922559 0.032832 0.971105 0.176942 0.763015 0.002984 0.577960 0.045211 0.092209 0.782492 0.782203 0.782432 0.344793 0.757288 0.966426 0.058542 0.365991 0.866909 0.059349 0.414904 0.509288 0.472149 
0.693675 0.808070 0.545106 0.662594 0.069686 0.338888 0.347817 0.360181 0.404296 0.775414 0.310861 0.809248 0.738748 0.580639 0.466487 0.184108 0.304431 0.196900 0.295031 0.811613 0.221261 0.898651 0.528572 0.574554 0.059613 
0.235053 0.402805 0.534413 0.761241 0.986703 0.093365 0.224420 0.285071 0.066250 0.867916 0.170110 0.423903 0.182549 0.628611 0.401467 0.115584 0.493314 0.825495 0.013044 0.446217 0.516146 0.392595 0.897888 0.605567 0.278596 
0.980433 0.783570 0.158287 0.888709 0.034234 0.055164 0.966474 0.027814 0.283396 0.029517 0.216733 0.544181 0.508553 0.618590 0.517756 0.248915 0.700050 0.114777 0.925877 0.727113 0.182875 0.161447 0.364696 0.097479 0.412479 
0.594914 0.208802 0.931285 0.081852 0.602148 0.992909 0.919934 0.237115 0.394482 0.542441 0.495488 0.749677 0.887693 0.334385 0.849899 0.887986 0.621348 0.876517 0.400860 0.641539 0.379660 0.848682 0.680673 0.498630 0.884551 
0.039374 0.107188 0.339588 0.484966 0.658573 0.053150 0.940636 0.405018 0.451367 0.567568 0.962294 0.934803 0.274945 0.486277 0.488360 0.811334 0.697343 0.340653 0.579944 0.608191 0.626949 0.027215 0.239255 0.096893 0.348684 
0.792347 0.413583 0.031853 0.634361 0.460569 0.990690 0.193713 0.929977 0.769386 0.204584 0.465763 0.668327 0.802648 0.249898 0.769181 0.114121 0.713238 0.711972 0.735137 0.204386 0.916928 0.838353 0.094219 0.260561 0.268728 
0.151327 0.314299 0.340127 0.685385 0.734486 0.608544 0.167572 0.055499 0.527989 0.067980 0.082076 0.959723 0.475661 0.894311 0.665874 0.082353 0.583826 0.434258 0.707632 0.212382 0.030159 0.042250 0.184287 0.283972 0.691071 
0.838742 0.759830 0.730185 0.842544 0.252787 0.808636 0.382885 0.806164 0.471754 0.657957 0.800253 0.428294 0.669376 0.100360 0.705195 0.304393 0.726134 0.049745 0.851669 0.163540 0.561411 0.014053 0.219997 0.142774 0.308740 
0.557849 0.453058 0.417646 0.546659 0.744369 0.316150 0.357953 0.023334 0.091234 0.019465 0.788332 0.672268 0.391501 0.100856 0.798698 0.801890 0.710365 0.124975 0.700015 0.003563 0.427887 0.238699 0.928901 0.759540 0.596693 
0.949668 0.823461 0.141440 0.039674 0.547756 0.326700 0.754401 0.136487 0.548540 0.744751 0.251854 0.013543 0.225510 0.521532 0.389584 0.532756 0.931280 0.305688 0.851773 0.843140 0.509808 0.020916 0.559956 0.121711 0.577566 
0.710249 0.430760 0.966491 0.907182 0.815627 0.029238 0.656461 0.428335 0.949648 0.974291 0.153870 0.461505 0.461639 0.786149 0.946979 0.606317 0.718890 0.100182 0.374227 0.684106 0.886295 0.920785 0.950665 0.599180 0.112853 
0.483292 0.686184 0.519955 0.679920 0.664243 0.691715 0.727191 0.529469 0.263067 0.428617 0.084271 0.603638 0.007899 0.904822 0.115641 0.870413 0.985400 0.812778 0.259620 0.189558 0.382049 0.786690 0.115344 0.256623 0.756523 
0.180072 0.690001 0.454643 0.382217 0.195962 0.615818 0.858503 0.171237 0.568921 0.223415 0.948865 0.488718 0.040612 0.387429 0.550299 0.908159 0.672928 0.176182 0.391127 0.449325 0.135875 0.664340 0.946018 0.445927 0.947406 
0.026899 0.352953 0.420026 0.099688 0.210212 0.970457 0.664279 0.587655 0.174258 0.158533 0.950042 0.226679 0.369151 0.063425 0.531417 0.210683 0.185961 0.853473 0.761027 0.361048 0.057013 0.901665 0.348619 0.055365 0.615093 

-2.005810 -0.753779 -0.301836 -0.264981 -0.263942 -0.679406 -0.368796 -1.111560 -1.787811 -0.965201 -1.325845 -1.649091 -0.331645 -0.361123 -0.426834 -1.603865 -1.108862 -1.123218 -1.026998 -1.707259 -0.631034 -0.597807 0.116287 -1.960536 -1.806821 
-0.326820 -0.242247 -1.212475 -1.632253 -0.848110 -1.587894 -0.672667 -0.194266 -0.152538 -0.444724 -1.361471 -0.190518 -0.522536 -0.433666 -0.354395 -0.917959 -2.142274 -1.658597 -0.036903 -0.249966 -1.749368 0.089332 -0.669409 -1.138163 -1.609946 
-1.623050 -1.423723 -1.004326 -1.429233 -1.498297 -1.968309 -2.020611 -2.329251 -0.951155 -0.731937 -1.754041 -1.194432 -1.119351 -1.407695 -0.142279 0.191953 -1.498292 -1.972556 -1.487929 -0.869879 -1.570711 -0.701561 -1.241484 -1.630115 -1.865312 
-1.225069 -0.121442 -1.767333 -0.347675 -1.395018 -1.124035 -0.702269 -1.070686 -1.875652 -0.265178 -0.844426 -1.803345 -0.937318 -2.047353 -1.172679 -0.678480 -2.117826 -1.402786 -1.377639 -0.021563 -1.912312 -1.118750 -0.521433 -0.328627 -2.088571 
0.087152 -0.364748 -0.705257 -1.528982 -0.043619 -1.803423 -0.313913 -0.793181 -1.264552 -0.208444 -0.519792 -1.209949 -0.375451 -1.515017 -0.282240 0.098174 -1.455911 -1.458523 -0.955457 -0.238305 -1.269928 -0.669897 -1.090464 -0.972423 -0.965421 
0.092594 -0.558734 0.914780 -0.192958 -0.957810 -0.293399 -0.539039 -0.370420 0.025217 0.661643 0.411868 -0.311194 0.107879 0.199732 -0.051920 0.281895 -0.089649 0.291518 0.769820 0.158088 0.493052 -1.149207 0.762864 0.584662 0.642403 
-0.749664 0.498475 -0.799831 -0.667839 -0.233372 -0.837827 0.515213 0.211504 0.175270 0.172528 -0.155186 1.264105 0.238459 -0.034645 -0.198424 0.374885 0.683448 -0.050457 -0.277528 -0.530771 0.754693 0.588259 0.322608 0.365448 -0.326424 
-0.231127 -0.279815 -0.548269 -0.649708 0.590021 0.078340 -0.265576 -0.137547 0.153311 -0.024865 0.368171 -0.229578 -0.326042 1.004982 0.282237 0.418945 1.077468 0.222424 -0.030691 0.539543 0.610255 -0.548729 -0.163504 -0.821682 0.670067 
-0.270262 0.165054 -0.341300 -1.040461 0.201059 0.170894 0.568475 0.354349 -0.077804 -0.286876 -0.286591 0.157015 -0.646952 -0.102305 -0.375859 -0.256477 0.218099 0.760054 1.053862 0.267805 0.154554 0.221903 -0.360818 0.944804 -0.338251 
-0.037607 -0.367706 -0.494488 0.368707 -0.399100 -0.081851 0.312203 -0.181189 -0.607228 -0.580525 -1.011402 -0.251302 -0.230924 0.277505 0.096871 0.002523 0.166874 0.043152 -0.125355 -0.568155 -0.578172 0.672842 0.594693 0.022063 -0.108364 
0.939438 -1.392216 0.345187 -1.479001 1.103862 -1.665148 0.849555 -0.804765 0.415336 0.404721 1.363134 0.592360 -0.468151 -0.342390 -0.108582 0.579891 0.127618 0.344827 1.019119 0.545007 -0.635418 1.250190 -0.202631 0.382582 -0.679498 
-0.256812 0.518867 -0.908143 -0.080257 1.361113 0.690138 1.082918 1.217208 0.909242 0.021508 0.674785 -1.707465 -0.265241 0.048799 0.212125 0.889768 0.000144 1.594819 -0.022568 -1.058841 0.502671 -0.858656 0.330017 -0.750063 1.470163 
-0.074909 -0.056992 0.863418 -0.400280 -1.345098 1.350303 1.061194 0.917754 1.833034 -0.718903 1.412877 0.971362 1.419146 -1.372589 0.216571 -0.281925 -0.402876 -1.538312 0.216290 -0.028763 -0.687102 0.059959 -1.560186 -0.405754 0.311445 
-1.724770 -0.349050 1.288540 -0.653858 -0.117972 1.166790 -1.732671 1.471784 1.529003 1.793773 1.408605 -0.708744 0.465453 -1.157298 -0.693147 0.992814 0.513676 0.745850 -1.340704 -0.383126 0.580668 0.791310 -0.311528 0.101073 0.491128 
0.117805 0.453333 -1.606164 1.125512 -1.092365 -1.352198 -1.307001 0.963239 1.054874 0.725507 0.556956 0.017059 -0.766296 -0.420153 -0.153412 0.607119 0.391514 0.181921 1.027394 0.625847 0.121330 -1.259730 -0.100377 -0.121976 0.276098 
0.548838 0.444023 0.921955 1.083969 1.293911 0.057918 1.860143 0.856445 1.021269 1.199829 2.160956 1.828250 0.692911 1.036419 0.606615 1.262112 1.422127 0.694200 0.793338 1.444370 0.964573 -0.115258 0.406798 0.074548 0.877997 
1.287013 0.716113 -0.094634 1.522456 1.084640 1.771447 0.502499 1.811979 1.698929 0.463146 0.814533 1.206463 1.452821 0.909333 1.492009 0.337416 1.500372 1.188319 1.626028 0.214617 1.823944 1.704674 0.216767 0.640287 0.313715 
0.338954 0.791899 0.763414 1.275343 1.398054 1.592981 0.218506 0.265560 1.363158 0.296796 0.115114 1.965261 0.846091 1.936208 1.274999 0.036004 1.405765 0.880630 1.670996 0.423890 0.107012 0.269782 0.540599 0.505073 1.633529 
1.810838 1.311139 1.423535 1.809145 0.693648 1.413880 0.692318 2.129506 0.821507 1.457017 1.546522 1.067469 1.106711 -0.000821 1.442160 0.330062 1.216482 0.186803 2.110525 0.825262 1.199218 0.090340 0.419038 0.126955 0.692184 
1.460495 1.104801 0.812630 1.174335 1.676160 0.782591 0.592826 0.053968 0.338699 0.053609 1.423862 1.028414 0.567961 -0.041508 1.734441 1.690406 1.181626 0.271395 1.397928 -0.064265 0.790490 0.443867 1.856518 1.253552 1.396715 
0.480890 0.359605 -0.182803 -0.943689 0.194577 -0.038641 0.678659 -0.487906 0.258289 0.605910 0.101396 -0.787885 -0.444301 -0.200532 0.152826 -0.310936 0.461570 0.042969 0.078040 0.155217 -0.121361 -0.843442 -0.536236 0.012306 0.181990 
0.465338 -0.533645 0.213378 0.411972 0.059857 -0.153240 0.501191 -0.278104 0.830442 -0.333613 -0.089339 0.524218 0.049944 0.111354 -0.109257 0.378924 0.391372 -1.221258 -0.430833 0.815801 0.629490 -0.079872 0.534434 -0.371040 -0.503791 
-0.028101 0.079631 0.331824 0.767828 0.458276 0.738387 -0.136814 -0.106065 0.106537 0.162716 -0.515629 -0.230413 -0.182104 -0.033294 -0.026138 0.557534 0.578933 0.123185 0.026646 -0.403935 -0.036140 0.318643 -0.204819 -0.179787 0.543057 
-0.674961 -0.190177 -0.142308 -0.231190 -0.564583 0.879782 0.280742 -0.665532 -0.313640 -0.975370 0.059299 -0.650589 -0.465731 -0.145363 -0.528131 0.254364 -0.543748 -0.495107 -0.162801 -0.467106 -0.474821 -0.447304 0.537053 -0.240895 0.467369 
-0.730279 -0.310389 -0.138802 -0.882259 -0.508837 0.050837 0.189542 -0.041355 -0.456343 -0.543743 0.605346 -0.787112 0.455655 -0.156994 0.279676 -0.212091 -0.081712 0.475979 0.173710 -0.114876 0.068642 0.358693 0.053975 -0.479520 0.220122 

0 0 0 0 0 0 0 0 0 0 0 0 0 0 0 0 0 0 0 0 0 0 0 0 0 
0 0 0 0 0 0 0 0 0 0 0 0 0 0 0 0 0 0 0 0 0 0 0 0 0 
0 0 0 0 0 0 0 0 0 0 0 0 0 0 0 0 0 0 0 0 0 0 0 0 0 
0 0 0 0 0 0 0 0 0 0 0 0 0 0 0 0 0 0 0 0 0 0 0 0 0 
0 0 0 0 0 0 0 0 0 0 0 0 0 0 0 0 0 0 0 0 0 0 0 0 0 
1 1 1 1 1 1 1 1 1 1 1 1 1 1 1 1 1 1 1 1 1 1 1 1 1 
1 1 1 1 1 1 1 1 1 1 1 1 1 1 1 1 1 1 1 1 1 1 1 1 1 
1 1 1 1 1 1 1 1 1 1 1 1 1 1 1 1 1 1 1 1 1 1 1 1 1 
1 1 1 1 1 1 1 1 1 1 1 1 1 1 1 1 1 1 1 1 1 1 1 1 1 
1 1 1 1 1 1 1 1 1 1 1 1 1 1 1 1 1 1 1 1 1 1 1 1 1 
2 2 2 2 2 2 2 2 2 2 2 2 2 2 2 2 2 2 2 2 2 2 2 2 2 
2 2 2 2 2 2 2 2 2 2 2 2 2 2 2 2 2 2 2 2 2 2 2 2 2 
2 2 2 2 2 2 2 2 2 2 2 2 2 2 2 2 2 2 2 2 2 2 2 2 2 
2 2 2 2 2 2 2 2 2 2 2 2 2 2 2 2 2 2 2 2 2 2 2 2 2 
2 2 2 2 2 2 2 2 2 2 2 2 2 2 2 2 2 2 2 2 2 2 2 2 2 
3 3 3 3 3 3 3 3 3 3 3 3 3 3 3 3 3 3 3 3 3 3 3 3 3 
3 3 3 3 3 3 3 3 3 3 3 3 3 3 3 3 3 3 3 3 3 3 3 3 3 
3 3 3 3 3 3 3 3 3 3 3 3 3 3 3 3 3 3 3 3 3 3 3 3 3 
3 3 3 3 3 3 3 3 3 3 3 3 3 3 3 3 3 3 3 3 3 3 3 3 3 
3 3 3 3 3 3 3 3 3 3 3 3 3 3 3 3 3 3 3 3 3 3 3 3 3 
4 4 4 4 4 4 4 4 4 4 4 4 4 4 4 4 4 4 4 4 4 4 4 4 4 
4 4 4 4 4 4 4 4 4 4 4 4 4 4 4 4 4 4 4 4 4 4 4 4 4 
4 4 4 4 4 4 4 4 4 4 4 4 4 4 4 4 4 4 4 4 4 4 4 4 4 
4 4 4 4 4 4 4 4 4 4 4 4 4 4 4 4 4 4 4 4 4 4 4 4 4 
4 4 4 4 4 4 4 4 4 4 4 4 4 4 4 4 4 4 4 4 4 4 4 4 4 

-2.0 -2.0 -2.0 -2.0 -2.0 -2.0 -2.0 -2.0 -2.0 -2.0 -2.0 -2.0 -2.0 -2.0 -2.0 -2.0 -2.0 -2.0 -2.0 -2.0 -2.0 -2.0 -2.0 -2.0 -2.0 
-2.0 -2.0 -2.0 -2.0 -2.0 -2.0 -2.0 -2.0 -2.0 -2.0 -2.0 -2.0 -2.0 -2.0 -2.0 -2.0 -2.0 -2.0 -2.0 -2.0 -2.0 -2.0 -2.0 -2.0 -2.0 
-2.0 -2.0 -2.0 -2.0 -2.0 -2.0 -2.0 -2.0 -2.0 -2.0 -2.0 -2.0 -2.0 -2.0 -2.0 -2.0 -2.0 -2.0 -2.0 -2.0 -2.0 -2.0 -2.0 -2.0 -2.0 
-2.0 -2.0 -2.0 -2.0 -2.0 -2.0 -2.0 -2.0 -2.0 -2.0 -2.0 -2.0 -2.0 -2.0 -2.0 -2.0 -2.0 -2.0 -2.0 -2.0 -2.0 -2.0 -2.0 -2.0 -2.0 
-2.0 -2.0 -2.0 -2.0 -2.0 -2.0 -2.0 -2.0 -2.0 -2.0 -2.0 -2.0 -2.0 -2.0 -2.0 -2.0 -2.0 -2.0 -2.0 -2.0 -2.0 -2.0 -2.0 -2.0 -2.0 
1.0 1.0 1.0 1.0 1.0 1.0 1.0 1.0 1.0 1.0 1.0 1.0 1.0 1.0 1.0 1.0 1.0 1.0 1.0 1.0 1.0 1.0 1.0 1.0 1.0 
1.0 1.0 1.0 1.0 1.0 1.0 1.0 1.0 1.0 1.0 1.0 1.0 1.0 1.0 1.0 1.0 1.0 1.0 1.0 1.0 1.0 1.0 1.0 1.0 1.0 
1.0 1.0 1.0 1.0 1.0 1.0 1.0 1.0 1.0 1.0 1.0 1.0 1.0 1.0 1.0 1.0 1.0 1.0 1.0 1.0 1.0 1.0 1.0 1.0 1.0 
1.0 1.0 1.0 1.0 1.0 1.0 1.0 1.0 1.0 1.0 1.0 1.0 1.0 1.0 1.0 1.0 1.0 1.0 1.0 1.0 1.0 1.0 1.0 1.0 1.0 
1.0 1.0 1.0 1.0 1.0 1.0 1.0 1.0 1.0 1.0 1.0 1.0 1.0 1.0 1.0 1.0 1.0 1.0 1.0 1.0 1.0 1.0 1.0 1.0 1.0 
2.0 2.0 2.0 2.0 2.0 2.0 2.0 2.0 2.0 2.0 2.0 2.0 2.0 2.0 2.0 2.0 2.0 2.0 2.0 2.0 2.0 2.0 2.0 2.0 2.0 
2.0 2.0 2.0 2.0 2.0 2.0 2.0 2.0 2.0 2.0 2.0 2.0 2.0 2.0 2.0 2.0 2.0 2.0 2.0 2.0 2.0 2.0 2.0 2.0 2.0 
2.0 2.0 2.0 2.0 2.0 2.0 2.0 2.0 2.0 2.0 2.0 2.0 2.0 2.0 2.0 2.0 2.0 2.0 2.0 2.0 2.0 2.0 2.0 2.0 2.0 
2.0 2.0 2.0 2.0 2.0 2.0 2.0 2.0 2.0 2.0 2.0 2.0 2.0 2.0 2.0 2.0 2.0 2.0 2.0 2.0 2.0 2.0 2.0 2.0 2.0 
2.0 2.0 2.0 2.0 2.0 2.0 2.0 2.0 2.0 2.0 2.0 2.0 2.0 2.0 2.0 2.0 2.0 2.0 2.0 2.0 2.0 2.0 2.0 2.0 2.0 
0.0 0.0 0.0 0.0 0.0 0.0 0.0 0.0 0.0 0.0 0.0 0.0 0.0 0.0 0.0 0.0 0.0 0.0 0.0 0.0 0.0 0.0 0.0 0.0 0.0 
0.0 0.0 0.0 0.0 0.0 0.0 0.0 0.0 0.0 0.0 0.0 0.0 0.0 0.0 0.0 0.0 0.0 0.0 0.0 0.0 0.0 0.0 0.0 0.0 0.0 
0.0 0.0 0.0 0.0 0.0 0.0 0.0 0.0 0.0 0.0 0.0 0.0 0.0 0.0 0.0 0.0 0.0 0.0 0.0 0.0 0.0 0.0 0.0 0.0 0.0 
0.0 0.0 0.0 0.0 0.0 0.0 0.0 0.0 0.0 0.0 0.0 0.0 0.0 0.0 0.0 0.0 0.0 0.0 0.0 0.0 0.0 0.0 0.0 0.0 0.0 
0.0 0.0 0.0 0.0 0.0 0.0 0.0 0.0 0.0 0.0 0.0 0.0 0.0 0.0 0.0 0.0 0.0 0.0 0.0 0.0 0.0 0.0 0.0 0.0 0.0 
-1.0 -1.0 -1.0 -1.0 -1.0 -1.0 -1.0 -1.0 -1.0 -1.0 -1.0 -1.0 -1.0 -1.0 -1.0 -1.0 -1.0 -1.0 -1.0 -1.0 -1.0 -1.0 -1.0 -1.0 -1.0 
-1.0 -1.0 -1.0 -1.0 -1.0 -1.0 -1.0 -1.0 -1.0 -1.0 -1.0 -1.0 -1.0 -1.0 -1.0 -1.0 -1.0 -1.0 -1.0 -1.0 -1.0 -1.0 -1.0 -1.0 -1.0 
-1.0 -1.0 -1.0 -1.0 -1.0 -1.0 -1.0 -1.0 -1.0 -1.0 -1.0 -1.0 -1.0 -1.0 -1.0 -1.0 -1.0 -1.0 -1.0 -1.0 -1.0 -1.0 -1.0 -1.0 -1.0 
-1.0 -1.0 -1.0 -1.0 -1.0 -1.0 -1.0 -1.0 -1.0 -1.0 -1.0 -1.0 -1.0 -1.0 -1.0 -1.0 -1.0 -1.0 -1.0 -1.0 -1.0 -1.0 -1.0 -1.0 -1.0 
-1.0 -1.0 -1.0 -1.0 -1.0 -1.0 -1.0 -1.0 -1.0 -1.0 -1.0 -1.0 -1.0 -1.0 -1.0 -1.0 -1.0 -1.0 -1.0 -1.0 -1.0 -1.0 -1.0 -1.0 -1.0 

0.0 0.0 0.0 0.0 0.0 0.0 0.0 0.0 0.0 0.0 0.0 0.0 0.0 0.0 0.0 0.0 0.0 0.0 0.0 0.0 0.0 0.0 0.0 0.0 0.0 
0.0 0.0 0.0 0.0 0.0 0.0 0.0 0.0 0.0 0.0 0.0 0.0 0.0 0.0 0.0 0.0 0.0 0.0 0.0 0.0 0.0 0.0 0.0 0.0 0.0 
0.0 0.0 0.0 0.0 0.0 0.0 0.0 0.0 0.0 0.0 0.0 0.0 0.0 0.0 0.0 0.0 0.0 0.0 0.0 0.0 0.0 0.0 0.0 0.0 0.0 
0.0 0.0 0.0 0.0 0.0 0.0 0.0 0.0 0.0 0.0 0.0 0.0 0.0 0.0 0.0 0.0 0.0 0.0 0.0 0.0 0.0 0.0 0.0 0.0 0.0 
0.0 0.0 0.0 0.0 0.0 0.0 0.0 0.0 0.0 0.0 0.0 0.0 0.0 0.0 0.0 0.0 0.0 0.0 0.0 0.0 0.0 0.0 0.0 0.0 0.0 
-1.0 -1.0 -1.0 -1.0 -1.0 -1.0 -1.0 -1.0 -1.0 -1.0 -1.0 -1.0 -1.0 -1.0 -1.0 -1.0 -1.0 -1.0 -1.0 -1.0 -1.0 -1.0 -1.0 -1.0 -1.0 
-1.0 -1.0 -1.0 -1.0 -1.0 -1.0 -1.0 -1.0 -1.0 -1.0 -1.0 -1.0 -1.0 -1.0 -1.0 -1.0 -1.0 -1.0 -1.0 -1.0 -1.0 -1.0 -1.0 -1.0 -1.0 
-1.0 -1.0 -1.0 -1.0 -1.0 -1.0 -1.0 -1.0 -1.0 -1.0 -1.0 -1.0 -1.0 -1.0 -1.0 -1.0 -1.0 -1.0 -1.0 -1.0 -1.0 -1.0 -1.0 -1.0 -1.0 
-1.0 -1.0 -1.0 -1.0 -1.0 -1.0 -1.0 -1.0 -1.0 -1.0 -1.0 -1.0 -1.0 -1.0 -1.0 -1.0 -1.0 -1.0 -1.0 -1.0 -1.0 -1.0 -1.0 -1.0 -1.0 
-1.0 -1.0 -1.0 -1.0 -1.0 -1.0 -1.0 -1.0 -1.0 -1.0 -1.0 -1.0 -1.0 -1.0 -1.0 -1.0 -1.0 -1.0 -1.0 -1.0 -1.0 -1.0 -1.0 -1.0 -1.0 
-2.0 -2.0 -2.0 -2.0 -2.0 -2.0 -2.0 -2.0 -2.0 -2.0 -2.0 -2.0 -2.0 -2.0 -2.0 -2.0 -2.0 -2.0 -2.0 -2.0 -2.0 -2.0 -2.0 -2.0 -2.0 
-2.0 -2.0 -2.0 -2.0 -2.0 -2.0 -2.0 -2.0 -2.0 -2.0 -2.0 -2.0 -2.0 -2.0 -2.0 -2.0 -2.0 -2.0 -2.0 -2.0 -2.0 -2.0 -2.0 -2.0 -2.0 
-2.0 -2.0 -2.0 -2.0 -2.0 -2.0 -2.0 -2.0 -2.0 -2.0 -2.0 -2.0 -2.0 -2.0 -2.0 -2.0 -2.0 -2.0 -2.0 -2.0 -2.0 -2.0 -2.0 -2.0 -2.0 
-2.0 -2.0 -2.0 -2.0 -2.0 -2.0 -2.0 -2.0 -2.0 -2.0 -2.0 -2.0 -2.0 -2.0 -2.0 -2.0 -2.0 -2.0 -2.0 -2.0 -2.0 -2.0 -2.0 -2.0 -2.0 
-2.0 -2.0 -2.0 -2.0 -2.0 -2.0 -2.0 -2.0 -2.0 -2.0 -2.0 -2.0 -2.0 -2.0 -2.0 -2.0 -2.0 -2.0 -2.0 -2.0 -2.0 -2.0 -2.0 -2.0 -2.0 
2.0 2.0 2.0 2.0 2.0 2.0 2.0 2.0 2.0 2.0 2.0 2.0 2.0 2.0 2.0 2.0 2.0 2.0 2.0 2.0 2.0 2.0 2.0 2.0 2.0 
2.0 2.0 2.0 2.0 2.0 2.0 2.0 2.0 2.0 2.0 2.0 2.0 2.0 2.0 2.0 2.0 2.0 2.0 2.0 2.0 2.0 2.0 2.0 2.0 2.0 
2.0 2.0 2.0 2.0 2.0 2.0 2.0 2.0 2.0 2.0 2.0 2.0 2.0 2.0 2.0 2.0 2.0 2.0 2.0 2.0 2.0 2.0 2.0 2.0 2.0 
2.0 2.0 2.0 2.0 2.0 2.0 2.0 2.0 2.0 2.0 2.0 2.0 2.0 2.0 2.0 2.0 2.0 2.0 2.0 2.0 2.0 2.0 2.0 2.0 2.0 
2.0 2.0 2.0 2.0 2.0 2.0 2.0 2.0 2.0 2.0 2.0 2.0 2.0 2.0 2.0 2.0 2.0 2.0 2.0 2.0 2.0 2.0 2.0 2.0 2.0 
1.0 1.0 1.0 1.0 1.0 1.0 1.0 1.0 1.0 1.0 1.0 1.0 1.0 1.0 1.0 1.0 1.0 1.0 1.0 1.0 1.0 1.0 1.0 1.0 1.0 
1.0 1.0 1.0 1.0 1.0 1.0 1.0 1.0 1.0 1.0 1.0 1.0 1.0 1.0 1.0 1.0 1.0 1.0 1.0 1.0 1.0 1.0 1.0 1.0 1.0 
1.0 1.0 1.0 1.0 1.0 1.0 1.0 1.0 1.0 1.0 1.0 1.0 1.0 1.0 1.0 1.0 1.0 1.0 1.0 1.0 1.0 1.0 1.0 1.0 1.0 
1.0 1.0 1.0 1.0 1.0 1.0 1.0 1.0 1.0 1.0 1.0 1.0 1.0 1.0 1.0 1.0 1.0 1.0 1.0 1.0 1.0 1.0 1.0 1.0 1.0 
1.0 1.0 1.0 1.0 1.0 1.0 1.0 1.0 1.0 1.0 1.0 1.0 1.0 1.0 1.0 1.0 1.0 1.0 1.0 1.0 1.0 1.0 1.0 1.0 1.0 

