0.117867 0.040569 0.503173 0.943624 0.373722 0.973836 0.746129 0.089558 0.312745 0.084183 0.362641 0.951605 0.942057 0.072668 0.553684 0.735263 0.075127 0.542228 0.933537 0.231552 0.299000 0.794347 0.450468 0.828534 0.143289 
0.731011 0.199243 0.986541 0.465404 0.637003 0.580800 0.547074 0.836765 0.869036 0.181001 0.091110 0.365291 0.465285 0.389621 0.469978 0.080831 0.270726 0.486326 0.191049 0.343754 0.475268 0.448396 0.851883 0.413333 0.721461 
0.753454 0.142791 0.817199 0.673496 0.514982 0.984172 0.515085 0.679985 0.191357 0.915361 0.583224 0.784899 0.306218 0.126716 0.726436 0.255318 0.012848 0.531417 0.955167 0.659400 0.929423 0.128204 0.756888 0.379754 0.304119 
0.356187 0.224426 0.933171 0.500863 0.279066 0.413119 0.335000 0.147458 0.577933 0.178393 0.640012 0.237848 0.065927 0.344946 0.499464 0.899511 0.124543 0.086724 0.244448 0.431197 0.866508 0.134342 0.518704 0.915363 0.960590 
0.626367 0.588306 0.387783 0.407286 0.222593 0.971432 0.872285 0.832495 0.025107 0.618853 0.987362 0.415258 0.507776 0.995078 0.369828 0.388619 0.799431 0.442241 0.492758 0.865642 0.305883 0.782543 0.712480 0.189622 0.275071 
0.691458 0.879922 0.935792 0.053638 0.713503 0.180068 0.400115 0.726808 0.063838 0.450689 0.622638 0.712508 0.635939 0.038528 0.288999 0.603168 0.164681 0.199128 0.215613 0.760717 0.179614 0.140051 0.762869 0.595206 0.178404 
0.527157 0.544758 0.225560 0.470073 0.574882 0.743848 0.103854 0.287804 0.609988 0.352359 0.780714 0.152886 0.586356 0.193589 0.440528 0.850670 0.080663 0.340364 0.664328 0.260932 0.254842 0.260044 0.475605 0.509909 0.040386 
0.179791 0.203676 0.719195 0.085607 0.685217 0.575197 0.641411 0.747444 0.908822 0.489737 0.337797 0.543807 0.703716 0.355392 0.486562 0.050548 0.331400 0.633371 0.028708 0.334554 0.147699 0.084335 0.980149 0.792749 0.856376 
0.155537 0.372585 0.082982 0.412451 0.054594 0.938979 0.523865 0.556819 0.085958 0.124799 0.787295 0.206248 0.462481 0.845236 0.799472 0.951064 0.245621 0.213999 0.706577 0.904403 0.997392 0.090573 0.930598 0.445259 0.513524 
0.688806 0.613763 0.671160 0.995528 0.601932 0.714229 0.100572 0.337238 0.438961 0.574001 0.134120 0.412355 0.566368 0.276814 0.521519 0.481334 0.095015 0.172111 0.777891 0.061807 0.065625 0.806654 0.636185 0.839341 0.944456 
0.049523 0.401749 0.801357 0.828907 0.896716 0.909690 0.289536 0.624386 0.778597 0.718159 0.723682 0.280117 0.669350 0.034325 0.465053 0.192319 0.010194 0.299919 0.560237 0.343795 0.299166 0.173932 0.050206 0.113218 0.592930 
0.183080 0.186826 0.435522 0.222592 0.161954 0.351284 0.320987 0.770433 0.091591 0.270060 0.940129 0.177147 0.412291 0.116035 0.207934 0.840827 0.114562 0.284875 0.074229 0.524804 0.450713 0.067489 0.093127 0.694889 0.946668 
0.283963 0.779142 0.973501 0.652520 0.393476 0.139855 0.879809 0.419350 0.566263 0.968686 0.197836 0.566821 0.293125 0.883687 0.433578 0.565817 0.830170 0.435857 0.215683 0.491957 0.529981 0.969633 0.218294 0.071620 0.025663 
0.112992 0.105668 0.348505 0.165540 0.320914 0.182031 0.666156 0.859785 0.284728 0.757189 0.711502 0.674533 0.379793 0.460717 0.991309 0.230945 0.950921 0.860565 0.682648 0.257609 0.207342 0.697727 0.342884 0.942397 0.963821 
0.456250 0.371906 0.931361 0.348526 0.550273 0.472559 0.557439 0.507217 0.598571 0.003282 0.092846 0.907136 0.555996 0.749263 0.978053 0.578085 0.207082 0.131707 0.301330 0.749816 0.269259 0.523001 0.906497 0.981691 0.163147 
0.699369 0.288391 0.191231 0.111424 0.468323 0.587804 0.691035 0.049823 0.962060 0.124209 0.199391 0.188803 0.657023 0.904067 0.309013 0.897868 0.329590 0.933306 0.029920 0.463662 0.635584 0.061447 0.482560 0.402926 0.554032 
0.170402 0.771944 0.265336 0.762579 0.637876 0.310457 0.578815 0.391470 0.967230 0.767325 0.551562 0.202894 0.056306 0.094460 0.205323 0.410618 0.934302 0.094011 0.159601 0.135648 0.195331 0.501991 0.647502 0.317412 0.341878 
0.194852 0.048769 0.804709 0.883175 0.959056 0.253203 0.484321 0.526886 0.152677 0.852794 0.322525 0.145030 0.827525 0.913018 0.309746 0.779550 0.516326 0.791532 0.026126 0.159759 0.257809 0.023708 0.258074 0.090558 0.437282 
0.065685 0.998204 0.149201 0.508152 0.481609 0.393307 0.276127 0.383724 0.163712 0.811142 0.847549 0.660017 0.063794 0.620820 0.159893 0.593626 0.502391 0.324412 0.048232 0.859200 0.323410 0.903229 0.587600 0.341376 0.777984 
0.866032 0.653387 0.225950 0.138452 0.666282 0.442231 0.867290 0.786293 0.257134 0.510846 0.331566 0.100681 0.482801 0.741407 0.515738 0.644126 0.941429 0.299503 0.649160 0.489832 0.082488 0.958012 0.488160 0.231874 0.789470 
0.413419 0.338862 0.763934 0.512559 0.375236 0.643911 0.266000 0.817177 0.581165 0.369645 0.504895 0.409791 0.604986 0.952591 0.879803 0.154026 0.300662 0.084957 0.473433 0.485657 0.522435 0.843966 0.044036 0.649760 0.450125 
0.092633 0.370770 0.055945 0.613825 0.176847 0.470130 0.288481 0.931024 0.103555 0.326931 0.902080 0.510928 0.093718 0.005696 0.611626 0.941104 0.691184 0.748188 0.952267 0.839185 0.059905 0.475796 0.417607 0.883892 0.323146 
0.693489 0.342970 0.178027 0.254185 0.118559 0.464932 0.004730 0.518126 0.273949 0.440231 0.016721 0.797562 0.900883 0.766313 0.053222 0.091665 0.454664 0.574360 0.919831 0.417139 0.482362 0.002958 0.876566 0.712302 0.518693 
0.514623 0.794629 0.247690 0.442406 0.148750 0.046869 0.061899 0.694677 0.188861 0.289031 0.172912 0.275767 0.913847 0.318925 0.768507 0.756859 0.367214 0.914434 0.683677 0.660712 0.477585 0.948077 0.591395 0.785676 0.833265 
0.357885 0.218835 0.215680 0.144351 0.203411 0.095482 0.178983 0.703375 0.465414 0.211272 0.213095 0.086431 0.422085 0.817846 0.972238 0.003051 0.355309 0.634352 0.927003 0.384365 0.455406 0.379823 0.268096 0.104677 0.262606 

0.274322 0.157081 0.437689 0.884335 0.880375 0.586077 0.418540 0.338694 0.119816 0.086951 0.982031 0.281304 0.731143 0.880805 0.758931 0.954506 0.703151 0.411969 0.061934 0.567358 0.522899 0.454750 0.570842 0.508686 0.030590 
0.762005 0.274406 0.777086 0.752695 0.809881 0.601795 0.425883 0.759079 0.109100 0.316773 0.248932 0.110692 0.051514 0.762381 0.201018 0.206985 0.895244 0.764630 0.289286 0.539230 0.035347 0.509729 0.925426 0.961305 0.506461 
0.662352 0.114882 0.666768 0.883275 0.511738 0.100461 0.700333 0.802479 0.561795 0.508041 0.621369 0.858193 0.269376 0.109593 0.275633 0.951245 0.079937 0.598146 0.635171 0.427800 0.859318 0.881705 0.383062 0.343039 0.113415 
0.247052 0.576937 0.254710 0.900264 0.398288 0.533610 0.104093 0.393507 0.265268 0.952694 0.162175 0.147492 0.563091 0.030561 0.494208 0.615361 0.072102 0.730026 0.114006 0.906245 0.372396 0.620091 0.463727 0.414567 0.541323 
0.804567 0.609577 0.341502 0.256049 0.770552 0.800400 0.225989 0.717666 0.347205 0.725778 0.757064 0.318677 0.220233 0.284596 0.112517 0.054602 0.139729 0.724979 0.619127 0.472683 0.112382 0.608513 0.435623 0.984587 0.628092 
0.151531 0.595523 0.240576 0.979597 0.699780 0.543574 0.153599 0.524200 0.376660 0.449060 0.873523 0.830334 0.422871 0.950043 0.904602 0.434316 0.818037 0.071230 0.298816 0.665166 0.607137 0.901131 0.442241 0.424278 0.207144 
0.214235 0.851116 0.983229 0.280552 0.991259 0.956664 0.902813 0.396474 0.238167 0.370889 0.323552 0.779800 0.779413 0.490237 0.948360 0.923857 0.891715 0.707369 0.493768 0.193795 0.164084 0.569138 0.454211 0.670064 0.372305 
0.488430 0.187276 0.455641 0.381078 0.771241 0.807105 0.533466 0.899916 0.423787 0.596309 0.535672 0.810406 0.001048 0.371796 0.354994 0.866781 0.390905 0.340746 0.761943 0.720043 0.971517 0.797658 0.887918 0.031471 0.576890 
0.732034 0.642158 0.180800 0.243078 0.881078 0.408599 0.731385 0.527574 0.712313 0.394525 0.383371 0.818445 0.163727 0.530211 0.561807 0.490391 0.647168 0.834793 0.141200 0.708081 0.347730 0.618593 0.972299 0.052798 0.597717 
0.249749 0.483861 0.474120 0.285769 0.184834 0.475216 0.686712 0.961722 0.897911 0.691157 0.083953 0.878559 0.910212 0.532635 0.777680 0.510297 0.371063 0.425560 0.580930 0.611204 0.669861 0.677346 0.305441 0.644844 0.377380 
0.198784 0.411946 0.995002 0.565190 0.829114 0.380512 0.435048 0.753975 0.366113 0.080743 0.198627 0.293386 0.395219 0.429953 0.608899 0.823463 0.375177 0.547942 0.179301 0.062957 0.959181 0.886803 0.691196 0.484987 0.451481 
0.113164 0.178707 0.846180 0.406481 0.600386 0.689573 0.554709 0.564334 0.560023 0.462180 0.962611 0.684546 0.197790 0.222592 0.459236 0.591770 0.422643 0.625825 0.633775 0.891601 0.470378 0.480988 0.387545 0.316376 0.441838 
0.567258 0.610241 0.857918 0.498328 0.541125 0.372036 0.162539 0.973299 0.104780 0.548233 0.099675 0.993410 0.279948 0.735595 0.043262 0.955966 0.952974 0.291024 0.432912 0.439448 0.456425 0.506525 0.649340 0.524144 0.107744 
0.259338 0.912382 0.488776 0.807307 0.140314 0.738952 0.059892 0.096600 0.326611 0.190952 0.583937 0.104800 0.354421 0.860301 0.953434 0.587223 0.078366 0.084661 0.716555 0.850500 0.872396 0.226190 0.722741 0.323437 0.567870 
0.433561 0.585899 0.428017 0.670150 0.882643 0.895819 0.304427 0.005754 0.783603 0.301583 0.017260 0.717614 0.040101 0.968228 0.558978 0.708839 0.890237 0.837903 0.733700 0.373763 0.989305 0.703927 0.597186 0.734090 0.941613 
0.744700 0.167531 0.883336 0.633782 0.002517 0.614202 0.643152 0.144281 0.285644 0.629602 0.061938 0.285123 0.538169 0.346231 0.927102 0.751659 0.792994 0.771092 0.515659 0.791280 0.895020 0.288886 0.883769 0.338529 0.511797 
0.625629 0.557308 0.489807 0.521028 0.136989 0.032993 0.373813 0.597123 0.367067 0.218238 0.624276 0.490440 0.843569 0.340208 0.951674 0.679346 0.647323 0.640899 0.982822 0.147824 0.391669 0.343502 0.019748 0.489240 0.040787 
0.825477 0.085191 0.732845 0.411546 0.735875 0.372066 0.308258 0.927605 0.267043 0.825570 0.868097 0.916467 0.068088 0.977863 0.839267 0.111061 0.480437 0.944816 0.364819 0.029223 0.147931 0.804864 0.956244 0.018472 0.215762 
0.894970 0.587718 0.707047 0.353632 0.742207 0.198103 0.668858 0.735806 0.673377 0.879882 0.694714 0.902081 0.235086 0.418660 0.206487 0.323037 0.240325 0.660438 0.615218 0.401072 0.009657 0.413531 0.070323 0.597451 0.304420 
0.700076 0.694596 0.250404 0.401711 0.789179 0.236901 0.889485 0.430925 0.061114 0.098597 0.756367 0.651653 0.318585 0.278764 0.079261 0.056477 0.071127 0.492404 0.632067 0.247752 0.564145 0.244008 0.177916 0.277170 0.879394 
0.200582 0.391586 0.931972 0.589386 0.679792 0.795474 0.313922 0.391901 0.117041 0.924598 0.360497 0.761610 0.816589 0.993062 0.513783 0.565660 0.197984 0.679106 0.086445 0.124929 0.158857 0.468774 0.590593 0.877781 0.247623 
0.262982 0.037471 0.163504 0.102546 0.047207 0.432646 0.237355 0.265120 0.871679 0.235407 0.758963 0.020832 0.065550 0.227238 0.746705 0.778777 0.253163 0.117032 0.950982 0.553730 0.971165 0.415419 0.501891 0.644475 0.053595 
0.808215 0.053949 0.061170 0.176758 0.254444 0.878864 0.941397 0.776808 0.317415 0.188845 0.631520 0.250244 0.238283 0.805821 0.619732 0.944408 0.061928 0.450603 0.179992 0.808703 0.229878 0.296333 0.886033 0.772409 0.467999 
0.655774 0.723422 0.157263 0.174027 0.094867 0.611693 0.626615 0.832416 0.677242 0.979052 0.437673 0.242233 0.835789 0.875756 0.142945 0.231041 0.461844 0.728889 0.396253 0.409373 0.290047 0.878122 0.016916 0.432767 0.601653 
0.678949 0.571060 0.292732 0.428470 0.039990 0.234539 0.196209 0.164585 0.662825 0.395843 0.951470 0.339071 0.793817 0.052433 0.996859 0.454635 0.192548 0.376430 0.048244 0.446765 0.288924 0.259670 0.568693 0.309478 0.992077 

0.398339 0.272439 0.391033 1.923635 1.530315 1.636194 1.359659 0.403114 0.076588 0.274143 1.227508 1.223994 1.664365 0.695793 1.110705 1.865908 0.911590 1.062624 1.151113 0.882255 0.820641 1.212818 1.245948 -1.027019 0.199941 
1.481333 0.763114 1.754658 1.639163 1.468081 0.974305 0.832879 1.398099 0.672842 0.464248 0.892325 0.369030 0.570737 1.589327 0.406208 0.596339 0.991590 1.257217 0.552142 0.758522 0.909389 1.314564 -2.040349 -2.019607 -0.783768 
1.263474 -0.043816 1.219726 1.860477 1.332971 1.120450 1.368212 1.563422 1.097875 1.513435 0.778319 1.580113 0.685573 0.174868 0.965661 1.215849 0.070433 0.961285 1.935864 1.038188 1.859541 -1.934511 -0.794763 -0.565041 0.099515 
0.381836 0.767113 1.256967 1.374746 0.905431 0.870293 0.130356 0.526447 0.832560 1.338001 0.666122 0.897902 0.410119 0.140524 1.088576 1.576377 -0.233960 1.120206 0.294476 1.028621 -0.384489 -1.329772 -0.786305 -1.025826 -0.903057 
1.003057 0.038333 0.567527 0.207236 0.806676 1.962635 1.157552 1.335970 0.468190 1.514876 1.340924 0.645232 0.883160 1.615317 0.321983 0.649733 0.929416 1.048658 0.790211 1.087285 -0.955260 -1.417062 -1.230528 -2.240371 -1.221688 
-0.468470 0.000193 -0.615440 1.115914 1.703430 0.288991 0.428319 1.339759 0.608981 1.075936 1.464882 1.770091 1.127890 1.232004 1.111073 0.961217 1.047279 0.337897 0.635094 -1.118979 -1.410860 -2.085477 -1.171446 -0.804648 -0.187386 
-0.004045 1.394440 1.366067 -0.067278 1.720711 1.174472 1.198397 0.537811 0.882737 0.562971 1.429712 1.043541 1.366441 0.546846 1.190841 2.096565 1.114293 0.818298 -1.269012 -0.174899 -0.914479 -1.305269 -0.658634 -1.352718 -0.630978 
0.528669 0.167909 0.629309 0.676832 0.939379 1.524713 1.008204 1.629652 1.027500 1.264057 0.529837 1.651791 0.511851 0.859295 0.780953 0.906821 0.792106 -0.807049 -1.267389 -1.444004 -2.172025 -1.478930 -1.926974 -0.223896 -1.393351 
1.541820 0.788531 0.372851 0.217756 1.925059 0.188731 1.065373 1.409211 0.906803 0.271530 1.069114 1.356682 0.554779 1.262765 1.238582 1.333582 0.887774 -1.208205 -0.504414 -1.383630 -0.742021 -1.378037 -2.097756 -0.055034 -1.217608 
-0.385007 0.499812 0.038823 -0.436096 -0.229805 0.169396 0.920197 1.163212 1.445169 1.051922 0.075576 1.452431 1.491698 0.621851 1.079928 0.964977 -0.706998 -0.988741 -1.104991 -1.217025 -1.570622 -1.450639 -0.604031 -1.348518 -0.522654 
0.112020 0.329524 0.910237 0.079388 0.935375 0.015270 0.448681 0.975638 1.358235 1.214978 1.498535 0.474337 1.359594 0.386329 -1.381537 -1.173208 -0.673986 -1.140764 -0.232442 -0.356405 -1.536664 -1.389232 -1.429361 -1.100344 -0.948743 
0.336263 0.064333 1.257858 0.944688 0.704966 0.809646 0.854396 1.679108 -0.187957 0.442381 1.953284 0.366679 0.915844 0.457409 -0.605111 -2.269369 -0.444253 -1.186474 -1.482648 -1.426925 -0.811283 -1.144154 -0.943375 -0.902743 -1.003209 
0.617854 0.610125 1.300567 0.223826 0.563908 0.574618 1.843171 0.888547 1.041528 2.260305 0.363927 1.016646 0.729919 2.015696 -1.032675 -2.154653 -2.523806 -0.391099 -0.662304 -0.892705 -0.874700 -0.983586 -1.385173 -0.722925 -0.096694 
0.571101 1.839067 0.664297 1.468419 0.155106 0.375008 1.359920 1.866457 0.532498 1.198689 1.138821 1.379662 0.840770 -2.111377 -2.923848 -1.248440 -1.776079 -2.025481 -1.302822 -1.589851 -1.600733 -0.628034 -1.103500 -0.530144 -0.727521 
0.697605 0.648208 -0.250249 0.939420 1.135615 0.864914 1.013185 1.148943 1.024167 -0.169993 0.148544 2.052229 1.002708 -2.722753 -2.487040 -1.948076 -1.208249 -1.368857 -1.803287 -0.288036 -2.048121 -1.492835 -1.053282 -1.425323 -2.003095 
0.740355 -0.124283 1.520412 0.295982 1.176062 1.108434 1.516759 0.067201 1.825038 0.341173 0.319985 0.294550 1.465980 -1.944850 -1.284207 -2.266772 -1.177552 -2.460948 -0.311258 -1.807662 -1.362219 -0.365539 -1.852190 -0.675356 -1.121912 
1.074328 0.332159 0.314145 1.629130 1.289120 0.378527 1.019938 0.869564 1.464889 2.053102 1.035801 0.259828 -0.059666 -0.395668 -1.418126 -1.664050 -2.596354 -1.013752 -1.406769 -0.367891 -0.866490 -0.600520 0.079162 -1.001162 -0.115724 
1.877571 0.449224 1.890491 1.750558 2.087836 0.505668 1.241578 0.722910 0.132426 1.876416 0.626367 0.405388 -1.512524 -2.859827 -1.398848 -1.765271 -1.532813 -2.433010 -0.884601 -0.088796 -0.139286 -1.097478 -1.725562 0.280469 -0.192030 
1.601057 1.903829 0.404661 1.264516 1.175934 0.733032 0.378824 1.209802 0.326762 1.784996 1.558886 1.556045 -0.673766 -1.411849 -0.402196 -1.920267 -1.263206 -1.344969 -0.563151 -2.139890 -0.678288 -0.938629 -0.145512 -1.196631 -0.566320 
1.912979 1.171496 0.426120 0.197777 1.013648 0.836045 2.264402 1.625960 0.461314 1.261896 0.762183 0.401587 -1.332853 -1.485431 -0.796102 -1.294392 -1.890288 -1.112866 -2.104942 -1.158418 -0.519167 -0.338209 -0.248500 -0.747960 -1.572649 
0.822101 0.524911 1.439146 0.736231 0.898441 1.344520 0.906340 1.474623 1.012180 0.594280 1.302503 -1.755672 -2.049378 -2.750339 -2.423137 -0.505040 -0.791017 -0.775249 -0.718033 -1.449663 -1.362109 -2.047810 -0.962245 -2.004305 -0.399054 
0.014474 0.697974 0.124041 0.979716 0.225713 1.326942 0.651509 1.956011 -0.059886 1.147152 1.923287 -0.922505 -0.246497 -0.157431 -1.921038 -2.609387 -1.086043 -1.559791 -2.629807 -2.217347 -1.184563 -1.138099 -1.142108 -1.321272 0.031556 
1.536803 0.479497 0.544645 0.453981 -0.045692 0.737860 0.172933 0.810143 0.533516 0.789122 0.357773 -1.902418 -2.228504 -2.172606 -0.580278 -0.883044 -0.992201 -1.964244 -2.153064 -1.477870 -1.126248 -0.066073 -2.520576 -1.751370 -0.870438 
0.943812 2.075172 0.644632 0.988616 0.209986 -0.110538 0.022708 1.271032 0.283913 0.526026 0.556187 -0.658073 -2.988305 -1.739954 -1.647502 -1.330230 -0.788911 -2.476119 -1.504130 -1.795981 -1.818049 -3.242843 -1.389952 -1.970068 -1.186320 
0.846421 0.205175 0.303566 0.326133 0.235096 0.476039 0.664820 1.383570 1.290192 0.173952 -1.444408 -0.239505 -1.693764 -1.682180 -3.125502 -0.473588 -0.759118 -1.751858 -2.132539 -1.086523 -1.209342 -1.287206 -1.319306 -0.685704 -1.836535 

1 1 1 1 1 1 1 1 1 1 1 1 1 1 1 1 1 1 1 1 1 1 1 3 3 
1 1 1 1 1 1 1 1 1 1 1 1 1 1 1 1 1 1 1 1 1 1 3 3 3 
1 1 1 1 1 1 1 1 1 1 1 1 1 1 1 1 1 1 1 1 1 3 3 3 3 
2 1 1 1 1 1 1 1 1 1 1 1 1 1 1 1 1 1 1 1 3 3 3 3 3 
2 2 1 1 1 1 1 1 1 1 1 1 1 1 1 1 1 1 1 1 3 3 3 3 3 
2 2 2 1 1 1 1 1 1 1 1 1 1 1 1 1 1 1 1 3 3 3 3 3 3 
2 2 2 2 1 1 1 1 1 1 1 1 1 1 1 1 1 1 3 3 3 3 3 3 3 
2 2 2 2 2 1 1 1 1 1 1 1 1 1 1 1 1 3 3 3 3 3 3 3 3 
2 2 2 2 2 2 1 1 1 1 1 1 1 1 1 1 1 3 3 3 3 3 3 3 3 
2 2 2 2 2 2 2 1 1 1 1 1 1 1 1 1 3 3 3 3 3 3 3 3 3 
2 2 2 2 2 2 2 2 0 0 0 0 0 0 4 4 3 3 3 3 3 3 3 3 3 
2 2 2 2 2 2 2 0 0 0 0 0 0 0 4 4 4 3 3 3 3 3 3 3 3 
2 2 2 2 2 2 0 0 0 0 0 0 0 0 4 4 4 3 3 3 3 3 3 3 3 
2 2 2 2 2 0 0 0 0 0 0 0 0 4 4 4 4 4 3 3 3 3 3 3 3 
2 2 2 2 0 0 0 0 0 0 0 0 0 4 4 4 4 4 4 3 3 3 3 3 3 
2 2 2 0 0 0 0 0 0 0 0 0 0 4 4 4 4 4 4 3 3 3 3 3 3 
2 2 0 0 0 0 0 0 0 0 0 0 0 4 4 4 4 4 4 4 3 3 3 3 3 
2 0 0 0 0 0 0 0 0 0 0 0 4 4 4 4 4 4 4 4 3 3 3 3 3 
2 0 0 0 0 0 0 0 0 0 0 0 4 4 4 4 4 4 4 4 4 3 3 3 3 
0 0 0 0 0 0 0 0 0 0 0 0 4 4 4 4 4 4 4 4 4 3 3 3 3 
0 0 0 0 0 0 0 0 0 0 0 4 4 4 4 4 4 4 4 4 4 4 3 3 3 
0 0 0 0 0 0 0 0 0 0 0 4 4 4 4 4 4 4 4 4 4 4 3 3 3 
0 0 0 0 0 0 0 0 0 0 0 4 4 4 4 4 4 4 4 4 4 4 4 3 3 
0 0 0 0 0 0 0 0 0 0 0 4 4 4 4 4 4 4 4 4 4 4 4 4 3 
0 0 0 0 0 0 0 0 0 0 4 4 4 4 4 4 4 4 4 4 4 4 4 4 3 

1.0 1.0 1.0 1.0 1.0 1.0 1.0 1.0 1.0 1.0 1.0 1.0 1.0 1.0 1.0 1.0 1.0 1.0 1.0 1.0 1.0 1.0 1.0 0.0 0.0 
1.0 1.0 1.0 1.0 1.0 1.0 1.0 1.0 1.0 1.0 1.0 1.0 1.0 1.0 1.0 1.0 1.0 1.0 1.0 1.0 1.0 1.0 0.0 0.0 0.0 
1.0 1.0 1.0 1.0 1.0 1.0 1.0 1.0 1.0 1.0 1.0 1.0 1.0 1.0 1.0 1.0 1.0 1.0 1.0 1.0 1.0 0.0 0.0 0.0 0.0 
-1.0 1.0 1.0 1.0 1.0 1.0 1.0 1.0 1.0 1.0 1.0 1.0 1.0 1.0 1.0 1.0 1.0 1.0 1.0 1.0 0.0 0.0 0.0 0.0 0.0 
-1.0 -1.0 1.0 1.0 1.0 1.0 1.0 1.0 1.0 1.0 1.0 1.0 1.0 1.0 1.0 1.0 1.0 1.0 1.0 1.0 0.0 0.0 0.0 0.0 0.0 
-1.0 -1.0 -1.0 1.0 1.0 1.0 1.0 1.0 1.0 1.0 1.0 1.0 1.0 1.0 1.0 1.0 1.0 1.0 1.0 0.0 0.0 0.0 0.0 0.0 0.0 
-1.0 -1.0 -1.0 -1.0 1.0 1.0 1.0 1.0 1.0 1.0 1.0 1.0 1.0 1.0 1.0 1.0 1.0 1.0 0.0 0.0 0.0 0.0 0.0 0.0 0.0 
-1.0 -1.0 -1.0 -1.0 -1.0 1.0 1.0 1.0 1.0 1.0 1.0 1.0 1.0 1.0 1.0 1.0 1.0 0.0 0.0 0.0 0.0 0.0 0.0 0.0 0.0 
-1.0 -1.0 -1.0 -1.0 -1.0 -1.0 1.0 1.0 1.0 1.0 1.0 1.0 1.0 1.0 1.0 1.0 1.0 0.0 0.0 0.0 0.0 0.0 0.0 0.0 0.0 
-1.0 -1.0 -1.0 -1.0 -1.0 -1.0 -1.0 1.0 1.0 1.0 1.0 1.0 1.0 1.0 1.0 1.0 0.0 0.0 0.0 0.0 0.0 0.0 0.0 0.0 0.0 
-1.0 -1.0 -1.0 -1.0 -1.0 -1.0 -1.0 -1.0 2.0 2.0 2.0 2.0 2.0 2.0 -2.0 -2.0 0.0 0.0 0.0 0.0 0.0 0.0 0.0 0.0 0.0 
-1.0 -1.0 -1.0 -1.0 -1.0 -1.0 -1.0 2.0 2.0 2.0 2.0 2.0 2.0 2.0 -2.0 -2.0 -2.0 0.0 0.0 0.0 0.0 0.0 0.0 0.0 0.0 
-1.0 -1.0 -1.0 -1.0 -1.0 -1.0 2.0 2.0 2.0 2.0 2.0 2.0 2.0 2.0 -2.0 -2.0 -2.0 0.0 0.0 0.0 0.0 0.0 0.0 0.0 0.0 
-1.0 -1.0 -1.0 -1.0 -1.0 2.0 2.0 2.0 2.0 2.0 2.0 2.0 2.0 -2.0 -2.0 -2.0 -2.0 -2.0 0.0 0.0 0.0 0.0 0.0 0.0 0.0 
-1.0 -1.0 -1.0 -1.0 2.0 2.0 2.0 2.0 2.0 2.0 2.0 2.0 2.0 -2.0 -2.0 -2.0 -2.0 -2.0 -2.0 0.0 0.0 0.0 0.0 0.0 0.0 
-1.0 -1.0 -1.0 2.0 2.0 2.0 2.0 2.0 2.0 2.0 2.0 2.0 2.0 -2.0 -2.0 -2.0 -2.0 -2.0 -2.0 0.0 0.0 0.0 0.0 0.0 0.0 
-1.0 -1.0 2.0 2.0 2.0 2.0 2.0 2.0 2.0 2.0 2.0 2.0 2.0 -2.0 -2.0 -2.0 -2.0 -2.0 -2.0 -2.0 0.0 0.0 0.0 0.0 0.0 
-1.0 2.0 2.0 2.0 2.0 2.0 2.0 2.0 2.0 2.0 2.0 2.0 -2.0 -2.0 -2.0 -2.0 -2.0 -2.0 -2.0 -2.0 0.0 0.0 0.0 0.0 0.0 
-1.0 2.0 2.0 2.0 2.0 2.0 2.0 2.0 2.0 2.0 2.0 2.0 -2.0 -2.0 -2.0 -2.0 -2.0 -2.0 -2.0 -2.0 -2.0 0.0 0.0 0.0 0.0 
2.0 2.0 2.0 2.0 2.0 2.0 2.0 2.0 2.0 2.0 2.0 2.0 -2.0 -2.0 -2.0 -2.0 -2.0 -2.0 -2.0 -2.0 -2.0 0.0 0.0 0.0 0.0 
2.0 2.0 2.0 2.0 2.0 2.0 2.0 2.0 2.0 2.0 2.0 -2.0 -2.0 -2.0 -2.0 -2.0 -2.0 -2.0 -2.0 -2.0 -2.0 -2.0 0.0 0.0 0.0 
2.0 2.0 2.0 2.0 2.0 2.0 2.0 2.0 2.0 2.0 2.0 -2.0 -2.0 -2.0 -2.0 -2.0 -2.0 -2.0 -2.0 -2.0 -2.0 -2.0 0.0 0.0 0.0 
2.0 2.0 2.0 2.0 2.0 2.0 2.0 2.0 2.0 2.0 2.0 -2.0 -2.0 -2.0 -2.0 -2.0 -2.0 -2.0 -2.0 -2.0 -2.0 -2.0 -2.0 0.0 0.0 
2.0 2.0 2.0 2.0 2.0 2.0 2.0 2.0 2.0 2.0 2.0 -2.0 -2.0 -2.0 -2.0 -2.0 -2.0 -2.0 -2.0 -2.0 -2.0 -2.0 -2.0 -2.0 0.0 
2.0 2.0 2.0 2.0 2.0 2.0 2.0 2.0 2.0 2.0 -2.0 -2.0 -2.0 -2.0 -2.0 -2.0 -2.0 -2.0 -2.0 -2.0 -2.0 -2.0 -2.0 -2.0 0.0 

1.0 1.0 1.0 1.0 1.0 1.0 1.0 1.0 1.0 1.0 1.0 1.0 1.0 1.0 1.0 1.0 1.0 1.0 1.0 1.0 1.0 1.0 1.0 -2.0 -2.0 
1.0 1.0 1.0 1.0 1.0 1.0 1.0 1.0 1.0 1.0 1.0 1.0 1.0 1.0 1.0 1.0 1.0 1.0 1.0 1.0 1.0 1.0 -2.0 -2.0 -2.0 
1.0 1.0 1.0 1.0 1.0 1.0 1.0 1.0 1.0 1.0 1.0 1.0 1.0 1.0 1.0 1.0 1.0 1.0 1.0 1.0 1.0 -2.0 -2.0 -2.0 -2.0 
2.0 1.0 1.0 1.0 1.0 1.0 1.0 1.0 1.0 1.0 1.0 1.0 1.0 1.0 1.0 1.0 1.0 1.0 1.0 1.0 -2.0 -2.0 -2.0 -2.0 -2.0 
2.0 2.0 1.0 1.0 1.0 1.0 1.0 1.0 1.0 1.0 1.0 1.0 1.0 1.0 1.0 1.0 1.0 1.0 1.0 1.0 -2.0 -2.0 -2.0 -2.0 -2.0 
2.0 2.0 2.0 1.0 1.0 1.0 1.0 1.0 1.0 1.0 1.0 1.0 1.0 1.0 1.0 1.0 1.0 1.0 1.0 -2.0 -2.0 -2.0 -2.0 -2.0 -2.0 
2.0 2.0 2.0 2.0 1.0 1.0 1.0 1.0 1.0 1.0 1.0 1.0 1.0 1.0 1.0 1.0 1.0 1.0 -2.0 -2.0 -2.0 -2.0 -2.0 -2.0 -2.0 
2.0 2.0 2.0 2.0 2.0 1.0 1.0 1.0 1.0 1.0 1.0 1.0 1.0 1.0 1.0 1.0 1.0 -2.0 -2.0 -2.0 -2.0 -2.0 -2.0 -2.0 -2.0 
2.0 2.0 2.0 2.0 2.0 2.0 1.0 1.0 1.0 1.0 1.0 1.0 1.0 1.0 1.0 1.0 1.0 -2.0 -2.0 -2.0 -2.0 -2.0 -2.0 -2.0 -2.0 
2.0 2.0 2.0 2.0 2.0 2.0 2.0 1.0 1.0 1.0 1.0 1.0 1.0 1.0 1.0 1.0 -2.0 -2.0 -2.0 -2.0 -2.0 -2.0 -2.0 -2.0 -2.0 
2.0 2.0 2.0 2.0 2.0 2.0 2.0 2.0 0.0 0.0 0.0 0.0 0.0 0.0 -1.0 -1.0 -2.0 -2.0 -2.0 -2.0 -2.0 -2.0 -2.0 -2.0 -2.0 
2.0 2.0 2.0 2.0 2.0 2.0 2.0 0.0 0.0 0.0 0.0 0.0 0.0 0.0 -1.0 -1.0 -1.0 -2.0 -2.0 -2.0 -2.0 -2.0 -2.0 -2.0 -2.0 
2.0 2.0 2.0 2.0 2.0 2.0 0.0 0.0 0.0 0.0 0.0 0.0 0.0 0.0 -1.0 -1.0 -1.0 -2.0 -2.0 -2.0 -2.0 -2.0 -2.0 -2.0 -2.0 
2.0 2.0 2.0 2.0 2.0 0.0 0.0 0.0 0.0 0.0 0.0 0.0 0.0 -1.0 -1.0 -1.0 -1.0 -1.0 -2.0 -2.0 -2.0 -2.0 -2.0 -2.0 -2.0 
2.0 2.0 2.0 2.0 0.0 0.0 0.0 0.0 0.0 0.0 0.0 0.0 0.0 -1.0 -1.0 -1.0 -1.0 -1.0 -1.0 -2.0 -2.0 -2.0 -2.0 -2.0 -2.0 
2.0 2.0 2.0 0.0 0.0 0.0 0.0 0.0 0.0 0.0 0.0 0.0 0.0 -1.0 -1.0 -1.0 -1.0 -1.0 -1.0 -2.0 -2.0 -2.0 -2.0 -2.0 -2.0 
2.0 2.0 0.0 0.0 0.0 0.0 0.0 0.0 0.0 0.0 0.0 0.0 0.0 -1.0 -1.0 -1.0 -1.0 -1.0 -1.0 -1.0 -2.0 -2.0 -2.0 -2.0 -2.0 
2.0 0.0 0.0 0.0 0.0 0.0 0.0 0.0 0.0 0.0 0.0 0.0 -1.0 -1.0 -1.0 -1.0 -1.0 -1.0 -1.0 -1.0 -2.0 -2.0 -2.0 -2.0 -2.0 
2.0 0.0 0.0 0.0 0.0 0.0 0.0 0.0 0.0 0.0 0.0 0.0 -1.0 -1.0 -1.0 -1.0 -1.0 -1.0 -1.0 -1.0 -1.0 -2.0 -2.0 -2.0 -2.0 
0.0 0.0 0.0 0.0 0.0 0.0 0.0 0.0 0.0 0.0 0.0 0.0 -1.0 -1.0 -1.0 -1.0 -1.0 -1.0 -1.0 -1.0 -1.0 -2.0 -2.0 -2.0 -2.0 
0.0 0.0 0.0 0.0 0.0 0.0 0.0 0.0 0.0 0.0 0.0 -1.0 -1.0 -1.0 -1.0 -1.0 -1.0 -1.0 -1.0 -1.0 -1.0 -1.0 -2.0 -2.0 -2.0 
0.0 0.0 0.0 0.0 0.0 0.0 0.0 0.0 0.0 0.0 0.0 -1.0 -1.0 -1.0 -1.0 -1.0 -1.0 -1.0 -1.0 -1.0 -1.0 -1.0 -2.0 -2.0 -2.0 
0.0 0.0 0.0 0.0 0.0 0.0 0.0 0.0 0.0 0.0 0.0 -1.0 -1.0 -1.0 -1.0 -1.0 -1.0 -1.0 -1.0 -1.0 -1.0 -1.0 -1.0 -2.0 -2.0 
0.0 0.0 0.0 0.0 0.0 0.0 0.0 0.0 0.0 0.0 0.0 -1.0 -1.0 -1.0 -1.0 -1.0 -1.0 -1.0 -1.0 -1.0 -1.0 -1.0 -1.0 -1.0 -2.0 
0.0 0.0 0.0 0.0 0.0 0.0 0.0 0.0 0.0 0.0 -1.0 -1.0 -1.0 -1.0 -1.0 -1.0 -1.0 -1.0 -1.0 -1.0 -1.0 -1.0 -1.0 -1.0 -2.0 

