0.608261 0.451364 0.123919 0.054788 0.014593 0.876012 0.466601 0.953405 0.418656 0.030521 0.049024 0.858790 0.945414 0.824762 0.145629 0.349903 0.625305 0.243762 0.350061 0.741650 0.913991 0.979249 0.320944 0.233593 0.094592 
0.412803 0.326271 0.526417 0.221726 0.859182 0.605590 0.483500 0.652199 0.634319 0.119445 0.235498 0.530794 0.065853 0.704248 0.012955 0.702373 0.659769 0.640666 0.641358 0.878316 0.456631 0.811337 0.705340 0.930671 0.150432 
0.333838 0.777207 0.628228 0.908996 0.053330 0.285734 0.272342 0.282151 0.768039 0.482987 0.190516 0.781845 0.506474 0.126035 0.484810 0.655817 0.063594 0.620154 0.792950 0.961427 0.130783 0.629826 0.805448 0.845148 0.015648 
0.396894 0.457898 0.183263 0.282818 0.527348 0.644098 0.244564 0.958658 0.292087 0.641372 0.654089 0.264998 0.702699 0.502508 0.182697 0.174270 0.141382 0.805159 0.240513 0.938144 0.125667 0.155540 0.773873 0.289683 0.416375 
0.024216 0.382582 0.325388 0.914734 0.777947 0.653438 0.155618 0.234610 0.039718 0.913896 0.577230 0.387831 0.520653 0.089617 0.848828 0.934062 0.797488 0.970771 0.958921 0.993347 0.806940 0.990018 0.708875 0.198701 0.458333 
0.843607 0.972449 0.056143 0.353978 0.592563 0.336993 0.624079 0.854611 0.938428 0.388575 0.927330 0.372436 0.785620 0.473216 0.113259 0.891411 0.133326 0.646669 0.375808 0.165546 0.539046 0.927108 0.204001 0.773914 0.190155 
0.722477 0.997688 0.215619 0.329506 0.053716 0.574912 0.355538 0.163707 0.899485 0.332167 0.922436 0.482354 0.185970 0.920963 0.930155 0.560712 0.990499 0.542858 0.273609 0.973275 0.726990 0.449160 0.189160 0.422027 0.707660 
0.178659 0.236377 0.698940 0.672678 0.355182 0.420981 0.381717 0.818522 0.897273 0.692060 0.265246 0.683741 0.968426 0.754996 0.966361 0.539789 0.553059 0.647678 0.929913 0.745941 0.467342 0.468190 0.043750 0.737839 0.097075 
0.775567 0.784699 0.299906 0.330894 0.353827 0.341847 0.221443 0.465572 0.403977 0.885067 0.437078 0.874032 0.463816 0.235627 0.425562 0.306952 0.608489 0.444710 0.411526 0.410495 0.219767 0.905855 0.205331 0.096863 0.899028 
0.943342 0.415956 0.505996 0.417050 0.898923 0.981975 0.167518 0.612166 0.888510 0.886978 0.187784 0.720595 0.289162 0.354397 0.822538 0.080595 0.046113 0.917575 0.043654 0.727823 0.577294 0.339154 0.016328 0.988638 0.858189 
0.158977 0.788234 0.666080 0.417118 0.898419 0.501305 0.708024 0.905331 0.028591 0.010035 0.766084 0.614916 0.664834 0.415568 0.285268 0.274693 0.611861 0.219558 0.273850 0.050204 0.974441 0.211850 0.155232 0.621504 0.545771 
0.030652 0.052228 0.112289 0.809925 0.102174 0.675473 0.148232 0.062984 0.776254 0.213480 0.342582 0.202716 0.917230 0.489025 0.221286 0.207971 0.220425 0.834313 0.870545 0.195238 0.413575 0.911041 0.620476 0.219381 0.252374 
0.413384 0.357054 0.998855 0.372875 0.662391 0.262496 0.135851 0.308488 0.482534 0.870748 0.837720 0.369421 0.715405 0.657650 0.982733 0.543410 0.078023 0.897693 0.832721 0.605710 0.353345 0.188874 0.269182 0.560009 0.517808 
0.111368 0.841099 0.089904 0.812058 0.499947 0.645916 0.206103 0.294301 0.963728 0.711758 0.695237 0.675034 0.664520 0.251442 0.373085 0.243046 0.771393 0.646530 0.093342 0.144196 0.450857 0.089047 0.886214 0.020823 0.814919 
0.617597 0.336073 0.809860 0.028238 0.925170 0.117199 0.505826 0.403951 0.244505 0.142458 0.231139 0.450979 0.274099 0.255598 0.653683 0.900541 0.702979 0.080920 0.079310 0.246919 0.066508 0.024805 0.287538 0.005573 0.871253 
0.874371 0.185748 0.902233 0.389238 0.284765 0.978760 0.186228 0.131710 0.196724 0.534151 0.848756 0.307071 0.749985 0.341175 0.483203 0.633976 0.108135 0.238542 0.605349 0.930264 0.248157 0.718478 0.624315 0.674692 0.696907 
0.720735 0.025161 0.952445 0.658598 0.731732 0.553907 0.159604 0.969040 0.709458 0.688317 0.919490 0.843582 0.792188 0.987604 0.212725 0.319372 0.958175 0.129635 0.861212 0.130505 0.126884 0.419640 0.003446 0.485346 0.284830 
0.777844 0.902234 0.822953 0.966682 0.940763 0.641196 0.888662 0.028169 0.268423 0.942644 0.871644 0.026095 0.713089 0.901004 0.758833 0.989999 0.162666 0.728695 0.970160 0.194423 0.409206 0.063498 0.928198 0.992926 0.931785 
0.305382 0.624585 0.710338 0.481207 0.920461 0.752344 0.370559 0.792563 0.221445 0.871681 0.957961 0.185694 0.311045 0.155780 0.507851 0.231342 0.046011 0.744775 0.340728 0.096283 0.708964 0.801113 0.065608 0.711689 0.191363 
0.601699 0.240533 0.449348 0.906506 0.052186 0.587724 0.992699 0.257013 0.611973 0.213912 0.393361 0.945136 0.685753 0.873211 0.853977 0.272153 0.084642 0.699084 0.793937 0.748787 0.366495 0.482988 0.154795 0.405408 0.701689 
0.688798 0.626494 0.462487 0.849961 0.485423 0.985938 0.392757 0.321861 0.283414 0.638736 0.097550 0.268394 0.632601 0.786199 0.968620 0.692498 0.047152 0.129446 0.964610 0.648300 0.286623 0.994228 0.177729 0.237334 0.388829 
0.519315 0.623517 0.615070 0.025832 0.631557 0.468893 0.022712 0.385241 0.462592 0.921712 0.594018 0.484372 0.142360 0.551327 0.065081 0.112692 0.690217 0.504355 0.240275 0.973818 0.339283 0.876575 0.990520 0.649250 0.091410 
0.867817 0.776786 0.765899 0.795243 0.043372 0.831378 0.825037 0.288052 0.455139 0.952862 0.109928 0.145695 0.892252 0.307147 0.398248 0.533406 0.883995 0.620203 0.928093 0.311081 0.165073 0.339972 0.018426 0.347648 0.898184 
0.984670 0.641708 0.863155 0.884856 0.131693 0.002628 0.396399 0.110367 0.738047 0.947038 0.833476 0.069936 0.658651 0.864696 0.300840 0.234887 0.204210 0.456550 0.449104 0.042433 0.921429 0.281437 0.090966 0.573196 0.368292 
0.448280 0.168644 0.694560 0.563390 0.083164 0.517842 0.532311 0.109418 0.577270 0.629032 0.249082 0.984747 0.427470 0.518956 0.001614 0.052744 0.104640 0.547894 0.935268 0.396621 0.146274 0.311754 0.347865 0.874586 0.589343 

0.796472 0.079787 0.845396 0.147752 0.882053 0.957734 0.753293 0.455632 0.349173 0.230515 0.847981 0.344038 0.853619 0.288482 0.530696 0.454902 0.664390 0.796393 0.201423 0.736247 0.769258 0.623262 0.425661 0.796595 0.290498 
0.488915 0.112991 0.385684 0.459397 0.840210 0.115737 0.331956 0.966276 0.308190 0.669749 0.666493 0.306249 0.687727 0.533379 0.919405 0.036213 0.726882 0.107099 0.428898 0.797880 0.705699 0.034507 0.920745 0.072071 0.576317 
0.190072 0.041458 0.114000 0.570594 0.945558 0.494115 0.605993 0.200668 0.554550 0.112269 0.200254 0.441468 0.541202 0.320843 0.434354 0.537543 0.146663 0.805385 0.687180 0.122890 0.265581 0.911793 0.503559 0.583681 0.421163 
0.389491 0.722917 0.289639 0.339112 0.386742 0.896876 0.548157 0.059658 0.398127 0.608008 0.507888 0.411917 0.950506 0.724903 0.742909 0.832540 0.179472 0.096608 0.621840 0.789061 0.035507 0.411515 0.584867 0.855537 0.770631 
0.996519 0.875055 0.328727 0.427694 0.292649 0.260701 0.380358 0.252197 0.455270 0.048717 0.164922 0.294226 0.966759 0.195265 0.596489 0.105643 0.026893 0.344577 0.102386 0.847953 0.530001 0.579951 0.994373 0.894197 0.163817 
0.253413 0.968344 0.512577 0.559685 0.317428 0.501053 0.418924 0.299785 0.536514 0.889775 0.732604 0.436851 0.515844 0.734771 0.941004 0.370871 0.885360 0.723144 0.778243 0.099007 0.489455 0.016052 0.486039 0.694776 0.077489 
0.784023 0.490301 0.468930 0.675084 0.174340 0.268411 0.903847 0.647177 0.928289 0.367230 0.888034 0.636091 0.549961 0.213021 0.500863 0.412917 0.108737 0.894839 0.848372 0.782861 0.377471 0.142184 0.213888 0.644765 0.105231 
0.324005 0.920399 0.718375 0.551185 0.936670 0.590535 0.723795 0.733486 0.312339 0.856165 0.751030 0.496988 0.704399 0.521514 0.660769 0.543887 0.343970 0.678567 0.093497 0.539520 0.763881 0.783653 0.616962 0.005547 0.712916 
0.905504 0.432756 0.651469 0.127812 0.872922 0.716851 0.720202 0.171152 0.513880 0.398107 0.191148 0.406100 0.483938 0.074153 0.753953 0.524593 0.445814 0.848281 0.839102 0.345827 0.948477 0.612902 0.391047 0.440825 0.304413 
0.815111 0.493818 0.847743 0.238101 0.439629 0.291599 0.210654 0.851742 0.931105 0.358439 0.696848 0.146028 0.458823 0.665964 0.784524 0.846544 0.668285 0.847388 0.369334 0.497019 0.885358 0.630283 0.992696 0.717656 0.377050 
0.981561 0.134291 0.143215 0.991014 0.025894 0.773866 0.040288 0.124063 0.479159 0.900224 0.765063 0.066445 0.000077 0.832847 0.791699 0.428454 0.852284 0.453030 0.432647 0.246541 0.381880 0.356983 0.236880 0.618670 0.097915 
0.865035 0.031520 0.321364 0.127308 0.030935 0.071237 0.860775 0.777892 0.592823 0.520447 0.942795 0.914460 0.296801 0.997630 0.893313 0.943074 0.417612 0.218351 0.342355 0.718348 0.892062 0.581332 0.059277 0.521716 0.694174 
0.638987 0.219315 0.434914 0.860126 0.175298 0.762852 0.633491 0.219733 0.077443 0.159466 0.358826 0.786373 0.746661 0.428038 0.802832 0.327964 0.735230 0.158935 0.390982 0.764103 0.828676 0.646631 0.381707 0.299637 0.290593 
0.197482 0.628097 0.418657 0.344771 0.928842 0.666411 0.325546 0.599344 0.298999 0.185259 0.470746 0.989661 0.036396 0.225598 0.933161 0.423291 0.919548 0.423714 0.238669 0.451840 0.495575 0.603345 0.230045 0.218175 0.292639 
0.550852 0.862324 0.903514 0.617408 0.732714 0.209576 0.131502 0.528057 0.216601 0.774570 0.373774 0.787985 0.847421 0.610068 0.133452 0.532906 0.687900 0.826516 0.937245 0.124382 0.733426 0.369493 0.299433 0.384276 0.591321 
0.092569 0.121864 0.651147 0.014639 0.476229 0.198050 0.968013 0.574998 0.287951 0.167015 0.011592 0.330526 0.541682 0.265672 0.949253 0.046151 0.133706 0.180091 0.757846 0.667113 0.797659 0.005972 0.945936 0.896065 0.859198 
0.939500 0.493693 0.952387 0.511610 0.878120 0.280466 0.315804 0.493604 0.155040 0.404353 0.064741 0.689845 0.013427 0.656644 0.647491 0.637380 0.222769 0.750429 0.796243 0.162901 0.920523 0.786284 0.088384 0.784741 0.785028 
0.025089 0.325452 0.449319 0.238473 0.106349 0.653675 0.109199 0.800052 0.431376 0.664886 0.852204 0.074834 0.770432 0.010213 0.701430 0.471565 0.621102 0.428141 0.749723 0.397294 0.730664 0.775556 0.484069 0.382747 0.169350 
0.954251 0.307873 0.584682 0.305715 0.091539 0.749107 0.564198 0.544633 0.459420 0.422318 0.385473 0.273543 0.553614 0.246198 0.158087 0.629576 0.462304 0.207633 0.529917 0.250204 0.919732 0.239340 0.376079 0.187004 0.616570 
0.296504 0.438667 0.281989 0.662955 0.086892 0.821322 0.782754 0.945690 0.581035 0.910602 0.408440 0.886649 0.668838 0.637091 0.690078 0.729525 0.727569 0.253057 0.038935 0.915835 0.469166 0.952143 0.844922 0.993991 0.694466 
0.093943 0.310776 0.407076 0.514089 0.469599 0.581887 0.259135 0.191500 0.758721 0.500484 0.892737 0.265161 0.068579 0.653083 0.388159 0.562182 0.548287 0.598296 0.601443 0.763564 0.459861 0.456557 0.563906 0.569405 0.210449 
0.905314 0.254969 0.873560 0.696619 0.173853 0.721244 0.497210 0.201046 0.761283 0.932731 0.824964 0.027265 0.151444 0.621417 0.555053 0.761695 0.044833 0.758378 0.884298 0.654843 0.425253 0.385964 0.776488 0.110007 0.269585 
0.648981 0.796369 0.165450 0.776743 0.631797 0.642281 0.025583 0.054631 0.380793 0.994657 0.577758 0.372100 0.698651 0.336531 0.933446 0.899091 0.137234 0.255569 0.709126 0.557056 0.263980 0.092296 0.445293 0.584608 0.620391 
0.470844 0.141638 0.360733 0.564921 0.706017 0.490394 0.164372 0.211582 0.709140 0.215024 0.914389 0.541557 0.353124 0.949615 0.132443 0.943021 0.099752 0.396414 0.805362 0.655240 0.142577 0.012127 0.515885 0.335564 0.079757 
0.525609 0.402460 0.014449 0.874443 0.654827 0.192880 0.563324 0.065345 0.300123 0.474409 0.649055 0.712316 0.700274 0.599406 0.208576 0.019437 0.065609 0.846573 0.440209 0.982083 0.129588 0.025847 0.229299 0.081436 0.196431 

1.074542 -0.361544 1.363024 -0.266267 -1.842438 -2.054727 -1.559417 -1.448060 -0.386904 0.424389 0.761985 -1.355492 -0.895392 -1.385226 0.363868 -0.349048 -0.771977 0.385707 -0.706005 -0.975737 -1.081542 -1.231113 -0.256896 0.544616 0.060190 
0.640392 -0.077106 0.169403 -0.833648 -1.404186 -0.280796 -0.797042 -0.412009 -1.027848 0.345537 0.333772 -0.833443 0.771297 -0.851109 0.938821 -1.467586 -0.678951 -1.089480 -0.868534 -0.851657 -0.205473 -1.617773 -0.557978 -1.753311 0.343080 
-0.164066 -0.586892 -0.411955 -1.283546 -1.997084 -0.960010 -1.020241 -0.201007 -1.002713 -0.890751 -0.257703 -0.926004 -0.425674 0.015915 -0.495821 -0.786332 -0.061105 -0.270783 -1.030952 -1.733457 0.040763 -0.301842 -1.064239 -1.086292 0.597032 
0.309358 0.989979 0.320174 -0.574161 -0.839702 -1.730564 -1.122752 -1.929736 -0.189349 -0.780176 -0.920714 -0.052186 -0.485011 -0.393280 0.128902 0.623345 -0.185621 -1.606225 0.100096 -1.053738 -0.174108 0.006388 -1.066299 0.214106 -0.015285 
2.063463 1.457534 0.269354 -0.841570 -0.598871 -0.690422 -0.812540 -0.284284 0.343989 -1.794276 -0.855694 -0.414611 -0.124719 -0.086801 -1.064856 -1.633267 -1.477053 -1.607219 -1.712342 -1.276523 -1.100938 -1.462569 -0.295557 0.483487 -0.737171 
-0.409019 1.037676 0.909139 -1.155109 -0.565190 -0.934648 -0.806410 -1.216001 -1.125010 0.184722 -1.154225 -0.242560 -1.032769 -0.146254 1.035826 -1.486622 0.519619 -0.498082 0.214767 -0.216312 -0.466067 -1.733767 0.048936 -0.828799 -0.148190 
0.751964 0.094779 0.652032 -1.329681 -0.321065 -0.531697 -1.929442 0.432683 -0.876184 -0.221075 -0.861788 -0.282402 0.009906 -1.665393 -1.309657 -0.602142 -1.922684 -0.147656 0.429861 -1.214018 -1.110460 -0.904834 -0.234382 -0.149049 -1.106964 
0.425394 1.527498 0.876532 -1.056403 -1.912395 -1.037601 -1.602579 -1.014252 -1.563960 -0.466296 0.287994 -0.799434 -1.044415 -1.144996 -1.360357 -0.593571 -0.901465 -0.522995 -1.617360 -0.992047 -0.270157 -0.168043 0.665226 -1.554771 0.568698 
1.054455 0.044805 0.828637 -0.130801 -1.705311 -1.504295 -1.502906 -0.721944 -0.252892 -1.406042 -0.845103 -1.250402 -0.311355 -0.316359 -0.397598 0.122827 -0.681435 -0.087594 -0.073628 -0.298224 0.457418 -1.333895 0.123634 0.241436 -1.568171 
0.698873 0.589279 1.211750 -0.451227 -0.814007 -0.627412 -0.407937 -0.429945 -0.887503 -1.583273 0.340441 -1.406914 -0.096985 0.179267 -0.939768 0.734436 0.811877 -0.991084 0.438166 -1.073545 -0.165782 -0.252952 0.969030 -1.293562 -1.170083 
1.839013 -0.530219 -0.442703 -1.937931 -0.062835 -1.662641 -0.081757 -1.799721 0.165249 0.778120 -0.744287 -1.016451 -1.158508 -0.002989 0.199594 -0.164728 -0.498538 0.228191 -0.038984 -0.081116 -1.344174 0.023757 -0.118816 0.596079 0.339113 
1.633782 0.105856 0.567265 -0.277438 0.003174 -0.178277 -1.814080 0.451980 -1.013522 0.013109 0.229051 0.460389 -1.266456 -0.062438 0.457715 0.544763 -0.038689 -1.271919 -1.417260 0.429482 0.644488 1.008162 0.696505 0.427376 0.259975 
0.807040 -0.066162 -0.244569 -1.811073 -0.361069 -1.396214 -1.334286 -0.479513 -0.904586 -1.791358 -1.332999 0.209533 -0.602182 -0.812796 -1.165387 -0.785459 0.610616 0.905306 0.817435 0.674710 0.189749 0.193349 0.383742 0.433671 0.643367 
0.144832 0.465498 0.882422 -0.893417 -1.870253 -1.302318 -0.528523 0.034082 -1.657924 -1.130833 -0.839700 -0.218586 -1.397142 -0.225506 0.219950 0.428943 0.670764 0.776514 0.139496 0.200782 0.571394 0.200778 0.823418 0.180399 0.804430 
0.446217 1.385234 1.028640 -1.299845 -1.172038 -0.452378 -0.172125 -0.197001 -0.399652 0.495421 -0.174147 0.514698 0.239751 0.209372 0.722881 0.880864 0.830861 0.056881 0.079567 0.147014 0.005665 -0.089540 0.257605 0.063959 0.879376 
-0.797449 0.142874 0.585971 0.112856 -1.104275 -0.497369 -1.838531 0.366635 0.228491 0.708940 1.022536 0.471165 0.754444 0.392650 0.482586 0.538599 0.289677 0.112635 0.642042 0.974269 0.195912 0.902936 0.563875 0.738779 0.731005 
0.389436 -0.488330 1.048656 0.595250 0.641384 -0.616745 -0.646190 1.018758 0.702789 0.886791 1.061813 0.836344 0.784945 0.939743 0.050083 0.185835 0.947534 0.180350 0.881890 0.149414 0.158187 0.419294 -0.207193 0.450658 0.292383 
1.589374 1.699451 1.252754 1.796910 1.714148 0.668589 1.810901 -0.029725 0.444175 0.688585 0.827923 -0.038453 0.665154 1.104379 0.760952 0.892661 0.066033 0.710151 0.963058 0.170885 0.411992 -0.001303 1.004438 1.072459 0.877665 
-0.246733 1.036541 0.803456 0.461092 1.855056 0.783971 0.185755 0.905031 0.122588 0.986853 0.897319 -0.040271 0.286943 0.165298 0.560533 0.263557 -0.039912 0.834671 0.268050 0.051524 0.777016 0.815137 0.226528 0.814304 0.303221 
0.923189 -0.145022 0.663229 1.115624 -0.020499 0.427678 1.337687 -0.423875 0.609432 0.225573 0.403086 0.963626 0.777839 0.954088 0.869406 0.287491 0.255648 0.833194 0.818448 0.654750 0.124256 0.539619 0.169903 0.280211 0.780687 
1.181160 1.169577 0.454811 1.267730 0.420858 1.272866 0.522669 0.548856 0.395172 0.647520 -0.038293 0.288616 0.631033 0.667777 0.754786 0.616379 -0.127694 0.086511 1.003248 0.479423 0.113670 1.004463 0.245713 0.187380 0.266702 
0.162312 0.991851 0.435372 -0.557711 1.171131 0.149686 -0.527024 0.502457 0.418061 0.819633 0.574834 0.582016 0.194072 0.410957 -0.008761 0.079554 0.585325 0.601343 0.432863 0.956285 0.515635 0.894386 1.088798 0.533499 0.120197 
1.199891 0.764286 1.383024 0.969972 -0.686686 0.917643 1.541953 0.568693 0.511816 0.856707 -0.004472 0.044309 0.830953 0.093410 0.358372 0.536329 0.888230 0.791898 0.971727 0.308430 0.217522 0.336338 0.125926 0.286588 1.163948 
1.475292 1.089645 1.348586 1.139518 -0.395075 -0.486633 0.595465 -0.097979 0.914471 0.971309 0.858081 0.041370 0.630094 1.016262 0.312002 0.153171 0.193208 0.640908 0.447171 0.062657 0.954225 0.142037 -0.091025 0.554425 0.172034 
0.504936 -0.108948 1.426975 0.520270 -0.434643 0.851201 0.489345 0.197388 0.890850 0.758639 0.451238 1.001554 0.537774 0.624064 -0.156962 -0.124214 -0.106683 0.457742 0.874100 0.334951 0.105961 0.254396 0.312174 0.904251 0.761510 

0 0 0 2 2 2 2 1 1 1 1 1 1 1 1 1 1 1 1 1 1 1 1 1 1 
0 0 0 2 2 2 2 1 1 1 1 1 1 1 1 1 1 1 1 1 1 1 1 1 1 
0 0 0 2 2 2 2 1 1 1 1 1 1 1 1 1 1 1 1 1 1 1 1 1 1 
0 0 0 2 2 2 2 1 1 1 1 1 1 1 1 1 1 1 1 1 1 1 1 1 1 
0 0 0 2 2 2 2 1 1 1 1 1 1 1 1 1 1 1 1 1 1 1 1 1 1 
0 0 0 2 2 2 2 1 1 1 1 1 1 1 1 1 1 1 1 1 1 1 1 1 1 
0 0 0 2 2 2 2 1 1 1 1 1 1 1 1 1 1 1 1 1 1 1 1 1 1 
0 0 0 2 2 2 2 1 1 1 1 1 1 1 1 1 1 1 1 1 1 1 1 1 1 
0 0 0 2 2 2 2 1 1 1 1 1 1 1 1 1 1 1 1 1 1 1 1 1 1 
0 0 0 2 2 2 2 1 1 1 1 1 1 1 1 1 1 1 1 1 1 1 1 1 1 
0 0 0 2 2 2 2 1 1 1 1 1 1 1 1 1 1 1 1 1 1 1 1 4 4 
0 0 0 2 2 2 2 1 1 1 1 1 1 1 1 1 1 1 1 1 4 4 4 4 4 
0 0 0 2 2 2 2 1 1 1 1 1 1 1 1 1 1 4 4 4 4 4 4 4 4 
0 0 0 2 2 2 2 1 1 1 1 1 1 1 4 4 4 4 4 4 4 4 4 4 4 
0 0 0 2 2 2 2 1 1 1 1 4 4 4 4 4 4 4 4 4 4 4 4 4 4 
0 0 0 2 2 2 2 1 4 4 4 4 4 4 4 4 4 4 4 4 4 4 4 4 4 
3 3 3 3 3 2 2 4 4 4 4 4 4 4 4 4 4 4 4 4 4 4 4 4 4 
3 3 3 3 3 3 3 4 4 4 4 4 4 4 4 4 4 4 4 4 4 4 4 4 4 
3 3 3 3 3 3 3 4 4 4 4 4 4 4 4 4 4 4 4 4 4 4 4 4 4 
3 3 3 3 3 3 3 3 4 4 4 4 4 4 4 4 4 4 4 4 4 4 4 4 4 
3 3 3 3 3 3 3 3 4 4 4 4 4 4 4 4 4 4 4 4 4 4 4 4 4 
3 3 3 3 3 3 3 3 4 4 4 4 4 4 4 4 4 4 4 4 4 4 4 4 4 
3 3 3 3 3 3 3 3 3 4 4 4 4 4 4 4 4 4 4 4 4 4 4 4 4 
3 3 3 3 3 3 3 3 3 4 4 4 4 4 4 4 4 4 4 4 4 4 4 4 4 
3 3 3 3 3 3 3 3 3 4 4 4 4 4 4 4 4 4 4 4 4 4 4 4 4 

-1.0 -1.0 -1.0 0.0 0.0 0.0 0.0 -2.0 -2.0 -2.0 -2.0 -2.0 -2.0 -2.0 -2.0 -2.0 -2.0 -2.0 -2.0 -2.0 -2.0 -2.0 -2.0 -2.0 -2.0 
-1.0 -1.0 -1.0 0.0 0.0 0.0 0.0 -2.0 -2.0 -2.0 -2.0 -2.0 -2.0 -2.0 -2.0 -2.0 -2.0 -2.0 -2.0 -2.0 -2.0 -2.0 -2.0 -2.0 -2.0 
-1.0 -1.0 -1.0 0.0 0.0 0.0 0.0 -2.0 -2.0 -2.0 -2.0 -2.0 -2.0 -2.0 -2.0 -2.0 -2.0 -2.0 -2.0 -2.0 -2.0 -2.0 -2.0 -2.0 -2.0 
-1.0 -1.0 -1.0 0.0 0.0 0.0 0.0 -2.0 -2.0 -2.0 -2.0 -2.0 -2.0 -2.0 -2.0 -2.0 -2.0 -2.0 -2.0 -2.0 -2.0 -2.0 -2.0 -2.0 -2.0 
-1.0 -1.0 -1.0 0.0 0.0 0.0 0.0 -2.0 -2.0 -2.0 -2.0 -2.0 -2.0 -2.0 -2.0 -2.0 -2.0 -2.0 -2.0 -2.0 -2.0 -2.0 -2.0 -2.0 -2.0 
-1.0 -1.0 -1.0 0.0 0.0 0.0 0.0 -2.0 -2.0 -2.0 -2.0 -2.0 -2.0 -2.0 -2.0 -2.0 -2.0 -2.0 -2.0 -2.0 -2.0 -2.0 -2.0 -2.0 -2.0 
-1.0 -1.0 -1.0 0.0 0.0 0.0 0.0 -2.0 -2.0 -2.0 -2.0 -2.0 -2.0 -2.0 -2.0 -2.0 -2.0 -2.0 -2.0 -2.0 -2.0 -2.0 -2.0 -2.0 -2.0 
-1.0 -1.0 -1.0 0.0 0.0 0.0 0.0 -2.0 -2.0 -2.0 -2.0 -2.0 -2.0 -2.0 -2.0 -2.0 -2.0 -2.0 -2.0 -2.0 -2.0 -2.0 -2.0 -2.0 -2.0 
-1.0 -1.0 -1.0 0.0 0.0 0.0 0.0 -2.0 -2.0 -2.0 -2.0 -2.0 -2.0 -2.0 -2.0 -2.0 -2.0 -2.0 -2.0 -2.0 -2.0 -2.0 -2.0 -2.0 -2.0 
-1.0 -1.0 -1.0 0.0 0.0 0.0 0.0 -2.0 -2.0 -2.0 -2.0 -2.0 -2.0 -2.0 -2.0 -2.0 -2.0 -2.0 -2.0 -2.0 -2.0 -2.0 -2.0 -2.0 -2.0 
-1.0 -1.0 -1.0 0.0 0.0 0.0 0.0 -2.0 -2.0 -2.0 -2.0 -2.0 -2.0 -2.0 -2.0 -2.0 -2.0 -2.0 -2.0 -2.0 -2.0 -2.0 -2.0 1.0 1.0 
-1.0 -1.0 -1.0 0.0 0.0 0.0 0.0 -2.0 -2.0 -2.0 -2.0 -2.0 -2.0 -2.0 -2.0 -2.0 -2.0 -2.0 -2.0 -2.0 1.0 1.0 1.0 1.0 1.0 
-1.0 -1.0 -1.0 0.0 0.0 0.0 0.0 -2.0 -2.0 -2.0 -2.0 -2.0 -2.0 -2.0 -2.0 -2.0 -2.0 1.0 1.0 1.0 1.0 1.0 1.0 1.0 1.0 
-1.0 -1.0 -1.0 0.0 0.0 0.0 0.0 -2.0 -2.0 -2.0 -2.0 -2.0 -2.0 -2.0 1.0 1.0 1.0 1.0 1.0 1.0 1.0 1.0 1.0 1.0 1.0 
-1.0 -1.0 -1.0 0.0 0.0 0.0 0.0 -2.0 -2.0 -2.0 -2.0 1.0 1.0 1.0 1.0 1.0 1.0 1.0 1.0 1.0 1.0 1.0 1.0 1.0 1.0 
-1.0 -1.0 -1.0 0.0 0.0 0.0 0.0 -2.0 1.0 1.0 1.0 1.0 1.0 1.0 1.0 1.0 1.0 1.0 1.0 1.0 1.0 1.0 1.0 1.0 1.0 
2.0 2.0 2.0 2.0 2.0 0.0 0.0 1.0 1.0 1.0 1.0 1.0 1.0 1.0 1.0 1.0 1.0 1.0 1.0 1.0 1.0 1.0 1.0 1.0 1.0 
2.0 2.0 2.0 2.0 2.0 2.0 2.0 1.0 1.0 1.0 1.0 1.0 1.0 1.0 1.0 1.0 1.0 1.0 1.0 1.0 1.0 1.0 1.0 1.0 1.0 
2.0 2.0 2.0 2.0 2.0 2.0 2.0 1.0 1.0 1.0 1.0 1.0 1.0 1.0 1.0 1.0 1.0 1.0 1.0 1.0 1.0 1.0 1.0 1.0 1.0 
2.0 2.0 2.0 2.0 2.0 2.0 2.0 2.0 1.0 1.0 1.0 1.0 1.0 1.0 1.0 1.0 1.0 1.0 1.0 1.0 1.0 1.0 1.0 1.0 1.0 
2.0 2.0 2.0 2.0 2.0 2.0 2.0 2.0 1.0 1.0 1.0 1.0 1.0 1.0 1.0 1.0 1.0 1.0 1.0 1.0 1.0 1.0 1.0 1.0 1.0 
2.0 2.0 2.0 2.0 2.0 2.0 2.0 2.0 1.0 1.0 1.0 1.0 1.0 1.0 1.0 1.0 1.0 1.0 1.0 1.0 1.0 1.0 1.0 1.0 1.0 
2.0 2.0 2.0 2.0 2.0 2.0 2.0 2.0 2.0 1.0 1.0 1.0 1.0 1.0 1.0 1.0 1.0 1.0 1.0 1.0 1.0 1.0 1.0 1.0 1.0 
2.0 2.0 2.0 2.0 2.0 2.0 2.0 2.0 2.0 1.0 1.0 1.0 1.0 1.0 1.0 1.0 1.0 1.0 1.0 1.0 1.0 1.0 1.0 1.0 1.0 
2.0 2.0 2.0 2.0 2.0 2.0 2.0 2.0 2.0 1.0 1.0 1.0 1.0 1.0 1.0 1.0 1.0 1.0 1.0 1.0 1.0 1.0 1.0 1.0 1.0 

2.0 2.0 2.0 -2.0 -2.0 -2.0 -2.0 1.0 1.0 1.0 1.0 1.0 1.0 1.0 1.0 1.0 1.0 1.0 1.0 1.0 1.0 1.0 1.0 1.0 1.0 
2.0 2.0 2.0 -2.0 -2.0 -2.0 -2.0 1.0 1.0 1.0 1.0 1.0 1.0 1.0 1.0 1.0 1.0 1.0 1.0 1.0 1.0 1.0 1.0 1.0 1.0 
2.0 2.0 2.0 -2.0 -2.0 -2.0 -2.0 1.0 1.0 1.0 1.0 1.0 1.0 1.0 1.0 1.0 1.0 1.0 1.0 1.0 1.0 1.0 1.0 1.0 1.0 
2.0 2.0 2.0 -2.0 -2.0 -2.0 -2.0 1.0 1.0 1.0 1.0 1.0 1.0 1.0 1.0 1.0 1.0 1.0 1.0 1.0 1.0 1.0 1.0 1.0 1.0 
2.0 2.0 2.0 -2.0 -2.0 -2.0 -2.0 1.0 1.0 1.0 1.0 1.0 1.0 1.0 1.0 1.0 1.0 1.0 1.0 1.0 1.0 1.0 1.0 1.0 1.0 
2.0 2.0 2.0 -2.0 -2.0 -2.0 -2.0 1.0 1.0 1.0 1.0 1.0 1.0 1.0 1.0 1.0 1.0 1.0 1.0 1.0 1.0 1.0 1.0 1.0 1.0 
2.0 2.0 2.0 -2.0 -2.0 -2.0 -2.0 1.0 1.0 1.0 1.0 1.0 1.0 1.0 1.0 1.0 1.0 1.0 1.0 1.0 1.0 1.0 1.0 1.0 1.0 
2.0 2.0 2.0 -2.0 -2.0 -2.0 -2.0 1.0 1.0 1.0 1.0 1.0 1.0 1.0 1.0 1.0 1.0 1.0 1.0 1.0 1.0 1.0 1.0 1.0 1.0 
2.0 2.0 2.0 -2.0 -2.0 -2.0 -2.0 1.0 1.0 1.0 1.0 1.0 1.0 1.0 1.0 1.0 1.0 1.0 1.0 1.0 1.0 1.0 1.0 1.0 1.0 
2.0 2.0 2.0 -2.0 -2.0 -2.0 -2.0 1.0 1.0 1.0 1.0 1.0 1.0 1.0 1.0 1.0 1.0 1.0 1.0 1.0 1.0 1.0 1.0 1.0 1.0 
2.0 2.0 2.0 -2.0 -2.0 -2.0 -2.0 1.0 1.0 1.0 1.0 1.0 1.0 1.0 1.0 1.0 1.0 1.0 1.0 1.0 1.0 1.0 1.0 0.0 0.0 
2.0 2.0 2.0 -2.0 -2.0 -2.0 -2.0 1.0 1.0 1.0 1.0 1.0 1.0 1.0 1.0 1.0 1.0 1.0 1.0 1.0 0.0 0.0 0.0 0.0 0.0 
2.0 2.0 2.0 -2.0 -2.0 -2.0 -2.0 1.0 1.0 1.0 1.0 1.0 1.0 1.0 1.0 1.0 1.0 0.0 0.0 0.0 0.0 0.0 0.0 0.0 0.0 
2.0 2.0 2.0 -2.0 -2.0 -2.0 -2.0 1.0 1.0 1.0 1.0 1.0 1.0 1.0 0.0 0.0 0.0 0.0 0.0 0.0 0.0 0.0 0.0 0.0 0.0 
2.0 2.0 2.0 -2.0 -2.0 -2.0 -2.0 1.0 1.0 1.0 1.0 0.0 0.0 0.0 0.0 0.0 0.0 0.0 0.0 0.0 0.0 0.0 0.0 0.0 0.0 
2.0 2.0 2.0 -2.0 -2.0 -2.0 -2.0 1.0 0.0 0.0 0.0 0.0 0.0 0.0 0.0 0.0 0.0 0.0 0.0 0.0 0.0 0.0 0.0 0.0 0.0 
-1.0 -1.0 -1.0 -1.0 -1.0 -2.0 -2.0 0.0 0.0 0.0 0.0 0.0 0.0 0.0 0.0 0.0 0.0 0.0 0.0 0.0 0.0 0.0 0.0 0.0 0.0 
-1.0 -1.0 -1.0 -1.0 -1.0 -1.0 -1.0 0.0 0.0 0.0 0.0 0.0 0.0 0.0 0.0 0.0 0.0 0.0 0.0 0.0 0.0 0.0 0.0 0.0 0.0 
-1.0 -1.0 -1.0 -1.0 -1.0 -1.0 -1.0 0.0 0.0 0.0 0.0 0.0 0.0 0.0 0.0 0.0 0.0 0.0 0.0 0.0 0.0 0.0 0.0 0.0 0.0 
-1.0 -1.0 -1.0 -1.0 -1.0 -1.0 -1.0 -1.0 0.0 0.0 0.0 0.0 0.0 0.0 0.0 0.0 0.0 0.0 0.0 0.0 0.0 0.0 0.0 0.0 0.0 
-1.0 -1.0 -1.0 -1.0 -1.0 -1.0 -1.0 -1.0 0.0 0.0 0.0 0.0 0.0 0.0 0.0 0.0 0.0 0.0 0.0 0.0 0.0 0.0 0.0 0.0 0.0 
-1.0 -1.0 -1.0 -1.0 -1.0 -1.0 -1.0 -1.0 0.0 0.0 0.0 0.0 0.0 0.0 0.0 0.0 0.0 0.0 0.0 0.0 0.0 0.0 0.0 0.0 0.0 
-1.0 -1.0 -1.0 -1.0 -1.0 -1.0 -1.0 -1.0 -1.0 0.0 0.0 0.0 0.0 0.0 0.0 0.0 0.0 0.0 0.0 0.0 0.0 0.0 0.0 0.0 0.0 
-1.0 -1.0 -1.0 -1.0 -1.0 -1.0 -1.0 -1.0 -1.0 0.0 0.0 0.0 0.0 0.0 0.0 0.0 0.0 0.0 0.0 0.0 0.0 0.0 0.0 0.0 0.0 
-1.0 -1.0 -1.0 -1.0 -1.0 -1.0 -1.0 -1.0 -1.0 0.0 0.0 0.0 0.0 0.0 0.0 0.0 0.0 0.0 0.0 0.0 0.0 0.0 0.0 0.0 0.0 

