0.071011 0.915842 0.274701 0.416430 0.507109 0.611867 0.603073 0.665121 0.614843 0.442820 0.159045 0.100596 0.871996 0.643227 0.936058 0.592607 0.349681 0.767466 0.275249 0.493067 0.069370 0.079651 0.714611 0.025498 0.907652 
0.031555 0.813809 0.294588 0.684118 0.632054 0.764509 0.515409 0.057354 0.049971 0.728070 0.837864 0.979937 0.617525 0.554459 0.855387 0.763083 0.855447 0.034923 0.140927 0.156219 0.093866 0.324374 0.728413 0.220206 0.008329 
0.817238 0.623467 0.992306 0.091159 0.338839 0.256063 0.349647 0.959590 0.440771 0.031006 0.469924 0.469983 0.718244 0.729898 0.093316 0.888658 0.101791 0.013644 0.258813 0.610359 0.890006 0.549301 0.633727 0.058650 0.487178 
0.312644 0.821207 0.408611 0.336557 0.160919 0.481495 0.279227 0.672653 0.773320 0.492536 0.693077 0.228422 0.580842 0.572757 0.454757 0.639405 0.781065 0.061610 0.926351 0.151914 0.552520 0.117961 0.362239 0.677651 0.295527 
0.606554 0.765566 0.290215 0.427436 0.018300 0.474964 0.722423 0.456354 0.929836 0.630156 0.219692 0.694100 0.835494 0.207548 0.656224 0.233093 0.987924 0.720026 0.648847 0.279222 0.946128 0.546407 0.204306 0.777115 0.272745 
0.372718 0.119068 0.501922 0.901436 0.068305 0.189702 0.057092 0.583395 0.763980 0.064296 0.882529 0.641759 0.838416 0.463325 0.317148 0.864169 0.277314 0.601509 0.297862 0.268448 0.473400 0.482715 0.646850 0.944823 0.040965 
0.592326 0.012232 0.258048 0.058251 0.083020 0.050419 0.409091 0.797079 0.103264 0.101391 0.179758 0.699192 0.741227 0.795386 0.809757 0.902631 0.885742 0.408766 0.375659 0.577573 0.611399 0.213824 0.158506 0.125376 0.622473 
0.285186 0.240073 0.163870 0.193895 0.692222 0.521844 0.282449 0.098233 0.862142 0.265862 0.266089 0.832577 0.136539 0.635529 0.368718 0.302891 0.020871 0.980496 0.782224 0.037056 0.058460 0.884908 0.185310 0.756779 0.424750 
0.544718 0.628527 0.674248 0.514101 0.292209 0.444435 0.607576 0.670966 0.803429 0.749202 0.218230 0.107552 0.212021 0.997673 0.108753 0.105202 0.977700 0.810372 0.740156 0.862102 0.400442 0.344109 0.326550 0.143647 0.805704 
0.464030 0.504037 0.874487 0.036365 0.171473 0.761014 0.781457 0.687218 0.259393 0.118639 0.882813 0.248478 0.491228 0.979788 0.440026 0.172990 0.340382 0.237699 0.349230 0.749046 0.014681 0.945281 0.335401 0.174588 0.642624 
0.413234 0.308511 0.721234 0.312846 0.096272 0.182666 0.981414 0.782214 0.001345 0.609629 0.269797 0.691318 0.956620 0.975467 0.493960 0.097859 0.482974 0.492147 0.709999 0.727943 0.180503 0.794445 0.536720 0.072818 0.800609 
0.386109 0.916821 0.542370 0.284750 0.574240 0.262437 0.255622 0.008885 0.816113 0.287609 0.788421 0.823742 0.389038 0.557699 0.524405 0.791873 0.118078 0.119435 0.300013 0.503631 0.568255 0.560125 0.352206 0.803439 0.428812 
0.810842 0.854936 0.175620 0.689596 0.333662 0.375050 0.135147 0.524609 0.327943 0.051812 0.167480 0.136585 0.639711 0.478012 0.405029 0.426694 0.181949 0.918922 0.084207 0.762850 0.761036 0.673519 0.911084 0.912303 0.173931 
0.493474 0.708711 0.361204 0.516428 0.177328 0.390237 0.133786 0.839493 0.823690 0.853703 0.643414 0.829568 0.357705 0.528202 0.962503 0.233877 0.349759 0.428855 0.013589 0.689502 0.092561 0.508796 0.211609 0.702258 0.618986 
0.283173 0.199158 0.702377 0.831551 0.506626 0.244133 0.339772 0.199455 0.190716 0.827146 0.989853 0.454123 0.756540 0.814157 0.363821 0.742336 0.818288 0.903896 0.548988 0.426562 0.438716 0.632857 0.768399 0.355386 0.591866 
0.056415 0.828538 0.531767 0.638401 0.965201 0.138245 0.560867 0.767661 0.857021 0.909531 0.871565 0.653122 0.852605 0.680526 0.927610 0.707575 0.925235 0.142347 0.126545 0.898788 0.059518 0.249678 0.168090 0.749167 0.409337 
0.971910 0.894319 0.776538 0.455905 0.977139 0.383037 0.758602 0.675558 0.409103 0.052200 0.090406 0.042879 0.107735 0.141288 0.782138 0.298312 0.956890 0.415333 0.532853 0.904466 0.705335 0.566402 0.832611 0.587723 0.481072 
0.726469 0.801723 0.665952 0.480018 0.329672 0.419588 0.215156 0.989872 0.521307 0.871311 0.373836 0.336690 0.242415 0.168009 0.548479 0.841570 0.316386 0.461578 0.892328 0.166704 0.008725 0.284215 0.275012 0.651122 0.794195 
0.757555 0.950295 0.838142 0.515228 0.078668 0.062289 0.823914 0.740904 0.917988 0.786178 0.572653 0.639608 0.131786 0.755524 0.531716 0.708039 0.010326 0.553588 0.968855 0.414669 0.504041 0.338905 0.954034 0.293679 0.404133 
0.361114 0.191529 0.920431 0.690891 0.309252 0.026382 0.692276 0.574620 0.222334 0.204060 0.062656 0.571964 0.205448 0.604753 0.167163 0.897927 0.583418 0.781749 0.989062 0.122028 0.560988 0.796224 0.398876 0.087404 0.617722 
0.533644 0.889756 0.737857 0.733087 0.623456 0.204977 0.846936 0.643453 0.734234 0.075732 0.695438 0.029349 0.484448 0.670967 0.248140 0.016302 0.228670 0.498212 0.379782 0.335188 0.557005 0.955497 0.382772 0.449763 0.525240 
0.471116 0.594429 0.112535 0.489135 0.987205 0.286350 0.629943 0.962617 0.469599 0.563755 0.189920 0.350765 0.992441 0.771381 0.236012 0.741743 0.581901 0.844765 0.001433 0.815556 0.970158 0.319121 0.658961 0.285626 0.325527 
0.598141 0.592407 0.023928 0.097884 0.989214 0.542435 0.032709 0.127307 0.859354 0.813364 0.354694 0.260058 0.786383 0.717155 0.972916 0.878310 0.661225 0.015522 0.039953 0.431149 0.154414 0.525157 0.098131 0.824044 0.249632 
0.197603 0.195471 0.959090 0.014483 0.552823 0.864571 0.045593 0.515815 0.632554 0.737169 0.240090 0.217635 0.040650 0.411585 0.581917 0.029735 0.531607 0.497733 0.177175 0.398014 0.824081 0.435461 0.116513 0.004393 0.147322 
0.872517 0.316755 0.110946 0.903378 0.955214 0.203111 0.149052 0.518846 0.033052 0.731832 0.033123 0.202888 0.368550 0.139076 0.742400 0.686780 0.971852 0.344447 0.018557 0.150706 0.546294 0.947709 0.200707 0.022613 0.392976 

0.355122 0.565192 0.112008 0.323586 0.154574 0.677765 0.173388 0.282718 0.804341 0.415833 0.691535 0.370626 0.660262 0.432505 0.215054 0.390017 0.503978 0.543162 0.847123 0.978326 0.745893 0.156829 0.251591 0.902668 0.387755 
0.928886 0.038696 0.845969 0.144908 0.423019 0.449263 0.498047 0.774232 0.588358 0.249478 0.768121 0.293781 0.736531 0.315448 0.651025 0.859890 0.330743 0.063455 0.409733 0.753837 0.117574 0.445012 0.404783 0.972631 0.155770 
0.816877 0.313083 0.228474 0.939423 0.608800 0.941218 0.040113 0.841665 0.487629 0.174618 0.379658 0.737059 0.321851 0.005990 0.406335 0.527724 0.539483 0.325880 0.079229 0.110834 0.348873 0.229900 0.808872 0.994244 0.414772 
0.604424 0.060346 0.565904 0.167552 0.056676 0.601941 0.945366 0.330703 0.735405 0.510874 0.333105 0.962941 0.205597 0.519604 0.266304 0.892220 0.434802 0.743315 0.124531 0.347146 0.888860 0.917314 0.438711 0.220038 0.553277 
0.873770 0.647976 0.641350 0.817343 0.432229 0.162676 0.491736 0.052409 0.756752 0.924626 0.759610 0.743306 0.646685 0.915974 0.716956 0.334581 0.596353 0.096491 0.019984 0.760286 0.758601 0.318727 0.223051 0.336182 0.079781 
0.606984 0.978999 0.554808 0.343551 0.209939 0.916418 0.420454 0.621230 0.657238 0.441662 0.418548 0.054160 0.513948 0.305986 0.671169 0.193205 0.749170 0.884284 0.701200 0.446710 0.609327 0.802081 0.663446 0.172945 0.026779 
0.669451 0.274668 0.195315 0.860015 0.520727 0.932582 0.566941 0.572966 0.466392 0.629349 0.254993 0.716145 0.256652 0.862318 0.870699 0.941777 0.740240 0.336394 0.640325 0.594836 0.630323 0.315349 0.964124 0.571441 0.421155 
0.688566 0.063266 0.238966 0.616439 0.452772 0.313755 0.404301 0.365190 0.681720 0.504239 0.833458 0.441426 0.384122 0.855620 0.758272 0.193537 0.660033 0.694308 0.993410 0.047543 0.039173 0.439176 0.472108 0.212443 0.605251 
0.925666 0.178626 0.948152 0.301895 0.605998 0.879561 0.079524 0.442621 0.141501 0.396309 0.305026 0.782816 0.322026 0.731524 0.774376 0.445788 0.708606 0.278075 0.084868 0.703703 0.992772 0.776544 0.534644 0.909285 0.458941 
0.039798 0.171591 0.350992 0.265842 0.800223 0.028016 0.350693 0.015563 0.137259 0.669764 0.846811 0.378053 0.719563 0.462027 0.249989 0.538304 0.286777 0.115750 0.322275 0.458147 0.420327 0.239181 0.183137 0.402943 0.917955 
0.626643 0.962598 0.329860 0.122763 0.244816 0.646974 0.938885 0.244383 0.268634 0.832982 0.371911 0.804141 0.673683 0.966744 0.574719 0.084235 0.354859 0.421699 0.624884 0.400019 0.115685 0.880241 0.108170 0.861503 0.967485 
0.207225 0.097692 0.148678 0.114832 0.782352 0.727167 0.341186 0.531234 0.296631 0.653521 0.159597 0.803444 0.597252 0.299354 0.507866 0.857866 0.337639 0.052424 0.433609 0.182708 0.424490 0.542135 0.274646 0.377988 0.907919 
0.697519 0.971612 0.051142 0.304728 0.629053 0.096048 0.786835 0.045712 0.603505 0.686898 0.932056 0.650317 0.636977 0.927624 0.047857 0.380097 0.903100 0.106113 0.872178 0.181285 0.481875 0.532990 0.609536 0.148283 0.899461 
0.618364 0.972209 0.772192 0.377795 0.962298 0.594356 0.278854 0.031540 0.935259 0.555468 0.902495 0.529374 0.224327 0.467799 0.838670 0.167124 0.665205 0.519953 0.516887 0.861334 0.648043 0.981708 0.237895 0.651093 0.454709 
0.415614 0.399938 0.488055 0.438307 0.828465 0.245750 0.619668 0.816692 0.749742 0.550567 0.406471 0.049219 0.733160 0.124276 0.368027 0.893449 0.577034 0.441803 0.131355 0.760017 0.722612 0.370428 0.591150 0.814959 0.014769 
0.387266 0.370137 0.203194 0.662223 0.056825 0.842942 0.781336 0.225526 0.437856 0.409855 0.025535 0.932104 0.094558 0.990002 0.681598 0.534222 0.974400 0.934409 0.143340 0.490752 0.274215 0.561701 0.354916 0.714411 0.584589 
0.811789 0.639217 0.776322 0.063560 0.074107 0.717717 0.961887 0.355876 0.649236 0.900886 0.993347 0.717768 0.387154 0.459019 0.369868 0.148151 0.623217 0.559622 0.770814 0.016602 0.534766 0.864136 0.869111 0.364697 0.791015 
0.244243 0.664103 0.749691 0.287319 0.990878 0.771724 0.745765 0.155428 0.641610 0.401743 0.277441 0.589748 0.483033 0.273104 0.340183 0.633357 0.369580 0.247786 0.385427 0.580375 0.139650 0.205124 0.873936 0.033858 0.925634 
0.337467 0.264432 0.826379 0.167964 0.021269 0.443651 0.141646 0.540725 0.183481 0.653302 0.819540 0.887253 0.829132 0.116209 0.906075 0.549107 0.509908 0.762389 0.395557 0.363509 0.418232 0.172726 0.634876 0.308845 0.041763 
0.562555 0.120820 0.924664 0.060959 0.456077 0.327177 0.431751 0.838807 0.525306 0.260013 0.773800 0.175754 0.813863 0.500801 0.682117 0.853392 0.875112 0.265876 0.536401 0.760264 0.675148 0.661371 0.176604 0.632081 0.721099 
0.317210 0.105413 0.712454 0.840594 0.357356 0.936207 0.492005 0.900104 0.534411 0.827588 0.756027 0.489462 0.566951 0.283517 0.557358 0.528452 0.657658 0.589146 0.653688 0.230155 0.174901 0.780123 0.428132 0.026737 0.776827 
0.621951 0.098123 0.861009 0.798232 0.107853 0.782152 0.305468 0.820946 0.836264 0.747005 0.383360 0.554152 0.875820 0.178643 0.259438 0.529669 0.590233 0.170281 0.542895 0.103128 0.429403 0.755867 0.466839 0.971733 0.798129 
0.352799 0.545366 0.907774 0.516627 0.193667 0.873697 0.057532 0.504587 0.642086 0.292250 0.101668 0.694715 0.422794 0.068817 0.435896 0.473287 0.896761 0.523904 0.315582 0.088447 0.313862 0.667540 0.947853 0.264687 0.726956 
0.699922 0.101829 0.410289 0.818247 0.241885 0.579960 0.461478 0.092586 0.999967 0.631964 0.978068 0.707148 0.139327 0.040852 0.881434 0.279099 0.543605 0.664264 0.628918 0.741841 0.218213 0.980067 0.971783 0.506763 0.901579 
0.848173 0.179973 0.431387 0.680836 0.758288 0.194782 0.325825 0.261890 0.195024 0.471168 0.885447 0.216012 0.547020 0.482915 0.183711 0.444727 0.830800 0.581885 0.899868 0.871472 0.452881 0.483607 0.678930 0.419008 0.896772 

-0.888633 -2.976203 -1.222701 -1.894853 -0.349788 -1.140056 -1.301731 -0.743405 -1.426891 -1.119269 -1.296699 0.143034 -1.755561 -0.420252 -1.016087 -0.270647 1.138890 2.102698 1.703051 1.649601 0.674294 -0.149707 1.630351 1.250116 1.907311 
-1.914415 -1.992551 -2.263114 -2.064415 -1.176259 -1.042226 -0.933166 -0.777948 -0.765186 -1.481384 -1.700464 -0.878936 -1.569122 -0.919323 -1.395158 2.431541 2.088623 -0.406732 0.619715 1.242856 0.375887 1.606861 1.507206 1.359501 0.661152 
-3.401926 -2.113160 -2.304138 -1.746808 -1.626280 -1.338123 -0.575879 -1.842216 -0.952960 -0.342051 -1.449261 -1.793022 -1.623460 -0.293540 0.694170 2.616574 1.015357 -0.073617 0.769457 1.769433 2.112283 1.496389 2.746256 1.043824 1.312441 
-1.950365 -1.527124 -1.352812 -1.432229 -0.143357 -1.452403 -1.149346 -0.762744 -1.186936 -0.902764 -0.886267 -1.210033 1.366408 1.246812 1.507771 1.979733 2.159060 0.802398 1.966566 0.796180 1.791959 1.086969 0.831185 1.412394 1.239117 
-3.174722 -3.819368 -1.823450 -2.937568 -0.745088 -0.995985 -1.295911 -0.331222 -2.077434 -1.755868 -1.561315 1.892191 2.636513 1.635347 1.342816 0.758567 2.590100 1.812406 1.662519 1.412632 2.969747 1.190947 0.609201 1.605650 0.994129 
-2.041052 -2.151363 -1.927297 -2.114373 -0.333523 -1.668950 -0.803352 -1.401409 -1.505722 -0.497962 2.304885 1.016831 2.372765 0.541213 1.588352 1.157361 1.555231 2.357522 1.479837 1.108495 1.736513 2.214072 1.847555 2.139468 0.615272 
-2.536342 -0.571015 -0.651302 -1.744505 -1.027152 -2.365382 -1.309999 -1.599793 -0.986487 0.807999 0.832937 2.228345 1.903711 2.194454 2.633340 2.803718 2.401713 1.153710 1.737989 1.733797 1.767817 0.522090 1.273032 1.059262 1.457690 
-1.734239 -1.195534 -0.417517 -1.615697 -1.748651 -1.754817 -1.454848 0.838368 2.363398 0.769242 1.470895 2.376457 0.665950 1.971423 1.325011 0.909410 0.954893 2.205349 2.377274 -0.433393 -0.029332 2.292288 0.665057 1.794024 0.937259 
-2.738387 -1.448695 -3.390224 -1.207172 -1.868746 -2.360102 -1.733481 1.614516 2.393299 2.276097 0.561660 1.811114 0.638139 2.729151 1.338511 1.094320 2.624762 1.918260 1.664749 2.737265 2.122751 1.790009 1.566754 1.053637 2.428401 
-1.323137 -0.633089 -3.016008 -0.466624 -1.260776 -1.641757 -2.215396 1.553495 0.864385 0.994781 1.993685 0.130035 1.600681 2.418771 0.820632 0.929902 1.133947 0.113294 1.077320 2.512831 0.301888 2.457813 0.808391 1.317418 2.607395 
-2.329120 -2.636134 -1.999855 -0.675014 -0.791113 -1.113595 -3.131961 2.766872 0.277787 2.259564 0.462603 2.198896 2.112912 2.825886 1.957314 0.347776 1.198803 1.072115 2.049742 1.813802 0.769154 2.397929 1.145963 0.598094 2.016282 
-1.260182 -1.978116 -0.925151 -0.541427 -2.564561 -1.900003 0.949404 0.497788 2.101097 1.600131 1.396173 1.971436 1.246436 1.372468 1.863592 2.482730 0.577929 0.258849 1.002242 1.053157 1.972365 1.650794 0.633327 2.739107 1.646583 
-2.868121 -3.639405 -0.428489 -2.226738 -1.855619 -0.884641 1.101231 0.745782 1.566265 0.537613 1.197205 1.338227 1.919602 2.104430 0.490186 0.852601 1.168970 1.937311 0.790119 1.506508 1.879390 2.154671 2.631353 1.694667 1.427970 
-1.310415 -2.990903 -2.108258 -1.721480 -1.964631 -1.760173 0.862143 1.699396 3.150389 2.280009 2.195921 2.055306 0.988540 1.847995 2.632361 0.429793 1.096863 1.360795 0.336728 2.017158 0.690116 2.003092 1.258608 1.805806 1.992570 
-1.454885 -1.322676 -1.892040 -2.623746 -2.681354 -1.287984 1.462591 0.676350 1.976405 2.587675 2.698929 1.013023 2.089322 2.521243 0.617076 2.063390 2.711782 1.448553 1.009186 1.935571 1.323396 1.397420 1.996118 1.701780 0.865585 
-0.745619 -2.911547 -1.578000 -3.002074 -2.371081 -2.070515 -0.014207 0.005082 0.180737 -0.541974 0.711290 2.606227 1.310965 2.353192 2.245740 2.042132 2.997542 1.585167 0.656763 1.737462 0.455932 1.098637 0.736877 1.799165 1.454710 
-3.883610 -3.494834 -3.157355 -1.103970 0.365906 -0.116730 -0.210069 0.486746 0.466543 0.112436 2.167525 1.199145 0.862228 1.018630 1.371562 0.652456 1.910065 1.293237 2.426304 0.826647 2.004498 2.000710 2.420004 1.731051 1.950787 
-2.070485 -2.969722 -0.251937 0.449409 -0.550873 0.022041 -0.006922 0.228473 0.163216 -0.193059 0.421181 1.763587 1.152590 0.504011 1.155274 2.137989 1.049466 0.708427 2.118587 1.520793 -0.140831 0.412838 2.407934 1.080495 2.630711 
-0.110972 0.445462 -0.433367 0.205120 -0.073331 0.078118 -0.246741 -0.190030 -0.264562 0.389518 0.444511 2.241928 1.741979 0.755519 2.789718 2.306276 1.392263 2.036557 1.876980 1.292025 1.624793 0.961655 1.523279 1.442195 0.406113 
-0.797439 -0.041056 0.291789 -0.036939 -0.361640 0.149425 0.168588 -0.414321 -0.352850 0.456509 -0.172039 0.493034 1.517131 2.054583 1.550702 2.749648 2.302840 1.641774 2.311644 1.567633 2.217150 1.763181 0.848586 0.865919 1.882163 
0.571460 -0.174274 -0.221180 0.108306 -0.227825 0.103861 0.099281 0.363608 0.046613 -0.310175 0.152967 -0.034212 1.345062 1.634485 1.569936 0.908262 1.560841 1.934692 1.975024 0.481130 0.719028 2.868983 0.942945 0.040774 2.306686 
-0.255586 -0.219694 -0.594942 -0.173823 -0.257523 -0.118931 -0.025575 0.380696 -0.251318 0.295581 -0.122550 -0.148459 0.320501 0.618981 0.786328 1.812140 1.751786 1.464776 1.175275 1.223195 2.160670 1.358222 1.293270 1.624649 1.992708 
0.229887 -0.415065 -0.324984 -0.182090 -0.663421 -0.185843 -0.090385 -0.059388 -0.072000 -0.038398 -0.170771 -0.012126 -0.119683 0.831609 1.642629 1.860019 2.362598 1.286928 0.414172 0.639737 0.937342 1.525099 1.303151 1.252421 1.661134 
0.161763 -0.408272 0.430724 0.391132 0.121550 -0.150864 0.089817 0.183881 -0.154028 -0.214463 -0.185313 0.534724 0.451852 0.390060 2.828051 0.648298 1.500942 2.277883 1.172127 1.846620 1.010278 2.644965 2.437017 0.442857 1.963748 
0.435244 0.333368 -0.349811 0.315980 -0.065955 0.454122 0.447002 -0.280798 0.059676 0.143185 0.341326 -0.118213 0.237148 -0.137248 1.141072 1.294654 2.705441 1.479764 2.085476 1.645186 1.928027 1.906514 1.454819 0.505425 2.194065 

4 4 4 4 0 0 0 0 0 0 0 0 0 0 0 0 2 2 2 2 2 2 2 2 2 
4 4 4 4 0 0 0 0 0 0 0 0 0 0 0 2 2 2 2 2 2 2 2 2 2 
4 4 4 4 4 0 0 0 0 0 0 0 0 0 2 2 2 2 2 2 2 2 2 2 2 
4 4 4 4 4 0 0 0 0 0 0 0 2 2 2 2 2 2 2 2 2 2 2 2 2 
4 4 4 4 4 4 0 0 0 0 0 2 2 2 2 2 2 2 2 2 2 2 2 2 2 
4 4 4 4 4 4 0 0 0 0 2 2 2 2 2 2 2 2 2 2 2 2 2 2 2 
4 4 4 4 4 4 4 0 0 2 2 2 2 2 2 2 2 2 2 2 2 2 2 2 2 
4 4 4 4 4 4 4 2 2 2 2 2 2 2 2 2 2 2 2 2 2 2 2 2 2 
4 4 4 4 4 4 4 2 2 2 2 2 2 2 2 2 2 2 2 2 2 2 2 2 2 
4 4 4 4 4 4 4 2 2 2 2 2 2 2 2 2 2 2 2 2 2 2 2 2 2 
4 4 4 4 4 4 4 2 2 2 2 2 2 2 2 2 2 2 2 2 2 2 2 2 2 
4 4 4 4 4 4 2 2 2 2 2 2 2 2 2 2 2 2 2 2 2 2 2 2 2 
4 4 4 4 4 4 2 2 2 2 2 2 2 2 2 2 2 2 2 2 2 2 2 2 2 
4 4 4 4 4 4 2 2 2 2 2 2 2 2 2 2 2 2 2 2 2 2 2 2 2 
4 4 4 4 4 4 2 2 2 2 2 2 2 2 2 2 2 3 3 3 3 3 3 3 3 
4 4 4 4 4 4 1 1 1 1 3 3 3 3 3 3 3 3 3 3 3 3 3 3 3 
4 4 4 4 1 1 1 1 1 1 3 3 3 3 3 3 3 3 3 3 3 3 3 3 3 
4 4 1 1 1 1 1 1 1 1 1 3 3 3 3 3 3 3 3 3 3 3 3 3 3 
1 1 1 1 1 1 1 1 1 1 1 3 3 3 3 3 3 3 3 3 3 3 3 3 3 
1 1 1 1 1 1 1 1 1 1 1 1 3 3 3 3 3 3 3 3 3 3 3 3 3 
1 1 1 1 1 1 1 1 1 1 1 1 3 3 3 3 3 3 3 3 3 3 3 3 3 
1 1 1 1 1 1 1 1 1 1 1 1 1 3 3 3 3 3 3 3 3 3 3 3 3 
1 1 1 1 1 1 1 1 1 1 1 1 1 3 3 3 3 3 3 3 3 3 3 3 3 
1 1 1 1 1 1 1 1 1 1 1 1 1 1 3 3 3 3 3 3 3 3 3 3 3 
1 1 1 1 1 1 1 1 1 1 1 1 1 1 3 3 3 3 3 3 3 3 3 3 3 

-2.0 -2.0 -2.0 -2.0 -1.0 -1.0 -1.0 -1.0 -1.0 -1.0 -1.0 -1.0 -1.0 -1.0 -1.0 -1.0 2.0 2.0 2.0 2.0 2.0 2.0 2.0 2.0 2.0 
-2.0 -2.0 -2.0 -2.0 -1.0 -1.0 -1.0 -1.0 -1.0 -1.0 -1.0 -1.0 -1.0 -1.0 -1.0 2.0 2.0 2.0 2.0 2.0 2.0 2.0 2.0 2.0 2.0 
-2.0 -2.0 -2.0 -2.0 -2.0 -1.0 -1.0 -1.0 -1.0 -1.0 -1.0 -1.0 -1.0 -1.0 2.0 2.0 2.0 2.0 2.0 2.0 2.0 2.0 2.0 2.0 2.0 
-2.0 -2.0 -2.0 -2.0 -2.0 -1.0 -1.0 -1.0 -1.0 -1.0 -1.0 -1.0 2.0 2.0 2.0 2.0 2.0 2.0 2.0 2.0 2.0 2.0 2.0 2.0 2.0 
-2.0 -2.0 -2.0 -2.0 -2.0 -2.0 -1.0 -1.0 -1.0 -1.0 -1.0 2.0 2.0 2.0 2.0 2.0 2.0 2.0 2.0 2.0 2.0 2.0 2.0 2.0 2.0 
-2.0 -2.0 -2.0 -2.0 -2.0 -2.0 -1.0 -1.0 -1.0 -1.0 2.0 2.0 2.0 2.0 2.0 2.0 2.0 2.0 2.0 2.0 2.0 2.0 2.0 2.0 2.0 
-2.0 -2.0 -2.0 -2.0 -2.0 -2.0 -2.0 -1.0 -1.0 2.0 2.0 2.0 2.0 2.0 2.0 2.0 2.0 2.0 2.0 2.0 2.0 2.0 2.0 2.0 2.0 
-2.0 -2.0 -2.0 -2.0 -2.0 -2.0 -2.0 2.0 2.0 2.0 2.0 2.0 2.0 2.0 2.0 2.0 2.0 2.0 2.0 2.0 2.0 2.0 2.0 2.0 2.0 
-2.0 -2.0 -2.0 -2.0 -2.0 -2.0 -2.0 2.0 2.0 2.0 2.0 2.0 2.0 2.0 2.0 2.0 2.0 2.0 2.0 2.0 2.0 2.0 2.0 2.0 2.0 
-2.0 -2.0 -2.0 -2.0 -2.0 -2.0 -2.0 2.0 2.0 2.0 2.0 2.0 2.0 2.0 2.0 2.0 2.0 2.0 2.0 2.0 2.0 2.0 2.0 2.0 2.0 
-2.0 -2.0 -2.0 -2.0 -2.0 -2.0 -2.0 2.0 2.0 2.0 2.0 2.0 2.0 2.0 2.0 2.0 2.0 2.0 2.0 2.0 2.0 2.0 2.0 2.0 2.0 
-2.0 -2.0 -2.0 -2.0 -2.0 -2.0 2.0 2.0 2.0 2.0 2.0 2.0 2.0 2.0 2.0 2.0 2.0 2.0 2.0 2.0 2.0 2.0 2.0 2.0 2.0 
-2.0 -2.0 -2.0 -2.0 -2.0 -2.0 2.0 2.0 2.0 2.0 2.0 2.0 2.0 2.0 2.0 2.0 2.0 2.0 2.0 2.0 2.0 2.0 2.0 2.0 2.0 
-2.0 -2.0 -2.0 -2.0 -2.0 -2.0 2.0 2.0 2.0 2.0 2.0 2.0 2.0 2.0 2.0 2.0 2.0 2.0 2.0 2.0 2.0 2.0 2.0 2.0 2.0 
-2.0 -2.0 -2.0 -2.0 -2.0 -2.0 2.0 2.0 2.0 2.0 2.0 2.0 2.0 2.0 2.0 2.0 2.0 1.0 1.0 1.0 1.0 1.0 1.0 1.0 1.0 
-2.0 -2.0 -2.0 -2.0 -2.0 -2.0 0.0 0.0 0.0 0.0 1.0 1.0 1.0 1.0 1.0 1.0 1.0 1.0 1.0 1.0 1.0 1.0 1.0 1.0 1.0 
-2.0 -2.0 -2.0 -2.0 0.0 0.0 0.0 0.0 0.0 0.0 1.0 1.0 1.0 1.0 1.0 1.0 1.0 1.0 1.0 1.0 1.0 1.0 1.0 1.0 1.0 
-2.0 -2.0 0.0 0.0 0.0 0.0 0.0 0.0 0.0 0.0 0.0 1.0 1.0 1.0 1.0 1.0 1.0 1.0 1.0 1.0 1.0 1.0 1.0 1.0 1.0 
0.0 0.0 0.0 0.0 0.0 0.0 0.0 0.0 0.0 0.0 0.0 1.0 1.0 1.0 1.0 1.0 1.0 1.0 1.0 1.0 1.0 1.0 1.0 1.0 1.0 
0.0 0.0 0.0 0.0 0.0 0.0 0.0 0.0 0.0 0.0 0.0 0.0 1.0 1.0 1.0 1.0 1.0 1.0 1.0 1.0 1.0 1.0 1.0 1.0 1.0 
0.0 0.0 0.0 0.0 0.0 0.0 0.0 0.0 0.0 0.0 0.0 0.0 1.0 1.0 1.0 1.0 1.0 1.0 1.0 1.0 1.0 1.0 1.0 1.0 1.0 
0.0 0.0 0.0 0.0 0.0 0.0 0.0 0.0 0.0 0.0 0.0 0.0 0.0 1.0 1.0 1.0 1.0 1.0 1.0 1.0 1.0 1.0 1.0 1.0 1.0 
0.0 0.0 0.0 0.0 0.0 0.0 0.0 0.0 0.0 0.0 0.0 0.0 0.0 1.0 1.0 1.0 1.0 1.0 1.0 1.0 1.0 1.0 1.0 1.0 1.0 
0.0 0.0 0.0 0.0 0.0 0.0 0.0 0.0 0.0 0.0 0.0 0.0 0.0 0.0 1.0 1.0 1.0 1.0 1.0 1.0 1.0 1.0 1.0 1.0 1.0 
0.0 0.0 0.0 0.0 0.0 0.0 0.0 0.0 0.0 0.0 0.0 0.0 0.0 0.0 1.0 1.0 1.0 1.0 1.0 1.0 1.0 1.0 1.0 1.0 1.0 

-2.0 -2.0 -2.0 -2.0 -1.0 -1.0 -1.0 -1.0 -1.0 -1.0 -1.0 -1.0 -1.0 -1.0 -1.0 -1.0 1.0 1.0 1.0 1.0 1.0 1.0 1.0 1.0 1.0 
-2.0 -2.0 -2.0 -2.0 -1.0 -1.0 -1.0 -1.0 -1.0 -1.0 -1.0 -1.0 -1.0 -1.0 -1.0 1.0 1.0 1.0 1.0 1.0 1.0 1.0 1.0 1.0 1.0 
-2.0 -2.0 -2.0 -2.0 -2.0 -1.0 -1.0 -1.0 -1.0 -1.0 -1.0 -1.0 -1.0 -1.0 1.0 1.0 1.0 1.0 1.0 1.0 1.0 1.0 1.0 1.0 1.0 
-2.0 -2.0 -2.0 -2.0 -2.0 -1.0 -1.0 -1.0 -1.0 -1.0 -1.0 -1.0 1.0 1.0 1.0 1.0 1.0 1.0 1.0 1.0 1.0 1.0 1.0 1.0 1.0 
-2.0 -2.0 -2.0 -2.0 -2.0 -2.0 -1.0 -1.0 -1.0 -1.0 -1.0 1.0 1.0 1.0 1.0 1.0 1.0 1.0 1.0 1.0 1.0 1.0 1.0 1.0 1.0 
-2.0 -2.0 -2.0 -2.0 -2.0 -2.0 -1.0 -1.0 -1.0 -1.0 1.0 1.0 1.0 1.0 1.0 1.0 1.0 1.0 1.0 1.0 1.0 1.0 1.0 1.0 1.0 
-2.0 -2.0 -2.0 -2.0 -2.0 -2.0 -2.0 -1.0 -1.0 1.0 1.0 1.0 1.0 1.0 1.0 1.0 1.0 1.0 1.0 1.0 1.0 1.0 1.0 1.0 1.0 
-2.0 -2.0 -2.0 -2.0 -2.0 -2.0 -2.0 1.0 1.0 1.0 1.0 1.0 1.0 1.0 1.0 1.0 1.0 1.0 1.0 1.0 1.0 1.0 1.0 1.0 1.0 
-2.0 -2.0 -2.0 -2.0 -2.0 -2.0 -2.0 1.0 1.0 1.0 1.0 1.0 1.0 1.0 1.0 1.0 1.0 1.0 1.0 1.0 1.0 1.0 1.0 1.0 1.0 
-2.0 -2.0 -2.0 -2.0 -2.0 -2.0 -2.0 1.0 1.0 1.0 1.0 1.0 1.0 1.0 1.0 1.0 1.0 1.0 1.0 1.0 1.0 1.0 1.0 1.0 1.0 
-2.0 -2.0 -2.0 -2.0 -2.0 -2.0 -2.0 1.0 1.0 1.0 1.0 1.0 1.0 1.0 1.0 1.0 1.0 1.0 1.0 1.0 1.0 1.0 1.0 1.0 1.0 
-2.0 -2.0 -2.0 -2.0 -2.0 -2.0 1.0 1.0 1.0 1.0 1.0 1.0 1.0 1.0 1.0 1.0 1.0 1.0 1.0 1.0 1.0 1.0 1.0 1.0 1.0 
-2.0 -2.0 -2.0 -2.0 -2.0 -2.0 1.0 1.0 1.0 1.0 1.0 1.0 1.0 1.0 1.0 1.0 1.0 1.0 1.0 1.0 1.0 1.0 1.0 1.0 1.0 
-2.0 -2.0 -2.0 -2.0 -2.0 -2.0 1.0 1.0 1.0 1.0 1.0 1.0 1.0 1.0 1.0 1.0 1.0 1.0 1.0 1.0 1.0 1.0 1.0 1.0 1.0 
-2.0 -2.0 -2.0 -2.0 -2.0 -2.0 1.0 1.0 1.0 1.0 1.0 1.0 1.0 1.0 1.0 1.0 1.0 2.0 2.0 2.0 2.0 2.0 2.0 2.0 2.0 
-2.0 -2.0 -2.0 -2.0 -2.0 -2.0 0.0 0.0 0.0 0.0 2.0 2.0 2.0 2.0 2.0 2.0 2.0 2.0 2.0 2.0 2.0 2.0 2.0 2.0 2.0 
-2.0 -2.0 -2.0 -2.0 0.0 0.0 0.0 0.0 0.0 0.0 2.0 2.0 2.0 2.0 2.0 2.0 2.0 2.0 2.0 2.0 2.0 2.0 2.0 2.0 2.0 
-2.0 -2.0 0.0 0.0 0.0 0.0 0.0 0.0 0.0 0.0 0.0 2.0 2.0 2.0 2.0 2.0 2.0 2.0 2.0 2.0 2.0 2.0 2.0 2.0 2.0 
0.0 0.0 0.0 0.0 0.0 0.0 0.0 0.0 0.0 0.0 0.0 2.0 2.0 2.0 2.0 2.0 2.0 2.0 2.0 2.0 2.0 2.0 2.0 2.0 2.0 
0.0 0.0 0.0 0.0 0.0 0.0 0.0 0.0 0.0 0.0 0.0 0.0 2.0 2.0 2.0 2.0 2.0 2.0 2.0 2.0 2.0 2.0 2.0 2.0 2.0 
0.0 0.0 0.0 0.0 0.0 0.0 0.0 0.0 0.0 0.0 0.0 0.0 2.0 2.0 2.0 2.0 2.0 2.0 2.0 2.0 2.0 2.0 2.0 2.0 2.0 
0.0 0.0 0.0 0.0 0.0 0.0 0.0 0.0 0.0 0.0 0.0 0.0 0.0 2.0 2.0 2.0 2.0 2.0 2.0 2.0 2.0 2.0 2.0 2.0 2.0 
0.0 0.0 0.0 0.0 0.0 0.0 0.0 0.0 0.0 0.0 0.0 0.0 0.0 2.0 2.0 2.0 2.0 2.0 2.0 2.0 2.0 2.0 2.0 2.0 2.0 
0.0 0.0 0.0 0.0 0.0 0.0 0.0 0.0 0.0 0.0 0.0 0.0 0.0 0.0 2.0 2.0 2.0 2.0 2.0 2.0 2.0 2.0 2.0 2.0 2.0 
0.0 0.0 0.0 0.0 0.0 0.0 0.0 0.0 0.0 0.0 0.0 0.0 0.0 0.0 2.0 2.0 2.0 2.0 2.0 2.0 2.0 2.0 2.0 2.0 2.0 

