0.961253 0.020450 0.092692 0.540327 0.619720 0.219929 0.489324 0.618764 0.210287 0.256322 0.960788 0.414853 0.371772 0.933393 0.426575 0.972789 0.102834 0.951613 0.568674 0.716125 0.936668 0.765636 0.007205 0.956987 0.965717 
0.549551 0.448530 0.136042 0.776053 0.960760 0.202951 0.753380 0.134811 0.520836 0.929385 0.345113 0.945100 0.551639 0.556538 0.099007 0.865374 0.027785 0.487018 0.516120 0.357511 0.672021 0.320631 0.574894 0.955619 0.992482 
0.795191 0.480060 0.919129 0.226516 0.027567 0.082372 0.169473 0.626112 0.024522 0.989063 0.581844 0.049007 0.783487 0.720033 0.940916 0.530661 0.296378 0.915121 0.685437 0.556846 0.473317 0.639778 0.595390 0.562096 0.030078 
0.979719 0.973027 0.745318 0.721682 0.886874 0.684349 0.524705 0.797862 0.154053 0.830443 0.468501 0.444573 0.782016 0.468714 0.056844 0.331801 0.851195 0.691943 0.165749 0.704310 0.202154 0.578943 0.290142 0.365133 0.800116 
0.839412 0.702487 0.212627 0.998441 0.686849 0.541446 0.272962 0.601009 0.849653 0.332185 0.791474 0.299276 0.721886 0.505650 0.067702 0.341530 0.879331 0.456447 0.337521 0.094280 0.591549 0.348776 0.514749 0.050544 0.208482 
0.730657 0.326301 0.941135 0.851829 0.716172 0.918206 0.830783 0.747300 0.289232 0.085669 0.606728 0.949585 0.009687 0.720993 0.090587 0.601175 0.129256 0.782445 0.439614 0.556652 0.943409 0.447785 0.576037 0.650464 0.729124 
0.779295 0.958077 0.449553 0.243680 0.534639 0.145825 0.771948 0.081910 0.655414 0.462029 0.932736 0.299882 0.067416 0.623645 0.688049 0.453819 0.120756 0.329444 0.043286 0.182574 0.004859 0.948116 0.057490 0.813940 0.890099 
0.347492 0.464257 0.902136 0.745169 0.576785 0.415593 0.654739 0.473748 0.206691 0.423465 0.173141 0.438998 0.965241 0.374245 0.349910 0.599421 0.327269 0.918429 0.914842 0.897293 0.506781 0.295746 0.004150 0.668392 0.509225 
0.599010 0.664092 0.170936 0.661644 0.141320 0.044824 0.308763 0.947213 0.706809 0.626686 0.342131 0.679609 0.109218 0.754076 0.294942 0.164017 0.565259 0.600983 0.469932 0.821521 0.581309 0.083913 0.348303 0.096109 0.176743 
0.300362 0.558727 0.599234 0.835596 0.055054 0.044826 0.384992 0.409727 0.410794 0.106421 0.473134 0.258566 0.686860 0.408992 0.720637 0.055932 0.971995 0.242162 0.213291 0.377130 0.060523 0.623454 0.009251 0.978552 0.564119 
0.477797 0.278880 0.711302 0.243002 0.967635 0.470283 0.381141 0.001479 0.459714 0.248098 0.188554 0.899104 0.602265 0.589690 0.069716 0.275084 0.977237 0.767890 0.522366 0.681737 0.793124 0.419895 0.303150 0.235266 0.629129 
0.800767 0.138408 0.593042 0.010174 0.681826 0.800134 0.076178 0.126438 0.665577 0.324476 0.317441 0.151600 0.595958 0.270078 0.482252 0.699532 0.698386 0.170582 0.737245 0.097322 0.107047 0.466669 0.300240 0.148909 0.885860 
0.911587 0.147968 0.966041 0.361899 0.933673 0.659145 0.464925 0.371964 0.046738 0.909815 0.334963 0.943659 0.326790 0.440911 0.731307 0.574033 0.660878 0.213948 0.685985 0.666797 0.732179 0.263551 0.858408 0.415742 0.892496 
0.832697 0.483863 0.422521 0.554706 0.373317 0.015068 0.059739 0.084768 0.663406 0.307557 0.824006 0.844912 0.580759 0.688585 0.342856 0.412831 0.637796 0.556762 0.062576 0.026539 0.914393 0.994850 0.998197 0.795172 0.033485 
0.444522 0.713517 0.351536 0.615908 0.167122 0.835374 0.239085 0.600850 0.329835 0.830898 0.091948 0.058502 0.483483 0.503456 0.871025 0.240689 0.945905 0.932867 0.652338 0.772192 0.417426 0.083714 0.702363 0.640059 0.379311 
0.257468 0.267406 0.937148 0.764286 0.524699 0.513730 0.232427 0.234971 0.559463 0.126441 0.769950 0.035784 0.745708 0.073008 0.218615 0.730010 0.625511 0.264091 0.421705 0.636097 0.810285 0.739674 0.480685 0.707033 0.003603 
0.043820 0.716228 0.250384 0.092765 0.545238 0.469374 0.271148 0.575150 0.035457 0.041601 0.232277 0.027113 0.730163 0.235701 0.207160 0.670455 0.303672 0.744940 0.912906 0.714945 0.052699 0.858959 0.870282 0.868525 0.032039 
0.920900 0.656264 0.302357 0.837873 0.211046 0.317226 0.560645 0.192451 0.589332 0.790757 0.461641 0.234952 0.986488 0.648854 0.464668 0.477922 0.769966 0.001345 0.135095 0.715220 0.516695 0.807309 0.212126 0.041385 0.795532 
0.253075 0.410733 0.863169 0.468770 0.243460 0.536791 0.179270 0.916724 0.212538 0.825562 0.417608 0.788187 0.735203 0.246782 0.597903 0.547592 0.101835 0.265403 0.038859 0.023485 0.681279 0.749462 0.533277 0.544170 0.492638 
0.271662 0.096627 0.554344 0.181822 0.859064 0.981068 0.497599 0.003890 0.878821 0.594727 0.492995 0.585874 0.438874 0.313200 0.285431 0.056775 0.004010 0.987242 0.720586 0.624646 0.364512 0.710999 0.148964 0.245252 0.096433 
0.003389 0.446634 0.342344 0.121477 0.494304 0.228006 0.176538 0.616118 0.915333 0.136329 0.049911 0.619957 0.089514 0.448257 0.076396 0.937527 0.214862 0.021911 0.163409 0.787480 0.163860 0.760814 0.615163 0.021017 0.772374 
0.662312 0.437427 0.907052 0.708859 0.702652 0.353167 0.104338 0.018152 0.362114 0.811419 0.567364 0.208857 0.296067 0.584123 0.943108 0.481542 0.528469 0.243016 0.740935 0.826557 0.873435 0.357454 0.004229 0.292285 0.726014 
0.548312 0.042133 0.997483 0.624027 0.253896 0.291757 0.533187 0.022516 0.722274 0.637754 0.866399 0.183561 0.180657 0.060460 0.565076 0.769328 0.295599 0.833022 0.458284 0.899364 0.771916 0.764421 0.308121 0.145473 0.967102 
0.573110 0.303006 0.674539 0.914479 0.774266 0.539245 0.107109 0.899723 0.531850 0.598923 0.377329 0.055812 0.128553 0.956723 0.530463 0.359993 0.755066 0.613144 0.394760 0.979372 0.320164 0.642991 0.246089 0.159160 0.556292 
0.762000 0.681940 0.803660 0.628828 0.035007 0.084740 0.774828 0.301826 0.215524 0.261215 0.064055 0.388881 0.794151 0.163300 0.863595 0.967403 0.480930 0.826025 0.951906 0.350485 0.086648 0.836301 0.528350 0.212491 0.999683 

0.214014 0.493660 0.696443 0.103100 0.878700 0.916151 0.167137 0.251537 0.171632 0.956472 0.544501 0.483121 0.974134 0.690779 0.902110 0.706031 0.514722 0.902398 0.204743 0.919518 0.398741 0.841013 0.487257 0.665974 0.347451 
0.361957 0.007444 0.409222 0.443856 0.578588 0.865664 0.004645 0.137691 0.519464 0.003756 0.473513 0.836325 0.163764 0.263181 0.275012 0.915931 0.146373 0.160760 0.816201 0.801678 0.669621 0.593274 0.420137 0.453948 0.972497 
0.174176 0.484470 0.187754 0.878508 0.088413 0.463766 0.915661 0.017444 0.993622 0.193327 0.175976 0.158333 0.143953 0.729521 0.958001 0.920895 0.881808 0.257971 0.784996 0.517277 0.997587 0.788007 0.148268 0.053214 0.747591 
0.157088 0.231717 0.128754 0.759459 0.983349 0.054069 0.133043 0.377340 0.188068 0.113067 0.701461 0.931665 0.247572 0.146161 0.744459 0.378218 0.652502 0.716091 0.913608 0.524157 0.938892 0.770958 0.063717 0.132303 0.252265 
0.474866 0.495926 0.667122 0.995324 0.929550 0.363182 0.622031 0.014641 0.152550 0.292953 0.916488 0.185738 0.114827 0.822245 0.358501 0.629088 0.067557 0.724148 0.947800 0.554981 0.529004 0.481372 0.803683 0.260484 0.022559 
0.785690 0.791193 0.310215 0.424186 0.777103 0.850410 0.517921 0.624915 0.077419 0.498750 0.207027 0.350396 0.990886 0.866188 0.059153 0.770095 0.097886 0.804523 0.318109 0.698293 0.755286 0.123862 0.425761 0.011662 0.281454 
0.759522 0.614828 0.612446 0.492473 0.543482 0.839455 0.031734 0.599358 0.158449 0.312396 0.930559 0.008745 0.314278 0.135063 0.235420 0.321925 0.331601 0.029673 0.884284 0.701861 0.234207 0.104185 0.426858 0.829317 0.335343 
0.990366 0.422962 0.608465 0.796682 0.707837 0.906349 0.001440 0.368101 0.306351 0.319523 0.378131 0.169886 0.403982 0.029715 0.123438 0.932093 0.706987 0.137116 0.621051 0.196709 0.317707 0.248355 0.247691 0.930752 0.606314 
0.576537 0.680717 0.823784 0.539553 0.552314 0.925100 0.176992 0.865977 0.181810 0.741524 0.472498 0.875794 0.687023 0.750148 0.914147 0.953429 0.774015 0.951244 0.814091 0.478414 0.324203 0.278446 0.362383 0.694423 0.009805 
0.273275 0.669277 0.335583 0.783858 0.426525 0.322257 0.756855 0.404129 0.603462 0.915778 0.931818 0.198418 0.000727 0.838733 0.101023 0.628929 0.426903 0.921359 0.073577 0.045561 0.001027 0.588263 0.467097 0.490569 0.449578 
0.198656 0.081973 0.846437 0.737841 0.324899 0.694551 0.294965 0.368207 0.537722 0.061507 0.908545 0.740286 0.889732 0.375189 0.232657 0.372215 0.473918 0.406248 0.229369 0.289324 0.344099 0.871738 0.930051 0.472927 0.066494 
0.825421 0.078105 0.320564 0.767407 0.298902 0.816510 0.804140 0.131024 0.766788 0.526779 0.822142 0.566258 0.321394 0.282644 0.265659 0.940824 0.996460 0.663522 0.288542 0.982357 0.031462 0.502724 0.236987 0.665773 0.603078 
0.491304 0.871369 0.407813 0.138797 0.640819 0.487620 0.274666 0.611891 0.092442 0.579885 0.955132 0.179768 0.335227 0.688142 0.959795 0.043676 0.927007 0.205560 0.613746 0.875087 0.226280 0.507952 0.977218 0.209373 0.285711 
0.417685 0.228134 0.120694 0.096871 0.504650 0.958805 0.606253 0.136944 0.290609 0.775923 0.022162 0.159951 0.684316 0.303584 0.663619 0.843429 0.839834 0.317520 0.378313 0.460203 0.128048 0.299039 0.073638 0.902884 0.641879 
0.127150 0.903878 0.613557 0.642466 0.417787 0.817461 0.882061 0.611112 0.264301 0.911848 0.945537 0.312794 0.066360 0.146353 0.395268 0.723183 0.038927 0.872880 0.034036 0.914788 0.690693 0.566048 0.315684 0.297633 0.683261 
0.025999 0.446049 0.462703 0.489939 0.833662 0.907778 0.250697 0.219519 0.816386 0.604301 0.194081 0.633258 0.851683 0.395496 0.908833 0.198473 0.193922 0.083328 0.082181 0.709741 0.806777 0.377934 0.358295 0.494596 0.114485 
0.493051 0.026583 0.993002 0.889768 0.283259 0.610117 0.207289 0.276739 0.604117 0.016039 0.311802 0.369851 0.739855 0.561545 0.809776 0.547056 0.596345 0.163329 0.520081 0.767739 0.301682 0.373410 0.147825 0.615455 0.418076 
0.757023 0.114798 0.124152 0.482812 0.924926 0.898489 0.277351 0.962508 0.945533 0.962668 0.666861 0.931140 0.946715 0.754652 0.213542 0.117670 0.272632 0.046374 0.282699 0.765609 0.473667 0.156575 0.133624 0.830409 0.163006 
0.057887 0.548743 0.515617 0.697574 0.113013 0.761998 0.438300 0.416027 0.864741 0.791916 0.960085 0.973001 0.134168 0.023748 0.350700 0.731917 0.110698 0.042973 0.533373 0.461909 0.124157 0.859223 0.656089 0.821881 0.801150 
0.323453 0.050821 0.166409 0.775104 0.432104 0.660190 0.324183 0.117315 0.604954 0.786511 0.251369 0.223863 0.074249 0.949026 0.144137 0.958370 0.503763 0.505495 0.633117 0.777406 0.725386 0.597749 0.835577 0.732201 0.696132 
0.760663 0.792110 0.551403 0.009808 0.130181 0.227525 0.161560 0.369711 0.064787 0.965820 0.328999 0.965938 0.047032 0.675396 0.017322 0.172353 0.567173 0.671832 0.026120 0.180887 0.515804 0.478868 0.999002 0.450427 0.571115 
0.959349 0.718928 0.429108 0.248234 0.326014 0.467489 0.197955 0.040794 0.754476 0.197201 0.055914 0.080691 0.282163 0.030570 0.587682 0.858024 0.185708 0.791678 0.494005 0.247818 0.935956 0.673282 0.496692 0.187810 0.241951 
0.903890 0.355469 0.373425 0.030632 0.891821 0.476916 0.519310 0.324668 0.732828 0.945332 0.110815 0.635134 0.426779 0.260018 0.434975 0.938375 0.004976 0.840667 0.104118 0.697822 0.148472 0.809628 0.762747 0.245159 0.663698 
0.984804 0.818344 0.057298 0.901829 0.056445 0.841061 0.719194 0.769778 0.036781 0.099636 0.292817 0.757098 0.239758 0.200310 0.813187 0.522205 0.263555 0.843799 0.952656 0.563116 0.153222 0.200180 0.225305 0.364571 0.295456 
0.552529 0.605606 0.892859 0.983302 0.257234 0.862559 0.878056 0.358231 0.235108 0.014127 0.308107 0.825333 0.811411 0.169390 0.330418 0.246320 0.807692 0.564554 0.040895 0.173821 0.596752 0.324756 0.165136 0.356131 0.158715 

1.315185 1.092945 1.458375 0.687146 2.313418 1.987874 0.880470 1.149716 0.743924 2.074207 1.978488 1.359736 2.584473 2.181888 2.306400 2.372105 1.295369 2.659934 1.211554 2.607729 1.861221 2.411699 0.968468 2.359230 1.864972 
1.385840 0.419082 0.999876 1.592588 2.190939 1.925592 0.808652 0.486245 1.500838 0.985874 1.282821 2.468180 0.746113 1.178140 0.628237 2.831039 0.161910 0.925472 2.346697 1.866906 2.117208 1.480027 1.579465 1.828025 2.975778 
1.233454 1.467703 1.322616 2.048985 0.251921 1.114566 2.057356 0.583584 1.935490 1.309882 0.829875 0.116266 1.205045 2.248339 2.921851 2.301495 2.110135 1.623059 2.195738 1.688088 2.570867 2.204969 1.062858 0.802607 1.473554 
1.236836 1.314188 0.997508 2.356519 2.751907 0.852012 0.899977 1.608669 0.530838 0.978927 1.604585 2.206527 1.426564 0.892013 1.432885 1.088245 2.145676 2.260304 1.901953 1.706636 2.111067 2.261527 0.444868 0.571968 1.552828 
1.672469 1.779853 1.614417 2.954266 2.567106 1.135643 1.558134 0.702346 1.136394 0.904484 2.460267 0.735311 0.944567 2.004149 1.087914 1.565713 0.863792 1.830362 2.307000 1.297367 1.701791 1.261513 2.084521 0.575661 0.242707 
0.765295 -0.192998 1.516863 1.104465 0.614361 1.039977 1.237345 0.838432 0.489197 -0.210027 1.058247 1.448506 -0.914382 0.554533 0.029956 0.443065 0.213061 0.826171 0.592935 0.192932 1.139344 0.784896 0.883822 1.179787 1.127319 
0.899211 1.206674 0.198104 0.049700 0.424862 -0.529841 1.337148 -0.562523 1.078180 0.476037 0.924888 0.607503 -0.122125 1.083426 1.154918 0.387345 0.106323 0.394970 -0.829775 -0.428641 -0.344640 1.836687 -0.363906 0.973890 1.292825 
-0.319696 0.481884 1.278921 0.811056 0.438885 -0.072598 1.287327 0.579602 0.251902 0.524885 -0.076099 0.688683 1.402763 0.713537 0.760082 0.158161 -0.032687 1.465529 0.965360 1.653536 0.861268 0.464256 -0.162966 0.247235 0.429317 
0.455422 0.504280 -0.355260 0.883477 -0.325701 -0.841964 0.439757 1.076155 1.075567 0.463156 0.186847 0.503360 -0.598657 0.779599 -0.228886 -0.551058 0.418443 0.337621 -0.101938 1.107124 0.788990 -0.397645 0.409542 -0.558924 0.426433 
0.405126 0.406892 1.023820 0.801427 -0.314284 -0.244840 -0.018563 0.450693 0.216308 -0.578581 0.001913 0.088238 1.323386 -0.070135 1.313667 -0.488901 1.461150 -0.297350 0.375242 0.780946 0.230357 0.508695 -0.495194 1.477566 0.765681 
-1.322432 -0.552677 -3.182077 -1.892785 -2.544267 -2.397992 -1.258774 -0.922294 -1.800992 -0.769535 -2.265590 -3.240537 -3.103654 -1.812643 -0.798865 -1.205868 -2.878105 -2.087835 -1.567768 -1.904784 -2.214118 -2.372108 -2.286103 -1.336196 -1.276552 
-3.318189 -0.290296 -1.587259 -1.707748 -2.027798 -3.433496 -1.784265 -0.663296 -2.930881 -1.724055 -2.368496 -1.449777 -1.847978 -1.070120 -1.560259 -3.059445 -3.328003 -1.652476 -2.194727 -1.970231 -0.317432 -2.109879 -1.106633 -1.434879 -3.118190 
-2.631770 -1.933124 -2.765506 -1.064645 -3.109251 -2.293379 -1.429552 -2.038323 -0.213855 -3.154033 -2.581539 -2.395757 -1.347300 -2.231448 -3.421395 -1.382323 -3.210771 -0.766890 -2.538797 -3.048570 -1.903220 -1.449760 -3.654387 -1.115185 -2.548626 
-2.798645 -1.303739 -0.832280 -1.268466 -1.774174 -2.022516 -1.398590 -0.581205 -2.079007 -2.122543 -1.846719 -1.890740 -2.612756 -1.955911 -1.901857 -2.431784 -2.922822 -1.924963 -0.920069 -0.884285 -1.996983 -2.508865 -2.386818 -3.564467 -1.429839 
-1.312071 -3.252816 -2.121064 -2.440100 -1.257372 -3.211366 -2.164736 -2.370695 -1.142221 -3.526237 -2.161425 -0.748448 -1.142214 -1.294854 -2.547392 -1.783242 -2.076718 -3.698850 -1.380544 -3.480747 -2.099325 -1.322485 -1.755550 -2.003793 -2.276920 
-0.017439 0.415379 0.309591 0.447672 0.841409 0.791937 0.186019 0.049312 0.799303 0.676253 0.175473 0.546092 0.878673 0.528745 0.837753 0.381757 0.027750 0.205095 -0.016732 0.695118 0.908206 0.437563 0.276182 0.433306 -0.006003 
0.303851 -0.000262 1.108426 0.890899 0.305544 0.664625 0.251074 0.091188 0.498409 0.125730 0.219228 0.451246 0.737905 0.670178 0.768380 0.420165 0.708221 0.168887 0.533912 0.757580 0.299102 0.461253 0.214926 0.573647 0.556924 
0.787330 -0.043566 0.243660 0.449193 1.079369 1.027334 0.162700 1.054532 0.952452 0.779745 0.802065 0.860071 0.698755 0.687929 0.304039 0.163718 0.282481 0.045087 0.338827 0.867218 0.529985 0.177370 0.265371 0.719530 -0.033733 
-0.052961 0.619146 0.328247 0.825797 0.044630 0.871787 0.457045 0.414195 0.872085 0.670884 0.803076 1.021067 0.088936 -0.071158 0.515761 0.816802 0.115529 0.048424 0.614927 0.457418 0.012243 0.516760 0.550303 0.777418 0.742624 
0.344687 -0.205908 0.238387 0.917511 0.578219 0.797840 0.328404 0.255232 0.564991 0.766627 0.187433 0.236806 0.221860 0.936490 0.168068 0.806993 0.486324 0.507934 0.440659 0.731514 0.663057 0.576264 0.742850 0.856623 0.654189 
-0.036216 -0.438457 -0.307347 -0.169113 -0.523972 -0.263381 -0.339769 -0.622417 -0.903826 -0.179143 -0.225081 -0.600668 -0.311228 -0.488950 0.064874 -1.141109 -0.155621 -0.015495 -0.105027 -0.816054 -0.173381 -0.856743 -0.627319 -0.035397 -0.750166 
-0.749599 -0.380171 -0.799299 -0.771478 -0.742141 -0.250184 -0.159100 -0.121474 -0.461148 -0.822920 -0.547098 -0.138783 -0.243496 -0.440423 -1.043382 -0.682122 -0.431736 -0.055288 -0.700630 -0.697172 -0.672640 -0.268708 0.268635 -0.316571 -0.772850 
-0.535839 -0.056842 -1.074670 -0.588305 0.095000 -0.191013 -0.378681 -0.082084 -0.754738 -0.734185 -1.029523 -0.125447 0.055568 -0.265528 -0.646973 -0.782396 -0.254783 -0.889119 -0.161335 -0.770191 -0.926306 -0.729661 -0.323606 0.009182 -0.975354 
-0.712963 -0.325002 -0.682859 -0.912399 -0.654608 -0.454881 -0.076147 -1.219032 -0.423739 -0.408595 -0.464311 -0.235473 -0.313358 -0.950649 -0.487573 -0.203757 -0.723169 -0.537863 -0.310696 -1.025768 -0.528601 -0.635674 -0.231950 -0.238658 -0.701126 
-0.853350 -0.655882 -0.692544 -0.753368 0.063010 -0.029462 -0.720234 -0.343070 -0.324631 -0.303904 -0.023865 -0.506807 -0.802951 -0.395035 -0.969322 -0.969599 -0.508923 -0.722317 -0.954999 -0.408980 -0.067052 -0.977777 -0.284935 -0.199315 -1.041061 

0 0 0 0 0 0 0 0 0 0 0 0 0 0 0 0 0 0 0 0 0 0 0 0 0 
0 0 0 0 0 0 0 0 0 0 0 0 0 0 0 0 0 0 0 0 0 0 0 0 0 
0 0 0 0 0 0 0 0 0 0 0 0 0 0 0 0 0 0 0 0 0 0 0 0 0 
0 0 0 0 0 0 0 0 0 0 0 0 0 0 0 0 0 0 0 0 0 0 0 0 0 
0 0 0 0 0 0 0 0 0 0 0 0 0 0 0 0 0 0 0 0 0 0 0 0 0 
1 1 1 1 1 1 1 1 1 1 1 1 1 1 1 1 1 1 1 1 1 1 1 1 1 
1 1 1 1 1 1 1 1 1 1 1 1 1 1 1 1 1 1 1 1 1 1 1 1 1 
1 1 1 1 1 1 1 1 1 1 1 1 1 1 1 1 1 1 1 1 1 1 1 1 1 
1 1 1 1 1 1 1 1 1 1 1 1 1 1 1 1 1 1 1 1 1 1 1 1 1 
1 1 1 1 1 1 1 1 1 1 1 1 1 1 1 1 1 1 1 1 1 1 1 1 1 
2 2 2 2 2 2 2 2 2 2 2 2 2 2 2 2 2 2 2 2 2 2 2 2 2 
2 2 2 2 2 2 2 2 2 2 2 2 2 2 2 2 2 2 2 2 2 2 2 2 2 
2 2 2 2 2 2 2 2 2 2 2 2 2 2 2 2 2 2 2 2 2 2 2 2 2 
2 2 2 2 2 2 2 2 2 2 2 2 2 2 2 2 2 2 2 2 2 2 2 2 2 
2 2 2 2 2 2 2 2 2 2 2 2 2 2 2 2 2 2 2 2 2 2 2 2 2 
3 3 3 3 3 3 3 3 3 3 3 3 3 3 3 3 3 3 3 3 3 3 3 3 3 
3 3 3 3 3 3 3 3 3 3 3 3 3 3 3 3 3 3 3 3 3 3 3 3 3 
3 3 3 3 3 3 3 3 3 3 3 3 3 3 3 3 3 3 3 3 3 3 3 3 3 
3 3 3 3 3 3 3 3 3 3 3 3 3 3 3 3 3 3 3 3 3 3 3 3 3 
3 3 3 3 3 3 3 3 3 3 3 3 3 3 3 3 3 3 3 3 3 3 3 3 3 
4 4 4 4 4 4 4 4 4 4 4 4 4 4 4 4 4 4 4 4 4 4 4 4 4 
4 4 4 4 4 4 4 4 4 4 4 4 4 4 4 4 4 4 4 4 4 4 4 4 4 
4 4 4 4 4 4 4 4 4 4 4 4 4 4 4 4 4 4 4 4 4 4 4 4 4 
4 4 4 4 4 4 4 4 4 4 4 4 4 4 4 4 4 4 4 4 4 4 4 4 4 
4 4 4 4 4 4 4 4 4 4 4 4 4 4 4 4 4 4 4 4 4 4 4 4 4 

1.0 1.0 1.0 1.0 1.0 1.0 1.0 1.0 1.0 1.0 1.0 1.0 1.0 1.0 1.0 1.0 1.0 1.0 1.0 1.0 1.0 1.0 1.0 1.0 1.0 
1.0 1.0 1.0 1.0 1.0 1.0 1.0 1.0 1.0 1.0 1.0 1.0 1.0 1.0 1.0 1.0 1.0 1.0 1.0 1.0 1.0 1.0 1.0 1.0 1.0 
1.0 1.0 1.0 1.0 1.0 1.0 1.0 1.0 1.0 1.0 1.0 1.0 1.0 1.0 1.0 1.0 1.0 1.0 1.0 1.0 1.0 1.0 1.0 1.0 1.0 
1.0 1.0 1.0 1.0 1.0 1.0 1.0 1.0 1.0 1.0 1.0 1.0 1.0 1.0 1.0 1.0 1.0 1.0 1.0 1.0 1.0 1.0 1.0 1.0 1.0 
1.0 1.0 1.0 1.0 1.0 1.0 1.0 1.0 1.0 1.0 1.0 1.0 1.0 1.0 1.0 1.0 1.0 1.0 1.0 1.0 1.0 1.0 1.0 1.0 1.0 
2.0 2.0 2.0 2.0 2.0 2.0 2.0 2.0 2.0 2.0 2.0 2.0 2.0 2.0 2.0 2.0 2.0 2.0 2.0 2.0 2.0 2.0 2.0 2.0 2.0 
2.0 2.0 2.0 2.0 2.0 2.0 2.0 2.0 2.0 2.0 2.0 2.0 2.0 2.0 2.0 2.0 2.0 2.0 2.0 2.0 2.0 2.0 2.0 2.0 2.0 
2.0 2.0 2.0 2.0 2.0 2.0 2.0 2.0 2.0 2.0 2.0 2.0 2.0 2.0 2.0 2.0 2.0 2.0 2.0 2.0 2.0 2.0 2.0 2.0 2.0 
2.0 2.0 2.0 2.0 2.0 2.0 2.0 2.0 2.0 2.0 2.0 2.0 2.0 2.0 2.0 2.0 2.0 2.0 2.0 2.0 2.0 2.0 2.0 2.0 2.0 
2.0 2.0 2.0 2.0 2.0 2.0 2.0 2.0 2.0 2.0 2.0 2.0 2.0 2.0 2.0 2.0 2.0 2.0 2.0 2.0 2.0 2.0 2.0 2.0 2.0 
-2.0 -2.0 -2.0 -2.0 -2.0 -2.0 -2.0 -2.0 -2.0 -2.0 -2.0 -2.0 -2.0 -2.0 -2.0 -2.0 -2.0 -2.0 -2.0 -2.0 -2.0 -2.0 -2.0 -2.0 -2.0 
-2.0 -2.0 -2.0 -2.0 -2.0 -2.0 -2.0 -2.0 -2.0 -2.0 -2.0 -2.0 -2.0 -2.0 -2.0 -2.0 -2.0 -2.0 -2.0 -2.0 -2.0 -2.0 -2.0 -2.0 -2.0 
-2.0 -2.0 -2.0 -2.0 -2.0 -2.0 -2.0 -2.0 -2.0 -2.0 -2.0 -2.0 -2.0 -2.0 -2.0 -2.0 -2.0 -2.0 -2.0 -2.0 -2.0 -2.0 -2.0 -2.0 -2.0 
-2.0 -2.0 -2.0 -2.0 -2.0 -2.0 -2.0 -2.0 -2.0 -2.0 -2.0 -2.0 -2.0 -2.0 -2.0 -2.0 -2.0 -2.0 -2.0 -2.0 -2.0 -2.0 -2.0 -2.0 -2.0 
-2.0 -2.0 -2.0 -2.0 -2.0 -2.0 -2.0 -2.0 -2.0 -2.0 -2.0 -2.0 -2.0 -2.0 -2.0 -2.0 -2.0 -2.0 -2.0 -2.0 -2.0 -2.0 -2.0 -2.0 -2.0 
0.0 0.0 0.0 0.0 0.0 0.0 0.0 0.0 0.0 0.0 0.0 0.0 0.0 0.0 0.0 0.0 0.0 0.0 0.0 0.0 0.0 0.0 0.0 0.0 0.0 
0.0 0.0 0.0 0.0 0.0 0.0 0.0 0.0 0.0 0.0 0.0 0.0 0.0 0.0 0.0 0.0 0.0 0.0 0.0 0.0 0.0 0.0 0.0 0.0 0.0 
0.0 0.0 0.0 0.0 0.0 0.0 0.0 0.0 0.0 0.0 0.0 0.0 0.0 0.0 0.0 0.0 0.0 0.0 0.0 0.0 0.0 0.0 0.0 0.0 0.0 
0.0 0.0 0.0 0.0 0.0 0.0 0.0 0.0 0.0 0.0 0.0 0.0 0.0 0.0 0.0 0.0 0.0 0.0 0.0 0.0 0.0 0.0 0.0 0.0 0.0 
0.0 0.0 0.0 0.0 0.0 0.0 0.0 0.0 0.0 0.0 0.0 0.0 0.0 0.0 0.0 0.0 0.0 0.0 0.0 0.0 0.0 0.0 0.0 0.0 0.0 
-1.0 -1.0 -1.0 -1.0 -1.0 -1.0 -1.0 -1.0 -1.0 -1.0 -1.0 -1.0 -1.0 -1.0 -1.0 -1.0 -1.0 -1.0 -1.0 -1.0 -1.0 -1.0 -1.0 -1.0 -1.0 
-1.0 -1.0 -1.0 -1.0 -1.0 -1.0 -1.0 -1.0 -1.0 -1.0 -1.0 -1.0 -1.0 -1.0 -1.0 -1.0 -1.0 -1.0 -1.0 -1.0 -1.0 -1.0 -1.0 -1.0 -1.0 
-1.0 -1.0 -1.0 -1.0 -1.0 -1.0 -1.0 -1.0 -1.0 -1.0 -1.0 -1.0 -1.0 -1.0 -1.0 -1.0 -1.0 -1.0 -1.0 -1.0 -1.0 -1.0 -1.0 -1.0 -1.0 
-1.0 -1.0 -1.0 -1.0 -1.0 -1.0 -1.0 -1.0 -1.0 -1.0 -1.0 -1.0 -1.0 -1.0 -1.0 -1.0 -1.0 -1.0 -1.0 -1.0 -1.0 -1.0 -1.0 -1.0 -1.0 
-1.0 -1.0 -1.0 -1.0 -1.0 -1.0 -1.0 -1.0 -1.0 -1.0 -1.0 -1.0 -1.0 -1.0 -1.0 -1.0 -1.0 -1.0 -1.0 -1.0 -1.0 -1.0 -1.0 -1.0 -1.0 

2.0 2.0 2.0 2.0 2.0 2.0 2.0 2.0 2.0 2.0 2.0 2.0 2.0 2.0 2.0 2.0 2.0 2.0 2.0 2.0 2.0 2.0 2.0 2.0 2.0 
2.0 2.0 2.0 2.0 2.0 2.0 2.0 2.0 2.0 2.0 2.0 2.0 2.0 2.0 2.0 2.0 2.0 2.0 2.0 2.0 2.0 2.0 2.0 2.0 2.0 
2.0 2.0 2.0 2.0 2.0 2.0 2.0 2.0 2.0 2.0 2.0 2.0 2.0 2.0 2.0 2.0 2.0 2.0 2.0 2.0 2.0 2.0 2.0 2.0 2.0 
2.0 2.0 2.0 2.0 2.0 2.0 2.0 2.0 2.0 2.0 2.0 2.0 2.0 2.0 2.0 2.0 2.0 2.0 2.0 2.0 2.0 2.0 2.0 2.0 2.0 
2.0 2.0 2.0 2.0 2.0 2.0 2.0 2.0 2.0 2.0 2.0 2.0 2.0 2.0 2.0 2.0 2.0 2.0 2.0 2.0 2.0 2.0 2.0 2.0 2.0 
-1.0 -1.0 -1.0 -1.0 -1.0 -1.0 -1.0 -1.0 -1.0 -1.0 -1.0 -1.0 -1.0 -1.0 -1.0 -1.0 -1.0 -1.0 -1.0 -1.0 -1.0 -1.0 -1.0 -1.0 -1.0 
-1.0 -1.0 -1.0 -1.0 -1.0 -1.0 -1.0 -1.0 -1.0 -1.0 -1.0 -1.0 -1.0 -1.0 -1.0 -1.0 -1.0 -1.0 -1.0 -1.0 -1.0 -1.0 -1.0 -1.0 -1.0 
-1.0 -1.0 -1.0 -1.0 -1.0 -1.0 -1.0 -1.0 -1.0 -1.0 -1.0 -1.0 -1.0 -1.0 -1.0 -1.0 -1.0 -1.0 -1.0 -1.0 -1.0 -1.0 -1.0 -1.0 -1.0 
-1.0 -1.0 -1.0 -1.0 -1.0 -1.0 -1.0 -1.0 -1.0 -1.0 -1.0 -1.0 -1.0 -1.0 -1.0 -1.0 -1.0 -1.0 -1.0 -1.0 -1.0 -1.0 -1.0 -1.0 -1.0 
-1.0 -1.0 -1.0 -1.0 -1.0 -1.0 -1.0 -1.0 -1.0 -1.0 -1.0 -1.0 -1.0 -1.0 -1.0 -1.0 -1.0 -1.0 -1.0 -1.0 -1.0 -1.0 -1.0 -1.0 -1.0 
-2.0 -2.0 -2.0 -2.0 -2.0 -2.0 -2.0 -2.0 -2.0 -2.0 -2.0 -2.0 -2.0 -2.0 -2.0 -2.0 -2.0 -2.0 -2.0 -2.0 -2.0 -2.0 -2.0 -2.0 -2.0 
-2.0 -2.0 -2.0 -2.0 -2.0 -2.0 -2.0 -2.0 -2.0 -2.0 -2.0 -2.0 -2.0 -2.0 -2.0 -2.0 -2.0 -2.0 -2.0 -2.0 -2.0 -2.0 -2.0 -2.0 -2.0 
-2.0 -2.0 -2.0 -2.0 -2.0 -2.0 -2.0 -2.0 -2.0 -2.0 -2.0 -2.0 -2.0 -2.0 -2.0 -2.0 -2.0 -2.0 -2.0 -2.0 -2.0 -2.0 -2.0 -2.0 -2.0 
-2.0 -2.0 -2.0 -2.0 -2.0 -2.0 -2.0 -2.0 -2.0 -2.0 -2.0 -2.0 -2.0 -2.0 -2.0 -2.0 -2.0 -2.0 -2.0 -2.0 -2.0 -2.0 -2.0 -2.0 -2.0 
-2.0 -2.0 -2.0 -2.0 -2.0 -2.0 -2.0 -2.0 -2.0 -2.0 -2.0 -2.0 -2.0 -2.0 -2.0 -2.0 -2.0 -2.0 -2.0 -2.0 -2.0 -2.0 -2.0 -2.0 -2.0 
1.0 1.0 1.0 1.0 1.0 1.0 1.0 1.0 1.0 1.0 1.0 1.0 1.0 1.0 1.0 1.0 1.0 1.0 1.0 1.0 1.0 1.0 1.0 1.0 1.0 
1.0 1.0 1.0 1.0 1.0 1.0 1.0 1.0 1.0 1.0 1.0 1.0 1.0 1.0 1.0 1.0 1.0 1.0 1.0 1.0 1.0 1.0 1.0 1.0 1.0 
1.0 1.0 1.0 1.0 1.0 1.0 1.0 1.0 1.0 1.0 1.0 1.0 1.0 1.0 1.0 1.0 1.0 1.0 1.0 1.0 1.0 1.0 1.0 1.0 1.0 
1.0 1.0 1.0 1.0 1.0 1.0 1.0 1.0 1.0 1.0 1.0 1.0 1.0 1.0 1.0 1.0 1.0 1.0 1.0 1.0 1.0 1.0 1.0 1.0 1.0 
1.0 1.0 1.0 1.0 1.0 1.0 1.0 1.0 1.0 1.0 1.0 1.0 1.0 1.0 1.0 1.0 1.0 1.0 1.0 1.0 1.0 1.0 1.0 1.0 1.0 
0.0 0.0 0.0 0.0 0.0 0.0 0.0 0.0 0.0 0.0 0.0 0.0 0.0 0.0 0.0 0.0 0.0 0.0 0.0 0.0 0.0 0.0 0.0 0.0 0.0 
0.0 0.0 0.0 0.0 0.0 0.0 0.0 0.0 0.0 0.0 0.0 0.0 0.0 0.0 0.0 0.0 0.0 0.0 0.0 0.0 0.0 0.0 0.0 0.0 0.0 
0.0 0.0 0.0 0.0 0.0 0.0 0.0 0.0 0.0 0.0 0.0 0.0 0.0 0.0 0.0 0.0 0.0 0.0 0.0 0.0 0.0 0.0 0.0 0.0 0.0 
0.0 0.0 0.0 0.0 0.0 0.0 0.0 0.0 0.0 0.0 0.0 0.0 0.0 0.0 0.0 0.0 0.0 0.0 0.0 0.0 0.0 0.0 0.0 0.0 0.0 
0.0 0.0 0.0 0.0 0.0 0.0 0.0 0.0 0.0 0.0 0.0 0.0 0.0 0.0 0.0 0.0 0.0 0.0 0.0 0.0 0.0 0.0 0.0 0.0 0.0 

