0.333953 0.763804 0.451410 0.886539 0.474820 0.021038 0.919322 0.033121 0.916231 0.316294 0.808375 0.690891 0.211830 0.118257 0.058442 0.468888 0.331885 0.117086 0.608529 0.341387 0.474645 0.278807 0.885148 0.789809 0.298039 
0.741398 0.378028 0.847927 0.042755 0.218843 0.480548 0.147924 0.917114 0.838311 0.868097 0.575246 0.082723 0.291209 0.925850 0.462710 0.971993 0.814263 0.835378 0.479038 0.723271 0.456905 0.295183 0.066709 0.800699 0.762453 
0.567732 0.335336 0.796102 0.147717 0.208496 0.998078 0.201056 0.051348 0.908245 0.852538 0.686757 0.173320 0.572993 0.893216 0.858905 0.373627 0.000658 0.328038 0.110930 0.365559 0.098167 0.762473 0.847241 0.565317 0.402257 
0.198501 0.882576 0.597011 0.676350 0.949297 0.855681 0.827629 0.903185 0.412760 0.044389 0.155401 0.534790 0.568743 0.764209 0.774757 0.241437 0.076086 0.511703 0.713028 0.025389 0.634612 0.440245 0.489654 0.806246 0.433307 
0.224266 0.821166 0.234980 0.781372 0.737338 0.189107 0.418526 0.483095 0.344226 0.257373 0.072951 0.745561 0.100637 0.021876 0.720104 0.448220 0.811196 0.537875 0.089742 0.593700 0.191637 0.853670 0.566447 0.349246 0.749050 
0.840289 0.766002 0.166136 0.261943 0.537252 0.191531 0.182163 0.052873 0.718469 0.731371 0.059003 0.807384 0.459254 0.048252 0.038327 0.045612 0.879736 0.244266 0.730724 0.479408 0.798935 0.781216 0.994817 0.779279 0.466077 
0.210235 0.229744 0.647188 0.735619 0.804952 0.823832 0.670284 0.327186 0.084852 0.614450 0.349745 0.132901 0.056052 0.011630 0.426145 0.185485 0.105988 0.780909 0.711909 0.351420 0.793462 0.823561 0.744910 0.258761 0.956825 
0.507960 0.141391 0.596672 0.647498 0.691557 0.750060 0.646129 0.437541 0.984006 0.986269 0.015742 0.638061 0.015528 0.205444 0.897010 0.890869 0.311043 0.324220 0.960739 0.127681 0.059866 0.265698 0.039846 0.607056 0.505317 
0.623205 0.021582 0.641558 0.351385 0.951397 0.659416 0.005147 0.030736 0.591882 0.725539 0.133741 0.689139 0.083076 0.018135 0.626925 0.864963 0.417185 0.118123 0.207316 0.763848 0.430497 0.256150 0.417951 0.821419 0.122813 
0.498645 0.068130 0.031815 0.749489 0.689760 0.229364 0.821608 0.769470 0.461782 0.955208 0.334775 0.550294 0.484517 0.269916 0.157672 0.805606 0.015766 0.033387 0.796515 0.998682 0.819626 0.299701 0.989067 0.916253 0.512844 
0.330241 0.240937 0.046335 0.913176 0.265204 0.364050 0.766984 0.959899 0.769229 0.832629 0.156172 0.697505 0.410089 0.046992 0.893575 0.971548 0.032768 0.374067 0.452789 0.787706 0.892551 0.601650 0.795728 0.236577 0.849934 
0.691965 0.554922 0.926164 0.307426 0.361504 0.312071 0.500794 0.728974 0.882582 0.899516 0.672017 0.441937 0.993779 0.851096 0.877311 0.610578 0.817117 0.869153 0.904480 0.736667 0.739910 0.460487 0.699734 0.245194 0.607305 
0.402012 0.922166 0.250604 0.337051 0.686599 0.711725 0.806702 0.112265 0.194943 0.996422 0.263881 0.555039 0.740911 0.333619 0.293752 0.494975 0.285824 0.374746 0.300357 0.880410 0.924976 0.656164 0.216290 0.875655 0.577754 
0.176522 0.161353 0.729754 0.935660 0.372874 0.675378 0.559370 0.785148 0.712414 0.254119 0.751374 0.454262 0.042573 0.154196 0.999135 0.025384 0.119837 0.392219 0.698073 0.413365 0.936805 0.588355 0.389613 0.030301 0.991377 
0.440679 0.396571 0.502808 0.267941 0.386823 0.489332 0.497094 0.385660 0.063449 0.260828 0.836733 0.597467 0.666415 0.082142 0.283139 0.086199 0.435090 0.092374 0.456035 0.623286 0.536933 0.536948 0.873479 0.842025 0.112699 
0.659884 0.009431 0.728604 0.777155 0.631586 0.062681 0.689091 0.939512 0.410191 0.319815 0.481463 0.697479 0.921643 0.467312 0.199572 0.738006 0.810119 0.424978 0.626672 0.372961 0.800247 0.315024 0.173127 0.950724 0.918882 
0.142999 0.335158 0.947228 0.461183 0.265743 0.850311 0.168864 0.617266 0.056659 0.328138 0.434076 0.518249 0.326399 0.219865 0.286946 0.527807 0.139019 0.209990 0.728930 0.384119 0.610507 0.150947 0.341183 0.811483 0.564052 
0.723638 0.296967 0.383952 0.443136 0.985596 0.611732 0.734249 0.031744 0.286649 0.521328 0.969295 0.527531 0.925476 0.734318 0.208432 0.168245 0.601484 0.073413 0.440230 0.105922 0.262116 0.414399 0.630849 0.190293 0.242403 
0.553770 0.161521 0.628328 0.627228 0.191006 0.364801 0.380487 0.420790 0.253800 0.490935 0.452306 0.161877 0.429430 0.496870 0.181760 0.041420 0.516683 0.238998 0.624859 0.887788 0.573086 0.543720 0.048366 0.969170 0.957668 
0.569490 0.227215 0.625255 0.147774 0.265367 0.481625 0.381849 0.018629 0.116272 0.043361 0.977942 0.943585 0.299297 0.235063 0.024423 0.011322 0.141215 0.877344 0.142932 0.959955 0.657447 0.560461 0.824478 0.497552 0.083081 
0.429379 0.748654 0.922640 0.891776 0.373045 0.905146 0.204210 0.672141 0.818626 0.577264 0.072477 0.149747 0.289792 0.192512 0.185298 0.503772 0.352962 0.523874 0.594465 0.028759 0.600789 0.124179 0.778681 0.765130 0.784401 
0.738750 0.244839 0.257971 0.806837 0.237616 0.378269 0.854157 0.368640 0.556988 0.995202 0.071746 0.186175 0.513810 0.800232 0.269681 0.491866 0.589040 0.983564 0.313754 0.594381 0.826955 0.206507 0.918527 0.690611 0.979121 
0.366369 0.286628 0.688216 0.728186 0.900287 0.739457 0.405903 0.591662 0.043910 0.670154 0.911429 0.054920 0.843591 0.426320 0.126806 0.935133 0.814189 0.467691 0.922561 0.107862 0.079811 0.495356 0.762289 0.826984 0.346709 
0.255326 0.286592 0.713147 0.230157 0.296903 0.112202 0.148724 0.271041 0.443154 0.816640 0.072475 0.340187 0.727098 0.312497 0.938435 0.984460 0.617220 0.602562 0.337134 0.476223 0.813675 0.632655 0.590928 0.961972 0.527155 
0.704150 0.401883 0.503103 0.469260 0.848401 0.774178 0.252483 0.523017 0.423783 0.360419 0.477559 0.050926 0.131528 0.903592 0.265783 0.066577 0.202770 0.063300 0.761640 0.075439 0.247652 0.350854 0.560241 0.202076 0.979261 

0.877848 0.613690 0.461503 0.136767 0.463215 0.392962 0.159398 0.115283 0.015607 0.072029 0.968991 0.791992 0.144430 0.441589 0.493084 0.872726 0.033107 0.114503 0.916525 0.721702 0.965402 0.652853 0.006692 0.315373 0.355103 
0.529174 0.004971 0.188496 0.885840 0.108673 0.569458 0.190315 0.613857 0.626213 0.213069 0.832836 0.291139 0.401270 0.738716 0.998143 0.737810 0.446261 0.057575 0.266640 0.313338 0.948994 0.575566 0.899957 0.169865 0.141705 
0.268069 0.166571 0.066023 0.679888 0.410612 0.972527 0.463447 0.593780 0.660597 0.712074 0.332126 0.865324 0.654991 0.341093 0.184726 0.242394 0.126271 0.955883 0.760808 0.822506 0.433894 0.742055 0.682322 0.380828 0.462577 
0.348367 0.341860 0.920184 0.954996 0.215896 0.484730 0.574873 0.531091 0.852282 0.224545 0.712505 0.955255 0.043791 0.877781 0.661805 0.642171 0.377494 0.996394 0.537457 0.318173 0.115643 0.998902 0.423582 0.998076 0.945182 
0.420324 0.837508 0.761936 0.007393 0.025267 0.287208 0.533558 0.172564 0.274673 0.017119 0.132251 0.441975 0.822853 0.304759 0.313518 0.086251 0.584255 0.559056 0.308400 0.447420 0.333077 0.447298 0.510684 0.658211 0.468461 
0.968009 0.028790 0.629197 0.907545 0.142594 0.437541 0.542910 0.822427 0.384348 0.037508 0.006984 0.608440 0.708085 0.309142 0.952553 0.322716 0.366270 0.841454 0.124350 0.294125 0.929075 0.824355 0.265231 0.886384 0.290839 
0.043273 0.097977 0.904499 0.500114 0.831416 0.498284 0.966657 0.819176 0.726061 0.165972 0.535786 0.253982 0.103893 0.392944 0.393019 0.145979 0.890787 0.392968 0.712809 0.441677 0.769238 0.429847 0.748479 0.475956 0.723930 
0.382318 0.083353 0.571230 0.396556 0.251686 0.407842 0.029170 0.502831 0.652083 0.894057 0.263729 0.877617 0.952329 0.818018 0.500704 0.301259 0.267672 0.956749 0.991184 0.972565 0.265236 0.957445 0.601673 0.857872 0.730919 
0.097852 0.767895 0.071493 0.453668 0.460674 0.326716 0.272425 0.107917 0.026908 0.804124 0.715316 0.480078 0.007420 0.022144 0.894032 0.196826 0.472960 0.986508 0.053393 0.890111 0.103868 0.385142 0.651580 0.187949 0.778701 
0.568483 0.583579 0.846915 0.000067 0.755577 0.878083 0.291711 0.281661 0.886177 0.998531 0.007924 0.907694 0.172038 0.688134 0.686926 0.887400 0.550828 0.644960 0.639830 0.975113 0.279274 0.746581 0.870212 0.060899 0.474183 
0.713056 0.906713 0.841874 0.283439 0.000697 0.382773 0.984056 0.947063 0.425075 0.417778 0.748752 0.803373 0.132654 0.813231 0.013217 0.927393 0.320454 0.280911 0.485366 0.825693 0.177057 0.817958 0.443306 0.189980 0.321803 
0.789885 0.268279 0.119007 0.368107 0.628931 0.761958 0.560900 0.908793 0.697140 0.792580 0.999782 0.789001 0.117412 0.756357 0.659946 0.692142 0.503258 0.550612 0.831385 0.414000 0.882305 0.749177 0.285351 0.871097 0.690321 
0.941505 0.612956 0.935129 0.216511 0.735138 0.591841 0.731676 0.581669 0.897681 0.624196 0.700215 0.376763 0.815916 0.272622 0.021800 0.535027 0.525615 0.443167 0.603532 0.389807 0.024806 0.189207 0.973300 0.877623 0.267583 
0.459702 0.650338 0.128400 0.503291 0.608976 0.961058 0.538472 0.523936 0.659709 0.971376 0.366017 0.936050 0.767335 0.869303 0.269933 0.119462 0.516583 0.580645 0.625851 0.959462 0.310593 0.740847 0.760869 0.592675 0.716002 
0.387861 0.876083 0.844195 0.443459 0.960373 0.024151 0.882356 0.221802 0.580044 0.671786 0.577265 0.164594 0.046812 0.857312 0.035559 0.716214 0.715054 0.410296 0.672644 0.628554 0.734597 0.475155 0.937016 0.783901 0.450165 
0.305047 0.511712 0.101839 0.659665 0.063824 0.480568 0.038348 0.308685 0.754172 0.996769 0.989324 0.651200 0.647942 0.487626 0.674239 0.033870 0.574882 0.745681 0.433890 0.697321 0.278327 0.068554 0.466342 0.727681 0.253063 
0.098636 0.666384 0.198537 0.000347 0.359049 0.746818 0.945287 0.485077 0.499827 0.532074 0.762681 0.178700 0.963047 0.113780 0.263739 0.461713 0.463781 0.831227 0.594087 0.245635 0.842815 0.607182 0.024686 0.965916 0.399469 
0.077837 0.955891 0.499769 0.752602 0.237467 0.592083 0.542954 0.569059 0.143317 0.113379 0.946893 0.283639 0.795358 0.864877 0.072180 0.366544 0.606894 0.488879 0.267010 0.187937 0.182203 0.707252 0.812560 0.123860 0.244504 
0.055667 0.133189 0.542240 0.871456 0.005433 0.584237 0.347786 0.558571 0.330038 0.675942 0.399907 0.770832 0.004579 0.124380 0.257707 0.860974 0.209793 0.230506 0.867804 0.447235 0.848797 0.573703 0.265012 0.525836 0.305072 
0.262618 0.300295 0.072427 0.953910 0.662592 0.186950 0.249678 0.221370 0.985072 0.376630 0.247712 0.974073 0.639963 0.383762 0.378270 0.053032 0.389574 0.011597 0.332362 0.840808 0.551883 0.188389 0.378964 0.104210 0.844950 
0.621701 0.495680 0.156016 0.249645 0.549600 0.855432 0.931485 0.128155 0.111593 0.972451 0.684406 0.735270 0.795278 0.870471 0.847642 0.829283 0.495034 0.003024 0.004739 0.719973 0.385419 0.868163 0.991245 0.866203 0.339849 
0.495191 0.665724 0.508145 0.573095 0.616110 0.710090 0.459253 0.038637 0.162505 0.868154 0.778315 0.746217 0.828344 0.468619 0.329153 0.434276 0.171274 0.823825 0.466339 0.786144 0.832662 0.836880 0.462660 0.699844 0.643076 
0.530903 0.813218 0.184216 0.704788 0.052121 0.084275 0.246674 0.846513 0.358645 0.996732 0.539133 0.048003 0.793384 0.752345 0.470910 0.692787 0.112449 0.303601 0.785494 0.138684 0.220051 0.066924 0.620094 0.129814 0.524948 
0.721187 0.037298 0.185251 0.834169 0.640079 0.069708 0.659343 0.235161 0.747264 0.375302 0.357487 0.846801 0.496579 0.178367 0.234608 0.053409 0.033236 0.762317 0.830245 0.572240 0.909895 0.858199 0.718029 0.553915 0.781503 
0.544934 0.300327 0.911016 0.283462 0.712787 0.253440 0.667854 0.692518 0.554634 0.516434 0.002293 0.337277 0.916717 0.696538 0.189283 0.319144 0.235004 0.225040 0.675971 0.267859 0.358098 0.684270 0.100448 0.590148 0.594306 

-1.032879 -0.665564 -0.100815 -0.075485 -0.254906 -0.124641 -1.651453 -0.095326 -1.981122 -0.627090 -1.726964 -1.148498 -0.121507 -0.276678 -0.065855 -0.698869 -0.547194 -0.330882 -1.271817 -0.922738 -1.040136 -0.475651 -1.763322 -1.357900 -0.683821 
-0.145171 -0.029380 0.042810 -0.990321 0.111702 -0.798362 -0.370918 -2.083953 -1.702795 -1.921659 -1.249890 -0.229407 -0.754731 -1.918083 -1.178398 -1.778023 -1.635163 -1.528816 -1.091782 -1.150145 -1.166372 -0.342350 -0.186838 -2.120644 -1.659177 
-0.203102 -0.248831 -0.242397 -0.627503 -0.666533 -0.865787 -0.721702 0.261329 -1.730120 -1.931851 -1.034618 -0.374152 -0.989301 -1.805777 -1.865073 -0.727331 0.267403 -0.803369 -0.470585 -0.652108 0.004246 -1.305904 -1.692982 -1.111833 -0.814792 
-0.264832 -0.459285 -1.013005 -1.260122 -0.080019 -0.440761 -2.111984 -1.654498 -0.766621 0.208507 -0.601031 -1.149235 -0.948584 -1.846810 -1.934368 -0.485927 0.133332 -1.175929 -1.516534 -0.452048 -1.022319 -0.910702 -1.174474 -1.448903 -0.842072 
-0.241090 -1.131634 -0.899667 0.274468 -0.160084 -0.120134 -0.984915 -1.089553 -0.587537 -0.643900 0.038839 -1.469005 -0.142910 -0.268084 -1.529914 -0.485498 -1.325577 -1.106757 -0.307282 -1.061606 -0.800609 -1.586418 -1.015339 -0.880782 -1.428450 
-0.854836 0.162860 -0.723270 -0.552829 -0.266953 -0.364795 -0.752638 -0.022030 -1.567849 -1.213261 0.437177 -1.872566 -1.379252 -0.216781 0.175722 0.295827 -1.466392 -0.434788 -1.517251 -0.810737 -1.411841 -1.335294 -1.703475 -1.669769 -1.012473 
0.016619 -0.179515 -0.826591 -0.544655 -0.541017 -0.427997 -0.795042 -0.807282 -0.236103 -1.040282 -0.667216 0.029639 -0.188510 0.116002 -0.965051 -0.512307 -0.023535 -1.312107 -1.290222 -0.697767 -1.496840 -1.645763 -1.558989 -0.620832 -2.074053 
-0.268696 0.111204 -0.414331 -0.507441 -0.255561 -0.394125 -0.356692 -1.097073 -2.218958 -1.691834 0.119098 -1.337660 -0.046006 -0.413333 -1.791639 -1.865428 -0.657904 -0.551320 -1.723949 -0.285858 -0.185439 -0.430525 0.159861 -1.421550 -1.153346 
-0.072602 -0.973519 -0.013171 -0.591974 -0.881504 -0.004340 -0.233756 -0.462835 -1.279081 -1.084482 0.022796 -1.245182 -0.024272 -0.075055 -1.415758 -1.615494 -0.447774 -0.375164 -0.365783 -1.330241 -0.783308 -0.335017 -0.908025 -1.466111 -0.306178 
-0.760626 -0.431807 -0.721030 -0.173439 -0.493482 -0.769130 -0.622150 -0.563519 -0.874331 -2.020943 -0.547856 -1.310211 -0.885950 -0.327927 -0.333360 -1.696739 0.062144 -0.246262 -1.577517 -2.056288 -1.502459 -0.773410 -1.943948 -1.929162 -0.598085 
-0.916737 -0.771081 -1.000634 -0.430209 -0.079992 -0.373493 -0.735776 -1.117588 -1.810812 -1.782523 -0.099515 -1.233700 -0.627506 -0.242398 -1.765957 -1.925738 0.137822 -0.892716 -0.777450 -1.761773 -1.685541 -0.783377 -0.277847 0.051749 0.520276 
-0.854373 -0.095503 -0.018096 -0.481726 -0.641797 -0.470669 -0.426311 -0.553343 -0.964444 -1.762472 -1.618989 -0.771571 -1.991116 -1.756862 -1.696653 -1.168753 -1.773432 -1.260338 -1.045347 -0.137886 -1.027961 -1.219714 -0.070621 -1.642676 -0.602071 
3.105152 -0.804499 -0.947103 -0.327115 -1.027647 -0.346017 -0.656243 -0.668656 -0.923563 -2.012894 -0.200664 -1.475797 -1.654271 -0.711187 -0.517242 -0.873957 -0.908885 -0.593714 -0.730885 0.128458 0.931187 0.307448 -1.639562 -0.521732 0.175907 
1.456323 1.693048 1.952689 -0.638190 -0.394351 -0.978775 -0.665871 -0.629991 -0.402221 -0.440343 -1.662116 -0.959206 -0.325646 -1.709984 0.217486 0.058016 -0.913495 -0.863833 -0.422917 -1.320685 0.290919 -0.863495 -0.945865 -0.567345 -0.674744 
1.365232 2.704356 2.523696 1.377692 2.539530 1.000660 -0.679386 -0.135444 -0.901158 -0.677684 -0.387108 0.419172 0.438493 -1.135947 0.312490 -1.461133 -0.979394 -0.872813 -0.920996 -0.698305 -1.286481 -0.297467 -1.057476 -0.528535 -0.794670 
2.309375 0.812822 1.584333 2.894754 1.159258 1.330197 1.237596 2.596425 -0.884850 -1.616268 -1.428306 -0.987660 -0.783278 -0.600322 -0.803787 0.614372 -0.279899 -1.470602 -0.360466 -0.754154 0.678881 0.127192 -0.742340 -0.453055 0.690249 
0.060054 2.108775 2.181222 0.598060 1.349458 2.949759 2.452237 2.068491 1.086703 -1.080417 -0.969986 0.178336 -1.141578 0.286290 -0.373896 -0.255980 -0.611285 -1.601361 -0.585418 -0.176260 -1.265410 -1.464294 0.077092 -0.874187 -0.323258 
1.780272 2.498186 1.889777 2.057439 2.508289 2.412403 2.719147 1.385359 0.689276 0.212152 -0.842372 -0.048233 -0.411378 -1.080441 0.374915 -0.725614 -1.031369 -0.753754 -0.119452 -0.477666 0.023462 -0.908375 -0.736028 -0.101265 -0.037940 
1.296503 0.506526 2.637142 3.300875 0.215923 2.017012 1.178277 2.065014 1.080835 -0.982756 -0.188682 -1.687626 0.272963 0.226104 -0.157852 -1.680028 0.151247 0.181757 -1.038056 -0.053277 -0.874672 -0.827878 -0.261407 0.124212 0.232883 
1.678174 0.758388 1.171831 2.113427 1.874002 1.256599 1.140162 0.200997 2.118419 -0.552929 0.307055 -1.300350 -0.844804 -0.151096 -0.509452 -0.361761 -0.615655 0.699868 -0.477680 -0.340781 -0.773469 0.117006 -0.179410 -0.032908 -1.669902 
0.198805 -0.175791 -0.852179 -0.494606 0.272022 0.075517 0.485429 -0.748666 -0.892589 -1.313493 -1.363630 -1.567270 -1.704958 -1.268958 -1.129711 -1.151592 -0.824492 0.706862 0.152856 -1.472985 -0.347322 -1.564342 -1.131282 -1.297379 0.271140 
-0.032162 0.343555 0.345063 -0.283743 0.405250 0.075832 -0.566532 -0.343600 -0.595578 -0.104478 -1.658585 -1.422661 -1.255766 -0.120635 0.255341 -0.267983 0.338635 -0.666105 -0.491976 -0.801645 -0.790013 -1.666555 -0.248870 -0.532096 -0.264124 
-0.064497 0.692893 -0.442108 0.148996 -0.783153 -1.113098 -0.188035 0.307808 0.084518 -0.036003 -0.112985 -0.279070 -0.905317 -1.025928 -0.902392 -0.470254 0.356458 0.025042 -0.710090 0.133818 -0.449615 0.466181 -0.404420 0.246779 -0.990037 
0.102760 0.002766 -0.426188 0.445236 0.118588 -0.432808 0.773273 -0.099300 0.203384 -0.284141 0.024575 -1.337514 -0.005852 -0.208256 0.213202 0.745743 0.637031 -0.995265 -1.266571 -0.917172 -0.692609 -1.472958 -0.811618 -0.329452 -0.840654 
-0.101507 -0.047907 0.228313 -0.344352 -0.111424 -0.640636 0.105117 0.135406 0.311979 0.617565 -0.415130 -0.493316 -1.687920 -0.877536 -0.331088 -0.704037 -0.048991 -0.645427 -0.160715 -0.230255 -0.891002 -1.418367 0.744028 -0.786426 -0.349350 

3 3 3 3 3 0 0 0 0 0 0 0 0 0 0 0 0 0 0 0 0 0 0 0 0 
3 3 3 3 3 0 0 0 0 0 0 0 0 0 0 0 0 0 0 0 0 0 0 0 0 
3 3 3 3 3 3 0 0 0 0 0 0 0 0 0 0 0 0 0 0 0 0 0 0 0 
3 3 3 3 3 3 0 0 0 0 0 0 0 0 0 0 0 0 0 0 0 0 0 0 0 
3 3 3 3 3 3 0 0 0 0 0 0 0 0 0 0 0 0 0 0 0 0 0 0 0 
3 3 3 3 3 3 3 0 0 0 0 0 0 0 0 0 0 0 0 0 0 0 0 0 0 
3 3 3 3 3 3 3 0 0 0 0 0 0 0 0 0 0 0 0 0 0 0 0 0 0 
3 3 3 3 3 3 3 0 0 0 0 0 0 0 0 0 0 0 0 0 0 0 0 0 0 
3 3 3 3 3 3 3 3 0 0 0 0 0 0 0 0 0 0 0 0 0 0 0 0 0 
3 3 3 3 3 3 3 3 0 0 0 0 0 0 0 0 0 0 0 0 0 0 0 0 4 
3 3 3 3 3 3 3 3 0 0 0 0 0 0 0 0 0 0 0 0 0 4 4 4 4 
3 3 3 3 3 3 3 3 3 0 0 0 0 0 0 0 0 0 4 4 4 4 4 4 4 
1 3 3 3 3 3 3 3 3 0 0 0 0 0 0 0 4 4 4 4 4 4 4 4 4 
1 1 1 3 3 3 3 3 3 0 0 0 0 4 4 4 4 4 4 4 4 4 4 4 4 
1 1 1 1 1 1 3 3 3 3 4 4 4 4 4 4 4 4 4 4 4 4 4 4 4 
1 1 1 1 1 1 1 1 3 4 4 4 4 4 4 4 4 4 4 4 4 4 4 4 4 
1 1 1 1 1 1 1 1 1 4 4 4 4 4 4 4 4 4 4 4 4 4 4 4 4 
1 1 1 1 1 1 1 1 1 4 4 4 4 4 4 4 4 4 4 4 4 4 4 4 4 
1 1 1 1 1 1 1 1 1 4 4 4 4 4 4 4 4 4 4 4 4 4 4 4 4 
1 1 1 1 1 1 1 1 1 4 4 4 4 4 4 4 4 4 4 4 4 4 4 4 4 
2 2 2 2 2 2 2 2 2 4 4 4 4 4 4 4 4 4 4 4 4 4 4 4 4 
2 2 2 2 2 2 2 2 2 2 4 4 4 4 4 4 4 4 4 4 4 4 4 4 4 
2 2 2 2 2 2 2 2 2 2 4 4 4 4 4 4 4 4 4 4 4 4 4 4 4 
2 2 2 2 2 2 2 2 2 2 2 4 4 4 4 4 4 4 4 4 4 4 4 4 4 
2 2 2 2 2 2 2 2 2 2 2 4 4 4 4 4 4 4 4 4 4 4 4 4 4 

0.0 0.0 0.0 0.0 0.0 -2.0 -2.0 -2.0 -2.0 -2.0 -2.0 -2.0 -2.0 -2.0 -2.0 -2.0 -2.0 -2.0 -2.0 -2.0 -2.0 -2.0 -2.0 -2.0 -2.0 
0.0 0.0 0.0 0.0 0.0 -2.0 -2.0 -2.0 -2.0 -2.0 -2.0 -2.0 -2.0 -2.0 -2.0 -2.0 -2.0 -2.0 -2.0 -2.0 -2.0 -2.0 -2.0 -2.0 -2.0 
0.0 0.0 0.0 0.0 0.0 0.0 -2.0 -2.0 -2.0 -2.0 -2.0 -2.0 -2.0 -2.0 -2.0 -2.0 -2.0 -2.0 -2.0 -2.0 -2.0 -2.0 -2.0 -2.0 -2.0 
0.0 0.0 0.0 0.0 0.0 0.0 -2.0 -2.0 -2.0 -2.0 -2.0 -2.0 -2.0 -2.0 -2.0 -2.0 -2.0 -2.0 -2.0 -2.0 -2.0 -2.0 -2.0 -2.0 -2.0 
0.0 0.0 0.0 0.0 0.0 0.0 -2.0 -2.0 -2.0 -2.0 -2.0 -2.0 -2.0 -2.0 -2.0 -2.0 -2.0 -2.0 -2.0 -2.0 -2.0 -2.0 -2.0 -2.0 -2.0 
0.0 0.0 0.0 0.0 0.0 0.0 0.0 -2.0 -2.0 -2.0 -2.0 -2.0 -2.0 -2.0 -2.0 -2.0 -2.0 -2.0 -2.0 -2.0 -2.0 -2.0 -2.0 -2.0 -2.0 
0.0 0.0 0.0 0.0 0.0 0.0 0.0 -2.0 -2.0 -2.0 -2.0 -2.0 -2.0 -2.0 -2.0 -2.0 -2.0 -2.0 -2.0 -2.0 -2.0 -2.0 -2.0 -2.0 -2.0 
0.0 0.0 0.0 0.0 0.0 0.0 0.0 -2.0 -2.0 -2.0 -2.0 -2.0 -2.0 -2.0 -2.0 -2.0 -2.0 -2.0 -2.0 -2.0 -2.0 -2.0 -2.0 -2.0 -2.0 
0.0 0.0 0.0 0.0 0.0 0.0 0.0 0.0 -2.0 -2.0 -2.0 -2.0 -2.0 -2.0 -2.0 -2.0 -2.0 -2.0 -2.0 -2.0 -2.0 -2.0 -2.0 -2.0 -2.0 
0.0 0.0 0.0 0.0 0.0 0.0 0.0 0.0 -2.0 -2.0 -2.0 -2.0 -2.0 -2.0 -2.0 -2.0 -2.0 -2.0 -2.0 -2.0 -2.0 -2.0 -2.0 -2.0 1.0 
0.0 0.0 0.0 0.0 0.0 0.0 0.0 0.0 -2.0 -2.0 -2.0 -2.0 -2.0 -2.0 -2.0 -2.0 -2.0 -2.0 -2.0 -2.0 -2.0 1.0 1.0 1.0 1.0 
0.0 0.0 0.0 0.0 0.0 0.0 0.0 0.0 0.0 -2.0 -2.0 -2.0 -2.0 -2.0 -2.0 -2.0 -2.0 -2.0 1.0 1.0 1.0 1.0 1.0 1.0 1.0 
2.0 0.0 0.0 0.0 0.0 0.0 0.0 0.0 0.0 -2.0 -2.0 -2.0 -2.0 -2.0 -2.0 -2.0 1.0 1.0 1.0 1.0 1.0 1.0 1.0 1.0 1.0 
2.0 2.0 2.0 0.0 0.0 0.0 0.0 0.0 0.0 -2.0 -2.0 -2.0 -2.0 1.0 1.0 1.0 1.0 1.0 1.0 1.0 1.0 1.0 1.0 1.0 1.0 
2.0 2.0 2.0 2.0 2.0 2.0 0.0 0.0 0.0 0.0 1.0 1.0 1.0 1.0 1.0 1.0 1.0 1.0 1.0 1.0 1.0 1.0 1.0 1.0 1.0 
2.0 2.0 2.0 2.0 2.0 2.0 2.0 2.0 0.0 1.0 1.0 1.0 1.0 1.0 1.0 1.0 1.0 1.0 1.0 1.0 1.0 1.0 1.0 1.0 1.0 
2.0 2.0 2.0 2.0 2.0 2.0 2.0 2.0 2.0 1.0 1.0 1.0 1.0 1.0 1.0 1.0 1.0 1.0 1.0 1.0 1.0 1.0 1.0 1.0 1.0 
2.0 2.0 2.0 2.0 2.0 2.0 2.0 2.0 2.0 1.0 1.0 1.0 1.0 1.0 1.0 1.0 1.0 1.0 1.0 1.0 1.0 1.0 1.0 1.0 1.0 
2.0 2.0 2.0 2.0 2.0 2.0 2.0 2.0 2.0 1.0 1.0 1.0 1.0 1.0 1.0 1.0 1.0 1.0 1.0 1.0 1.0 1.0 1.0 1.0 1.0 
2.0 2.0 2.0 2.0 2.0 2.0 2.0 2.0 2.0 1.0 1.0 1.0 1.0 1.0 1.0 1.0 1.0 1.0 1.0 1.0 1.0 1.0 1.0 1.0 1.0 
-1.0 -1.0 -1.0 -1.0 -1.0 -1.0 -1.0 -1.0 -1.0 1.0 1.0 1.0 1.0 1.0 1.0 1.0 1.0 1.0 1.0 1.0 1.0 1.0 1.0 1.0 1.0 
-1.0 -1.0 -1.0 -1.0 -1.0 -1.0 -1.0 -1.0 -1.0 -1.0 1.0 1.0 1.0 1.0 1.0 1.0 1.0 1.0 1.0 1.0 1.0 1.0 1.0 1.0 1.0 
-1.0 -1.0 -1.0 -1.0 -1.0 -1.0 -1.0 -1.0 -1.0 -1.0 1.0 1.0 1.0 1.0 1.0 1.0 1.0 1.0 1.0 1.0 1.0 1.0 1.0 1.0 1.0 
-1.0 -1.0 -1.0 -1.0 -1.0 -1.0 -1.0 -1.0 -1.0 -1.0 -1.0 1.0 1.0 1.0 1.0 1.0 1.0 1.0 1.0 1.0 1.0 1.0 1.0 1.0 1.0 
-1.0 -1.0 -1.0 -1.0 -1.0 -1.0 -1.0 -1.0 -1.0 -1.0 -1.0 1.0 1.0 1.0 1.0 1.0 1.0 1.0 1.0 1.0 1.0 1.0 1.0 1.0 1.0 

-1.0 -1.0 -1.0 -1.0 -1.0 0.0 0.0 0.0 0.0 0.0 0.0 0.0 0.0 0.0 0.0 0.0 0.0 0.0 0.0 0.0 0.0 0.0 0.0 0.0 0.0 
-1.0 -1.0 -1.0 -1.0 -1.0 0.0 0.0 0.0 0.0 0.0 0.0 0.0 0.0 0.0 0.0 0.0 0.0 0.0 0.0 0.0 0.0 0.0 0.0 0.0 0.0 
-1.0 -1.0 -1.0 -1.0 -1.0 -1.0 0.0 0.0 0.0 0.0 0.0 0.0 0.0 0.0 0.0 0.0 0.0 0.0 0.0 0.0 0.0 0.0 0.0 0.0 0.0 
-1.0 -1.0 -1.0 -1.0 -1.0 -1.0 0.0 0.0 0.0 0.0 0.0 0.0 0.0 0.0 0.0 0.0 0.0 0.0 0.0 0.0 0.0 0.0 0.0 0.0 0.0 
-1.0 -1.0 -1.0 -1.0 -1.0 -1.0 0.0 0.0 0.0 0.0 0.0 0.0 0.0 0.0 0.0 0.0 0.0 0.0 0.0 0.0 0.0 0.0 0.0 0.0 0.0 
-1.0 -1.0 -1.0 -1.0 -1.0 -1.0 -1.0 0.0 0.0 0.0 0.0 0.0 0.0 0.0 0.0 0.0 0.0 0.0 0.0 0.0 0.0 0.0 0.0 0.0 0.0 
-1.0 -1.0 -1.0 -1.0 -1.0 -1.0 -1.0 0.0 0.0 0.0 0.0 0.0 0.0 0.0 0.0 0.0 0.0 0.0 0.0 0.0 0.0 0.0 0.0 0.0 0.0 
-1.0 -1.0 -1.0 -1.0 -1.0 -1.0 -1.0 0.0 0.0 0.0 0.0 0.0 0.0 0.0 0.0 0.0 0.0 0.0 0.0 0.0 0.0 0.0 0.0 0.0 0.0 
-1.0 -1.0 -1.0 -1.0 -1.0 -1.0 -1.0 -1.0 0.0 0.0 0.0 0.0 0.0 0.0 0.0 0.0 0.0 0.0 0.0 0.0 0.0 0.0 0.0 0.0 0.0 
-1.0 -1.0 -1.0 -1.0 -1.0 -1.0 -1.0 -1.0 0.0 0.0 0.0 0.0 0.0 0.0 0.0 0.0 0.0 0.0 0.0 0.0 0.0 0.0 0.0 0.0 -2.0 
-1.0 -1.0 -1.0 -1.0 -1.0 -1.0 -1.0 -1.0 0.0 0.0 0.0 0.0 0.0 0.0 0.0 0.0 0.0 0.0 0.0 0.0 0.0 -2.0 -2.0 -2.0 -2.0 
-1.0 -1.0 -1.0 -1.0 -1.0 -1.0 -1.0 -1.0 -1.0 0.0 0.0 0.0 0.0 0.0 0.0 0.0 0.0 0.0 -2.0 -2.0 -2.0 -2.0 -2.0 -2.0 -2.0 
2.0 -1.0 -1.0 -1.0 -1.0 -1.0 -1.0 -1.0 -1.0 0.0 0.0 0.0 0.0 0.0 0.0 0.0 -2.0 -2.0 -2.0 -2.0 -2.0 -2.0 -2.0 -2.0 -2.0 
2.0 2.0 2.0 -1.0 -1.0 -1.0 -1.0 -1.0 -1.0 0.0 0.0 0.0 0.0 -2.0 -2.0 -2.0 -2.0 -2.0 -2.0 -2.0 -2.0 -2.0 -2.0 -2.0 -2.0 
2.0 2.0 2.0 2.0 2.0 2.0 -1.0 -1.0 -1.0 -1.0 -2.0 -2.0 -2.0 -2.0 -2.0 -2.0 -2.0 -2.0 -2.0 -2.0 -2.0 -2.0 -2.0 -2.0 -2.0 
2.0 2.0 2.0 2.0 2.0 2.0 2.0 2.0 -1.0 -2.0 -2.0 -2.0 -2.0 -2.0 -2.0 -2.0 -2.0 -2.0 -2.0 -2.0 -2.0 -2.0 -2.0 -2.0 -2.0 
2.0 2.0 2.0 2.0 2.0 2.0 2.0 2.0 2.0 -2.0 -2.0 -2.0 -2.0 -2.0 -2.0 -2.0 -2.0 -2.0 -2.0 -2.0 -2.0 -2.0 -2.0 -2.0 -2.0 
2.0 2.0 2.0 2.0 2.0 2.0 2.0 2.0 2.0 -2.0 -2.0 -2.0 -2.0 -2.0 -2.0 -2.0 -2.0 -2.0 -2.0 -2.0 -2.0 -2.0 -2.0 -2.0 -2.0 
2.0 2.0 2.0 2.0 2.0 2.0 2.0 2.0 2.0 -2.0 -2.0 -2.0 -2.0 -2.0 -2.0 -2.0 -2.0 -2.0 -2.0 -2.0 -2.0 -2.0 -2.0 -2.0 -2.0 
2.0 2.0 2.0 2.0 2.0 2.0 2.0 2.0 2.0 -2.0 -2.0 -2.0 -2.0 -2.0 -2.0 -2.0 -2.0 -2.0 -2.0 -2.0 -2.0 -2.0 -2.0 -2.0 -2.0 
1.0 1.0 1.0 1.0 1.0 1.0 1.0 1.0 1.0 -2.0 -2.0 -2.0 -2.0 -2.0 -2.0 -2.0 -2.0 -2.0 -2.0 -2.0 -2.0 -2.0 -2.0 -2.0 -2.0 
1.0 1.0 1.0 1.0 1.0 1.0 1.0 1.0 1.0 1.0 -2.0 -2.0 -2.0 -2.0 -2.0 -2.0 -2.0 -2.0 -2.0 -2.0 -2.0 -2.0 -2.0 -2.0 -2.0 
1.0 1.0 1.0 1.0 1.0 1.0 1.0 1.0 1.0 1.0 -2.0 -2.0 -2.0 -2.0 -2.0 -2.0 -2.0 -2.0 -2.0 -2.0 -2.0 -2.0 -2.0 -2.0 -2.0 
1.0 1.0 1.0 1.0 1.0 1.0 1.0 1.0 1.0 1.0 1.0 -2.0 -2.0 -2.0 -2.0 -2.0 -2.0 -2.0 -2.0 -2.0 -2.0 -2.0 -2.0 -2.0 -2.0 
1.0 1.0 1.0 1.0 1.0 1.0 1.0 1.0 1.0 1.0 1.0 -2.0 -2.0 -2.0 -2.0 -2.0 -2.0 -2.0 -2.0 -2.0 -2.0 -2.0 -2.0 -2.0 -2.0 

