0.484147 0.850468 0.758230 0.217577 0.288031 0.897643 0.744051 0.171859 0.461807 0.983239 0.592567 0.039126 0.733331 0.764732 0.620626 0.969993 0.052820 0.050539 0.754527 0.744025 0.131000 0.364099 0.071050 0.813882 0.859462 
0.043753 0.971234 0.326398 0.372588 0.539134 0.092266 0.963369 0.399694 0.180298 0.815186 0.821203 0.853166 0.444743 0.646757 0.503246 0.404669 0.588108 0.618458 0.536882 0.844801 0.588023 0.884501 0.924384 0.249346 0.752485 
0.442808 0.119508 0.943313 0.994966 0.702173 0.591860 0.517383 0.346622 0.137573 0.799790 0.072376 0.253670 0.634920 0.094624 0.619924 0.264544 0.771695 0.609251 0.431806 0.528035 0.902112 0.560140 0.033903 0.050099 0.860555 
0.773563 0.471700 0.261847 0.900800 0.801765 0.456887 0.000051 0.082770 0.676924 0.007930 0.921358 0.798727 0.981539 0.783916 0.924247 0.120433 0.045329 0.202476 0.532709 0.587749 0.469336 0.174382 0.560236 0.157059 0.100540 
0.852354 0.868419 0.476144 0.767740 0.699979 0.255368 0.469302 0.226335 0.986818 0.965648 0.089773 0.962346 0.684168 0.114564 0.910900 0.989253 0.068136 0.395793 0.866874 0.908034 0.278714 0.203457 0.665245 0.180342 0.235338 
0.587434 0.484217 0.061476 0.079876 0.429881 0.927636 0.421480 0.591565 0.974929 0.747546 0.676598 0.545923 0.047926 0.681910 0.091475 0.778616 0.193229 0.909378 0.965680 0.670561 0.399319 0.544556 0.121862 0.219554 0.313063 
0.469136 0.687836 0.819158 0.108927 0.967383 0.617856 0.267614 0.928281 0.658871 0.498502 0.121252 0.073501 0.684743 0.259237 0.630462 0.891882 0.295344 0.841176 0.818413 0.766779 0.627822 0.089991 0.991143 0.812599 0.900504 
0.051828 0.239608 0.906165 0.378340 0.491139 0.430422 0.019377 0.227463 0.002997 0.086538 0.184546 0.109959 0.259133 0.406343 0.555543 0.312448 0.988686 0.421575 0.156173 0.067111 0.441365 0.346165 0.803444 0.293298 0.558722 
0.913131 0.028154 0.941484 0.697171 0.789860 0.726856 0.285720 0.996585 0.249322 0.062128 0.331460 0.454669 0.252878 0.920014 0.449516 0.298531 0.384517 0.480382 0.677672 0.449064 0.849608 0.934362 0.205924 0.082557 0.824925 
0.139685 0.414358 0.318513 0.125494 0.833272 0.465741 0.224655 0.641674 0.918737 0.987828 0.135912 0.829054 0.535609 0.085247 0.350231 0.350725 0.348255 0.741545 0.172760 0.238504 0.913657 0.540724 0.376655 0.570554 0.099965 
0.426435 0.800030 0.329860 0.044760 0.278754 0.061784 0.619043 0.035385 0.557897 0.233357 0.181765 0.823148 0.906975 0.531932 0.782759 0.745620 0.681518 0.022238 0.389075 0.091287 0.192521 0.103318 0.673063 0.248032 0.637580 
0.039993 0.943883 0.216156 0.853829 0.655259 0.229361 0.618820 0.384254 0.086987 0.070895 0.028284 0.143320 0.715298 0.040634 0.681401 0.459689 0.854560 0.209681 0.608775 0.997565 0.106014 0.280764 0.977766 0.779376 0.422297 
0.708755 0.575922 0.725619 0.843946 0.042146 0.091022 0.913178 0.425151 0.246334 0.860682 0.171681 0.691656 0.683619 0.417940 0.484674 0.201414 0.911825 0.298735 0.362833 0.271032 0.596449 0.594229 0.018880 0.243442 0.635144 
0.302254 0.426723 0.189863 0.042811 0.858814 0.818019 0.675326 0.561861 0.119660 0.087814 0.711131 0.473943 0.597998 0.891905 0.058754 0.860376 0.900622 0.046708 0.671644 0.567281 0.468805 0.216754 0.140867 0.475417 0.661826 
0.383953 0.031196 0.684015 0.989707 0.732941 0.984493 0.770725 0.002965 0.742866 0.939845 0.967197 0.459547 0.856085 0.272428 0.274456 0.736405 0.635428 0.636354 0.477577 0.868223 0.937623 0.887938 0.611980 0.776217 0.934378 
0.300841 0.295222 0.845885 0.750800 0.885497 0.573588 0.714508 0.569764 0.029692 0.367667 0.003280 0.230780 0.363214 0.468089 0.856243 0.503862 0.495787 0.428682 0.875108 0.301303 0.471711 0.680944 0.498079 0.495611 0.057305 
0.754455 0.992286 0.334124 0.663233 0.734352 0.828272 0.612411 0.129231 0.481569 0.507346 0.808021 0.382552 0.245541 0.056639 0.174154 0.903929 0.017383 0.623976 0.201640 0.573137 0.490689 0.614976 0.770890 0.540954 0.678559 
0.609388 0.272511 0.783929 0.331779 0.279064 0.284558 0.380514 0.673642 0.341457 0.320925 0.752895 0.875024 0.879448 0.907669 0.046962 0.416833 0.565215 0.267767 0.599528 0.806364 0.067239 0.733888 0.361328 0.836367 0.106348 
0.329702 0.321542 0.152575 0.913328 0.872347 0.328240 0.426184 0.092961 0.571223 0.533867 0.519848 0.647849 0.856568 0.904928 0.026604 0.926903 0.610199 0.440618 0.681044 0.277995 0.702753 0.328454 0.469885 0.103479 0.297880 
0.676141 0.561494 0.705167 0.432153 0.367765 0.163192 0.214809 0.666751 0.298987 0.769960 0.228548 0.083068 0.354314 0.753204 0.256427 0.463353 0.746069 0.269183 0.710481 0.304209 0.102507 0.729237 0.945617 0.126524 0.181458 
0.450928 0.424496 0.674104 0.527270 0.991645 0.958920 0.182318 0.916737 0.272945 0.814472 0.596144 0.674179 0.398910 0.852273 0.387197 0.412481 0.986786 0.973688 0.390911 0.615546 0.170678 0.086643 0.414217 0.921284 0.994346 
0.022494 0.019669 0.485395 0.530534 0.589360 0.385086 0.498355 0.817506 0.676921 0.425620 0.401812 0.461434 0.655927 0.500575 0.504689 0.777930 0.303203 0.075144 0.842083 0.996589 0.602815 0.546978 0.070037 0.893925 0.866573 
0.690513 0.786856 0.556570 0.340005 0.096688 0.913838 0.002495 0.184466 0.505121 0.644626 0.688297 0.882583 0.313981 0.447097 0.586921 0.499832 0.210682 0.696361 0.287954 0.550331 0.760042 0.416299 0.585273 0.208397 0.283175 
0.725206 0.556947 0.516616 0.209360 0.167051 0.139965 0.612592 0.503401 0.007234 0.588591 0.972739 0.592166 0.543433 0.921280 0.159601 0.657667 0.528945 0.695652 0.592592 0.870095 0.619510 0.132837 0.913516 0.370957 0.671100 
0.078313 0.515029 0.922922 0.640277 0.321827 0.611756 0.327815 0.892619 0.399770 0.267855 0.222081 0.395530 0.184555 0.367660 0.921935 0.943563 0.942128 0.395658 0.397851 0.670252 0.037607 0.464468 0.933253 0.419262 0.211300 

0.738612 0.238149 0.309568 0.094687 0.605618 0.814737 0.465146 0.910029 0.214182 0.537217 0.485386 0.183120 0.570295 0.444451 0.043161 0.786150 0.786507 0.579468 0.632622 0.140259 0.556178 0.991795 0.765981 0.934215 0.644466 
0.638950 0.721255 0.928311 0.453940 0.426116 0.085364 0.442954 0.432597 0.585188 0.252216 0.575838 0.327040 0.172780 0.112358 0.092296 0.176564 0.166161 0.338194 0.195236 0.470795 0.811263 0.776146 0.142382 0.166859 0.141746 
0.019392 0.347691 0.942441 0.606768 0.075593 0.744780 0.556349 0.216021 0.865338 0.363754 0.374074 0.596416 0.565852 0.309725 0.339089 0.717104 0.523247 0.686448 0.247040 0.379103 0.017148 0.718168 0.103862 0.980717 0.006630 
0.852104 0.426811 0.264869 0.067439 0.529978 0.305637 0.277968 0.877896 0.739080 0.529464 0.593375 0.546252 0.703561 0.121407 0.129436 0.172745 0.173433 0.219094 0.124052 0.031454 0.467410 0.638632 0.051706 0.314354 0.997498 
0.134428 0.393339 0.480975 0.030437 0.554705 0.621805 0.991854 0.924663 0.111487 0.711061 0.167655 0.359220 0.740056 0.052821 0.963628 0.554254 0.619113 0.705320 0.333745 0.404687 0.743420 0.532274 0.807772 0.692216 0.406933 
0.299121 0.775215 0.840347 0.789776 0.358509 0.881241 0.285332 0.063926 0.788591 0.361310 0.845284 0.206844 0.673895 0.776455 0.814444 0.279163 0.969446 0.076878 0.791051 0.576981 0.770555 0.747866 0.426631 0.481296 0.816938 
0.512678 0.624555 0.009419 0.449736 0.455285 0.951442 0.454236 0.296984 0.110527 0.439965 0.899684 0.532232 0.199035 0.474604 0.757408 0.538775 0.998284 0.218952 0.914623 0.041797 0.366058 0.333726 0.294155 0.744340 0.842704 
0.592231 0.103896 0.159672 0.621707 0.954956 0.675019 0.735962 0.099530 0.845670 0.787179 0.962996 0.087462 0.723917 0.112457 0.246570 0.543685 0.519688 0.181753 0.609480 0.799274 0.247602 0.432242 0.652057 0.429522 0.835366 
0.956780 0.783095 0.665186 0.165368 0.099057 0.584375 0.315192 0.065094 0.477938 0.568239 0.362454 0.148552 0.280439 0.083314 0.525923 0.719221 0.235575 0.614219 0.028847 0.619013 0.410392 0.902768 0.726697 0.566330 0.902396 
0.435416 0.703640 0.745133 0.651462 0.848676 0.542288 0.073997 0.791520 0.994552 0.059903 0.892326 0.854801 0.503744 0.118755 0.147284 0.687828 0.120030 0.168636 0.459716 0.493317 0.864184 0.041430 0.236570 0.889643 0.304764 
0.014582 0.802369 0.006355 0.484414 0.781336 0.048808 0.496453 0.559412 0.042646 0.246291 0.577790 0.895955 0.328813 0.605934 0.088832 0.580973 0.021551 0.616339 0.659228 0.747882 0.147969 0.873323 0.408644 0.855943 0.863540 
0.837414 0.120796 0.801489 0.868162 0.278424 0.872436 0.499958 0.370371 0.334903 0.739891 0.190921 0.333033 0.428702 0.956510 0.850540 0.453865 0.974479 0.014589 0.011319 0.049699 0.587097 0.640696 0.617894 0.271881 0.048967 
0.660389 0.875632 0.977774 0.666836 0.444579 0.552512 0.957619 0.092891 0.581552 0.634023 0.326171 0.780761 0.015977 0.368752 0.724897 0.161378 0.924213 0.651190 0.670451 0.290775 0.724545 0.494572 0.601161 0.149611 0.664807 
0.189389 0.928186 0.253679 0.216130 0.140230 0.141481 0.338349 0.510081 0.607314 0.307554 0.141846 0.372539 0.032266 0.604959 0.355297 0.137888 0.476891 0.720045 0.380391 0.534052 0.527081 0.610833 0.760587 0.739272 0.966490 
0.149528 0.248037 0.045153 0.290114 0.146862 0.822331 0.426063 0.774622 0.825397 0.402429 0.652579 0.376798 0.965979 0.728868 0.298217 0.278928 0.575911 0.879819 0.487172 0.417170 0.760588 0.362235 0.651402 0.608687 0.255138 
0.090141 0.579551 0.576467 0.405101 0.282450 0.525868 0.631018 0.969775 0.390282 0.573337 0.852654 0.943003 0.793864 0.967493 0.913181 0.906131 0.618266 0.678311 0.986180 0.247997 0.738791 0.094453 0.390822 0.488668 0.835216 
0.037075 0.634603 0.339998 0.147285 0.544945 0.790824 0.360990 0.795398 0.828040 0.937963 0.001430 0.173683 0.999953 0.380473 0.373932 0.959161 0.388119 0.188527 0.510057 0.149436 0.200613 0.229162 0.966659 0.160297 0.422423 
0.770073 0.814245 0.603363 0.085871 0.973668 0.815402 0.925986 0.969948 0.928862 0.206035 0.795172 0.770116 0.191919 0.962380 0.643073 0.605301 0.730029 0.544162 0.154967 0.760961 0.105506 0.538449 0.074540 0.319522 0.611074 
0.287565 0.490922 0.380577 0.243621 0.414553 0.043010 0.075932 0.400661 0.509666 0.823446 0.150591 0.953912 0.611697 0.485800 0.453004 0.578471 0.088469 0.131331 0.987228 0.836880 0.862318 0.853176 0.366909 0.682995 0.660499 
0.459051 0.352002 0.053504 0.698132 0.937535 0.262384 0.085558 0.328999 0.454084 0.747322 0.130449 0.989324 0.661741 0.652986 0.894035 0.382886 0.220121 0.847050 0.421216 0.544316 0.247299 0.894078 0.947991 0.374703 0.766103 
0.514323 0.399300 0.926361 0.813621 0.148941 0.774549 0.764966 0.488288 0.778294 0.460618 0.646788 0.238128 0.213708 0.015411 0.708675 0.198430 0.139698 0.194576 0.318240 0.608296 0.134742 0.738946 0.479085 0.464061 0.518811 
0.270940 0.476026 0.676860 0.888070 0.527431 0.862844 0.786731 0.166960 0.320092 0.219908 0.338759 0.471799 0.012695 0.277210 0.378785 0.110477 0.277250 0.595536 0.362468 0.585326 0.054251 0.002269 0.077835 0.033405 0.917826 
0.398972 0.997918 0.668554 0.356117 0.994601 0.620607 0.247777 0.357493 0.239224 0.623683 0.281631 0.942077 0.546349 0.734650 0.948130 0.202190 0.989294 0.175184 0.551677 0.874925 0.093656 0.876166 0.863825 0.706263 0.017085 
0.739891 0.190793 0.471752 0.056858 0.391877 0.592981 0.301011 0.616079 0.678781 0.241967 0.350524 0.575712 0.695512 0.507798 0.665828 0.887639 0.284585 0.518430 0.804937 0.077568 0.850913 0.584357 0.713504 0.617512 0.527051 
0.051779 0.914833 0.830727 0.295893 0.810844 0.507206 0.686465 0.387075 0.009256 0.659203 0.400431 0.862822 0.849989 0.772397 0.146346 0.053690 0.428773 0.312096 0.974578 0.423128 0.055857 0.245513 0.089284 0.159781 0.073045 

-0.157803 -0.797106 -0.943949 -0.360494 -0.277552 -0.919217 -0.797802 -0.253428 -0.198409 -1.097044 -0.634797 -0.203591 -0.640573 -0.629943 -0.252762 -0.650299 0.185830 -0.286734 -1.019236 -0.832241 -0.146995 -0.201209 -0.095313 -1.066504 -0.782373 
0.395042 -1.039857 -0.225355 -0.458307 -0.359707 -0.534789 -0.934830 -0.285969 0.081861 -0.544886 -0.962645 -0.879534 -0.547760 -0.373143 -0.437515 -0.469673 -0.512977 -0.403147 -0.236005 -0.865302 -1.049900 -0.413582 -0.829980 -0.152770 -1.058194 
-0.462483 0.030598 -0.713739 -1.105274 -0.735085 -0.774486 -0.487253 -0.279891 -0.202865 -0.879181 -0.080218 -0.447081 -0.171138 -0.116226 -0.774386 -0.544064 -0.689645 -0.592379 -0.263158 -0.415144 -0.671926 -0.567678 0.132890 0.024697 -0.976773 
-0.855926 -0.607054 -0.486853 -0.820425 -0.881942 -0.436031 0.300701 -0.271315 -0.758527 -0.019127 -1.277692 -0.720303 -1.228846 -0.482325 -0.775305 -0.364386 -0.188202 -0.654335 -0.456156 -1.078054 -0.375262 0.004147 -0.494749 -0.349262 -0.252165 
0.509205 0.653903 -0.727537 -0.597983 -0.407097 -0.224341 -0.279161 -0.874108 -0.776023 -0.975765 0.064479 -0.999180 -0.628663 -0.321491 -0.644426 -1.023524 0.036915 -0.477308 -1.029631 -1.055233 -0.362051 -0.083375 -0.585260 -0.070662 0.011468 
0.420201 1.691776 1.447927 1.275951 -0.465814 -1.074165 -0.299419 -0.627420 -0.938180 -0.844971 -0.423269 -0.685372 -0.368991 -0.456905 -0.179808 -0.538634 -0.071538 -0.915211 -0.920295 -0.667951 -0.838303 -0.665415 -0.042383 -0.374886 -0.707914 
0.367435 1.135333 -0.035766 0.585639 0.962634 1.642143 0.964002 -0.923589 -0.863312 -0.492105 -0.208998 -0.208591 -0.739005 -0.655358 -0.621217 -0.833954 -0.384812 -0.616667 -0.833028 -1.022525 -0.639629 -0.113313 -0.793985 -0.984112 -0.905550 
-0.562223 0.041430 -0.102233 1.298381 1.882179 1.374689 1.341840 0.076065 2.049955 1.553395 0.158763 0.358600 -0.069589 -0.022926 -0.608316 -0.144974 -0.998025 -0.712690 -0.146640 -0.219640 -0.582604 -0.192834 -1.069741 -0.287911 -0.671548 
-0.275902 -0.585461 1.189412 0.486381 0.330938 0.985928 0.732364 0.489081 0.782606 0.912449 0.517915 0.259578 -0.154239 -1.103652 -0.510624 -0.094250 -0.405040 -0.346371 -0.676347 -0.402231 -1.108998 -1.150061 -0.188787 -0.230319 -0.669501 
-0.295628 -0.081544 1.645324 1.458983 1.432150 1.355475 0.345615 1.877757 2.093285 -0.420332 1.459287 2.126868 1.091983 -0.041737 0.085163 -0.555907 -0.122514 -1.002885 -0.355093 -0.454601 -0.538496 -0.237131 -0.333001 -0.515327 0.060960 
0.296705 -0.191612 0.299850 0.989549 1.626326 0.223550 1.068457 1.074691 0.185256 0.297208 1.270899 1.637686 0.510349 0.974369 0.042486 0.999971 1.453866 0.549593 1.649833 0.132199 -0.235460 -0.248987 -0.612718 -0.478998 -0.561012 
-0.921623 0.996246 -0.578373 1.884445 0.265094 1.956755 1.153258 0.739938 0.833459 1.370911 0.348528 0.652683 0.901708 2.132979 1.438367 1.249581 2.728644 0.216219 1.173141 2.091457 0.949209 1.361186 2.445144 -0.920802 -0.599680 
-0.032000 -0.615522 -0.519851 0.023901 1.037375 1.076144 1.960199 -0.015697 1.134055 1.394980 1.211773 1.653695 0.468698 1.119621 1.297547 0.328249 2.871027 1.119545 1.894347 0.903522 1.564087 1.743001 0.993984 0.808862 2.267874 
0.333705 -0.519073 0.404475 0.177515 -0.111274 -0.030175 0.662128 1.050946 1.233840 0.348568 0.712219 0.799901 0.037209 1.332859 0.506800 0.498238 2.682530 0.749193 1.655908 1.528651 1.687888 1.186003 0.953500 1.709653 2.330716 
0.388736 -0.785489 0.488073 0.877403 0.882547 1.682947 0.547504 1.473622 1.273866 0.366697 1.290256 0.647032 2.280428 1.483430 0.613862 0.595708 1.943640 2.214864 1.149643 2.330206 2.804063 1.988454 1.718475 2.219249 2.009112 
-0.008805 0.050616 0.438797 0.454182 0.699617 1.235141 0.634605 1.420379 0.325242 1.087605 1.325633 2.218437 1.645123 1.991114 1.589340 1.896108 1.782392 1.433771 2.694563 0.965358 1.629858 1.340149 1.016033 1.313794 0.890136 
0.611329 0.453381 -0.104808 0.600410 -0.041691 0.224338 0.715110 1.789098 1.647416 1.927933 -0.308485 0.369555 2.085467 0.912652 0.729148 1.930797 0.401687 1.386892 0.396470 1.602900 1.302455 1.097516 2.260701 0.814021 1.828686 
-0.031557 -0.477926 0.379527 0.202721 -1.020285 -0.441250 1.570138 1.745751 2.030119 0.460650 1.774321 1.532956 0.601195 1.817513 0.994392 1.453639 1.527251 0.888464 1.159878 2.145902 0.305834 1.744472 0.777275 2.068486 0.833125 
-0.085830 -0.324838 0.056044 0.730299 0.608845 -0.079270 0.221266 0.681921 1.078832 1.600348 0.701306 2.248421 1.436113 1.184217 1.092126 1.098233 1.395435 1.180791 2.495684 1.213733 2.300501 1.460985 1.469659 1.142363 0.983009 
0.235401 0.468082 0.172010 -0.233450 -0.532989 -0.176338 0.404707 0.760531 0.894699 1.258806 0.201913 1.728887 1.376022 1.687430 2.167195 0.991330 1.940525 1.415172 2.124269 1.253483 0.314691 2.356922 2.834371 0.612269 1.039045 
-0.174926 -0.154899 -0.358946 -0.458318 1.030336 0.465445 -0.968249 0.067658 1.691968 1.035928 1.217518 0.284435 1.049620 0.072690 1.147026 -1.476549 1.826951 2.344203 0.815642 1.908941 0.632717 0.836563 1.631101 2.250535 2.562927 
-0.097858 -0.274120 -0.263657 -0.370702 0.333873 -0.456462 -0.241589 0.714221 0.886684 0.520720 0.619381 -1.490626 -1.005976 -1.759622 -1.888089 -1.914909 -1.048143 -1.273977 -2.746886 -3.048905 1.659544 1.309062 0.260797 1.899135 2.480074 
0.153141 -0.071301 0.222072 0.236882 -0.953982 0.631594 -0.122253 0.009123 -1.557520 -2.588152 -1.833823 -3.631764 -1.710780 -2.094287 -2.936180 -1.376063 -2.791521 -1.841510 -1.875424 -2.831015 -2.237743 -2.460475 -3.028635 -2.190321 0.526785 
0.068469 0.654577 -0.105411 0.298443 0.000377 -0.407172 0.033984 -0.193386 -1.236374 -1.608080 -2.854634 -2.133836 -2.512187 -2.720908 -1.960444 -2.783822 -1.681051 -2.541092 -2.296758 -2.175245 -2.876325 -1.488869 -3.435189 -2.000894 -2.525880 
0.011464 -0.566619 0.237904 0.158740 -0.420240 0.259839 -0.618530 0.535417 0.120832 -1.358006 -1.219098 -2.820236 -1.627466 -2.204478 -2.265709 -2.045586 -2.616870 -1.426295 -2.713000 -2.097577 -0.198944 -1.201567 -2.132005 -1.110515 -0.431839 

4 4 4 4 4 4 4 4 4 4 4 4 4 4 4 4 4 4 4 4 4 4 4 4 4 
4 4 4 4 4 4 4 4 4 4 4 4 4 4 4 4 4 4 4 4 4 4 4 4 4 
4 4 4 4 4 4 4 4 4 4 4 4 4 4 4 4 4 4 4 4 4 4 4 4 4 
4 4 4 4 4 4 4 4 4 4 4 4 4 4 4 4 4 4 4 4 4 4 4 4 4 
0 0 4 4 4 4 4 4 4 4 4 4 4 4 4 4 4 4 4 4 4 4 4 4 4 
2 0 0 0 4 4 4 4 4 4 4 4 4 4 4 4 4 4 4 4 4 4 4 4 4 
2 0 0 0 0 0 0 4 4 4 4 4 4 4 4 4 4 4 4 4 4 4 4 4 4 
2 2 0 0 0 0 0 0 0 0 4 4 4 4 4 4 4 4 4 4 4 4 4 4 4 
2 2 0 0 0 0 0 0 0 0 0 0 4 4 4 4 4 4 4 4 4 4 4 4 4 
2 2 0 0 0 0 0 0 0 0 0 0 0 0 0 4 4 4 4 4 4 4 4 4 4 
2 2 2 0 0 0 0 0 0 0 0 0 0 0 0 0 3 3 3 4 4 4 4 4 4 
2 2 2 0 0 0 0 0 0 0 0 0 0 0 0 0 3 3 3 3 3 3 3 4 4 
2 2 2 2 0 0 0 0 0 0 0 0 0 0 0 0 3 3 3 3 3 3 3 3 3 
2 2 2 2 0 0 0 0 0 0 0 0 0 0 0 0 3 3 3 3 3 3 3 3 3 
2 2 2 2 2 0 0 0 0 0 0 0 0 0 0 0 3 3 3 3 3 3 3 3 3 
2 2 2 2 2 0 0 0 0 0 0 0 0 0 0 0 3 3 3 3 3 3 3 3 3 
2 2 2 2 2 2 0 0 0 0 0 0 0 0 0 0 3 3 3 3 3 3 3 3 3 
2 2 2 2 2 2 0 0 0 0 0 0 0 0 0 0 3 3 3 3 3 3 3 3 3 
2 2 2 2 2 2 2 0 0 0 0 0 0 0 0 0 3 3 3 3 3 3 3 3 3 
2 2 2 2 2 2 2 0 0 0 0 0 0 0 0 0 3 3 3 3 3 3 3 3 3 
2 2 2 2 2 2 2 2 0 0 0 0 0 0 0 1 3 3 3 3 3 3 3 3 3 
2 2 2 2 2 2 2 2 0 0 0 1 1 1 1 1 1 1 1 1 3 3 3 3 3 
2 2 2 2 2 2 2 2 1 1 1 1 1 1 1 1 1 1 1 1 1 1 1 1 3 
2 2 2 2 2 2 2 2 1 1 1 1 1 1 1 1 1 1 1 1 1 1 1 1 1 
2 2 2 2 2 2 2 2 2 1 1 1 1 1 1 1 1 1 1 1 1 1 1 1 1 

-1.0 -1.0 -1.0 -1.0 -1.0 -1.0 -1.0 -1.0 -1.0 -1.0 -1.0 -1.0 -1.0 -1.0 -1.0 -1.0 -1.0 -1.0 -1.0 -1.0 -1.0 -1.0 -1.0 -1.0 -1.0 
-1.0 -1.0 -1.0 -1.0 -1.0 -1.0 -1.0 -1.0 -1.0 -1.0 -1.0 -1.0 -1.0 -1.0 -1.0 -1.0 -1.0 -1.0 -1.0 -1.0 -1.0 -1.0 -1.0 -1.0 -1.0 
-1.0 -1.0 -1.0 -1.0 -1.0 -1.0 -1.0 -1.0 -1.0 -1.0 -1.0 -1.0 -1.0 -1.0 -1.0 -1.0 -1.0 -1.0 -1.0 -1.0 -1.0 -1.0 -1.0 -1.0 -1.0 
-1.0 -1.0 -1.0 -1.0 -1.0 -1.0 -1.0 -1.0 -1.0 -1.0 -1.0 -1.0 -1.0 -1.0 -1.0 -1.0 -1.0 -1.0 -1.0 -1.0 -1.0 -1.0 -1.0 -1.0 -1.0 
0.0 0.0 -1.0 -1.0 -1.0 -1.0 -1.0 -1.0 -1.0 -1.0 -1.0 -1.0 -1.0 -1.0 -1.0 -1.0 -1.0 -1.0 -1.0 -1.0 -1.0 -1.0 -1.0 -1.0 -1.0 
1.0 0.0 0.0 0.0 -1.0 -1.0 -1.0 -1.0 -1.0 -1.0 -1.0 -1.0 -1.0 -1.0 -1.0 -1.0 -1.0 -1.0 -1.0 -1.0 -1.0 -1.0 -1.0 -1.0 -1.0 
1.0 0.0 0.0 0.0 0.0 0.0 0.0 -1.0 -1.0 -1.0 -1.0 -1.0 -1.0 -1.0 -1.0 -1.0 -1.0 -1.0 -1.0 -1.0 -1.0 -1.0 -1.0 -1.0 -1.0 
1.0 1.0 0.0 0.0 0.0 0.0 0.0 0.0 0.0 0.0 -1.0 -1.0 -1.0 -1.0 -1.0 -1.0 -1.0 -1.0 -1.0 -1.0 -1.0 -1.0 -1.0 -1.0 -1.0 
1.0 1.0 0.0 0.0 0.0 0.0 0.0 0.0 0.0 0.0 0.0 0.0 -1.0 -1.0 -1.0 -1.0 -1.0 -1.0 -1.0 -1.0 -1.0 -1.0 -1.0 -1.0 -1.0 
1.0 1.0 0.0 0.0 0.0 0.0 0.0 0.0 0.0 0.0 0.0 0.0 0.0 0.0 0.0 -1.0 -1.0 -1.0 -1.0 -1.0 -1.0 -1.0 -1.0 -1.0 -1.0 
1.0 1.0 1.0 0.0 0.0 0.0 0.0 0.0 0.0 0.0 0.0 0.0 0.0 0.0 0.0 0.0 2.0 2.0 2.0 -1.0 -1.0 -1.0 -1.0 -1.0 -1.0 
1.0 1.0 1.0 0.0 0.0 0.0 0.0 0.0 0.0 0.0 0.0 0.0 0.0 0.0 0.0 0.0 2.0 2.0 2.0 2.0 2.0 2.0 2.0 -1.0 -1.0 
1.0 1.0 1.0 1.0 0.0 0.0 0.0 0.0 0.0 0.0 0.0 0.0 0.0 0.0 0.0 0.0 2.0 2.0 2.0 2.0 2.0 2.0 2.0 2.0 2.0 
1.0 1.0 1.0 1.0 0.0 0.0 0.0 0.0 0.0 0.0 0.0 0.0 0.0 0.0 0.0 0.0 2.0 2.0 2.0 2.0 2.0 2.0 2.0 2.0 2.0 
1.0 1.0 1.0 1.0 1.0 0.0 0.0 0.0 0.0 0.0 0.0 0.0 0.0 0.0 0.0 0.0 2.0 2.0 2.0 2.0 2.0 2.0 2.0 2.0 2.0 
1.0 1.0 1.0 1.0 1.0 0.0 0.0 0.0 0.0 0.0 0.0 0.0 0.0 0.0 0.0 0.0 2.0 2.0 2.0 2.0 2.0 2.0 2.0 2.0 2.0 
1.0 1.0 1.0 1.0 1.0 1.0 0.0 0.0 0.0 0.0 0.0 0.0 0.0 0.0 0.0 0.0 2.0 2.0 2.0 2.0 2.0 2.0 2.0 2.0 2.0 
1.0 1.0 1.0 1.0 1.0 1.0 0.0 0.0 0.0 0.0 0.0 0.0 0.0 0.0 0.0 0.0 2.0 2.0 2.0 2.0 2.0 2.0 2.0 2.0 2.0 
1.0 1.0 1.0 1.0 1.0 1.0 1.0 0.0 0.0 0.0 0.0 0.0 0.0 0.0 0.0 0.0 2.0 2.0 2.0 2.0 2.0 2.0 2.0 2.0 2.0 
1.0 1.0 1.0 1.0 1.0 1.0 1.0 0.0 0.0 0.0 0.0 0.0 0.0 0.0 0.0 0.0 2.0 2.0 2.0 2.0 2.0 2.0 2.0 2.0 2.0 
1.0 1.0 1.0 1.0 1.0 1.0 1.0 1.0 0.0 0.0 0.0 0.0 0.0 0.0 0.0 -2.0 2.0 2.0 2.0 2.0 2.0 2.0 2.0 2.0 2.0 
1.0 1.0 1.0 1.0 1.0 1.0 1.0 1.0 0.0 0.0 0.0 -2.0 -2.0 -2.0 -2.0 -2.0 -2.0 -2.0 -2.0 -2.0 2.0 2.0 2.0 2.0 2.0 
1.0 1.0 1.0 1.0 1.0 1.0 1.0 1.0 -2.0 -2.0 -2.0 -2.0 -2.0 -2.0 -2.0 -2.0 -2.0 -2.0 -2.0 -2.0 -2.0 -2.0 -2.0 -2.0 2.0 
1.0 1.0 1.0 1.0 1.0 1.0 1.0 1.0 -2.0 -2.0 -2.0 -2.0 -2.0 -2.0 -2.0 -2.0 -2.0 -2.0 -2.0 -2.0 -2.0 -2.0 -2.0 -2.0 -2.0 
1.0 1.0 1.0 1.0 1.0 1.0 1.0 1.0 1.0 -2.0 -2.0 -2.0 -2.0 -2.0 -2.0 -2.0 -2.0 -2.0 -2.0 -2.0 -2.0 -2.0 -2.0 -2.0 -2.0 

0.0 0.0 0.0 0.0 0.0 0.0 0.0 0.0 0.0 0.0 0.0 0.0 0.0 0.0 0.0 0.0 0.0 0.0 0.0 0.0 0.0 0.0 0.0 0.0 0.0 
0.0 0.0 0.0 0.0 0.0 0.0 0.0 0.0 0.0 0.0 0.0 0.0 0.0 0.0 0.0 0.0 0.0 0.0 0.0 0.0 0.0 0.0 0.0 0.0 0.0 
0.0 0.0 0.0 0.0 0.0 0.0 0.0 0.0 0.0 0.0 0.0 0.0 0.0 0.0 0.0 0.0 0.0 0.0 0.0 0.0 0.0 0.0 0.0 0.0 0.0 
0.0 0.0 0.0 0.0 0.0 0.0 0.0 0.0 0.0 0.0 0.0 0.0 0.0 0.0 0.0 0.0 0.0 0.0 0.0 0.0 0.0 0.0 0.0 0.0 0.0 
2.0 2.0 0.0 0.0 0.0 0.0 0.0 0.0 0.0 0.0 0.0 0.0 0.0 0.0 0.0 0.0 0.0 0.0 0.0 0.0 0.0 0.0 0.0 0.0 0.0 
-1.0 2.0 2.0 2.0 0.0 0.0 0.0 0.0 0.0 0.0 0.0 0.0 0.0 0.0 0.0 0.0 0.0 0.0 0.0 0.0 0.0 0.0 0.0 0.0 0.0 
-1.0 2.0 2.0 2.0 2.0 2.0 2.0 0.0 0.0 0.0 0.0 0.0 0.0 0.0 0.0 0.0 0.0 0.0 0.0 0.0 0.0 0.0 0.0 0.0 0.0 
-1.0 -1.0 2.0 2.0 2.0 2.0 2.0 2.0 2.0 2.0 0.0 0.0 0.0 0.0 0.0 0.0 0.0 0.0 0.0 0.0 0.0 0.0 0.0 0.0 0.0 
-1.0 -1.0 2.0 2.0 2.0 2.0 2.0 2.0 2.0 2.0 2.0 2.0 0.0 0.0 0.0 0.0 0.0 0.0 0.0 0.0 0.0 0.0 0.0 0.0 0.0 
-1.0 -1.0 2.0 2.0 2.0 2.0 2.0 2.0 2.0 2.0 2.0 2.0 2.0 2.0 2.0 0.0 0.0 0.0 0.0 0.0 0.0 0.0 0.0 0.0 0.0 
-1.0 -1.0 -1.0 2.0 2.0 2.0 2.0 2.0 2.0 2.0 2.0 2.0 2.0 2.0 2.0 2.0 1.0 1.0 1.0 0.0 0.0 0.0 0.0 0.0 0.0 
-1.0 -1.0 -1.0 2.0 2.0 2.0 2.0 2.0 2.0 2.0 2.0 2.0 2.0 2.0 2.0 2.0 1.0 1.0 1.0 1.0 1.0 1.0 1.0 0.0 0.0 
-1.0 -1.0 -1.0 -1.0 2.0 2.0 2.0 2.0 2.0 2.0 2.0 2.0 2.0 2.0 2.0 2.0 1.0 1.0 1.0 1.0 1.0 1.0 1.0 1.0 1.0 
-1.0 -1.0 -1.0 -1.0 2.0 2.0 2.0 2.0 2.0 2.0 2.0 2.0 2.0 2.0 2.0 2.0 1.0 1.0 1.0 1.0 1.0 1.0 1.0 1.0 1.0 
-1.0 -1.0 -1.0 -1.0 -1.0 2.0 2.0 2.0 2.0 2.0 2.0 2.0 2.0 2.0 2.0 2.0 1.0 1.0 1.0 1.0 1.0 1.0 1.0 1.0 1.0 
-1.0 -1.0 -1.0 -1.0 -1.0 2.0 2.0 2.0 2.0 2.0 2.0 2.0 2.0 2.0 2.0 2.0 1.0 1.0 1.0 1.0 1.0 1.0 1.0 1.0 1.0 
-1.0 -1.0 -1.0 -1.0 -1.0 -1.0 2.0 2.0 2.0 2.0 2.0 2.0 2.0 2.0 2.0 2.0 1.0 1.0 1.0 1.0 1.0 1.0 1.0 1.0 1.0 
-1.0 -1.0 -1.0 -1.0 -1.0 -1.0 2.0 2.0 2.0 2.0 2.0 2.0 2.0 2.0 2.0 2.0 1.0 1.0 1.0 1.0 1.0 1.0 1.0 1.0 1.0 
-1.0 -1.0 -1.0 -1.0 -1.0 -1.0 -1.0 2.0 2.0 2.0 2.0 2.0 2.0 2.0 2.0 2.0 1.0 1.0 1.0 1.0 1.0 1.0 1.0 1.0 1.0 
-1.0 -1.0 -1.0 -1.0 -1.0 -1.0 -1.0 2.0 2.0 2.0 2.0 2.0 2.0 2.0 2.0 2.0 1.0 1.0 1.0 1.0 1.0 1.0 1.0 1.0 1.0 
-1.0 -1.0 -1.0 -1.0 -1.0 -1.0 -1.0 -1.0 2.0 2.0 2.0 2.0 2.0 2.0 2.0 -2.0 1.0 1.0 1.0 1.0 1.0 1.0 1.0 1.0 1.0 
-1.0 -1.0 -1.0 -1.0 -1.0 -1.0 -1.0 -1.0 2.0 2.0 2.0 -2.0 -2.0 -2.0 -2.0 -2.0 -2.0 -2.0 -2.0 -2.0 1.0 1.0 1.0 1.0 1.0 
-1.0 -1.0 -1.0 -1.0 -1.0 -1.0 -1.0 -1.0 -2.0 -2.0 -2.0 -2.0 -2.0 -2.0 -2.0 -2.0 -2.0 -2.0 -2.0 -2.0 -2.0 -2.0 -2.0 -2.0 1.0 
-1.0 -1.0 -1.0 -1.0 -1.0 -1.0 -1.0 -1.0 -2.0 -2.0 -2.0 -2.0 -2.0 -2.0 -2.0 -2.0 -2.0 -2.0 -2.0 -2.0 -2.0 -2.0 -2.0 -2.0 -2.0 
-1.0 -1.0 -1.0 -1.0 -1.0 -1.0 -1.0 -1.0 -1.0 -2.0 -2.0 -2.0 -2.0 -2.0 -2.0 -2.0 -2.0 -2.0 -2.0 -2.0 -2.0 -2.0 -2.0 -2.0 -2.0 

