0.035918 0.491695 0.595864 0.173586 0.019766 0.237128 0.615765 0.323282 0.414967 0.056284 0.936324 0.430308 0.250087 0.152699 0.298725 0.498676 0.386061 0.352352 0.869016 0.888188 0.006075 0.849657 0.852083 0.535634 0.819876 
0.858827 0.543740 0.066541 0.397537 0.529975 0.192480 0.680367 0.368124 0.908391 0.372305 0.581865 0.439580 0.728295 0.839489 0.052173 0.227996 0.068758 0.680342 0.568734 0.601696 0.050997 0.400487 0.701632 0.363879 0.502221 
0.717333 0.043576 0.050683 0.112517 0.887762 0.617139 0.168520 0.329067 0.061346 0.648898 0.490905 0.160891 0.236157 0.159121 0.861179 0.588471 0.156217 0.035604 0.969939 0.855769 0.891336 0.993220 0.848680 0.442370 0.138199 
0.744740 0.669038 0.109956 0.760317 0.987820 0.345762 0.787694 0.384859 0.486976 0.102979 0.845226 0.715334 0.065994 0.276971 0.755215 0.662283 0.766428 0.812509 0.651532 0.330013 0.421808 0.532540 0.795884 0.397614 0.060506 
0.746169 0.781061 0.374297 0.481798 0.552196 0.678646 0.974685 0.172227 0.396279 0.228744 0.693936 0.009780 0.891292 0.005220 0.716956 0.353196 0.040513 0.099107 0.275825 0.443310 0.536872 0.021021 0.193469 0.105427 0.556324 
0.127368 0.845273 0.637500 0.188047 0.887753 0.667713 0.228959 0.317951 0.557948 0.270329 0.213282 0.229672 0.480104 0.180861 0.526592 0.085201 0.369660 0.206986 0.592266 0.769617 0.189590 0.585671 0.885679 0.044917 0.857483 
0.515977 0.494681 0.303651 0.514288 0.951603 0.172076 0.257427 0.368693 0.199469 0.699649 0.289157 0.403417 0.207181 0.223318 0.364526 0.933929 0.605394 0.205624 0.983846 0.625602 0.367539 0.708526 0.519066 0.813921 0.998207 
0.900752 0.419850 0.107605 0.432580 0.287953 0.863151 0.684706 0.522916 0.702913 0.405120 0.783987 0.520866 0.508368 0.998748 0.417602 0.713615 0.264363 0.308799 0.030056 0.486994 0.060266 0.344036 0.476375 0.784911 0.424211 
0.937906 0.209967 0.097988 0.607943 0.379842 0.607447 0.581601 0.440676 0.276293 0.890217 0.663172 0.387010 0.086008 0.538616 0.243811 0.422732 0.166621 0.176272 0.868795 0.330110 0.761051 0.953187 0.738540 0.650738 0.067848 
0.243203 0.329252 0.288214 0.002863 0.348175 0.340460 0.066866 0.641811 0.069122 0.784925 0.619692 0.777402 0.214788 0.014564 0.907670 0.196533 0.397872 0.601627 0.053217 0.609178 0.525931 0.463193 0.724388 0.324570 0.386427 
0.570382 0.947328 0.848588 0.070890 0.414021 0.525389 0.604774 0.149219 0.365773 0.842788 0.074644 0.337726 0.393869 0.100685 0.056337 0.420491 0.856167 0.268022 0.339815 0.641355 0.236117 0.755668 0.644009 0.524735 0.540207 
0.051544 0.406205 0.291735 0.164909 0.917566 0.015409 0.358290 0.001811 0.552399 0.092763 0.029688 0.503727 0.235745 0.244574 0.023497 0.895890 0.404200 0.932788 0.374545 0.943409 0.431905 0.311516 0.186639 0.166475 0.822270 
0.341709 0.960431 0.272273 0.471545 0.101151 0.013812 0.821094 0.752926 0.260948 0.916305 0.301751 0.370823 0.086973 0.852643 0.423188 0.641749 0.203235 0.589260 0.845540 0.260282 0.332625 0.241499 0.397382 0.480112 0.381113 
0.883031 0.852697 0.012699 0.459810 0.238603 0.622066 0.263669 0.894408 0.725878 0.885555 0.932095 0.739782 0.370028 0.496796 0.381890 0.092868 0.239607 0.705672 0.555649 0.404503 0.422497 0.290676 0.812122 0.265435 0.963169 
0.195791 0.080791 0.036987 0.914630 0.746852 0.248430 0.892999 0.319682 0.342028 0.436499 0.879152 0.674017 0.887929 0.028039 0.544371 0.971458 0.284262 0.972476 0.279694 0.468877 0.884032 0.390192 0.025835 0.533471 0.558481 
0.050353 0.834743 0.527214 0.422724 0.370250 0.289077 0.563788 0.819115 0.951158 0.141684 0.927094 0.794679 0.513442 0.968027 0.163218 0.215140 0.465010 0.427088 0.643733 0.463814 0.578573 0.699610 0.781329 0.568164 0.805767 
0.471083 0.355012 0.267312 0.004365 0.954150 0.110609 0.090497 0.694758 0.286317 0.797284 0.952120 0.338203 0.746638 0.494645 0.033790 0.109192 0.834048 0.906777 0.140720 0.794324 0.963096 0.398698 0.540093 0.138272 0.242103 
0.004560 0.501588 0.449720 0.667887 0.976220 0.122403 0.008046 0.874374 0.859515 0.140010 0.821726 0.016273 0.192512 0.563076 0.676449 0.806474 0.517249 0.364725 0.429846 0.906105 0.027812 0.472940 0.106030 0.630792 0.283456 
0.492255 0.195390 0.472591 0.673669 0.471382 0.414482 0.560695 0.828375 0.845189 0.648629 0.303520 0.652045 0.492799 0.678556 0.876512 0.408162 0.707666 0.327052 0.118426 0.710118 0.468781 0.383987 0.150990 0.917273 0.672389 
0.191887 0.903493 0.094131 0.078790 0.877583 0.922151 0.282294 0.400501 0.226208 0.687416 0.704639 0.867696 0.255637 0.200527 0.583257 0.901586 0.347200 0.481083 0.460369 0.045925 0.146398 0.568736 0.298627 0.150938 0.913264 
0.995605 0.245279 0.667301 0.074172 0.161526 0.619044 0.832410 0.238265 0.242676 0.048553 0.453269 0.413919 0.284252 0.793963 0.703468 0.069156 0.963579 0.875186 0.342640 0.334884 0.782629 0.809668 0.445529 0.789168 0.361611 
0.994152 0.314882 0.153961 0.394002 0.887470 0.321982 0.037941 0.607403 0.060854 0.530910 0.223235 0.721236 0.697889 0.120673 0.983765 0.518135 0.089593 0.314977 0.015907 0.044705 0.968001 0.284420 0.343032 0.266723 0.897952 
0.815855 0.561009 0.754932 0.029093 0.922643 0.703298 0.600249 0.603275 0.144431 0.421490 0.547547 0.315058 0.074491 0.637987 0.170228 0.211256 0.409255 0.366935 0.034814 0.442886 0.196904 0.657758 0.920134 0.562087 0.642633 
0.521896 0.608405 0.308240 0.351341 0.196084 0.604555 0.555119 0.688318 0.848848 0.585833 0.538308 0.502931 0.015156 0.191356 0.427587 0.624825 0.197568 0.178860 0.436947 0.079744 0.456803 0.215255 0.602257 0.329122 0.365201 
0.244041 0.792007 0.043242 0.734931 0.943420 0.980088 0.499975 0.888896 0.116150 0.438412 0.640019 0.131431 0.205206 0.295741 0.809149 0.065700 0.482197 0.090260 0.259010 0.581805 0.576687 0.500234 0.111838 0.156395 0.168958 

0.349609 0.711160 0.519088 0.554858 0.742510 0.542116 0.538442 0.672457 0.880206 0.950860 0.698314 0.616011 0.488608 0.344817 0.925361 0.938394 0.940284 0.896792 0.469966 0.496752 0.289432 0.277215 0.873567 0.550436 0.382843 
0.839466 0.259442 0.778355 0.389509 0.764870 0.889627 0.168525 0.803432 0.901600 0.289402 0.097020 0.271414 0.380304 0.265407 0.704857 0.599882 0.920067 0.964834 0.087007 0.121997 0.881940 0.495074 0.682758 0.014314 0.811382 
0.144115 0.080105 0.326443 0.993598 0.610534 0.072316 0.301433 0.602360 0.282464 0.640331 0.168330 0.698791 0.192038 0.502974 0.355988 0.975908 0.357728 0.937656 0.531575 0.394694 0.859268 0.952487 0.844558 0.468010 0.210033 
0.209595 0.191889 0.278643 0.910490 0.906261 0.258455 0.940566 0.487118 0.378190 0.072100 0.165737 0.025643 0.080505 0.157237 0.509100 0.598165 0.043163 0.397524 0.070866 0.889214 0.764342 0.505156 0.783574 0.648606 0.949319 
0.275182 0.370020 0.844956 0.107679 0.743917 0.221635 0.099108 0.821135 0.756986 0.862269 0.549597 0.618001 0.526157 0.127195 0.695818 0.931434 0.667963 0.959240 0.874061 0.635050 0.205876 0.266828 0.097178 0.730779 0.891491 
0.643816 0.361759 0.950419 0.323821 0.324671 0.561588 0.306755 0.632584 0.528383 0.828987 0.864219 0.400256 0.554801 0.868454 0.953586 0.931949 0.965905 0.828720 0.869891 0.926367 0.999423 0.275949 0.037197 0.214195 0.210827 
0.658033 0.019577 0.707347 0.268235 0.001986 0.532562 0.976256 0.237047 0.974528 0.380369 0.684572 0.233496 0.971121 0.491627 0.014774 0.350975 0.272006 0.717021 0.865998 0.359815 0.427028 0.708664 0.070904 0.602701 0.342877 
0.744220 0.733357 0.815426 0.138164 0.241148 0.322053 0.217871 0.078097 0.927175 0.335073 0.289300 0.872875 0.994384 0.295130 0.378714 0.576692 0.769433 0.816137 0.078493 0.591155 0.009609 0.067788 0.331737 0.159575 0.852901 
0.760396 0.552101 0.460312 0.040594 0.009792 0.648883 0.154651 0.090106 0.604749 0.896887 0.052137 0.791274 0.475883 0.542555 0.460130 0.222721 0.640573 0.351552 0.876266 0.798775 0.895342 0.540434 0.527945 0.031550 0.214609 
0.241517 0.843112 0.627531 0.154251 0.825105 0.793781 0.478433 0.550823 0.039594 0.721899 0.592029 0.863366 0.167638 0.734675 0.897497 0.959346 0.488674 0.385589 0.036051 0.612504 0.250875 0.279686 0.008641 0.874622 0.805002 
0.841348 0.959342 0.015065 0.369026 0.152156 0.332815 0.127585 0.799936 0.738666 0.202541 0.708859 0.792593 0.446741 0.559999 0.930035 0.012331 0.767961 0.501186 0.234115 0.828741 0.178509 0.427441 0.902327 0.135777 0.378948 
0.605042 0.189484 0.288636 0.188116 0.401771 0.839086 0.364599 0.233082 0.104251 0.495841 0.968909 0.118807 0.267983 0.134961 0.510588 0.709353 0.387293 0.698587 0.174991 0.300526 0.477408 0.094632 0.217325 0.069662 0.253364 
0.120753 0.135874 0.664760 0.645741 0.146632 0.791793 0.782544 0.835911 0.574467 0.923254 0.193411 0.004789 0.721684 0.123136 0.206514 0.173108 0.308914 0.282420 0.957813 0.186637 0.196599 0.027901 0.454533 0.085781 0.290997 
0.090066 0.705570 0.423678 0.030904 0.027208 0.380992 0.236967 0.568545 0.490822 0.597974 0.123529 0.214183 0.671898 0.158907 0.889009 0.422988 0.351376 0.316159 0.805424 0.433069 0.260278 0.597359 0.113329 0.745087 0.316972 
0.600142 0.162363 0.145606 0.671026 0.591712 0.851117 0.121875 0.651273 0.335846 0.609565 0.138875 0.443483 0.379424 0.486745 0.633960 0.667156 0.224399 0.993881 0.668040 0.869434 0.064147 0.553025 0.739837 0.489680 0.588961 
0.692283 0.590281 0.034602 0.930323 0.832259 0.957284 0.365557 0.259691 0.978916 0.293856 0.640638 0.924786 0.637849 0.583682 0.446550 0.674262 0.631983 0.479672 0.320801 0.377791 0.732954 0.731971 0.250642 0.551454 0.819270 
0.978474 0.361481 0.652441 0.152669 0.233280 0.804204 0.450788 0.527044 0.218354 0.685677 0.523830 0.288642 0.184376 0.112341 0.333118 0.493398 0.942771 0.280818 0.589170 0.366043 0.713013 0.858020 0.953813 0.053730 0.786679 
0.656939 0.505185 0.188649 0.757499 0.012210 0.945420 0.411017 0.190600 0.287833 0.904906 0.724284 0.268753 0.009157 0.771923 0.017720 0.088242 0.294258 0.988453 0.335500 0.081988 0.423894 0.499686 0.830106 0.928910 0.135820 
0.389288 0.660722 0.445864 0.481036 0.153981 0.941960 0.111830 0.614204 0.299243 0.139538 0.564899 0.397790 0.093996 0.532851 0.645193 0.895989 0.355287 0.188560 0.795283 0.243049 0.175703 0.029921 0.244825 0.882880 0.537857 
0.388192 0.593713 0.189199 0.177409 0.184372 0.453474 0.524176 0.109176 0.665952 0.850562 0.933575 0.687888 0.189281 0.827989 0.940542 0.244791 0.646539 0.470540 0.901797 0.241670 0.996084 0.806172 0.879467 0.304191 0.443169 
0.502519 0.690629 0.190303 0.667722 0.289880 0.554831 0.714963 0.261065 0.006087 0.255210 0.169361 0.180644 0.287529 0.756455 0.390077 0.765598 0.297987 0.486285 0.594253 0.607897 0.310010 0.273185 0.468883 0.832868 0.628760 
0.026517 0.829746 0.342923 0.570189 0.104341 0.129863 0.731871 0.320133 0.612973 0.095473 0.921613 0.770283 0.528899 0.991043 0.075760 0.263297 0.015856 0.957373 0.939229 0.947880 0.788331 0.171487 0.238405 0.042329 0.981275 
0.687025 0.255146 0.224476 0.037962 0.747946 0.834483 0.089167 0.390339 0.719085 0.986269 0.282974 0.228109 0.053402 0.600747 0.877118 0.379160 0.134012 0.911649 0.021337 0.507171 0.274268 0.251607 0.978821 0.520993 0.139250 
0.470426 0.181380 0.324940 0.066942 0.525892 0.535972 0.253382 0.614189 0.349429 0.447896 0.622398 0.071526 0.450707 0.822643 0.610943 0.447103 0.942907 0.376030 0.905283 0.016945 0.594160 0.060081 0.492173 0.928869 0.233375 
0.224335 0.667248 0.137407 0.550930 0.349622 0.741683 0.973471 0.999670 0.628575 0.294244 0.111664 0.038494 0.722436 0.889329 0.138904 0.676195 0.752919 0.193948 0.990121 0.140499 0.971721 0.953405 0.673523 0.654464 0.052586 

0.179397 -0.194177 -0.766776 0.316723 0.606113 0.212404 -0.626114 -0.000055 0.139302 0.793956 -1.038434 -0.249704 -0.232135 -0.009635 0.379182 -0.083990 0.282209 0.331149 -1.229711 -1.261062 0.441348 -1.567070 -0.955855 -0.545392 -1.354554 
-0.795999 -0.857711 0.663870 -0.410302 -0.309131 0.624894 -1.291500 -0.039826 -0.883862 -0.421283 -1.196169 -0.627285 -1.200168 -1.364953 0.703950 0.010551 0.752479 -0.424066 -0.988273 -1.161772 0.852166 -0.203661 -0.749736 -0.876091 -0.192136 
-1.326808 -0.061497 0.175326 0.738068 -1.098715 -1.212634 -0.078180 0.075079 0.239612 -0.938444 -0.852611 0.381904 -0.301441 -0.014803 -1.297641 -0.201394 0.046918 0.930362 -1.351624 -1.346002 -0.829346 -1.084936 -0.926371 -0.462071 -0.122820 
-1.229157 -1.161814 0.101339 -0.618988 -1.012487 -0.522560 -0.741666 -0.278936 -0.539842 -0.078383 -1.541045 -1.285744 -0.306599 -0.359302 -0.913866 -0.734433 -1.597097 -1.220781 -1.220394 0.345442 -0.036323 -0.784836 -0.909387 -0.047274 0.906574 
-1.344695 -1.052246 0.083788 -0.867919 -0.324411 -0.956668 -1.850659 0.346132 0.001578 0.256137 -0.738880 0.528711 -1.206742 0.159803 -0.871784 0.261755 0.557911 0.771292 0.054634 -0.313961 -0.885291 0.085094 -0.284482 0.579504 -0.401828 
-1.110641 -0.751905 -2.029914 -0.435943 -0.653514 -1.226406 -0.765155 -1.326172 -0.939783 -1.624080 -1.664175 -0.645916 -1.043145 -1.883846 -1.620600 -1.840877 -1.943795 -1.573496 -1.762477 -1.826281 -2.017649 -0.704488 -0.010736 -0.431762 -0.476108 
-1.247757 -0.070864 -1.301525 -0.412283 -0.053457 -1.009350 -1.925344 -0.620075 -1.985042 -0.835431 -1.555981 -0.522716 -1.940726 -0.849860 0.100251 -0.676068 -0.488632 -1.270145 -1.754777 -0.833299 -0.922471 -1.593178 -0.148862 -1.484078 -0.708333 
-1.443591 -1.397391 -1.494032 -0.136359 -0.571972 -0.669098 -0.318007 -0.186886 -1.778663 -0.427741 -0.581084 -1.686963 -1.853601 -0.548410 -0.819371 -1.180566 -1.633158 -1.446944 -0.088505 -1.207676 -0.137263 -0.110985 -0.561760 -0.280256 -1.625455 
-1.538430 -1.038424 -1.014944 -0.180123 0.097024 -1.257384 -0.320153 -0.233015 -1.217481 -2.102559 -0.041309 -1.472108 -0.825922 -0.999833 -0.843204 -0.301052 -1.316220 -0.879453 -1.923857 -1.563254 -1.709075 -1.241056 -1.074599 -0.082404 -0.449395 
-0.422479 -1.800056 -1.364617 -0.342723 -1.646992 -1.703685 -0.997595 -0.944162 -0.061499 -1.371684 -1.145125 -1.691284 -0.264037 -1.398584 -1.672045 -1.922469 -1.024328 -0.830285 -0.287408 -1.288696 -0.681604 -0.627171 0.004385 -1.666112 -1.670030 
-0.029346 -0.166328 0.661456 -0.233612 0.272439 0.167162 0.488322 -0.561539 -0.218695 0.787333 -0.522248 -0.416664 0.029458 -0.414238 -0.671279 0.445512 0.363212 -0.246422 0.176341 -0.209861 -0.076189 0.213535 -0.401892 0.278013 0.166993 
-0.421368 0.254426 0.096791 -0.077540 0.451866 -0.997074 0.188033 -0.155047 0.415407 -0.389455 -0.983602 0.487915 -0.036765 0.183902 -0.596025 0.234242 0.046017 0.165831 0.264912 0.693122 0.025585 0.136857 0.028239 0.010783 0.737645 
0.190545 0.848606 -0.469203 -0.212043 -0.007317 -0.604079 0.094788 -0.152021 -0.416303 0.008731 -0.039089 0.359423 -0.558100 0.660071 0.298417 0.452941 -0.145711 0.357934 -0.027029 -0.141982 0.183915 0.304650 -0.076165 0.489950 0.013872 
0.732755 0.277828 -0.550883 0.378739 0.202989 0.206102 -0.021056 0.410275 0.331620 0.261708 0.880064 0.577508 -0.085538 0.305622 -0.585545 -0.388988 -0.047634 0.433804 -0.266245 -0.147813 0.267042 -0.269188 0.751169 -0.357741 0.638801 
-0.422598 -0.049013 -0.223085 0.307751 0.091960 -0.469882 0.827430 -0.210695 0.032781 0.011965 0.911333 0.143049 0.494809 -0.334218 -0.039510 0.409618 0.042074 0.179873 -0.459446 -0.362353 0.840513 -0.328458 -0.768190 -0.053550 0.112740 
1.323648 0.453455 -0.305849 1.441521 1.314545 1.541598 0.249194 -0.395818 0.984050 0.655865 0.291667 0.940873 0.818237 0.277496 0.497593 1.172234 0.758167 0.537059 0.003401 0.217435 0.696927 0.716453 -0.207674 0.435737 0.917703 
1.552329 0.378127 0.884268 0.278578 -0.447130 1.488059 0.872091 0.486714 0.153823 0.738723 0.113919 0.082502 -0.429250 -0.239949 0.511648 1.052015 1.001561 -0.159393 0.833209 -0.046724 0.503747 1.394903 1.300618 0.063404 1.330557 
1.183411 0.526511 -0.038814 0.832885 -0.879500 1.661615 0.905925 -0.373300 -0.142111 1.679341 0.613555 0.488657 -0.246847 0.988353 -0.757871 -0.583279 0.043883 1.471039 0.236301 -0.645948 0.779603 0.523462 1.562745 1.263617 -0.029218 
0.305615 1.058723 0.320161 0.178536 -0.223966 1.564277 -0.333712 0.384353 -0.334513 -0.386412 0.720909 0.107034 -0.204131 0.372295 0.331804 1.362192 -0.020205 0.199374 1.430538 -0.260298 -0.314240 -0.446290 0.360597 0.796389 0.590895 
0.591819 0.232019 0.387178 0.340144 -0.544393 0.053857 0.766266 -0.159489 1.188688 0.959353 1.342665 0.473459 0.222795 1.345707 1.270572 -0.343709 0.904179 0.522704 1.418198 0.456382 1.841811 1.259195 1.549817 0.339637 0.044152 
1.959005 0.429352 1.448683 0.138133 0.312172 1.143001 1.718567 0.555073 0.445494 0.008048 0.982230 0.790531 0.615593 1.504390 1.262833 0.165990 2.129608 1.675467 0.627689 0.726329 1.469860 1.799222 0.869245 1.440502 0.742130 
1.969697 0.756275 0.234476 0.820930 1.722957 0.749081 0.033526 1.300807 0.247230 0.935672 0.500632 1.418146 1.451774 0.363261 2.092891 1.085242 0.390984 0.941503 0.036000 0.167032 2.072008 0.628592 0.679979 0.636239 1.870126 
1.625009 0.967020 1.545052 -0.016434 2.023821 1.417511 1.143953 1.272774 0.146093 0.859066 0.963005 0.644698 0.064398 1.344355 0.469226 0.354521 0.774507 0.859407 0.238554 0.931625 0.433411 1.138824 1.761045 1.105668 1.260207 
0.940037 1.352011 0.703824 0.873554 0.424692 1.100312 1.034943 1.276167 1.620246 1.222613 1.180604 1.028389 -0.035861 0.494045 0.784196 1.361318 0.477044 0.344277 0.827504 0.072045 0.962908 0.290794 1.084078 0.619694 0.574057 
0.388830 1.629589 0.206422 1.578666 1.754347 1.888688 0.842669 1.799513 0.238229 0.818260 1.149317 0.290343 0.436885 0.558508 1.584978 -0.003469 0.867604 0.147768 0.566713 1.155692 1.036394 0.981926 0.430595 0.333324 0.343222 

0 0 0 0 0 0 0 0 0 0 0 0 0 0 0 0 0 0 0 0 0 0 0 0 0 
0 0 0 0 0 0 0 0 0 0 0 0 0 0 0 0 0 0 0 0 0 0 0 0 0 
0 0 0 0 0 0 0 0 0 0 0 0 0 0 0 0 0 0 0 0 0 0 0 0 0 
0 0 0 0 0 0 0 0 0 0 0 0 0 0 0 0 0 0 0 0 0 0 0 0 0 
0 0 0 0 0 0 0 0 0 0 0 0 0 0 0 0 0 0 0 0 0 0 0 0 0 
1 1 1 1 1 1 1 1 1 1 1 1 1 1 1 1 1 1 1 1 1 1 1 1 1 
1 1 1 1 1 1 1 1 1 1 1 1 1 1 1 1 1 1 1 1 1 1 1 1 1 
1 1 1 1 1 1 1 1 1 1 1 1 1 1 1 1 1 1 1 1 1 1 1 1 1 
1 1 1 1 1 1 1 1 1 1 1 1 1 1 1 1 1 1 1 1 1 1 1 1 1 
1 1 1 1 1 1 1 1 1 1 1 1 1 1 1 1 1 1 1 1 1 1 1 1 1 
2 2 2 2 2 2 2 2 2 2 2 2 2 2 2 2 2 2 2 2 2 2 2 2 2 
2 2 2 2 2 2 2 2 2 2 2 2 2 2 2 2 2 2 2 2 2 2 2 2 2 
2 2 2 2 2 2 2 2 2 2 2 2 2 2 2 2 2 2 2 2 2 2 2 2 2 
2 2 2 2 2 2 2 2 2 2 2 2 2 2 2 2 2 2 2 2 2 2 2 2 2 
2 2 2 2 2 2 2 2 2 2 2 2 2 2 2 2 2 2 2 2 2 2 2 2 2 
3 3 3 3 3 3 3 3 3 3 3 3 3 3 3 3 3 3 3 3 3 3 3 3 3 
3 3 3 3 3 3 3 3 3 3 3 3 3 3 3 3 3 3 3 3 3 3 3 3 3 
3 3 3 3 3 3 3 3 3 3 3 3 3 3 3 3 3 3 3 3 3 3 3 3 3 
3 3 3 3 3 3 3 3 3 3 3 3 3 3 3 3 3 3 3 3 3 3 3 3 3 
3 3 3 3 3 3 3 3 3 3 3 3 3 3 3 3 3 3 3 3 3 3 3 3 3 
4 4 4 4 4 4 4 4 4 4 4 4 4 4 4 4 4 4 4 4 4 4 4 4 4 
4 4 4 4 4 4 4 4 4 4 4 4 4 4 4 4 4 4 4 4 4 4 4 4 4 
4 4 4 4 4 4 4 4 4 4 4 4 4 4 4 4 4 4 4 4 4 4 4 4 4 
4 4 4 4 4 4 4 4 4 4 4 4 4 4 4 4 4 4 4 4 4 4 4 4 4 
4 4 4 4 4 4 4 4 4 4 4 4 4 4 4 4 4 4 4 4 4 4 4 4 4 

-2.0 -2.0 -2.0 -2.0 -2.0 -2.0 -2.0 -2.0 -2.0 -2.0 -2.0 -2.0 -2.0 -2.0 -2.0 -2.0 -2.0 -2.0 -2.0 -2.0 -2.0 -2.0 -2.0 -2.0 -2.0 
-2.0 -2.0 -2.0 -2.0 -2.0 -2.0 -2.0 -2.0 -2.0 -2.0 -2.0 -2.0 -2.0 -2.0 -2.0 -2.0 -2.0 -2.0 -2.0 -2.0 -2.0 -2.0 -2.0 -2.0 -2.0 
-2.0 -2.0 -2.0 -2.0 -2.0 -2.0 -2.0 -2.0 -2.0 -2.0 -2.0 -2.0 -2.0 -2.0 -2.0 -2.0 -2.0 -2.0 -2.0 -2.0 -2.0 -2.0 -2.0 -2.0 -2.0 
-2.0 -2.0 -2.0 -2.0 -2.0 -2.0 -2.0 -2.0 -2.0 -2.0 -2.0 -2.0 -2.0 -2.0 -2.0 -2.0 -2.0 -2.0 -2.0 -2.0 -2.0 -2.0 -2.0 -2.0 -2.0 
-2.0 -2.0 -2.0 -2.0 -2.0 -2.0 -2.0 -2.0 -2.0 -2.0 -2.0 -2.0 -2.0 -2.0 -2.0 -2.0 -2.0 -2.0 -2.0 -2.0 -2.0 -2.0 -2.0 -2.0 -2.0 
0.0 0.0 0.0 0.0 0.0 0.0 0.0 0.0 0.0 0.0 0.0 0.0 0.0 0.0 0.0 0.0 0.0 0.0 0.0 0.0 0.0 0.0 0.0 0.0 0.0 
0.0 0.0 0.0 0.0 0.0 0.0 0.0 0.0 0.0 0.0 0.0 0.0 0.0 0.0 0.0 0.0 0.0 0.0 0.0 0.0 0.0 0.0 0.0 0.0 0.0 
0.0 0.0 0.0 0.0 0.0 0.0 0.0 0.0 0.0 0.0 0.0 0.0 0.0 0.0 0.0 0.0 0.0 0.0 0.0 0.0 0.0 0.0 0.0 0.0 0.0 
0.0 0.0 0.0 0.0 0.0 0.0 0.0 0.0 0.0 0.0 0.0 0.0 0.0 0.0 0.0 0.0 0.0 0.0 0.0 0.0 0.0 0.0 0.0 0.0 0.0 
0.0 0.0 0.0 0.0 0.0 0.0 0.0 0.0 0.0 0.0 0.0 0.0 0.0 0.0 0.0 0.0 0.0 0.0 0.0 0.0 0.0 0.0 0.0 0.0 0.0 
1.0 1.0 1.0 1.0 1.0 1.0 1.0 1.0 1.0 1.0 1.0 1.0 1.0 1.0 1.0 1.0 1.0 1.0 1.0 1.0 1.0 1.0 1.0 1.0 1.0 
1.0 1.0 1.0 1.0 1.0 1.0 1.0 1.0 1.0 1.0 1.0 1.0 1.0 1.0 1.0 1.0 1.0 1.0 1.0 1.0 1.0 1.0 1.0 1.0 1.0 
1.0 1.0 1.0 1.0 1.0 1.0 1.0 1.0 1.0 1.0 1.0 1.0 1.0 1.0 1.0 1.0 1.0 1.0 1.0 1.0 1.0 1.0 1.0 1.0 1.0 
1.0 1.0 1.0 1.0 1.0 1.0 1.0 1.0 1.0 1.0 1.0 1.0 1.0 1.0 1.0 1.0 1.0 1.0 1.0 1.0 1.0 1.0 1.0 1.0 1.0 
1.0 1.0 1.0 1.0 1.0 1.0 1.0 1.0 1.0 1.0 1.0 1.0 1.0 1.0 1.0 1.0 1.0 1.0 1.0 1.0 1.0 1.0 1.0 1.0 1.0 
-1.0 -1.0 -1.0 -1.0 -1.0 -1.0 -1.0 -1.0 -1.0 -1.0 -1.0 -1.0 -1.0 -1.0 -1.0 -1.0 -1.0 -1.0 -1.0 -1.0 -1.0 -1.0 -1.0 -1.0 -1.0 
-1.0 -1.0 -1.0 -1.0 -1.0 -1.0 -1.0 -1.0 -1.0 -1.0 -1.0 -1.0 -1.0 -1.0 -1.0 -1.0 -1.0 -1.0 -1.0 -1.0 -1.0 -1.0 -1.0 -1.0 -1.0 
-1.0 -1.0 -1.0 -1.0 -1.0 -1.0 -1.0 -1.0 -1.0 -1.0 -1.0 -1.0 -1.0 -1.0 -1.0 -1.0 -1.0 -1.0 -1.0 -1.0 -1.0 -1.0 -1.0 -1.0 -1.0 
-1.0 -1.0 -1.0 -1.0 -1.0 -1.0 -1.0 -1.0 -1.0 -1.0 -1.0 -1.0 -1.0 -1.0 -1.0 -1.0 -1.0 -1.0 -1.0 -1.0 -1.0 -1.0 -1.0 -1.0 -1.0 
-1.0 -1.0 -1.0 -1.0 -1.0 -1.0 -1.0 -1.0 -1.0 -1.0 -1.0 -1.0 -1.0 -1.0 -1.0 -1.0 -1.0 -1.0 -1.0 -1.0 -1.0 -1.0 -1.0 -1.0 -1.0 
2.0 2.0 2.0 2.0 2.0 2.0 2.0 2.0 2.0 2.0 2.0 2.0 2.0 2.0 2.0 2.0 2.0 2.0 2.0 2.0 2.0 2.0 2.0 2.0 2.0 
2.0 2.0 2.0 2.0 2.0 2.0 2.0 2.0 2.0 2.0 2.0 2.0 2.0 2.0 2.0 2.0 2.0 2.0 2.0 2.0 2.0 2.0 2.0 2.0 2.0 
2.0 2.0 2.0 2.0 2.0 2.0 2.0 2.0 2.0 2.0 2.0 2.0 2.0 2.0 2.0 2.0 2.0 2.0 2.0 2.0 2.0 2.0 2.0 2.0 2.0 
2.0 2.0 2.0 2.0 2.0 2.0 2.0 2.0 2.0 2.0 2.0 2.0 2.0 2.0 2.0 2.0 2.0 2.0 2.0 2.0 2.0 2.0 2.0 2.0 2.0 
2.0 2.0 2.0 2.0 2.0 2.0 2.0 2.0 2.0 2.0 2.0 2.0 2.0 2.0 2.0 2.0 2.0 2.0 2.0 2.0 2.0 2.0 2.0 2.0 2.0 

1.0 1.0 1.0 1.0 1.0 1.0 1.0 1.0 1.0 1.0 1.0 1.0 1.0 1.0 1.0 1.0 1.0 1.0 1.0 1.0 1.0 1.0 1.0 1.0 1.0 
1.0 1.0 1.0 1.0 1.0 1.0 1.0 1.0 1.0 1.0 1.0 1.0 1.0 1.0 1.0 1.0 1.0 1.0 1.0 1.0 1.0 1.0 1.0 1.0 1.0 
1.0 1.0 1.0 1.0 1.0 1.0 1.0 1.0 1.0 1.0 1.0 1.0 1.0 1.0 1.0 1.0 1.0 1.0 1.0 1.0 1.0 1.0 1.0 1.0 1.0 
1.0 1.0 1.0 1.0 1.0 1.0 1.0 1.0 1.0 1.0 1.0 1.0 1.0 1.0 1.0 1.0 1.0 1.0 1.0 1.0 1.0 1.0 1.0 1.0 1.0 
1.0 1.0 1.0 1.0 1.0 1.0 1.0 1.0 1.0 1.0 1.0 1.0 1.0 1.0 1.0 1.0 1.0 1.0 1.0 1.0 1.0 1.0 1.0 1.0 1.0 
-2.0 -2.0 -2.0 -2.0 -2.0 -2.0 -2.0 -2.0 -2.0 -2.0 -2.0 -2.0 -2.0 -2.0 -2.0 -2.0 -2.0 -2.0 -2.0 -2.0 -2.0 -2.0 -2.0 -2.0 -2.0 
-2.0 -2.0 -2.0 -2.0 -2.0 -2.0 -2.0 -2.0 -2.0 -2.0 -2.0 -2.0 -2.0 -2.0 -2.0 -2.0 -2.0 -2.0 -2.0 -2.0 -2.0 -2.0 -2.0 -2.0 -2.0 
-2.0 -2.0 -2.0 -2.0 -2.0 -2.0 -2.0 -2.0 -2.0 -2.0 -2.0 -2.0 -2.0 -2.0 -2.0 -2.0 -2.0 -2.0 -2.0 -2.0 -2.0 -2.0 -2.0 -2.0 -2.0 
-2.0 -2.0 -2.0 -2.0 -2.0 -2.0 -2.0 -2.0 -2.0 -2.0 -2.0 -2.0 -2.0 -2.0 -2.0 -2.0 -2.0 -2.0 -2.0 -2.0 -2.0 -2.0 -2.0 -2.0 -2.0 
-2.0 -2.0 -2.0 -2.0 -2.0 -2.0 -2.0 -2.0 -2.0 -2.0 -2.0 -2.0 -2.0 -2.0 -2.0 -2.0 -2.0 -2.0 -2.0 -2.0 -2.0 -2.0 -2.0 -2.0 -2.0 
-1.0 -1.0 -1.0 -1.0 -1.0 -1.0 -1.0 -1.0 -1.0 -1.0 -1.0 -1.0 -1.0 -1.0 -1.0 -1.0 -1.0 -1.0 -1.0 -1.0 -1.0 -1.0 -1.0 -1.0 -1.0 
-1.0 -1.0 -1.0 -1.0 -1.0 -1.0 -1.0 -1.0 -1.0 -1.0 -1.0 -1.0 -1.0 -1.0 -1.0 -1.0 -1.0 -1.0 -1.0 -1.0 -1.0 -1.0 -1.0 -1.0 -1.0 
-1.0 -1.0 -1.0 -1.0 -1.0 -1.0 -1.0 -1.0 -1.0 -1.0 -1.0 -1.0 -1.0 -1.0 -1.0 -1.0 -1.0 -1.0 -1.0 -1.0 -1.0 -1.0 -1.0 -1.0 -1.0 
-1.0 -1.0 -1.0 -1.0 -1.0 -1.0 -1.0 -1.0 -1.0 -1.0 -1.0 -1.0 -1.0 -1.0 -1.0 -1.0 -1.0 -1.0 -1.0 -1.0 -1.0 -1.0 -1.0 -1.0 -1.0 
-1.0 -1.0 -1.0 -1.0 -1.0 -1.0 -1.0 -1.0 -1.0 -1.0 -1.0 -1.0 -1.0 -1.0 -1.0 -1.0 -1.0 -1.0 -1.0 -1.0 -1.0 -1.0 -1.0 -1.0 -1.0 
2.0 2.0 2.0 2.0 2.0 2.0 2.0 2.0 2.0 2.0 2.0 2.0 2.0 2.0 2.0 2.0 2.0 2.0 2.0 2.0 2.0 2.0 2.0 2.0 2.0 
2.0 2.0 2.0 2.0 2.0 2.0 2.0 2.0 2.0 2.0 2.0 2.0 2.0 2.0 2.0 2.0 2.0 2.0 2.0 2.0 2.0 2.0 2.0 2.0 2.0 
2.0 2.0 2.0 2.0 2.0 2.0 2.0 2.0 2.0 2.0 2.0 2.0 2.0 2.0 2.0 2.0 2.0 2.0 2.0 2.0 2.0 2.0 2.0 2.0 2.0 
2.0 2.0 2.0 2.0 2.0 2.0 2.0 2.0 2.0 2.0 2.0 2.0 2.0 2.0 2.0 2.0 2.0 2.0 2.0 2.0 2.0 2.0 2.0 2.0 2.0 
2.0 2.0 2.0 2.0 2.0 2.0 2.0 2.0 2.0 2.0 2.0 2.0 2.0 2.0 2.0 2.0 2.0 2.0 2.0 2.0 2.0 2.0 2.0 2.0 2.0 
0.0 0.0 0.0 0.0 0.0 0.0 0.0 0.0 0.0 0.0 0.0 0.0 0.0 0.0 0.0 0.0 0.0 0.0 0.0 0.0 0.0 0.0 0.0 0.0 0.0 
0.0 0.0 0.0 0.0 0.0 0.0 0.0 0.0 0.0 0.0 0.0 0.0 0.0 0.0 0.0 0.0 0.0 0.0 0.0 0.0 0.0 0.0 0.0 0.0 0.0 
0.0 0.0 0.0 0.0 0.0 0.0 0.0 0.0 0.0 0.0 0.0 0.0 0.0 0.0 0.0 0.0 0.0 0.0 0.0 0.0 0.0 0.0 0.0 0.0 0.0 
0.0 0.0 0.0 0.0 0.0 0.0 0.0 0.0 0.0 0.0 0.0 0.0 0.0 0.0 0.0 0.0 0.0 0.0 0.0 0.0 0.0 0.0 0.0 0.0 0.0 
0.0 0.0 0.0 0.0 0.0 0.0 0.0 0.0 0.0 0.0 0.0 0.0 0.0 0.0 0.0 0.0 0.0 0.0 0.0 0.0 0.0 0.0 0.0 0.0 0.0 

