0.659158 0.996327 0.209675 0.157760 0.157075 0.768773 0.615427 0.398116 0.823617 0.785273 0.085753 0.526456 0.963288 0.567467 0.879990 0.956178 0.050636 0.866759 0.299206 0.048753 0.171147 0.101316 0.111180 0.495444 0.937727 
0.507178 0.374696 0.466238 0.928381 0.529151 0.956176 0.444465 0.509891 0.602239 0.791242 0.274857 0.518816 0.189828 0.956343 0.756085 0.935927 0.249395 0.993426 0.474815 0.426637 0.260519 0.956530 0.891511 0.185043 0.583433 
0.592826 0.067854 0.933898 0.781043 0.142065 0.953935 0.013288 0.807864 0.616074 0.677986 0.343194 0.447392 0.280045 0.049149 0.942040 0.480940 0.778776 0.854657 0.217478 0.971692 0.150328 0.075239 0.141605 0.835249 0.210386 
0.699759 0.468672 0.904650 0.691896 0.452696 0.293793 0.259906 0.515662 0.917436 0.648043 0.308486 0.296833 0.097758 0.151647 0.636579 0.572405 0.599009 0.121832 0.917303 0.577652 0.938988 0.625280 0.556480 0.036097 0.922913 
0.742049 0.482082 0.485234 0.141247 0.333622 0.349443 0.111694 0.055617 0.797252 0.750386 0.867306 0.739134 0.525716 0.373411 0.617660 0.378800 0.424121 0.768154 0.480000 0.715851 0.303355 0.306692 0.865635 0.996603 0.486282 
0.942977 0.135300 0.163701 0.170865 0.921280 0.510631 0.003265 0.073440 0.031919 0.188951 0.822464 0.827346 0.827708 0.470202 0.074670 0.950520 0.967283 0.121785 0.376011 0.334677 0.188651 0.998853 0.826041 0.672553 0.517973 
0.790311 0.825459 0.912747 0.934642 0.555186 0.397495 0.983721 0.967756 0.866746 0.290957 0.116829 0.842426 0.437044 0.393716 0.631032 0.189842 0.073605 0.638555 0.304992 0.961907 0.080000 0.502471 0.711033 0.413676 0.312884 
0.155282 0.369716 0.354665 0.793448 0.877548 0.891406 0.959895 0.643483 0.890211 0.883691 0.317562 0.943258 0.292354 0.371170 0.117772 0.575775 0.891210 0.779229 0.052947 0.011792 0.775625 0.356782 0.232083 0.747558 0.884385 
0.569522 0.352848 0.049841 0.279620 0.571481 0.622331 0.802261 0.664375 0.578521 0.757604 0.304782 0.139860 0.962695 0.650715 0.359049 0.824520 0.041663 0.445744 0.076869 0.164646 0.976730 0.235632 0.556561 0.803848 0.650655 
0.447667 0.378326 0.457563 0.762297 0.658343 0.555387 0.762730 0.014560 0.260231 0.850689 0.207622 0.823820 0.550253 0.771444 0.762279 0.374396 0.559613 0.550877 0.289094 0.249347 0.148804 0.908019 0.416051 0.940417 0.628794 
0.750903 0.023633 0.717472 0.170209 0.990276 0.883704 0.632354 0.642268 0.823161 0.004676 0.554401 0.770478 0.975920 0.812976 0.138256 0.980910 0.919293 0.256380 0.108817 0.769304 0.196326 0.611554 0.973668 0.010888 0.303341 
0.605331 0.463892 0.357912 0.514961 0.312932 0.071494 0.816365 0.842725 0.019314 0.858301 0.808346 0.047928 0.373037 0.095568 0.341809 0.525539 0.735958 0.474510 0.833738 0.491664 0.721036 0.609439 0.015426 0.564971 0.807748 
0.510889 0.177813 0.270758 0.063501 0.425944 0.969377 0.652699 0.038223 0.995072 0.656763 0.165120 0.802887 0.711120 0.419841 0.762572 0.156882 0.686349 0.678290 0.782392 0.156637 0.419328 0.337280 0.262103 0.384922 0.285696 
0.603319 0.314112 0.424606 0.224494 0.495494 0.072998 0.918318 0.113230 0.047174 0.454297 0.523917 0.997409 0.952131 0.205870 0.895217 0.278231 0.887298 0.583019 0.684264 0.796832 0.061267 0.668603 0.413895 0.237783 0.299946 
0.816815 0.481250 0.765617 0.939722 0.560722 0.274296 0.050042 0.841669 0.720640 0.557378 0.800128 0.129300 0.307065 0.893025 0.888635 0.569233 0.753700 0.535175 0.406301 0.863592 0.799578 0.948811 0.097546 0.903298 0.649729 
0.900683 0.394809 0.797436 0.091271 0.295560 0.919302 0.423112 0.334401 0.296553 0.607557 0.040817 0.446418 0.525077 0.915988 0.941468 0.154119 0.150110 0.276276 0.545565 0.171310 0.603972 0.509052 0.031764 0.153584 0.779563 
0.169064 0.952141 0.138987 0.178858 0.204614 0.143662 0.122200 0.828471 0.944592 0.231291 0.575686 0.240916 0.189630 0.870480 0.914355 0.620249 0.831096 0.989762 0.006700 0.332918 0.033982 0.040643 0.888676 0.061066 0.070921 
0.945420 0.160591 0.628892 0.905551 0.012346 0.060669 0.987895 0.622133 0.855478 0.383881 0.550898 0.452384 0.766729 0.467692 0.590534 0.905152 0.077789 0.855222 0.518799 0.630371 0.727445 0.922497 0.554738 0.658054 0.637231 
0.146504 0.052541 0.595650 0.658795 0.280417 0.481542 0.501981 0.693171 0.418940 0.541054 0.868147 0.006823 0.476564 0.124860 0.167265 0.780099 0.074338 0.321216 0.488291 0.192796 0.754169 0.164272 0.793462 0.155867 0.655994 
0.405665 0.339574 0.814987 0.537313 0.091625 0.311669 0.078029 0.931080 0.450289 0.103148 0.297799 0.921500 0.701298 0.730656 0.362755 0.033463 0.926668 0.059160 0.875570 0.049904 0.715509 0.229078 0.718263 0.763147 0.531667 
0.044109 0.493098 0.457848 0.549946 0.332793 0.616724 0.440626 0.111595 0.436375 0.135890 0.261528 0.401266 0.512642 0.803953 0.422760 0.894522 0.205690 0.395376 0.067906 0.835303 0.306324 0.226286 0.049501 0.529735 0.878478 
0.849991 0.630790 0.347163 0.779845 0.275034 0.838921 0.513958 0.692644 0.379579 0.723589 0.135674 0.799179 0.586577 0.452958 0.120390 0.533575 0.946789 0.054515 0.629830 0.321111 0.350308 0.928222 0.542398 0.099215 0.513100 
0.341614 0.506667 0.897120 0.032670 0.274454 0.231424 0.670224 0.548654 0.809686 0.942065 0.221668 0.536018 0.563850 0.622171 0.895586 0.096670 0.903984 0.687564 0.271559 0.934146 0.629521 0.838946 0.427538 0.311252 0.175249 
0.459399 0.784267 0.622121 0.821088 0.777226 0.264465 0.101279 0.562059 0.895791 0.976510 0.521616 0.672070 0.252553 0.039710 0.323080 0.737923 0.313079 0.585279 0.952952 0.710690 0.843690 0.954131 0.013313 0.544525 0.267377 
0.112677 0.424795 0.772099 0.484475 0.679039 0.311918 0.249603 0.890631 0.938432 0.317270 0.657302 0.329029 0.784865 0.988908 0.767010 0.405801 0.987812 0.732708 0.559577 0.685019 0.412243 0.891707 0.714366 0.481591 0.198743 

0.025348 0.973888 0.741972 0.851745 0.974081 0.087897 0.268496 0.560692 0.409052 0.791571 0.738318 0.138832 0.449394 0.880819 0.490595 0.069045 0.714255 0.381473 0.179876 0.656811 0.383954 0.899600 0.672495 0.011008 0.580568 
0.134943 0.390508 0.020960 0.447277 0.581187 0.446778 0.411726 0.191540 0.088044 0.987235 0.351681 0.935563 0.240242 0.875237 0.842383 0.075076 0.541844 0.178186 0.107900 0.058482 0.279879 0.852835 0.795074 0.190515 0.238645 
0.208109 0.501012 0.426142 0.756565 0.035263 0.825060 0.786658 0.976462 0.898812 0.335730 0.576989 0.801195 0.305599 0.291465 0.114960 0.134898 0.419398 0.507338 0.035471 0.539335 0.552050 0.101720 0.819705 0.476645 0.246431 
0.941046 0.897060 0.227821 0.746549 0.617786 0.986734 0.685369 0.566956 0.109424 0.698809 0.326263 0.535116 0.735265 0.990650 0.285040 0.241763 0.161159 0.901940 0.310551 0.544496 0.779945 0.396857 0.337225 0.940267 0.271820 
0.110960 0.304196 0.207520 0.146234 0.323211 0.960947 0.214024 0.308054 0.486464 0.693188 0.503460 0.392160 0.103192 0.483572 0.976422 0.344278 0.866156 0.807018 0.083280 0.652486 0.605111 0.322700 0.027732 0.332446 0.739160 
0.024371 0.417798 0.344073 0.170026 0.901580 0.357799 0.631507 0.668682 0.466891 0.330299 0.288571 0.388039 0.199081 0.410646 0.887462 0.373410 0.671648 0.548419 0.291882 0.057937 0.503597 0.517446 0.373122 0.161587 0.260544 
0.316428 0.658780 0.807802 0.690529 0.149372 0.100986 0.723194 0.718243 0.759375 0.831484 0.972224 0.900959 0.180734 0.322764 0.928862 0.751158 0.380367 0.514769 0.362279 0.871874 0.738726 0.549479 0.050545 0.176202 0.875619 
0.380658 0.329983 0.195922 0.555768 0.081886 0.180451 0.145882 0.507635 0.455396 0.567782 0.945374 0.326165 0.797119 0.503753 0.576215 0.831669 0.759071 0.967916 0.283043 0.131805 0.344627 0.800550 0.544999 0.063074 0.208325 
0.529923 0.132752 0.632268 0.460228 0.524170 0.223070 0.283775 0.672059 0.102920 0.016364 0.131464 0.821210 0.318182 0.654891 0.725297 0.970826 0.075034 0.664674 0.257091 0.096869 0.500867 0.386079 0.748916 0.681051 0.841938 
0.208179 0.371965 0.286955 0.163799 0.272598 0.192321 0.514088 0.665930 0.077776 0.568710 0.065463 0.438970 0.722637 0.580990 0.901174 0.380126 0.702067 0.993260 0.872102 0.329222 0.266171 0.411628 0.389868 0.073573 0.299911 
0.820007 0.368279 0.968935 0.767856 0.450638 0.978112 0.242405 0.682599 0.316079 0.953545 0.740859 0.460693 0.019026 0.889362 0.037436 0.921963 0.020104 0.026488 0.975772 0.721703 0.424441 0.561089 0.456424 0.578925 0.213827 
0.469348 0.986301 0.320493 0.147570 0.967387 0.688127 0.311006 0.325689 0.533387 0.044175 0.385831 0.051652 0.408338 0.032649 0.398447 0.746804 0.587540 0.373612 0.080510 0.218310 0.895198 0.833301 0.147788 0.111808 0.994945 
0.375477 0.383055 0.918809 0.315152 0.053547 0.389034 0.984448 0.657148 0.807058 0.573311 0.403407 0.497722 0.007659 0.153566 0.659244 0.871846 0.800375 0.209668 0.947188 0.456455 0.120560 0.241828 0.630760 0.464993 0.953830 
0.483189 0.136411 0.134651 0.165731 0.947531 0.524344 0.224170 0.150189 0.158784 0.938904 0.296486 0.197628 0.418537 0.287957 0.693471 0.850045 0.552453 0.012707 0.833860 0.426524 0.540214 0.833332 0.778276 0.330403 0.323070 
0.842446 0.431985 0.869804 0.116911 0.812680 0.421274 0.432756 0.855652 0.197950 0.646320 0.635240 0.582901 0.517011 0.817600 0.193578 0.210218 0.959289 0.732107 0.515030 0.774131 0.578075 0.964143 0.277014 0.870146 0.787834 
0.717688 0.564072 0.233651 0.300070 0.842742 0.057331 0.618317 0.389897 0.045653 0.761107 0.407548 0.914287 0.709548 0.792189 0.336849 0.609712 0.763108 0.093033 0.034983 0.540414 0.906995 0.650818 0.650037 0.429798 0.839886 
0.103702 0.715379 0.186976 0.603977 0.444486 0.775615 0.406912 0.107623 0.815568 0.522333 0.338959 0.326098 0.359203 0.681271 0.233861 0.684589 0.963881 0.844729 0.629309 0.926883 0.405158 0.138910 0.881090 0.475771 0.318284 
0.715825 0.127723 0.444852 0.505351 0.606054 0.204182 0.170056 0.597970 0.251996 0.726930 0.518184 0.941669 0.746471 0.193794 0.107127 0.823089 0.746486 0.028946 0.170378 0.247057 0.357560 0.572895 0.802511 0.070231 0.032331 
0.811604 0.847508 0.785383 0.543630 0.979620 0.395633 0.860656 0.291568 0.171112 0.310874 0.607320 0.595600 0.418985 0.157551 0.820121 0.510695 0.665345 0.665454 0.707119 0.579059 0.142032 0.924120 0.805924 0.503256 0.508394 
0.986979 0.849594 0.323145 0.255459 0.238333 0.100463 0.796976 0.753493 0.999106 0.898802 0.259905 0.025560 0.057652 0.293118 0.655167 0.853418 0.253610 0.326292 0.005209 0.935215 0.012736 0.769500 0.789483 0.727435 0.601500 
0.383046 0.591377 0.708489 0.053741 0.132880 0.843725 0.013039 0.213085 0.815914 0.752023 0.855942 0.292584 0.629668 0.935695 0.744178 0.796942 0.843778 0.698324 0.174479 0.281467 0.276158 0.912702 0.930241 0.571200 0.025554 
0.768212 0.697848 0.816040 0.931109 0.599881 0.859757 0.891743 0.729003 0.621407 0.963136 0.237360 0.422261 0.623704 0.411203 0.937306 0.560799 0.465277 0.154024 0.357610 0.604654 0.444249 0.379930 0.086100 0.126833 0.900627 
0.518656 0.297949 0.202728 0.815862 0.888792 0.479400 0.407380 0.451509 0.641897 0.182538 0.165517 0.875509 0.946811 0.202497 0.460308 0.555373 0.113231 0.190198 0.924229 0.824764 0.306387 0.290901 0.037676 0.974772 0.077418 
0.139667 0.091758 0.623546 0.588369 0.559008 0.961836 0.836141 0.812838 0.636790 0.114912 0.366928 0.322892 0.463770 0.835332 0.609727 0.208626 0.214775 0.069094 0.445197 0.672969 0.108375 0.319524 0.130660 0.054147 0.942642 
0.197808 0.064816 0.766376 0.271322 0.814666 0.334218 0.772887 0.468936 0.990122 0.676347 0.497892 0.659793 0.654286 0.781091 0.226330 0.827173 0.062599 0.670716 0.154243 0.177379 0.386608 0.482026 0.491691 0.104864 0.216541 

1.007849 0.228141 -1.245820 -0.906247 -1.233996 0.617676 0.545570 -0.410738 1.218410 -0.255347 -1.299340 0.331928 0.815722 -0.793782 0.570445 1.857294 1.082527 -0.121325 -0.037549 0.985517 0.622348 2.032388 1.287620 -0.941517 -0.530817 
0.452987 -0.139927 1.172805 1.341590 -0.201396 0.184000 0.119643 0.885100 0.961276 -0.115372 -1.229252 -0.893332 -0.125551 0.020453 -0.694289 -0.769195 0.407506 -0.797968 -0.622420 -0.198404 0.679930 0.940252 1.038890 0.341105 -0.108293 
0.449401 -0.684162 0.846530 -0.365392 0.102029 0.435683 -1.125752 -0.791659 -0.750417 0.819193 -0.544583 -0.523898 0.211464 -0.294234 1.124151 -0.074336 0.296714 0.472113 0.107059 0.329632 1.130676 -0.198660 1.390012 0.041367 0.838137 
-0.782540 -0.991741 1.097628 -0.052094 0.047569 -1.817357 -1.161853 0.068180 1.688616 0.079964 0.118330 -0.436071 -1.458136 -1.383782 0.103720 0.179731 -0.578967 1.296206 -0.305758 0.353789 0.027527 0.154768 0.089052 1.906652 -0.227316 
1.551668 0.692381 1.481173 -0.494922 -0.154060 -1.233375 -0.341896 -0.344377 0.930475 0.240905 0.755836 -0.438114 -0.198643 0.620753 1.736194 -0.002876 0.648327 0.881206 -0.408109 0.622989 0.506464 0.709498 -0.837099 -0.973335 1.228382 
1.764376 0.136231 -0.362358 0.089295 0.155232 0.592167 -1.574956 0.409902 0.442254 0.108176 1.424567 -0.788541 -0.321020 0.637260 1.485067 -0.184870 0.073305 0.476670 -0.107063 -0.408344 0.407646 -0.482314 -0.175982 0.020222 0.105477 
0.666533 0.222764 0.348767 0.115191 1.136635 0.895665 0.525659 1.386849 1.655782 1.092011 1.187483 2.025342 1.129995 0.313637 1.189546 1.189515 0.889707 0.470265 0.437848 0.674699 1.443355 1.139770 -0.279330 -1.042818 1.474651 
-0.314315 -0.358293 0.712229 -0.240029 1.162147 0.819045 1.025879 1.420184 1.481921 1.366020 1.590724 1.103854 1.360179 0.523372 0.839944 -1.531125 0.614483 1.471370 0.042377 -0.776395 0.289166 1.196124 1.237086 -0.740123 -0.094787 
0.508466 0.663189 -1.464580 -0.172970 0.180182 0.969721 0.821585 1.647875 1.298914 0.698756 0.350196 1.567947 1.376660 -2.737485 0.945396 -2.475345 0.386950 0.573832 -0.496067 0.000800 0.340761 0.177350 0.623971 0.472213 0.872310 
0.967487 0.335678 0.681970 1.219352 0.331116 0.133604 1.770285 0.508920 -0.073520 1.118325 0.523861 1.772458 1.598295 -2.058881 -2.517514 -0.975649 -1.656652 -1.561502 0.198988 0.085581 -0.284616 0.229775 0.235772 -1.160469 -0.285964 
-0.663421 -0.995903 -0.944367 -1.811105 1.617047 1.855685 0.589816 1.081401 1.140276 1.239518 1.308679 1.472005 0.846235 -1.992999 -0.475516 -3.723750 -1.526570 -0.584534 -1.071568 -2.180062 -0.178771 0.314474 0.098505 0.974555 0.258445 
0.416957 -1.801066 -0.092325 0.221099 1.659134 0.843578 0.829474 1.055670 0.249184 0.995408 0.839496 -0.528051 -1.080104 -0.534501 -0.752995 -2.304736 -1.875077 -2.080052 -1.760650 0.042649 -0.395712 0.121391 0.203736 0.094292 -0.438055 
0.441751 -0.534751 -1.319825 0.741011 0.359532 1.383677 1.804096 0.081450 1.658444 1.093781 0.808713 -1.609574 -1.448638 -0.895587 -1.936126 -1.133484 -2.193322 -0.531277 -0.125681 -0.050295 0.355801 -0.153036 -0.479793 -0.120398 0.279567 
0.369412 0.428516 0.757844 -0.147241 1.219415 0.891197 1.051587 0.071537 -0.040063 1.144309 -1.612992 -2.837073 -2.360839 -0.338173 -2.762584 -1.970525 -2.199820 -1.762681 -2.220942 -2.068865 -0.511134 0.498473 0.362645 -0.143549 0.086052 
0.228997 0.949608 1.259464 1.482738 1.513947 0.926011 0.533245 2.047568 1.166075 0.757293 -1.821599 -0.896213 -0.755831 -3.003815 -2.125522 -1.649392 -2.846379 -2.197218 -0.221103 -0.533892 -0.034190 -0.040110 -0.138482 -0.134613 0.656392 
0.317417 -1.088065 1.253962 0.354495 0.975380 0.843779 1.033949 0.673257 0.164866 -1.649391 -0.377246 -1.784111 -1.546416 -3.358701 -2.001132 -0.812205 -1.272012 0.391773 0.285848 -0.205930 0.184318 -0.137559 0.384564 -0.046828 0.144170 
0.479914 0.361029 0.511103 0.815044 0.797520 1.217233 0.694482 1.264183 2.003028 -0.838601 -1.888940 -0.582601 -0.992137 -2.407853 -2.641294 -2.093977 -2.332339 -2.992062 -0.354045 -0.267533 0.152306 0.501551 0.070369 -0.400346 0.472126 
0.264876 0.358114 0.486239 1.605395 0.787483 0.137300 1.394644 1.039122 1.552169 1.526141 -2.043913 -1.755744 -2.684441 -1.255584 -1.444871 -2.252592 -1.002720 -1.788743 -0.098951 -0.050098 0.028403 0.078104 -0.159259 0.419662 0.395853 
-1.182287 -1.511901 1.794566 0.979843 0.856834 1.103812 1.593718 0.912455 0.221310 0.561730 -2.697713 -0.986188 -1.304134 -0.900017 -1.361825 -2.194922 -1.139208 -1.603358 -1.587840 -0.256220 0.218036 0.271018 0.097511 0.071280 -0.111780 
-0.485471 -0.887765 1.111650 0.852117 0.355430 0.857098 0.799903 1.399607 1.780357 1.502976 -0.814787 -1.902034 -1.685467 -1.576885 -1.834943 -1.097886 -1.972124 -0.363916 -0.009351 -0.099548 -0.259535 -0.342811 -0.138367 0.118825 0.024931 
-0.565086 0.086069 -0.221746 0.169372 -0.295031 1.390121 0.089806 0.150621 1.567428 0.969225 -1.665680 -1.041103 -2.116712 -2.501599 -1.684877 -2.492110 -1.174165 -1.371483 -0.751042 0.339694 0.108019 -0.357799 0.188300 0.021349 -0.279426 
0.110560 -0.255136 1.251252 1.380944 0.405581 -2.379565 -2.257793 1.364656 1.041368 1.655098 -0.592011 -1.649810 -1.326992 -0.214564 -0.811413 -1.518096 -2.023038 -0.214563 -0.458461 -0.347379 0.064623 0.247981 -0.144507 0.064404 0.121527 
-0.125633 0.371304 1.244461 0.620640 -1.429172 -0.918597 -1.801859 0.932018 1.199630 1.208647 -0.474258 -1.784659 -2.345642 0.408523 -0.100445 -1.414504 -1.944763 -0.141438 0.641318 0.153423 -0.464757 0.136918 -0.796972 -0.035946 0.416850 
0.889124 0.870201 0.852898 1.467624 1.895375 -1.672425 -0.787748 -1.867097 -2.145953 -2.087917 -1.779721 -1.546006 -1.418227 -0.587991 -0.160550 -2.183231 0.297834 -0.201786 0.043480 -0.112075 0.224657 -0.092498 0.515679 0.164660 -0.214575 
-0.175877 0.847040 1.876026 -1.106834 -2.404124 -0.918830 -1.386684 -2.444254 -2.881130 -0.850690 -1.658335 -1.377577 -2.244694 -2.568437 0.219449 -0.672945 -0.154719 -0.003913 0.088227 0.084245 0.545147 0.385978 -0.515240 0.381506 -0.054178 

3 3 3 3 3 3 3 3 3 3 3 3 3 3 3 3 4 4 4 4 4 4 4 4 4 
3 3 3 3 3 3 3 3 3 3 3 3 3 3 3 4 4 4 4 4 4 4 4 4 4 
3 3 3 3 3 3 3 3 3 3 3 3 3 3 3 4 4 4 4 4 4 4 4 4 4 
3 3 3 3 3 3 3 3 3 3 3 3 3 3 4 4 4 4 4 4 4 4 4 4 4 
3 3 3 3 3 3 3 3 3 3 3 4 4 4 4 4 4 4 4 4 4 4 4 4 4 
3 3 3 3 3 3 3 0 0 3 3 4 4 4 4 4 4 4 4 4 4 4 4 4 4 
3 3 3 3 3 3 3 0 0 0 0 0 0 4 4 4 4 4 4 4 4 4 4 4 4 
3 3 3 3 3 0 0 0 0 0 0 0 4 4 4 1 4 4 4 4 4 4 4 4 4 
3 3 3 3 3 3 0 0 0 0 0 0 0 1 4 1 1 4 4 4 4 4 4 4 4 
3 3 3 3 3 0 0 0 0 0 0 0 0 1 1 1 1 1 2 2 2 4 4 4 4 
3 3 3 3 3 0 0 0 0 0 0 0 0 1 1 1 1 1 1 1 2 2 2 4 2 
3 3 3 0 0 0 0 0 0 0 0 0 1 1 1 1 1 1 1 2 2 2 2 2 2 
3 3 3 0 0 0 0 0 0 0 0 1 1 1 1 1 1 2 2 2 2 2 2 2 2 
3 3 0 0 0 0 0 0 0 0 1 1 1 1 1 1 1 1 1 1 2 2 2 2 2 
3 0 0 0 0 0 0 0 0 0 1 1 1 1 1 1 1 1 2 2 2 2 2 2 2 
3 3 0 0 0 0 0 0 0 1 1 1 1 1 1 1 1 2 2 2 2 2 2 2 2 
3 3 0 0 0 0 0 0 0 1 1 1 1 1 1 1 1 1 2 2 2 2 2 2 2 
3 0 0 0 0 0 0 0 0 0 1 1 1 1 1 1 1 1 2 2 2 2 2 2 2 
3 3 0 0 0 0 0 0 0 0 1 1 1 1 1 1 1 1 1 2 2 2 2 2 2 
3 3 0 0 0 0 0 0 0 0 1 1 1 1 1 1 1 1 2 2 2 2 2 2 2 
3 3 3 0 0 0 0 0 0 0 1 1 1 1 1 1 1 1 2 2 2 2 2 2 2 
3 3 0 0 0 1 1 0 0 0 1 1 1 2 1 1 1 1 2 2 2 2 2 2 2 
3 3 0 0 1 1 1 0 0 0 1 1 1 2 2 1 1 2 2 2 2 2 2 2 2 
3 3 0 0 0 1 1 1 1 1 1 1 1 1 2 1 2 2 2 2 2 2 2 2 2 
3 3 0 1 1 1 1 1 1 1 1 1 1 1 2 2 2 2 2 2 2 2 2 2 2 

2.0 2.0 2.0 2.0 2.0 2.0 2.0 2.0 2.0 2.0 2.0 2.0 2.0 2.0 2.0 2.0 -1.0 -1.0 -1.0 -1.0 -1.0 -1.0 -1.0 -1.0 -1.0 
2.0 2.0 2.0 2.0 2.0 2.0 2.0 2.0 2.0 2.0 2.0 2.0 2.0 2.0 2.0 -1.0 -1.0 -1.0 -1.0 -1.0 -1.0 -1.0 -1.0 -1.0 -1.0 
2.0 2.0 2.0 2.0 2.0 2.0 2.0 2.0 2.0 2.0 2.0 2.0 2.0 2.0 2.0 -1.0 -1.0 -1.0 -1.0 -1.0 -1.0 -1.0 -1.0 -1.0 -1.0 
2.0 2.0 2.0 2.0 2.0 2.0 2.0 2.0 2.0 2.0 2.0 2.0 2.0 2.0 -1.0 -1.0 -1.0 -1.0 -1.0 -1.0 -1.0 -1.0 -1.0 -1.0 -1.0 
2.0 2.0 2.0 2.0 2.0 2.0 2.0 2.0 2.0 2.0 2.0 -1.0 -1.0 -1.0 -1.0 -1.0 -1.0 -1.0 -1.0 -1.0 -1.0 -1.0 -1.0 -1.0 -1.0 
2.0 2.0 2.0 2.0 2.0 2.0 2.0 1.0 1.0 2.0 2.0 -1.0 -1.0 -1.0 -1.0 -1.0 -1.0 -1.0 -1.0 -1.0 -1.0 -1.0 -1.0 -1.0 -1.0 
2.0 2.0 2.0 2.0 2.0 2.0 2.0 1.0 1.0 1.0 1.0 1.0 1.0 -1.0 -1.0 -1.0 -1.0 -1.0 -1.0 -1.0 -1.0 -1.0 -1.0 -1.0 -1.0 
2.0 2.0 2.0 2.0 2.0 1.0 1.0 1.0 1.0 1.0 1.0 1.0 -1.0 -1.0 -1.0 -2.0 -1.0 -1.0 -1.0 -1.0 -1.0 -1.0 -1.0 -1.0 -1.0 
2.0 2.0 2.0 2.0 2.0 2.0 1.0 1.0 1.0 1.0 1.0 1.0 1.0 -2.0 -1.0 -2.0 -2.0 -1.0 -1.0 -1.0 -1.0 -1.0 -1.0 -1.0 -1.0 
2.0 2.0 2.0 2.0 2.0 1.0 1.0 1.0 1.0 1.0 1.0 1.0 1.0 -2.0 -2.0 -2.0 -2.0 -2.0 0.0 0.0 0.0 -1.0 -1.0 -1.0 -1.0 
2.0 2.0 2.0 2.0 2.0 1.0 1.0 1.0 1.0 1.0 1.0 1.0 1.0 -2.0 -2.0 -2.0 -2.0 -2.0 -2.0 -2.0 0.0 0.0 0.0 -1.0 0.0 
2.0 2.0 2.0 1.0 1.0 1.0 1.0 1.0 1.0 1.0 1.0 1.0 -2.0 -2.0 -2.0 -2.0 -2.0 -2.0 -2.0 0.0 0.0 0.0 0.0 0.0 0.0 
2.0 2.0 2.0 1.0 1.0 1.0 1.0 1.0 1.0 1.0 1.0 -2.0 -2.0 -2.0 -2.0 -2.0 -2.0 0.0 0.0 0.0 0.0 0.0 0.0 0.0 0.0 
2.0 2.0 1.0 1.0 1.0 1.0 1.0 1.0 1.0 1.0 -2.0 -2.0 -2.0 -2.0 -2.0 -2.0 -2.0 -2.0 -2.0 -2.0 0.0 0.0 0.0 0.0 0.0 
2.0 1.0 1.0 1.0 1.0 1.0 1.0 1.0 1.0 1.0 -2.0 -2.0 -2.0 -2.0 -2.0 -2.0 -2.0 -2.0 0.0 0.0 0.0 0.0 0.0 0.0 0.0 
2.0 2.0 1.0 1.0 1.0 1.0 1.0 1.0 1.0 -2.0 -2.0 -2.0 -2.0 -2.0 -2.0 -2.0 -2.0 0.0 0.0 0.0 0.0 0.0 0.0 0.0 0.0 
2.0 2.0 1.0 1.0 1.0 1.0 1.0 1.0 1.0 -2.0 -2.0 -2.0 -2.0 -2.0 -2.0 -2.0 -2.0 -2.0 0.0 0.0 0.0 0.0 0.0 0.0 0.0 
2.0 1.0 1.0 1.0 1.0 1.0 1.0 1.0 1.0 1.0 -2.0 -2.0 -2.0 -2.0 -2.0 -2.0 -2.0 -2.0 0.0 0.0 0.0 0.0 0.0 0.0 0.0 
2.0 2.0 1.0 1.0 1.0 1.0 1.0 1.0 1.0 1.0 -2.0 -2.0 -2.0 -2.0 -2.0 -2.0 -2.0 -2.0 -2.0 0.0 0.0 0.0 0.0 0.0 0.0 
2.0 2.0 1.0 1.0 1.0 1.0 1.0 1.0 1.0 1.0 -2.0 -2.0 -2.0 -2.0 -2.0 -2.0 -2.0 -2.0 0.0 0.0 0.0 0.0 0.0 0.0 0.0 
2.0 2.0 2.0 1.0 1.0 1.0 1.0 1.0 1.0 1.0 -2.0 -2.0 -2.0 -2.0 -2.0 -2.0 -2.0 -2.0 0.0 0.0 0.0 0.0 0.0 0.0 0.0 
2.0 2.0 1.0 1.0 1.0 -2.0 -2.0 1.0 1.0 1.0 -2.0 -2.0 -2.0 0.0 -2.0 -2.0 -2.0 -2.0 0.0 0.0 0.0 0.0 0.0 0.0 0.0 
2.0 2.0 1.0 1.0 -2.0 -2.0 -2.0 1.0 1.0 1.0 -2.0 -2.0 -2.0 0.0 0.0 -2.0 -2.0 0.0 0.0 0.0 0.0 0.0 0.0 0.0 0.0 
2.0 2.0 1.0 1.0 1.0 -2.0 -2.0 -2.0 -2.0 -2.0 -2.0 -2.0 -2.0 -2.0 0.0 -2.0 0.0 0.0 0.0 0.0 0.0 0.0 0.0 0.0 0.0 
2.0 2.0 1.0 -2.0 -2.0 -2.0 -2.0 -2.0 -2.0 -2.0 -2.0 -2.0 -2.0 -2.0 0.0 0.0 0.0 0.0 0.0 0.0 0.0 0.0 0.0 0.0 0.0 

-2.0 -2.0 -2.0 -2.0 -2.0 -2.0 -2.0 -2.0 -2.0 -2.0 -2.0 -2.0 -2.0 -2.0 -2.0 -2.0 2.0 2.0 2.0 2.0 2.0 2.0 2.0 2.0 2.0 
-2.0 -2.0 -2.0 -2.0 -2.0 -2.0 -2.0 -2.0 -2.0 -2.0 -2.0 -2.0 -2.0 -2.0 -2.0 2.0 2.0 2.0 2.0 2.0 2.0 2.0 2.0 2.0 2.0 
-2.0 -2.0 -2.0 -2.0 -2.0 -2.0 -2.0 -2.0 -2.0 -2.0 -2.0 -2.0 -2.0 -2.0 -2.0 2.0 2.0 2.0 2.0 2.0 2.0 2.0 2.0 2.0 2.0 
-2.0 -2.0 -2.0 -2.0 -2.0 -2.0 -2.0 -2.0 -2.0 -2.0 -2.0 -2.0 -2.0 -2.0 2.0 2.0 2.0 2.0 2.0 2.0 2.0 2.0 2.0 2.0 2.0 
-2.0 -2.0 -2.0 -2.0 -2.0 -2.0 -2.0 -2.0 -2.0 -2.0 -2.0 2.0 2.0 2.0 2.0 2.0 2.0 2.0 2.0 2.0 2.0 2.0 2.0 2.0 2.0 
-2.0 -2.0 -2.0 -2.0 -2.0 -2.0 -2.0 1.0 1.0 -2.0 -2.0 2.0 2.0 2.0 2.0 2.0 2.0 2.0 2.0 2.0 2.0 2.0 2.0 2.0 2.0 
-2.0 -2.0 -2.0 -2.0 -2.0 -2.0 -2.0 1.0 1.0 1.0 1.0 1.0 1.0 2.0 2.0 2.0 2.0 2.0 2.0 2.0 2.0 2.0 2.0 2.0 2.0 
-2.0 -2.0 -2.0 -2.0 -2.0 1.0 1.0 1.0 1.0 1.0 1.0 1.0 2.0 2.0 2.0 -1.0 2.0 2.0 2.0 2.0 2.0 2.0 2.0 2.0 2.0 
-2.0 -2.0 -2.0 -2.0 -2.0 -2.0 1.0 1.0 1.0 1.0 1.0 1.0 1.0 -1.0 2.0 -1.0 -1.0 2.0 2.0 2.0 2.0 2.0 2.0 2.0 2.0 
-2.0 -2.0 -2.0 -2.0 -2.0 1.0 1.0 1.0 1.0 1.0 1.0 1.0 1.0 -1.0 -1.0 -1.0 -1.0 -1.0 0.0 0.0 0.0 2.0 2.0 2.0 2.0 
-2.0 -2.0 -2.0 -2.0 -2.0 1.0 1.0 1.0 1.0 1.0 1.0 1.0 1.0 -1.0 -1.0 -1.0 -1.0 -1.0 -1.0 -1.0 0.0 0.0 0.0 2.0 0.0 
-2.0 -2.0 -2.0 1.0 1.0 1.0 1.0 1.0 1.0 1.0 1.0 1.0 -1.0 -1.0 -1.0 -1.0 -1.0 -1.0 -1.0 0.0 0.0 0.0 0.0 0.0 0.0 
-2.0 -2.0 -2.0 1.0 1.0 1.0 1.0 1.0 1.0 1.0 1.0 -1.0 -1.0 -1.0 -1.0 -1.0 -1.0 0.0 0.0 0.0 0.0 0.0 0.0 0.0 0.0 
-2.0 -2.0 1.0 1.0 1.0 1.0 1.0 1.0 1.0 1.0 -1.0 -1.0 -1.0 -1.0 -1.0 -1.0 -1.0 -1.0 -1.0 -1.0 0.0 0.0 0.0 0.0 0.0 
-2.0 1.0 1.0 1.0 1.0 1.0 1.0 1.0 1.0 1.0 -1.0 -1.0 -1.0 -1.0 -1.0 -1.0 -1.0 -1.0 0.0 0.0 0.0 0.0 0.0 0.0 0.0 
-2.0 -2.0 1.0 1.0 1.0 1.0 1.0 1.0 1.0 -1.0 -1.0 -1.0 -1.0 -1.0 -1.0 -1.0 -1.0 0.0 0.0 0.0 0.0 0.0 0.0 0.0 0.0 
-2.0 -2.0 1.0 1.0 1.0 1.0 1.0 1.0 1.0 -1.0 -1.0 -1.0 -1.0 -1.0 -1.0 -1.0 -1.0 -1.0 0.0 0.0 0.0 0.0 0.0 0.0 0.0 
-2.0 1.0 1.0 1.0 1.0 1.0 1.0 1.0 1.0 1.0 -1.0 -1.0 -1.0 -1.0 -1.0 -1.0 -1.0 -1.0 0.0 0.0 0.0 0.0 0.0 0.0 0.0 
-2.0 -2.0 1.0 1.0 1.0 1.0 1.0 1.0 1.0 1.0 -1.0 -1.0 -1.0 -1.0 -1.0 -1.0 -1.0 -1.0 -1.0 0.0 0.0 0.0 0.0 0.0 0.0 
-2.0 -2.0 1.0 1.0 1.0 1.0 1.0 1.0 1.0 1.0 -1.0 -1.0 -1.0 -1.0 -1.0 -1.0 -1.0 -1.0 0.0 0.0 0.0 0.0 0.0 0.0 0.0 
-2.0 -2.0 -2.0 1.0 1.0 1.0 1.0 1.0 1.0 1.0 -1.0 -1.0 -1.0 -1.0 -1.0 -1.0 -1.0 -1.0 0.0 0.0 0.0 0.0 0.0 0.0 0.0 
-2.0 -2.0 1.0 1.0 1.0 -1.0 -1.0 1.0 1.0 1.0 -1.0 -1.0 -1.0 0.0 -1.0 -1.0 -1.0 -1.0 0.0 0.0 0.0 0.0 0.0 0.0 0.0 
-2.0 -2.0 1.0 1.0 -1.0 -1.0 -1.0 1.0 1.0 1.0 -1.0 -1.0 -1.0 0.0 0.0 -1.0 -1.0 0.0 0.0 0.0 0.0 0.0 0.0 0.0 0.0 
-2.0 -2.0 1.0 1.0 1.0 -1.0 -1.0 -1.0 -1.0 -1.0 -1.0 -1.0 -1.0 -1.0 0.0 -1.0 0.0 0.0 0.0 0.0 0.0 0.0 0.0 0.0 0.0 
-2.0 -2.0 1.0 -1.0 -1.0 -1.0 -1.0 -1.0 -1.0 -1.0 -1.0 -1.0 -1.0 -1.0 0.0 0.0 0.0 0.0 0.0 0.0 0.0 0.0 0.0 0.0 0.0 

