0.413188 0.366782 0.079011 0.945937 0.501174 0.894074 0.913051 0.341495 0.015994 0.465862 0.653609 0.681459 0.004783 0.690174 0.354340 0.996005 0.240138 0.249018 0.662825 0.631990 0.828405 0.924263 0.894061 0.256945 0.625730 
0.996723 0.336774 0.494973 0.184132 0.726270 0.254782 0.421138 0.039367 0.258651 0.208472 0.759967 0.122412 0.787052 0.006615 0.647839 0.066343 0.130930 0.626194 0.175168 0.854580 0.066650 0.706453 0.813905 0.456827 0.057579 
0.846277 0.739141 0.301139 0.617092 0.031892 0.154266 0.237373 0.878947 0.446892 0.688095 0.569900 0.697475 0.896794 0.193765 0.216281 0.139614 0.080588 0.261470 0.012262 0.300011 0.909920 0.137362 0.406734 0.737456 0.098025 
0.850264 0.688499 0.781996 0.485790 0.090748 0.484120 0.566376 0.339046 0.450040 0.159501 0.798098 0.671741 0.098913 0.691080 0.347665 0.605052 0.310663 0.718904 0.820426 0.755620 0.270191 0.495947 0.431335 0.521293 0.539970 
0.299784 0.161231 0.106357 0.949755 0.484775 0.373336 0.853301 0.245699 0.325685 0.944989 0.112252 0.375734 0.688490 0.456120 0.252399 0.914145 0.554698 0.316592 0.091612 0.661948 0.401766 0.133188 0.286269 0.056764 0.966440 
0.329357 0.629421 0.032423 0.099838 0.884975 0.915769 0.388943 0.617875 0.843985 0.458245 0.814769 0.235047 0.823340 0.809561 0.350595 0.324388 0.933337 0.631053 0.803529 0.317427 0.427690 0.713318 0.656125 0.998897 0.102709 
0.433064 0.608513 0.078079 0.634156 0.781224 0.514158 0.566449 0.147560 0.855612 0.547760 0.070911 0.874130 0.309044 0.054114 0.299339 0.189258 0.624518 0.100775 0.396111 0.709873 0.691233 0.853018 0.379094 0.380187 0.401642 
0.118487 0.072972 0.892252 0.397409 0.940349 0.451940 0.804166 0.662949 0.570566 0.071097 0.594170 0.429284 0.818645 0.116463 0.297632 0.631434 0.781516 0.281924 0.220834 0.900660 0.469961 0.015858 0.777140 0.396028 0.675572 
0.191155 0.443294 0.044634 0.769335 0.185270 0.778319 0.691463 0.289735 0.570099 0.981692 0.176458 0.868373 0.984102 0.656845 0.938652 0.004730 0.476936 0.021877 0.704063 0.006713 0.083924 0.865195 0.672432 0.032374 0.507151 
0.002974 0.176268 0.468299 0.628399 0.995761 0.967590 0.916641 0.151315 0.695658 0.898816 0.092456 0.305484 0.759140 0.180037 0.427084 0.918699 0.982928 0.375239 0.427739 0.006472 0.124429 0.454737 0.426404 0.846150 0.599093 
0.645440 0.909071 0.125628 0.084215 0.456954 0.949464 0.422089 0.244617 0.793827 0.096090 0.547729 0.864233 0.859023 0.825816 0.700334 0.777137 0.293877 0.113614 0.732460 0.758844 0.290344 0.584342 0.060619 0.305465 0.808704 
0.059589 0.216371 0.854208 0.011207 0.776558 0.634855 0.484353 0.703292 0.709051 0.851096 0.204050 0.817516 0.252194 0.793566 0.132669 0.922982 0.907071 0.692381 0.089733 0.527485 0.678768 0.683858 0.856399 0.860688 0.140550 
0.798076 0.552515 0.112975 0.700107 0.870254 0.627195 0.021663 0.614739 0.671175 0.584066 0.775342 0.487865 0.518507 0.387332 0.731157 0.968230 0.231105 0.039604 0.729405 0.343050 0.348598 0.855073 0.988767 0.451419 0.239515 
0.671223 0.569302 0.782323 0.642516 0.344588 0.627352 0.310908 0.243538 0.581385 0.184131 0.292418 0.202031 0.477442 0.663973 0.122926 0.279252 0.964804 0.227418 0.289711 0.136773 0.992610 0.354466 0.543480 0.036148 0.137324 
0.001616 0.913131 0.115202 0.572455 0.399041 0.383196 0.726561 0.110144 0.147181 0.387465 0.623507 0.504423 0.822351 0.371336 0.310775 0.313452 0.303300 0.413604 0.236644 0.754435 0.077920 0.667469 0.046934 0.775828 0.964976 
0.308400 0.836811 0.190624 0.781319 0.995974 0.743584 0.724457 0.259262 0.269898 0.698841 0.052084 0.448023 0.779514 0.915688 0.167615 0.773465 0.333999 0.720322 0.198938 0.605602 0.641841 0.963294 0.062768 0.877612 0.705802 
0.463499 0.102850 0.560285 0.748749 0.460215 0.067901 0.546061 0.813736 0.951697 0.725991 0.535067 0.839072 0.989099 0.976570 0.019492 0.184731 0.947299 0.375515 0.960126 0.335479 0.579998 0.004149 0.556865 0.978056 0.949732 
0.046247 0.031656 0.017174 0.684105 0.641662 0.671839 0.193544 0.905201 0.629393 0.432989 0.134230 0.637775 0.931519 0.678511 0.722312 0.100289 0.240568 0.086027 0.466840 0.363608 0.329978 0.241455 0.548707 0.142513 0.419271 
0.978677 0.049388 0.062965 0.224904 0.077302 0.415977 0.037894 0.645873 0.161428 0.741174 0.736531 0.850757 0.170480 0.974000 0.944158 0.672822 0.803725 0.481195 0.165843 0.347171 0.449670 0.138754 0.999138 0.207083 0.211886 
0.280693 0.768383 0.198037 0.309163 0.340452 0.308722 0.981845 0.027505 0.734009 0.885131 0.754864 0.451241 0.708783 0.427854 0.313856 0.807846 0.697973 0.544885 0.900055 0.222872 0.086533 0.933636 0.834857 0.236871 0.560772 
0.542578 0.801014 0.664759 0.129833 0.058399 0.768496 0.269291 0.521461 0.126225 0.195658 0.380293 0.427308 0.814712 0.840364 0.790161 0.674530 0.925177 0.196449 0.714386 0.538518 0.128883 0.057559 0.078588 0.998190 0.255615 
0.130173 0.230957 0.671999 0.755871 0.614530 0.386379 0.111761 0.379251 0.097352 0.929068 0.011453 0.958081 0.941389 0.334592 0.544063 0.171877 0.645537 0.334946 0.788758 0.198559 0.284825 0.172040 0.841222 0.719377 0.736996 
0.680302 0.611029 0.510181 0.960426 0.040056 0.248874 0.737566 0.793409 0.892158 0.270845 0.652715 0.932643 0.060363 0.553924 0.827645 0.285802 0.772809 0.549898 0.641219 0.658230 0.476729 0.830879 0.927011 0.040318 0.998963 
0.441708 0.338522 0.302405 0.531473 0.297935 0.042619 0.503939 0.906480 0.486252 0.645090 0.595751 0.851920 0.064517 0.494017 0.662249 0.768072 0.539759 0.572649 0.277032 0.825732 0.555644 0.361116 0.164712 0.445498 0.156000 
0.180935 0.897706 0.744883 0.873732 0.282159 0.380944 0.134509 0.600431 0.392608 0.200968 0.112577 0.264706 0.187690 0.051945 0.444252 0.781670 0.192800 0.069162 0.451889 0.200541 0.031300 0.441140 0.124554 0.592764 0.504473 

0.228317 0.897071 0.431085 0.585132 0.483734 0.086542 0.268005 0.272830 0.727530 0.648922 0.335527 0.014085 0.161681 0.001172 0.275679 0.642560 0.322046 0.468189 0.355000 0.985234 0.476293 0.815113 0.633467 0.320027 0.297289 
0.168959 0.312166 0.887092 0.687182 0.008766 0.157050 0.778452 0.124699 0.761171 0.378598 0.172215 0.553331 0.835053 0.979420 0.853570 0.678233 0.848240 0.736361 0.077082 0.887909 0.918183 0.208669 0.702392 0.638053 0.095302 
0.061361 0.215040 0.577100 0.654510 0.467617 0.547427 0.825436 0.865807 0.859975 0.524269 0.324959 0.951302 0.513205 0.452829 0.285592 0.734660 0.067833 0.723628 0.651638 0.106132 0.667965 0.713304 0.661539 0.107653 0.509775 
0.621086 0.576626 0.641770 0.541094 0.860624 0.266113 0.124255 0.482008 0.535731 0.414978 0.586421 0.027786 0.325358 0.343702 0.562722 0.946511 0.945447 0.317953 0.133033 0.491726 0.778614 0.103447 0.073343 0.926495 0.135654 
0.617300 0.477299 0.779365 0.806421 0.597654 0.950970 0.289925 0.684640 0.803210 0.384219 0.697732 0.315586 0.235461 0.635848 0.819292 0.279246 0.704453 0.491339 0.108463 0.785212 0.300116 0.722312 0.368634 0.440651 0.240330 
0.697461 0.357151 0.554903 0.466471 0.717681 0.025950 0.877814 0.523238 0.781172 0.042793 0.026102 0.682106 0.374986 0.738511 0.557392 0.812795 0.665752 0.988089 0.724245 0.787296 0.750683 0.912319 0.774758 0.374248 0.100322 
0.474318 0.278604 0.906743 0.514169 0.070808 0.625132 0.361716 0.692627 0.250299 0.701055 0.953505 0.712360 0.802267 0.647892 0.019741 0.042754 0.133696 0.588288 0.851577 0.801554 0.329743 0.941778 0.540058 0.900839 0.989524 
0.068446 0.777486 0.625264 0.851721 0.572223 0.718757 0.845709 0.162161 0.517982 0.524116 0.105812 0.159129 0.795867 0.714515 0.424464 0.827904 0.346896 0.425392 0.166484 0.643556 0.628995 0.292373 0.580852 0.423694 0.953939 
0.356884 0.136616 0.740052 0.061209 0.132379 0.370170 0.301356 0.487631 0.543454 0.880647 0.472212 0.667808 0.317322 0.703238 0.077982 0.531946 0.936582 0.535833 0.151709 0.667574 0.592490 0.404338 0.692797 0.846228 0.147966 
0.679763 0.574263 0.338628 0.326631 0.921124 0.317437 0.288053 0.970880 0.037991 0.726203 0.669794 0.102730 0.315845 0.102710 0.542938 0.889559 0.105698 0.995707 0.513519 0.183670 0.663912 0.326138 0.292441 0.120421 0.678493 
0.012986 0.845095 0.092494 0.648366 0.777496 0.706207 0.474798 0.920322 0.447110 0.374446 0.742511 0.140590 0.179880 0.222672 0.008551 0.948094 0.654704 0.488673 0.460108 0.535629 0.880331 0.339369 0.354721 0.645122 0.682288 
0.039891 0.568979 0.168214 0.017545 0.031670 0.326888 0.863167 0.557922 0.941747 0.782155 0.738226 0.395068 0.592436 0.232778 0.498009 0.685070 0.892930 0.673330 0.075189 0.567890 0.952292 0.750318 0.561625 0.195998 0.943863 
0.323181 0.756773 0.194861 0.589658 0.306581 0.387002 0.244240 0.220394 0.298316 0.630694 0.646941 0.462402 0.364523 0.775946 0.178010 0.550937 0.232727 0.396145 0.003774 0.549751 0.960962 0.050141 0.665622 0.161294 0.255902 
0.344331 0.067961 0.846264 0.986731 0.863521 0.160135 0.126425 0.326711 0.098112 0.848060 0.941047 0.210521 0.662286 0.421605 0.473746 0.299536 0.731674 0.669251 0.252906 0.110904 0.358858 0.917009 0.540047 0.769086 0.872375 
0.828718 0.752009 0.910239 0.501534 0.607189 0.328676 0.111400 0.364748 0.962936 0.827936 0.811204 0.987258 0.826069 0.722379 0.863111 0.998994 0.274827 0.309950 0.376199 0.465918 0.295942 0.839448 0.399738 0.729534 0.890510 
0.862659 0.143836 0.690656 0.761205 0.966980 0.174762 0.865034 0.184775 0.685585 0.181121 0.224669 0.197858 0.793311 0.206891 0.308695 0.839302 0.916379 0.721051 0.258887 0.049827 0.903594 0.902044 0.742657 0.320158 0.050537 
0.387245 0.415733 0.983964 0.360675 0.777533 0.191752 0.462754 0.213656 0.400005 0.111229 0.247885 0.366007 0.372331 0.195557 0.837752 0.880441 0.991405 0.737370 0.429409 0.575365 0.661842 0.912062 0.583940 0.639290 0.594106 
0.994186 0.852093 0.143886 0.206796 0.969337 0.113727 0.597181 0.985710 0.978809 0.718042 0.339726 0.159295 0.342718 0.307890 0.872570 0.175710 0.023582 0.804844 0.747780 0.441451 0.010152 0.826984 0.194019 0.344177 0.217724 
0.090345 0.229966 0.917553 0.185043 0.547466 0.744412 0.035606 0.804219 0.753182 0.680295 0.836238 0.342862 0.163845 0.414946 0.778381 0.218480 0.942399 0.682481 0.311943 0.167303 0.476501 0.779049 0.406406 0.170195 0.712588 
0.739085 0.064635 0.144039 0.394374 0.014800 0.712132 0.224644 0.226887 0.769641 0.256197 0.658678 0.842754 0.095136 0.723814 0.715488 0.675479 0.157646 0.441951 0.668515 0.538479 0.673575 0.747620 0.589833 0.774054 0.363891 
0.393265 0.669712 0.205483 0.451286 0.476575 0.804014 0.375429 0.260037 0.437649 0.071947 0.107373 0.549832 0.164244 0.794299 0.473129 0.009981 0.867820 0.456208 0.250090 0.844779 0.412095 0.911292 0.830612 0.905548 0.156293 
0.558287 0.979177 0.796293 0.902158 0.149706 0.374918 0.416270 0.403559 0.230314 0.503658 0.102293 0.752220 0.835909 0.577083 0.333263 0.489425 0.063648 0.639410 0.009173 0.974802 0.102786 0.337753 0.210523 0.190896 0.155597 
0.440215 0.438349 0.883018 0.852464 0.911164 0.879450 0.031733 0.237985 0.976336 0.570910 0.285080 0.761340 0.071212 0.620472 0.144347 0.855256 0.075978 0.222322 0.857137 0.341445 0.824660 0.023638 0.061999 0.569808 0.402766 
0.724551 0.369522 0.994361 0.230264 0.611233 0.782468 0.850868 0.118174 0.240897 0.654974 0.946561 0.115556 0.306616 0.184320 0.248259 0.959250 0.828351 0.917678 0.628013 0.640120 0.047318 0.584151 0.003700 0.552790 0.978360 
0.077639 0.853802 0.555155 0.022962 0.875648 0.456583 0.022839 0.620434 0.615696 0.122165 0.647173 0.476786 0.027144 0.019846 0.228876 0.661688 0.457132 0.287049 0.325172 0.621438 0.400242 0.052333 0.259378 0.385995 0.086663 

1.109974 2.467006 1.032392 2.816308 2.560335 2.000037 2.137742 1.312057 1.074353 2.043116 2.234414 1.048993 -0.624114 -1.161131 -1.560911 -3.831231 -1.506780 -1.242515 -2.317080 -3.542533 -2.783298 -3.476087 -3.313223 -1.180631 -2.134291 
1.892283 1.341851 2.756169 1.345314 1.350569 0.771174 2.310826 0.148783 2.135569 1.139900 1.717977 1.327114 -3.686015 -2.110624 -2.757096 -1.535716 -1.924038 -2.618459 -0.786043 -3.174542 -1.829208 -1.453507 -2.831282 -2.078909 -0.252411 
1.815110 2.042711 1.491761 2.886478 1.022309 1.601117 2.172491 3.416139 2.534396 2.350671 1.935614 3.446459 -2.831467 -1.366802 -1.005522 -1.490711 -0.357159 -2.158990 -1.486528 -0.589529 -2.938176 -1.715031 -2.331837 -1.621144 -1.265006 
2.680844 2.573227 2.742949 2.183011 1.931514 1.464202 1.195646 1.320488 1.899317 0.878070 3.077560 1.323073 0.147316 0.055752 -1.745114 -2.960455 -2.713037 -1.929098 -1.946975 -2.568102 -2.042942 -0.936409 -0.925966 -2.756289 -1.491565 
1.777292 1.460095 1.946244 3.501436 2.015224 2.917051 2.064806 1.706152 2.234842 2.653402 1.713034 -0.124837 0.306923 0.016047 0.034393 0.428055 -2.513728 -1.527587 -0.570982 -3.150817 -1.216193 -1.630775 -1.630984 -1.129489 -2.398302 
1.982843 1.793416 1.022890 1.448905 3.590337 1.763948 2.470275 2.441151 3.635022 1.085685 1.774686 0.061330 0.046718 0.084537 0.496259 0.040269 0.247648 0.216803 -2.902091 -2.153787 -2.473418 -3.423399 -2.827119 -2.858655 -0.324866 
1.515793 1.805362 1.719350 2.010453 1.724692 2.613650 1.674844 1.577299 2.338651 2.841454 0.109106 0.007634 -0.037076 -0.288375 0.078820 -0.016974 0.067363 0.223348 -0.053718 -0.321765 -2.261638 -3.386062 -2.039712 -2.725047 -3.143328 
0.292893 1.481438 3.292740 2.455282 2.533384 2.415673 2.989388 1.705283 2.414977 1.145521 -0.347846 0.162925 -0.326659 -0.010737 -0.174696 -0.188031 -0.293526 0.100699 -0.355422 -0.133550 0.059442 0.139735 -2.732729 -1.694652 -3.165135 
1.075594 1.373444 1.372957 1.933438 0.703139 2.360646 1.649829 1.749072 2.060010 3.600457 0.324324 0.061821 -0.204331 0.228786 0.222355 0.016462 -0.026134 -0.017138 -0.298958 0.185159 -0.080658 -0.258689 0.046778 0.200795 -1.631607 
1.421824 1.483296 1.653591 1.667044 4.025634 2.663179 2.225109 1.884435 1.434207 -0.248691 -0.086151 -0.403393 0.209726 -0.047073 0.196124 0.042708 -0.058631 0.168266 0.276357 0.141399 -0.167741 -0.177766 -0.278936 0.047638 -0.179095 
0.994096 3.341602 0.378825 1.148290 2.232281 3.320105 2.059683 2.164221 2.305613 -0.006533 0.028661 -0.041876 -0.000045 0.049561 -0.234931 -0.017447 -0.220693 0.188043 0.002788 0.015848 0.117729 0.060020 -0.111337 -0.189608 -0.260028 
0.460368 1.320377 1.972338 0.017834 1.703843 2.138885 2.688167 2.326492 0.221502 -0.024756 0.272599 0.258133 0.132408 -0.502260 0.579268 -0.082267 0.155292 -0.218505 -0.088112 0.365171 -0.152781 0.061417 0.260599 -0.118500 -0.153525 
2.354951 2.742953 0.549531 2.743074 2.338929 2.415897 0.585022 1.979043 0.336013 -0.088760 -0.024997 0.171724 0.394675 0.330241 0.101020 -0.071214 -0.082577 0.090515 0.045861 0.029262 -0.020964 -0.404830 -0.077870 0.339504 0.225360 
1.306398 1.315958 3.103686 3.443478 2.545444 1.524004 0.796385 -0.796853 -0.059096 -0.080646 -0.134842 -0.164519 0.204166 0.047264 0.192929 0.037696 0.041791 0.234602 0.058910 0.194956 0.035672 -0.073603 0.052457 0.262400 0.256728 
1.642634 3.238806 2.102031 2.139886 2.135313 -0.826826 -0.482194 -0.535757 -1.125025 -1.338149 -0.024056 0.313960 0.090936 0.229753 -0.044881 0.079951 -0.161462 0.283562 -0.183946 -0.065251 0.162878 0.131586 -0.001631 0.213107 0.279010 
2.538851 2.165028 1.238462 -1.765978 -1.743587 -0.936133 -1.702274 0.079567 -0.789245 -0.880701 -0.286741 -0.618893 -0.073100 0.132564 0.156976 0.192292 0.115772 0.081511 0.093487 0.375916 -0.302634 0.027498 -0.057376 0.033875 0.128899 
1.541468 -0.331783 -1.348980 -1.096626 -1.402948 0.038215 -1.212751 -1.218530 -1.251553 -0.579975 -0.864790 -0.997887 -1.325390 -1.347482 0.121923 -0.105774 0.077973 0.118630 0.197177 0.239820 0.307998 0.200873 -0.286882 -0.033145 0.128471 
-1.024251 -0.785213 0.148218 -1.075683 -1.705663 -0.580332 -0.656378 -1.734784 -1.784327 -1.030164 -0.493715 -0.749387 -1.038733 -0.854060 -1.476021 -0.077215 -0.039683 -0.063566 -0.215650 0.291184 -0.516131 -0.126741 0.631544 0.062116 0.053623 
1.092747 -0.297456 -0.919735 -0.300300 -0.949004 -1.332350 -0.039336 -1.391505 -0.766252 -1.570888 -1.603671 -0.966196 -0.332640 -1.245536 -1.747258 -0.747462 -1.830407 -0.798265 0.078860 -0.056498 0.118540 0.208748 -0.393418 -0.053350 -0.186575 
1.049374 0.746107 0.516983 -0.988016 -0.521300 -1.137705 -1.283416 -0.247631 -1.293508 -1.419064 -1.056000 -1.344568 -0.902843 -1.358899 -0.988528 -1.581068 -0.846219 -0.989452 -1.381435 -0.423303 0.127967 0.189676 0.009074 -0.327752 -0.197560 
1.086817 1.559637 0.603689 0.647635 0.721125 -1.853103 -0.519955 -0.711166 -0.377810 -0.302927 -0.498158 -0.479480 -0.978245 -1.526456 -1.223585 -0.574150 -1.795072 -0.744981 -1.236391 -1.665006 -0.510170 -1.023680 -0.190093 -0.168576 0.050538 
1.015350 1.233229 1.429365 2.003708 0.862715 1.030121 0.671749 -0.185965 -0.421139 -1.455125 0.126013 -1.559730 -1.678226 -0.654165 -0.844917 -0.331631 -0.566254 -0.967370 -0.576595 -0.862338 -0.415548 -0.888988 -1.250534 -0.967855 0.264147 
1.179565 1.090798 1.212473 1.628939 0.876181 0.678630 0.780056 1.102469 1.487571 -1.117379 -0.916600 -1.735771 0.073671 -1.471433 -0.784219 -1.409883 -1.043059 -0.820573 -1.446100 -0.970948 -1.453523 -0.930626 -1.227018 -0.896781 -1.239497 
1.012152 0.359942 1.530804 0.456375 0.999089 0.895322 0.877254 1.080129 0.477042 0.953749 1.752430 -0.676729 -0.506919 -1.124506 -0.995134 -1.830424 -1.445616 -1.405974 -0.690234 -1.495375 -0.934562 -0.847292 -0.435204 -0.948105 -1.153315 
0.321439 1.769114 1.155663 0.852617 1.258708 0.631826 -0.061744 1.228940 1.126555 0.200701 0.664047 0.677686 0.134418 0.142533 -0.806935 -1.493728 -0.631589 0.003757 -0.686003 -0.714270 -0.591472 -0.320050 -0.479924 -0.827840 -0.804672 

0 0 0 0 0 0 0 0 0 0 0 0 3 3 3 3 3 3 3 3 3 3 3 3 3 
0 0 0 0 0 0 0 0 0 0 0 0 3 3 3 3 3 3 3 3 3 3 3 3 3 
0 0 0 0 0 0 0 0 0 0 0 0 3 3 3 3 3 3 3 3 3 3 3 3 3 
0 0 0 0 0 0 0 0 0 0 0 0 1 1 3 3 3 3 3 3 3 3 3 3 3 
0 0 0 0 0 0 0 0 0 0 0 1 1 1 1 1 3 3 3 3 3 3 3 3 3 
0 0 0 0 0 0 0 0 0 0 0 1 1 1 1 1 1 1 3 3 3 3 3 3 3 
0 0 0 0 0 0 0 0 0 0 1 1 1 1 1 1 1 1 1 1 3 3 3 3 3 
0 0 0 0 0 0 0 0 0 0 1 1 1 1 1 1 1 1 1 1 1 1 3 3 3 
0 0 0 0 0 0 0 0 0 0 1 1 1 1 1 1 1 1 1 1 1 1 1 1 3 
0 0 0 0 0 0 0 0 0 1 1 1 1 1 1 1 1 1 1 1 1 1 1 1 1 
0 0 0 0 0 0 0 0 0 1 1 1 1 1 1 1 1 1 1 1 1 1 1 1 1 
0 0 0 0 0 0 0 0 1 1 1 1 1 1 1 1 1 1 1 1 1 1 1 1 1 
0 0 0 0 0 0 0 0 1 1 1 1 1 1 1 1 1 1 1 1 1 1 1 1 1 
0 0 0 0 0 0 0 2 1 1 1 1 1 1 1 1 1 1 1 1 1 1 1 1 1 
0 0 0 0 0 2 2 2 2 2 1 1 1 1 1 1 1 1 1 1 1 1 1 1 1 
0 0 0 2 2 2 2 2 2 2 2 2 1 1 1 1 1 1 1 1 1 1 1 1 1 
0 2 2 2 2 2 2 2 2 2 2 2 2 2 1 1 1 1 1 1 1 1 1 1 1 
2 2 2 2 2 2 2 2 2 2 2 2 2 2 2 2 1 1 1 1 1 1 1 1 1 
4 2 2 2 2 2 2 2 2 2 2 2 2 2 2 2 2 2 1 1 1 1 1 1 1 
4 4 4 2 2 2 2 2 2 2 2 2 2 2 2 2 2 2 2 2 1 1 1 1 1 
4 4 4 4 4 2 2 2 2 2 2 2 2 2 2 2 2 2 2 2 2 2 1 1 1 
4 4 4 4 4 4 4 2 2 2 2 2 2 2 2 2 2 2 2 2 2 2 2 2 1 
4 4 4 4 4 4 4 4 4 2 2 2 2 2 2 2 2 2 2 2 2 2 2 2 2 
4 4 4 4 4 4 4 4 4 4 4 2 2 2 2 2 2 2 2 2 2 2 2 2 2 
4 4 4 4 4 4 4 4 4 4 4 4 4 2 2 2 2 2 2 2 2 2 2 2 2 

2.0 2.0 2.0 2.0 2.0 2.0 2.0 2.0 2.0 2.0 2.0 2.0 -2.0 -2.0 -2.0 -2.0 -2.0 -2.0 -2.0 -2.0 -2.0 -2.0 -2.0 -2.0 -2.0 
2.0 2.0 2.0 2.0 2.0 2.0 2.0 2.0 2.0 2.0 2.0 2.0 -2.0 -2.0 -2.0 -2.0 -2.0 -2.0 -2.0 -2.0 -2.0 -2.0 -2.0 -2.0 -2.0 
2.0 2.0 2.0 2.0 2.0 2.0 2.0 2.0 2.0 2.0 2.0 2.0 -2.0 -2.0 -2.0 -2.0 -2.0 -2.0 -2.0 -2.0 -2.0 -2.0 -2.0 -2.0 -2.0 
2.0 2.0 2.0 2.0 2.0 2.0 2.0 2.0 2.0 2.0 2.0 2.0 0.0 0.0 -2.0 -2.0 -2.0 -2.0 -2.0 -2.0 -2.0 -2.0 -2.0 -2.0 -2.0 
2.0 2.0 2.0 2.0 2.0 2.0 2.0 2.0 2.0 2.0 2.0 0.0 0.0 0.0 0.0 0.0 -2.0 -2.0 -2.0 -2.0 -2.0 -2.0 -2.0 -2.0 -2.0 
2.0 2.0 2.0 2.0 2.0 2.0 2.0 2.0 2.0 2.0 2.0 0.0 0.0 0.0 0.0 0.0 0.0 0.0 -2.0 -2.0 -2.0 -2.0 -2.0 -2.0 -2.0 
2.0 2.0 2.0 2.0 2.0 2.0 2.0 2.0 2.0 2.0 0.0 0.0 0.0 0.0 0.0 0.0 0.0 0.0 0.0 0.0 -2.0 -2.0 -2.0 -2.0 -2.0 
2.0 2.0 2.0 2.0 2.0 2.0 2.0 2.0 2.0 2.0 0.0 0.0 0.0 0.0 0.0 0.0 0.0 0.0 0.0 0.0 0.0 0.0 -2.0 -2.0 -2.0 
2.0 2.0 2.0 2.0 2.0 2.0 2.0 2.0 2.0 2.0 0.0 0.0 0.0 0.0 0.0 0.0 0.0 0.0 0.0 0.0 0.0 0.0 0.0 0.0 -2.0 
2.0 2.0 2.0 2.0 2.0 2.0 2.0 2.0 2.0 0.0 0.0 0.0 0.0 0.0 0.0 0.0 0.0 0.0 0.0 0.0 0.0 0.0 0.0 0.0 0.0 
2.0 2.0 2.0 2.0 2.0 2.0 2.0 2.0 2.0 0.0 0.0 0.0 0.0 0.0 0.0 0.0 0.0 0.0 0.0 0.0 0.0 0.0 0.0 0.0 0.0 
2.0 2.0 2.0 2.0 2.0 2.0 2.0 2.0 0.0 0.0 0.0 0.0 0.0 0.0 0.0 0.0 0.0 0.0 0.0 0.0 0.0 0.0 0.0 0.0 0.0 
2.0 2.0 2.0 2.0 2.0 2.0 2.0 2.0 0.0 0.0 0.0 0.0 0.0 0.0 0.0 0.0 0.0 0.0 0.0 0.0 0.0 0.0 0.0 0.0 0.0 
2.0 2.0 2.0 2.0 2.0 2.0 2.0 -1.0 0.0 0.0 0.0 0.0 0.0 0.0 0.0 0.0 0.0 0.0 0.0 0.0 0.0 0.0 0.0 0.0 0.0 
2.0 2.0 2.0 2.0 2.0 -1.0 -1.0 -1.0 -1.0 -1.0 0.0 0.0 0.0 0.0 0.0 0.0 0.0 0.0 0.0 0.0 0.0 0.0 0.0 0.0 0.0 
2.0 2.0 2.0 -1.0 -1.0 -1.0 -1.0 -1.0 -1.0 -1.0 -1.0 -1.0 0.0 0.0 0.0 0.0 0.0 0.0 0.0 0.0 0.0 0.0 0.0 0.0 0.0 
2.0 -1.0 -1.0 -1.0 -1.0 -1.0 -1.0 -1.0 -1.0 -1.0 -1.0 -1.0 -1.0 -1.0 0.0 0.0 0.0 0.0 0.0 0.0 0.0 0.0 0.0 0.0 0.0 
-1.0 -1.0 -1.0 -1.0 -1.0 -1.0 -1.0 -1.0 -1.0 -1.0 -1.0 -1.0 -1.0 -1.0 -1.0 -1.0 0.0 0.0 0.0 0.0 0.0 0.0 0.0 0.0 0.0 
1.0 -1.0 -1.0 -1.0 -1.0 -1.0 -1.0 -1.0 -1.0 -1.0 -1.0 -1.0 -1.0 -1.0 -1.0 -1.0 -1.0 -1.0 0.0 0.0 0.0 0.0 0.0 0.0 0.0 
1.0 1.0 1.0 -1.0 -1.0 -1.0 -1.0 -1.0 -1.0 -1.0 -1.0 -1.0 -1.0 -1.0 -1.0 -1.0 -1.0 -1.0 -1.0 -1.0 0.0 0.0 0.0 0.0 0.0 
1.0 1.0 1.0 1.0 1.0 -1.0 -1.0 -1.0 -1.0 -1.0 -1.0 -1.0 -1.0 -1.0 -1.0 -1.0 -1.0 -1.0 -1.0 -1.0 -1.0 -1.0 0.0 0.0 0.0 
1.0 1.0 1.0 1.0 1.0 1.0 1.0 -1.0 -1.0 -1.0 -1.0 -1.0 -1.0 -1.0 -1.0 -1.0 -1.0 -1.0 -1.0 -1.0 -1.0 -1.0 -1.0 -1.0 0.0 
1.0 1.0 1.0 1.0 1.0 1.0 1.0 1.0 1.0 -1.0 -1.0 -1.0 -1.0 -1.0 -1.0 -1.0 -1.0 -1.0 -1.0 -1.0 -1.0 -1.0 -1.0 -1.0 -1.0 
1.0 1.0 1.0 1.0 1.0 1.0 1.0 1.0 1.0 1.0 1.0 -1.0 -1.0 -1.0 -1.0 -1.0 -1.0 -1.0 -1.0 -1.0 -1.0 -1.0 -1.0 -1.0 -1.0 
1.0 1.0 1.0 1.0 1.0 1.0 1.0 1.0 1.0 1.0 1.0 1.0 1.0 -1.0 -1.0 -1.0 -1.0 -1.0 -1.0 -1.0 -1.0 -1.0 -1.0 -1.0 -1.0 

2.0 2.0 2.0 2.0 2.0 2.0 2.0 2.0 2.0 2.0 2.0 2.0 -2.0 -2.0 -2.0 -2.0 -2.0 -2.0 -2.0 -2.0 -2.0 -2.0 -2.0 -2.0 -2.0 
2.0 2.0 2.0 2.0 2.0 2.0 2.0 2.0 2.0 2.0 2.0 2.0 -2.0 -2.0 -2.0 -2.0 -2.0 -2.0 -2.0 -2.0 -2.0 -2.0 -2.0 -2.0 -2.0 
2.0 2.0 2.0 2.0 2.0 2.0 2.0 2.0 2.0 2.0 2.0 2.0 -2.0 -2.0 -2.0 -2.0 -2.0 -2.0 -2.0 -2.0 -2.0 -2.0 -2.0 -2.0 -2.0 
2.0 2.0 2.0 2.0 2.0 2.0 2.0 2.0 2.0 2.0 2.0 2.0 0.0 0.0 -2.0 -2.0 -2.0 -2.0 -2.0 -2.0 -2.0 -2.0 -2.0 -2.0 -2.0 
2.0 2.0 2.0 2.0 2.0 2.0 2.0 2.0 2.0 2.0 2.0 0.0 0.0 0.0 0.0 0.0 -2.0 -2.0 -2.0 -2.0 -2.0 -2.0 -2.0 -2.0 -2.0 
2.0 2.0 2.0 2.0 2.0 2.0 2.0 2.0 2.0 2.0 2.0 0.0 0.0 0.0 0.0 0.0 0.0 0.0 -2.0 -2.0 -2.0 -2.0 -2.0 -2.0 -2.0 
2.0 2.0 2.0 2.0 2.0 2.0 2.0 2.0 2.0 2.0 0.0 0.0 0.0 0.0 0.0 0.0 0.0 0.0 0.0 0.0 -2.0 -2.0 -2.0 -2.0 -2.0 
2.0 2.0 2.0 2.0 2.0 2.0 2.0 2.0 2.0 2.0 0.0 0.0 0.0 0.0 0.0 0.0 0.0 0.0 0.0 0.0 0.0 0.0 -2.0 -2.0 -2.0 
2.0 2.0 2.0 2.0 2.0 2.0 2.0 2.0 2.0 2.0 0.0 0.0 0.0 0.0 0.0 0.0 0.0 0.0 0.0 0.0 0.0 0.0 0.0 0.0 -2.0 
2.0 2.0 2.0 2.0 2.0 2.0 2.0 2.0 2.0 0.0 0.0 0.0 0.0 0.0 0.0 0.0 0.0 0.0 0.0 0.0 0.0 0.0 0.0 0.0 0.0 
2.0 2.0 2.0 2.0 2.0 2.0 2.0 2.0 2.0 0.0 0.0 0.0 0.0 0.0 0.0 0.0 0.0 0.0 0.0 0.0 0.0 0.0 0.0 0.0 0.0 
2.0 2.0 2.0 2.0 2.0 2.0 2.0 2.0 0.0 0.0 0.0 0.0 0.0 0.0 0.0 0.0 0.0 0.0 0.0 0.0 0.0 0.0 0.0 0.0 0.0 
2.0 2.0 2.0 2.0 2.0 2.0 2.0 2.0 0.0 0.0 0.0 0.0 0.0 0.0 0.0 0.0 0.0 0.0 0.0 0.0 0.0 0.0 0.0 0.0 0.0 
2.0 2.0 2.0 2.0 2.0 2.0 2.0 -1.0 0.0 0.0 0.0 0.0 0.0 0.0 0.0 0.0 0.0 0.0 0.0 0.0 0.0 0.0 0.0 0.0 0.0 
2.0 2.0 2.0 2.0 2.0 -1.0 -1.0 -1.0 -1.0 -1.0 0.0 0.0 0.0 0.0 0.0 0.0 0.0 0.0 0.0 0.0 0.0 0.0 0.0 0.0 0.0 
2.0 2.0 2.0 -1.0 -1.0 -1.0 -1.0 -1.0 -1.0 -1.0 -1.0 -1.0 0.0 0.0 0.0 0.0 0.0 0.0 0.0 0.0 0.0 0.0 0.0 0.0 0.0 
2.0 -1.0 -1.0 -1.0 -1.0 -1.0 -1.0 -1.0 -1.0 -1.0 -1.0 -1.0 -1.0 -1.0 0.0 0.0 0.0 0.0 0.0 0.0 0.0 0.0 0.0 0.0 0.0 
-1.0 -1.0 -1.0 -1.0 -1.0 -1.0 -1.0 -1.0 -1.0 -1.0 -1.0 -1.0 -1.0 -1.0 -1.0 -1.0 0.0 0.0 0.0 0.0 0.0 0.0 0.0 0.0 0.0 
1.0 -1.0 -1.0 -1.0 -1.0 -1.0 -1.0 -1.0 -1.0 -1.0 -1.0 -1.0 -1.0 -1.0 -1.0 -1.0 -1.0 -1.0 0.0 0.0 0.0 0.0 0.0 0.0 0.0 
1.0 1.0 1.0 -1.0 -1.0 -1.0 -1.0 -1.0 -1.0 -1.0 -1.0 -1.0 -1.0 -1.0 -1.0 -1.0 -1.0 -1.0 -1.0 -1.0 0.0 0.0 0.0 0.0 0.0 
1.0 1.0 1.0 1.0 1.0 -1.0 -1.0 -1.0 -1.0 -1.0 -1.0 -1.0 -1.0 -1.0 -1.0 -1.0 -1.0 -1.0 -1.0 -1.0 -1.0 -1.0 0.0 0.0 0.0 
1.0 1.0 1.0 1.0 1.0 1.0 1.0 -1.0 -1.0 -1.0 -1.0 -1.0 -1.0 -1.0 -1.0 -1.0 -1.0 -1.0 -1.0 -1.0 -1.0 -1.0 -1.0 -1.0 0.0 
1.0 1.0 1.0 1.0 1.0 1.0 1.0 1.0 1.0 -1.0 -1.0 -1.0 -1.0 -1.0 -1.0 -1.0 -1.0 -1.0 -1.0 -1.0 -1.0 -1.0 -1.0 -1.0 -1.0 
1.0 1.0 1.0 1.0 1.0 1.0 1.0 1.0 1.0 1.0 1.0 -1.0 -1.0 -1.0 -1.0 -1.0 -1.0 -1.0 -1.0 -1.0 -1.0 -1.0 -1.0 -1.0 -1.0 
1.0 1.0 1.0 1.0 1.0 1.0 1.0 1.0 1.0 1.0 1.0 1.0 1.0 -1.0 -1.0 -1.0 -1.0 -1.0 -1.0 -1.0 -1.0 -1.0 -1.0 -1.0 -1.0 

