0.411162 0.116433 0.131706 0.828654 0.441353 0.158373 0.857519 0.788931 0.282153 0.929033 0.512787 0.115032 0.175940 0.032207 0.033744 0.549200 0.458966 0.972191 0.813596 0.204582 0.022240 0.017886 0.521202 0.181616 0.650811 
0.008821 0.037372 0.315202 0.236069 0.446863 0.876867 0.179458 0.496295 0.938848 0.621847 0.085669 0.985366 0.634305 0.327158 0.180908 0.136573 0.837780 0.158095 0.932550 0.932833 0.149518 0.481413 0.332976 0.198882 0.421026 
0.288168 0.433989 0.042852 0.139688 0.773221 0.620041 0.068857 0.499414 0.143290 0.186465 0.330830 0.084934 0.667950 0.236289 0.209733 0.539679 0.155823 0.671543 0.323329 0.240497 0.528234 0.913221 0.798228 0.930862 0.446020 
0.307868 0.563856 0.881700 0.065105 0.540037 0.140375 0.200088 0.783629 0.092076 0.284185 0.319637 0.403761 0.178716 0.909271 0.625282 0.549194 0.682624 0.215241 0.830186 0.266943 0.194580 0.424810 0.634663 0.439628 0.048959 
0.709982 0.569492 0.771005 0.145287 0.859277 0.024289 0.510719 0.392594 0.793517 0.508151 0.402327 0.542074 0.802396 0.468099 0.036652 0.059014 0.836295 0.165359 0.317390 0.162827 0.390174 0.225505 0.021263 0.021127 0.937570 
0.820765 0.836325 0.486813 0.325617 0.929888 0.635390 0.403074 0.716065 0.069198 0.082675 0.999697 0.236583 0.658308 0.276434 0.858859 0.116286 0.578142 0.118319 0.581356 0.368327 0.675019 0.897423 0.128122 0.735471 0.120112 
0.008200 0.807047 0.215983 0.418722 0.283222 0.447926 0.068196 0.709227 0.388058 0.987325 0.163225 0.408343 0.323254 0.161443 0.358681 0.164877 0.651250 0.233455 0.303241 0.621952 0.017767 0.932456 0.799793 0.635731 0.296360 
0.362682 0.051067 0.069464 0.533076 0.311765 0.513722 0.711732 0.151859 0.720524 0.063579 0.905225 0.017478 0.196712 0.428049 0.982939 0.354984 0.582148 0.256671 0.545366 0.602450 0.684525 0.076941 0.423841 0.826344 0.852346 
0.690923 0.235351 0.172612 0.495193 0.963271 0.372668 0.127544 0.676663 0.352658 0.656775 0.446795 0.170400 0.137539 0.794386 0.850649 0.448160 0.761573 0.094818 0.308444 0.688651 0.905805 0.566762 0.234143 0.028260 0.413190 
0.474936 0.743965 0.174420 0.514003 0.518940 0.993624 0.297826 0.738474 0.084280 0.290738 0.114760 0.087309 0.086875 0.613663 0.823414 0.418054 0.362287 0.040135 0.610989 0.974269 0.739480 0.204399 0.599207 0.008378 0.826307 
0.278574 0.333614 0.626211 0.206990 0.035538 0.297202 0.580281 0.318555 0.924623 0.307822 0.075729 0.413926 0.887381 0.020259 0.202653 0.923942 0.280094 0.658109 0.685444 0.004926 0.589436 0.576775 0.632456 0.742414 0.372446 
0.703913 0.912790 0.816207 0.689001 0.545870 0.723406 0.104098 0.263840 0.232561 0.615606 0.992999 0.702818 0.161592 0.947362 0.268045 0.975631 0.072448 0.593641 0.210392 0.480786 0.783316 0.754933 0.351982 0.195283 0.799056 
0.142072 0.491502 0.347060 0.424612 0.393914 0.814975 0.261140 0.957432 0.908584 0.711488 0.182819 0.447467 0.870452 0.873228 0.424162 0.157832 0.755983 0.607355 0.595748 0.138394 0.336148 0.335849 0.410773 0.328520 0.538280 
0.113386 0.556971 0.117384 0.492469 0.818760 0.909074 0.643022 0.242467 0.654622 0.173560 0.677039 0.019624 0.700294 0.203984 0.265483 0.757572 0.749763 0.362514 0.496605 0.274907 0.771451 0.854481 0.398392 0.411623 0.280239 
0.432656 0.758788 0.758867 0.543806 0.449332 0.425119 0.624847 0.724792 0.887365 0.508035 0.333757 0.626742 0.682005 0.904813 0.719037 0.489080 0.092371 0.527054 0.333478 0.479972 0.740464 0.642945 0.861279 0.576214 0.715367 
0.498819 0.781021 0.641330 0.842897 0.035122 0.935470 0.084061 0.883085 0.273079 0.103917 0.350228 0.513927 0.727944 0.421508 0.564892 0.401761 0.248872 0.988633 0.187977 0.514961 0.916357 0.866793 0.556982 0.512649 0.110474 
0.513113 0.940090 0.660060 0.132470 0.039675 0.993790 0.972729 0.325928 0.885219 0.930914 0.687359 0.153012 0.907842 0.009154 0.387906 0.143677 0.105354 0.906346 0.055543 0.102277 0.090203 0.209328 0.604427 0.084684 0.262237 
0.935198 0.048739 0.917621 0.168221 0.340432 0.307622 0.520051 0.911488 0.140682 0.937812 0.459919 0.390115 0.006652 0.232703 0.666395 0.823953 0.756774 0.377744 0.712184 0.847926 0.765347 0.737015 0.895534 0.240492 0.358415 
0.236893 0.688303 0.128867 0.171998 0.573338 0.565445 0.980118 0.489012 0.986477 0.549698 0.767346 0.766015 0.499701 0.286764 0.664940 0.379766 0.715908 0.176103 0.894680 0.942193 0.866817 0.771640 0.740897 0.077098 0.367388 
0.379195 0.670575 0.912257 0.977528 0.145273 0.353426 0.032812 0.453234 0.234822 0.986711 0.188712 0.135723 0.201402 0.708031 0.729602 0.705793 0.242342 0.151824 0.337963 0.466735 0.491728 0.052326 0.937210 0.243333 0.951136 
0.342729 0.468730 0.803546 0.538559 0.957068 0.094436 0.344811 0.521134 0.170432 0.260056 0.922453 0.675933 0.818876 0.516265 0.757297 0.630700 0.861528 0.283837 0.165865 0.323206 0.310848 0.997146 0.137865 0.329639 0.253420 
0.318726 0.059342 0.017911 0.838890 0.259672 0.159277 0.029237 0.541531 0.708621 0.557266 0.414345 0.593061 0.119718 0.603858 0.527163 0.080046 0.506971 0.685841 0.553569 0.142292 0.397347 0.655652 0.534802 0.023760 0.317060 
0.007696 0.888439 0.872129 0.623623 0.956763 0.090655 0.900979 0.087454 0.274053 0.632546 0.613429 0.509125 0.241630 0.918575 0.047974 0.100268 0.321899 0.780021 0.261563 0.055857 0.397207 0.643026 0.764000 0.477829 0.452322 
0.622146 0.438145 0.173061 0.862855 0.199870 0.936604 0.401128 0.916685 0.056649 0.776345 0.800356 0.931651 0.952027 0.501027 0.785822 0.831651 0.447812 0.470370 0.017598 0.055970 0.655935 0.491485 0.727405 0.664566 0.571258 
0.513594 0.664580 0.124001 0.136449 0.874157 0.183356 0.985345 0.447372 0.292641 0.786529 0.358086 0.352145 0.189718 0.205138 0.234582 0.319629 0.968250 0.557608 0.729269 0.997791 0.334392 0.647520 0.125541 0.884350 0.625556 

0.924768 0.182731 0.902304 0.433933 0.378686 0.738760 0.294851 0.967114 0.815032 0.622575 0.709314 0.913708 0.968492 0.796540 0.358983 0.832925 0.113645 0.595704 0.242567 0.615147 0.013704 0.951420 0.576466 0.840234 0.630592 
0.797509 0.595845 0.718245 0.999456 0.731110 0.405482 0.534798 0.325036 0.671580 0.333760 0.453980 0.384360 0.335479 0.462689 0.265246 0.074392 0.505050 0.804239 0.097272 0.107189 0.640532 0.943007 0.831513 0.912945 0.505769 
0.680785 0.411831 0.342410 0.631768 0.685856 0.634327 0.705993 0.529683 0.574744 0.815072 0.049737 0.159113 0.967631 0.191251 0.674089 0.597760 0.225510 0.898231 0.591743 0.690813 0.908145 0.123332 0.916536 0.957390 0.378315 
0.960148 0.680878 0.171396 0.984878 0.523893 0.438792 0.970987 0.734492 0.232057 0.215870 0.007187 0.673458 0.652718 0.794725 0.987267 0.145252 0.873760 0.164340 0.588795 0.872291 0.815454 0.201707 0.049528 0.209076 0.625092 
0.639815 0.930145 0.045470 0.467507 0.559855 0.186443 0.553641 0.949048 0.049708 0.987649 0.106473 0.611611 0.703992 0.012748 0.004347 0.324216 0.859406 0.454992 0.627526 0.239897 0.439078 0.618090 0.310084 0.575485 0.800903 
0.529439 0.084403 0.887798 0.045129 0.223190 0.469976 0.080485 0.322595 0.576782 0.941724 0.294608 0.620194 0.869500 0.347848 0.371735 0.481005 0.120136 0.077247 0.757964 0.380183 0.759578 0.070922 0.748275 0.607332 0.993247 
0.213893 0.757031 0.859346 0.009196 0.277671 0.777002 0.997799 0.477979 0.956286 0.316536 0.359804 0.142465 0.167670 0.716150 0.873849 0.579244 0.199600 0.725329 0.974058 0.228945 0.496530 0.685156 0.676955 0.753421 0.772390 
0.670476 0.155971 0.107330 0.802586 0.300264 0.244338 0.875788 0.263600 0.647713 0.814437 0.654834 0.262915 0.601601 0.333126 0.878353 0.284796 0.642317 0.652719 0.510519 0.110514 0.536022 0.330249 0.485652 0.577088 0.607298 
0.648298 0.746526 0.370800 0.719876 0.707831 0.907853 0.298125 0.585897 0.351434 0.775595 0.755420 0.426987 0.611579 0.156224 0.216478 0.787180 0.162145 0.443271 0.953315 0.355854 0.577450 0.733807 0.054357 0.208682 0.244801 
0.316105 0.126093 0.172486 0.059541 0.872276 0.366969 0.111321 0.674133 0.380515 0.367117 0.412224 0.615048 0.003742 0.341798 0.034592 0.916907 0.890837 0.869394 0.776528 0.346300 0.970112 0.921282 0.787792 0.473276 0.488034 
0.381522 0.186556 0.246753 0.514955 0.470141 0.411895 0.410186 0.530163 0.870978 0.537603 0.657370 0.679811 0.721081 0.098060 0.738797 0.418949 0.672759 0.822078 0.337420 0.440992 0.806312 0.544235 0.400052 0.842618 0.599118 
0.298591 0.350932 0.877983 0.195756 0.244441 0.569013 0.809687 0.855862 0.406524 0.900883 0.981911 0.420126 0.667672 0.440331 0.183586 0.261782 0.626445 0.242253 0.045309 0.688509 0.403393 0.064913 0.888664 0.555567 0.473554 
0.652032 0.373266 0.753516 0.511725 0.815475 0.470497 0.049953 0.734658 0.961511 0.463942 0.171414 0.157720 0.802528 0.469390 0.010483 0.901774 0.917928 0.216202 0.257708 0.276378 0.544022 0.919177 0.972802 0.271797 0.713383 
0.595280 0.696833 0.964971 0.288946 0.934278 0.898965 0.327306 0.378090 0.658064 0.203285 0.450491 0.007798 0.732944 0.283114 0.822607 0.483748 0.802218 0.365601 0.996134 0.076447 0.406007 0.192180 0.194834 0.767196 0.257156 
0.837614 0.131270 0.740192 0.618550 0.505162 0.871527 0.179670 0.321894 0.202581 0.088955 0.061320 0.990992 0.524325 0.789645 0.267845 0.336984 0.061145 0.401054 0.531829 0.452519 0.244839 0.623403 0.459247 0.902793 0.741748 
0.221867 0.746870 0.116429 0.526385 0.676916 0.704408 0.016829 0.256213 0.236244 0.321698 0.441360 0.521391 0.641319 0.135872 0.341596 0.482042 0.730198 0.364936 0.677154 0.120845 0.263696 0.111445 0.204062 0.339838 0.358599 
0.789304 0.622027 0.481771 0.591361 0.919404 0.786221 0.847038 0.588199 0.279974 0.208439 0.855730 0.391226 0.138169 0.251758 0.480052 0.466333 0.347047 0.132253 0.903583 0.348209 0.983896 0.653629 0.582612 0.891563 0.854131 
0.076829 0.499740 0.055110 0.794681 0.036040 0.111025 0.442990 0.348799 0.765280 0.749683 0.432988 0.516547 0.228623 0.780989 0.993440 0.429160 0.350800 0.513283 0.878690 0.802889 0.984668 0.703699 0.327294 0.570718 0.922763 
0.887428 0.845457 0.459257 0.382808 0.653959 0.854022 0.532998 0.538236 0.842871 0.775274 0.036782 0.163186 0.421895 0.305540 0.407006 0.544200 0.766919 0.829714 0.246099 0.660260 0.946460 0.928246 0.022410 0.273718 0.193940 
0.151485 0.568837 0.387480 0.185636 0.736635 0.999340 0.986038 0.459830 0.527784 0.199817 0.213595 0.393088 0.071828 0.804190 0.423435 0.307066 0.399933 0.440425 0.994835 0.271385 0.001873 0.608928 0.869024 0.333235 0.184059 
0.319329 0.932648 0.629197 0.011178 0.293771 0.738545 0.012254 0.775813 0.279164 0.950928 0.918705 0.309568 0.681130 0.141136 0.762154 0.921472 0.519164 0.311887 0.722058 0.180687 0.773709 0.254624 0.531794 0.464614 0.367571 
0.043510 0.695507 0.651390 0.811962 0.359820 0.656652 0.752824 0.106510 0.783474 0.682800 0.458293 0.058141 0.249195 0.051112 0.077757 0.783232 0.314404 0.327728 0.540482 0.358874 0.708159 0.787067 0.988446 0.425929 0.105104 
0.438743 0.428940 0.737185 0.338545 0.551382 0.198302 0.136240 0.207353 0.927619 0.527753 0.118605 0.307439 0.287197 0.959637 0.046652 0.500916 0.631778 0.630551 0.775119 0.350407 0.073715 0.242882 0.156966 0.141746 0.893497 
0.976826 0.101999 0.920881 0.236189 0.535713 0.223052 0.532161 0.923926 0.308074 0.822140 0.710388 0.497999 0.917449 0.473828 0.901388 0.747077 0.612832 0.096922 0.960101 0.898072 0.137377 0.170575 0.384714 0.434653 0.790502 
0.545682 0.539103 0.720406 0.530802 0.833560 0.484299 0.788989 0.217544 0.292147 0.115194 0.207994 0.476401 0.197384 0.315815 0.311514 0.265529 0.832055 0.855376 0.399932 0.710122 0.450527 0.437690 0.800153 0.331484 0.556749 

0.005825 -0.145726 0.814566 -1.598552 -0.893774 0.917248 -1.652912 -1.072389 0.925350 -1.059230 -0.285309 1.083883 0.716925 0.658669 0.380567 -0.087430 -0.813540 -1.211567 1.356093 -0.403171 -0.012509 -1.052045 0.115756 -0.607357 0.511958 
0.544912 0.495047 0.122108 0.533417 0.186640 -1.360953 0.015709 -0.791879 -1.108461 -0.962323 0.565525 -1.402051 -1.007118 0.011268 -0.050338 -0.337525 -1.076095 -0.742940 1.642432 1.474670 -0.254244 0.260450 -0.017413 -0.757119 0.221959 
1.706011 -0.719070 0.897140 0.269526 -0.747136 -0.546614 0.372115 -0.526704 0.287616 0.502096 -0.699577 -0.039123 -0.288402 -0.155090 0.152178 -0.531537 0.097415 0.735601 0.190139 -0.167033 0.165180 1.527318 0.873012 0.946123 0.564671 
2.319490 1.998341 1.308786 0.798181 -0.793662 0.243692 0.705557 -0.837391 0.087385 -0.100494 -0.877736 -0.177967 0.087993 -1.400846 -0.255385 -1.247295 0.346201 0.157266 1.034949 -0.137777 -0.652915 0.399553 0.945430 0.404070 -0.333616 
1.699288 2.321431 0.637264 1.045998 -0.745982 0.371724 -0.579790 0.366844 -1.368271 -0.138162 -0.695583 -0.585881 -1.153682 -0.915134 -0.155422 -0.285535 0.656223 -0.309263 -0.211832 0.373054 0.288573 -0.174006 -0.369879 -0.460582 1.335718 
1.367392 0.858802 1.928266 0.484826 1.341559 -0.881696 0.125151 -0.617477 -0.880911 -1.816718 -0.334646 -1.376211 -1.610824 -0.938660 -0.963140 -0.651305 0.771097 -0.141696 0.337067 0.286668 0.376235 2.125854 -0.304614 0.819584 -0.642548 
0.602761 2.132253 2.072795 0.650836 0.789272 2.154772 -1.809922 -0.970198 -2.204545 -0.702976 -0.745570 -0.243528 -0.289820 -1.097696 -1.765647 -0.139510 1.191946 -0.335138 -0.036028 1.067776 -0.211169 0.643277 1.005017 0.349311 -0.037705 
1.832466 0.110271 0.113972 2.314689 1.316663 1.072385 -1.204726 -0.303441 -1.239088 -1.542305 -1.298946 -0.258593 -0.842370 -0.717635 -1.500182 0.272321 0.635032 -0.148198 0.648987 1.147299 0.482041 -0.274873 0.312639 1.283296 1.129149 
1.828929 1.663157 1.110806 2.518794 2.262438 2.593485 0.653456 -0.952124 -0.898541 -1.634581 -1.765906 -0.783154 -1.465326 -0.201263 -0.254646 -1.450332 1.281281 -0.736520 -0.247056 0.860029 1.151937 0.395743 0.336934 -0.379380 0.179903 
1.083313 1.138486 0.775585 0.586975 1.990680 1.587914 0.426264 -1.030629 -0.707481 -0.672701 -1.063000 -1.256459 -0.047403 -0.551114 0.103903 -1.965074 -0.041660 -0.959975 0.325201 1.246574 0.251750 -0.751306 0.462555 -0.865206 1.251989 
1.083126 0.398962 1.469198 1.137795 0.811374 0.939045 1.477181 -1.193044 -1.899344 -0.784047 -0.932478 -1.954592 -1.092172 0.053097 -1.115196 -0.491901 -0.101282 0.891684 0.891084 -0.617971 0.069338 0.753659 0.604335 0.528636 0.354286 
1.115023 1.678340 2.107739 1.398310 0.978859 1.851722 1.827270 1.876410 -0.950638 -2.061122 -1.873120 -0.794641 -1.241797 -0.856431 -0.438585 -0.821105 -1.109394 0.889305 0.277890 0.479855 1.163802 1.448227 -0.214893 -0.342240 0.976463 
1.078894 1.323195 1.783072 1.528846 2.303435 1.861021 0.020015 2.531539 -1.829535 -1.225265 -0.272482 -0.175885 -1.376812 -1.130433 -0.183001 -1.761750 -0.756452 -1.209462 -0.923105 -0.298556 0.339877 -0.359244 -0.133078 0.383864 0.301931 
1.290866 2.046560 2.055017 0.950963 2.812544 2.478595 1.476678 1.038526 -1.496227 -0.656318 -0.747626 -0.250855 -1.939210 -0.415448 0.312318 -0.549233 -0.770573 -0.388077 -0.794718 -0.161682 -0.556198 -0.732690 -0.874262 -0.202323 0.141923 
1.834154 1.158470 2.506891 2.426398 1.268921 2.093590 1.182744 1.692509 1.621510 -0.437886 0.057961 -2.007159 -0.925518 -0.917377 -0.580707 -0.552342 -0.364511 -0.573675 -0.093132 -0.842171 -0.677424 -0.930021 -0.898605 -0.334358 -0.974145 
0.926388 2.055041 0.714096 1.792656 1.282616 2.596745 0.287335 1.704655 0.423378 -0.695198 -0.978696 -0.494137 -1.012897 -0.552926 -0.435062 -0.230765 -0.121399 -1.489463 -0.355603 -0.611604 -0.965436 -1.000232 -0.721180 -0.513317 -0.402773 
2.232698 2.344838 1.570371 1.520253 2.042154 2.438497 2.759176 1.630887 1.312242 -0.999390 -0.901727 0.250595 -0.890445 -0.041266 -0.100342 -0.172667 -0.050073 -0.990526 -0.057140 0.023603 0.234135 -0.009288 -0.516640 -0.173958 -0.354128 
1.213963 0.785798 0.807844 1.566823 0.413557 0.404308 1.356843 1.823631 1.513132 -1.323420 -0.615908 -0.495938 0.153417 -0.308518 -0.528283 -0.986311 -0.647771 -0.401274 -0.927726 -0.592642 -0.758124 -0.937308 -0.952141 -0.210676 -0.239825 
1.874318 2.303582 0.892465 0.979128 1.924034 2.382715 2.054222 1.868756 2.700369 -0.773931 -0.926044 -0.424208 -0.403647 -0.483861 -0.691301 -0.315775 -0.577918 -0.641248 -1.050682 -1.222379 -0.869118 -0.723766 -0.723071 0.093498 -0.103643 
0.851968 1.790155 1.765848 1.390421 1.406298 2.571857 1.990486 0.978132 -0.401635 -0.925660 -0.096103 -0.199884 -0.470072 -0.438166 -0.432456 -0.536631 -0.322915 0.111074 -0.213623 -0.687810 -0.339696 0.064392 -0.928351 -0.514782 -0.752878 
0.676155 1.934516 2.175441 0.460106 1.755017 1.451161 0.324016 2.103409 -0.252368 -0.128775 -1.115598 -0.460282 -1.332219 -0.767088 -0.563308 -0.643132 -1.162894 -0.288643 0.033746 -0.494067 -0.318241 -1.405934 0.003828 -0.481269 0.095462 
0.266185 1.701443 1.450395 2.559574 1.035829 1.626292 1.297667 -0.744164 -1.163836 -0.500043 -0.256085 -0.706640 -0.136069 -0.337975 -0.236378 -0.093998 -0.178472 -0.876949 -0.586358 -0.068627 -0.191808 -1.178470 -0.203569 -0.010004 -0.268028 
0.998563 1.683649 2.157074 1.276072 1.942117 0.366188 0.970837 -0.153295 -0.115413 -0.877927 -0.308105 -0.696195 -0.293639 -0.956553 -0.156099 0.095541 -0.326620 -0.018602 -0.392801 -0.148471 -0.375211 -0.668184 -0.610787 -0.491142 -0.586889 
2.420398 1.059384 2.018314 1.188634 1.433641 1.331303 1.256362 -1.170256 -0.089792 -0.638660 -0.630108 -0.767720 -0.858018 -0.720333 -1.080907 -0.690264 -0.722684 -0.522501 0.161510 -0.510288 -0.614290 -0.462087 -0.711911 -0.487355 -0.536601 
1.519737 1.649337 1.536731 0.950883 2.327855 1.027098 -1.376051 -0.219529 -0.125598 -0.809344 -0.318275 -0.013964 -0.124703 -0.238177 -0.303367 -0.142494 -0.741259 -0.675071 -0.591172 -1.516245 -0.275371 -0.577491 -0.337818 -0.830228 -0.655929 

2 2 2 2 2 2 2 2 2 2 2 2 2 2 2 2 2 2 4 4 4 4 4 4 4 
2 2 2 2 2 2 2 2 2 2 2 2 2 2 2 2 2 4 4 4 4 4 4 4 4 
3 2 2 2 2 2 2 2 2 2 2 2 2 2 2 2 4 4 4 4 4 4 4 4 4 
3 3 3 2 2 2 2 2 2 2 2 2 2 2 2 2 4 4 4 4 4 4 4 4 4 
3 3 3 3 2 2 2 2 2 2 2 2 2 2 2 4 4 4 4 4 4 4 4 4 4 
3 3 3 3 3 1 1 1 1 1 1 1 1 1 1 4 4 4 4 4 4 4 4 4 4 
3 3 3 3 3 3 1 1 1 1 1 1 1 1 1 4 4 4 4 4 4 4 4 4 4 
3 3 3 3 3 3 1 1 1 1 1 1 1 1 1 4 4 4 4 4 4 4 4 4 4 
3 3 3 3 3 3 3 1 1 1 1 1 1 1 1 1 4 4 4 4 4 4 4 4 4 
3 3 3 3 3 3 3 1 1 1 1 1 1 1 1 1 4 4 4 4 4 4 4 4 4 
3 3 3 3 3 3 3 1 1 1 1 1 1 1 1 1 4 4 4 4 4 4 4 4 4 
3 3 3 3 3 3 3 3 1 1 1 1 1 1 1 1 1 4 4 4 4 4 4 4 4 
3 3 3 3 3 3 3 3 1 1 1 1 1 1 1 1 0 0 0 0 4 4 4 4 4 
3 3 3 3 3 3 3 3 1 1 1 1 1 1 0 0 0 0 0 0 0 0 0 0 4 
3 3 3 3 3 3 3 3 3 1 1 1 0 0 0 0 0 0 0 0 0 0 0 0 0 
3 3 3 3 3 3 3 3 3 1 1 0 0 0 0 0 0 0 0 0 0 0 0 0 0 
3 3 3 3 3 3 3 3 3 0 0 0 0 0 0 0 0 0 0 0 0 0 0 0 0 
3 3 3 3 3 3 3 3 3 0 0 0 0 0 0 0 0 0 0 0 0 0 0 0 0 
3 3 3 3 3 3 3 3 3 0 0 0 0 0 0 0 0 0 0 0 0 0 0 0 0 
3 3 3 3 3 3 3 3 0 0 0 0 0 0 0 0 0 0 0 0 0 0 0 0 0 
3 3 3 3 3 3 3 3 0 0 0 0 0 0 0 0 0 0 0 0 0 0 0 0 0 
3 3 3 3 3 3 3 0 0 0 0 0 0 0 0 0 0 0 0 0 0 0 0 0 0 
3 3 3 3 3 3 3 0 0 0 0 0 0 0 0 0 0 0 0 0 0 0 0 0 0 
3 3 3 3 3 3 3 0 0 0 0 0 0 0 0 0 0 0 0 0 0 0 0 0 0 
3 3 3 3 3 3 0 0 0 0 0 0 0 0 0 0 0 0 0 0 0 0 0 0 0 

-2.0 -2.0 -2.0 -2.0 -2.0 -2.0 -2.0 -2.0 -2.0 -2.0 -2.0 -2.0 -2.0 -2.0 -2.0 -2.0 -2.0 -2.0 2.0 2.0 2.0 2.0 2.0 2.0 2.0 
-2.0 -2.0 -2.0 -2.0 -2.0 -2.0 -2.0 -2.0 -2.0 -2.0 -2.0 -2.0 -2.0 -2.0 -2.0 -2.0 -2.0 2.0 2.0 2.0 2.0 2.0 2.0 2.0 2.0 
1.0 -2.0 -2.0 -2.0 -2.0 -2.0 -2.0 -2.0 -2.0 -2.0 -2.0 -2.0 -2.0 -2.0 -2.0 -2.0 2.0 2.0 2.0 2.0 2.0 2.0 2.0 2.0 2.0 
1.0 1.0 1.0 -2.0 -2.0 -2.0 -2.0 -2.0 -2.0 -2.0 -2.0 -2.0 -2.0 -2.0 -2.0 -2.0 2.0 2.0 2.0 2.0 2.0 2.0 2.0 2.0 2.0 
1.0 1.0 1.0 1.0 -2.0 -2.0 -2.0 -2.0 -2.0 -2.0 -2.0 -2.0 -2.0 -2.0 -2.0 2.0 2.0 2.0 2.0 2.0 2.0 2.0 2.0 2.0 2.0 
1.0 1.0 1.0 1.0 1.0 0.0 0.0 0.0 0.0 0.0 0.0 0.0 0.0 0.0 0.0 2.0 2.0 2.0 2.0 2.0 2.0 2.0 2.0 2.0 2.0 
1.0 1.0 1.0 1.0 1.0 1.0 0.0 0.0 0.0 0.0 0.0 0.0 0.0 0.0 0.0 2.0 2.0 2.0 2.0 2.0 2.0 2.0 2.0 2.0 2.0 
1.0 1.0 1.0 1.0 1.0 1.0 0.0 0.0 0.0 0.0 0.0 0.0 0.0 0.0 0.0 2.0 2.0 2.0 2.0 2.0 2.0 2.0 2.0 2.0 2.0 
1.0 1.0 1.0 1.0 1.0 1.0 1.0 0.0 0.0 0.0 0.0 0.0 0.0 0.0 0.0 0.0 2.0 2.0 2.0 2.0 2.0 2.0 2.0 2.0 2.0 
1.0 1.0 1.0 1.0 1.0 1.0 1.0 0.0 0.0 0.0 0.0 0.0 0.0 0.0 0.0 0.0 2.0 2.0 2.0 2.0 2.0 2.0 2.0 2.0 2.0 
1.0 1.0 1.0 1.0 1.0 1.0 1.0 0.0 0.0 0.0 0.0 0.0 0.0 0.0 0.0 0.0 2.0 2.0 2.0 2.0 2.0 2.0 2.0 2.0 2.0 
1.0 1.0 1.0 1.0 1.0 1.0 1.0 1.0 0.0 0.0 0.0 0.0 0.0 0.0 0.0 0.0 0.0 2.0 2.0 2.0 2.0 2.0 2.0 2.0 2.0 
1.0 1.0 1.0 1.0 1.0 1.0 1.0 1.0 0.0 0.0 0.0 0.0 0.0 0.0 0.0 0.0 -1.0 -1.0 -1.0 -1.0 2.0 2.0 2.0 2.0 2.0 
1.0 1.0 1.0 1.0 1.0 1.0 1.0 1.0 0.0 0.0 0.0 0.0 0.0 0.0 -1.0 -1.0 -1.0 -1.0 -1.0 -1.0 -1.0 -1.0 -1.0 -1.0 2.0 
1.0 1.0 1.0 1.0 1.0 1.0 1.0 1.0 1.0 0.0 0.0 0.0 -1.0 -1.0 -1.0 -1.0 -1.0 -1.0 -1.0 -1.0 -1.0 -1.0 -1.0 -1.0 -1.0 
1.0 1.0 1.0 1.0 1.0 1.0 1.0 1.0 1.0 0.0 0.0 -1.0 -1.0 -1.0 -1.0 -1.0 -1.0 -1.0 -1.0 -1.0 -1.0 -1.0 -1.0 -1.0 -1.0 
1.0 1.0 1.0 1.0 1.0 1.0 1.0 1.0 1.0 -1.0 -1.0 -1.0 -1.0 -1.0 -1.0 -1.0 -1.0 -1.0 -1.0 -1.0 -1.0 -1.0 -1.0 -1.0 -1.0 
1.0 1.0 1.0 1.0 1.0 1.0 1.0 1.0 1.0 -1.0 -1.0 -1.0 -1.0 -1.0 -1.0 -1.0 -1.0 -1.0 -1.0 -1.0 -1.0 -1.0 -1.0 -1.0 -1.0 
1.0 1.0 1.0 1.0 1.0 1.0 1.0 1.0 1.0 -1.0 -1.0 -1.0 -1.0 -1.0 -1.0 -1.0 -1.0 -1.0 -1.0 -1.0 -1.0 -1.0 -1.0 -1.0 -1.0 
1.0 1.0 1.0 1.0 1.0 1.0 1.0 1.0 -1.0 -1.0 -1.0 -1.0 -1.0 -1.0 -1.0 -1.0 -1.0 -1.0 -1.0 -1.0 -1.0 -1.0 -1.0 -1.0 -1.0 
1.0 1.0 1.0 1.0 1.0 1.0 1.0 1.0 -1.0 -1.0 -1.0 -1.0 -1.0 -1.0 -1.0 -1.0 -1.0 -1.0 -1.0 -1.0 -1.0 -1.0 -1.0 -1.0 -1.0 
1.0 1.0 1.0 1.0 1.0 1.0 1.0 -1.0 -1.0 -1.0 -1.0 -1.0 -1.0 -1.0 -1.0 -1.0 -1.0 -1.0 -1.0 -1.0 -1.0 -1.0 -1.0 -1.0 -1.0 
1.0 1.0 1.0 1.0 1.0 1.0 1.0 -1.0 -1.0 -1.0 -1.0 -1.0 -1.0 -1.0 -1.0 -1.0 -1.0 -1.0 -1.0 -1.0 -1.0 -1.0 -1.0 -1.0 -1.0 
1.0 1.0 1.0 1.0 1.0 1.0 1.0 -1.0 -1.0 -1.0 -1.0 -1.0 -1.0 -1.0 -1.0 -1.0 -1.0 -1.0 -1.0 -1.0 -1.0 -1.0 -1.0 -1.0 -1.0 
1.0 1.0 1.0 1.0 1.0 1.0 -1.0 -1.0 -1.0 -1.0 -1.0 -1.0 -1.0 -1.0 -1.0 -1.0 -1.0 -1.0 -1.0 -1.0 -1.0 -1.0 -1.0 -1.0 -1.0 

1.0 1.0 1.0 1.0 1.0 1.0 1.0 1.0 1.0 1.0 1.0 1.0 1.0 1.0 1.0 1.0 1.0 1.0 -1.0 -1.0 -1.0 -1.0 -1.0 -1.0 -1.0 
1.0 1.0 1.0 1.0 1.0 1.0 1.0 1.0 1.0 1.0 1.0 1.0 1.0 1.0 1.0 1.0 1.0 -1.0 -1.0 -1.0 -1.0 -1.0 -1.0 -1.0 -1.0 
2.0 1.0 1.0 1.0 1.0 1.0 1.0 1.0 1.0 1.0 1.0 1.0 1.0 1.0 1.0 1.0 -1.0 -1.0 -1.0 -1.0 -1.0 -1.0 -1.0 -1.0 -1.0 
2.0 2.0 2.0 1.0 1.0 1.0 1.0 1.0 1.0 1.0 1.0 1.0 1.0 1.0 1.0 1.0 -1.0 -1.0 -1.0 -1.0 -1.0 -1.0 -1.0 -1.0 -1.0 
2.0 2.0 2.0 2.0 1.0 1.0 1.0 1.0 1.0 1.0 1.0 1.0 1.0 1.0 1.0 -1.0 -1.0 -1.0 -1.0 -1.0 -1.0 -1.0 -1.0 -1.0 -1.0 
2.0 2.0 2.0 2.0 2.0 -2.0 -2.0 -2.0 -2.0 -2.0 -2.0 -2.0 -2.0 -2.0 -2.0 -1.0 -1.0 -1.0 -1.0 -1.0 -1.0 -1.0 -1.0 -1.0 -1.0 
2.0 2.0 2.0 2.0 2.0 2.0 -2.0 -2.0 -2.0 -2.0 -2.0 -2.0 -2.0 -2.0 -2.0 -1.0 -1.0 -1.0 -1.0 -1.0 -1.0 -1.0 -1.0 -1.0 -1.0 
2.0 2.0 2.0 2.0 2.0 2.0 -2.0 -2.0 -2.0 -2.0 -2.0 -2.0 -2.0 -2.0 -2.0 -1.0 -1.0 -1.0 -1.0 -1.0 -1.0 -1.0 -1.0 -1.0 -1.0 
2.0 2.0 2.0 2.0 2.0 2.0 2.0 -2.0 -2.0 -2.0 -2.0 -2.0 -2.0 -2.0 -2.0 -2.0 -1.0 -1.0 -1.0 -1.0 -1.0 -1.0 -1.0 -1.0 -1.0 
2.0 2.0 2.0 2.0 2.0 2.0 2.0 -2.0 -2.0 -2.0 -2.0 -2.0 -2.0 -2.0 -2.0 -2.0 -1.0 -1.0 -1.0 -1.0 -1.0 -1.0 -1.0 -1.0 -1.0 
2.0 2.0 2.0 2.0 2.0 2.0 2.0 -2.0 -2.0 -2.0 -2.0 -2.0 -2.0 -2.0 -2.0 -2.0 -1.0 -1.0 -1.0 -1.0 -1.0 -1.0 -1.0 -1.0 -1.0 
2.0 2.0 2.0 2.0 2.0 2.0 2.0 2.0 -2.0 -2.0 -2.0 -2.0 -2.0 -2.0 -2.0 -2.0 -2.0 -1.0 -1.0 -1.0 -1.0 -1.0 -1.0 -1.0 -1.0 
2.0 2.0 2.0 2.0 2.0 2.0 2.0 2.0 -2.0 -2.0 -2.0 -2.0 -2.0 -2.0 -2.0 -2.0 0.0 0.0 0.0 0.0 -1.0 -1.0 -1.0 -1.0 -1.0 
2.0 2.0 2.0 2.0 2.0 2.0 2.0 2.0 -2.0 -2.0 -2.0 -2.0 -2.0 -2.0 0.0 0.0 0.0 0.0 0.0 0.0 0.0 0.0 0.0 0.0 -1.0 
2.0 2.0 2.0 2.0 2.0 2.0 2.0 2.0 2.0 -2.0 -2.0 -2.0 0.0 0.0 0.0 0.0 0.0 0.0 0.0 0.0 0.0 0.0 0.0 0.0 0.0 
2.0 2.0 2.0 2.0 2.0 2.0 2.0 2.0 2.0 -2.0 -2.0 0.0 0.0 0.0 0.0 0.0 0.0 0.0 0.0 0.0 0.0 0.0 0.0 0.0 0.0 
2.0 2.0 2.0 2.0 2.0 2.0 2.0 2.0 2.0 0.0 0.0 0.0 0.0 0.0 0.0 0.0 0.0 0.0 0.0 0.0 0.0 0.0 0.0 0.0 0.0 
2.0 2.0 2.0 2.0 2.0 2.0 2.0 2.0 2.0 0.0 0.0 0.0 0.0 0.0 0.0 0.0 0.0 0.0 0.0 0.0 0.0 0.0 0.0 0.0 0.0 
2.0 2.0 2.0 2.0 2.0 2.0 2.0 2.0 2.0 0.0 0.0 0.0 0.0 0.0 0.0 0.0 0.0 0.0 0.0 0.0 0.0 0.0 0.0 0.0 0.0 
2.0 2.0 2.0 2.0 2.0 2.0 2.0 2.0 0.0 0.0 0.0 0.0 0.0 0.0 0.0 0.0 0.0 0.0 0.0 0.0 0.0 0.0 0.0 0.0 0.0 
2.0 2.0 2.0 2.0 2.0 2.0 2.0 2.0 0.0 0.0 0.0 0.0 0.0 0.0 0.0 0.0 0.0 0.0 0.0 0.0 0.0 0.0 0.0 0.0 0.0 
2.0 2.0 2.0 2.0 2.0 2.0 2.0 0.0 0.0 0.0 0.0 0.0 0.0 0.0 0.0 0.0 0.0 0.0 0.0 0.0 0.0 0.0 0.0 0.0 0.0 
2.0 2.0 2.0 2.0 2.0 2.0 2.0 0.0 0.0 0.0 0.0 0.0 0.0 0.0 0.0 0.0 0.0 0.0 0.0 0.0 0.0 0.0 0.0 0.0 0.0 
2.0 2.0 2.0 2.0 2.0 2.0 2.0 0.0 0.0 0.0 0.0 0.0 0.0 0.0 0.0 0.0 0.0 0.0 0.0 0.0 0.0 0.0 0.0 0.0 0.0 
2.0 2.0 2.0 2.0 2.0 2.0 0.0 0.0 0.0 0.0 0.0 0.0 0.0 0.0 0.0 0.0 0.0 0.0 0.0 0.0 0.0 0.0 0.0 0.0 0.0 

