0.987675 0.400934 0.314487 0.272991 0.174041 0.517928 0.858003 0.539223 0.956773 0.523384 0.940769 0.302002 0.459811 0.339625 0.992373 0.388153 0.245228 0.826907 0.379451 0.683610 0.654818 0.537533 0.344112 0.002645 0.566522 
0.248504 0.201434 0.249189 0.601595 0.501876 0.345878 0.219693 0.339302 0.129389 0.257587 0.923716 0.290561 0.751065 0.032500 0.260886 0.490506 0.927109 0.320972 0.616415 0.181776 0.106663 0.574794 0.858511 0.367197 0.948121 
0.507878 0.635213 0.867956 0.217062 0.996021 0.037957 0.535794 0.014527 0.596844 0.687615 0.767883 0.421666 0.131736 0.059470 0.785415 0.108924 0.063439 0.015150 0.558981 0.768463 0.403228 0.752366 0.667403 0.907169 0.030190 
0.847156 0.087124 0.972771 0.754894 0.762434 0.482399 0.284303 0.850250 0.906603 0.464761 0.091120 0.375256 0.951779 0.260331 0.635857 0.517007 0.487206 0.861017 0.817684 0.632783 0.705018 0.161744 0.210831 0.342777 0.883114 
0.989471 0.909530 0.469114 0.118430 0.808848 0.198415 0.736404 0.239893 0.857264 0.368292 0.173813 0.321101 0.264644 0.503592 0.523222 0.488553 0.146536 0.971250 0.238376 0.866136 0.466548 0.288189 0.147806 0.336717 0.876073 
0.193552 0.681231 0.318058 0.337478 0.739664 0.875039 0.129616 0.937850 0.678977 0.393248 0.973429 0.860459 0.092348 0.809422 0.838901 0.458099 0.728109 0.026994 0.890642 0.194366 0.617949 0.338495 0.654111 0.281232 0.192897 
0.534701 0.511249 0.471330 0.899173 0.346784 0.260991 0.072999 0.861100 0.617412 0.105540 0.395865 0.541730 0.093196 0.194315 0.208598 0.661331 0.767089 0.240002 0.730748 0.041683 0.104241 0.586987 0.114859 0.500616 0.255399 
0.470756 0.421133 0.431059 0.767926 0.303590 0.330420 0.961304 0.362527 0.020724 0.907930 0.770790 0.624315 0.561373 0.835428 0.097129 0.506291 0.449922 0.718338 0.871658 0.494466 0.455356 0.220754 0.478047 0.975322 0.951662 
0.366766 0.527915 0.699795 0.880232 0.955196 0.048195 0.022116 0.718884 0.799288 0.099141 0.818289 0.087228 0.740399 0.170678 0.059803 0.035478 0.952074 0.277132 0.654037 0.189374 0.409097 0.461587 0.966084 0.986783 0.263131 
0.963675 0.552677 0.805587 0.368757 0.551844 0.578585 0.808760 0.617177 0.595677 0.796664 0.007668 0.268977 0.598048 0.609067 0.346825 0.395949 0.595479 0.220992 0.639341 0.477456 0.624885 0.586509 0.521286 0.831308 0.372969 
0.629420 0.468949 0.152220 0.158623 0.107974 0.017195 0.116926 0.617089 0.956217 0.880837 0.806726 0.935477 0.612217 0.530099 0.006508 0.923153 0.273513 0.728294 0.915383 0.308469 0.632351 0.855943 0.336827 0.127016 0.315548 
0.154844 0.413840 0.860778 0.189441 0.757572 0.973383 0.083224 0.147661 0.492725 0.868566 0.743849 0.577633 0.505083 0.738279 0.087023 0.656047 0.511755 0.919694 0.936794 0.986827 0.842674 0.962138 0.870686 0.808233 0.045091 
0.574912 0.535875 0.666111 0.554997 0.195981 0.781046 0.192237 0.115431 0.845370 0.135543 0.190823 0.059566 0.893141 0.061388 0.614474 0.288220 0.373793 0.503020 0.835786 0.965687 0.178681 0.737765 0.503657 0.731418 0.898468 
0.725201 0.185746 0.925753 0.819485 0.796936 0.142530 0.979438 0.388431 0.540332 0.281083 0.212579 0.779567 0.722265 0.251515 0.078164 0.720528 0.437629 0.042742 0.236760 0.211814 0.030025 0.652456 0.949282 0.864673 0.416076 
0.795193 0.981849 0.581783 0.482471 0.739603 0.542920 0.244964 0.305656 0.076433 0.853755 0.644490 0.037953 0.662368 0.071785 0.815312 0.209054 0.938738 0.651968 0.991429 0.923433 0.895141 0.089222 0.555034 0.089818 0.611588 
0.948070 0.781797 0.379885 0.979493 0.135584 0.035347 0.499239 0.394630 0.480598 0.263832 0.523448 0.318113 0.586121 0.825142 0.298325 0.851017 0.733508 0.251314 0.581975 0.200623 0.206882 0.685946 0.293194 0.473174 0.285924 
0.355070 0.493718 0.925542 0.786397 0.040937 0.001295 0.018383 0.773431 0.609383 0.644032 0.583151 0.397941 0.731279 0.932196 0.776164 0.946748 0.472545 0.914163 0.980888 0.419286 0.250586 0.126944 0.761282 0.665051 0.228436 
0.549449 0.648610 0.953585 0.794816 0.753008 0.544136 0.304647 0.484804 0.638118 0.645157 0.231720 0.594408 0.710973 0.611663 0.183838 0.560070 0.157199 0.834356 0.321928 0.970132 0.140791 0.469410 0.946368 0.162054 0.783708 
0.609912 0.984692 0.681362 0.371461 0.936361 0.273421 0.635474 0.439897 0.129892 0.235415 0.481472 0.888812 0.274378 0.603872 0.990083 0.809092 0.595071 0.511353 0.089645 0.078572 0.858100 0.372335 0.139348 0.320359 0.048606 
0.506846 0.543460 0.780988 0.133222 0.721239 0.180775 0.296120 0.699614 0.953319 0.264196 0.860843 0.899107 0.318912 0.091009 0.171168 0.330990 0.637997 0.090354 0.015865 0.971934 0.846260 0.483784 0.667317 0.842456 0.421960 
0.914754 0.540734 0.987467 0.927321 0.609006 0.349992 0.422746 0.022273 0.642041 0.864191 0.567922 0.373611 0.194225 0.357542 0.810051 0.408565 0.198443 0.433093 0.483867 0.019625 0.325996 0.655733 0.715612 0.965008 0.050197 
0.696425 0.896541 0.781588 0.858554 0.469455 0.087053 0.931287 0.830429 0.874061 0.439352 0.743408 0.968512 0.299452 0.000324 0.208792 0.916773 0.967729 0.674041 0.630740 0.651837 0.635604 0.878316 0.305579 0.356015 0.355920 
0.579851 0.725505 0.792353 0.998278 0.873477 0.873214 0.940697 0.244887 0.415639 0.856492 0.053241 0.186370 0.722110 0.016894 0.605019 0.363067 0.633746 0.597162 0.360137 0.921250 0.912929 0.173701 0.276380 0.739064 0.290080 
0.443244 0.088168 0.754603 0.498333 0.793127 0.476997 0.879858 0.481838 0.622433 0.533264 0.443507 0.639632 0.953569 0.020960 0.678734 0.439717 0.137705 0.118812 0.525486 0.374691 0.726413 0.410639 0.919464 0.851147 0.270531 
0.308537 0.786713 0.942914 0.725403 0.515412 0.109936 0.477837 0.694922 0.266308 0.213679 0.796032 0.844115 0.216224 0.406244 0.556006 0.556069 0.697021 0.717817 0.001764 0.347375 0.014969 0.842242 0.455915 0.501290 0.433389 

0.942969 0.825732 0.999645 0.430618 0.674055 0.775355 0.358683 0.777276 0.985871 0.775903 0.401554 0.922018 0.679404 0.582122 0.521479 0.637007 0.797979 0.327531 0.383021 0.144907 0.545400 0.725667 0.238187 0.470234 0.701525 
0.021841 0.838748 0.240605 0.694375 0.151147 0.146668 0.408669 0.634049 0.028656 0.843120 0.734916 0.525254 0.389787 0.451737 0.183968 0.283458 0.116793 0.390123 0.201184 0.466500 0.465635 0.555141 0.655025 0.513817 0.462613 
0.353953 0.351749 0.138897 0.337892 0.877818 0.419425 0.243196 0.932158 0.562360 0.170476 0.353827 0.343074 0.806075 0.066419 0.884839 0.065259 0.094224 0.326531 0.819019 0.022599 0.740592 0.104546 0.085430 0.594205 0.867993 
0.752072 0.291538 0.124494 0.601351 0.683790 0.319731 0.184314 0.870425 0.420288 0.375061 0.023693 0.183256 0.110799 0.892029 0.155981 0.212131 0.389517 0.900364 0.930389 0.020323 0.693562 0.396070 0.005568 0.550868 0.637178 
0.550100 0.701355 0.950563 0.479585 0.456366 0.984842 0.085984 0.163179 0.966777 0.519656 0.862360 0.672302 0.349939 0.183579 0.718641 0.014244 0.065949 0.635762 0.079056 0.010442 0.021202 0.553197 0.947693 0.925602 0.558528 
0.045459 0.196267 0.527510 0.607718 0.361477 0.472469 0.616509 0.115295 0.149186 0.038494 0.535625 0.107421 0.820582 0.552308 0.516191 0.694297 0.367832 0.310230 0.756788 0.290751 0.268529 0.767820 0.433004 0.861578 0.543064 
0.582331 0.907938 0.764431 0.953178 0.336614 0.181417 0.675559 0.530676 0.411553 0.844342 0.866473 0.272958 0.017380 0.972635 0.293852 0.320158 0.433751 0.192607 0.719679 0.544924 0.382179 0.130793 0.127785 0.687629 0.341472 
0.060597 0.259131 0.289546 0.017419 0.969582 0.314155 0.004306 0.351424 0.117933 0.805106 0.925623 0.942207 0.335903 0.145526 0.385158 0.867452 0.170448 0.423695 0.257959 0.384359 0.518279 0.770172 0.640194 0.474267 0.824369 
0.207656 0.051613 0.961844 0.573449 0.193823 0.175831 0.779158 0.414482 0.561560 0.698631 0.912650 0.622213 0.322031 0.579366 0.103316 0.971918 0.603272 0.311564 0.745649 0.832996 0.426226 0.339219 0.521507 0.565347 0.778934 
0.571750 0.648333 0.398195 0.919033 0.159709 0.430083 0.779842 0.899519 0.959953 0.870096 0.465462 0.154697 0.639441 0.515244 0.146289 0.679772 0.005353 0.406262 0.043107 0.376450 0.779970 0.044653 0.693216 0.585637 0.692408 
0.027424 0.032101 0.618980 0.239796 0.568894 0.259774 0.162513 0.929670 0.295311 0.180201 0.207524 0.306182 0.585075 0.889217 0.337757 0.637053 0.127874 0.935745 0.441180 0.398739 0.790304 0.071414 0.714465 0.867957 0.518917 
0.082588 0.870070 0.319412 0.367240 0.246073 0.004854 0.046695 0.629265 0.666704 0.416500 0.953620 0.024967 0.530512 0.024329 0.352192 0.530737 0.163856 0.676823 0.267776 0.124365 0.378213 0.643150 0.027850 0.260410 0.573874 
0.684504 0.397590 0.502786 0.713134 0.888266 0.157330 0.100732 0.680834 0.241614 0.738267 0.210616 0.835497 0.543048 0.128343 0.874807 0.626404 0.737403 0.846588 0.949239 0.709738 0.471400 0.153113 0.404568 0.436919 0.938730 
0.842386 0.792532 0.221047 0.589556 0.501061 0.598938 0.274679 0.337718 0.193076 0.262864 0.504715 0.070093 0.888752 0.936284 0.858348 0.935993 0.431341 0.348041 0.345899 0.961632 0.255515 0.987429 0.405847 0.658392 0.191865 
0.202340 0.671253 0.087516 0.331402 0.643647 0.433786 0.482363 0.820944 0.204693 0.963478 0.266211 0.880151 0.846875 0.915325 0.357725 0.875605 0.469104 0.624584 0.488112 0.318289 0.257652 0.430425 0.807916 0.313624 0.928974 
0.083699 0.712163 0.582256 0.858266 0.923328 0.016158 0.031838 0.881892 0.829509 0.111903 0.333788 0.341453 0.391313 0.046604 0.573886 0.246894 0.048334 0.551783 0.787642 0.099726 0.733478 0.040628 0.303854 0.365166 0.454871 
0.427945 0.782099 0.879231 0.772371 0.931010 0.010722 0.235054 0.524081 0.653818 0.880091 0.728885 0.905918 0.723001 0.841244 0.766391 0.958292 0.714307 0.910230 0.524483 0.694212 0.044014 0.364148 0.463303 0.056666 0.280353 
0.682073 0.344441 0.774508 0.266155 0.495825 0.765162 0.117078 0.964779 0.823190 0.425072 0.608047 0.555832 0.386147 0.932804 0.038623 0.840665 0.397882 0.998968 0.897614 0.548063 0.073303 0.576570 0.431301 0.452682 0.306658 
0.110846 0.144996 0.007210 0.379061 0.498107 0.732501 0.177183 0.518051 0.009755 0.502483 0.380199 0.630447 0.179729 0.476169 0.684627 0.437327 0.835854 0.626485 0.835512 0.528346 0.051220 0.317996 0.500943 0.864337 0.096767 
0.993286 0.301819 0.458467 0.222345 0.314490 0.689183 0.927803 0.540602 0.133859 0.812807 0.463598 0.587494 0.620195 0.831571 0.639552 0.589975 0.454039 0.133032 0.592709 0.128253 0.762135 0.034745 0.574850 0.313013 0.009511 
0.575268 0.534213 0.914245 0.512479 0.099242 0.928961 0.562414 0.817493 0.501505 0.678372 0.570822 0.009058 0.481762 0.012279 0.877050 0.369172 0.068902 0.699767 0.682069 0.181211 0.578432 0.492361 0.778597 0.385107 0.790850 
0.200331 0.536696 0.904921 0.403112 0.050927 0.704810 0.702411 0.432758 0.363285 0.557117 0.263866 0.166396 0.972163 0.360389 0.444837 0.550804 0.440014 0.920734 0.747249 0.817134 0.379099 0.607545 0.929970 0.388910 0.198506 
0.143103 0.577909 0.318509 0.277451 0.479577 0.069409 0.264801 0.945870 0.713065 0.544598 0.281616 0.998092 0.907991 0.493559 0.226641 0.283335 0.044249 0.849566 0.116308 0.877343 0.234318 0.452315 0.047783 0.342564 0.035052 
0.351308 0.105530 0.217785 0.095528 0.188371 0.976925 0.699855 0.324181 0.878875 0.415116 0.587488 0.274864 0.053737 0.028536 0.000658 0.166279 0.038829 0.464198 0.366009 0.239743 0.222687 0.451113 0.819902 0.507673 0.030632 
0.163046 0.372687 0.529325 0.212465 0.850406 0.710292 0.837078 0.577398 0.206000 0.406675 0.583188 0.596163 0.524298 0.713945 0.129878 0.376534 0.620275 0.242056 0.493041 0.690604 0.448945 0.121403 0.041971 0.266923 0.221267 

-0.089559 -0.387072 -0.669566 0.104201 -0.319233 -0.359304 0.222983 -0.078093 -0.053860 -0.376361 0.463002 -0.431565 -0.446824 -0.358666 0.707383 -0.358315 -0.728004 0.482618 -0.267035 0.783446 -0.018287 -0.084226 0.062997 -0.331136 -0.244887 
0.384537 -0.826104 0.013331 -0.140740 0.081958 0.256006 -0.309567 -0.386487 0.266447 -0.556598 0.213977 -0.244273 0.294711 -0.230787 0.246902 0.384686 1.016825 -0.315610 0.219182 -0.727188 -0.017940 0.101072 0.464946 -0.051345 0.263427 
-0.109418 0.137373 0.718545 0.154409 0.048545 -0.318841 0.530961 -1.275020 -0.042990 0.859263 0.077145 -0.224347 -0.777164 0.221749 -0.421836 -0.241866 0.112620 -0.514090 -0.249674 0.615839 -0.385956 0.746638 0.548992 0.166471 -0.662343 
0.153623 -0.105746 1.433719 0.363617 0.075596 0.300748 0.128733 -0.185706 0.346076 -0.154277 0.282856 0.314334 0.817803 -0.362941 0.205063 0.567538 0.063699 -0.254508 -0.571561 0.771193 0.169666 -0.246567 0.297823 -0.427742 0.271547 
0.009072 -0.411395 1.082197 0.498155 -0.090732 -0.709435 0.804990 0.091215 -0.170255 -0.168089 -0.602119 -0.400807 0.020454 0.313721 -0.244334 0.601781 -0.218153 0.117498 0.174224 0.778272 0.364301 -0.309174 -1.155204 -0.737130 0.311113 
0.016605 0.253616 0.179273 0.902291 -0.857957 -0.729716 1.220628 -1.428107 -1.192402 -0.689877 -0.722725 -1.400005 1.620411 -0.455701 -0.851885 0.662241 0.373094 -0.494654 0.004353 -0.276111 0.614991 -0.350800 0.144424 -0.501970 -0.458452 
0.105136 -0.529720 -0.180348 0.323695 0.121554 -0.082882 1.331690 -0.819450 -0.345005 1.523508 0.732584 -0.691393 -0.350297 1.676268 0.018861 -0.618763 -0.534169 0.165493 0.168230 0.875419 0.351843 -1.085263 -0.065329 0.463232 -0.031382 
0.258034 -0.091959 0.133942 0.202822 1.163486 -0.062534 -1.802507 0.192707 -0.264565 -0.137062 0.296358 0.335677 -0.418568 -1.319102 0.461220 0.651473 -0.502418 -0.503484 -1.162298 -0.090671 0.386100 1.027906 0.357795 -0.705181 -0.305981 
-0.081098 -0.031374 0.364350 0.331552 0.088265 0.156904 1.454698 -0.465374 -0.391011 1.115400 0.160420 1.271802 -0.987057 0.802646 -0.063022 1.588023 -0.731692 0.086676 0.236792 1.217956 -0.417982 -0.310734 -0.639098 -1.214430 1.064288 
0.137561 0.372491 -0.055398 -0.127183 -0.290782 0.128904 -0.364101 0.483998 0.479600 0.024515 1.041225 -0.563803 0.225711 -0.169371 -0.657205 0.522445 -0.938989 0.090566 -1.100476 0.036519 0.303651 -0.779405 0.274118 -0.499636 0.968705 
-0.418868 0.044551 0.276492 0.362652 -0.008754 0.371260 -0.141429 0.569240 -1.207764 -1.613549 -1.408989 -1.624640 -0.471236 0.775921 0.984896 -0.732346 -0.584438 0.615357 -1.043497 0.273749 0.347889 -1.472757 0.940134 1.525807 0.644743 
0.026761 0.353670 0.000725 -0.357272 0.192849 -0.249509 -0.196075 1.028258 0.131590 -1.016325 0.342148 -0.936384 -0.042240 -1.342727 0.378071 -0.294824 -0.843629 -0.197371 -1.298138 -1.640914 -0.952967 -0.134891 -1.731437 -0.828224 1.494427 
0.175614 -0.025480 0.114686 -0.357012 0.162827 -0.203468 -0.087052 -0.194637 -1.072435 1.197110 -0.114162 1.515037 -0.857672 0.403556 0.696508 0.802446 0.643919 1.036987 0.106337 -0.788377 0.478720 -1.440712 -0.157836 -0.616110 0.210423 
-0.054107 0.063844 0.102243 -0.207171 -0.237541 0.149297 -0.113705 -0.230498 -0.064598 -0.127058 0.584919 -1.453296 0.323755 1.236030 1.458044 0.454412 0.129744 0.434925 0.094496 1.482429 0.408535 0.436885 -1.301616 -0.605468 -0.310820 
-0.392534 0.162650 0.103073 -0.000540 0.456015 0.044356 0.355409 -0.298758 0.047198 0.223978 -1.146364 1.550666 0.333566 1.583770 -0.911189 1.146853 -1.142457 -0.209853 -1.194200 -1.040081 -1.391375 0.502189 0.569909 0.493359 1.079842 
-0.160153 0.011173 -0.053083 -0.080939 0.190289 0.286906 -0.074712 0.032986 -0.110702 -0.067409 0.068632 -0.081488 -0.405355 -1.720407 0.720925 -1.211878 -1.365569 0.424041 0.382090 -0.407020 1.436958 -1.360808 -0.282304 -0.354904 -0.073880 
0.074045 0.283375 0.301043 0.166921 0.162747 0.194780 -0.252185 -0.188462 0.161557 0.233032 0.121424 0.348572 -0.263266 -0.314381 0.024546 0.366291 0.492783 0.148884 -0.731319 0.303818 -0.387887 0.557225 -0.453086 -0.901622 -0.096026 
-0.173387 -0.274740 -0.010391 -0.230874 -0.063680 -0.024358 0.258231 -0.290543 -0.022858 -0.343332 -0.298549 0.064947 -0.332456 0.204517 -0.066048 0.575697 0.110043 -0.628001 -0.994025 1.205134 0.154393 -0.271774 1.138348 -0.634023 1.238857 
0.110871 0.024731 -0.224623 0.046779 -0.217388 -0.215570 0.170282 -0.033576 -0.116079 -0.043561 0.188105 -0.241636 -0.088595 -0.183876 -0.084052 -0.575330 0.561525 0.003036 -1.457406 -0.979304 1.502540 -0.040642 -0.888781 -1.334108 0.064311 
0.052350 0.154566 0.175626 -0.199444 -0.107606 0.027402 -0.308023 -0.014962 -0.334887 -0.125904 0.022456 -0.090868 0.334106 0.793474 1.045609 -0.019372 0.055627 -0.245605 -1.181400 2.115566 0.335611 0.861382 0.257298 1.361072 0.727762 
-0.117542 -0.006336 -0.049209 -0.004383 0.358281 0.477031 0.258536 -0.047793 0.103526 0.021296 -0.271350 0.075005 0.215049 -0.446667 0.145684 0.299342 -0.127480 0.190975 -0.231225 -0.589657 -0.562702 0.215100 -0.037466 1.027872 -1.781089 
-0.085162 0.033736 0.000122 -0.183969 0.293349 0.010443 0.179277 0.168940 0.027885 -0.314077 -0.243460 -0.243044 0.855109 0.508266 0.364873 -0.511372 -0.405920 0.288717 -0.097993 -0.051649 0.242055 0.586405 -1.632326 0.060728 0.353355 
0.002024 0.181938 0.078790 0.137827 0.057252 0.403532 0.165679 -0.096107 -0.412151 -0.093083 0.237700 0.081964 0.442847 0.376960 -0.540835 -0.074854 -0.541635 0.018982 -0.428346 -0.067620 1.386328 -0.286081 0.574477 0.581592 0.342431 
-0.035614 0.111283 0.033840 -0.154204 -0.177822 -0.148118 0.131627 0.061645 -0.310489 -0.202782 -0.194868 0.111337 -1.003869 -0.001138 -0.641521 -0.157167 -0.195804 0.100365 0.001799 0.271274 0.961574 0.104185 0.081025 0.672669 0.699908 
0.168996 0.104511 0.021828 0.371764 0.008024 0.352047 -0.058600 0.049907 0.212922 -0.423518 -0.057877 -0.120597 0.460442 0.615405 -0.668811 -0.529099 -0.286223 -0.688336 0.849708 0.387578 -0.889625 1.524187 0.627639 0.664643 0.342267 

4 4 4 4 4 4 4 4 4 4 4 4 4 4 4 4 4 4 4 4 4 4 4 4 4 
4 4 4 4 4 4 4 4 4 4 4 4 4 4 4 4 4 4 4 4 4 4 4 4 4 
4 4 4 4 4 4 4 4 4 4 4 4 4 4 4 4 4 4 4 4 4 4 4 4 4 
4 4 4 4 4 4 4 4 4 4 4 4 4 4 4 4 4 4 4 4 4 4 4 4 4 
0 2 2 2 2 4 4 4 4 4 4 4 4 4 4 4 4 4 4 4 4 4 4 4 4 
0 0 2 2 2 2 2 2 2 2 2 2 2 2 2 2 4 4 4 4 4 4 4 4 4 
0 0 0 2 2 2 2 2 2 2 2 2 2 2 2 2 2 2 2 2 2 2 2 2 2 
0 0 0 0 2 2 2 2 2 2 2 2 2 2 2 2 2 2 2 2 2 2 2 2 2 
0 0 0 0 0 2 2 2 2 2 2 2 2 2 2 2 2 2 2 2 2 2 2 2 2 
0 0 0 0 0 0 2 2 2 2 2 2 2 2 2 2 2 2 2 2 2 2 2 2 2 
0 0 0 0 0 0 0 2 2 2 2 2 2 2 2 2 2 2 2 2 2 2 2 2 2 
0 0 0 0 0 0 0 2 2 2 2 2 2 2 2 2 2 2 2 2 2 2 2 2 2 
0 0 0 0 0 0 0 0 2 2 2 2 2 2 2 2 2 2 2 2 2 2 2 2 2 
0 0 0 0 0 0 0 0 0 2 2 2 2 2 2 2 2 2 2 2 2 2 2 2 2 
0 0 0 0 0 0 0 0 0 0 2 2 2 2 2 2 2 2 2 2 2 2 2 2 2 
0 0 0 0 0 0 0 0 0 0 0 2 2 2 2 2 2 2 2 2 2 2 2 2 2 
0 0 0 0 0 0 0 0 0 0 0 1 1 1 1 2 2 2 2 2 2 2 2 2 2 
0 0 0 0 0 0 0 0 0 0 0 1 1 1 1 1 1 3 3 3 3 3 3 3 3 
0 0 0 0 0 0 0 0 0 0 0 0 1 1 1 1 1 1 3 3 3 3 3 3 3 
0 0 0 0 0 0 0 0 0 0 0 0 1 1 1 1 1 1 3 3 3 3 3 3 3 
0 0 0 0 0 0 0 0 0 0 0 0 1 1 1 1 1 1 3 3 3 3 3 3 3 
0 0 0 0 0 0 0 0 0 0 0 0 1 1 1 1 1 1 1 3 3 3 3 3 3 
0 0 0 0 0 0 0 0 0 0 0 0 1 1 1 1 1 1 1 3 3 3 3 3 3 
0 0 0 0 0 0 0 0 0 0 0 0 1 1 1 1 1 1 1 3 3 3 3 3 3 
0 0 0 0 0 0 0 0 0 0 0 0 1 1 1 1 1 1 1 1 3 3 3 3 3 

1.0 1.0 1.0 1.0 1.0 1.0 1.0 1.0 1.0 1.0 1.0 1.0 1.0 1.0 1.0 1.0 1.0 1.0 1.0 1.0 1.0 1.0 1.0 1.0 1.0 
1.0 1.0 1.0 1.0 1.0 1.0 1.0 1.0 1.0 1.0 1.0 1.0 1.0 1.0 1.0 1.0 1.0 1.0 1.0 1.0 1.0 1.0 1.0 1.0 1.0 
1.0 1.0 1.0 1.0 1.0 1.0 1.0 1.0 1.0 1.0 1.0 1.0 1.0 1.0 1.0 1.0 1.0 1.0 1.0 1.0 1.0 1.0 1.0 1.0 1.0 
1.0 1.0 1.0 1.0 1.0 1.0 1.0 1.0 1.0 1.0 1.0 1.0 1.0 1.0 1.0 1.0 1.0 1.0 1.0 1.0 1.0 1.0 1.0 1.0 1.0 
0.0 -2.0 -2.0 -2.0 -2.0 1.0 1.0 1.0 1.0 1.0 1.0 1.0 1.0 1.0 1.0 1.0 1.0 1.0 1.0 1.0 1.0 1.0 1.0 1.0 1.0 
0.0 0.0 -2.0 -2.0 -2.0 -2.0 -2.0 -2.0 -2.0 -2.0 -2.0 -2.0 -2.0 -2.0 -2.0 -2.0 1.0 1.0 1.0 1.0 1.0 1.0 1.0 1.0 1.0 
0.0 0.0 0.0 -2.0 -2.0 -2.0 -2.0 -2.0 -2.0 -2.0 -2.0 -2.0 -2.0 -2.0 -2.0 -2.0 -2.0 -2.0 -2.0 -2.0 -2.0 -2.0 -2.0 -2.0 -2.0 
0.0 0.0 0.0 0.0 -2.0 -2.0 -2.0 -2.0 -2.0 -2.0 -2.0 -2.0 -2.0 -2.0 -2.0 -2.0 -2.0 -2.0 -2.0 -2.0 -2.0 -2.0 -2.0 -2.0 -2.0 
0.0 0.0 0.0 0.0 0.0 -2.0 -2.0 -2.0 -2.0 -2.0 -2.0 -2.0 -2.0 -2.0 -2.0 -2.0 -2.0 -2.0 -2.0 -2.0 -2.0 -2.0 -2.0 -2.0 -2.0 
0.0 0.0 0.0 0.0 0.0 0.0 -2.0 -2.0 -2.0 -2.0 -2.0 -2.0 -2.0 -2.0 -2.0 -2.0 -2.0 -2.0 -2.0 -2.0 -2.0 -2.0 -2.0 -2.0 -2.0 
0.0 0.0 0.0 0.0 0.0 0.0 0.0 -2.0 -2.0 -2.0 -2.0 -2.0 -2.0 -2.0 -2.0 -2.0 -2.0 -2.0 -2.0 -2.0 -2.0 -2.0 -2.0 -2.0 -2.0 
0.0 0.0 0.0 0.0 0.0 0.0 0.0 -2.0 -2.0 -2.0 -2.0 -2.0 -2.0 -2.0 -2.0 -2.0 -2.0 -2.0 -2.0 -2.0 -2.0 -2.0 -2.0 -2.0 -2.0 
0.0 0.0 0.0 0.0 0.0 0.0 0.0 0.0 -2.0 -2.0 -2.0 -2.0 -2.0 -2.0 -2.0 -2.0 -2.0 -2.0 -2.0 -2.0 -2.0 -2.0 -2.0 -2.0 -2.0 
0.0 0.0 0.0 0.0 0.0 0.0 0.0 0.0 0.0 -2.0 -2.0 -2.0 -2.0 -2.0 -2.0 -2.0 -2.0 -2.0 -2.0 -2.0 -2.0 -2.0 -2.0 -2.0 -2.0 
0.0 0.0 0.0 0.0 0.0 0.0 0.0 0.0 0.0 0.0 -2.0 -2.0 -2.0 -2.0 -2.0 -2.0 -2.0 -2.0 -2.0 -2.0 -2.0 -2.0 -2.0 -2.0 -2.0 
0.0 0.0 0.0 0.0 0.0 0.0 0.0 0.0 0.0 0.0 0.0 -2.0 -2.0 -2.0 -2.0 -2.0 -2.0 -2.0 -2.0 -2.0 -2.0 -2.0 -2.0 -2.0 -2.0 
0.0 0.0 0.0 0.0 0.0 0.0 0.0 0.0 0.0 0.0 0.0 -1.0 -1.0 -1.0 -1.0 -2.0 -2.0 -2.0 -2.0 -2.0 -2.0 -2.0 -2.0 -2.0 -2.0 
0.0 0.0 0.0 0.0 0.0 0.0 0.0 0.0 0.0 0.0 0.0 -1.0 -1.0 -1.0 -1.0 -1.0 -1.0 2.0 2.0 2.0 2.0 2.0 2.0 2.0 2.0 
0.0 0.0 0.0 0.0 0.0 0.0 0.0 0.0 0.0 0.0 0.0 0.0 -1.0 -1.0 -1.0 -1.0 -1.0 -1.0 2.0 2.0 2.0 2.0 2.0 2.0 2.0 
0.0 0.0 0.0 0.0 0.0 0.0 0.0 0.0 0.0 0.0 0.0 0.0 -1.0 -1.0 -1.0 -1.0 -1.0 -1.0 2.0 2.0 2.0 2.0 2.0 2.0 2.0 
0.0 0.0 0.0 0.0 0.0 0.0 0.0 0.0 0.0 0.0 0.0 0.0 -1.0 -1.0 -1.0 -1.0 -1.0 -1.0 2.0 2.0 2.0 2.0 2.0 2.0 2.0 
0.0 0.0 0.0 0.0 0.0 0.0 0.0 0.0 0.0 0.0 0.0 0.0 -1.0 -1.0 -1.0 -1.0 -1.0 -1.0 -1.0 2.0 2.0 2.0 2.0 2.0 2.0 
0.0 0.0 0.0 0.0 0.0 0.0 0.0 0.0 0.0 0.0 0.0 0.0 -1.0 -1.0 -1.0 -1.0 -1.0 -1.0 -1.0 2.0 2.0 2.0 2.0 2.0 2.0 
0.0 0.0 0.0 0.0 0.0 0.0 0.0 0.0 0.0 0.0 0.0 0.0 -1.0 -1.0 -1.0 -1.0 -1.0 -1.0 -1.0 2.0 2.0 2.0 2.0 2.0 2.0 
0.0 0.0 0.0 0.0 0.0 0.0 0.0 0.0 0.0 0.0 0.0 0.0 -1.0 -1.0 -1.0 -1.0 -1.0 -1.0 -1.0 -1.0 2.0 2.0 2.0 2.0 2.0 

-1.0 -1.0 -1.0 -1.0 -1.0 -1.0 -1.0 -1.0 -1.0 -1.0 -1.0 -1.0 -1.0 -1.0 -1.0 -1.0 -1.0 -1.0 -1.0 -1.0 -1.0 -1.0 -1.0 -1.0 -1.0 
-1.0 -1.0 -1.0 -1.0 -1.0 -1.0 -1.0 -1.0 -1.0 -1.0 -1.0 -1.0 -1.0 -1.0 -1.0 -1.0 -1.0 -1.0 -1.0 -1.0 -1.0 -1.0 -1.0 -1.0 -1.0 
-1.0 -1.0 -1.0 -1.0 -1.0 -1.0 -1.0 -1.0 -1.0 -1.0 -1.0 -1.0 -1.0 -1.0 -1.0 -1.0 -1.0 -1.0 -1.0 -1.0 -1.0 -1.0 -1.0 -1.0 -1.0 
-1.0 -1.0 -1.0 -1.0 -1.0 -1.0 -1.0 -1.0 -1.0 -1.0 -1.0 -1.0 -1.0 -1.0 -1.0 -1.0 -1.0 -1.0 -1.0 -1.0 -1.0 -1.0 -1.0 -1.0 -1.0 
0.0 2.0 2.0 2.0 2.0 -1.0 -1.0 -1.0 -1.0 -1.0 -1.0 -1.0 -1.0 -1.0 -1.0 -1.0 -1.0 -1.0 -1.0 -1.0 -1.0 -1.0 -1.0 -1.0 -1.0 
0.0 0.0 2.0 2.0 2.0 2.0 2.0 2.0 2.0 2.0 2.0 2.0 2.0 2.0 2.0 2.0 -1.0 -1.0 -1.0 -1.0 -1.0 -1.0 -1.0 -1.0 -1.0 
0.0 0.0 0.0 2.0 2.0 2.0 2.0 2.0 2.0 2.0 2.0 2.0 2.0 2.0 2.0 2.0 2.0 2.0 2.0 2.0 2.0 2.0 2.0 2.0 2.0 
0.0 0.0 0.0 0.0 2.0 2.0 2.0 2.0 2.0 2.0 2.0 2.0 2.0 2.0 2.0 2.0 2.0 2.0 2.0 2.0 2.0 2.0 2.0 2.0 2.0 
0.0 0.0 0.0 0.0 0.0 2.0 2.0 2.0 2.0 2.0 2.0 2.0 2.0 2.0 2.0 2.0 2.0 2.0 2.0 2.0 2.0 2.0 2.0 2.0 2.0 
0.0 0.0 0.0 0.0 0.0 0.0 2.0 2.0 2.0 2.0 2.0 2.0 2.0 2.0 2.0 2.0 2.0 2.0 2.0 2.0 2.0 2.0 2.0 2.0 2.0 
0.0 0.0 0.0 0.0 0.0 0.0 0.0 2.0 2.0 2.0 2.0 2.0 2.0 2.0 2.0 2.0 2.0 2.0 2.0 2.0 2.0 2.0 2.0 2.0 2.0 
0.0 0.0 0.0 0.0 0.0 0.0 0.0 2.0 2.0 2.0 2.0 2.0 2.0 2.0 2.0 2.0 2.0 2.0 2.0 2.0 2.0 2.0 2.0 2.0 2.0 
0.0 0.0 0.0 0.0 0.0 0.0 0.0 0.0 2.0 2.0 2.0 2.0 2.0 2.0 2.0 2.0 2.0 2.0 2.0 2.0 2.0 2.0 2.0 2.0 2.0 
0.0 0.0 0.0 0.0 0.0 0.0 0.0 0.0 0.0 2.0 2.0 2.0 2.0 2.0 2.0 2.0 2.0 2.0 2.0 2.0 2.0 2.0 2.0 2.0 2.0 
0.0 0.0 0.0 0.0 0.0 0.0 0.0 0.0 0.0 0.0 2.0 2.0 2.0 2.0 2.0 2.0 2.0 2.0 2.0 2.0 2.0 2.0 2.0 2.0 2.0 
0.0 0.0 0.0 0.0 0.0 0.0 0.0 0.0 0.0 0.0 0.0 2.0 2.0 2.0 2.0 2.0 2.0 2.0 2.0 2.0 2.0 2.0 2.0 2.0 2.0 
0.0 0.0 0.0 0.0 0.0 0.0 0.0 0.0 0.0 0.0 0.0 1.0 1.0 1.0 1.0 2.0 2.0 2.0 2.0 2.0 2.0 2.0 2.0 2.0 2.0 
0.0 0.0 0.0 0.0 0.0 0.0 0.0 0.0 0.0 0.0 0.0 1.0 1.0 1.0 1.0 1.0 1.0 -2.0 -2.0 -2.0 -2.0 -2.0 -2.0 -2.0 -2.0 
0.0 0.0 0.0 0.0 0.0 0.0 0.0 0.0 0.0 0.0 0.0 0.0 1.0 1.0 1.0 1.0 1.0 1.0 -2.0 -2.0 -2.0 -2.0 -2.0 -2.0 -2.0 
0.0 0.0 0.0 0.0 0.0 0.0 0.0 0.0 0.0 0.0 0.0 0.0 1.0 1.0 1.0 1.0 1.0 1.0 -2.0 -2.0 -2.0 -2.0 -2.0 -2.0 -2.0 
0.0 0.0 0.0 0.0 0.0 0.0 0.0 0.0 0.0 0.0 0.0 0.0 1.0 1.0 1.0 1.0 1.0 1.0 -2.0 -2.0 -2.0 -2.0 -2.0 -2.0 -2.0 
0.0 0.0 0.0 0.0 0.0 0.0 0.0 0.0 0.0 0.0 0.0 0.0 1.0 1.0 1.0 1.0 1.0 1.0 1.0 -2.0 -2.0 -2.0 -2.0 -2.0 -2.0 
0.0 0.0 0.0 0.0 0.0 0.0 0.0 0.0 0.0 0.0 0.0 0.0 1.0 1.0 1.0 1.0 1.0 1.0 1.0 -2.0 -2.0 -2.0 -2.0 -2.0 -2.0 
0.0 0.0 0.0 0.0 0.0 0.0 0.0 0.0 0.0 0.0 0.0 0.0 1.0 1.0 1.0 1.0 1.0 1.0 1.0 -2.0 -2.0 -2.0 -2.0 -2.0 -2.0 
0.0 0.0 0.0 0.0 0.0 0.0 0.0 0.0 0.0 0.0 0.0 0.0 1.0 1.0 1.0 1.0 1.0 1.0 1.0 1.0 -2.0 -2.0 -2.0 -2.0 -2.0 

