0.052316 0.590492 0.065042 0.534585 0.189721 0.163362 0.785579 0.306761 0.737639 0.607699 0.238243 0.857562 0.629062 0.204532 0.227958 0.406214 0.169173 0.419551 0.139843 0.224594 0.181477 0.652020 0.248455 0.512670 0.491694 
0.827762 0.136611 0.560865 0.666045 0.750291 0.143157 0.300996 0.050174 0.412266 0.971801 0.800722 0.621834 0.920203 0.425088 0.891691 0.490179 0.772539 0.612016 0.347190 0.907169 0.670770 0.616100 0.535614 0.193321 0.577858 
0.141096 0.280885 0.281980 0.130833 0.442853 0.313967 0.523661 0.039589 0.697490 0.370987 0.371022 0.389956 0.451161 0.945991 0.996628 0.735075 0.073668 0.206633 0.970305 0.824993 0.738651 0.852935 0.330770 0.035277 0.809966 
0.683922 0.614336 0.630851 0.887305 0.640256 0.920211 0.195772 0.281297 0.009421 0.533718 0.433652 0.958120 0.522495 0.194178 0.847996 0.381985 0.202078 0.206989 0.541899 0.085094 0.174092 0.775819 0.683940 0.617975 0.921652 
0.670873 0.758024 0.734324 0.292626 0.021057 0.892065 0.267741 0.019860 0.450552 0.082588 0.427948 0.500883 0.461211 0.731074 0.345137 0.912961 0.401716 0.622035 0.183700 0.487907 0.348842 0.996730 0.155317 0.374091 0.841930 
0.565224 0.289241 0.472878 0.361828 0.400573 0.731791 0.762605 0.229760 0.402162 0.566890 0.318562 0.380843 0.040380 0.324193 0.729061 0.752765 0.073329 0.197993 0.594954 0.315587 0.719563 0.542264 0.694331 0.794369 0.618740 
0.320862 0.835139 0.880887 0.730058 0.995566 0.723199 0.302484 0.160723 0.991866 0.022233 0.534176 0.852025 0.570302 0.799511 0.672272 0.444478 0.788698 0.383320 0.435662 0.060730 0.705205 0.477904 0.762046 0.971740 0.417740 
0.472306 0.708667 0.471279 0.188053 0.468202 0.388283 0.764884 0.000070 0.614078 0.451782 0.919432 0.671738 0.844326 0.025829 0.004424 0.199495 0.908556 0.740229 0.358110 0.946538 0.668873 0.155123 0.719757 0.530148 0.371538 
0.141836 0.943259 0.368681 0.266891 0.092242 0.128936 0.830594 0.896203 0.246456 0.774977 0.184660 0.374112 0.831619 0.926336 0.409802 0.325208 0.816676 0.671432 0.343527 0.010762 0.222625 0.619659 0.302538 0.776674 0.938853 
0.112647 0.827482 0.743656 0.536057 0.483053 0.447420 0.428667 0.326142 0.175764 0.139255 0.851366 0.188835 0.490242 0.075468 0.528341 0.750863 0.100514 0.355841 0.098309 0.654827 0.888022 0.922534 0.498035 0.583622 0.224842 
0.424599 0.566588 0.463641 0.733225 0.490721 0.119560 0.348256 0.705423 0.452730 0.146253 0.081074 0.503661 0.211754 0.363969 0.168465 0.636115 0.863401 0.142094 0.661181 0.480169 0.457915 0.311985 0.023903 0.824077 0.525758 
0.401459 0.589437 0.739262 0.341263 0.422901 0.034310 0.958136 0.527792 0.510781 0.883008 0.931371 0.082131 0.591360 0.256176 0.006955 0.860930 0.852490 0.938571 0.247124 0.324819 0.025072 0.972675 0.576862 0.849222 0.559136 
0.056566 0.137558 0.766806 0.874171 0.534534 0.780261 0.354748 0.426297 0.898257 0.694259 0.638981 0.923918 0.029616 0.009405 0.836925 0.890047 0.342367 0.602051 0.612326 0.207586 0.995851 0.346961 0.957894 0.048850 0.487822 
0.156125 0.246733 0.390506 0.261258 0.973342 0.082856 0.407571 0.640736 0.059411 0.268411 0.130271 0.267506 0.159929 0.985262 0.726770 0.252352 0.184404 0.149924 0.397802 0.575667 0.779727 0.898777 0.745267 0.318546 0.904906 
0.348579 0.155540 0.102648 0.842435 0.926974 0.900385 0.204297 0.738381 0.989638 0.342739 0.533975 0.262808 0.273953 0.903652 0.887146 0.196394 0.951825 0.137761 0.692403 0.757607 0.999314 0.017014 0.416989 0.807395 0.545392 
0.145407 0.785818 0.641770 0.985695 0.121524 0.101583 0.415739 0.310322 0.909697 0.153871 0.192394 0.887888 0.324287 0.543970 0.863784 0.630728 0.746690 0.618166 0.357979 0.014003 0.467668 0.690126 0.027192 0.585575 0.497195 
0.450887 0.434376 0.368609 0.851596 0.001970 0.821726 0.510727 0.604934 0.453239 0.751456 0.919015 0.807662 0.864215 0.145566 0.550020 0.433482 0.325925 0.928485 0.467053 0.151423 0.859208 0.968539 0.841504 0.018575 0.634500 
0.278434 0.851085 0.698836 0.716507 0.420483 0.973417 0.773041 0.952663 0.826754 0.349758 0.483309 0.202315 0.270982 0.479402 0.024534 0.197784 0.207244 0.567066 0.379574 0.390334 0.573183 0.534563 0.692619 0.221547 0.832237 
0.697039 0.100380 0.674354 0.212959 0.225167 0.951897 0.722345 0.942320 0.810497 0.198180 0.736216 0.685146 0.137980 0.604330 0.693694 0.311498 0.668372 0.420758 0.543645 0.654466 0.807960 0.826029 0.443300 0.104666 0.241658 
0.046100 0.561859 0.362303 0.923638 0.088625 0.666954 0.973281 0.425484 0.311005 0.447889 0.336538 0.896209 0.598780 0.206366 0.661038 0.220030 0.015184 0.073437 0.173272 0.475866 0.823834 0.437815 0.974555 0.822261 0.965223 
0.910610 0.144859 0.512890 0.422248 0.652765 0.856794 0.145556 0.769864 0.772028 0.053415 0.574922 0.805212 0.667319 0.183855 0.564900 0.263321 0.169581 0.704682 0.673922 0.540267 0.867277 0.460736 0.671686 0.554288 0.678823 
0.965933 0.245824 0.117297 0.447961 0.963880 0.099304 0.958912 0.592065 0.935665 0.279882 0.459886 0.352807 0.003293 0.163225 0.873178 0.712150 0.825851 0.413535 0.249089 0.323526 0.932989 0.205296 0.376542 0.195101 0.588786 
0.197500 0.242516 0.444537 0.148887 0.479844 0.758034 0.787786 0.218891 0.606808 0.079363 0.260681 0.493671 0.321537 0.966263 0.990917 0.965987 0.574694 0.594362 0.214401 0.037133 0.343675 0.145738 0.634648 0.606234 0.872647 
0.142090 0.292016 0.217789 0.627989 0.997531 0.047884 0.331282 0.513567 0.658043 0.688421 0.533281 0.324867 0.110701 0.342541 0.245313 0.454022 0.987250 0.116032 0.853125 0.776158 0.414279 0.594504 0.002890 0.510557 0.425384 
0.874487 0.807088 0.935461 0.203104 0.107635 0.007554 0.980159 0.864294 0.496955 0.962883 0.506932 0.013938 0.070127 0.755967 0.873878 0.674601 0.605649 0.346987 0.991772 0.389138 0.879235 0.791330 0.482487 0.534160 0.006572 

0.788460 0.896538 0.865709 0.831156 0.135893 0.896331 0.934774 0.602861 0.312639 0.935640 0.532713 0.551396 0.729658 0.082593 0.910616 0.881467 0.016039 0.011366 0.149588 0.076297 0.266678 0.698194 0.804683 0.830010 0.419785 
0.451034 0.226419 0.977799 0.506155 0.822590 0.208518 0.771126 0.759335 0.821475 0.534691 0.353068 0.018435 0.938987 0.450194 0.251863 0.176410 0.772068 0.726738 0.887534 0.012718 0.790956 0.509346 0.666166 0.943800 0.875941 
0.171196 0.115278 0.641836 0.838539 0.364220 0.211615 0.616225 0.624365 0.242017 0.441870 0.067403 0.402447 0.121127 0.037033 0.200292 0.810477 0.684148 0.918143 0.266971 0.599003 0.315365 0.290029 0.087839 0.922328 0.315560 
0.599919 0.076595 0.216596 0.861722 0.605770 0.897366 0.652778 0.921620 0.486776 0.621648 0.131660 0.096898 0.415234 0.401868 0.774131 0.280071 0.500417 0.981575 0.120315 0.734274 0.475728 0.858812 0.732865 0.802498 0.505882 
0.874761 0.060564 0.592923 0.869706 0.714777 0.832446 0.725595 0.836371 0.641436 0.458675 0.964486 0.717096 0.220855 0.741894 0.183561 0.280056 0.746163 0.746189 0.092266 0.464976 0.354996 0.180635 0.909624 0.894569 0.789497 
0.215548 0.510061 0.974740 0.312096 0.067081 0.733836 0.007472 0.845226 0.249846 0.452171 0.240898 0.696522 0.744070 0.563840 0.067542 0.990267 0.511010 0.040931 0.225248 0.003931 0.657034 0.731304 0.421985 0.577050 0.153520 
0.618173 0.779047 0.957850 0.088340 0.093689 0.411193 0.177398 0.935556 0.065484 0.930928 0.516334 0.638043 0.827511 0.353920 0.167072 0.576373 0.223627 0.740819 0.536944 0.694702 0.220629 0.615141 0.456998 0.511541 0.568685 
0.565376 0.608362 0.612313 0.002294 0.495756 0.321687 0.088460 0.539442 0.842827 0.266892 0.170912 0.210524 0.037005 0.789600 0.518542 0.159140 0.984150 0.977526 0.803857 0.071209 0.334300 0.307407 0.328565 0.997222 0.561577 
0.170378 0.441867 0.416587 0.764093 0.061913 0.760263 0.493487 0.478221 0.386697 0.738908 0.899473 0.334948 0.027377 0.269769 0.102800 0.105522 0.992491 0.824924 0.394067 0.692739 0.870684 0.023847 0.230813 0.449106 0.688321 
0.719486 0.903750 0.563685 0.128790 0.706965 0.653261 0.542708 0.513460 0.929926 0.188692 0.972751 0.216679 0.320076 0.150446 0.443015 0.297779 0.828185 0.102312 0.386108 0.810818 0.933498 0.881316 0.940894 0.686101 0.181704 
0.796241 0.587580 0.567389 0.506340 0.350381 0.232531 0.501758 0.403985 0.959979 0.184183 0.738576 0.462670 0.318951 0.496005 0.426894 0.633183 0.353605 0.605482 0.527411 0.195671 0.163973 0.222272 0.365053 0.712069 0.170926 
0.583622 0.650651 0.812884 0.989060 0.156559 0.630956 0.017820 0.481259 0.558048 0.571461 0.127993 0.488361 0.070313 0.673168 0.983889 0.314839 0.245759 0.803590 0.700664 0.678033 0.571799 0.890933 0.321747 0.291371 0.010282 
0.230118 0.860619 0.527180 0.273660 0.684019 0.818470 0.816361 0.733265 0.239011 0.592133 0.493870 0.508235 0.876126 0.023546 0.518032 0.687537 0.370045 0.911358 0.229940 0.141092 0.088615 0.371611 0.623352 0.910418 0.501174 
0.509077 0.132077 0.183555 0.788590 0.205664 0.854293 0.848542 0.765488 0.677326 0.399812 0.332768 0.816675 0.171351 0.851359 0.614654 0.592567 0.559265 0.884640 0.523013 0.152754 0.495418 0.501493 0.604937 0.242272 0.244502 
0.434561 0.339958 0.947983 0.420439 0.614524 0.428403 0.799093 0.220493 0.435593 0.126062 0.571327 0.084857 0.310149 0.987065 0.186178 0.489252 0.027478 0.155831 0.831644 0.777521 0.526852 0.774569 0.385823 0.369692 0.139477 
0.386460 0.609235 0.079959 0.981843 0.992080 0.444354 0.146519 0.628350 0.648698 0.705647 0.241747 0.306082 0.561205 0.247630 0.601274 0.474531 0.276096 0.492612 0.364426 0.210176 0.602262 0.556239 0.512086 0.316363 0.367907 
0.702859 0.878443 0.409207 0.409081 0.099023 0.837484 0.539462 0.074717 0.432768 0.005321 0.790269 0.552659 0.789764 0.035823 0.118355 0.536419 0.184339 0.621061 0.016601 0.112370 0.886582 0.395511 0.237315 0.917408 0.706697 
0.590098 0.005163 0.615251 0.940786 0.986539 0.612949 0.789251 0.885631 0.683212 0.533086 0.227063 0.386963 0.745270 0.845555 0.465139 0.829692 0.384205 0.767551 0.689561 0.059583 0.393614 0.164048 0.279346 0.318843 0.220876 
0.786864 0.395181 0.245628 0.408482 0.777448 0.709474 0.720069 0.876835 0.294402 0.540163 0.383294 0.216452 0.129104 0.405603 0.067011 0.480366 0.968176 0.390529 0.085938 0.457343 0.714775 0.376582 0.210246 0.163378 0.463970 
0.320584 0.069562 0.967147 0.518492 0.330857 0.433877 0.027671 0.528433 0.715993 0.918394 0.467086 0.556807 0.624616 0.325315 0.792759 0.656259 0.689362 0.472575 0.562203 0.788130 0.102159 0.892323 0.110551 0.450239 0.445551 
0.761779 0.262241 0.562438 0.808400 0.877377 0.240098 0.476858 0.816007 0.164483 0.768224 0.927417 0.768520 0.705311 0.487243 0.762384 0.262820 0.137854 0.074750 0.377958 0.546348 0.716317 0.729652 0.957376 0.306708 0.933512 
0.761621 0.996418 0.200150 0.858469 0.697001 0.294682 0.491034 0.652964 0.650097 0.895472 0.531958 0.206590 0.048172 0.957864 0.741415 0.973235 0.448121 0.959223 0.766605 0.899401 0.409890 0.510750 0.125188 0.053402 0.962417 
0.673881 0.721132 0.429989 0.261474 0.086640 0.487536 0.380146 0.227214 0.403962 0.310505 0.393032 0.325995 0.444465 0.733669 0.076615 0.087626 0.840893 0.920912 0.590233 0.725958 0.541307 0.876531 0.796970 0.835251 0.004296 
0.048192 0.465147 0.820653 0.761700 0.536293 0.313755 0.829822 0.941097 0.575712 0.835903 0.910389 0.509857 0.141607 0.151507 0.782571 0.743886 0.854453 0.095590 0.806529 0.231173 0.054001 0.042165 0.339111 0.306519 0.146042 
0.996277 0.399659 0.512363 0.767828 0.520281 0.715387 0.444470 0.898699 0.095061 0.849128 0.008028 0.774372 0.858228 0.266652 0.007321 0.595491 0.914971 0.076552 0.693288 0.551292 0.541449 0.502852 0.287555 0.618515 0.444103 

1.650953 1.263157 1.683406 1.140382 -0.093284 1.549378 1.016953 0.845520 -0.228451 1.042492 0.190346 -1.183646 -0.491770 -0.212493 0.380287 -0.001834 -0.327894 -0.852095 -0.134329 -0.179155 -0.193613 -0.521594 0.347100 -0.203680 -0.579810 
0.127202 0.424771 1.436671 0.381691 0.882617 0.440330 1.432665 1.536579 1.298369 -0.064645 -1.153468 -1.434472 -0.899277 -0.282281 -1.617793 -1.120206 -0.719304 -0.703582 0.174687 -1.686441 -0.526151 -0.769996 -0.325478 0.396839 -0.195166 
0.120717 -0.175130 1.113158 1.324601 0.369659 0.113606 0.514436 1.225503 -0.386101 -0.373373 -0.784458 -0.332522 -0.607355 -1.732553 -1.655575 -0.826236 0.581999 0.662983 -1.586258 -0.954945 -1.116768 -1.428005 -0.341246 0.851336 -1.203522 
0.473419 -0.447072 -0.340690 0.754902 0.463868 0.746317 1.199884 1.649982 0.897695 0.566305 -0.167695 -0.695464 -0.609741 -0.030467 -0.976913 -0.359421 0.072894 0.584300 -0.962884 0.588641 0.114366 -0.653831 -0.788233 -0.474326 -1.313655 
1.134836 -0.658281 0.357228 1.321113 1.465472 0.751180 1.058216 1.768030 0.866365 0.812195 0.088284 -0.362284 -0.786708 -0.512147 -0.501132 -1.547356 -0.067338 -0.465406 -0.549624 -0.469203 -0.423083 -1.869833 0.524206 0.075748 -0.739945 
-0.185778 0.513298 1.508064 0.286445 -0.146754 0.700210 -0.811470 1.584785 -0.064081 -0.755463 -0.553516 -0.146790 0.631611 -0.957954 -1.288794 -0.557776 0.399112 -0.558487 -1.127273 -0.400556 -0.706744 -0.665841 -1.144236 -1.004007 -1.206187 
1.215531 0.711917 1.025005 -0.546521 -0.839603 0.056140 -0.049655 1.924396 -0.520777 0.854398 -0.674379 -0.415511 -0.974536 -0.145983 0.461785 -0.820178 -1.436921 -0.216220 -0.277049 0.515831 -1.097555 -0.821513 -0.216754 -1.476640 -0.306992 
0.771459 0.377748 0.956602 -0.201317 0.637281 0.259557 -0.548364 0.955693 0.894487 -0.648262 -1.687520 0.211142 0.931398 -1.630705 -1.074877 -0.056383 -1.165832 -1.370948 -1.246554 0.863050 -1.049279 -0.602136 0.021768 -1.533374 -0.475890 
0.122958 -0.065783 0.387970 1.224590 -0.113501 1.481303 0.048183 0.099569 0.539222 -0.895479 -1.668186 -0.355370 0.866517 0.436648 0.130850 0.180670 -1.116074 -1.167184 -0.497859 -1.501979 0.502803 0.550199 -0.228852 -0.088955 -0.479052 
1.451330 1.044987 0.130795 -0.348009 0.917595 0.836880 0.743169 0.691033 1.623191 -0.245793 -0.730954 -0.301992 1.098054 -0.086438 -0.391145 0.156298 -1.710337 0.138617 -0.519062 -0.987285 -1.189712 -0.839733 -1.293558 -0.825360 -0.143675 
1.202902 0.589611 0.621014 0.422688 0.153741 0.435373 0.603388 0.170239 0.090621 -0.135160 0.077567 1.122670 0.213671 0.907247 -0.665200 -0.643770 0.196636 -1.174444 -0.520478 0.158747 0.050660 0.014815 -0.818246 -0.632242 0.062108 
1.019365 0.688740 0.851057 1.655923 -0.025693 1.261976 -0.884868 0.363011 0.898465 -1.124919 -1.611881 0.226552 1.219584 0.465820 -2.035530 0.211557 0.353597 -0.722645 -1.227744 -0.959924 -1.151014 -0.842184 -0.041770 0.080264 0.653523 
0.512636 1.578347 0.168039 -0.493652 0.842646 1.574751 0.675041 0.699309 1.666334 1.335688 1.295964 1.935780 0.155762 0.009500 -0.197888 -0.515596 -0.253832 -1.014271 0.056035 -0.159460 0.757510 -0.505135 -0.336923 -1.857463 -0.739409 
0.830359 0.046561 -0.093540 1.295604 -0.478882 1.579031 1.306026 1.281906 0.053282 0.653082 0.331486 0.591720 0.398768 1.917817 1.450425 0.552737 -0.898440 -1.609973 -0.770850 0.207668 -0.234589 -0.110098 -0.483676 -0.310301 0.291906 
0.638849 0.493710 1.762722 0.035368 0.186578 0.130688 0.546640 1.426787 1.988387 0.579964 1.123654 0.277166 0.508312 1.528470 1.740167 0.221910 0.903523 0.382070 1.494896 -0.830771 2.068057 0.127780 -0.422784 0.181521 0.288621 
0.571503 0.527229 -0.561356 0.916455 1.938551 0.177016 0.871763 0.508736 1.848824 0.350374 0.425007 1.716273 0.630572 0.986597 1.658236 1.306405 1.536639 1.419551 0.550837 0.057015 0.918067 1.561389 -0.905009 0.031906 -0.418519 
1.010723 1.415654 0.560382 -0.141253 0.359635 1.683456 1.181053 1.226327 1.036814 1.487781 2.025795 1.744322 1.524423 0.263654 1.027290 0.807135 0.674017 1.802043 0.967386 0.332919 1.771061 -0.385718 0.464324 -1.693462 -0.776741 
-0.509985 -0.041025 0.581107 1.422491 1.317802 1.758679 1.570728 1.809755 1.805000 0.727161 0.742312 0.278889 0.450900 0.995392 0.114784 -0.848567 -0.209389 -0.690048 0.745159 0.705102 -0.260978 -0.341942 -0.180291 -0.375414 -0.207811 
-0.875889 -0.415448 1.356612 0.341922 0.448717 1.725186 1.407925 1.893186 1.618706 0.196421 1.398847 1.627261 0.235358 1.211140 1.375477 -0.383328 -1.063776 -0.143453 -0.111339 -0.410513 -0.881796 -0.504717 -0.143804 -0.131029 -0.355618 
-0.384949 0.059554 0.715632 1.923241 0.230856 1.432551 2.061535 0.838170 0.454581 0.827149 0.646534 1.781628 1.331531 0.690632 1.154569 0.598970 -0.645761 -0.466016 -0.587515 -0.810286 -0.183697 -0.918453 -0.141462 -0.563836 -0.368279 
-0.834532 -0.257144 -0.542454 0.895283 1.056461 1.677713 0.271737 1.612873 1.440702 0.211868 0.976814 1.583899 1.458345 0.306563 -0.743771 -0.230995 -0.189255 -0.134387 -0.514494 -0.818194 -0.774249 -0.551431 -0.923208 -0.311540 -0.981686 
-0.837115 -1.029777 -0.307923 -0.988804 -0.685522 0.154283 1.897166 1.253394 1.834300 0.393334 0.958050 0.765926 -0.094181 -0.897341 -0.731866 -0.809912 -0.340806 -0.891162 -0.813865 -0.953940 -0.454037 -0.702090 -0.209630 -0.157694 -1.008131 
-0.600514 -0.653721 -0.503144 0.005687 -0.037265 -0.305765 -0.449098 -0.172270 1.238862 0.117808 0.622206 -0.348723 -0.363921 -0.862196 -0.071934 -0.054940 -0.647182 -1.066795 -0.652948 -0.735562 -0.459066 -0.878239 -0.746040 -0.899857 -0.089192 
0.113480 -0.609556 -0.772610 -0.533901 -0.763971 -0.317094 -0.842189 -1.041485 -0.656980 1.307535 -0.813524 -0.487997 -0.061672 -0.448008 -0.713664 -0.767899 -0.784079 0.034205 -0.907219 -0.130393 0.126644 -0.067562 -0.396006 -0.368586 0.031670 
-0.774966 -0.415733 -0.590692 -0.728661 -0.507805 -0.887556 -0.360525 -0.831075 -0.224513 -0.898357 -0.034879 -0.734476 -0.846387 -0.278569 -0.155421 -0.712276 -1.030672 -0.130199 -0.768548 -0.773730 -0.436794 -0.718980 -0.281943 -0.574238 -0.327594 

3 3 3 3 3 3 3 3 3 3 2 2 2 2 2 2 2 2 2 2 2 2 2 2 2 
3 3 3 3 3 3 3 3 3 3 2 2 2 2 2 2 2 2 2 2 2 2 2 2 2 
3 3 3 3 3 3 3 3 3 2 2 2 2 2 2 2 2 2 2 2 2 2 2 2 2 
3 3 3 3 3 3 3 3 3 3 3 3 2 2 2 2 2 2 2 2 2 2 2 2 2 
3 3 3 3 3 3 3 3 3 3 2 2 2 2 2 2 2 2 2 2 2 2 2 2 2 
3 3 3 3 3 3 3 3 3 2 2 2 2 0 2 2 2 2 2 2 2 0 2 2 2 
3 3 3 3 3 3 3 3 3 2 0 0 0 0 0 0 2 2 2 2 2 0 0 2 2 
3 3 3 3 3 3 3 3 3 2 2 0 0 0 0 0 0 0 0 0 2 0 0 0 0 
3 3 3 3 3 3 3 3 3 2 0 0 0 0 0 0 0 0 0 0 2 0 0 0 0 
3 3 3 3 3 3 3 3 3 2 2 0 4 0 0 0 0 0 0 0 0 0 0 0 0 
3 3 3 3 3 3 3 3 2 2 4 4 4 4 0 0 0 0 0 0 0 0 0 0 0 
3 3 3 3 3 3 3 3 4 2 2 4 4 4 0 0 0 0 0 0 0 0 0 0 0 
3 3 3 3 3 4 4 4 4 4 4 4 4 4 0 0 0 0 0 0 0 0 0 0 0 
3 3 3 3 3 3 3 4 4 4 4 4 4 4 4 4 0 0 0 0 0 0 0 0 0 
3 3 3 3 3 3 4 4 4 4 4 4 4 4 4 4 0 4 4 0 4 4 0 0 0 
3 3 3 3 3 4 4 4 4 4 4 4 4 4 4 4 4 4 4 4 4 4 0 0 0 
3 3 3 3 3 4 4 4 4 4 4 4 4 4 4 4 4 4 4 4 4 1 0 0 0 
1 1 3 4 3 4 4 4 4 4 4 4 4 4 4 1 1 1 4 4 1 1 1 1 1 
1 1 4 4 4 4 4 4 4 4 4 4 4 4 4 1 1 1 1 1 1 1 1 1 1 
1 1 4 4 4 4 4 4 4 4 4 4 4 4 4 4 1 1 1 1 1 1 1 1 1 
1 1 1 4 4 4 4 4 4 4 4 4 4 4 1 1 1 1 1 1 1 1 1 1 1 
1 1 1 1 1 4 4 4 4 4 4 4 1 1 1 1 1 1 1 1 1 1 1 1 1 
1 1 1 1 1 1 1 1 4 4 4 1 1 1 1 1 1 1 1 1 1 1 1 1 1 
1 1 1 1 1 1 1 1 1 4 1 1 1 1 1 1 1 1 1 1 1 1 1 1 1 
1 1 1 1 1 1 1 1 1 1 1 1 1 1 1 1 1 1 1 1 1 1 1 1 1 

-1.0 -1.0 -1.0 -1.0 -1.0 -1.0 -1.0 -1.0 -1.0 -1.0 -2.0 -2.0 -2.0 -2.0 -2.0 -2.0 -2.0 -2.0 -2.0 -2.0 -2.0 -2.0 -2.0 -2.0 -2.0 
-1.0 -1.0 -1.0 -1.0 -1.0 -1.0 -1.0 -1.0 -1.0 -1.0 -2.0 -2.0 -2.0 -2.0 -2.0 -2.0 -2.0 -2.0 -2.0 -2.0 -2.0 -2.0 -2.0 -2.0 -2.0 
-1.0 -1.0 -1.0 -1.0 -1.0 -1.0 -1.0 -1.0 -1.0 -2.0 -2.0 -2.0 -2.0 -2.0 -2.0 -2.0 -2.0 -2.0 -2.0 -2.0 -2.0 -2.0 -2.0 -2.0 -2.0 
-1.0 -1.0 -1.0 -1.0 -1.0 -1.0 -1.0 -1.0 -1.0 -1.0 -1.0 -1.0 -2.0 -2.0 -2.0 -2.0 -2.0 -2.0 -2.0 -2.0 -2.0 -2.0 -2.0 -2.0 -2.0 
-1.0 -1.0 -1.0 -1.0 -1.0 -1.0 -1.0 -1.0 -1.0 -1.0 -2.0 -2.0 -2.0 -2.0 -2.0 -2.0 -2.0 -2.0 -2.0 -2.0 -2.0 -2.0 -2.0 -2.0 -2.0 
-1.0 -1.0 -1.0 -1.0 -1.0 -1.0 -1.0 -1.0 -1.0 -2.0 -2.0 -2.0 -2.0 1.0 -2.0 -2.0 -2.0 -2.0 -2.0 -2.0 -2.0 1.0 -2.0 -2.0 -2.0 
-1.0 -1.0 -1.0 -1.0 -1.0 -1.0 -1.0 -1.0 -1.0 -2.0 1.0 1.0 1.0 1.0 1.0 1.0 -2.0 -2.0 -2.0 -2.0 -2.0 1.0 1.0 -2.0 -2.0 
-1.0 -1.0 -1.0 -1.0 -1.0 -1.0 -1.0 -1.0 -1.0 -2.0 -2.0 1.0 1.0 1.0 1.0 1.0 1.0 1.0 1.0 1.0 -2.0 1.0 1.0 1.0 1.0 
-1.0 -1.0 -1.0 -1.0 -1.0 -1.0 -1.0 -1.0 -1.0 -2.0 1.0 1.0 1.0 1.0 1.0 1.0 1.0 1.0 1.0 1.0 -2.0 1.0 1.0 1.0 1.0 
-1.0 -1.0 -1.0 -1.0 -1.0 -1.0 -1.0 -1.0 -1.0 -2.0 -2.0 1.0 2.0 1.0 1.0 1.0 1.0 1.0 1.0 1.0 1.0 1.0 1.0 1.0 1.0 
-1.0 -1.0 -1.0 -1.0 -1.0 -1.0 -1.0 -1.0 -2.0 -2.0 2.0 2.0 2.0 2.0 1.0 1.0 1.0 1.0 1.0 1.0 1.0 1.0 1.0 1.0 1.0 
-1.0 -1.0 -1.0 -1.0 -1.0 -1.0 -1.0 -1.0 2.0 -2.0 -2.0 2.0 2.0 2.0 1.0 1.0 1.0 1.0 1.0 1.0 1.0 1.0 1.0 1.0 1.0 
-1.0 -1.0 -1.0 -1.0 -1.0 2.0 2.0 2.0 2.0 2.0 2.0 2.0 2.0 2.0 1.0 1.0 1.0 1.0 1.0 1.0 1.0 1.0 1.0 1.0 1.0 
-1.0 -1.0 -1.0 -1.0 -1.0 -1.0 -1.0 2.0 2.0 2.0 2.0 2.0 2.0 2.0 2.0 2.0 1.0 1.0 1.0 1.0 1.0 1.0 1.0 1.0 1.0 
-1.0 -1.0 -1.0 -1.0 -1.0 -1.0 2.0 2.0 2.0 2.0 2.0 2.0 2.0 2.0 2.0 2.0 1.0 2.0 2.0 1.0 2.0 2.0 1.0 1.0 1.0 
-1.0 -1.0 -1.0 -1.0 -1.0 2.0 2.0 2.0 2.0 2.0 2.0 2.0 2.0 2.0 2.0 2.0 2.0 2.0 2.0 2.0 2.0 2.0 1.0 1.0 1.0 
-1.0 -1.0 -1.0 -1.0 -1.0 2.0 2.0 2.0 2.0 2.0 2.0 2.0 2.0 2.0 2.0 2.0 2.0 2.0 2.0 2.0 2.0 0.0 1.0 1.0 1.0 
0.0 0.0 -1.0 2.0 -1.0 2.0 2.0 2.0 2.0 2.0 2.0 2.0 2.0 2.0 2.0 0.0 0.0 0.0 2.0 2.0 0.0 0.0 0.0 0.0 0.0 
0.0 0.0 2.0 2.0 2.0 2.0 2.0 2.0 2.0 2.0 2.0 2.0 2.0 2.0 2.0 0.0 0.0 0.0 0.0 0.0 0.0 0.0 0.0 0.0 0.0 
0.0 0.0 2.0 2.0 2.0 2.0 2.0 2.0 2.0 2.0 2.0 2.0 2.0 2.0 2.0 2.0 0.0 0.0 0.0 0.0 0.0 0.0 0.0 0.0 0.0 
0.0 0.0 0.0 2.0 2.0 2.0 2.0 2.0 2.0 2.0 2.0 2.0 2.0 2.0 0.0 0.0 0.0 0.0 0.0 0.0 0.0 0.0 0.0 0.0 0.0 
0.0 0.0 0.0 0.0 0.0 2.0 2.0 2.0 2.0 2.0 2.0 2.0 0.0 0.0 0.0 0.0 0.0 0.0 0.0 0.0 0.0 0.0 0.0 0.0 0.0 
0.0 0.0 0.0 0.0 0.0 0.0 0.0 0.0 2.0 2.0 2.0 0.0 0.0 0.0 0.0 0.0 0.0 0.0 0.0 0.0 0.0 0.0 0.0 0.0 0.0 
0.0 0.0 0.0 0.0 0.0 0.0 0.0 0.0 0.0 2.0 0.0 0.0 0.0 0.0 0.0 0.0 0.0 0.0 0.0 0.0 0.0 0.0 0.0 0.0 0.0 
0.0 0.0 0.0 0.0 0.0 0.0 0.0 0.0 0.0 0.0 0.0 0.0 0.0 0.0 0.0 0.0 0.0 0.0 0.0 0.0 0.0 0.0 0.0 0.0 0.0 

2.0 2.0 2.0 2.0 2.0 2.0 2.0 2.0 2.0 2.0 1.0 1.0 1.0 1.0 1.0 1.0 1.0 1.0 1.0 1.0 1.0 1.0 1.0 1.0 1.0 
2.0 2.0 2.0 2.0 2.0 2.0 2.0 2.0 2.0 2.0 1.0 1.0 1.0 1.0 1.0 1.0 1.0 1.0 1.0 1.0 1.0 1.0 1.0 1.0 1.0 
2.0 2.0 2.0 2.0 2.0 2.0 2.0 2.0 2.0 1.0 1.0 1.0 1.0 1.0 1.0 1.0 1.0 1.0 1.0 1.0 1.0 1.0 1.0 1.0 1.0 
2.0 2.0 2.0 2.0 2.0 2.0 2.0 2.0 2.0 2.0 2.0 2.0 1.0 1.0 1.0 1.0 1.0 1.0 1.0 1.0 1.0 1.0 1.0 1.0 1.0 
2.0 2.0 2.0 2.0 2.0 2.0 2.0 2.0 2.0 2.0 1.0 1.0 1.0 1.0 1.0 1.0 1.0 1.0 1.0 1.0 1.0 1.0 1.0 1.0 1.0 
2.0 2.0 2.0 2.0 2.0 2.0 2.0 2.0 2.0 1.0 1.0 1.0 1.0 -2.0 1.0 1.0 1.0 1.0 1.0 1.0 1.0 -2.0 1.0 1.0 1.0 
2.0 2.0 2.0 2.0 2.0 2.0 2.0 2.0 2.0 1.0 -2.0 -2.0 -2.0 -2.0 -2.0 -2.0 1.0 1.0 1.0 1.0 1.0 -2.0 -2.0 1.0 1.0 
2.0 2.0 2.0 2.0 2.0 2.0 2.0 2.0 2.0 1.0 1.0 -2.0 -2.0 -2.0 -2.0 -2.0 -2.0 -2.0 -2.0 -2.0 1.0 -2.0 -2.0 -2.0 -2.0 
2.0 2.0 2.0 2.0 2.0 2.0 2.0 2.0 2.0 1.0 -2.0 -2.0 -2.0 -2.0 -2.0 -2.0 -2.0 -2.0 -2.0 -2.0 1.0 -2.0 -2.0 -2.0 -2.0 
2.0 2.0 2.0 2.0 2.0 2.0 2.0 2.0 2.0 1.0 1.0 -2.0 0.0 -2.0 -2.0 -2.0 -2.0 -2.0 -2.0 -2.0 -2.0 -2.0 -2.0 -2.0 -2.0 
2.0 2.0 2.0 2.0 2.0 2.0 2.0 2.0 1.0 1.0 0.0 0.0 0.0 0.0 -2.0 -2.0 -2.0 -2.0 -2.0 -2.0 -2.0 -2.0 -2.0 -2.0 -2.0 
2.0 2.0 2.0 2.0 2.0 2.0 2.0 2.0 0.0 1.0 1.0 0.0 0.0 0.0 -2.0 -2.0 -2.0 -2.0 -2.0 -2.0 -2.0 -2.0 -2.0 -2.0 -2.0 
2.0 2.0 2.0 2.0 2.0 0.0 0.0 0.0 0.0 0.0 0.0 0.0 0.0 0.0 -2.0 -2.0 -2.0 -2.0 -2.0 -2.0 -2.0 -2.0 -2.0 -2.0 -2.0 
2.0 2.0 2.0 2.0 2.0 2.0 2.0 0.0 0.0 0.0 0.0 0.0 0.0 0.0 0.0 0.0 -2.0 -2.0 -2.0 -2.0 -2.0 -2.0 -2.0 -2.0 -2.0 
2.0 2.0 2.0 2.0 2.0 2.0 0.0 0.0 0.0 0.0 0.0 0.0 0.0 0.0 0.0 0.0 -2.0 0.0 0.0 -2.0 0.0 0.0 -2.0 -2.0 -2.0 
2.0 2.0 2.0 2.0 2.0 0.0 0.0 0.0 0.0 0.0 0.0 0.0 0.0 0.0 0.0 0.0 0.0 0.0 0.0 0.0 0.0 0.0 -2.0 -2.0 -2.0 
2.0 2.0 2.0 2.0 2.0 0.0 0.0 0.0 0.0 0.0 0.0 0.0 0.0 0.0 0.0 0.0 0.0 0.0 0.0 0.0 0.0 -1.0 -2.0 -2.0 -2.0 
-1.0 -1.0 2.0 0.0 2.0 0.0 0.0 0.0 0.0 0.0 0.0 0.0 0.0 0.0 0.0 -1.0 -1.0 -1.0 0.0 0.0 -1.0 -1.0 -1.0 -1.0 -1.0 
-1.0 -1.0 0.0 0.0 0.0 0.0 0.0 0.0 0.0 0.0 0.0 0.0 0.0 0.0 0.0 -1.0 -1.0 -1.0 -1.0 -1.0 -1.0 -1.0 -1.0 -1.0 -1.0 
-1.0 -1.0 0.0 0.0 0.0 0.0 0.0 0.0 0.0 0.0 0.0 0.0 0.0 0.0 0.0 0.0 -1.0 -1.0 -1.0 -1.0 -1.0 -1.0 -1.0 -1.0 -1.0 
-1.0 -1.0 -1.0 0.0 0.0 0.0 0.0 0.0 0.0 0.0 0.0 0.0 0.0 0.0 -1.0 -1.0 -1.0 -1.0 -1.0 -1.0 -1.0 -1.0 -1.0 -1.0 -1.0 
-1.0 -1.0 -1.0 -1.0 -1.0 0.0 0.0 0.0 0.0 0.0 0.0 0.0 -1.0 -1.0 -1.0 -1.0 -1.0 -1.0 -1.0 -1.0 -1.0 -1.0 -1.0 -1.0 -1.0 
-1.0 -1.0 -1.0 -1.0 -1.0 -1.0 -1.0 -1.0 0.0 0.0 0.0 -1.0 -1.0 -1.0 -1.0 -1.0 -1.0 -1.0 -1.0 -1.0 -1.0 -1.0 -1.0 -1.0 -1.0 
-1.0 -1.0 -1.0 -1.0 -1.0 -1.0 -1.0 -1.0 -1.0 0.0 -1.0 -1.0 -1.0 -1.0 -1.0 -1.0 -1.0 -1.0 -1.0 -1.0 -1.0 -1.0 -1.0 -1.0 -1.0 
-1.0 -1.0 -1.0 -1.0 -1.0 -1.0 -1.0 -1.0 -1.0 -1.0 -1.0 -1.0 -1.0 -1.0 -1.0 -1.0 -1.0 -1.0 -1.0 -1.0 -1.0 -1.0 -1.0 -1.0 -1.0 

