0.581821 0.366232 0.021946 0.580054 0.169847 0.463541 0.971500 0.116177 0.655368 0.546572 0.615449 0.256331 0.023777 0.537847 0.435662 0.280397 0.138814 0.481321 0.701215 0.484810 0.292465 0.400337 0.642525 0.711147 0.862845 
0.265460 0.553763 0.101006 0.112254 0.006226 0.850528 0.676878 0.208042 0.674469 0.253522 0.980291 0.456414 0.103958 0.444541 0.047630 0.437639 0.682438 0.079365 0.041645 0.301270 0.526203 0.956629 0.783082 0.451490 0.721305 
0.165070 0.884478 0.620862 0.006489 0.029896 0.410811 0.140085 0.418476 0.849002 0.261874 0.491550 0.325385 0.639728 0.064869 0.413415 0.762291 0.882116 0.275267 0.361243 0.543594 0.991001 0.166598 0.044070 0.701993 0.192327 
0.680249 0.184616 0.636185 0.327552 0.872705 0.405265 0.785367 0.034610 0.914173 0.937480 0.584175 0.656281 0.186871 0.558346 0.097021 0.685459 0.320470 0.074530 0.497707 0.372885 0.652888 0.726178 0.252182 0.100847 0.489109 
0.549639 0.997682 0.284195 0.131029 0.923875 0.882620 0.734213 0.458138 0.711305 0.818152 0.701764 0.575184 0.790890 0.893880 0.090172 0.114130 0.867451 0.737684 0.630626 0.617112 0.555657 0.176202 0.819806 0.680302 0.323745 
0.650455 0.168922 0.812200 0.849459 0.926442 0.507685 0.605946 0.607974 0.459950 0.188717 0.262173 0.066034 0.693323 0.802625 0.534848 0.308430 0.782233 0.721205 0.874438 0.366842 0.233773 0.853949 0.053428 0.782243 0.204691 
0.095379 0.636089 0.410710 0.559777 0.317187 0.633346 0.117030 0.739368 0.016216 0.469155 0.330287 0.779951 0.929558 0.952649 0.372416 0.563854 0.446471 0.730839 0.807642 0.100878 0.731462 0.348088 0.431881 0.942082 0.634852 
0.643633 0.896113 0.707790 0.845951 0.249779 0.757339 0.626596 0.762381 0.397089 0.220847 0.694673 0.223717 0.896973 0.444068 0.709037 0.498066 0.863363 0.503794 0.965494 0.515395 0.378901 0.311173 0.289356 0.741199 0.658946 
0.128649 0.098178 0.955815 0.805854 0.658501 0.780420 0.306617 0.559257 0.239790 0.410123 0.582241 0.267658 0.867967 0.757674 0.095844 0.083865 0.763876 0.698791 0.425247 0.441733 0.519084 0.552643 0.493909 0.144605 0.285369 
0.585716 0.873511 0.363752 0.714162 0.776671 0.286277 0.538362 0.452567 0.221608 0.308939 0.360033 0.502699 0.075938 0.394058 0.095736 0.712032 0.847218 0.501444 0.278128 0.841253 0.561028 0.168381 0.541170 0.176446 0.364752 
0.393774 0.245476 0.341972 0.825069 0.165578 0.097744 0.119402 0.342122 0.477084 0.523407 0.523737 0.360388 0.875006 0.745065 0.697855 0.211893 0.310795 0.028711 0.023382 0.462908 0.885685 0.691977 0.439559 0.306376 0.493964 
0.396727 0.717671 0.401350 0.278683 0.797525 0.631936 0.662960 0.820127 0.569399 0.203479 0.462930 0.972159 0.012133 0.926630 0.800900 0.147269 0.849321 0.690382 0.410631 0.172905 0.235550 0.444616 0.995079 0.993973 0.557992 
0.963399 0.558037 0.742533 0.628056 0.136385 0.545945 0.873569 0.780248 0.380785 0.392314 0.950070 0.395620 0.765815 0.991133 0.743813 0.910502 0.462896 0.088950 0.044350 0.177514 0.920063 0.427811 0.569414 0.594164 0.706638 
0.518446 0.444174 0.133650 0.077667 0.650424 0.565404 0.472841 0.528606 0.856221 0.518066 0.879371 0.622349 0.850276 0.448465 0.784823 0.187299 0.371571 0.106689 0.856879 0.517105 0.107887 0.035498 0.634043 0.330888 0.284477 
0.893730 0.936463 0.627676 0.969553 0.772536 0.591823 0.720418 0.321411 0.477502 0.692900 0.792783 0.577606 0.608807 0.998606 0.603235 0.875535 0.856148 0.668084 0.392721 0.993563 0.035483 0.819884 0.471142 0.316550 0.671991 
0.555708 0.191747 0.540248 0.791412 0.883645 0.522994 0.737824 0.511697 0.168252 0.947025 0.909787 0.482331 0.097807 0.046125 0.413882 0.044251 0.340356 0.892475 0.587922 0.578505 0.989894 0.469141 0.821452 0.787550 0.511795 
0.956464 0.124179 0.362289 0.748317 0.941840 0.080717 0.690115 0.488581 0.123658 0.893107 0.808973 0.576975 0.073009 0.641836 0.357956 0.167226 0.487372 0.490178 0.861447 0.851470 0.488613 0.219454 0.142438 0.273372 0.254542 
0.467572 0.688285 0.615197 0.112084 0.965670 0.025500 0.276550 0.381644 0.291432 0.970461 0.925865 0.617304 0.249308 0.592285 0.236714 0.300421 0.029485 0.927723 0.625280 0.415915 0.725659 0.482047 0.615713 0.695858 0.823488 
0.212938 0.975163 0.658138 0.270374 0.326281 0.612115 0.586750 0.865042 0.677999 0.295841 0.199163 0.241967 0.131043 0.241090 0.863304 0.522290 0.680133 0.163298 0.799784 0.673338 0.531625 0.573430 0.200398 0.557546 0.195717 
0.850347 0.321384 0.422389 0.266978 0.522039 0.631452 0.047189 0.004160 0.815189 0.328098 0.786913 0.665475 0.398918 0.010388 0.102685 0.747256 0.500796 0.347102 0.881218 0.968352 0.207286 0.069977 0.601779 0.647669 0.415372 
0.350349 0.932537 0.293772 0.554378 0.688582 0.058678 0.953889 0.387172 0.030256 0.974812 0.799245 0.742073 0.480392 0.804088 0.351138 0.597675 0.163333 0.299602 0.765366 0.867548 0.225928 0.650568 0.661603 0.458414 0.215865 
0.368992 0.764141 0.275800 0.925356 0.187450 0.935157 0.538014 0.594317 0.273825 0.647654 0.299426 0.406915 0.868267 0.223454 0.604596 0.990943 0.053049 0.965191 0.963970 0.776457 0.446892 0.294320 0.185315 0.014049 0.482684 
0.233302 0.628587 0.631804 0.076570 0.347257 0.191684 0.907217 0.713426 0.153555 0.311284 0.582912 0.796046 0.424899 0.593190 0.228774 0.208644 0.479130 0.650763 0.164970 0.721913 0.415209 0.644503 0.998361 0.532823 0.233077 
0.940975 0.125247 0.938680 0.969517 0.689187 0.045971 0.853497 0.811702 0.893738 0.504382 0.789104 0.195069 0.050782 0.912474 0.529226 0.614191 0.349422 0.090951 0.618653 0.699877 0.306680 0.751549 0.154979 0.227156 0.825839 
0.955495 0.351355 0.630916 0.373434 0.777566 0.621765 0.011913 0.450563 0.246101 0.657357 0.182363 0.298520 0.663723 0.849574 0.593109 0.174160 0.586426 0.068881 0.705402 0.954683 0.316291 0.204288 0.051190 0.644375 0.755557 

0.085489 0.627065 0.903635 0.540431 0.458359 0.187951 0.103736 0.408461 0.280195 0.766388 0.779560 0.861712 0.279226 0.542196 0.069519 0.043798 0.195379 0.444084 0.467493 0.182156 0.552966 0.078700 0.866743 0.349738 0.361996 
0.893467 0.857500 0.389440 0.024517 0.230946 0.398877 0.178927 0.330827 0.919280 0.044763 0.007775 0.443925 0.868743 0.778544 0.475758 0.355067 0.870118 0.637637 0.892630 0.931259 0.588737 0.055240 0.510075 0.081167 0.385848 
0.954731 0.816087 0.015614 0.094273 0.474347 0.018475 0.061714 0.516220 0.763713 0.177884 0.242939 0.962963 0.482234 0.283607 0.996089 0.378661 0.267588 0.186027 0.494003 0.426362 0.685189 0.901521 0.347175 0.892623 0.229397 
0.536724 0.132355 0.306675 0.359499 0.588228 0.192898 0.768728 0.886799 0.974616 0.605787 0.544339 0.312674 0.187137 0.496016 0.362029 0.835108 0.712171 0.692868 0.008460 0.726555 0.498157 0.682707 0.813573 0.138936 0.027338 
0.724776 0.463225 0.419841 0.547243 0.231362 0.819310 0.213810 0.038484 0.271675 0.795545 0.535372 0.231209 0.032495 0.938862 0.664782 0.013277 0.193753 0.218737 0.836673 0.194451 0.748588 0.889110 0.879718 0.504408 0.972886 
0.346331 0.941545 0.140900 0.043976 0.257209 0.606908 0.776416 0.876825 0.962004 0.683173 0.702690 0.959120 0.496305 0.097692 0.109543 0.876753 0.921251 0.045012 0.633897 0.243520 0.077874 0.213596 0.126913 0.860160 0.394462 
0.936154 0.090208 0.024480 0.838791 0.545381 0.730424 0.662019 0.670629 0.932836 0.521865 0.059766 0.961124 0.126125 0.554345 0.294834 0.467628 0.386243 0.590765 0.841817 0.026320 0.741802 0.908000 0.314948 0.568529 0.197177 
0.748619 0.185192 0.756636 0.242320 0.061175 0.168262 0.408691 0.634461 0.403955 0.170852 0.827061 0.713604 0.875561 0.066003 0.691653 0.485273 0.586816 0.706655 0.976690 0.003247 0.654745 0.033144 0.138221 0.526391 0.576019 
0.727362 0.868421 0.873054 0.819194 0.722051 0.993195 0.824214 0.396363 0.150115 0.318909 0.445393 0.030595 0.625303 0.615883 0.362368 0.387207 0.298253 0.909175 0.103131 0.898169 0.643986 0.930190 0.466473 0.244623 0.982354 
0.771105 0.485319 0.949115 0.742564 0.903105 0.600940 0.982619 0.269150 0.836380 0.721160 0.909109 0.421288 0.050930 0.214507 0.733757 0.529208 0.004795 0.414426 0.639658 0.562679 0.130006 0.260002 0.823346 0.967560 0.810698 
0.378180 0.434860 0.643177 0.539115 0.535419 0.340538 0.116112 0.287280 0.806800 0.992247 0.825400 0.451481 0.240664 0.655332 0.079692 0.152437 0.323087 0.370601 0.798205 0.582399 0.782352 0.727050 0.356094 0.982130 0.141690 
0.018226 0.312284 0.634460 0.665504 0.358699 0.892176 0.271206 0.196524 0.526598 0.818571 0.886198 0.795181 0.743846 0.868415 0.580881 0.072967 0.959208 0.327492 0.468809 0.831753 0.668265 0.885644 0.699469 0.122529 0.996289 
0.161989 0.227662 0.672153 0.089398 0.186320 0.561512 0.279823 0.678848 0.253812 0.908537 0.217411 0.094705 0.180920 0.555935 0.095355 0.090427 0.006564 0.874026 0.454650 0.544999 0.025747 0.301998 0.450798 0.361717 0.060036 
0.722309 0.735076 0.741024 0.461438 0.153599 0.121262 0.570353 0.065169 0.102688 0.501852 0.710021 0.034475 0.777639 0.519447 0.981871 0.772967 0.170614 0.533638 0.896116 0.283269 0.477615 0.832904 0.430677 0.637093 0.308399 
0.644368 0.982477 0.973452 0.011370 0.139536 0.365266 0.799817 0.859717 0.476496 0.073143 0.954141 0.460534 0.339400 0.740548 0.311890 0.690502 0.381458 0.647596 0.690185 0.752158 0.884601 0.527044 0.066222 0.572390 0.679777 
0.975621 0.263346 0.725237 0.170127 0.796244 0.284718 0.574871 0.966696 0.341104 0.189254 0.113337 0.491125 0.533865 0.093186 0.957482 0.837329 0.588123 0.683211 0.488528 0.342737 0.499997 0.609672 0.778001 0.646925 0.899494 
0.767971 0.361361 0.283263 0.427940 0.480715 0.695107 0.629740 0.578690 0.523324 0.100270 0.839632 0.376520 0.161750 0.823762 0.582362 0.170583 0.832863 0.353687 0.513396 0.045178 0.956002 0.549751 0.869912 0.620276 0.804884 
0.402355 0.407138 0.695577 0.452465 0.808117 0.434966 0.944895 0.677758 0.332822 0.078256 0.752639 0.763052 0.713712 0.740264 0.497617 0.378432 0.661411 0.871871 0.425940 0.307913 0.125609 0.545845 0.121727 0.453726 0.867514 
0.452597 0.529019 0.129747 0.357924 0.838482 0.613351 0.098308 0.486249 0.618604 0.119438 0.652349 0.556359 0.227064 0.091647 0.821817 0.573780 0.864750 0.422741 0.857558 0.955398 0.191310 0.460155 0.987706 0.620735 0.085567 
0.494931 0.117679 0.720478 0.979704 0.802355 0.080021 0.680403 0.144707 0.656143 0.746218 0.353629 0.906483 0.994399 0.221130 0.759710 0.085080 0.272076 0.554534 0.395691 0.088990 0.101558 0.197225 0.054519 0.141761 0.191335 
0.262869 0.175100 0.992035 0.994076 0.765603 0.492757 0.666132 0.351185 0.172090 0.149316 0.560189 0.448562 0.808099 0.567387 0.282767 0.351139 0.362194 0.488881 0.197495 0.508187 0.691693 0.666071 0.500228 0.604485 0.381779 
0.221808 0.342858 0.023200 0.545850 0.803649 0.467226 0.548057 0.027032 0.441814 0.198267 0.405161 0.943127 0.409003 0.304827 0.641696 0.364053 0.077680 0.031944 0.678787 0.473822 0.126439 0.662570 0.819001 0.651359 0.572398 
0.584123 0.901979 0.346536 0.167515 0.935393 0.122995 0.056378 0.034290 0.680723 0.203125 0.717824 0.069297 0.316960 0.715853 0.566309 0.207821 0.359929 0.961460 0.148673 0.354460 0.966398 0.085563 0.523634 0.814532 0.959932 
0.192794 0.245833 0.094890 0.929797 0.279954 0.442020 0.359104 0.253251 0.110921 0.474581 0.793070 0.452097 0.569392 0.589778 0.466401 0.119242 0.365067 0.254391 0.089956 0.346010 0.694033 0.296636 0.092476 0.273505 0.021946 
0.401322 0.419542 0.720744 0.163069 0.773565 0.069751 0.858225 0.746661 0.116993 0.197212 0.960236 0.386006 0.620589 0.977618 0.767067 0.545040 0.994247 0.234177 0.007306 0.195521 0.638834 0.417771 0.323315 0.738228 0.603666 

1.989750 1.798149 2.016773 2.158467 0.850269 1.752379 2.246577 1.119497 1.893536 2.947786 3.051834 2.049931 0.695429 2.489844 0.860104 0.520059 0.796915 1.950732 2.262845 1.462455 1.589152 1.131607 3.507361 1.931913 2.179979 
2.211507 3.247789 1.008514 -0.096860 0.719131 2.501499 1.472412 1.220862 2.660161 0.836858 1.659691 1.813506 1.732426 2.825232 0.996897 1.575659 3.177911 1.171150 2.024731 2.760439 2.417809 1.868726 2.248305 0.871124 2.556891 
1.910202 3.466862 1.209903 0.125002 0.668090 0.921705 -0.172989 1.775094 3.022523 1.080236 1.553452 2.220088 1.851367 0.592952 2.711970 2.349005 2.101774 1.238913 1.867417 1.956074 3.251661 2.137066 0.322251 2.577108 0.601549 
2.154440 0.333259 1.691531 1.517368 3.037390 1.067490 3.018844 2.206795 3.478324 3.118121 2.091411 2.115983 0.430164 1.748702 1.237302 3.487446 2.003593 1.706082 0.901418 2.671509 2.722134 3.212407 2.134533 0.594132 1.358688 
2.557072 2.351124 0.944752 1.860410 2.557845 3.964319 2.172155 1.107802 1.897238 3.064303 2.710883 1.652848 1.335570 3.498262 1.316640 -0.267259 2.454263 0.189604 -0.931730 1.574370 1.752362 2.217671 3.443413 1.790045 2.416991 
1.728120 -2.104029 0.593326 1.655344 2.372191 1.863147 -0.563848 -1.257624 -1.261538 -1.296572 -1.281236 -1.868800 2.583620 1.800491 1.499403 -1.325877 -1.002781 0.307525 -0.071946 1.634276 0.609141 1.810485 0.668252 3.271026 -0.384525 
1.608088 1.454848 -0.183046 -1.253517 -0.554411 -0.285625 -0.898973 -0.241854 -1.787429 -0.520465 0.440734 -0.772840 0.414356 3.040486 -0.843867 -0.624177 -0.000124 -0.786363 -1.045978 0.599233 2.651354 -1.718508 0.177458 -0.289827 0.069419 
-1.579735 0.894580 -0.750308 -1.685995 0.092800 0.444488 -2.001714 -1.907509 -0.149617 0.223461 -0.673429 -1.501892 -0.509335 0.335750 -0.538678 -0.763175 -0.112390 -0.410640 -1.209078 0.514076 -0.661018 0.240301 0.277524 -0.460757 -0.573353 
-1.385216 -1.780975 -2.350926 -2.233971 -2.247786 -2.877811 -0.723495 -0.357676 -0.100728 -0.326200 -0.241456 0.690553 -0.037246 -0.513344 -0.444394 -0.602570 0.398365 -0.999279 0.753639 -1.199066 -1.056175 -2.002708 -0.098014 -0.566177 -1.880979 
-2.505743 -2.236836 -1.607857 -1.911211 -2.634825 -1.236641 -1.592726 0.289177 -1.621605 -1.322764 -1.640218 -0.218137 -0.283840 -0.517113 -0.970246 -0.526390 0.953766 -0.604501 -1.222526 -0.147601 -0.669760 0.044423 -0.576256 -1.338262 -1.091866 
-0.839601 -1.208038 -1.354083 -1.902387 -0.882261 -0.254761 -0.369118 -1.454612 -1.375257 -1.441955 -1.178516 0.406349 0.539109 -0.674814 0.690828 0.609256 0.034280 -0.606608 -1.609597 -0.758438 -0.307740 -0.971725 -0.295645 -2.030001 -0.256962 
-1.310773 -1.675010 -1.365319 -1.233782 -1.697470 -1.830604 -2.049056 -2.330930 -0.135926 0.127612 -1.610433 -0.939496 -1.533816 -1.200508 -0.323725 0.217956 -1.396561 -0.070772 -0.564248 -1.766259 -0.515453 -0.120161 -1.106678 0.246543 -0.424289 
-2.405119 -0.327506 -2.101331 -1.257387 -0.235324 -1.850097 -1.817449 -2.149016 0.063854 0.937079 0.198493 0.073678 0.975045 0.502336 0.521600 0.800084 0.612601 -2.451135 -0.973708 0.144975 -1.331933 -0.162809 -0.475924 0.157386 -0.801693 
-1.641559 -1.805084 -0.941294 -0.296045 -1.646361 -1.331054 -1.413068 0.020730 0.172907 0.860317 0.746028 -0.301349 0.502748 0.539500 -1.120233 0.368458 0.652738 -0.836194 -0.817273 -0.370906 0.084970 -0.136018 -0.383387 -0.393924 -0.004063 
-1.742975 -2.600961 -2.239273 -1.713938 -1.296837 -1.405756 -1.857891 1.217456 0.726505 0.172146 1.430416 0.833567 0.423622 0.901710 0.047565 0.466701 0.539001 -0.621209 -0.078370 -0.552218 0.096779 -0.507596 -0.437031 -0.225789 -0.308376 
-2.242342 -0.581171 -1.324175 -1.949594 -2.911072 -1.317801 0.031775 1.122467 -0.088315 0.575774 0.077618 0.497666 0.086363 0.607274 0.687078 0.742457 -0.063217 -0.752553 -0.351694 -0.484027 -1.429512 -1.025595 -0.894639 -1.324439 -1.003472 
-3.259084 -0.701596 -1.088279 -1.948937 -2.788822 0.784186 0.913090 0.836712 0.505847 -0.010463 0.792642 0.219885 -0.045982 0.814617 0.638282 0.480808 0.922041 0.531219 -1.211271 -0.814613 0.328143 -0.512068 0.186238 -0.168739 -0.120669 
-1.428870 -1.378917 -1.699507 -0.481149 -2.810183 1.005550 1.235386 0.894293 0.258208 -0.071336 0.596722 1.038724 0.740906 0.666115 0.411011 0.410741 0.114897 -0.565333 -0.122907 -0.927160 -0.351121 -0.429703 -0.998110 -0.395948 -0.949116 
-0.796879 -2.288644 -1.678309 -0.557365 -1.457831 0.510851 -1.484231 1.189542 0.699523 0.467754 0.219302 0.397377 -0.197158 -0.126727 -0.642070 -0.699311 -0.748485 0.131639 -0.792432 0.037597 -0.936448 -0.750113 -0.592843 -0.611695 -0.724126 
-2.031388 -0.606331 -1.453938 -1.413845 -1.616113 -0.837981 -0.447299 0.366658 0.649085 0.598014 0.696995 1.070991 1.322835 0.409549 0.737030 -0.877197 -0.315206 -0.341979 -1.265072 -1.083838 -0.536787 -0.468676 -0.103729 -0.422348 -0.092817 
-0.711133 -1.530906 -1.637724 -1.958334 -2.055536 -0.945011 -2.055823 -1.347304 0.477023 0.175104 0.760239 0.202414 0.916217 0.256133 0.077180 -0.387406 -0.128396 -0.083143 -0.771475 -0.744813 0.139448 -0.498989 -1.042288 -0.167229 -0.288505 
-1.698108 -1.815913 -0.024082 -2.325766 -1.059855 -2.462037 -1.931213 -0.407703 -0.000948 0.044121 0.689991 0.671855 0.652245 0.546756 0.601224 -0.877429 0.130042 -0.755832 -0.984472 -1.118666 0.214335 -0.551447 -0.474772 0.538595 -0.258832 
-1.266699 -2.257754 -1.249356 -0.836991 -1.683799 -0.769307 0.413268 -0.421286 0.675482 0.167576 0.865688 0.071469 -0.456984 0.483563 0.547408 -0.310561 -0.533946 -0.861349 -0.456046 -0.447593 -0.929069 -0.854404 -0.831936 -0.603889 -0.064723 
-1.626195 -0.460221 -1.675510 -3.407035 -1.715724 -0.776617 0.416791 0.218130 -0.167798 0.845305 0.727694 0.853564 0.810994 -0.668198 -0.596224 -1.160883 -0.166321 -0.389303 -0.091330 -0.616805 -0.220391 -0.310578 -0.080034 -0.430951 -0.812406 
-2.347703 -1.353163 -1.782897 -0.662096 -1.738542 -1.423927 -0.626780 1.249115 -0.103239 0.150015 1.351009 0.174338 0.429543 1.536005 -0.767686 0.175635 -0.156532 0.023143 -1.075068 -1.339821 -0.059230 -0.546842 -0.149660 -1.091096 -1.312618 

4 4 4 4 4 4 4 4 4 4 4 4 4 4 4 4 4 4 4 4 4 4 4 4 4 
4 4 4 4 4 4 4 4 4 4 4 4 4 4 4 4 4 4 4 4 4 4 4 4 4 
4 4 4 4 4 4 4 4 4 4 4 4 4 4 4 4 4 4 4 4 4 4 4 4 4 
4 4 4 4 4 4 4 4 4 4 4 4 4 4 4 4 4 4 4 4 4 4 4 4 4 
4 4 4 4 4 4 4 4 4 4 4 4 4 4 4 4 4 0 0 4 4 4 4 4 4 
4 0 0 4 4 4 0 0 0 0 0 0 4 4 4 0 0 0 0 4 4 4 4 4 0 
4 4 0 0 0 0 0 0 0 0 0 0 0 4 0 0 0 0 0 0 4 0 0 0 0 
1 0 0 1 0 0 1 1 0 0 0 0 0 0 0 0 0 0 0 0 0 0 0 0 0 
1 1 1 1 1 1 1 0 0 0 0 0 0 0 0 0 0 0 0 0 0 0 0 0 0 
1 1 1 1 1 1 0 0 0 0 0 0 0 0 0 0 0 0 0 0 0 0 0 0 0 
1 1 1 1 1 1 0 1 0 0 0 0 0 0 0 0 0 0 0 0 0 0 0 0 0 
1 1 1 1 1 1 1 1 0 3 0 0 0 0 0 0 0 0 0 0 2 2 2 0 2 
1 1 1 1 1 1 1 1 3 3 3 0 0 3 0 0 0 0 0 2 2 2 2 0 2 
1 1 1 1 1 1 1 3 3 3 3 3 3 3 0 3 3 0 0 2 2 2 2 2 2 
1 1 1 1 1 1 1 3 3 3 3 3 3 3 3 3 3 2 2 2 2 2 2 2 2 
1 1 1 1 1 1 3 3 3 3 3 3 3 3 3 3 3 2 2 2 2 2 2 2 2 
1 1 1 1 1 3 3 3 3 3 3 3 3 3 3 3 3 3 2 2 2 2 2 2 2 
1 1 1 1 1 3 3 3 3 3 3 3 3 3 3 3 2 2 2 2 2 2 2 2 2 
1 1 1 1 1 3 1 3 3 3 3 3 3 3 2 2 2 2 2 2 2 2 2 2 2 
1 1 1 1 1 1 1 3 3 3 3 3 3 3 3 2 2 2 2 2 2 2 2 2 2 
1 1 1 1 1 1 1 1 3 3 3 3 3 3 3 2 2 2 2 2 2 2 2 2 2 
1 1 1 1 1 1 1 3 3 3 3 3 3 3 3 2 2 2 2 2 2 2 2 2 2 
1 1 1 1 1 1 3 3 3 3 3 3 3 3 3 2 2 2 2 2 2 2 2 2 2 
1 1 1 1 1 1 3 3 3 3 3 3 3 2 2 2 2 2 2 2 2 2 2 2 2 
1 1 1 1 1 1 1 3 3 3 3 3 3 3 2 2 2 2 2 2 2 2 2 2 2 

2.0 2.0 2.0 2.0 2.0 2.0 2.0 2.0 2.0 2.0 2.0 2.0 2.0 2.0 2.0 2.0 2.0 2.0 2.0 2.0 2.0 2.0 2.0 2.0 2.0 
2.0 2.0 2.0 2.0 2.0 2.0 2.0 2.0 2.0 2.0 2.0 2.0 2.0 2.0 2.0 2.0 2.0 2.0 2.0 2.0 2.0 2.0 2.0 2.0 2.0 
2.0 2.0 2.0 2.0 2.0 2.0 2.0 2.0 2.0 2.0 2.0 2.0 2.0 2.0 2.0 2.0 2.0 2.0 2.0 2.0 2.0 2.0 2.0 2.0 2.0 
2.0 2.0 2.0 2.0 2.0 2.0 2.0 2.0 2.0 2.0 2.0 2.0 2.0 2.0 2.0 2.0 2.0 2.0 2.0 2.0 2.0 2.0 2.0 2.0 2.0 
2.0 2.0 2.0 2.0 2.0 2.0 2.0 2.0 2.0 2.0 2.0 2.0 2.0 2.0 2.0 2.0 2.0 1.0 1.0 2.0 2.0 2.0 2.0 2.0 2.0 
2.0 1.0 1.0 2.0 2.0 2.0 1.0 1.0 1.0 1.0 1.0 1.0 2.0 2.0 2.0 1.0 1.0 1.0 1.0 2.0 2.0 2.0 2.0 2.0 1.0 
2.0 2.0 1.0 1.0 1.0 1.0 1.0 1.0 1.0 1.0 1.0 1.0 1.0 2.0 1.0 1.0 1.0 1.0 1.0 1.0 2.0 1.0 1.0 1.0 1.0 
-2.0 1.0 1.0 -2.0 1.0 1.0 -2.0 -2.0 1.0 1.0 1.0 1.0 1.0 1.0 1.0 1.0 1.0 1.0 1.0 1.0 1.0 1.0 1.0 1.0 1.0 
-2.0 -2.0 -2.0 -2.0 -2.0 -2.0 -2.0 1.0 1.0 1.0 1.0 1.0 1.0 1.0 1.0 1.0 1.0 1.0 1.0 1.0 1.0 1.0 1.0 1.0 1.0 
-2.0 -2.0 -2.0 -2.0 -2.0 -2.0 1.0 1.0 1.0 1.0 1.0 1.0 1.0 1.0 1.0 1.0 1.0 1.0 1.0 1.0 1.0 1.0 1.0 1.0 1.0 
-2.0 -2.0 -2.0 -2.0 -2.0 -2.0 1.0 -2.0 1.0 1.0 1.0 1.0 1.0 1.0 1.0 1.0 1.0 1.0 1.0 1.0 1.0 1.0 1.0 1.0 1.0 
-2.0 -2.0 -2.0 -2.0 -2.0 -2.0 -2.0 -2.0 1.0 0.0 1.0 1.0 1.0 1.0 1.0 1.0 1.0 1.0 1.0 1.0 -1.0 -1.0 -1.0 1.0 -1.0 
-2.0 -2.0 -2.0 -2.0 -2.0 -2.0 -2.0 -2.0 0.0 0.0 0.0 1.0 1.0 0.0 1.0 1.0 1.0 1.0 1.0 -1.0 -1.0 -1.0 -1.0 1.0 -1.0 
-2.0 -2.0 -2.0 -2.0 -2.0 -2.0 -2.0 0.0 0.0 0.0 0.0 0.0 0.0 0.0 1.0 0.0 0.0 1.0 1.0 -1.0 -1.0 -1.0 -1.0 -1.0 -1.0 
-2.0 -2.0 -2.0 -2.0 -2.0 -2.0 -2.0 0.0 0.0 0.0 0.0 0.0 0.0 0.0 0.0 0.0 0.0 -1.0 -1.0 -1.0 -1.0 -1.0 -1.0 -1.0 -1.0 
-2.0 -2.0 -2.0 -2.0 -2.0 -2.0 0.0 0.0 0.0 0.0 0.0 0.0 0.0 0.0 0.0 0.0 0.0 -1.0 -1.0 -1.0 -1.0 -1.0 -1.0 -1.0 -1.0 
-2.0 -2.0 -2.0 -2.0 -2.0 0.0 0.0 0.0 0.0 0.0 0.0 0.0 0.0 0.0 0.0 0.0 0.0 0.0 -1.0 -1.0 -1.0 -1.0 -1.0 -1.0 -1.0 
-2.0 -2.0 -2.0 -2.0 -2.0 0.0 0.0 0.0 0.0 0.0 0.0 0.0 0.0 0.0 0.0 0.0 -1.0 -1.0 -1.0 -1.0 -1.0 -1.0 -1.0 -1.0 -1.0 
-2.0 -2.0 -2.0 -2.0 -2.0 0.0 -2.0 0.0 0.0 0.0 0.0 0.0 0.0 0.0 -1.0 -1.0 -1.0 -1.0 -1.0 -1.0 -1.0 -1.0 -1.0 -1.0 -1.0 
-2.0 -2.0 -2.0 -2.0 -2.0 -2.0 -2.0 0.0 0.0 0.0 0.0 0.0 0.0 0.0 0.0 -1.0 -1.0 -1.0 -1.0 -1.0 -1.0 -1.0 -1.0 -1.0 -1.0 
-2.0 -2.0 -2.0 -2.0 -2.0 -2.0 -2.0 -2.0 0.0 0.0 0.0 0.0 0.0 0.0 0.0 -1.0 -1.0 -1.0 -1.0 -1.0 -1.0 -1.0 -1.0 -1.0 -1.0 
-2.0 -2.0 -2.0 -2.0 -2.0 -2.0 -2.0 0.0 0.0 0.0 0.0 0.0 0.0 0.0 0.0 -1.0 -1.0 -1.0 -1.0 -1.0 -1.0 -1.0 -1.0 -1.0 -1.0 
-2.0 -2.0 -2.0 -2.0 -2.0 -2.0 0.0 0.0 0.0 0.0 0.0 0.0 0.0 0.0 0.0 -1.0 -1.0 -1.0 -1.0 -1.0 -1.0 -1.0 -1.0 -1.0 -1.0 
-2.0 -2.0 -2.0 -2.0 -2.0 -2.0 0.0 0.0 0.0 0.0 0.0 0.0 0.0 -1.0 -1.0 -1.0 -1.0 -1.0 -1.0 -1.0 -1.0 -1.0 -1.0 -1.0 -1.0 
-2.0 -2.0 -2.0 -2.0 -2.0 -2.0 -2.0 0.0 0.0 0.0 0.0 0.0 0.0 0.0 -1.0 -1.0 -1.0 -1.0 -1.0 -1.0 -1.0 -1.0 -1.0 -1.0 -1.0 

2.0 2.0 2.0 2.0 2.0 2.0 2.0 2.0 2.0 2.0 2.0 2.0 2.0 2.0 2.0 2.0 2.0 2.0 2.0 2.0 2.0 2.0 2.0 2.0 2.0 
2.0 2.0 2.0 2.0 2.0 2.0 2.0 2.0 2.0 2.0 2.0 2.0 2.0 2.0 2.0 2.0 2.0 2.0 2.0 2.0 2.0 2.0 2.0 2.0 2.0 
2.0 2.0 2.0 2.0 2.0 2.0 2.0 2.0 2.0 2.0 2.0 2.0 2.0 2.0 2.0 2.0 2.0 2.0 2.0 2.0 2.0 2.0 2.0 2.0 2.0 
2.0 2.0 2.0 2.0 2.0 2.0 2.0 2.0 2.0 2.0 2.0 2.0 2.0 2.0 2.0 2.0 2.0 2.0 2.0 2.0 2.0 2.0 2.0 2.0 2.0 
2.0 2.0 2.0 2.0 2.0 2.0 2.0 2.0 2.0 2.0 2.0 2.0 2.0 2.0 2.0 2.0 2.0 -2.0 -2.0 2.0 2.0 2.0 2.0 2.0 2.0 
2.0 -2.0 -2.0 2.0 2.0 2.0 -2.0 -2.0 -2.0 -2.0 -2.0 -2.0 2.0 2.0 2.0 -2.0 -2.0 -2.0 -2.0 2.0 2.0 2.0 2.0 2.0 -2.0 
2.0 2.0 -2.0 -2.0 -2.0 -2.0 -2.0 -2.0 -2.0 -2.0 -2.0 -2.0 -2.0 2.0 -2.0 -2.0 -2.0 -2.0 -2.0 -2.0 2.0 -2.0 -2.0 -2.0 -2.0 
-1.0 -2.0 -2.0 -1.0 -2.0 -2.0 -1.0 -1.0 -2.0 -2.0 -2.0 -2.0 -2.0 -2.0 -2.0 -2.0 -2.0 -2.0 -2.0 -2.0 -2.0 -2.0 -2.0 -2.0 -2.0 
-1.0 -1.0 -1.0 -1.0 -1.0 -1.0 -1.0 -2.0 -2.0 -2.0 -2.0 -2.0 -2.0 -2.0 -2.0 -2.0 -2.0 -2.0 -2.0 -2.0 -2.0 -2.0 -2.0 -2.0 -2.0 
-1.0 -1.0 -1.0 -1.0 -1.0 -1.0 -2.0 -2.0 -2.0 -2.0 -2.0 -2.0 -2.0 -2.0 -2.0 -2.0 -2.0 -2.0 -2.0 -2.0 -2.0 -2.0 -2.0 -2.0 -2.0 
-1.0 -1.0 -1.0 -1.0 -1.0 -1.0 -2.0 -1.0 -2.0 -2.0 -2.0 -2.0 -2.0 -2.0 -2.0 -2.0 -2.0 -2.0 -2.0 -2.0 -2.0 -2.0 -2.0 -2.0 -2.0 
-1.0 -1.0 -1.0 -1.0 -1.0 -1.0 -1.0 -1.0 -2.0 1.0 -2.0 -2.0 -2.0 -2.0 -2.0 -2.0 -2.0 -2.0 -2.0 -2.0 0.0 0.0 0.0 -2.0 0.0 
-1.0 -1.0 -1.0 -1.0 -1.0 -1.0 -1.0 -1.0 1.0 1.0 1.0 -2.0 -2.0 1.0 -2.0 -2.0 -2.0 -2.0 -2.0 0.0 0.0 0.0 0.0 -2.0 0.0 
-1.0 -1.0 -1.0 -1.0 -1.0 -1.0 -1.0 1.0 1.0 1.0 1.0 1.0 1.0 1.0 -2.0 1.0 1.0 -2.0 -2.0 0.0 0.0 0.0 0.0 0.0 0.0 
-1.0 -1.0 -1.0 -1.0 -1.0 -1.0 -1.0 1.0 1.0 1.0 1.0 1.0 1.0 1.0 1.0 1.0 1.0 0.0 0.0 0.0 0.0 0.0 0.0 0.0 0.0 
-1.0 -1.0 -1.0 -1.0 -1.0 -1.0 1.0 1.0 1.0 1.0 1.0 1.0 1.0 1.0 1.0 1.0 1.0 0.0 0.0 0.0 0.0 0.0 0.0 0.0 0.0 
-1.0 -1.0 -1.0 -1.0 -1.0 1.0 1.0 1.0 1.0 1.0 1.0 1.0 1.0 1.0 1.0 1.0 1.0 1.0 0.0 0.0 0.0 0.0 0.0 0.0 0.0 
-1.0 -1.0 -1.0 -1.0 -1.0 1.0 1.0 1.0 1.0 1.0 1.0 1.0 1.0 1.0 1.0 1.0 0.0 0.0 0.0 0.0 0.0 0.0 0.0 0.0 0.0 
-1.0 -1.0 -1.0 -1.0 -1.0 1.0 -1.0 1.0 1.0 1.0 1.0 1.0 1.0 1.0 0.0 0.0 0.0 0.0 0.0 0.0 0.0 0.0 0.0 0.0 0.0 
-1.0 -1.0 -1.0 -1.0 -1.0 -1.0 -1.0 1.0 1.0 1.0 1.0 1.0 1.0 1.0 1.0 0.0 0.0 0.0 0.0 0.0 0.0 0.0 0.0 0.0 0.0 
-1.0 -1.0 -1.0 -1.0 -1.0 -1.0 -1.0 -1.0 1.0 1.0 1.0 1.0 1.0 1.0 1.0 0.0 0.0 0.0 0.0 0.0 0.0 0.0 0.0 0.0 0.0 
-1.0 -1.0 -1.0 -1.0 -1.0 -1.0 -1.0 1.0 1.0 1.0 1.0 1.0 1.0 1.0 1.0 0.0 0.0 0.0 0.0 0.0 0.0 0.0 0.0 0.0 0.0 
-1.0 -1.0 -1.0 -1.0 -1.0 -1.0 1.0 1.0 1.0 1.0 1.0 1.0 1.0 1.0 1.0 0.0 0.0 0.0 0.0 0.0 0.0 0.0 0.0 0.0 0.0 
-1.0 -1.0 -1.0 -1.0 -1.0 -1.0 1.0 1.0 1.0 1.0 1.0 1.0 1.0 0.0 0.0 0.0 0.0 0.0 0.0 0.0 0.0 0.0 0.0 0.0 0.0 
-1.0 -1.0 -1.0 -1.0 -1.0 -1.0 -1.0 1.0 1.0 1.0 1.0 1.0 1.0 1.0 0.0 0.0 0.0 0.0 0.0 0.0 0.0 0.0 0.0 0.0 0.0 

