0.304740 0.415151 0.873945 0.060385 0.366542 0.928707 0.884667 0.830460 0.510641 0.899574 0.410457 0.066885 0.311183 0.174317 0.436540 0.163204 0.715483 0.981299 0.218076 0.114863 0.214376 0.451143 0.944253 0.810229 0.584037 
0.606213 0.193131 0.619612 0.809384 0.756872 0.137987 0.873727 0.324654 0.704737 0.238541 0.816989 0.663257 0.070066 0.974839 0.758036 0.465195 0.599271 0.586810 0.973105 0.342947 0.137481 0.682061 0.471489 0.837693 0.460189 
0.550598 0.638401 0.639433 0.088563 0.218988 0.027192 0.620558 0.942535 0.401373 0.079008 0.998979 0.753200 0.837153 0.691315 0.379309 0.862422 0.202816 0.027008 0.879892 0.863378 0.869556 0.232986 0.096445 0.757356 0.199521 
0.533996 0.220557 0.408911 0.953861 0.621874 0.761418 0.591272 0.886497 0.881240 0.495147 0.660217 0.710503 0.016676 0.780360 0.082729 0.523782 0.872365 0.091791 0.976926 0.525325 0.238073 0.825864 0.239599 0.525704 0.480982 
0.864357 0.038544 0.191965 0.229952 0.822117 0.689022 0.907117 0.943246 0.468887 0.201347 0.148202 0.152645 0.247549 0.022155 0.895727 0.243288 0.002658 0.613961 0.806520 0.739835 0.866551 0.830636 0.363596 0.276041 0.184553 
0.527907 0.537118 0.253774 0.032355 0.529827 0.278841 0.926007 0.492808 0.593850 0.365062 0.136512 0.790892 0.851952 0.376507 0.033600 0.610621 0.611054 0.102427 0.690027 0.873751 0.679628 0.654724 0.088861 0.755191 0.390619 
0.405069 0.996310 0.480248 0.250205 0.167118 0.295918 0.262271 0.532578 0.887102 0.083769 0.828108 0.471309 0.020096 0.940519 0.685143 0.779700 0.182933 0.308826 0.068328 0.484933 0.734818 0.129810 0.259585 0.664888 0.432173 
0.540430 0.617750 0.069151 0.104025 0.271427 0.651415 0.382290 0.151708 0.105662 0.840792 0.011519 0.466526 0.339733 0.185796 0.689119 0.019639 0.475090 0.793484 0.632270 0.889439 0.225324 0.469297 0.829854 0.825202 0.777832 
0.947367 0.284266 0.463840 0.157546 0.530471 0.805808 0.249839 0.280878 0.368341 0.931764 0.788949 0.857142 0.174187 0.024698 0.949740 0.506913 0.073823 0.006998 0.530061 0.547290 0.738485 0.564495 0.994401 0.202458 0.563465 
0.070611 0.985934 0.215396 0.652847 0.232654 0.464567 0.564857 0.819168 0.368553 0.440217 0.425389 0.429618 0.127404 0.896979 0.905475 0.878781 0.209743 0.564258 0.712809 0.183692 0.074848 0.899339 0.695186 0.913407 0.704795 
0.732395 0.518811 0.989031 0.424350 0.655012 0.950874 0.293232 0.353251 0.799671 0.466073 0.148655 0.377898 0.151281 0.289886 0.960268 0.202856 0.458728 0.326346 0.738038 0.287381 0.549538 0.994672 0.611065 0.776338 0.978891 
0.721779 0.247587 0.571144 0.558878 0.944584 0.625025 0.253329 0.261458 0.872150 0.588286 0.645166 0.812933 0.254950 0.429193 0.859356 0.498814 0.588038 0.138819 0.339948 0.159925 0.173781 0.640635 0.379757 0.504030 0.575788 
0.860371 0.601414 0.454200 0.179632 0.274945 0.558201 0.110006 0.165769 0.415148 0.964830 0.686150 0.094123 0.069386 0.731545 0.201713 0.740316 0.412192 0.430613 0.397902 0.017859 0.982793 0.044276 0.182655 0.262660 0.902865 
0.079097 0.890971 0.292084 0.389747 0.469935 0.329469 0.620497 0.293519 0.749586 0.272721 0.633990 0.272958 0.560896 0.769762 0.751288 0.428069 0.667559 0.210215 0.522652 0.788610 0.599352 0.778540 0.725286 0.349164 0.675864 
0.278003 0.060677 0.818247 0.014252 0.655282 0.837858 0.428412 0.112185 0.497304 0.959523 0.908782 0.331533 0.278004 0.224668 0.597891 0.695279 0.637269 0.835273 0.543234 0.775534 0.943561 0.033349 0.784915 0.467374 0.974115 
0.223081 0.035092 0.325603 0.297578 0.349297 0.397043 0.612388 0.400741 0.234829 0.525626 0.236613 0.957507 0.204958 0.543395 0.660110 0.094364 0.706652 0.043126 0.015523 0.791110 0.629816 0.342081 0.204012 0.448584 0.197102 
0.379399 0.170191 0.496671 0.465998 0.613048 0.026501 0.009610 0.911576 0.115871 0.063167 0.948013 0.825156 0.860659 0.780293 0.988041 0.557352 0.530111 0.059136 0.354810 0.605896 0.361307 0.097437 0.535287 0.438268 0.137662 
0.128950 0.776234 0.984663 0.036928 0.572685 0.872233 0.208551 0.777247 0.892883 0.990747 0.877550 0.495831 0.514004 0.538091 0.280838 0.398857 0.859090 0.535784 0.223121 0.639207 0.643303 0.903974 0.068170 0.217257 0.130126 
0.327755 0.514683 0.003566 0.363383 0.575042 0.911027 0.699456 0.832699 0.483789 0.802629 0.055719 0.157947 0.060183 0.831262 0.218744 0.446128 0.417779 0.406699 0.928690 0.258019 0.154082 0.133389 0.878580 0.875382 0.208220 
0.295664 0.534288 0.892451 0.612385 0.007487 0.297940 0.699544 0.552917 0.592504 0.848806 0.933542 0.079517 0.721151 0.723019 0.167229 0.353591 0.330919 0.624538 0.228181 0.505302 0.101316 0.022068 0.104684 0.496788 0.951355 
0.925280 0.417752 0.354440 0.663170 0.808359 0.248373 0.073643 0.973996 0.021765 0.298678 0.113864 0.246404 0.943730 0.684502 0.032957 0.257405 0.791392 0.473586 0.178087 0.223683 0.005858 0.526484 0.645172 0.167190 0.280642 
0.954046 0.032674 0.551715 0.836591 0.404261 0.060673 0.039078 0.106688 0.444074 0.382503 0.787792 0.863997 0.057248 0.220318 0.184913 0.230922 0.684711 0.622546 0.020056 0.867826 0.624971 0.729413 0.597042 0.544213 0.889360 
0.554877 0.565613 0.269331 0.110943 0.064986 0.958494 0.719952 0.842134 0.941011 0.033788 0.101596 0.174155 0.050460 0.824111 0.184039 0.872408 0.691047 0.844615 0.932321 0.549995 0.133485 0.856266 0.457312 0.875301 0.312683 
0.267390 0.202598 0.009390 0.480604 0.375246 0.115087 0.320436 0.355795 0.784113 0.354992 0.240392 0.403859 0.413842 0.016265 0.282449 0.060666 0.573930 0.451780 0.481858 0.611383 0.218746 0.477988 0.563209 0.714858 0.705830 
0.560898 0.139298 0.603712 0.013573 0.834661 0.223302 0.540103 0.526182 0.223139 0.718540 0.852820 0.721901 0.417924 0.714454 0.902306 0.615104 0.070766 0.165967 0.715736 0.632412 0.968230 0.378306 0.735359 0.035342 0.023015 

0.461675 0.222730 0.226949 0.919738 0.625659 0.005331 0.484117 0.317552 0.857663 0.698319 0.137348 0.045831 0.634795 0.568036 0.089257 0.858566 0.418567 0.352828 0.944189 0.969433 0.743371 0.202368 0.995711 0.514509 0.318215 
0.640774 0.025308 0.698934 0.928918 0.804041 0.872645 0.172411 0.866270 0.540873 0.892962 0.945404 0.573440 0.584792 0.843209 0.826962 0.934116 0.073248 0.949419 0.145845 0.670375 0.239023 0.225055 0.249362 0.198929 0.390365 
0.196989 0.527617 0.053734 0.191660 0.274904 0.663794 0.732011 0.232852 0.786348 0.945956 0.003503 0.540165 0.036893 0.914787 0.587864 0.167130 0.308706 0.508431 0.650655 0.229133 0.909426 0.152184 0.665056 0.994952 0.062439 
0.632258 0.856487 0.197968 0.492953 0.353819 0.245642 0.631466 0.550664 0.365236 0.146078 0.166618 0.229998 0.392300 0.338560 0.852622 0.436330 0.330131 0.012815 0.189161 0.007154 0.791584 0.232528 0.384375 0.935474 0.945332 
0.228907 0.048245 0.132833 0.441563 0.164407 0.554769 0.726575 0.379652 0.790330 0.959365 0.902442 0.598077 0.046045 0.026417 0.263908 0.518187 0.142273 0.330017 0.042881 0.878107 0.250507 0.394193 0.360630 0.024461 0.106974 
0.169630 0.642999 0.185128 0.381785 0.077578 0.082458 0.979419 0.283787 0.018000 0.877852 0.488821 0.482038 0.014466 0.150982 0.508862 0.998631 0.559837 0.916787 0.379679 0.480891 0.872110 0.556191 0.522373 0.410395 0.171385 
0.287634 0.911929 0.595059 0.620220 0.618814 0.144288 0.818551 0.481081 0.152813 0.624759 0.194908 0.282962 0.789572 0.817533 0.260189 0.820540 0.262929 0.749917 0.588236 0.990496 0.605660 0.931982 0.806695 0.413768 0.552650 
0.366605 0.300443 0.707103 0.881907 0.203007 0.962865 0.868104 0.442163 0.712159 0.461809 0.823871 0.614649 0.546956 0.483024 0.981927 0.781695 0.174993 0.185732 0.255963 0.354606 0.436527 0.994271 0.402539 0.739787 0.346672 
0.430694 0.177235 0.937734 0.579130 0.820367 0.505693 0.664406 0.981049 0.355358 0.124645 0.432163 0.484971 0.375862 0.467727 0.618261 0.093629 0.404817 0.688432 0.078834 0.870038 0.395163 0.117641 0.322963 0.424397 0.208680 
0.723083 0.972312 0.925791 0.624545 0.386118 0.217240 0.161137 0.022377 0.926061 0.726254 0.578007 0.774993 0.523218 0.580587 0.096986 0.812073 0.048728 0.190949 0.377771 0.455624 0.681875 0.817890 0.117489 0.648854 0.945668 
0.497641 0.554179 0.029456 0.039797 0.385580 0.050847 0.244550 0.114114 0.892679 0.799189 0.250542 0.930699 0.834669 0.955674 0.991816 0.674437 0.281175 0.653557 0.031543 0.298033 0.677906 0.759610 0.901747 0.870509 0.718262 
0.403287 0.557865 0.061934 0.863741 0.063482 0.191873 0.807283 0.130509 0.058068 0.169844 0.046374 0.519551 0.032608 0.366566 0.564168 0.248999 0.458808 0.666143 0.165973 0.913474 0.582807 0.438554 0.776915 0.046000 0.025399 
0.621220 0.366594 0.923805 0.308609 0.838177 0.399763 0.797717 0.363034 0.654919 0.411688 0.537160 0.348523 0.247198 0.124825 0.208438 0.294960 0.888011 0.937836 0.495720 0.028927 0.945774 0.776418 0.116245 0.675765 0.834221 
0.670600 0.638800 0.987343 0.615849 0.071597 0.981710 0.755375 0.588344 0.636915 0.702800 0.087531 0.459380 0.701412 0.824083 0.989847 0.086115 0.857661 0.675944 0.643106 0.322811 0.886736 0.538992 0.556571 0.088359 0.392848 
0.162837 0.420949 0.492568 0.203902 0.546299 0.000783 0.902853 0.230774 0.919552 0.796495 0.111319 0.021078 0.392965 0.298999 0.524362 0.741431 0.220915 0.117183 0.182799 0.271242 0.366253 0.480627 0.966249 0.243467 0.054593 
0.644546 0.428018 0.348076 0.846965 0.181837 0.316089 0.575814 0.714673 0.524702 0.786152 0.107891 0.425962 0.393920 0.063581 0.316532 0.988797 0.368037 0.982990 0.077051 0.821037 0.625938 0.396204 0.939046 0.690119 0.292598 
0.172612 0.218303 0.126048 0.231932 0.189376 0.550712 0.195172 0.919309 0.197547 0.729353 0.873293 0.084171 0.477002 0.730339 0.157734 0.438117 0.366890 0.610993 0.858335 0.969140 0.442452 0.222074 0.197966 0.435053 0.948349 
0.707297 0.244072 0.233713 0.620245 0.352725 0.007303 0.500254 0.361005 0.341822 0.516262 0.055558 0.459252 0.199438 0.592573 0.989298 0.240367 0.361319 0.701262 0.445983 0.271721 0.825638 0.374988 0.023792 0.814550 0.268980 
0.368430 0.469151 0.322145 0.565047 0.929180 0.107620 0.412307 0.557044 0.349224 0.953280 0.412492 0.314979 0.273008 0.470944 0.354615 0.859340 0.610270 0.277919 0.065200 0.024997 0.740203 0.721391 0.465761 0.713162 0.969567 
0.135138 0.550902 0.857845 0.337862 0.401590 0.570535 0.845373 0.935626 0.790908 0.565588 0.088282 0.659559 0.583029 0.993635 0.156503 0.777113 0.501155 0.959045 0.967101 0.742219 0.160388 0.695825 0.362408 0.539046 0.580698 
0.529297 0.344037 0.425850 0.841218 0.267002 0.303032 0.995564 0.118426 0.827475 0.245787 0.617694 0.922625 0.514497 0.396459 0.804380 0.783272 0.578813 0.645411 0.637853 0.340805 0.104575 0.652633 0.948466 0.519532 0.550535 
0.728111 0.174571 0.934560 0.288209 0.696619 0.289700 0.435082 0.974986 0.874086 0.983056 0.613892 0.031856 0.722114 0.372274 0.608692 0.594732 0.214705 0.499090 0.488828 0.461148 0.775920 0.435987 0.591498 0.044061 0.039986 
0.080626 0.014245 0.096250 0.732138 0.646200 0.873958 0.864672 0.094771 0.697056 0.424937 0.219533 0.617577 0.849582 0.279119 0.583879 0.340627 0.568513 0.925933 0.469708 0.395088 0.202028 0.220373 0.105970 0.637386 0.625380 
0.849558 0.384094 0.344532 0.699518 0.133729 0.779911 0.730318 0.525639 0.918086 0.171808 0.131733 0.236179 0.629310 0.473568 0.580893 0.421281 0.036896 0.199771 0.647748 0.838304 0.089134 0.393869 0.854027 0.216853 0.349916 
0.203255 0.415213 0.890963 0.350442 0.819693 0.144076 0.876001 0.077651 0.980247 0.771149 0.681352 0.860057 0.399120 0.408246 0.189328 0.910568 0.183683 0.255111 0.748624 0.400899 0.475665 0.316930 0.654469 0.394522 0.637456 

-0.629291 -0.233473 -0.268842 -0.880421 -0.693640 -0.110497 -0.630163 -0.221269 -0.882916 -0.752934 -0.165419 0.047386 -0.781915 -0.529409 0.030657 -0.943477 -0.305504 -0.284784 -0.951462 -0.988657 -0.821312 -0.311800 -1.195340 -0.548244 -0.378904 
-0.553201 0.085319 -0.537121 -0.729910 -0.864717 -0.713319 -0.150639 -0.831177 -0.626403 -0.900028 -0.927681 -0.479731 -0.632598 -0.806383 -0.720051 -0.937415 0.057651 -1.086837 -0.022429 -0.680833 -0.215275 -0.089350 -0.158826 -0.177826 -0.467081 
0.040809 -0.621101 0.047105 -0.300195 -0.203053 -0.744355 -0.729676 -0.252463 -0.653030 -0.914631 -0.154705 -0.544629 -0.143381 -0.899485 -0.635881 -0.152414 -0.318436 -0.595195 -0.619013 -0.277353 -0.892847 -0.173806 -0.717823 -0.886163 -0.070982 
-0.621825 -0.864369 -0.187198 -0.720146 -0.430893 -0.375217 -0.643221 -0.454400 -0.461179 -0.127048 -0.200247 -0.117734 -0.268743 -0.336640 -0.974517 -0.362556 -0.291319 0.014081 -0.327240 -0.037128 -0.724470 -0.170808 -0.421769 -0.971349 -0.986082 
-0.294810 0.108546 -0.177764 -0.346706 -0.101594 -0.680070 -0.828322 -0.340842 -0.790477 -0.983345 -0.853408 -0.682713 -0.076632 0.033945 -0.249569 -0.452039 -0.073317 -0.437152 -0.072062 -0.902270 -0.254210 -0.321947 -0.322461 0.024783 -0.035558 
-0.539062 -0.552633 -0.300796 -0.114380 -0.369319 -0.346183 -1.102727 -0.619203 -0.470236 -0.316946 -0.164512 -0.762275 -1.039538 -0.391125 0.083843 -0.515596 -0.752392 -0.187699 -0.625752 -0.732529 -0.690750 -0.535151 -0.244739 -0.719606 -0.351175 
-0.480625 -1.019617 -0.509768 -0.172057 -0.226151 -0.356412 -0.169413 -0.485806 -0.979414 -0.311890 -0.854132 -0.646866 -0.121776 -0.992759 -0.720212 -0.647060 -0.127882 -0.241563 -0.104211 -0.433541 -0.645039 -0.235108 -0.290505 -0.675888 -0.533766 
-0.517680 -0.594561 -0.127439 -0.115787 -0.244729 -0.705751 -0.325111 -0.350882 -0.201376 -1.024909 0.010803 -0.510117 -0.340541 -0.208472 -0.786771 0.116784 -0.527794 -0.643348 -0.633392 -1.053710 -0.095504 -0.431449 -0.768660 -0.718543 -0.845561 
-0.932710 -0.165528 -0.552399 -0.208963 -0.485254 -1.018828 -0.190326 -0.319090 -0.456715 -0.755515 -0.762390 -0.805202 -0.150902 -0.029902 -0.872652 -0.473652 -0.014403 -0.057347 -0.608761 -0.646905 -0.584129 -0.596066 -0.838261 -0.161331 -0.429691 
-0.276969 -1.037058 -0.269453 -0.498791 -0.282835 -0.402839 -0.556893 -0.846900 -0.300474 -0.316641 -0.530905 -0.374674 -0.234184 -0.902228 -0.850706 -0.818944 -0.193272 -0.544745 -0.609899 -0.135096 -0.107763 -0.875218 -0.627191 -0.763366 -0.636198 
1.703384 1.653594 1.059922 0.514895 1.542868 1.029477 0.836690 0.674753 2.764416 2.168055 0.459362 2.149348 2.052190 2.151485 2.937338 1.602248 1.015923 1.612701 0.844541 0.787324 1.968787 2.504634 2.608744 2.457362 2.488436 
1.490630 1.279078 0.795130 2.289518 1.151735 0.833498 2.078959 0.614057 0.998983 0.809602 0.822328 1.678251 0.266643 1.091893 2.048378 1.003941 1.398464 1.481716 0.663771 1.949193 1.280444 1.528488 1.973531 0.602710 0.547870 
1.968641 1.483959 2.370093 0.676584 1.999950 1.199023 1.640221 0.964346 1.746913 1.795019 1.768080 0.714125 0.616915 1.004950 0.784401 1.325645 2.120596 2.387005 1.304032 -0.021727 2.923247 1.601847 0.581732 1.610699 2.655790 
1.597694 2.110197 2.312988 1.726689 0.491698 2.300529 1.933901 1.433113 1.967133 1.793581 0.577452 1.096792 1.831131 2.266139 2.858133 0.492178 2.304923 1.567904 1.753036 1.368317 2.253408 1.926826 1.924312 0.555642 1.514257 
0.465194 0.886871 1.819343 0.452647 1.715314 0.696818 2.120293 0.582791 2.526118 2.603106 1.036012 0.405433 0.946750 0.648810 1.607104 2.030704 1.151037 1.038088 0.933904 1.279386 1.668141 0.840419 2.694954 0.764094 1.062751 
1.111816 0.608174 1.049773 1.432473 0.948793 1.109296 1.726448 1.482846 1.059878 1.863770 0.740800 2.419410 0.756763 1.167814 1.727292 1.313719 1.615563 1.295595 0.046069 2.388311 1.915558 0.919611 1.466654 1.642624 0.664909 
0.851068 0.533911 1.016774 1.098403 1.308046 0.501159 0.222464 2.713173 0.404356 0.958229 2.763283 1.758991 2.222839 2.183490 2.171629 1.710454 1.390587 0.617883 1.534287 2.171661 1.131707 0.396110 1.311857 1.192408 1.160161 
0.950254 1.855472 2.114671 0.742546 1.502183 1.572666 0.898557 2.052196 2.331222 2.630903 1.782825 1.400715 1.337078 1.802761 1.715395 1.091004 1.985643 1.735735 0.899914 1.607463 2.134821 2.190769 0.065451 1.318970 0.452077 
0.983185 1.726321 0.383868 1.242926 2.097205 1.733137 1.813636 2.281305 1.398697 2.607004 0.480824 0.603990 0.477022 2.160817 0.963688 1.778233 1.375620 0.998437 1.998687 0.564937 1.002256 1.240948 2.192668 2.514960 1.133620 
0.752840 1.664099 2.681718 1.559607 0.445278 1.172780 2.279661 2.118785 2.028234 2.186815 1.848004 0.761328 2.098246 2.291565 0.641731 1.504540 1.044123 2.211976 1.468544 1.796892 0.213889 0.837199 0.701987 1.524985 2.368658 
-2.828354 -1.836988 -1.446875 -3.019289 -2.070051 -1.094205 -2.210953 -2.199739 -1.457869 -1.103974 -1.302475 -2.278960 -2.854166 -2.061535 -1.720599 -2.188845 -2.801205 -2.312414 -1.601634 -0.966422 -0.364954 -2.345051 -3.259807 -1.522324 -1.728299 
-3.225786 -0.401286 -3.004959 -2.352047 -2.264256 -0.715554 -0.953448 -1.946815 -2.551942 -2.677502 -3.168179 -1.669937 -1.582789 -1.182188 -1.594273 -1.536268 -1.831558 -2.197994 -1.129304 -2.597319 -2.757910 -2.086590 -2.389539 -1.394415 -1.881575 
-1.370450 -1.090446 -0.689838 -1.586872 -1.311056 -3.542039 -3.190383 -1.929055 -3.285651 -0.753850 -0.825619 -1.624005 -1.863319 -2.147784 -1.519095 -2.379641 -2.388449 -3.481021 -2.890971 -1.812323 -0.579425 -2.157225 -1.079895 -2.839009 -1.887693 
-2.193592 -1.293489 -0.579311 -2.220426 -0.973781 -1.913393 -2.236533 -1.905578 -3.378571 -1.180222 -0.845634 -1.415462 -1.941406 -0.794706 -1.815597 -0.674730 -1.215875 -1.378994 -2.229797 -2.854758 -0.737495 -1.877511 -2.951418 -1.904475 -1.963962 
-1.428056 -1.147892 -2.896254 -0.920051 -3.451174 -0.767021 -3.064070 -1.286285 -2.503467 -2.899295 -3.080655 -3.223602 -1.535108 -2.156732 -2.232548 -3.053608 -0.574323 -0.914350 -2.919600 -1.970534 -2.875183 -1.208599 -2.661088 -0.911722 -1.369072 

0 0 0 0 0 0 0 0 0 0 0 0 0 0 0 0 0 0 0 0 0 0 0 0 0 
0 0 0 0 0 0 0 0 0 0 0 0 0 0 0 0 0 0 0 0 0 0 0 0 0 
0 0 0 0 0 0 0 0 0 0 0 0 0 0 0 0 0 0 0 0 0 0 0 0 0 
0 0 0 0 0 0 0 0 0 0 0 0 0 0 0 0 0 0 0 0 0 0 0 0 0 
0 0 0 0 0 0 0 0 0 0 0 0 0 0 0 0 0 0 0 0 0 0 0 0 0 
1 1 1 1 1 1 1 1 1 1 1 1 1 1 1 1 1 1 1 1 1 1 1 1 1 
1 1 1 1 1 1 1 1 1 1 1 1 1 1 1 1 1 1 1 1 1 1 1 1 1 
1 1 1 1 1 1 1 1 1 1 1 1 1 1 1 1 1 1 1 1 1 1 1 1 1 
1 1 1 1 1 1 1 1 1 1 1 1 1 1 1 1 1 1 1 1 1 1 1 1 1 
1 1 1 1 1 1 1 1 1 1 1 1 1 1 1 1 1 1 1 1 1 1 1 1 1 
2 2 2 2 2 2 2 2 2 2 2 2 2 2 2 2 2 2 2 2 2 2 2 2 2 
2 2 2 2 2 2 2 2 2 2 2 2 2 2 2 2 2 2 2 2 2 2 2 2 2 
2 2 2 2 2 2 2 2 2 2 2 2 2 2 2 2 2 2 2 2 2 2 2 2 2 
2 2 2 2 2 2 2 2 2 2 2 2 2 2 2 2 2 2 2 2 2 2 2 2 2 
2 2 2 2 2 2 2 2 2 2 2 2 2 2 2 2 2 2 2 2 2 2 2 2 2 
3 3 3 3 3 3 3 3 3 3 3 3 3 3 3 3 3 3 3 3 3 3 3 3 3 
3 3 3 3 3 3 3 3 3 3 3 3 3 3 3 3 3 3 3 3 3 3 3 3 3 
3 3 3 3 3 3 3 3 3 3 3 3 3 3 3 3 3 3 3 3 3 3 3 3 3 
3 3 3 3 3 3 3 3 3 3 3 3 3 3 3 3 3 3 3 3 3 3 3 3 3 
3 3 3 3 3 3 3 3 3 3 3 3 3 3 3 3 3 3 3 3 3 3 3 3 3 
4 4 4 4 4 4 4 4 4 4 4 4 4 4 4 4 4 4 4 4 4 4 4 4 4 
4 4 4 4 4 4 4 4 4 4 4 4 4 4 4 4 4 4 4 4 4 4 4 4 4 
4 4 4 4 4 4 4 4 4 4 4 4 4 4 4 4 4 4 4 4 4 4 4 4 4 
4 4 4 4 4 4 4 4 4 4 4 4 4 4 4 4 4 4 4 4 4 4 4 4 4 
4 4 4 4 4 4 4 4 4 4 4 4 4 4 4 4 4 4 4 4 4 4 4 4 4 

0.0 0.0 0.0 0.0 0.0 0.0 0.0 0.0 0.0 0.0 0.0 0.0 0.0 0.0 0.0 0.0 0.0 0.0 0.0 0.0 0.0 0.0 0.0 0.0 0.0 
0.0 0.0 0.0 0.0 0.0 0.0 0.0 0.0 0.0 0.0 0.0 0.0 0.0 0.0 0.0 0.0 0.0 0.0 0.0 0.0 0.0 0.0 0.0 0.0 0.0 
0.0 0.0 0.0 0.0 0.0 0.0 0.0 0.0 0.0 0.0 0.0 0.0 0.0 0.0 0.0 0.0 0.0 0.0 0.0 0.0 0.0 0.0 0.0 0.0 0.0 
0.0 0.0 0.0 0.0 0.0 0.0 0.0 0.0 0.0 0.0 0.0 0.0 0.0 0.0 0.0 0.0 0.0 0.0 0.0 0.0 0.0 0.0 0.0 0.0 0.0 
0.0 0.0 0.0 0.0 0.0 0.0 0.0 0.0 0.0 0.0 0.0 0.0 0.0 0.0 0.0 0.0 0.0 0.0 0.0 0.0 0.0 0.0 0.0 0.0 0.0 
-1.0 -1.0 -1.0 -1.0 -1.0 -1.0 -1.0 -1.0 -1.0 -1.0 -1.0 -1.0 -1.0 -1.0 -1.0 -1.0 -1.0 -1.0 -1.0 -1.0 -1.0 -1.0 -1.0 -1.0 -1.0 
-1.0 -1.0 -1.0 -1.0 -1.0 -1.0 -1.0 -1.0 -1.0 -1.0 -1.0 -1.0 -1.0 -1.0 -1.0 -1.0 -1.0 -1.0 -1.0 -1.0 -1.0 -1.0 -1.0 -1.0 -1.0 
-1.0 -1.0 -1.0 -1.0 -1.0 -1.0 -1.0 -1.0 -1.0 -1.0 -1.0 -1.0 -1.0 -1.0 -1.0 -1.0 -1.0 -1.0 -1.0 -1.0 -1.0 -1.0 -1.0 -1.0 -1.0 
-1.0 -1.0 -1.0 -1.0 -1.0 -1.0 -1.0 -1.0 -1.0 -1.0 -1.0 -1.0 -1.0 -1.0 -1.0 -1.0 -1.0 -1.0 -1.0 -1.0 -1.0 -1.0 -1.0 -1.0 -1.0 
-1.0 -1.0 -1.0 -1.0 -1.0 -1.0 -1.0 -1.0 -1.0 -1.0 -1.0 -1.0 -1.0 -1.0 -1.0 -1.0 -1.0 -1.0 -1.0 -1.0 -1.0 -1.0 -1.0 -1.0 -1.0 
1.0 1.0 1.0 1.0 1.0 1.0 1.0 1.0 1.0 1.0 1.0 1.0 1.0 1.0 1.0 1.0 1.0 1.0 1.0 1.0 1.0 1.0 1.0 1.0 1.0 
1.0 1.0 1.0 1.0 1.0 1.0 1.0 1.0 1.0 1.0 1.0 1.0 1.0 1.0 1.0 1.0 1.0 1.0 1.0 1.0 1.0 1.0 1.0 1.0 1.0 
1.0 1.0 1.0 1.0 1.0 1.0 1.0 1.0 1.0 1.0 1.0 1.0 1.0 1.0 1.0 1.0 1.0 1.0 1.0 1.0 1.0 1.0 1.0 1.0 1.0 
1.0 1.0 1.0 1.0 1.0 1.0 1.0 1.0 1.0 1.0 1.0 1.0 1.0 1.0 1.0 1.0 1.0 1.0 1.0 1.0 1.0 1.0 1.0 1.0 1.0 
1.0 1.0 1.0 1.0 1.0 1.0 1.0 1.0 1.0 1.0 1.0 1.0 1.0 1.0 1.0 1.0 1.0 1.0 1.0 1.0 1.0 1.0 1.0 1.0 1.0 
2.0 2.0 2.0 2.0 2.0 2.0 2.0 2.0 2.0 2.0 2.0 2.0 2.0 2.0 2.0 2.0 2.0 2.0 2.0 2.0 2.0 2.0 2.0 2.0 2.0 
2.0 2.0 2.0 2.0 2.0 2.0 2.0 2.0 2.0 2.0 2.0 2.0 2.0 2.0 2.0 2.0 2.0 2.0 2.0 2.0 2.0 2.0 2.0 2.0 2.0 
2.0 2.0 2.0 2.0 2.0 2.0 2.0 2.0 2.0 2.0 2.0 2.0 2.0 2.0 2.0 2.0 2.0 2.0 2.0 2.0 2.0 2.0 2.0 2.0 2.0 
2.0 2.0 2.0 2.0 2.0 2.0 2.0 2.0 2.0 2.0 2.0 2.0 2.0 2.0 2.0 2.0 2.0 2.0 2.0 2.0 2.0 2.0 2.0 2.0 2.0 
2.0 2.0 2.0 2.0 2.0 2.0 2.0 2.0 2.0 2.0 2.0 2.0 2.0 2.0 2.0 2.0 2.0 2.0 2.0 2.0 2.0 2.0 2.0 2.0 2.0 
-2.0 -2.0 -2.0 -2.0 -2.0 -2.0 -2.0 -2.0 -2.0 -2.0 -2.0 -2.0 -2.0 -2.0 -2.0 -2.0 -2.0 -2.0 -2.0 -2.0 -2.0 -2.0 -2.0 -2.0 -2.0 
-2.0 -2.0 -2.0 -2.0 -2.0 -2.0 -2.0 -2.0 -2.0 -2.0 -2.0 -2.0 -2.0 -2.0 -2.0 -2.0 -2.0 -2.0 -2.0 -2.0 -2.0 -2.0 -2.0 -2.0 -2.0 
-2.0 -2.0 -2.0 -2.0 -2.0 -2.0 -2.0 -2.0 -2.0 -2.0 -2.0 -2.0 -2.0 -2.0 -2.0 -2.0 -2.0 -2.0 -2.0 -2.0 -2.0 -2.0 -2.0 -2.0 -2.0 
-2.0 -2.0 -2.0 -2.0 -2.0 -2.0 -2.0 -2.0 -2.0 -2.0 -2.0 -2.0 -2.0 -2.0 -2.0 -2.0 -2.0 -2.0 -2.0 -2.0 -2.0 -2.0 -2.0 -2.0 -2.0 
-2.0 -2.0 -2.0 -2.0 -2.0 -2.0 -2.0 -2.0 -2.0 -2.0 -2.0 -2.0 -2.0 -2.0 -2.0 -2.0 -2.0 -2.0 -2.0 -2.0 -2.0 -2.0 -2.0 -2.0 -2.0 

-1.0 -1.0 -1.0 -1.0 -1.0 -1.0 -1.0 -1.0 -1.0 -1.0 -1.0 -1.0 -1.0 -1.0 -1.0 -1.0 -1.0 -1.0 -1.0 -1.0 -1.0 -1.0 -1.0 -1.0 -1.0 
-1.0 -1.0 -1.0 -1.0 -1.0 -1.0 -1.0 -1.0 -1.0 -1.0 -1.0 -1.0 -1.0 -1.0 -1.0 -1.0 -1.0 -1.0 -1.0 -1.0 -1.0 -1.0 -1.0 -1.0 -1.0 
-1.0 -1.0 -1.0 -1.0 -1.0 -1.0 -1.0 -1.0 -1.0 -1.0 -1.0 -1.0 -1.0 -1.0 -1.0 -1.0 -1.0 -1.0 -1.0 -1.0 -1.0 -1.0 -1.0 -1.0 -1.0 
-1.0 -1.0 -1.0 -1.0 -1.0 -1.0 -1.0 -1.0 -1.0 -1.0 -1.0 -1.0 -1.0 -1.0 -1.0 -1.0 -1.0 -1.0 -1.0 -1.0 -1.0 -1.0 -1.0 -1.0 -1.0 
-1.0 -1.0 -1.0 -1.0 -1.0 -1.0 -1.0 -1.0 -1.0 -1.0 -1.0 -1.0 -1.0 -1.0 -1.0 -1.0 -1.0 -1.0 -1.0 -1.0 -1.0 -1.0 -1.0 -1.0 -1.0 
0.0 0.0 0.0 0.0 0.0 0.0 0.0 0.0 0.0 0.0 0.0 0.0 0.0 0.0 0.0 0.0 0.0 0.0 0.0 0.0 0.0 0.0 0.0 0.0 0.0 
0.0 0.0 0.0 0.0 0.0 0.0 0.0 0.0 0.0 0.0 0.0 0.0 0.0 0.0 0.0 0.0 0.0 0.0 0.0 0.0 0.0 0.0 0.0 0.0 0.0 
0.0 0.0 0.0 0.0 0.0 0.0 0.0 0.0 0.0 0.0 0.0 0.0 0.0 0.0 0.0 0.0 0.0 0.0 0.0 0.0 0.0 0.0 0.0 0.0 0.0 
0.0 0.0 0.0 0.0 0.0 0.0 0.0 0.0 0.0 0.0 0.0 0.0 0.0 0.0 0.0 0.0 0.0 0.0 0.0 0.0 0.0 0.0 0.0 0.0 0.0 
0.0 0.0 0.0 0.0 0.0 0.0 0.0 0.0 0.0 0.0 0.0 0.0 0.0 0.0 0.0 0.0 0.0 0.0 0.0 0.0 0.0 0.0 0.0 0.0 0.0 
2.0 2.0 2.0 2.0 2.0 2.0 2.0 2.0 2.0 2.0 2.0 2.0 2.0 2.0 2.0 2.0 2.0 2.0 2.0 2.0 2.0 2.0 2.0 2.0 2.0 
2.0 2.0 2.0 2.0 2.0 2.0 2.0 2.0 2.0 2.0 2.0 2.0 2.0 2.0 2.0 2.0 2.0 2.0 2.0 2.0 2.0 2.0 2.0 2.0 2.0 
2.0 2.0 2.0 2.0 2.0 2.0 2.0 2.0 2.0 2.0 2.0 2.0 2.0 2.0 2.0 2.0 2.0 2.0 2.0 2.0 2.0 2.0 2.0 2.0 2.0 
2.0 2.0 2.0 2.0 2.0 2.0 2.0 2.0 2.0 2.0 2.0 2.0 2.0 2.0 2.0 2.0 2.0 2.0 2.0 2.0 2.0 2.0 2.0 2.0 2.0 
2.0 2.0 2.0 2.0 2.0 2.0 2.0 2.0 2.0 2.0 2.0 2.0 2.0 2.0 2.0 2.0 2.0 2.0 2.0 2.0 2.0 2.0 2.0 2.0 2.0 
1.0 1.0 1.0 1.0 1.0 1.0 1.0 1.0 1.0 1.0 1.0 1.0 1.0 1.0 1.0 1.0 1.0 1.0 1.0 1.0 1.0 1.0 1.0 1.0 1.0 
1.0 1.0 1.0 1.0 1.0 1.0 1.0 1.0 1.0 1.0 1.0 1.0 1.0 1.0 1.0 1.0 1.0 1.0 1.0 1.0 1.0 1.0 1.0 1.0 1.0 
1.0 1.0 1.0 1.0 1.0 1.0 1.0 1.0 1.0 1.0 1.0 1.0 1.0 1.0 1.0 1.0 1.0 1.0 1.0 1.0 1.0 1.0 1.0 1.0 1.0 
1.0 1.0 1.0 1.0 1.0 1.0 1.0 1.0 1.0 1.0 1.0 1.0 1.0 1.0 1.0 1.0 1.0 1.0 1.0 1.0 1.0 1.0 1.0 1.0 1.0 
1.0 1.0 1.0 1.0 1.0 1.0 1.0 1.0 1.0 1.0 1.0 1.0 1.0 1.0 1.0 1.0 1.0 1.0 1.0 1.0 1.0 1.0 1.0 1.0 1.0 
-2.0 -2.0 -2.0 -2.0 -2.0 -2.0 -2.0 -2.0 -2.0 -2.0 -2.0 -2.0 -2.0 -2.0 -2.0 -2.0 -2.0 -2.0 -2.0 -2.0 -2.0 -2.0 -2.0 -2.0 -2.0 
-2.0 -2.0 -2.0 -2.0 -2.0 -2.0 -2.0 -2.0 -2.0 -2.0 -2.0 -2.0 -2.0 -2.0 -2.0 -2.0 -2.0 -2.0 -2.0 -2.0 -2.0 -2.0 -2.0 -2.0 -2.0 
-2.0 -2.0 -2.0 -2.0 -2.0 -2.0 -2.0 -2.0 -2.0 -2.0 -2.0 -2.0 -2.0 -2.0 -2.0 -2.0 -2.0 -2.0 -2.0 -2.0 -2.0 -2.0 -2.0 -2.0 -2.0 
-2.0 -2.0 -2.0 -2.0 -2.0 -2.0 -2.0 -2.0 -2.0 -2.0 -2.0 -2.0 -2.0 -2.0 -2.0 -2.0 -2.0 -2.0 -2.0 -2.0 -2.0 -2.0 -2.0 -2.0 -2.0 
-2.0 -2.0 -2.0 -2.0 -2.0 -2.0 -2.0 -2.0 -2.0 -2.0 -2.0 -2.0 -2.0 -2.0 -2.0 -2.0 -2.0 -2.0 -2.0 -2.0 -2.0 -2.0 -2.0 -2.0 -2.0 

