0.976408 0.904986 0.018661 0.413421 0.686433 0.268505 0.441147 0.282106 0.127304 0.892951 0.470969 0.360634 0.727392 0.597576 0.493168 0.980030 0.634000 0.160905 0.760630 0.443912 0.220171 0.225238 0.722891 0.035857 0.375726 
0.325643 0.865251 0.029554 0.878817 0.146034 0.404327 0.091282 0.936170 0.477333 0.993090 0.909216 0.360396 0.201083 0.657384 0.040770 0.294988 0.796843 0.509785 0.723784 0.926386 0.415874 0.208327 0.794965 0.464031 0.977932 
0.159341 0.700182 0.837593 0.523408 0.405953 0.823429 0.768353 0.108560 0.278090 0.351476 0.586700 0.301077 0.473097 0.644175 0.606428 0.303184 0.298457 0.105336 0.757435 0.213103 0.970319 0.915764 0.593687 0.118607 0.411414 
0.152023 0.930309 0.408566 0.557843 0.049271 0.686690 0.805480 0.234660 0.228908 0.680905 0.389929 0.828160 0.548223 0.889013 0.260820 0.967124 0.749348 0.503372 0.438664 0.185411 0.846328 0.126872 0.100280 0.613991 0.495890 
0.256479 0.569676 0.927007 0.207085 0.065352 0.785479 0.975700 0.669728 0.506509 0.589410 0.536517 0.035815 0.527071 0.637117 0.676006 0.596777 0.836098 0.601221 0.369584 0.516767 0.221789 0.160613 0.238466 0.929396 0.451236 
0.989846 0.046564 0.074028 0.604007 0.374902 0.956662 0.050013 0.464114 0.456281 0.098128 0.572801 0.019263 0.089958 0.699942 0.771575 0.754474 0.922936 0.700412 0.394470 0.552246 0.295381 0.218431 0.462078 0.196462 0.901682 
0.930001 0.157670 0.337386 0.622714 0.174062 0.044861 0.426518 0.655410 0.868922 0.820895 0.035426 0.600550 0.131806 0.982464 0.521938 0.733493 0.348441 0.283503 0.209799 0.688683 0.472314 0.002548 0.347161 0.052636 0.456312 
0.997077 0.940174 0.482159 0.020363 0.015271 0.436034 0.851241 0.585826 0.897291 0.764525 0.970990 0.765529 0.248852 0.352967 0.925975 0.530685 0.923995 0.713011 0.054966 0.329505 0.820331 0.017757 0.504810 0.978270 0.546051 
0.948190 0.448515 0.498000 0.797395 0.226087 0.558489 0.138012 0.349761 0.700716 0.492404 0.551638 0.080559 0.359921 0.551908 0.957659 0.591585 0.032843 0.472525 0.539163 0.362754 0.971382 0.366680 0.785812 0.311998 0.720088 
0.541812 0.442312 0.165321 0.360371 0.476519 0.519100 0.012372 0.843652 0.834082 0.421828 0.762772 0.185171 0.537393 0.458526 0.024780 0.025345 0.369659 0.627282 0.980827 0.999070 0.209914 0.367134 0.015447 0.162198 0.176627 
0.205735 0.373006 0.660224 0.915114 0.652738 0.645110 0.553916 0.838383 0.626080 0.368551 0.851023 0.049176 0.652315 0.440761 0.624890 0.247961 0.878241 0.183507 0.723948 0.751373 0.031993 0.953626 0.538599 0.043698 0.895992 
0.847675 0.403703 0.927430 0.371703 0.855976 0.277562 0.861588 0.895035 0.581526 0.248377 0.957823 0.245110 0.969808 0.337659 0.766798 0.213662 0.187663 0.118256 0.790513 0.926928 0.506137 0.606057 0.624795 0.300874 0.401141 
0.643123 0.366744 0.963210 0.968505 0.112710 0.922444 0.276739 0.957145 0.491173 0.652140 0.796832 0.804289 0.044756 0.826671 0.444482 0.079515 0.405373 0.777482 0.662075 0.602717 0.949230 0.989530 0.497536 0.310561 0.824360 
0.404873 0.060112 0.774948 0.720345 0.843427 0.890037 0.261583 0.713851 0.627405 0.527677 0.263961 0.963280 0.151047 0.298452 0.553655 0.577431 0.304521 0.985742 0.392975 0.573761 0.392200 0.663008 0.526683 0.008274 0.235717 
0.674935 0.840510 0.533427 0.162846 0.964467 0.231732 0.304037 0.338511 0.563616 0.421110 0.056740 0.470308 0.031259 0.814467 0.655413 0.413167 0.830234 0.145883 0.663329 0.859304 0.755151 0.265335 0.782196 0.813391 0.273263 
0.789188 0.654679 0.914906 0.098775 0.021120 0.636240 0.992265 0.951523 0.379385 0.083916 0.214295 0.257396 0.158026 0.272592 0.114592 0.995910 0.702815 0.883105 0.131258 0.239222 0.061409 0.507235 0.513363 0.276663 0.629834 
0.933950 0.917758 0.897549 0.481701 0.146393 0.562334 0.459737 0.900730 0.843064 0.162346 0.496346 0.166274 0.645090 0.202401 0.333618 0.294818 0.470661 0.084855 0.731207 0.914540 0.579529 0.574642 0.086162 0.012332 0.382010 
0.870537 0.396191 0.701140 0.507425 0.274885 0.914567 0.770861 0.756206 0.023815 0.319035 0.716524 0.555346 0.206581 0.402052 0.249518 0.518689 0.389274 0.390634 0.639151 0.214033 0.774502 0.680043 0.990692 0.341662 0.517209 
0.475283 0.391466 0.468765 0.930509 0.196718 0.038947 0.526653 0.777889 0.404656 0.787695 0.465393 0.665122 0.086539 0.971635 0.064868 0.285739 0.628035 0.992717 0.039131 0.689830 0.318819 0.329370 0.285196 0.259232 0.638694 
0.794626 0.570342 0.831161 0.192043 0.234320 0.823564 0.987041 0.855101 0.435443 0.694280 0.838378 0.688743 0.273386 0.606002 0.708954 0.417024 0.441240 0.467370 0.486937 0.963486 0.382125 0.999800 0.120219 0.712143 0.401895 
0.695792 0.707430 0.414510 0.437405 0.954964 0.217649 0.050483 0.193565 0.209297 0.006270 0.285837 0.770474 0.646518 0.199298 0.325218 0.745225 0.755106 0.071126 0.151661 0.630830 0.333472 0.515895 0.035576 0.732500 0.272432 
0.142710 0.151255 0.784804 0.367086 0.899857 0.691561 0.924684 0.942126 0.298416 0.976228 0.849446 0.380207 0.098286 0.185111 0.840653 0.720467 0.027984 0.733334 0.028824 0.975009 0.586422 0.508371 0.428756 0.375553 0.492824 
0.334739 0.218924 0.267818 0.321902 0.343918 0.612363 0.695387 0.215048 0.302022 0.474166 0.169241 0.317463 0.350227 0.053517 0.698760 0.685562 0.327572 0.681376 0.244131 0.714057 0.693847 0.282427 0.553367 0.345029 0.627325 
0.413065 0.101798 0.763237 0.935346 0.752904 0.544983 0.124948 0.133560 0.105674 0.433215 0.204054 0.271637 0.886044 0.187261 0.278622 0.032848 0.644460 0.485932 0.324041 0.604321 0.506197 0.390582 0.228680 0.496414 0.129429 
0.690572 0.483696 0.961739 0.671212 0.599313 0.674650 0.098275 0.287454 0.721462 0.450969 0.649695 0.393495 0.554736 0.403093 0.120085 0.886084 0.857957 0.915688 0.850181 0.811307 0.681040 0.413751 0.551822 0.831202 0.288371 

0.755569 0.143774 0.689089 0.899145 0.288380 0.975606 0.904184 0.308315 0.168374 0.225654 0.229990 0.455818 0.103543 0.181517 0.497369 0.401988 0.333072 0.471829 0.087625 0.709079 0.503591 0.785587 0.499419 0.460924 0.781790 
0.778214 0.540287 0.742655 0.716964 0.412054 0.510076 0.370378 0.694796 0.832283 0.622390 0.599959 0.400143 0.767121 0.166785 0.169665 0.190533 0.096048 0.700058 0.145361 0.311986 0.053985 0.317878 0.426687 0.206234 0.448148 
0.077964 0.068486 0.834711 0.547498 0.964207 0.218760 0.196602 0.172795 0.193042 0.461092 0.403659 0.628754 0.277019 0.097868 0.645538 0.429742 0.941977 0.592749 0.316895 0.256111 0.773879 0.683846 0.639000 0.339908 0.599966 
0.649434 0.417524 0.187710 0.864827 0.360100 0.052259 0.544621 0.454232 0.354821 0.761115 0.780044 0.158560 0.993134 0.443817 0.071743 0.069652 0.653933 0.057125 0.095737 0.562044 0.165435 0.076558 0.065529 0.051664 0.971131 
0.258122 0.880387 0.790934 0.384794 0.292070 0.990592 0.148020 0.187730 0.417930 0.816381 0.739599 0.272964 0.016665 0.046849 0.067885 0.810428 0.052300 0.286967 0.278105 0.239048 0.975052 0.472496 0.603295 0.712601 0.554332 
0.432754 0.494451 0.376003 0.614140 0.223545 0.048628 0.806336 0.893044 0.075793 0.239749 0.549177 0.988959 0.784729 0.477935 0.887949 0.210256 0.256459 0.019637 0.043220 0.633483 0.695488 0.576916 0.740216 0.973448 0.646324 
0.877371 0.078592 0.235299 0.943181 0.637639 0.311250 0.452058 0.246098 0.343800 0.879676 0.112597 0.015936 0.031491 0.900691 0.477843 0.314546 0.574708 0.028449 0.820047 0.519949 0.232970 0.880099 0.155037 0.991000 0.900456 
0.041023 0.067897 0.033301 0.797420 0.409312 0.328253 0.604579 0.683859 0.105735 0.562725 0.883329 0.050391 0.045554 0.932809 0.712662 0.618814 0.946041 0.536896 0.985208 0.265477 0.998119 0.328728 0.867205 0.637393 0.742415 
0.165136 0.880874 0.414838 0.377299 0.392041 0.371718 0.869372 0.676888 0.202904 0.144635 0.892797 0.088175 0.535588 0.662168 0.367831 0.035325 0.287127 0.574936 0.294027 0.661373 0.535488 0.796697 0.213141 0.019678 0.270488 
0.247285 0.211041 0.769344 0.827772 0.754794 0.190816 0.804002 0.005928 0.836373 0.113072 0.102848 0.987726 0.502784 0.906610 0.231801 0.022871 0.671076 0.664821 0.479870 0.581278 0.298644 0.809831 0.280414 0.211690 0.944083 
0.621404 0.760034 0.852615 0.107761 0.072299 0.664575 0.728285 0.826165 0.029714 0.528423 0.828389 0.931798 0.197339 0.826656 0.606784 0.955162 0.833047 0.747082 0.460895 0.167401 0.807986 0.958743 0.477435 0.735856 0.185642 
0.628184 0.763423 0.362124 0.823587 0.702101 0.122293 0.588881 0.607153 0.928704 0.963542 0.518677 0.624096 0.877606 0.514382 0.569591 0.894293 0.244088 0.402601 0.060917 0.646851 0.084352 0.361105 0.594381 0.672322 0.361185 
0.406703 0.745627 0.942437 0.375164 0.029645 0.554246 0.194937 0.953030 0.181289 0.457672 0.736706 0.273986 0.834068 0.589832 0.186768 0.991238 0.430767 0.532062 0.093327 0.752035 0.416930 0.050874 0.361430 0.924896 0.552389 
0.681006 0.544294 0.152735 0.134319 0.874697 0.857460 0.938656 0.083423 0.350474 0.557504 0.746858 0.729742 0.383794 0.678673 0.278487 0.689378 0.473472 0.649579 0.639626 0.471239 0.404502 0.641970 0.830646 0.260620 0.121847 
0.189144 0.487293 0.993781 0.262097 0.645690 0.177602 0.545414 0.033647 0.213155 0.986026 0.508493 0.318018 0.873762 0.655280 0.185849 0.819008 0.831488 0.655604 0.047209 0.187221 0.839917 0.381963 0.807029 0.967549 0.844294 
0.874603 0.035872 0.820465 0.680663 0.088361 0.461821 0.802372 0.898577 0.408566 0.178692 0.322800 0.483397 0.325799 0.671784 0.218703 0.009715 0.932987 0.815256 0.635559 0.547877 0.329451 0.356925 0.702856 0.182237 0.709826 
0.541706 0.846037 0.152206 0.225818 0.544172 0.131959 0.962549 0.642148 0.339712 0.111867 0.780154 0.817166 0.981008 0.764572 0.346525 0.801461 0.324414 0.313809 0.994604 0.018367 0.701811 0.774483 0.314439 0.530964 0.007011 
0.618229 0.893093 0.081558 0.520398 0.319475 0.088410 0.437819 0.428980 0.021776 0.400238 0.796425 0.315003 0.158462 0.232806 0.634615 0.665409 0.312363 0.261342 0.453625 0.055473 0.892938 0.173026 0.751748 0.181380 0.966965 
0.043224 0.942635 0.531341 0.096999 0.417713 0.176136 0.667231 0.222347 0.519790 0.364930 0.250571 0.813227 0.010039 0.988338 0.562537 0.157094 0.975014 0.896844 0.563463 0.745507 0.886762 0.189084 0.229135 0.712511 0.599107 
0.897736 0.897891 0.643214 0.410338 0.686091 0.164961 0.537423 0.837471 0.202409 0.284135 0.472754 0.258359 0.661044 0.090549 0.569274 0.088930 0.377520 0.854792 0.734862 0.834105 0.160328 0.194482 0.341620 0.288531 0.951241 
0.551761 0.119116 0.604159 0.963841 0.823359 0.293668 0.393962 0.666751 0.110678 0.297778 0.403817 0.451831 0.210657 0.815330 0.602951 0.317176 0.857390 0.635393 0.505106 0.474061 0.184988 0.576524 0.785395 0.544767 0.945036 
0.729589 0.887955 0.646026 0.310698 0.014726 0.348160 0.618808 0.982752 0.540247 0.113444 0.175440 0.223144 0.438445 0.048571 0.179581 0.631033 0.715087 0.735548 0.219369 0.729728 0.107368 0.449680 0.636989 0.579273 0.283004 
0.375173 0.248932 0.517479 0.250816 0.276619 0.326584 0.263858 0.149026 0.946943 0.656183 0.164787 0.201811 0.380100 0.629472 0.277363 0.642714 0.669509 0.424317 0.338985 0.863069 0.689177 0.888517 0.279089 0.449546 0.558874 
0.710521 0.048843 0.275412 0.819046 0.933343 0.840257 0.736928 0.265299 0.114800 0.696145 0.565507 0.002736 0.201078 0.018560 0.734162 0.881416 0.229830 0.561384 0.966323 0.091723 0.371897 0.885631 0.949733 0.953289 0.353045 
0.253304 0.272585 0.407562 0.885607 0.944302 0.281160 0.092536 0.776397 0.154760 0.305121 0.343447 0.284249 0.554108 0.505400 0.614191 0.050615 0.622134 0.011592 0.700203 0.037419 0.522762 0.981606 0.167524 0.381262 0.278191 

1.342310 1.370260 -0.629792 -0.122067 1.461063 -2.458632 -2.289175 -0.855631 -0.672571 -1.152153 -0.820665 -1.287535 -0.390422 -0.751228 -1.785841 -1.526886 -1.431316 -0.424508 -1.391749 -1.538830 -1.104366 -1.495891 -1.937746 -0.612604 -2.097662 
-0.113787 1.330417 -0.708674 1.373093 -0.157864 0.419954 -1.176162 -2.362607 -1.886358 -2.182796 -2.127604 -1.263047 -2.044059 -0.797739 -0.746916 -1.145465 -0.858201 -1.567368 -1.025421 -1.745219 -0.581720 -1.167597 -1.427963 -1.306531 -1.565781 
-0.031789 1.544719 1.127092 0.019858 -0.584424 1.267323 0.553694 0.166655 -0.116079 -0.948253 -1.561334 -1.662201 -0.765977 -1.011190 -1.865949 -1.258787 -2.374639 -1.274087 -1.002291 -1.028535 -2.833143 -1.851742 -2.373870 -0.403574 -1.354988 
-0.320920 2.156676 0.402964 0.201496 -0.413935 1.019528 1.143505 0.100030 0.793724 -2.354008 -1.806026 -1.600103 -2.959951 -2.069283 -0.402915 -1.170628 -1.687150 -0.819209 -1.193346 -1.330387 -1.333575 -0.437847 -0.758906 -0.819951 -2.227571 
0.376258 0.098066 1.725458 -0.323158 -0.403851 0.416035 1.694552 0.107387 0.577560 1.209807 0.947424 -0.736303 -0.809744 -0.379955 -0.949251 -2.299952 -0.859941 -1.450965 -0.744168 -1.033560 -1.871470 -1.125579 -1.914920 -2.446429 -1.405163 
1.765395 -0.962692 -0.099196 0.583571 0.566838 2.487953 -0.178515 0.945570 -0.155331 0.086008 1.012668 0.753029 -1.583115 -1.946108 -2.773276 -1.116604 -1.035379 -0.352010 -0.892917 -1.869154 -1.635656 -1.499768 -2.450154 -2.440500 -2.303706 
0.948006 0.393971 0.424281 0.456809 -0.035277 -0.300960 0.536958 1.158420 0.326255 0.332895 -0.156968 -0.429456 -0.170714 -2.819656 -1.605827 -1.057427 -1.138371 0.203400 -1.874256 -1.381526 -0.758183 -2.333496 -0.664336 -2.244257 -2.130026 
2.036977 1.697591 0.700562 -0.878344 -0.922335 0.544049 1.108496 0.381235 0.406975 0.570121 1.061965 -0.108830 -0.202362 1.453442 0.785578 -1.709098 -2.968282 -2.035245 -2.108799 -0.903829 -2.588299 -0.629537 -2.448637 -2.724742 -2.009458 
1.447266 -1.026885 0.645754 1.478693 -0.507665 0.888463 -0.351299 0.214057 0.193415 -0.261233 1.299581 -0.139442 -0.062831 0.717981 0.318925 0.079875 -0.521214 -1.774500 -1.832990 -2.166571 -2.051587 -2.002524 -1.168915 -0.481301 -1.100841 
1.249823 0.134774 -0.354975 -0.324152 0.117413 1.090268 -0.622090 1.718835 0.635449 -0.120430 0.183722 0.909052 0.747086 0.872013 0.355352 0.341990 0.679992 0.886625 -2.022148 -2.298541 -0.931005 -1.731482 -0.014810 -0.872237 -2.016988 
-0.305980 -0.393936 0.302430 1.505344 1.340674 0.671208 0.020277 0.981047 1.181152 0.749435 0.986352 0.456697 0.786691 1.278255 0.722105 1.025835 1.036306 0.990608 0.290114 -1.165834 -1.596660 -3.188387 -1.713015 -1.661487 -1.449882 
0.971600 0.408631 1.366338 -0.305717 1.072928 -0.107723 0.908251 1.624679 -0.023174 -0.480446 0.609037 0.825900 1.203462 0.620516 1.004757 0.206091 -0.182273 0.619307 0.120087 0.489924 -0.452507 -1.931031 -2.233685 -1.637728 -1.676741 
1.082136 -0.220859 1.505029 1.243454 0.824854 0.877331 0.034953 0.686997 0.721398 1.039449 1.075027 0.266428 1.380921 0.610682 -0.033232 0.834517 0.187686 0.408892 0.178040 0.665400 0.040418 -0.039375 -1.076434 -1.926444 -2.090235 
0.218757 0.056056 2.035779 1.591634 0.878288 1.290146 -0.302264 1.330394 0.845420 0.870872 0.456177 0.865805 0.369185 0.643204 0.556396 0.437071 0.419279 0.387709 0.644919 0.397748 -1.326882 -1.282559 -1.383825 0.173808 -0.622735 
1.496560 1.115391 0.143721 0.544173 1.189681 0.541832 0.054258 0.513405 1.129222 0.003096 -0.213220 0.439244 0.685853 0.935462 0.300133 1.434336 0.521440 0.425844 -1.674201 -2.252301 -1.605988 -0.413989 -1.364863 -1.908848 -0.560175 
0.575843 1.499185 1.340735 -0.419233 0.083427 0.899493 1.075860 0.883601 0.384077 0.484659 -0.034004 0.396082 0.206518 0.772462 -0.210401 0.127186 -1.749141 -2.035839 -0.474572 -0.595214 0.197497 -1.078122 -0.949822 -0.791317 -1.117706 
0.770448 1.026945 2.112746 1.036346 -0.327161 0.644445 -0.141511 1.440072 1.028704 -0.093417 -0.650648 0.962506 0.868443 0.940330 -0.886094 -0.409258 -1.131332 -0.379209 -0.612251 -2.025296 -0.717384 -1.606860 0.039486 -0.404219 -1.332643 
1.453266 -0.248806 1.253319 0.549182 0.157728 1.448967 1.091591 1.060901 0.195402 0.430277 0.516694 0.445544 -0.267150 -1.141351 -1.056411 -0.934552 -0.919793 -0.433895 -1.168705 -0.131789 -1.337195 -1.191865 -2.264705 -0.536591 2.477900 
0.594099 0.190330 0.221469 1.948268 -0.030998 -0.473931 0.588499 1.730670 0.336586 1.431960 0.797006 0.877070 -0.182922 -1.829707 -0.029100 -0.759552 -1.635883 -1.653443 -0.101723 -1.914532 -0.980376 -0.305842 -0.354875 2.116683 1.958196 
0.660542 0.272937 1.193135 0.265898 -0.661432 1.209181 1.802019 0.579571 1.067814 1.494499 0.750741 -1.242335 -0.298449 -1.060833 -1.605139 -0.864721 -0.910183 -0.764367 -0.672910 -2.257944 -0.594909 1.346406 0.927783 1.604266 1.863434 
0.801594 1.457695 -0.070142 -0.393113 1.160605 0.543073 -0.544945 -0.701896 0.251767 -0.387486 -0.065562 -1.494820 -1.092679 -0.568830 -0.654498 -1.640476 -1.291436 -0.651711 0.226338 -0.935797 0.283846 1.549168 1.475845 1.794344 2.478476 
-0.446896 -0.779027 1.153726 0.734570 1.186080 1.149457 1.973531 1.270510 0.144416 1.917271 1.430712 -0.276873 -0.385218 -0.883088 -1.508862 -1.644363 0.053469 -1.855125 -0.401286 2.934164 0.766658 1.506090 1.603930 1.598213 0.598942 
0.631148 0.658576 -0.443685 0.364027 0.238264 0.943791 0.986752 -0.035762 0.212982 0.402375 -0.251152 -0.592927 -1.108906 -0.483737 -1.317107 -1.720532 -0.774203 -1.220479 1.504050 1.911965 2.378131 1.484184 1.001935 1.026796 2.207937 
-0.204059 0.521177 1.512470 1.454786 0.260585 0.623845 -0.447571 -0.057932 -0.762746 -0.124730 -0.345449 -0.395022 -2.040191 -0.094696 -0.496409 0.100199 1.195397 1.388255 2.463737 0.981914 1.017735 2.212428 2.119598 2.114060 0.835973 
0.798879 0.637949 1.853386 0.752106 0.893362 1.275703 -0.414453 -0.109127 1.439589 0.531666 -1.011494 -0.868240 -1.364902 -0.385193 -0.133257 0.967540 2.139898 1.081631 2.852375 0.891808 1.974829 2.730914 0.888936 1.331265 0.658086 

1 1 1 1 1 3 3 3 3 3 3 3 3 3 3 3 3 3 3 3 3 3 3 3 3 
1 1 1 1 1 1 3 3 3 3 3 3 3 3 3 3 3 3 3 3 3 3 3 3 3 
1 1 1 1 1 1 4 4 3 3 3 3 3 3 3 3 3 3 3 3 3 3 3 3 3 
1 1 1 1 1 1 1 4 4 3 3 3 3 3 3 3 3 3 3 3 3 3 3 3 3 
1 1 1 1 1 1 1 4 4 4 4 3 3 3 3 3 3 3 3 3 3 3 3 3 3 
1 1 1 1 1 1 1 4 4 4 4 4 3 3 3 3 3 3 3 3 3 3 3 3 3 
1 1 1 1 1 1 1 1 4 4 4 4 4 3 3 3 3 3 3 3 3 3 3 3 3 
1 1 1 1 1 1 1 1 4 4 4 4 4 4 4 3 3 3 3 3 3 3 3 3 3 
1 1 1 1 1 1 1 1 4 4 4 4 4 4 4 4 3 3 3 3 3 3 3 3 3 
1 1 1 1 1 1 1 1 1 4 4 4 4 4 4 4 4 4 3 3 3 3 3 3 3 
1 1 1 1 1 1 1 1 1 4 4 4 4 4 4 4 4 4 4 3 3 3 3 3 3 
1 1 1 1 1 1 1 1 1 1 4 4 4 4 4 4 4 4 4 4 3 3 3 3 3 
1 1 1 1 1 1 1 1 1 1 4 4 4 4 4 4 4 4 4 4 4 4 3 3 3 
1 1 1 1 1 1 1 1 1 1 4 4 4 4 4 4 4 4 4 4 0 0 0 0 0 
1 1 1 1 1 1 1 1 1 1 1 4 4 4 4 4 4 4 0 0 0 0 0 0 0 
1 1 1 1 1 1 1 1 1 1 1 4 4 4 4 4 0 0 0 0 0 0 0 0 0 
1 1 1 1 1 1 1 1 1 1 1 4 4 4 0 0 0 0 0 0 0 0 0 0 0 
1 1 1 1 1 1 1 1 1 1 1 1 0 0 0 0 0 0 0 0 0 0 0 0 2 
1 1 1 1 1 1 1 1 1 1 1 1 0 0 0 0 0 0 0 0 0 0 0 2 2 
1 1 1 1 1 1 1 1 1 1 1 0 0 0 0 0 0 0 0 0 0 2 2 2 2 
1 1 1 1 1 1 1 1 1 1 1 0 0 0 0 0 0 0 0 0 2 2 2 2 2 
1 1 1 1 1 1 1 1 1 1 1 0 0 0 0 0 0 0 0 2 2 2 2 2 2 
1 1 1 1 1 1 1 1 1 1 0 0 0 0 0 0 0 0 2 2 2 2 2 2 2 
1 1 1 1 1 1 1 1 1 1 0 0 0 0 0 0 2 2 2 2 2 2 2 2 2 
1 1 1 1 1 1 1 1 1 1 0 0 0 0 0 2 2 2 2 2 2 2 2 2 2 

2.0 2.0 2.0 2.0 2.0 -1.0 -1.0 -1.0 -1.0 -1.0 -1.0 -1.0 -1.0 -1.0 -1.0 -1.0 -1.0 -1.0 -1.0 -1.0 -1.0 -1.0 -1.0 -1.0 -1.0 
2.0 2.0 2.0 2.0 2.0 2.0 -1.0 -1.0 -1.0 -1.0 -1.0 -1.0 -1.0 -1.0 -1.0 -1.0 -1.0 -1.0 -1.0 -1.0 -1.0 -1.0 -1.0 -1.0 -1.0 
2.0 2.0 2.0 2.0 2.0 2.0 0.0 0.0 -1.0 -1.0 -1.0 -1.0 -1.0 -1.0 -1.0 -1.0 -1.0 -1.0 -1.0 -1.0 -1.0 -1.0 -1.0 -1.0 -1.0 
2.0 2.0 2.0 2.0 2.0 2.0 2.0 0.0 0.0 -1.0 -1.0 -1.0 -1.0 -1.0 -1.0 -1.0 -1.0 -1.0 -1.0 -1.0 -1.0 -1.0 -1.0 -1.0 -1.0 
2.0 2.0 2.0 2.0 2.0 2.0 2.0 0.0 0.0 0.0 0.0 -1.0 -1.0 -1.0 -1.0 -1.0 -1.0 -1.0 -1.0 -1.0 -1.0 -1.0 -1.0 -1.0 -1.0 
2.0 2.0 2.0 2.0 2.0 2.0 2.0 0.0 0.0 0.0 0.0 0.0 -1.0 -1.0 -1.0 -1.0 -1.0 -1.0 -1.0 -1.0 -1.0 -1.0 -1.0 -1.0 -1.0 
2.0 2.0 2.0 2.0 2.0 2.0 2.0 2.0 0.0 0.0 0.0 0.0 0.0 -1.0 -1.0 -1.0 -1.0 -1.0 -1.0 -1.0 -1.0 -1.0 -1.0 -1.0 -1.0 
2.0 2.0 2.0 2.0 2.0 2.0 2.0 2.0 0.0 0.0 0.0 0.0 0.0 0.0 0.0 -1.0 -1.0 -1.0 -1.0 -1.0 -1.0 -1.0 -1.0 -1.0 -1.0 
2.0 2.0 2.0 2.0 2.0 2.0 2.0 2.0 0.0 0.0 0.0 0.0 0.0 0.0 0.0 0.0 -1.0 -1.0 -1.0 -1.0 -1.0 -1.0 -1.0 -1.0 -1.0 
2.0 2.0 2.0 2.0 2.0 2.0 2.0 2.0 2.0 0.0 0.0 0.0 0.0 0.0 0.0 0.0 0.0 0.0 -1.0 -1.0 -1.0 -1.0 -1.0 -1.0 -1.0 
2.0 2.0 2.0 2.0 2.0 2.0 2.0 2.0 2.0 0.0 0.0 0.0 0.0 0.0 0.0 0.0 0.0 0.0 0.0 -1.0 -1.0 -1.0 -1.0 -1.0 -1.0 
2.0 2.0 2.0 2.0 2.0 2.0 2.0 2.0 2.0 2.0 0.0 0.0 0.0 0.0 0.0 0.0 0.0 0.0 0.0 0.0 -1.0 -1.0 -1.0 -1.0 -1.0 
2.0 2.0 2.0 2.0 2.0 2.0 2.0 2.0 2.0 2.0 0.0 0.0 0.0 0.0 0.0 0.0 0.0 0.0 0.0 0.0 0.0 0.0 -1.0 -1.0 -1.0 
2.0 2.0 2.0 2.0 2.0 2.0 2.0 2.0 2.0 2.0 0.0 0.0 0.0 0.0 0.0 0.0 0.0 0.0 0.0 0.0 -2.0 -2.0 -2.0 -2.0 -2.0 
2.0 2.0 2.0 2.0 2.0 2.0 2.0 2.0 2.0 2.0 2.0 0.0 0.0 0.0 0.0 0.0 0.0 0.0 -2.0 -2.0 -2.0 -2.0 -2.0 -2.0 -2.0 
2.0 2.0 2.0 2.0 2.0 2.0 2.0 2.0 2.0 2.0 2.0 0.0 0.0 0.0 0.0 0.0 -2.0 -2.0 -2.0 -2.0 -2.0 -2.0 -2.0 -2.0 -2.0 
2.0 2.0 2.0 2.0 2.0 2.0 2.0 2.0 2.0 2.0 2.0 0.0 0.0 0.0 -2.0 -2.0 -2.0 -2.0 -2.0 -2.0 -2.0 -2.0 -2.0 -2.0 -2.0 
2.0 2.0 2.0 2.0 2.0 2.0 2.0 2.0 2.0 2.0 2.0 2.0 -2.0 -2.0 -2.0 -2.0 -2.0 -2.0 -2.0 -2.0 -2.0 -2.0 -2.0 -2.0 1.0 
2.0 2.0 2.0 2.0 2.0 2.0 2.0 2.0 2.0 2.0 2.0 2.0 -2.0 -2.0 -2.0 -2.0 -2.0 -2.0 -2.0 -2.0 -2.0 -2.0 -2.0 1.0 1.0 
2.0 2.0 2.0 2.0 2.0 2.0 2.0 2.0 2.0 2.0 2.0 -2.0 -2.0 -2.0 -2.0 -2.0 -2.0 -2.0 -2.0 -2.0 -2.0 1.0 1.0 1.0 1.0 
2.0 2.0 2.0 2.0 2.0 2.0 2.0 2.0 2.0 2.0 2.0 -2.0 -2.0 -2.0 -2.0 -2.0 -2.0 -2.0 -2.0 -2.0 1.0 1.0 1.0 1.0 1.0 
2.0 2.0 2.0 2.0 2.0 2.0 2.0 2.0 2.0 2.0 2.0 -2.0 -2.0 -2.0 -2.0 -2.0 -2.0 -2.0 -2.0 1.0 1.0 1.0 1.0 1.0 1.0 
2.0 2.0 2.0 2.0 2.0 2.0 2.0 2.0 2.0 2.0 -2.0 -2.0 -2.0 -2.0 -2.0 -2.0 -2.0 -2.0 1.0 1.0 1.0 1.0 1.0 1.0 1.0 
2.0 2.0 2.0 2.0 2.0 2.0 2.0 2.0 2.0 2.0 -2.0 -2.0 -2.0 -2.0 -2.0 -2.0 1.0 1.0 1.0 1.0 1.0 1.0 1.0 1.0 1.0 
2.0 2.0 2.0 2.0 2.0 2.0 2.0 2.0 2.0 2.0 -2.0 -2.0 -2.0 -2.0 -2.0 1.0 1.0 1.0 1.0 1.0 1.0 1.0 1.0 1.0 1.0 

-1.0 -1.0 -1.0 -1.0 -1.0 -2.0 -2.0 -2.0 -2.0 -2.0 -2.0 -2.0 -2.0 -2.0 -2.0 -2.0 -2.0 -2.0 -2.0 -2.0 -2.0 -2.0 -2.0 -2.0 -2.0 
-1.0 -1.0 -1.0 -1.0 -1.0 -1.0 -2.0 -2.0 -2.0 -2.0 -2.0 -2.0 -2.0 -2.0 -2.0 -2.0 -2.0 -2.0 -2.0 -2.0 -2.0 -2.0 -2.0 -2.0 -2.0 
-1.0 -1.0 -1.0 -1.0 -1.0 -1.0 1.0 1.0 -2.0 -2.0 -2.0 -2.0 -2.0 -2.0 -2.0 -2.0 -2.0 -2.0 -2.0 -2.0 -2.0 -2.0 -2.0 -2.0 -2.0 
-1.0 -1.0 -1.0 -1.0 -1.0 -1.0 -1.0 1.0 1.0 -2.0 -2.0 -2.0 -2.0 -2.0 -2.0 -2.0 -2.0 -2.0 -2.0 -2.0 -2.0 -2.0 -2.0 -2.0 -2.0 
-1.0 -1.0 -1.0 -1.0 -1.0 -1.0 -1.0 1.0 1.0 1.0 1.0 -2.0 -2.0 -2.0 -2.0 -2.0 -2.0 -2.0 -2.0 -2.0 -2.0 -2.0 -2.0 -2.0 -2.0 
-1.0 -1.0 -1.0 -1.0 -1.0 -1.0 -1.0 1.0 1.0 1.0 1.0 1.0 -2.0 -2.0 -2.0 -2.0 -2.0 -2.0 -2.0 -2.0 -2.0 -2.0 -2.0 -2.0 -2.0 
-1.0 -1.0 -1.0 -1.0 -1.0 -1.0 -1.0 -1.0 1.0 1.0 1.0 1.0 1.0 -2.0 -2.0 -2.0 -2.0 -2.0 -2.0 -2.0 -2.0 -2.0 -2.0 -2.0 -2.0 
-1.0 -1.0 -1.0 -1.0 -1.0 -1.0 -1.0 -1.0 1.0 1.0 1.0 1.0 1.0 1.0 1.0 -2.0 -2.0 -2.0 -2.0 -2.0 -2.0 -2.0 -2.0 -2.0 -2.0 
-1.0 -1.0 -1.0 -1.0 -1.0 -1.0 -1.0 -1.0 1.0 1.0 1.0 1.0 1.0 1.0 1.0 1.0 -2.0 -2.0 -2.0 -2.0 -2.0 -2.0 -2.0 -2.0 -2.0 
-1.0 -1.0 -1.0 -1.0 -1.0 -1.0 -1.0 -1.0 -1.0 1.0 1.0 1.0 1.0 1.0 1.0 1.0 1.0 1.0 -2.0 -2.0 -2.0 -2.0 -2.0 -2.0 -2.0 
-1.0 -1.0 -1.0 -1.0 -1.0 -1.0 -1.0 -1.0 -1.0 1.0 1.0 1.0 1.0 1.0 1.0 1.0 1.0 1.0 1.0 -2.0 -2.0 -2.0 -2.0 -2.0 -2.0 
-1.0 -1.0 -1.0 -1.0 -1.0 -1.0 -1.0 -1.0 -1.0 -1.0 1.0 1.0 1.0 1.0 1.0 1.0 1.0 1.0 1.0 1.0 -2.0 -2.0 -2.0 -2.0 -2.0 
-1.0 -1.0 -1.0 -1.0 -1.0 -1.0 -1.0 -1.0 -1.0 -1.0 1.0 1.0 1.0 1.0 1.0 1.0 1.0 1.0 1.0 1.0 1.0 1.0 -2.0 -2.0 -2.0 
-1.0 -1.0 -1.0 -1.0 -1.0 -1.0 -1.0 -1.0 -1.0 -1.0 1.0 1.0 1.0 1.0 1.0 1.0 1.0 1.0 1.0 1.0 0.0 0.0 0.0 0.0 0.0 
-1.0 -1.0 -1.0 -1.0 -1.0 -1.0 -1.0 -1.0 -1.0 -1.0 -1.0 1.0 1.0 1.0 1.0 1.0 1.0 1.0 0.0 0.0 0.0 0.0 0.0 0.0 0.0 
-1.0 -1.0 -1.0 -1.0 -1.0 -1.0 -1.0 -1.0 -1.0 -1.0 -1.0 1.0 1.0 1.0 1.0 1.0 0.0 0.0 0.0 0.0 0.0 0.0 0.0 0.0 0.0 
-1.0 -1.0 -1.0 -1.0 -1.0 -1.0 -1.0 -1.0 -1.0 -1.0 -1.0 1.0 1.0 1.0 0.0 0.0 0.0 0.0 0.0 0.0 0.0 0.0 0.0 0.0 0.0 
-1.0 -1.0 -1.0 -1.0 -1.0 -1.0 -1.0 -1.0 -1.0 -1.0 -1.0 -1.0 0.0 0.0 0.0 0.0 0.0 0.0 0.0 0.0 0.0 0.0 0.0 0.0 2.0 
-1.0 -1.0 -1.0 -1.0 -1.0 -1.0 -1.0 -1.0 -1.0 -1.0 -1.0 -1.0 0.0 0.0 0.0 0.0 0.0 0.0 0.0 0.0 0.0 0.0 0.0 2.0 2.0 
-1.0 -1.0 -1.0 -1.0 -1.0 -1.0 -1.0 -1.0 -1.0 -1.0 -1.0 0.0 0.0 0.0 0.0 0.0 0.0 0.0 0.0 0.0 0.0 2.0 2.0 2.0 2.0 
-1.0 -1.0 -1.0 -1.0 -1.0 -1.0 -1.0 -1.0 -1.0 -1.0 -1.0 0.0 0.0 0.0 0.0 0.0 0.0 0.0 0.0 0.0 2.0 2.0 2.0 2.0 2.0 
-1.0 -1.0 -1.0 -1.0 -1.0 -1.0 -1.0 -1.0 -1.0 -1.0 -1.0 0.0 0.0 0.0 0.0 0.0 0.0 0.0 0.0 2.0 2.0 2.0 2.0 2.0 2.0 
-1.0 -1.0 -1.0 -1.0 -1.0 -1.0 -1.0 -1.0 -1.0 -1.0 0.0 0.0 0.0 0.0 0.0 0.0 0.0 0.0 2.0 2.0 2.0 2.0 2.0 2.0 2.0 
-1.0 -1.0 -1.0 -1.0 -1.0 -1.0 -1.0 -1.0 -1.0 -1.0 0.0 0.0 0.0 0.0 0.0 0.0 2.0 2.0 2.0 2.0 2.0 2.0 2.0 2.0 2.0 
-1.0 -1.0 -1.0 -1.0 -1.0 -1.0 -1.0 -1.0 -1.0 -1.0 0.0 0.0 0.0 0.0 0.0 2.0 2.0 2.0 2.0 2.0 2.0 2.0 2.0 2.0 2.0 

