0.884044 0.050287 0.437375 0.559222 0.633134 0.492775 0.943996 0.642112 0.376245 0.180687 0.659442 0.668321 0.764485 0.220470 0.039516 0.110909 0.526664 0.218523 0.656940 0.739561 0.918324 0.197698 0.520338 0.650328 0.814461 
0.581876 0.281848 0.215387 0.635003 0.554416 0.088712 0.674720 0.448759 0.374990 0.671042 0.526054 0.411464 0.884771 0.628772 0.645572 0.007951 0.836447 0.995817 0.303608 0.450377 0.269435 0.526237 0.042152 0.990781 0.813608 
0.493697 0.188980 0.295231 0.321650 0.771107 0.093939 0.996621 0.067429 0.077681 0.997033 0.530118 0.976618 0.821621 0.494238 0.224373 0.859190 0.455663 0.276958 0.365781 0.494570 0.657660 0.806553 0.781097 0.952906 0.808325 
0.236621 0.873948 0.427985 0.396025 0.340093 0.763957 0.687008 0.603750 0.516435 0.355049 0.906807 0.594934 0.071952 0.664585 0.054817 0.655188 0.411881 0.826058 0.476056 0.589977 0.318272 0.376538 0.875891 0.632102 0.917524 
0.005847 0.470322 0.258260 0.165706 0.544746 0.142367 0.502636 0.749847 0.505502 0.578164 0.234029 0.864072 0.896902 0.841829 0.056958 0.048775 0.542520 0.280592 0.488154 0.616212 0.245883 0.501396 0.547150 0.588039 0.857113 
0.738929 0.633661 0.611368 0.020472 0.409032 0.591716 0.972798 0.221913 0.414479 0.046080 0.847002 0.953978 0.015535 0.011953 0.727901 0.669850 0.281376 0.670419 0.683917 0.857286 0.873983 0.735491 0.042279 0.844901 0.058722 
0.074807 0.323618 0.838802 0.649897 0.379179 0.547693 0.622816 0.280280 0.905099 0.475569 0.023639 0.676747 0.124106 0.799885 0.936603 0.296684 0.975548 0.528684 0.924799 0.839060 0.991675 0.461776 0.281082 0.126720 0.779114 
0.424103 0.860504 0.614167 0.253491 0.226700 0.879472 0.840715 0.823179 0.715438 0.462139 0.480230 0.890388 0.380246 0.519963 0.508110 0.018420 0.573592 0.714053 0.996301 0.754761 0.594986 0.950138 0.643984 0.412145 0.176877 
0.561397 0.948982 0.613593 0.494030 0.611409 0.931399 0.424116 0.608322 0.297182 0.751604 0.499500 0.182338 0.516633 0.973433 0.286704 0.206048 0.586007 0.306629 0.394102 0.594992 0.333443 0.952760 0.558903 0.727150 0.114318 
0.664857 0.264851 0.843771 0.667789 0.227694 0.581325 0.914727 0.566146 0.811048 0.659860 0.831677 0.949594 0.333278 0.365289 0.155421 0.933845 0.307454 0.513124 0.323983 0.705087 0.805440 0.507844 0.230994 0.092513 0.833873 
0.162149 0.412637 0.897589 0.424778 0.952570 0.422450 0.153467 0.597696 0.954940 0.643263 0.038472 0.086384 0.284145 0.147502 0.049211 0.598150 0.822821 0.715835 0.152078 0.898801 0.231172 0.876152 0.890751 0.461171 0.291307 
0.226029 0.315842 0.150080 0.149616 0.301200 0.233202 0.080475 0.883181 0.485935 0.144539 0.096976 0.611029 0.719342 0.815092 0.593205 0.448631 0.799368 0.979696 0.457549 0.272621 0.043334 0.889188 0.739648 0.566769 0.893576 
0.694247 0.297303 0.342814 0.013244 0.379686 0.224402 0.274351 0.971781 0.595496 0.490072 0.341608 0.739440 0.842058 0.231728 0.120781 0.953853 0.270028 0.145816 0.456851 0.840787 0.880474 0.039009 0.469150 0.511403 0.586601 
0.789150 0.627979 0.783101 0.104624 0.352829 0.799445 0.413067 0.979698 0.923934 0.033956 0.737050 0.868868 0.166004 0.367567 0.607342 0.446579 0.610453 0.002717 0.836851 0.203968 0.349017 0.441137 0.950367 0.225662 0.861843 
0.869554 0.022039 0.299643 0.072932 0.672705 0.498573 0.433985 0.602450 0.314078 0.960291 0.849210 0.786931 0.149546 0.878903 0.936411 0.529654 0.694852 0.460305 0.635691 0.614123 0.414039 0.212365 0.725220 0.963566 0.029306 
0.489407 0.928100 0.210063 0.062244 0.665669 0.505692 0.706379 0.158260 0.999746 0.899612 0.178159 0.832307 0.409357 0.806007 0.560682 0.647538 0.729996 0.972494 0.061468 0.853097 0.584280 0.880352 0.375086 0.184734 0.307047 
0.276718 0.189019 0.054282 0.217265 0.210082 0.619885 0.862554 0.609295 0.081931 0.374912 0.721936 0.323161 0.800447 0.017798 0.001669 0.067799 0.915940 0.775997 0.279589 0.417850 0.391119 0.712911 0.615526 0.045160 0.493128 
0.528861 0.706956 0.948717 0.443324 0.543448 0.904543 0.345602 0.820016 0.886850 0.413720 0.604093 0.446716 0.801585 0.866748 0.287962 0.202562 0.307719 0.578299 0.364248 0.105776 0.561962 0.887980 0.417884 0.828586 0.584810 
0.202265 0.563018 0.176923 0.242334 0.285628 0.882767 0.097754 0.496524 0.782416 0.053202 0.446002 0.052719 0.902436 0.070132 0.444939 0.348585 0.140459 0.129780 0.645123 0.565915 0.692295 0.947086 0.748029 0.301641 0.120932 
0.898979 0.504577 0.692086 0.286164 0.147723 0.317854 0.026345 0.589188 0.849529 0.967990 0.576390 0.429250 0.618447 0.852159 0.950864 0.518437 0.541494 0.362750 0.573156 0.166810 0.705943 0.383215 0.325305 0.230171 0.393723 
0.860089 0.375656 0.192649 0.957779 0.069892 0.239864 0.289837 0.667133 0.090906 0.063783 0.239415 0.464867 0.718816 0.680967 0.747781 0.121712 0.579579 0.127987 0.995519 0.356114 0.959108 0.721714 0.522637 0.485084 0.500036 
0.437221 0.082061 0.758868 0.248441 0.793761 0.801998 0.972739 0.538170 0.530800 0.203145 0.382292 0.924350 0.550410 0.741239 0.944067 0.130302 0.743759 0.441988 0.268980 0.741165 0.555402 0.054358 0.625591 0.586698 0.699438 
0.880802 0.948853 0.210994 0.994600 0.953321 0.453076 0.740789 0.206655 0.770869 0.686547 0.042442 0.359419 0.792059 0.117819 0.928404 0.452547 0.870309 0.211152 0.028687 0.774171 0.252573 0.113907 0.047043 0.817714 0.761874 
0.481080 0.006379 0.342017 0.960806 0.462895 0.549105 0.689939 0.636280 0.283938 0.075429 0.264596 0.098285 0.147015 0.354168 0.106174 0.097841 0.720133 0.011496 0.793857 0.916656 0.314273 0.816473 0.923534 0.579953 0.674284 
0.883599 0.529429 0.835186 0.844786 0.303964 0.316209 0.222317 0.372824 0.988808 0.353487 0.864428 0.069008 0.426742 0.277373 0.106854 0.261243 0.728957 0.118509 0.969402 0.980310 0.032261 0.065931 0.647804 0.718586 0.212639 

0.861738 0.402195 0.294830 0.133375 0.355776 0.828625 0.019561 0.825478 0.857029 0.595262 0.498819 0.373233 0.244948 0.456254 0.315274 0.849661 0.203972 0.804524 0.823530 0.819136 0.912863 0.483014 0.109596 0.133374 0.872882 
0.749830 0.813279 0.137650 0.520412 0.335183 0.638518 0.614168 0.370039 0.169237 0.179759 0.231323 0.554588 0.391759 0.316252 0.581163 0.152665 0.332763 0.646565 0.241237 0.294623 0.657679 0.672389 0.557848 0.180505 0.174720 
0.057510 0.864991 0.557914 0.723505 0.046419 0.064734 0.383598 0.744891 0.197729 0.660631 0.500220 0.470775 0.582905 0.827164 0.574797 0.553378 0.973090 0.876303 0.296368 0.474300 0.370860 0.306134 0.850542 0.100373 0.032093 
0.368630 0.918283 0.142684 0.900948 0.968803 0.945097 0.563381 0.372217 0.753035 0.879005 0.204294 0.488603 0.705862 0.018310 0.011362 0.464376 0.630273 0.829183 0.460110 0.676935 0.705350 0.716015 0.088250 0.497032 0.499737 
0.806781 0.865234 0.508756 0.827780 0.761685 0.038982 0.042708 0.198679 0.163383 0.337481 0.073260 0.278155 0.369627 0.023038 0.334993 0.025743 0.354645 0.745897 0.623964 0.104314 0.969680 0.159072 0.268316 0.094111 0.568928 
0.767347 0.443407 0.331279 0.431091 0.103185 0.863699 0.740533 0.973709 0.716202 0.018895 0.380239 0.374972 0.447598 0.221624 0.486290 0.577090 0.783584 0.641359 0.920502 0.445375 0.624298 0.510857 0.419382 0.178624 0.046479 
0.481847 0.411303 0.540130 0.128496 0.664657 0.605386 0.811442 0.443939 0.358424 0.170618 0.288005 0.658742 0.920297 0.407879 0.055891 0.992792 0.283797 0.910903 0.153930 0.184081 0.352291 0.108523 0.272772 0.229524 0.325846 
0.031318 0.631930 0.744831 0.633696 0.749846 0.743718 0.967571 0.417759 0.117649 0.500813 0.440196 0.098928 0.547776 0.082971 0.298488 0.815332 0.213944 0.772922 0.739282 0.213161 0.140535 0.989588 0.050322 0.181273 0.573585 
0.961798 0.322079 0.553489 0.080391 0.147450 0.707495 0.756397 0.781692 0.032852 0.113123 0.930717 0.797263 0.740034 0.501500 0.921650 0.131091 0.986844 0.292811 0.320821 0.759427 0.556072 0.726038 0.474776 0.562988 0.664877 
0.212715 0.034820 0.142569 0.993988 0.107916 0.040253 0.548906 0.962880 0.907248 0.566775 0.820039 0.978278 0.115590 0.503183 0.200712 0.925468 0.612163 0.187609 0.848653 0.297078 0.085273 0.067128 0.619736 0.913019 0.348220 
0.368113 0.502565 0.054138 0.009194 0.466546 0.836821 0.408424 0.581190 0.467530 0.129156 0.190671 0.460208 0.872423 0.271051 0.900408 0.051574 0.567141 0.194510 0.320240 0.937168 0.980369 0.986220 0.163721 0.885172 0.424812 
0.210630 0.381284 0.261242 0.313273 0.130122 0.269018 0.727575 0.750665 0.747694 0.679136 0.495208 0.473730 0.221000 0.866471 0.302513 0.231226 0.143320 0.172421 0.130794 0.101816 0.917328 0.200636 0.358274 0.414623 0.626059 
0.886370 0.233948 0.160143 0.072395 0.908423 0.395272 0.878743 0.837155 0.964558 0.041056 0.901446 0.423617 0.425861 0.321543 0.207362 0.504314 0.027719 0.817091 0.733889 0.340188 0.285168 0.531898 0.476181 0.564038 0.971515 
0.619498 0.766194 0.350814 0.499432 0.525685 0.805377 0.289720 0.788143 0.051273 0.603043 0.789006 0.849295 0.679708 0.560245 0.611852 0.419650 0.772199 0.566113 0.077639 0.958471 0.424500 0.204941 0.274976 0.793961 0.818937 
0.101905 0.021332 0.808042 0.957903 0.938598 0.387906 0.443652 0.209033 0.552566 0.993313 0.273824 0.136548 0.527523 0.693237 0.903738 0.069425 0.721159 0.584115 0.554360 0.113714 0.479306 0.449703 0.336237 0.503534 0.332634 
0.727212 0.213383 0.263143 0.264628 0.473509 0.599684 0.647739 0.376861 0.876437 0.389025 0.765792 0.861339 0.579330 0.711272 0.073376 0.387721 0.577792 0.750304 0.974466 0.407898 0.825440 0.326243 0.169410 0.216997 0.684836 
0.711190 0.469871 0.508996 0.528117 0.827295 0.499553 0.459117 0.097338 0.453947 0.430248 0.487356 0.473837 0.265999 0.687820 0.258091 0.318110 0.228729 0.953053 0.337681 0.719475 0.320185 0.748191 0.656558 0.211478 0.215165 
0.710907 0.163898 0.309613 0.814634 0.054401 0.011622 0.053676 0.271860 0.435032 0.181414 0.779475 0.568279 0.447244 0.584924 0.095691 0.075095 0.501376 0.152697 0.346005 0.034414 0.440749 0.402127 0.117389 0.439330 0.688362 
0.607448 0.428312 0.088556 0.328753 0.343015 0.347821 0.536667 0.210041 0.753561 0.834972 0.629459 0.339190 0.071629 0.387776 0.866394 0.287191 0.831736 0.748509 0.664163 0.518977 0.046496 0.756497 0.665798 0.999176 0.410156 
0.438245 0.720850 0.499536 0.412138 0.731966 0.380153 0.323815 0.942288 0.341520 0.731305 0.621675 0.070564 0.500119 0.450493 0.330779 0.742406 0.039879 0.340164 0.493277 0.952229 0.440968 0.380126 0.873737 0.859936 0.851269 
0.946128 0.808966 0.616290 0.636606 0.187367 0.921733 0.833045 0.135426 0.581122 0.326838 0.842181 0.654587 0.670508 0.252432 0.438811 0.815744 0.343345 0.145463 0.184347 0.403503 0.269723 0.501488 0.965595 0.867562 0.681952 
0.047423 0.840319 0.521540 0.547901 0.867415 0.896072 0.662642 0.819284 0.980462 0.534191 0.380461 0.791909 0.067585 0.212533 0.998521 0.864086 0.811674 0.835752 0.630727 0.996933 0.250302 0.523616 0.395732 0.377234 0.970283 
0.063270 0.442528 0.340988 0.325128 0.794452 0.236564 0.495900 0.200434 0.109464 0.810155 0.820067 0.416365 0.727398 0.330923 0.832794 0.264880 0.725366 0.638552 0.221791 0.608669 0.803370 0.561258 0.169196 0.206701 0.635537 
0.981865 0.829915 0.990482 0.538143 0.293440 0.848092 0.220234 0.149124 0.876658 0.702288 0.204699 0.303292 0.325741 0.126248 0.044168 0.562257 0.123929 0.613017 0.670838 0.258320 0.671799 0.794745 0.259411 0.922550 0.798462 
0.006964 0.154810 0.668846 0.356916 0.408845 0.726449 0.963297 0.369323 0.307463 0.856994 0.897897 0.135852 0.227994 0.449689 0.077733 0.334686 0.960186 0.609320 0.609146 0.011805 0.446330 0.893757 0.461940 0.815738 0.610865 

-2.309767 -0.792132 -1.176121 -0.645147 -1.685188 -2.093444 -1.103360 -2.355464 -2.169690 -1.621694 -1.949827 -1.297198 -1.308384 -0.767835 -0.593050 -1.707344 -0.580392 -1.762089 1.825701 1.523658 1.969190 1.071419 0.359584 0.571516 1.702901 
-1.894129 -1.598105 -0.505225 -1.480942 -1.273106 -1.339711 -1.803320 -1.367952 -0.862409 -1.007279 -1.072449 -1.789227 -1.638044 -1.272456 -2.049210 -0.313492 -1.663072 -2.130877 0.707439 0.411963 1.143539 1.710668 1.061168 0.773103 0.535365 
-0.539976 -2.071915 -1.800389 -1.965493 -0.887715 -0.381257 -1.509962 -1.785832 -0.418259 -2.162915 -1.398063 -2.055270 -2.342768 -2.440044 -1.716225 -1.928410 -2.435121 -2.121673 0.361799 1.234058 0.790825 0.411810 1.731780 -0.152202 -0.096125 
-1.135014 -2.652737 -0.738537 -2.707570 -2.369415 -2.480576 -1.842209 -1.462860 -1.840225 -1.871633 -1.290283 -1.452198 -1.552054 -0.789775 -0.248175 -1.519461 -1.498920 -2.243787 0.714967 1.133689 1.654315 1.564697 0.064404 1.147178 1.005541 
-1.947772 -1.661812 -1.004146 -2.081828 -2.151375 -0.229511 -0.601840 -1.385439 -0.945951 -1.224193 -0.170232 -1.396470 -1.357641 -0.724207 -1.017176 0.156681 -1.103976 -1.984594 1.248704 0.457660 1.877143 0.505102 0.381711 0.117806 1.266769 
-2.246662 -1.562323 -1.246644 -0.925625 -0.548183 -2.650116 -2.383192 -1.938307 -1.846491 -0.067398 -1.687129 -1.915770 -0.655005 -0.025585 -1.726654 -1.804838 -1.968530 -2.024540 1.921421 0.929814 1.249283 1.214907 0.852522 0.241776 -0.151640 
-0.004369 -0.039140 0.418822 0.586154 0.015566 0.261428 -0.260911 -0.192375 0.612390 0.387333 -0.247496 0.412022 -0.941193 0.304162 0.819988 -0.752800 0.746288 -0.157773 0.140730 0.405131 0.773306 0.559073 0.741159 0.456358 0.465119 
0.292574 0.224438 -0.345316 -0.271616 -0.361688 0.083160 -0.090060 0.437784 0.988190 -0.076708 -0.205553 0.831717 0.004336 0.458374 -0.015577 -0.824707 0.700533 -0.181774 0.032037 0.303720 0.295179 1.705176 0.127403 0.428520 1.067704 
-0.351933 0.905383 0.277058 0.104503 0.190983 0.630112 -0.492494 -0.537427 0.498535 0.389174 -0.566492 -0.753958 0.021348 0.509544 -0.719422 0.138550 -0.229197 -0.283927 0.083183 1.479436 1.232049 1.752065 1.073518 1.442171 1.254380 
0.404621 0.156683 0.736204 -0.482381 -0.041934 0.145796 0.275954 -0.623682 0.075536 0.028849 0.153016 0.041316 0.274010 -0.118002 0.020083 0.094201 -0.458765 0.198195 -0.521093 0.707095 0.329589 0.198543 1.342156 1.651702 0.476951 
0.715934 -0.150748 0.680907 0.425960 0.470955 -0.442388 -0.201587 0.173433 0.340324 0.498703 -0.134541 -0.635759 -0.628222 -0.435582 -0.379897 0.424847 0.464500 0.637020 -0.101536 1.666006 2.070144 2.394012 0.115630 1.944010 0.612182 
0.529207 1.312803 -0.070807 -0.402488 -0.173720 -0.218028 -0.638720 0.327496 -0.417251 -0.264878 -0.375621 0.262657 0.695390 -0.010171 0.068683 0.284122 0.374648 0.616614 0.591044 0.476493 2.192334 0.505210 0.738301 0.752904 1.358606 
2.329098 0.858602 -0.476830 0.112442 -0.510472 -0.480685 -0.616192 0.348327 -0.679747 0.692997 -0.227164 0.097673 0.206871 -0.109812 0.417404 0.468094 0.054749 -0.721010 -0.650576 0.686983 0.527087 0.907753 1.090061 1.262896 2.129160 
2.378199 2.043277 -1.628832 0.291288 -0.745962 -1.845197 -0.709566 -1.804518 -2.141548 -0.349589 0.191076 0.171407 -0.687792 0.019342 -0.063526 -0.213965 -0.000086 -0.415947 0.816974 -0.847748 0.805803 0.498296 0.499280 1.482227 1.986767 
1.695227 -0.015344 -0.710864 -0.223302 -1.328425 -1.029773 -0.835177 -1.186102 -0.733366 -1.785105 -1.580516 -1.639965 -0.352601 0.206170 0.139919 0.264214 0.061218 -0.154328 0.159643 0.866599 0.797683 0.654403 0.471899 1.051215 0.263265 
1.743543 2.151252 0.383179 -0.421977 -1.168121 -0.867108 -1.673573 -0.341553 -1.801964 -1.728040 -0.574555 -1.798031 -0.691851 -1.653922 -0.882654 0.085067 -0.079669 0.611902 -0.808743 0.478346 1.947209 0.308065 0.139856 0.395773 1.136968 
1.314412 0.939735 0.754806 -0.523282 -0.504236 -1.284613 -1.877895 -1.562779 -0.192050 -0.474373 -1.231903 -0.502292 -1.451454 -0.320620 0.326991 -0.299192 -1.685691 -0.139652 -0.137439 -0.152915 0.269090 1.783252 1.061583 0.258448 0.160481 
1.890769 1.751638 2.135217 -0.821866 -1.018585 -2.080575 -0.440397 -1.516685 -1.773675 -0.598358 -1.098954 -1.388754 -1.408908 -1.619740 -0.723071 -0.656019 -0.821058 -0.918733 -0.624027 0.097302 0.003301 0.798327 0.040858 0.737184 1.530297 
0.778343 1.669416 0.654935 -0.444231 -0.699218 -2.207976 -0.279759 -1.038020 -1.598789 0.263317 -0.599627 -0.156047 -1.624179 -0.021469 -0.802131 -0.812042 -0.419022 -0.451383 -1.228625 -1.356404 -1.284641 -2.006655 1.531701 2.116718 0.696107 
2.034719 1.347389 1.973347 -0.288256 -0.039264 -0.683208 0.293747 -0.992858 -1.602043 -2.143207 -1.088760 -0.918103 -1.497416 -1.896848 -1.911510 -1.047312 -1.204182 -0.839507 -1.292359 -0.200072 -1.512249 -0.843474 -0.400381 1.654479 1.522051 
2.942715 1.617177 1.188255 -2.026679 -0.142343 -0.282331 -0.529262 -1.226731 -0.597430 -0.213680 -0.465207 -1.011081 -1.055416 -1.533792 -1.453652 -0.201957 -0.715861 -0.211605 -2.060840 -0.665250 -1.907202 -1.081308 -1.077365 -1.372944 1.735206 
0.906733 1.663595 2.009112 1.226016 -1.451777 -1.471312 -1.706517 -1.106024 -1.024806 -0.239269 -0.442751 -2.000136 -1.152809 -1.398271 -1.881749 -0.309257 -1.562743 -0.861880 -0.530946 -1.338818 -1.138344 -0.275043 -1.746224 -0.973280 1.582878 
1.594266 2.515050 0.444197 2.082063 -1.840584 -0.742027 -1.604003 -0.712013 -1.543873 -1.594950 -0.125571 -1.095129 -1.587935 0.060128 -1.774992 -0.817514 -1.563454 -0.812873 -0.072934 -1.830226 -0.788304 0.040178 -0.093263 -1.932355 -1.606626 
2.036554 0.776197 1.774134 2.328699 -0.646663 -1.366919 -1.058771 -1.475025 -0.501027 -0.533081 -0.386968 0.010875 -0.118731 -0.639570 0.097197 -0.192015 -1.427361 0.073816 -1.930666 -2.017234 -0.759574 -1.810333 -1.960246 -1.164758 -1.321388 
1.849872 1.309370 2.550706 2.060875 -0.720421 -0.620678 -0.656892 -0.724718 -2.209502 -0.788374 -1.559190 0.080172 -0.782331 -0.501516 -0.014576 -0.302804 -1.528320 -0.588214 -1.823248 -2.027911 0.140848 0.018842 -1.783428 -1.096193 -0.262153 

0 0 0 0 0 0 0 0 0 0 0 0 0 0 0 0 0 0 1 1 1 1 1 1 1 
0 0 0 0 0 0 0 0 0 0 0 0 0 0 0 0 0 0 1 1 1 1 1 1 1 
0 0 0 0 0 0 0 0 0 0 0 0 0 0 0 0 0 0 1 1 1 1 1 1 1 
0 0 0 0 0 0 0 0 0 0 0 0 0 0 0 0 0 0 1 1 1 1 1 1 1 
0 0 0 0 0 0 0 0 0 0 0 0 0 0 0 0 0 0 1 1 1 1 1 1 1 
0 0 0 0 0 0 0 0 0 0 0 0 0 0 0 0 0 0 1 1 1 1 1 1 1 
4 4 4 4 4 4 4 4 4 4 4 4 4 4 4 4 4 4 1 1 1 1 1 1 1 
4 4 4 4 4 4 4 4 4 4 4 4 4 4 4 4 4 4 4 1 1 1 1 1 1 
4 4 4 4 4 4 4 4 4 4 4 4 4 4 4 4 4 4 4 1 1 1 1 1 1 
4 4 4 4 4 4 4 4 4 4 4 4 4 4 4 4 4 4 4 1 1 1 1 1 1 
3 4 4 4 4 4 4 4 4 4 4 4 4 4 4 4 4 4 4 1 1 1 1 1 1 
3 3 2 4 4 4 4 4 4 4 4 4 4 4 4 4 4 4 4 1 1 1 1 1 1 
3 3 2 2 2 2 4 4 4 4 4 4 4 4 4 4 4 4 4 4 1 1 1 1 1 
3 3 2 2 2 2 2 2 2 4 4 4 4 4 4 4 4 4 4 4 1 1 1 1 1 
3 3 2 2 2 2 2 2 2 2 2 2 4 4 4 4 4 4 4 4 1 1 1 1 1 
3 3 3 2 2 2 2 2 2 2 2 2 2 2 2 4 4 4 4 4 1 1 1 1 1 
3 3 3 2 2 2 2 2 2 2 2 2 2 2 2 2 2 4 4 4 4 1 1 1 1 
3 3 3 2 2 2 2 2 2 2 2 2 2 2 2 2 2 2 2 2 4 1 1 1 1 
3 3 3 2 2 2 2 2 2 2 2 2 2 2 2 2 2 2 2 2 2 2 1 1 1 
3 3 3 2 2 2 2 2 2 2 2 2 2 2 2 2 2 2 2 2 2 2 2 1 1 
3 3 3 2 2 2 2 2 2 2 2 2 2 2 2 2 2 2 2 2 2 2 2 2 1 
3 3 3 3 2 2 2 2 2 2 2 2 2 2 2 2 2 2 2 2 2 2 2 2 1 
3 3 3 3 2 2 2 2 2 2 2 2 2 2 2 2 2 2 2 2 2 2 2 2 2 
3 3 3 3 2 2 2 2 2 2 2 2 2 2 2 2 2 2 2 2 2 2 2 2 2 
3 3 3 3 2 2 2 2 2 2 2 2 2 2 2 2 2 2 2 2 2 2 2 2 2 

-1.0 -1.0 -1.0 -1.0 -1.0 -1.0 -1.0 -1.0 -1.0 -1.0 -1.0 -1.0 -1.0 -1.0 -1.0 -1.0 -1.0 -1.0 0.0 0.0 0.0 0.0 0.0 0.0 0.0 
-1.0 -1.0 -1.0 -1.0 -1.0 -1.0 -1.0 -1.0 -1.0 -1.0 -1.0 -1.0 -1.0 -1.0 -1.0 -1.0 -1.0 -1.0 0.0 0.0 0.0 0.0 0.0 0.0 0.0 
-1.0 -1.0 -1.0 -1.0 -1.0 -1.0 -1.0 -1.0 -1.0 -1.0 -1.0 -1.0 -1.0 -1.0 -1.0 -1.0 -1.0 -1.0 0.0 0.0 0.0 0.0 0.0 0.0 0.0 
-1.0 -1.0 -1.0 -1.0 -1.0 -1.0 -1.0 -1.0 -1.0 -1.0 -1.0 -1.0 -1.0 -1.0 -1.0 -1.0 -1.0 -1.0 0.0 0.0 0.0 0.0 0.0 0.0 0.0 
-1.0 -1.0 -1.0 -1.0 -1.0 -1.0 -1.0 -1.0 -1.0 -1.0 -1.0 -1.0 -1.0 -1.0 -1.0 -1.0 -1.0 -1.0 0.0 0.0 0.0 0.0 0.0 0.0 0.0 
-1.0 -1.0 -1.0 -1.0 -1.0 -1.0 -1.0 -1.0 -1.0 -1.0 -1.0 -1.0 -1.0 -1.0 -1.0 -1.0 -1.0 -1.0 0.0 0.0 0.0 0.0 0.0 0.0 0.0 
1.0 1.0 1.0 1.0 1.0 1.0 1.0 1.0 1.0 1.0 1.0 1.0 1.0 1.0 1.0 1.0 1.0 1.0 0.0 0.0 0.0 0.0 0.0 0.0 0.0 
1.0 1.0 1.0 1.0 1.0 1.0 1.0 1.0 1.0 1.0 1.0 1.0 1.0 1.0 1.0 1.0 1.0 1.0 1.0 0.0 0.0 0.0 0.0 0.0 0.0 
1.0 1.0 1.0 1.0 1.0 1.0 1.0 1.0 1.0 1.0 1.0 1.0 1.0 1.0 1.0 1.0 1.0 1.0 1.0 0.0 0.0 0.0 0.0 0.0 0.0 
1.0 1.0 1.0 1.0 1.0 1.0 1.0 1.0 1.0 1.0 1.0 1.0 1.0 1.0 1.0 1.0 1.0 1.0 1.0 0.0 0.0 0.0 0.0 0.0 0.0 
2.0 1.0 1.0 1.0 1.0 1.0 1.0 1.0 1.0 1.0 1.0 1.0 1.0 1.0 1.0 1.0 1.0 1.0 1.0 0.0 0.0 0.0 0.0 0.0 0.0 
2.0 2.0 -2.0 1.0 1.0 1.0 1.0 1.0 1.0 1.0 1.0 1.0 1.0 1.0 1.0 1.0 1.0 1.0 1.0 0.0 0.0 0.0 0.0 0.0 0.0 
2.0 2.0 -2.0 -2.0 -2.0 -2.0 1.0 1.0 1.0 1.0 1.0 1.0 1.0 1.0 1.0 1.0 1.0 1.0 1.0 1.0 0.0 0.0 0.0 0.0 0.0 
2.0 2.0 -2.0 -2.0 -2.0 -2.0 -2.0 -2.0 -2.0 1.0 1.0 1.0 1.0 1.0 1.0 1.0 1.0 1.0 1.0 1.0 0.0 0.0 0.0 0.0 0.0 
2.0 2.0 -2.0 -2.0 -2.0 -2.0 -2.0 -2.0 -2.0 -2.0 -2.0 -2.0 1.0 1.0 1.0 1.0 1.0 1.0 1.0 1.0 0.0 0.0 0.0 0.0 0.0 
2.0 2.0 2.0 -2.0 -2.0 -2.0 -2.0 -2.0 -2.0 -2.0 -2.0 -2.0 -2.0 -2.0 -2.0 1.0 1.0 1.0 1.0 1.0 0.0 0.0 0.0 0.0 0.0 
2.0 2.0 2.0 -2.0 -2.0 -2.0 -2.0 -2.0 -2.0 -2.0 -2.0 -2.0 -2.0 -2.0 -2.0 -2.0 -2.0 1.0 1.0 1.0 1.0 0.0 0.0 0.0 0.0 
2.0 2.0 2.0 -2.0 -2.0 -2.0 -2.0 -2.0 -2.0 -2.0 -2.0 -2.0 -2.0 -2.0 -2.0 -2.0 -2.0 -2.0 -2.0 -2.0 1.0 0.0 0.0 0.0 0.0 
2.0 2.0 2.0 -2.0 -2.0 -2.0 -2.0 -2.0 -2.0 -2.0 -2.0 -2.0 -2.0 -2.0 -2.0 -2.0 -2.0 -2.0 -2.0 -2.0 -2.0 -2.0 0.0 0.0 0.0 
2.0 2.0 2.0 -2.0 -2.0 -2.0 -2.0 -2.0 -2.0 -2.0 -2.0 -2.0 -2.0 -2.0 -2.0 -2.0 -2.0 -2.0 -2.0 -2.0 -2.0 -2.0 -2.0 0.0 0.0 
2.0 2.0 2.0 -2.0 -2.0 -2.0 -2.0 -2.0 -2.0 -2.0 -2.0 -2.0 -2.0 -2.0 -2.0 -2.0 -2.0 -2.0 -2.0 -2.0 -2.0 -2.0 -2.0 -2.0 0.0 
2.0 2.0 2.0 2.0 -2.0 -2.0 -2.0 -2.0 -2.0 -2.0 -2.0 -2.0 -2.0 -2.0 -2.0 -2.0 -2.0 -2.0 -2.0 -2.0 -2.0 -2.0 -2.0 -2.0 0.0 
2.0 2.0 2.0 2.0 -2.0 -2.0 -2.0 -2.0 -2.0 -2.0 -2.0 -2.0 -2.0 -2.0 -2.0 -2.0 -2.0 -2.0 -2.0 -2.0 -2.0 -2.0 -2.0 -2.0 -2.0 
2.0 2.0 2.0 2.0 -2.0 -2.0 -2.0 -2.0 -2.0 -2.0 -2.0 -2.0 -2.0 -2.0 -2.0 -2.0 -2.0 -2.0 -2.0 -2.0 -2.0 -2.0 -2.0 -2.0 -2.0 
2.0 2.0 2.0 2.0 -2.0 -2.0 -2.0 -2.0 -2.0 -2.0 -2.0 -2.0 -2.0 -2.0 -2.0 -2.0 -2.0 -2.0 -2.0 -2.0 -2.0 -2.0 -2.0 -2.0 -2.0 

-2.0 -2.0 -2.0 -2.0 -2.0 -2.0 -2.0 -2.0 -2.0 -2.0 -2.0 -2.0 -2.0 -2.0 -2.0 -2.0 -2.0 -2.0 2.0 2.0 2.0 2.0 2.0 2.0 2.0 
-2.0 -2.0 -2.0 -2.0 -2.0 -2.0 -2.0 -2.0 -2.0 -2.0 -2.0 -2.0 -2.0 -2.0 -2.0 -2.0 -2.0 -2.0 2.0 2.0 2.0 2.0 2.0 2.0 2.0 
-2.0 -2.0 -2.0 -2.0 -2.0 -2.0 -2.0 -2.0 -2.0 -2.0 -2.0 -2.0 -2.0 -2.0 -2.0 -2.0 -2.0 -2.0 2.0 2.0 2.0 2.0 2.0 2.0 2.0 
-2.0 -2.0 -2.0 -2.0 -2.0 -2.0 -2.0 -2.0 -2.0 -2.0 -2.0 -2.0 -2.0 -2.0 -2.0 -2.0 -2.0 -2.0 2.0 2.0 2.0 2.0 2.0 2.0 2.0 
-2.0 -2.0 -2.0 -2.0 -2.0 -2.0 -2.0 -2.0 -2.0 -2.0 -2.0 -2.0 -2.0 -2.0 -2.0 -2.0 -2.0 -2.0 2.0 2.0 2.0 2.0 2.0 2.0 2.0 
-2.0 -2.0 -2.0 -2.0 -2.0 -2.0 -2.0 -2.0 -2.0 -2.0 -2.0 -2.0 -2.0 -2.0 -2.0 -2.0 -2.0 -2.0 2.0 2.0 2.0 2.0 2.0 2.0 2.0 
-1.0 -1.0 -1.0 -1.0 -1.0 -1.0 -1.0 -1.0 -1.0 -1.0 -1.0 -1.0 -1.0 -1.0 -1.0 -1.0 -1.0 -1.0 2.0 2.0 2.0 2.0 2.0 2.0 2.0 
-1.0 -1.0 -1.0 -1.0 -1.0 -1.0 -1.0 -1.0 -1.0 -1.0 -1.0 -1.0 -1.0 -1.0 -1.0 -1.0 -1.0 -1.0 -1.0 2.0 2.0 2.0 2.0 2.0 2.0 
-1.0 -1.0 -1.0 -1.0 -1.0 -1.0 -1.0 -1.0 -1.0 -1.0 -1.0 -1.0 -1.0 -1.0 -1.0 -1.0 -1.0 -1.0 -1.0 2.0 2.0 2.0 2.0 2.0 2.0 
-1.0 -1.0 -1.0 -1.0 -1.0 -1.0 -1.0 -1.0 -1.0 -1.0 -1.0 -1.0 -1.0 -1.0 -1.0 -1.0 -1.0 -1.0 -1.0 2.0 2.0 2.0 2.0 2.0 2.0 
1.0 -1.0 -1.0 -1.0 -1.0 -1.0 -1.0 -1.0 -1.0 -1.0 -1.0 -1.0 -1.0 -1.0 -1.0 -1.0 -1.0 -1.0 -1.0 2.0 2.0 2.0 2.0 2.0 2.0 
1.0 1.0 0.0 -1.0 -1.0 -1.0 -1.0 -1.0 -1.0 -1.0 -1.0 -1.0 -1.0 -1.0 -1.0 -1.0 -1.0 -1.0 -1.0 2.0 2.0 2.0 2.0 2.0 2.0 
1.0 1.0 0.0 0.0 0.0 0.0 -1.0 -1.0 -1.0 -1.0 -1.0 -1.0 -1.0 -1.0 -1.0 -1.0 -1.0 -1.0 -1.0 -1.0 2.0 2.0 2.0 2.0 2.0 
1.0 1.0 0.0 0.0 0.0 0.0 0.0 0.0 0.0 -1.0 -1.0 -1.0 -1.0 -1.0 -1.0 -1.0 -1.0 -1.0 -1.0 -1.0 2.0 2.0 2.0 2.0 2.0 
1.0 1.0 0.0 0.0 0.0 0.0 0.0 0.0 0.0 0.0 0.0 0.0 -1.0 -1.0 -1.0 -1.0 -1.0 -1.0 -1.0 -1.0 2.0 2.0 2.0 2.0 2.0 
1.0 1.0 1.0 0.0 0.0 0.0 0.0 0.0 0.0 0.0 0.0 0.0 0.0 0.0 0.0 -1.0 -1.0 -1.0 -1.0 -1.0 2.0 2.0 2.0 2.0 2.0 
1.0 1.0 1.0 0.0 0.0 0.0 0.0 0.0 0.0 0.0 0.0 0.0 0.0 0.0 0.0 0.0 0.0 -1.0 -1.0 -1.0 -1.0 2.0 2.0 2.0 2.0 
1.0 1.0 1.0 0.0 0.0 0.0 0.0 0.0 0.0 0.0 0.0 0.0 0.0 0.0 0.0 0.0 0.0 0.0 0.0 0.0 -1.0 2.0 2.0 2.0 2.0 
1.0 1.0 1.0 0.0 0.0 0.0 0.0 0.0 0.0 0.0 0.0 0.0 0.0 0.0 0.0 0.0 0.0 0.0 0.0 0.0 0.0 0.0 2.0 2.0 2.0 
1.0 1.0 1.0 0.0 0.0 0.0 0.0 0.0 0.0 0.0 0.0 0.0 0.0 0.0 0.0 0.0 0.0 0.0 0.0 0.0 0.0 0.0 0.0 2.0 2.0 
1.0 1.0 1.0 0.0 0.0 0.0 0.0 0.0 0.0 0.0 0.0 0.0 0.0 0.0 0.0 0.0 0.0 0.0 0.0 0.0 0.0 0.0 0.0 0.0 2.0 
1.0 1.0 1.0 1.0 0.0 0.0 0.0 0.0 0.0 0.0 0.0 0.0 0.0 0.0 0.0 0.0 0.0 0.0 0.0 0.0 0.0 0.0 0.0 0.0 2.0 
1.0 1.0 1.0 1.0 0.0 0.0 0.0 0.0 0.0 0.0 0.0 0.0 0.0 0.0 0.0 0.0 0.0 0.0 0.0 0.0 0.0 0.0 0.0 0.0 0.0 
1.0 1.0 1.0 1.0 0.0 0.0 0.0 0.0 0.0 0.0 0.0 0.0 0.0 0.0 0.0 0.0 0.0 0.0 0.0 0.0 0.0 0.0 0.0 0.0 0.0 
1.0 1.0 1.0 1.0 0.0 0.0 0.0 0.0 0.0 0.0 0.0 0.0 0.0 0.0 0.0 0.0 0.0 0.0 0.0 0.0 0.0 0.0 0.0 0.0 0.0 

