0.495718 0.847527 0.966317 0.333348 0.514593 0.775613 0.206965 0.762234 0.455008 0.607643 0.757952 0.667589 0.756795 0.888888 0.256823 0.305020 0.774220 0.830929 0.932626 0.140415 0.848981 0.169794 0.645352 0.938737 0.218790 
0.378029 0.245039 0.166024 0.465914 0.618830 0.031104 0.424098 0.226080 0.697740 0.532105 0.529924 0.526962 0.063883 0.531226 0.447591 0.836187 0.711104 0.862771 0.443257 0.673253 0.995589 0.154067 0.647985 0.928958 0.461925 
0.363454 0.340470 0.536082 0.970714 0.025003 0.100724 0.842700 0.867022 0.217399 0.699414 0.676650 0.476899 0.243255 0.949591 0.372832 0.729587 0.418526 0.337971 0.034697 0.948466 0.133824 0.551912 0.998886 0.770865 0.404205 
0.559371 0.755242 0.555568 0.717193 0.653943 0.854089 0.244247 0.562125 0.890767 0.398961 0.945003 0.405417 0.836479 0.166751 0.182347 0.327653 0.206640 0.373859 0.364015 0.215062 0.730447 0.266864 0.996949 0.133130 0.935390 
0.852484 0.513419 0.224740 0.459159 0.747614 0.038396 0.580168 0.485518 0.402294 0.081229 0.980666 0.660718 0.083051 0.334610 0.259959 0.752129 0.257221 0.583800 0.320258 0.643257 0.246010 0.137972 0.645153 0.115019 0.795729 
0.560451 0.629812 0.537855 0.233118 0.083337 0.033861 0.495249 0.284375 0.141831 0.806660 0.588282 0.421810 0.766392 0.049994 0.624397 0.115111 0.848632 0.735031 0.232480 0.027006 0.962471 0.276414 0.242943 0.000766 0.028525 
0.141573 0.341193 0.102072 0.347478 0.985620 0.546576 0.790102 0.682455 0.223657 0.354899 0.548286 0.744093 0.170250 0.669760 0.236869 0.467816 0.912311 0.331997 0.477441 0.439580 0.145042 0.810751 0.909361 0.542401 0.838432 
0.834724 0.435093 0.584749 0.259280 0.455611 0.857426 0.814929 0.775918 0.389181 0.440845 0.010726 0.109461 0.733062 0.191960 0.204706 0.784617 0.192933 0.561650 0.854499 0.556082 0.943296 0.415712 0.335490 0.650955 0.892505 
0.246369 0.520012 0.452034 0.840433 0.482296 0.410883 0.269052 0.871428 0.208915 0.157777 0.647041 0.488367 0.558374 0.088597 0.394563 0.605734 0.555355 0.861715 0.761010 0.390774 0.522792 0.716336 0.490955 0.859726 0.622097 
0.739119 0.596098 0.321826 0.533525 0.303315 0.794797 0.064527 0.189544 0.797411 0.657420 0.257575 0.812178 0.672627 0.693949 0.311910 0.658448 0.867056 0.989749 0.109316 0.034126 0.329857 0.310816 0.440380 0.018976 0.900544 
0.995917 0.171148 0.043271 0.747306 0.997057 0.250537 0.545892 0.170785 0.203373 0.630543 0.908739 0.949684 0.175554 0.541840 0.804475 0.617730 0.027931 0.746335 0.526074 0.474328 0.027611 0.986780 0.295045 0.998926 0.286513 
0.228200 0.434244 0.130604 0.078979 0.119211 0.655534 0.971436 0.617511 0.188010 0.358586 0.125443 0.866612 0.447749 0.765068 0.732904 0.399976 0.841649 0.704286 0.353871 0.983319 0.056517 0.838586 0.379436 0.647453 0.521902 
0.143173 0.588259 0.396574 0.961246 0.806903 0.980833 0.143854 0.687147 0.315907 0.627451 0.031379 0.350302 0.484614 0.392338 0.475235 0.331069 0.419961 0.441598 0.683337 0.716501 0.957192 0.893232 0.282086 0.860108 0.305654 
0.520294 0.347257 0.777552 0.019956 0.160235 0.813773 0.125068 0.847201 0.144179 0.664281 0.012849 0.531460 0.029157 0.722334 0.917895 0.138832 0.890570 0.944386 0.320454 0.669548 0.118877 0.448018 0.346865 0.265003 0.663491 
0.966230 0.424821 0.063993 0.883870 0.491106 0.371780 0.315741 0.543817 0.140102 0.469205 0.333541 0.741673 0.071588 0.962246 0.486782 0.963135 0.213546 0.589029 0.363715 0.841075 0.628141 0.555794 0.328362 0.102464 0.307764 
0.287103 0.114799 0.622425 0.981837 0.837683 0.010221 0.313476 0.624134 0.922279 0.479766 0.975176 0.742231 0.733665 0.662818 0.079538 0.467333 0.448731 0.090611 0.390873 0.904763 0.105475 0.896858 0.752329 0.996755 0.708225 
0.460912 0.118151 0.733465 0.520641 0.449421 0.345695 0.960396 0.220512 0.748568 0.591031 0.848842 0.996814 0.615224 0.892866 0.606596 0.512592 0.187344 0.076251 0.830229 0.856486 0.582552 0.789072 0.194371 0.727585 0.749976 
0.591707 0.029836 0.980485 0.139476 0.802377 0.920294 0.911011 0.425480 0.966723 0.303424 0.936471 0.073112 0.925041 0.890099 0.036962 0.478721 0.218530 0.752749 0.071860 0.871018 0.842056 0.618380 0.407821 0.808560 0.791368 
0.016108 0.422588 0.928628 0.700356 0.298457 0.468812 0.651066 0.701400 0.122700 0.837939 0.182837 0.900930 0.906118 0.998390 0.666034 0.777492 0.454292 0.651137 0.098941 0.244393 0.671896 0.731099 0.660440 0.094314 0.882622 
0.654709 0.186100 0.735189 0.606514 0.132182 0.144746 0.843529 0.223032 0.825864 0.987590 0.444097 0.899713 0.520688 0.838382 0.465847 0.284927 0.272407 0.075074 0.203523 0.514432 0.697747 0.598586 0.037994 0.378889 0.811895 
0.916320 0.466864 0.499962 0.172076 0.263069 0.880069 0.970192 0.378848 0.527082 0.991557 0.615556 0.005361 0.008725 0.282568 0.982224 0.227371 0.273004 0.481560 0.456420 0.622080 0.666625 0.014923 0.666491 0.928502 0.777983 
0.001684 0.312813 0.630223 0.604590 0.599267 0.213524 0.665672 0.744122 0.435384 0.686334 0.594083 0.777586 0.075650 0.231456 0.621693 0.310587 0.462126 0.431351 0.505167 0.571148 0.407472 0.065918 0.650935 0.796619 0.648863 
0.947426 0.492898 0.604606 0.637369 0.488878 0.755613 0.645151 0.936124 0.789538 0.146674 0.872955 0.687210 0.926322 0.726146 0.280807 0.448585 0.879602 0.490337 0.694093 0.752552 0.334297 0.303011 0.745723 0.022350 0.062678 
0.479195 0.416825 0.185871 0.215705 0.411242 0.505157 0.418233 0.577899 0.371488 0.430989 0.586160 0.711267 0.941525 0.922993 0.114026 0.592605 0.411840 0.956108 0.735049 0.036966 0.201527 0.690243 0.123338 0.874995 0.619300 
0.367170 0.921576 0.060110 0.177745 0.403037 0.929470 0.228375 0.827422 0.419166 0.501886 0.309516 0.235248 0.621648 0.244599 0.889987 0.367644 0.083819 0.092174 0.303552 0.886825 0.861130 0.976372 0.006541 0.001970 0.306405 

0.519622 0.905198 0.035485 0.683297 0.774449 0.712247 0.230930 0.556712 0.139179 0.976338 0.498645 0.236119 0.908258 0.265258 0.924338 0.702411 0.869411 0.658825 0.012203 0.956477 0.956286 0.315024 0.331400 0.808429 0.117171 
0.219281 0.464193 0.909252 0.231321 0.304190 0.869709 0.293588 0.847414 0.997129 0.502603 0.240947 0.594234 0.495674 0.558968 0.559247 0.898137 0.498700 0.844315 0.022110 0.074110 0.577284 0.750544 0.749922 0.863953 0.153513 
0.661031 0.287889 0.144041 0.710191 0.719695 0.669073 0.843856 0.130125 0.548997 0.861400 0.828147 0.452005 0.036654 0.413491 0.445817 0.510496 0.343217 0.866737 0.770499 0.222952 0.090049 0.338700 0.949654 0.952632 0.859455 
0.183972 0.121481 0.459760 0.515595 0.414876 0.712867 0.858125 0.636666 0.265744 0.479597 0.658441 0.455743 0.769376 0.359444 0.304557 0.069621 0.372326 0.360381 0.838436 0.402074 0.711284 0.760138 0.370124 0.936073 0.173643 
0.796549 0.157569 0.631256 0.123304 0.235436 0.859938 0.670127 0.375410 0.280608 0.561007 0.265087 0.610194 0.772261 0.543980 0.721662 0.312775 0.803504 0.014552 0.576282 0.429299 0.028393 0.598559 0.665400 0.998433 0.974825 
0.724384 0.402339 0.772837 0.719559 0.733997 0.959253 0.066440 0.990795 0.762992 0.849142 0.189487 0.980882 0.577910 0.026467 0.477335 0.979728 0.247508 0.452329 0.882974 0.077335 0.198053 0.851888 0.516324 0.754553 0.141974 
0.281536 0.712555 0.060759 0.297307 0.222557 0.703772 0.924114 0.783388 0.340751 0.334500 0.557015 0.273336 0.956034 0.345456 0.173571 0.054173 0.332770 0.190084 0.222679 0.875612 0.276492 0.894793 0.409299 0.667126 0.513449 
0.266491 0.795329 0.027910 0.627951 0.761743 0.753230 0.906727 0.703668 0.034568 0.997913 0.611580 0.937007 0.043877 0.577152 0.599879 0.713770 0.411291 0.268351 0.458010 0.546876 0.585617 0.977056 0.136689 0.742746 0.190953 
0.006260 0.483578 0.860053 0.138615 0.634304 0.484346 0.087191 0.619276 0.118756 0.200534 0.377811 0.221919 0.876086 0.986854 0.843072 0.252617 0.443138 0.832007 0.126648 0.668332 0.403596 0.804518 0.485975 0.371051 0.882497 
0.616792 0.257169 0.763501 0.293818 0.197482 0.988787 0.063542 0.761594 0.616036 0.201427 0.684285 0.240465 0.746601 0.783810 0.290258 0.595977 0.514407 0.982528 0.243482 0.045983 0.522279 0.699322 0.973769 0.011308 0.915056 
0.690345 0.564020 0.917518 0.093882 0.320451 0.124377 0.713999 0.823033 0.505103 0.732942 0.717152 0.805870 0.678006 0.678639 0.296857 0.908330 0.561061 0.091053 0.912610 0.854270 0.997100 0.044394 0.819657 0.938859 0.869632 
0.666273 0.769634 0.025197 0.893146 0.793528 0.449910 0.286274 0.895029 0.797716 0.815154 0.406726 0.679870 0.969620 0.539733 0.490522 0.901553 0.032670 0.678472 0.531849 0.397763 0.319929 0.964027 0.975861 0.368058 0.282010 
0.708025 0.014510 0.295069 0.399492 0.881803 0.741033 0.846579 0.378391 0.561299 0.373711 0.951748 0.593648 0.843945 0.146284 0.570072 0.547462 0.248529 0.432320 0.396255 0.027776 0.181443 0.281982 0.184441 0.571998 0.994118 
0.878102 0.534657 0.744482 0.959066 0.562494 0.749713 0.163293 0.679900 0.627000 0.342754 0.316998 0.356191 0.302990 0.389048 0.490927 0.041009 0.675149 0.542852 0.728070 0.576931 0.103464 0.966566 0.754674 0.658359 0.224744 
0.033370 0.316098 0.166147 0.615168 0.804385 0.859282 0.365285 0.089691 0.205620 0.702555 0.184526 0.397373 0.753599 0.493095 0.199959 0.627477 0.075055 0.216334 0.449420 0.720353 0.281780 0.747846 0.271968 0.368634 0.027923 
0.977445 0.773203 0.064904 0.585293 0.380108 0.249364 0.341270 0.216676 0.401928 0.634348 0.527481 0.617465 0.399071 0.401766 0.768158 0.096815 0.333371 0.454704 0.868215 0.867398 0.530201 0.144501 0.859142 0.387571 0.216670 
0.360797 0.415194 0.689264 0.050610 0.526159 0.010554 0.234614 0.416016 0.425367 0.037672 0.530707 0.873565 0.469852 0.044472 0.206555 0.561546 0.057249 0.295689 0.638562 0.788458 0.318333 0.704118 0.221356 0.555736 0.305222 
0.590701 0.311145 0.649324 0.366647 0.421956 0.331941 0.516114 0.421980 0.102616 0.030778 0.697274 0.344506 0.060113 0.304744 0.064051 0.417762 0.659709 0.484673 0.278210 0.403178 0.938297 0.123311 0.109181 0.864708 0.855543 
0.198610 0.288087 0.364226 0.566387 0.983786 0.038849 0.030231 0.995735 0.447302 0.863517 0.212712 0.561301 0.684861 0.506150 0.107518 0.313240 0.506981 0.434541 0.591928 0.859858 0.228819 0.802368 0.488871 0.409821 0.495322 
0.480768 0.353880 0.766846 0.804224 0.500464 0.654557 0.223170 0.084425 0.529249 0.242217 0.812328 0.209147 0.355311 0.422838 0.323112 0.045511 0.630102 0.655621 0.736974 0.577703 0.753607 0.866520 0.412556 0.505059 0.250519 
0.745743 0.067267 0.505935 0.373400 0.546169 0.811549 0.872941 0.790796 0.392526 0.019659 0.298202 0.648084 0.224959 0.102809 0.548812 0.743922 0.096719 0.392095 0.494439 0.982408 0.150741 0.435971 0.219414 0.808229 0.192842 
0.941747 0.753753 0.177953 0.501910 0.246459 0.969314 0.263722 0.573854 0.384036 0.554349 0.655450 0.962051 0.080692 0.782311 0.164872 0.122237 0.792494 0.676874 0.059131 0.345508 0.540879 0.680217 0.476742 0.611345 0.899054 
0.647869 0.603280 0.645193 0.274566 0.220437 0.701639 0.618498 0.214956 0.768197 0.825620 0.333617 0.876897 0.768423 0.948722 0.488769 0.315406 0.037369 0.783873 0.562707 0.303302 0.660766 0.807933 0.416599 0.142314 0.982789 
0.795628 0.435862 0.482045 0.813324 0.761464 0.966007 0.786532 0.050911 0.876797 0.078679 0.942625 0.686428 0.761963 0.356894 0.580543 0.775627 0.224018 0.142661 0.565085 0.621981 0.467033 0.627382 0.786532 0.542305 0.307736 
0.544158 0.986387 0.065033 0.422508 0.843922 0.865094 0.383085 0.241830 0.486810 0.111432 0.842504 0.281649 0.670185 0.214278 0.252310 0.782165 0.597617 0.893178 0.362415 0.938152 0.774653 0.841435 0.790778 0.213181 0.925655 

-0.556581 -0.724607 -0.266375 -0.759316 -1.152001 -0.708183 -0.097747 -0.549210 -0.354126 -0.877848 -0.518518 -0.443069 -0.921320 -0.210042 -0.970786 -0.620425 -1.051320 -1.049257 0.291013 -1.013009 -0.778453 -0.461008 -0.212940 -0.662671 -0.235240 
-0.370242 -0.584566 -0.937185 -0.358167 -0.245799 -0.793437 -0.269409 -0.771699 -0.984486 -0.549986 -0.349804 -0.083979 -0.228043 -0.673541 -0.470361 -1.081677 -0.436023 -0.630235 0.182290 -0.389883 -0.647189 -0.587291 -0.657641 -0.936697 0.030059 
-0.625395 -0.188546 -0.323777 -0.262401 -1.024630 -0.782690 -0.968774 -0.338788 -0.544132 -0.837354 -0.743467 -0.869882 -0.334022 -0.794400 -0.399586 -0.546067 -0.203572 -1.271248 -0.564814 -0.486798 -0.101746 -0.387743 -0.786948 -1.052586 -0.716733 
-0.322316 -0.009492 -0.280391 -0.427447 -0.614483 -0.644617 -1.136050 -0.507475 -0.455449 -0.446770 -0.507329 -0.539880 -0.697015 -0.577692 -0.164452 -0.264908 -0.468808 -0.247418 -0.784766 -0.409987 -0.908732 -0.845334 -0.166373 -1.206418 -0.259776 
-0.710387 -0.221275 -0.263728 0.178831 0.096964 -1.076914 -0.677328 -0.291266 -0.105039 -0.589268 -0.189501 -0.916996 -0.730811 -0.524868 -1.062608 -0.591022 -1.051117 0.059584 -0.342686 -0.629395 0.203282 -0.866614 -0.701090 -1.202145 -0.895625 
-0.630574 -0.444731 -0.196054 -0.475596 -0.105818 0.117488 -0.663687 -0.656673 -0.362940 -1.011439 -0.385332 -0.324431 -0.871230 -0.241046 -0.348112 -0.082752 -0.647408 -0.683169 -0.387569 -0.062792 -1.023305 -0.072552 -0.083833 -0.115580 0.147629 
-0.308538 -0.665383 0.117101 -0.350032 -1.057249 -0.479036 -0.546049 -0.792462 -0.223345 -0.349987 -0.434663 -0.430328 -0.476676 -0.720171 -0.307501 -0.889820 -0.726994 -0.433207 -0.366297 -0.524069 -0.359322 -0.668485 -0.895765 -0.714843 -0.501867 
-0.782176 -0.650224 -0.628590 -0.343736 -0.572842 -0.530720 -0.999797 -0.437088 -0.138363 -0.789819 -0.129651 -0.258225 -0.982875 -0.352060 0.284707 -1.140506 -0.506794 -0.554379 -0.950841 -0.687850 -1.016356 -0.544500 -0.278489 -0.743487 -0.877408 
-0.497350 -0.739179 -0.229145 -0.883196 -0.342324 -0.285911 -0.346951 -0.415430 -0.318405 -0.240700 -0.426315 -0.493365 -0.310094 0.033270 -0.194546 -0.540227 -0.231236 -0.720241 -1.217601 -0.423606 -0.578789 -0.910698 -0.362381 -0.928547 -0.380648 
-0.578407 -0.613486 -0.572726 -0.588936 -0.152325 -0.693559 -0.067881 -0.229116 -0.645105 -1.079525 -0.224862 -1.142129 -0.483874 -0.814552 -0.289569 -0.922578 -1.001033 -0.964444 -0.095789 -0.282298 -0.352583 -0.364224 -0.135147 0.166530 -1.138330 
2.240077 1.435324 1.919319 0.727154 1.417870 -0.031640 1.915621 1.919244 1.182139 2.400926 2.274592 2.366343 1.554250 2.071545 1.553622 2.749595 1.199164 0.991661 2.526768 1.864399 1.843333 0.806493 1.636855 2.764539 1.955986 
1.400942 1.922864 0.398649 1.812417 1.364730 1.447253 2.010172 2.230818 1.872303 2.086666 1.258208 2.436321 2.280583 1.500318 1.586704 2.486410 0.884634 2.082143 1.355997 1.612587 0.748480 2.805480 2.573263 1.447172 1.144043 
1.410806 0.727007 1.016756 1.641132 2.684609 2.665636 1.713104 1.333788 1.682721 1.401743 1.586372 1.519702 2.324997 0.847020 1.870770 1.498769 0.910030 1.244775 1.470652 1.067683 1.115944 1.407873 0.223202 1.975482 2.327956 
2.575758 1.266055 1.982266 1.743063 1.209697 2.559906 0.388225 2.464519 1.268405 1.332080 0.936926 1.178647 0.857622 1.634387 1.966583 0.555567 2.166482 2.095718 1.967273 1.632018 0.631518 2.393776 1.909948 2.119919 1.050599 
1.117093 1.209608 0.525488 2.571950 2.075381 1.931557 0.555897 0.943875 0.421533 1.871758 0.482938 1.473745 1.200760 2.001302 1.353706 2.321231 0.262442 0.982533 1.173739 2.099463 1.221654 1.836108 0.937880 1.362946 0.516065 
1.470603 1.241456 1.264252 2.571888 2.152952 0.117932 1.102332 1.687470 2.157841 1.581370 2.699055 1.820870 2.052481 1.519254 1.183931 1.146960 1.325685 0.709401 1.150306 2.681941 0.957323 1.838554 2.295697 2.359201 1.696832 
1.112186 0.758779 2.273441 1.296683 1.195484 0.735197 1.985371 0.774507 1.864199 1.372236 2.007524 2.931599 1.616423 1.863965 1.155101 1.588643 0.255724 0.355116 2.452494 2.273268 1.242077 2.417527 0.765376 2.135032 1.827870 
2.002906 0.609806 2.818941 0.551184 2.215144 2.207390 2.557747 0.984163 1.857539 0.565607 2.766477 0.432499 2.097833 2.049966 -0.239946 1.588094 1.070573 2.260316 0.257656 2.298575 2.549632 1.574601 1.211020 2.626795 2.450946 
0.438700 1.410251 2.069433 2.108691 1.394879 1.166176 1.463790 1.996086 0.883650 2.469866 0.895028 2.267333 2.316670 2.843582 1.403258 2.050557 1.726600 2.213564 1.037992 1.432504 1.817684 2.388741 1.837235 0.760909 2.453147 
1.874302 0.880617 1.973664 1.906948 0.526336 0.928447 1.671409 0.355848 2.339191 1.950172 1.572423 2.120560 1.141491 2.001057 0.904027 0.522248 0.981515 0.779553 1.027828 1.556945 2.220128 2.163119 0.841063 1.479500 1.730040 
-3.290644 -1.420166 -2.089625 -1.265726 -1.501444 -3.486495 -3.527887 -2.458915 -1.667142 -2.437798 -1.837913 -1.283124 -0.389799 -0.828081 -2.841130 -1.889205 -0.660803 -1.589915 -1.628814 -3.262538 -1.823712 -1.084475 -1.567003 -3.522689 -1.978835 
-2.019729 -1.992414 -1.387340 -2.139100 -1.651518 -2.465711 -1.671211 -2.717180 -1.339698 -2.446983 -2.679545 -3.601763 -0.502401 -2.159990 -1.675606 -0.919726 -2.585410 -2.084581 -1.284830 -1.949952 -1.851708 -1.577426 -2.334569 -3.022576 -3.311017 
-3.340500 -2.552300 -2.617108 -1.838637 -1.543113 -2.975565 -2.423991 -2.118254 -2.882866 -2.111604 -2.540736 -3.169507 -3.533792 -3.187212 -1.553277 -1.286777 -1.928906 -2.388056 -2.716469 -2.462623 -1.658938 -2.270627 -2.131241 -0.460339 -2.126564 
-2.365307 -1.514624 -1.498173 -2.032017 -2.222032 -3.180398 -2.494713 -1.373364 -2.551974 -1.060703 -3.257096 -2.830291 -3.340253 -2.634746 -1.359245 -2.684016 -1.053377 -2.083567 -2.661196 -1.159715 -0.856400 -2.406232 -2.099073 -2.836206 -1.638592 
-1.581297 -4.040793 -0.419070 -1.213532 -2.646160 -3.471995 -1.319644 -2.104518 -2.013518 -1.245362 -2.784242 -0.973205 -2.608439 -0.944932 -2.127398 -2.384148 -1.306280 -2.021048 -1.145656 -3.542179 -3.275714 -3.316858 -1.417054 -0.472417 -2.630319 

0 0 0 0 0 0 0 0 0 0 0 0 0 0 0 0 0 0 0 0 0 0 0 0 0 
0 0 0 0 0 0 0 0 0 0 0 0 0 0 0 0 0 0 0 0 0 0 0 0 0 
0 0 0 0 0 0 0 0 0 0 0 0 0 0 0 0 0 0 0 0 0 0 0 0 0 
0 0 0 0 0 0 0 0 0 0 0 0 0 0 0 0 0 0 0 0 0 0 0 0 0 
0 0 0 0 0 0 0 0 0 0 0 0 0 0 0 0 0 0 0 0 0 0 0 0 0 
1 1 1 1 1 1 1 1 1 1 1 1 1 1 1 1 1 1 1 1 1 1 1 1 1 
1 1 1 1 1 1 1 1 1 1 1 1 1 1 1 1 1 1 1 1 1 1 1 1 1 
1 1 1 1 1 1 1 1 1 1 1 1 1 1 1 1 1 1 1 1 1 1 1 1 1 
1 1 1 1 1 1 1 1 1 1 1 1 1 1 1 1 1 1 1 1 1 1 1 1 1 
1 1 1 1 1 1 1 1 1 1 1 1 1 1 1 1 1 1 1 1 1 1 1 1 1 
2 2 2 2 2 2 2 2 2 2 2 2 2 2 2 2 2 2 2 2 2 2 2 2 2 
2 2 2 2 2 2 2 2 2 2 2 2 2 2 2 2 2 2 2 2 2 2 2 2 2 
2 2 2 2 2 2 2 2 2 2 2 2 2 2 2 2 2 2 2 2 2 2 2 2 2 
2 2 2 2 2 2 2 2 2 2 2 2 2 2 2 2 2 2 2 2 2 2 2 2 2 
2 2 2 2 2 2 2 2 2 2 2 2 2 2 2 2 2 2 2 2 2 2 2 2 2 
3 3 3 3 3 3 3 3 3 3 3 3 3 3 3 3 3 3 3 3 3 3 3 3 3 
3 3 3 3 3 3 3 3 3 3 3 3 3 3 3 3 3 3 3 3 3 3 3 3 3 
3 3 3 3 3 3 3 3 3 3 3 3 3 3 3 3 3 3 3 3 3 3 3 3 3 
3 3 3 3 3 3 3 3 3 3 3 3 3 3 3 3 3 3 3 3 3 3 3 3 3 
3 3 3 3 3 3 3 3 3 3 3 3 3 3 3 3 3 3 3 3 3 3 3 3 3 
4 4 4 4 4 4 4 4 4 4 4 4 4 4 4 4 4 4 4 4 4 4 4 4 4 
4 4 4 4 4 4 4 4 4 4 4 4 4 4 4 4 4 4 4 4 4 4 4 4 4 
4 4 4 4 4 4 4 4 4 4 4 4 4 4 4 4 4 4 4 4 4 4 4 4 4 
4 4 4 4 4 4 4 4 4 4 4 4 4 4 4 4 4 4 4 4 4 4 4 4 4 
4 4 4 4 4 4 4 4 4 4 4 4 4 4 4 4 4 4 4 4 4 4 4 4 4 

0.0 0.0 0.0 0.0 0.0 0.0 0.0 0.0 0.0 0.0 0.0 0.0 0.0 0.0 0.0 0.0 0.0 0.0 0.0 0.0 0.0 0.0 0.0 0.0 0.0 
0.0 0.0 0.0 0.0 0.0 0.0 0.0 0.0 0.0 0.0 0.0 0.0 0.0 0.0 0.0 0.0 0.0 0.0 0.0 0.0 0.0 0.0 0.0 0.0 0.0 
0.0 0.0 0.0 0.0 0.0 0.0 0.0 0.0 0.0 0.0 0.0 0.0 0.0 0.0 0.0 0.0 0.0 0.0 0.0 0.0 0.0 0.0 0.0 0.0 0.0 
0.0 0.0 0.0 0.0 0.0 0.0 0.0 0.0 0.0 0.0 0.0 0.0 0.0 0.0 0.0 0.0 0.0 0.0 0.0 0.0 0.0 0.0 0.0 0.0 0.0 
0.0 0.0 0.0 0.0 0.0 0.0 0.0 0.0 0.0 0.0 0.0 0.0 0.0 0.0 0.0 0.0 0.0 0.0 0.0 0.0 0.0 0.0 0.0 0.0 0.0 
-1.0 -1.0 -1.0 -1.0 -1.0 -1.0 -1.0 -1.0 -1.0 -1.0 -1.0 -1.0 -1.0 -1.0 -1.0 -1.0 -1.0 -1.0 -1.0 -1.0 -1.0 -1.0 -1.0 -1.0 -1.0 
-1.0 -1.0 -1.0 -1.0 -1.0 -1.0 -1.0 -1.0 -1.0 -1.0 -1.0 -1.0 -1.0 -1.0 -1.0 -1.0 -1.0 -1.0 -1.0 -1.0 -1.0 -1.0 -1.0 -1.0 -1.0 
-1.0 -1.0 -1.0 -1.0 -1.0 -1.0 -1.0 -1.0 -1.0 -1.0 -1.0 -1.0 -1.0 -1.0 -1.0 -1.0 -1.0 -1.0 -1.0 -1.0 -1.0 -1.0 -1.0 -1.0 -1.0 
-1.0 -1.0 -1.0 -1.0 -1.0 -1.0 -1.0 -1.0 -1.0 -1.0 -1.0 -1.0 -1.0 -1.0 -1.0 -1.0 -1.0 -1.0 -1.0 -1.0 -1.0 -1.0 -1.0 -1.0 -1.0 
-1.0 -1.0 -1.0 -1.0 -1.0 -1.0 -1.0 -1.0 -1.0 -1.0 -1.0 -1.0 -1.0 -1.0 -1.0 -1.0 -1.0 -1.0 -1.0 -1.0 -1.0 -1.0 -1.0 -1.0 -1.0 
1.0 1.0 1.0 1.0 1.0 1.0 1.0 1.0 1.0 1.0 1.0 1.0 1.0 1.0 1.0 1.0 1.0 1.0 1.0 1.0 1.0 1.0 1.0 1.0 1.0 
1.0 1.0 1.0 1.0 1.0 1.0 1.0 1.0 1.0 1.0 1.0 1.0 1.0 1.0 1.0 1.0 1.0 1.0 1.0 1.0 1.0 1.0 1.0 1.0 1.0 
1.0 1.0 1.0 1.0 1.0 1.0 1.0 1.0 1.0 1.0 1.0 1.0 1.0 1.0 1.0 1.0 1.0 1.0 1.0 1.0 1.0 1.0 1.0 1.0 1.0 
1.0 1.0 1.0 1.0 1.0 1.0 1.0 1.0 1.0 1.0 1.0 1.0 1.0 1.0 1.0 1.0 1.0 1.0 1.0 1.0 1.0 1.0 1.0 1.0 1.0 
1.0 1.0 1.0 1.0 1.0 1.0 1.0 1.0 1.0 1.0 1.0 1.0 1.0 1.0 1.0 1.0 1.0 1.0 1.0 1.0 1.0 1.0 1.0 1.0 1.0 
2.0 2.0 2.0 2.0 2.0 2.0 2.0 2.0 2.0 2.0 2.0 2.0 2.0 2.0 2.0 2.0 2.0 2.0 2.0 2.0 2.0 2.0 2.0 2.0 2.0 
2.0 2.0 2.0 2.0 2.0 2.0 2.0 2.0 2.0 2.0 2.0 2.0 2.0 2.0 2.0 2.0 2.0 2.0 2.0 2.0 2.0 2.0 2.0 2.0 2.0 
2.0 2.0 2.0 2.0 2.0 2.0 2.0 2.0 2.0 2.0 2.0 2.0 2.0 2.0 2.0 2.0 2.0 2.0 2.0 2.0 2.0 2.0 2.0 2.0 2.0 
2.0 2.0 2.0 2.0 2.0 2.0 2.0 2.0 2.0 2.0 2.0 2.0 2.0 2.0 2.0 2.0 2.0 2.0 2.0 2.0 2.0 2.0 2.0 2.0 2.0 
2.0 2.0 2.0 2.0 2.0 2.0 2.0 2.0 2.0 2.0 2.0 2.0 2.0 2.0 2.0 2.0 2.0 2.0 2.0 2.0 2.0 2.0 2.0 2.0 2.0 
-2.0 -2.0 -2.0 -2.0 -2.0 -2.0 -2.0 -2.0 -2.0 -2.0 -2.0 -2.0 -2.0 -2.0 -2.0 -2.0 -2.0 -2.0 -2.0 -2.0 -2.0 -2.0 -2.0 -2.0 -2.0 
-2.0 -2.0 -2.0 -2.0 -2.0 -2.0 -2.0 -2.0 -2.0 -2.0 -2.0 -2.0 -2.0 -2.0 -2.0 -2.0 -2.0 -2.0 -2.0 -2.0 -2.0 -2.0 -2.0 -2.0 -2.0 
-2.0 -2.0 -2.0 -2.0 -2.0 -2.0 -2.0 -2.0 -2.0 -2.0 -2.0 -2.0 -2.0 -2.0 -2.0 -2.0 -2.0 -2.0 -2.0 -2.0 -2.0 -2.0 -2.0 -2.0 -2.0 
-2.0 -2.0 -2.0 -2.0 -2.0 -2.0 -2.0 -2.0 -2.0 -2.0 -2.0 -2.0 -2.0 -2.0 -2.0 -2.0 -2.0 -2.0 -2.0 -2.0 -2.0 -2.0 -2.0 -2.0 -2.0 
-2.0 -2.0 -2.0 -2.0 -2.0 -2.0 -2.0 -2.0 -2.0 -2.0 -2.0 -2.0 -2.0 -2.0 -2.0 -2.0 -2.0 -2.0 -2.0 -2.0 -2.0 -2.0 -2.0 -2.0 -2.0 

-1.0 -1.0 -1.0 -1.0 -1.0 -1.0 -1.0 -1.0 -1.0 -1.0 -1.0 -1.0 -1.0 -1.0 -1.0 -1.0 -1.0 -1.0 -1.0 -1.0 -1.0 -1.0 -1.0 -1.0 -1.0 
-1.0 -1.0 -1.0 -1.0 -1.0 -1.0 -1.0 -1.0 -1.0 -1.0 -1.0 -1.0 -1.0 -1.0 -1.0 -1.0 -1.0 -1.0 -1.0 -1.0 -1.0 -1.0 -1.0 -1.0 -1.0 
-1.0 -1.0 -1.0 -1.0 -1.0 -1.0 -1.0 -1.0 -1.0 -1.0 -1.0 -1.0 -1.0 -1.0 -1.0 -1.0 -1.0 -1.0 -1.0 -1.0 -1.0 -1.0 -1.0 -1.0 -1.0 
-1.0 -1.0 -1.0 -1.0 -1.0 -1.0 -1.0 -1.0 -1.0 -1.0 -1.0 -1.0 -1.0 -1.0 -1.0 -1.0 -1.0 -1.0 -1.0 -1.0 -1.0 -1.0 -1.0 -1.0 -1.0 
-1.0 -1.0 -1.0 -1.0 -1.0 -1.0 -1.0 -1.0 -1.0 -1.0 -1.0 -1.0 -1.0 -1.0 -1.0 -1.0 -1.0 -1.0 -1.0 -1.0 -1.0 -1.0 -1.0 -1.0 -1.0 
0.0 0.0 0.0 0.0 0.0 0.0 0.0 0.0 0.0 0.0 0.0 0.0 0.0 0.0 0.0 0.0 0.0 0.0 0.0 0.0 0.0 0.0 0.0 0.0 0.0 
0.0 0.0 0.0 0.0 0.0 0.0 0.0 0.0 0.0 0.0 0.0 0.0 0.0 0.0 0.0 0.0 0.0 0.0 0.0 0.0 0.0 0.0 0.0 0.0 0.0 
0.0 0.0 0.0 0.0 0.0 0.0 0.0 0.0 0.0 0.0 0.0 0.0 0.0 0.0 0.0 0.0 0.0 0.0 0.0 0.0 0.0 0.0 0.0 0.0 0.0 
0.0 0.0 0.0 0.0 0.0 0.0 0.0 0.0 0.0 0.0 0.0 0.0 0.0 0.0 0.0 0.0 0.0 0.0 0.0 0.0 0.0 0.0 0.0 0.0 0.0 
0.0 0.0 0.0 0.0 0.0 0.0 0.0 0.0 0.0 0.0 0.0 0.0 0.0 0.0 0.0 0.0 0.0 0.0 0.0 0.0 0.0 0.0 0.0 0.0 0.0 
2.0 2.0 2.0 2.0 2.0 2.0 2.0 2.0 2.0 2.0 2.0 2.0 2.0 2.0 2.0 2.0 2.0 2.0 2.0 2.0 2.0 2.0 2.0 2.0 2.0 
2.0 2.0 2.0 2.0 2.0 2.0 2.0 2.0 2.0 2.0 2.0 2.0 2.0 2.0 2.0 2.0 2.0 2.0 2.0 2.0 2.0 2.0 2.0 2.0 2.0 
2.0 2.0 2.0 2.0 2.0 2.0 2.0 2.0 2.0 2.0 2.0 2.0 2.0 2.0 2.0 2.0 2.0 2.0 2.0 2.0 2.0 2.0 2.0 2.0 2.0 
2.0 2.0 2.0 2.0 2.0 2.0 2.0 2.0 2.0 2.0 2.0 2.0 2.0 2.0 2.0 2.0 2.0 2.0 2.0 2.0 2.0 2.0 2.0 2.0 2.0 
2.0 2.0 2.0 2.0 2.0 2.0 2.0 2.0 2.0 2.0 2.0 2.0 2.0 2.0 2.0 2.0 2.0 2.0 2.0 2.0 2.0 2.0 2.0 2.0 2.0 
1.0 1.0 1.0 1.0 1.0 1.0 1.0 1.0 1.0 1.0 1.0 1.0 1.0 1.0 1.0 1.0 1.0 1.0 1.0 1.0 1.0 1.0 1.0 1.0 1.0 
1.0 1.0 1.0 1.0 1.0 1.0 1.0 1.0 1.0 1.0 1.0 1.0 1.0 1.0 1.0 1.0 1.0 1.0 1.0 1.0 1.0 1.0 1.0 1.0 1.0 
1.0 1.0 1.0 1.0 1.0 1.0 1.0 1.0 1.0 1.0 1.0 1.0 1.0 1.0 1.0 1.0 1.0 1.0 1.0 1.0 1.0 1.0 1.0 1.0 1.0 
1.0 1.0 1.0 1.0 1.0 1.0 1.0 1.0 1.0 1.0 1.0 1.0 1.0 1.0 1.0 1.0 1.0 1.0 1.0 1.0 1.0 1.0 1.0 1.0 1.0 
1.0 1.0 1.0 1.0 1.0 1.0 1.0 1.0 1.0 1.0 1.0 1.0 1.0 1.0 1.0 1.0 1.0 1.0 1.0 1.0 1.0 1.0 1.0 1.0 1.0 
-2.0 -2.0 -2.0 -2.0 -2.0 -2.0 -2.0 -2.0 -2.0 -2.0 -2.0 -2.0 -2.0 -2.0 -2.0 -2.0 -2.0 -2.0 -2.0 -2.0 -2.0 -2.0 -2.0 -2.0 -2.0 
-2.0 -2.0 -2.0 -2.0 -2.0 -2.0 -2.0 -2.0 -2.0 -2.0 -2.0 -2.0 -2.0 -2.0 -2.0 -2.0 -2.0 -2.0 -2.0 -2.0 -2.0 -2.0 -2.0 -2.0 -2.0 
-2.0 -2.0 -2.0 -2.0 -2.0 -2.0 -2.0 -2.0 -2.0 -2.0 -2.0 -2.0 -2.0 -2.0 -2.0 -2.0 -2.0 -2.0 -2.0 -2.0 -2.0 -2.0 -2.0 -2.0 -2.0 
-2.0 -2.0 -2.0 -2.0 -2.0 -2.0 -2.0 -2.0 -2.0 -2.0 -2.0 -2.0 -2.0 -2.0 -2.0 -2.0 -2.0 -2.0 -2.0 -2.0 -2.0 -2.0 -2.0 -2.0 -2.0 
-2.0 -2.0 -2.0 -2.0 -2.0 -2.0 -2.0 -2.0 -2.0 -2.0 -2.0 -2.0 -2.0 -2.0 -2.0 -2.0 -2.0 -2.0 -2.0 -2.0 -2.0 -2.0 -2.0 -2.0 -2.0 

