0.235391 0.408522 0.949861 0.222473 0.541956 0.701149 0.467875 0.397492 0.795988 0.600369 0.724846 0.676650 0.747539 0.963300 0.364241 0.316642 0.117915 0.299367 0.781094 0.599378 0.535856 0.554056 0.003355 0.908549 0.723893 
0.929873 0.505990 0.370131 0.156193 0.405449 0.935860 0.651492 0.034823 0.364271 0.751566 0.609071 0.460559 0.666986 0.499778 0.153826 0.457256 0.606055 0.915652 0.982245 0.731255 0.409576 0.647853 0.516844 0.990128 0.163136 
0.073947 0.501381 0.796575 0.872754 0.499431 0.011047 0.784779 0.555971 0.075256 0.283201 0.120565 0.745436 0.751689 0.369023 0.464256 0.144600 0.935779 0.316816 0.668568 0.713812 0.988248 0.820751 0.871956 0.500879 0.232841 
0.554059 0.831609 0.296398 0.387042 0.970486 0.761184 0.209929 0.899190 0.729820 0.322121 0.865256 0.300803 0.269529 0.333196 0.580208 0.793169 0.568352 0.980967 0.565800 0.862898 0.909501 0.280670 0.849651 0.142632 0.183277 
0.234354 0.778970 0.832882 0.205099 0.672857 0.179690 0.425063 0.607325 0.915019 0.080587 0.524075 0.247545 0.530531 0.126840 0.803617 0.942204 0.323829 0.292162 0.226055 0.134519 0.643528 0.103588 0.544442 0.324475 0.208437 
0.335155 0.734755 0.127360 0.339548 0.484963 0.363121 0.068154 0.473583 0.194594 0.985193 0.121293 0.380019 0.638048 0.352107 0.157641 0.408510 0.091695 0.043510 0.966093 0.564194 0.390455 0.600566 0.437753 0.169474 0.401246 
0.526342 0.695043 0.898183 0.095776 0.873333 0.386917 0.253907 0.703064 0.640441 0.442356 0.766283 0.531788 0.513813 0.124001 0.243820 0.094229 0.854564 0.564741 0.409847 0.868077 0.817964 0.982430 0.648224 0.752490 0.067921 
0.120602 0.405789 0.038558 0.165319 0.549294 0.915693 0.475773 0.418235 0.905024 0.504970 0.288842 0.003898 0.838414 0.338819 0.439698 0.105067 0.825307 0.616429 0.267301 0.734685 0.455743 0.971840 0.010880 0.916194 0.653856 
0.638878 0.440240 0.501358 0.007274 0.182206 0.619763 0.850840 0.860958 0.347382 0.024977 0.998170 0.625356 0.175175 0.254495 0.842114 0.201773 0.613963 0.058299 0.780302 0.867116 0.532643 0.314483 0.343898 0.015565 0.174198 
0.557297 0.724726 0.043757 0.236937 0.355130 0.185462 0.532252 0.043708 0.525884 0.985913 0.561516 0.782281 0.824766 0.760935 0.556446 0.033565 0.353836 0.840153 0.447209 0.207011 0.926984 0.875275 0.459291 0.728799 0.873055 
0.939997 0.923239 0.799458 0.784193 0.631219 0.450364 0.358246 0.887061 0.863298 0.057684 0.017018 0.708565 0.974844 0.728266 0.776007 0.626106 0.771735 0.183532 0.833752 0.310668 0.250602 0.737520 0.840494 0.016093 0.506617 
0.120101 0.065545 0.682454 0.738917 0.841229 0.669301 0.973458 0.929607 0.155057 0.338952 0.066709 0.254295 0.451949 0.671154 0.919406 0.706662 0.771255 0.680394 0.171189 0.413276 0.308858 0.112232 0.714142 0.074768 0.507706 
0.501022 0.766238 0.174775 0.274835 0.558975 0.830546 0.479136 0.414126 0.859656 0.779060 0.994591 0.339377 0.589657 0.956651 0.027321 0.168873 0.699716 0.861454 0.665166 0.650555 0.170759 0.514059 0.585204 0.922976 0.180073 
0.584740 0.296308 0.276115 0.618345 0.014858 0.507192 0.133771 0.334200 0.904719 0.570872 0.129778 0.801220 0.334968 0.188959 0.448595 0.655465 0.963732 0.194946 0.105315 0.463325 0.736534 0.179849 0.415331 0.287235 0.169938 
0.405338 0.986503 0.613320 0.491130 0.658026 0.455636 0.987841 0.679493 0.975839 0.543229 0.174772 0.219567 0.957855 0.613887 0.482431 0.593955 0.322305 0.179001 0.673253 0.625288 0.122867 0.369277 0.518907 0.347562 0.918134 
0.887421 0.644188 0.727788 0.195896 0.854694 0.667713 0.718828 0.025660 0.654984 0.435177 0.847450 0.209882 0.941259 0.476909 0.066095 0.570823 0.020240 0.134141 0.157476 0.251849 0.988894 0.337801 0.454374 0.294584 0.367592 
0.277142 0.438159 0.610109 0.407109 0.374629 0.131843 0.378435 0.701218 0.839514 0.427893 0.306159 0.523213 0.457659 0.315084 0.436344 0.397862 0.914063 0.541346 0.333870 0.940162 0.997864 0.641417 0.341169 0.697194 0.828452 
0.238382 0.456359 0.213061 0.833411 0.775719 0.529761 0.959685 0.787467 0.660792 0.217225 0.325899 0.533855 0.844850 0.403616 0.745735 0.852060 0.000645 0.256016 0.915709 0.229235 0.385563 0.389153 0.395121 0.177122 0.484474 
0.236655 0.030963 0.171617 0.983113 0.851048 0.238612 0.103585 0.110685 0.614275 0.165309 0.375513 0.930636 0.611652 0.865358 0.227089 0.312249 0.614960 0.153773 0.810139 0.336325 0.545449 0.543874 0.508099 0.337452 0.763664 
0.309473 0.841542 0.396169 0.256149 0.414890 0.184229 0.121248 0.631472 0.596772 0.828832 0.798561 0.314990 0.485388 0.387757 0.799948 0.117229 0.698883 0.711112 0.445995 0.077201 0.516477 0.168156 0.041179 0.079988 0.331321 
0.480984 0.860572 0.482387 0.627567 0.812673 0.768718 0.749242 0.417930 0.149371 0.163169 0.788306 0.910285 0.136995 0.725400 0.488436 0.440523 0.801106 0.262356 0.794178 0.630051 0.849194 0.041866 0.801228 0.411977 0.484708 
0.412058 0.479926 0.841234 0.935934 0.209111 0.918942 0.003205 0.634249 0.309470 0.040499 0.665442 0.802448 0.605878 0.763911 0.637463 0.557439 0.963238 0.583905 0.450078 0.798440 0.865777 0.833063 0.204090 0.311774 0.464211 
0.977626 0.221811 0.075088 0.532868 0.865254 0.958306 0.461427 0.984830 0.431991 0.170515 0.220053 0.152190 0.205425 0.522677 0.316985 0.011612 0.732810 0.260702 0.671869 0.287148 0.939887 0.791051 0.584507 0.677731 0.872009 
0.943868 0.321404 0.549152 0.422275 0.954001 0.850265 0.849522 0.765177 0.812955 0.086170 0.967041 0.695587 0.849688 0.175748 0.304750 0.590527 0.001944 0.546884 0.767518 0.611950 0.434722 0.143495 0.421570 0.126055 0.602810 
0.053236 0.636696 0.655411 0.926417 0.627229 0.560647 0.793715 0.571899 0.762946 0.334375 0.549888 0.558468 0.281317 0.431589 0.661918 0.943551 0.788305 0.668482 0.525149 0.330045 0.515889 0.486645 0.400602 0.136676 0.811684 

0.972244 0.336129 0.338397 0.787863 0.185093 0.771544 0.444060 0.628495 0.139373 0.762086 0.522276 0.730475 0.382956 0.301315 0.377599 0.445999 0.494012 0.127911 0.580502 0.406428 0.512880 0.305832 0.917668 0.709866 0.663338 
0.168010 0.337271 0.278083 0.826079 0.857705 0.449970 0.416303 0.693999 0.639557 0.232763 0.397120 0.817075 0.104177 0.959389 0.637987 0.276422 0.074892 0.285895 0.198125 0.766206 0.386890 0.075379 0.007107 0.848638 0.046061 
0.140844 0.360466 0.277155 0.515706 0.422136 0.313543 0.431858 0.979587 0.633879 0.673028 0.655735 0.222461 0.386951 0.248358 0.033228 0.385018 0.008384 0.748395 0.316796 0.957552 0.935071 0.609772 0.642442 0.711570 0.406989 
0.363069 0.518472 0.455102 0.323863 0.481812 0.802153 0.265880 0.046312 0.907393 0.082287 0.954430 0.534733 0.712550 0.417588 0.150217 0.790309 0.258502 0.052567 0.163334 0.089955 0.093501 0.361935 0.090814 0.130708 0.484192 
0.691359 0.897790 0.713104 0.199766 0.784384 0.448511 0.879607 0.427612 0.999420 0.021949 0.169876 0.855685 0.082479 0.879324 0.870384 0.959449 0.226221 0.849989 0.126407 0.254497 0.277874 0.885189 0.591141 0.859381 0.075385 
0.930767 0.685478 0.637733 0.240248 0.695562 0.800687 0.538203 0.101667 0.977986 0.721517 0.119821 0.887404 0.923504 0.839841 0.861411 0.783617 0.189696 0.150131 0.851788 0.939733 0.370729 0.568970 0.347106 0.517244 0.369075 
0.498435 0.742819 0.352460 0.057783 0.144194 0.267919 0.281289 0.391879 0.218676 0.096357 0.849775 0.063439 0.448900 0.834797 0.970715 0.317215 0.917767 0.361282 0.752384 0.601535 0.012459 0.991069 0.225898 0.504559 0.864811 
0.097505 0.529125 0.643587 0.967688 0.137043 0.008935 0.793562 0.653246 0.945661 0.121788 0.887826 0.056392 0.581193 0.549090 0.820529 0.523904 0.993415 0.153820 0.469635 0.416726 0.161994 0.328087 0.199698 0.343494 0.444432 
0.089184 0.900118 0.085429 0.623108 0.081071 0.194267 0.767835 0.647926 0.845181 0.973491 0.517489 0.234566 0.869372 0.930209 0.229840 0.980602 0.401826 0.951325 0.361600 0.280092 0.787608 0.802032 0.456966 0.577891 0.489918 
0.106185 0.476323 0.817188 0.459446 0.767351 0.393097 0.556473 0.722430 0.678819 0.572666 0.896418 0.627321 0.075231 0.776775 0.288878 0.454753 0.944175 0.006295 0.550476 0.753159 0.053114 0.103837 0.557977 0.656004 0.874060 
0.171995 0.289727 0.437200 0.705709 0.461879 0.916959 0.021405 0.965969 0.623306 0.603728 0.599569 0.122642 0.701759 0.476735 0.061509 0.929097 0.198644 0.097602 0.754092 0.371415 0.955598 0.398392 0.743525 0.841092 0.245466 
0.723160 0.359862 0.414125 0.243896 0.532044 0.849732 0.838506 0.907315 0.927689 0.673846 0.084818 0.886943 0.703429 0.895580 0.919730 0.820217 0.816190 0.407647 0.805945 0.095116 0.871261 0.249331 0.508930 0.414082 0.742429 
0.191365 0.458235 0.602120 0.849803 0.712120 0.906900 0.465151 0.246766 0.053698 0.001297 0.692298 0.434439 0.674411 0.580854 0.501683 0.289202 0.107755 0.668394 0.233161 0.532029 0.589640 0.879404 0.809710 0.532091 0.175160 
0.024088 0.249760 0.135728 0.359148 0.211388 0.151209 0.339061 0.009297 0.042410 0.266972 0.270056 0.692526 0.665890 0.038170 0.456181 0.661766 0.862761 0.797804 0.511396 0.223690 0.640254 0.375995 0.442482 0.614781 0.298148 
0.040613 0.599825 0.498518 0.265125 0.324470 0.423170 0.467963 0.947830 0.889602 0.587063 0.293939 0.660477 0.462674 0.644622 0.740192 0.681902 0.521950 0.546922 0.557867 0.216900 0.233610 0.501747 0.170394 0.984490 0.010775 
0.802141 0.287559 0.895938 0.189165 0.944941 0.073672 0.669821 0.546611 0.138784 0.312931 0.524401 0.738285 0.741794 0.680049 0.343785 0.464775 0.670933 0.528971 0.471793 0.572560 0.760766 0.370672 0.200437 0.128905 0.377742 
0.572101 0.705623 0.004942 0.488484 0.844249 0.278130 0.799487 0.192318 0.102481 0.906010 0.518164 0.656462 0.801786 0.667771 0.631595 0.153619 0.391133 0.135667 0.148330 0.494115 0.800896 0.005031 0.610117 0.058953 0.868755 
0.786692 0.189849 0.512656 0.354830 0.494222 0.022470 0.175651 0.532135 0.704828 0.294093 0.433306 0.431727 0.267443 0.512324 0.098976 0.064267 0.888934 0.151067 0.106843 0.477324 0.611512 0.778239 0.199603 0.823824 0.419333 
0.932237 0.785601 0.996182 0.869497 0.821975 0.145115 0.610420 0.699965 0.189540 0.758432 0.978118 0.871156 0.379445 0.875773 0.560595 0.543024 0.433773 0.311290 0.600125 0.430134 0.259256 0.053682 0.877016 0.442975 0.963422 
0.601425 0.975279 0.187895 0.525159 0.063845 0.052668 0.999912 0.196817 0.402766 0.407302 0.959721 0.941080 0.240053 0.524089 0.388598 0.777857 0.713666 0.534651 0.937005 0.303990 0.771938 0.585186 0.765935 0.548694 0.739815 
0.071463 0.793234 0.917296 0.456226 0.361139 0.956160 0.528679 0.897470 0.524753 0.171371 0.259877 0.453189 0.568232 0.896888 0.363045 0.902341 0.777016 0.870761 0.174241 0.049149 0.020108 0.400724 0.372847 0.812520 0.771392 
0.202257 0.369233 0.623011 0.325461 0.559711 0.038439 0.365753 0.610128 0.997542 0.730975 0.870862 0.110873 0.714539 0.635990 0.487581 0.691948 0.065485 0.656961 0.197115 0.420887 0.798081 0.798507 0.227172 0.125576 0.320244 
0.134578 0.201960 0.095848 0.292639 0.672541 0.920445 0.745369 0.546757 0.480715 0.986296 0.627997 0.914153 0.635894 0.528913 0.450879 0.905279 0.689157 0.583509 0.101779 0.036631 0.873402 0.660249 0.541198 0.981190 0.490252 
0.207706 0.513893 0.183704 0.789003 0.809633 0.725295 0.257596 0.407155 0.586188 0.456765 0.783348 0.383422 0.646749 0.713848 0.267560 0.028960 0.942109 0.116433 0.030317 0.061958 0.313037 0.304398 0.708662 0.115210 0.685085 
0.751187 0.459938 0.067153 0.390224 0.435605 0.202421 0.052223 0.591461 0.779509 0.244872 0.076518 0.858621 0.584912 0.588455 0.281161 0.803055 0.696313 0.789553 0.504729 0.215143 0.567945 0.109216 0.925343 0.130183 0.891796 

-2.477588 -1.637200 -2.635446 -1.881854 -1.522535 -2.941596 -1.814569 -1.833860 -1.531163 -2.897796 -2.475944 -2.939592 -2.224270 -1.924571 -1.406934 -1.603887 -0.792407 -0.987798 -3.021548 -2.338035 -2.378814 -1.757024 -1.754571 -3.469588 -3.028733 
-1.973736 -1.644479 -1.440577 -2.055886 -2.666597 -2.674912 -2.260033 -1.658670 -2.333519 -1.862669 -1.851290 -2.865920 -1.446061 -2.610137 -1.716400 -1.601174 -1.323692 -2.362233 -2.798092 -3.007204 -1.598973 -1.299622 -1.081811 -3.863088 -0.386935 
-0.632830 0.981647 0.822128 1.207764 -1.658990 -0.608046 -2.893097 -3.183120 -1.524994 -1.777864 -1.586662 -2.080504 -2.375948 -1.326610 -1.248303 -0.711205 -1.923072 -2.282192 -2.093264 -3.550384 -3.480054 -2.638889 -3.051852 -2.425155 -1.370363 
1.239492 1.514178 0.404834 0.855994 1.597904 -3.551602 -1.142524 -1.908652 -3.183994 -1.002308 -3.558721 -1.445271 1.964376 1.578298 -1.358267 -3.287023 -1.742545 -2.137583 -1.257246 -2.124511 -1.577043 -1.474367 -2.101768 -0.430891 -1.262480 
0.954889 1.584166 1.434125 0.313607 -3.009246 -0.921359 -2.395890 1.220772 2.157495 0.072974 1.602525 2.513419 1.253084 1.611096 -3.067993 -3.729460 -1.213711 -2.477682 -0.816587 -0.951190 -1.835274 -2.310933 -1.835225 -2.334929 -0.897617 
1.323592 1.546177 0.810717 0.357759 1.221282 0.710133 0.284252 0.423358 1.119812 3.222017 0.911137 2.334031 3.143021 2.173529 -1.938516 2.283339 -0.473464 -0.115781 -3.577733 -2.876569 -1.667322 -2.599314 -0.225554 0.152046 -0.030722 
0.908096 1.977635 1.493593 0.149012 0.805874 0.948116 0.705410 1.255520 0.793384 0.499584 3.771638 1.255881 1.752274 1.642101 2.636776 1.075530 -3.504690 -1.888333 -2.537415 -2.863567 0.128009 -0.373947 -0.291739 -0.076182 0.464156 
-0.034710 0.918252 0.657008 1.504469 0.684448 0.581532 1.367429 0.756112 2.014221 0.810974 1.651327 0.103380 2.721784 1.701011 2.421444 1.021467 -3.463193 -1.578461 0.314856 0.229489 -0.215348 -0.099959 -0.253322 -0.091929 0.127279 
0.569146 1.140593 0.545843 0.239748 0.280510 0.641703 1.653386 1.605687 1.673236 1.108665 1.551441 0.648544 2.350453 2.390055 2.425319 -0.037452 -0.274852 -1.691147 -2.239881 -0.107783 -0.404016 0.167019 0.056371 0.034279 -0.124575 
0.815263 1.044302 0.898686 0.751057 1.230144 0.315990 1.260222 0.892978 1.111985 1.397873 -1.358344 2.786109 1.336547 3.261668 1.790877 0.955151 -0.037316 -1.709211 -0.140722 0.275259 -0.272614 0.266909 0.228305 -0.136613 0.294427 
1.390495 1.361389 1.381209 1.594100 1.327037 1.639260 0.174590 1.682567 1.493570 0.582685 -0.561957 1.465643 2.996966 2.892173 2.014327 -0.364682 0.003657 -0.109093 0.021899 0.260301 0.043505 -0.036717 -0.180559 0.126773 0.106682 
0.997270 0.366468 0.759035 0.982245 1.371802 1.533392 1.739223 1.772780 1.103278 1.017879 -0.184218 2.026274 2.124041 3.142783 4.102398 3.307704 3.025922 -0.087153 0.074960 -0.124408 -0.388331 -0.025330 0.028127 -0.205980 -0.161380 
0.721601 1.315619 0.529870 1.260188 1.281691 1.837201 0.864187 0.603121 0.619094 0.629423 -1.809171 -1.065718 2.728880 3.232474 0.882144 0.628625 1.617297 2.934612 -0.000328 0.190386 0.085761 0.278010 -0.143899 -0.162936 -0.165279 
0.607402 0.552236 0.192710 1.058292 0.446373 0.543113 0.374763 0.666068 1.080123 0.361131 -0.728259 -1.108940 2.055645 0.279604 1.328331 2.504553 3.883678 2.098399 -0.176412 0.013974 0.219505 0.208791 0.289533 -0.345306 -0.027987 
0.446859 1.489878 0.952275 0.914333 0.850880 0.916674 1.136620 1.368192 1.794667 1.298455 -0.477837 -0.729836 2.580105 2.610782 2.466000 2.614414 1.982927 1.534053 2.653964 1.177338 0.891742 2.011488 -0.011071 -0.466134 -0.056327 
1.579423 0.931121 1.563243 0.545911 1.861136 -0.952709 -1.659428 -0.409071 -1.036659 0.672506 -1.131250 -0.731404 -1.676625 2.170190 0.689497 1.914153 1.542999 1.380235 1.436535 1.825991 3.406914 1.160868 -0.211647 -0.138997 -0.198673 
0.527708 1.299836 0.808785 0.869090 -1.007046 -0.269661 -1.243391 -0.933386 -0.973423 -1.096890 -0.914048 -1.089856 -1.156563 -1.103487 -0.983959 -0.791846 -1.443720 -0.373650 0.535847 2.666246 3.964970 1.216519 -0.172838 0.352086 -0.149552 
0.838062 1.259638 -0.630818 -1.475406 -1.320830 -0.515586 -1.133626 -1.442288 -1.742313 -0.505925 -1.003468 -1.066031 -1.196879 -0.834681 -0.737183 -0.902578 -0.848480 -0.752846 2.232073 1.203105 1.896524 0.133272 0.239978 0.461829 0.032903 
1.041379 0.626812 -0.711086 -1.850217 -1.624811 -0.620051 -0.516208 -1.054442 -1.039508 -1.063009 -1.311874 -2.017146 -1.157890 -1.462557 -0.490867 -0.575756 2.134112 0.958548 2.901597 1.181993 -0.256878 0.104454 0.073852 0.071784 0.459719 
0.992454 1.813648 -0.498480 -1.007795 -0.754543 -0.365142 -1.037581 -0.812282 -0.719007 -1.439633 -1.487279 -1.133779 -0.941045 -0.702635 -0.893747 -0.741479 3.027127 2.751669 3.035738 -0.073288 0.241422 -0.241355 0.034312 -0.108350 -0.017835 
0.919880 -1.700060 -1.480424 -1.117040 -0.979049 -1.724941 -1.369274 -1.494081 -0.798985 -0.182292 -1.374098 -1.695795 -0.727444 -1.988836 -0.959493 -1.271290 3.033499 2.685188 1.878044 -0.238532 -0.157026 0.166679 0.468829 -0.151398 -0.292760 
0.640368 -1.002124 -1.515654 -1.171537 -0.726941 -0.595707 -0.242667 -1.362771 -1.373241 -0.793142 -1.559102 -0.971776 -1.303384 -1.326426 -1.407254 -1.168428 2.293394 -1.074875 1.426109 -0.064269 -0.307018 0.007026 -0.264522 -0.043836 0.325934 
1.129635 0.676325 -0.251413 -0.808494 -1.618072 -1.848753 -0.973531 -1.460490 -1.036709 -1.146946 -1.117457 -1.238644 -0.973103 -1.133227 -0.523651 -1.056454 -1.351129 -0.988129 1.269512 0.816936 3.316384 2.878319 2.503489 0.206207 0.368307 
0.972848 0.803598 -0.596264 -1.509891 -1.626675 -1.589610 -1.008765 -1.077738 -1.349733 -0.406356 -1.438510 -1.100749 -1.821738 -0.920090 -0.593685 1.170952 1.945214 1.259918 1.754641 1.038096 1.405281 0.828299 0.085576 -0.240010 0.065453 
0.668307 0.967948 0.454161 1.391448 1.225358 -0.716305 -0.790476 -1.062207 -1.267064 -0.770852 -0.320764 -1.563085 -0.617594 -0.812985 -1.068170 3.561743 3.181967 3.078588 2.228526 0.944567 2.263257 0.028088 0.020630 -0.168422 0.050200 

2 2 2 2 2 2 2 2 2 2 2 2 2 2 2 2 2 2 2 2 2 2 2 2 2 
2 2 2 2 2 2 2 2 2 2 2 2 2 2 2 2 2 2 2 2 2 2 2 2 2 
2 1 1 1 2 2 2 2 2 2 2 2 2 2 2 2 2 2 2 2 2 2 2 2 2 
1 1 1 1 1 2 2 2 2 2 2 2 0 0 2 2 2 2 2 2 2 2 2 2 2 
1 1 1 1 2 2 2 1 1 0 0 0 0 0 2 2 2 2 2 2 2 2 2 2 2 
1 1 1 1 1 1 1 1 1 0 0 0 0 0 2 0 2 2 2 2 2 2 3 3 3 
1 1 1 1 1 1 1 1 1 1 0 0 0 0 0 0 2 2 2 2 3 3 3 3 3 
1 1 1 1 1 1 1 1 1 1 1 0 0 0 0 0 2 2 3 3 3 3 3 3 3 
1 1 1 1 1 1 1 1 1 1 1 1 0 0 0 3 3 2 2 3 3 3 3 3 3 
1 1 1 1 1 1 1 1 1 1 4 0 0 0 0 0 3 2 3 3 3 3 3 3 3 
1 1 1 1 1 1 1 1 1 1 4 0 0 0 0 3 3 3 3 3 3 3 3 3 3 
1 1 1 1 1 1 1 1 1 1 4 0 0 0 0 0 0 3 3 3 3 3 3 3 3 
1 1 1 1 1 1 1 1 1 1 4 4 0 0 0 0 0 0 3 3 3 3 3 3 3 
1 1 1 1 1 1 1 1 1 1 4 4 0 0 0 0 0 0 3 3 3 3 3 3 3 
1 1 1 1 1 1 1 1 1 1 4 4 0 0 0 0 0 0 0 0 0 0 3 3 3 
1 1 1 1 1 4 4 4 4 1 4 4 4 0 0 0 0 0 0 0 0 0 3 3 3 
1 1 1 1 4 4 4 4 4 4 4 4 4 4 4 4 4 4 0 0 0 0 3 3 3 
1 1 4 4 4 4 4 4 4 4 4 4 4 4 4 4 4 4 0 0 0 3 3 3 3 
1 1 4 4 4 4 4 4 4 4 4 4 4 4 4 4 0 0 0 0 3 3 3 3 3 
1 1 4 4 4 4 4 4 4 4 4 4 4 4 4 4 0 0 0 3 3 3 3 3 3 
1 4 4 4 4 4 4 4 4 4 4 4 4 4 4 4 0 0 0 3 3 3 3 3 3 
1 4 4 4 4 4 4 4 4 4 4 4 4 4 4 4 0 4 0 3 3 3 3 3 3 
1 1 4 4 4 4 4 4 4 4 4 4 4 4 4 4 4 4 0 0 0 0 0 3 3 
1 1 4 4 4 4 4 4 4 4 4 4 4 4 4 0 0 0 0 0 0 0 3 3 3 
1 1 1 1 1 4 4 4 4 4 4 4 4 4 4 0 0 0 0 0 0 3 3 3 3 

-2.0 -2.0 -2.0 -2.0 -2.0 -2.0 -2.0 -2.0 -2.0 -2.0 -2.0 -2.0 -2.0 -2.0 -2.0 -2.0 -2.0 -2.0 -2.0 -2.0 -2.0 -2.0 -2.0 -2.0 -2.0 
-2.0 -2.0 -2.0 -2.0 -2.0 -2.0 -2.0 -2.0 -2.0 -2.0 -2.0 -2.0 -2.0 -2.0 -2.0 -2.0 -2.0 -2.0 -2.0 -2.0 -2.0 -2.0 -2.0 -2.0 -2.0 
-2.0 1.0 1.0 1.0 -2.0 -2.0 -2.0 -2.0 -2.0 -2.0 -2.0 -2.0 -2.0 -2.0 -2.0 -2.0 -2.0 -2.0 -2.0 -2.0 -2.0 -2.0 -2.0 -2.0 -2.0 
1.0 1.0 1.0 1.0 1.0 -2.0 -2.0 -2.0 -2.0 -2.0 -2.0 -2.0 2.0 2.0 -2.0 -2.0 -2.0 -2.0 -2.0 -2.0 -2.0 -2.0 -2.0 -2.0 -2.0 
1.0 1.0 1.0 1.0 -2.0 -2.0 -2.0 1.0 1.0 2.0 2.0 2.0 2.0 2.0 -2.0 -2.0 -2.0 -2.0 -2.0 -2.0 -2.0 -2.0 -2.0 -2.0 -2.0 
1.0 1.0 1.0 1.0 1.0 1.0 1.0 1.0 1.0 2.0 2.0 2.0 2.0 2.0 -2.0 2.0 -2.0 -2.0 -2.0 -2.0 -2.0 -2.0 0.0 0.0 0.0 
1.0 1.0 1.0 1.0 1.0 1.0 1.0 1.0 1.0 1.0 2.0 2.0 2.0 2.0 2.0 2.0 -2.0 -2.0 -2.0 -2.0 0.0 0.0 0.0 0.0 0.0 
1.0 1.0 1.0 1.0 1.0 1.0 1.0 1.0 1.0 1.0 1.0 2.0 2.0 2.0 2.0 2.0 -2.0 -2.0 0.0 0.0 0.0 0.0 0.0 0.0 0.0 
1.0 1.0 1.0 1.0 1.0 1.0 1.0 1.0 1.0 1.0 1.0 1.0 2.0 2.0 2.0 0.0 0.0 -2.0 -2.0 0.0 0.0 0.0 0.0 0.0 0.0 
1.0 1.0 1.0 1.0 1.0 1.0 1.0 1.0 1.0 1.0 -1.0 2.0 2.0 2.0 2.0 2.0 0.0 -2.0 0.0 0.0 0.0 0.0 0.0 0.0 0.0 
1.0 1.0 1.0 1.0 1.0 1.0 1.0 1.0 1.0 1.0 -1.0 2.0 2.0 2.0 2.0 0.0 0.0 0.0 0.0 0.0 0.0 0.0 0.0 0.0 0.0 
1.0 1.0 1.0 1.0 1.0 1.0 1.0 1.0 1.0 1.0 -1.0 2.0 2.0 2.0 2.0 2.0 2.0 0.0 0.0 0.0 0.0 0.0 0.0 0.0 0.0 
1.0 1.0 1.0 1.0 1.0 1.0 1.0 1.0 1.0 1.0 -1.0 -1.0 2.0 2.0 2.0 2.0 2.0 2.0 0.0 0.0 0.0 0.0 0.0 0.0 0.0 
1.0 1.0 1.0 1.0 1.0 1.0 1.0 1.0 1.0 1.0 -1.0 -1.0 2.0 2.0 2.0 2.0 2.0 2.0 0.0 0.0 0.0 0.0 0.0 0.0 0.0 
1.0 1.0 1.0 1.0 1.0 1.0 1.0 1.0 1.0 1.0 -1.0 -1.0 2.0 2.0 2.0 2.0 2.0 2.0 2.0 2.0 2.0 2.0 0.0 0.0 0.0 
1.0 1.0 1.0 1.0 1.0 -1.0 -1.0 -1.0 -1.0 1.0 -1.0 -1.0 -1.0 2.0 2.0 2.0 2.0 2.0 2.0 2.0 2.0 2.0 0.0 0.0 0.0 
1.0 1.0 1.0 1.0 -1.0 -1.0 -1.0 -1.0 -1.0 -1.0 -1.0 -1.0 -1.0 -1.0 -1.0 -1.0 -1.0 -1.0 2.0 2.0 2.0 2.0 0.0 0.0 0.0 
1.0 1.0 -1.0 -1.0 -1.0 -1.0 -1.0 -1.0 -1.0 -1.0 -1.0 -1.0 -1.0 -1.0 -1.0 -1.0 -1.0 -1.0 2.0 2.0 2.0 0.0 0.0 0.0 0.0 
1.0 1.0 -1.0 -1.0 -1.0 -1.0 -1.0 -1.0 -1.0 -1.0 -1.0 -1.0 -1.0 -1.0 -1.0 -1.0 2.0 2.0 2.0 2.0 0.0 0.0 0.0 0.0 0.0 
1.0 1.0 -1.0 -1.0 -1.0 -1.0 -1.0 -1.0 -1.0 -1.0 -1.0 -1.0 -1.0 -1.0 -1.0 -1.0 2.0 2.0 2.0 0.0 0.0 0.0 0.0 0.0 0.0 
1.0 -1.0 -1.0 -1.0 -1.0 -1.0 -1.0 -1.0 -1.0 -1.0 -1.0 -1.0 -1.0 -1.0 -1.0 -1.0 2.0 2.0 2.0 0.0 0.0 0.0 0.0 0.0 0.0 
1.0 -1.0 -1.0 -1.0 -1.0 -1.0 -1.0 -1.0 -1.0 -1.0 -1.0 -1.0 -1.0 -1.0 -1.0 -1.0 2.0 -1.0 2.0 0.0 0.0 0.0 0.0 0.0 0.0 
1.0 1.0 -1.0 -1.0 -1.0 -1.0 -1.0 -1.0 -1.0 -1.0 -1.0 -1.0 -1.0 -1.0 -1.0 -1.0 -1.0 -1.0 2.0 2.0 2.0 2.0 2.0 0.0 0.0 
1.0 1.0 -1.0 -1.0 -1.0 -1.0 -1.0 -1.0 -1.0 -1.0 -1.0 -1.0 -1.0 -1.0 -1.0 2.0 2.0 2.0 2.0 2.0 2.0 2.0 0.0 0.0 0.0 
1.0 1.0 1.0 1.0 1.0 -1.0 -1.0 -1.0 -1.0 -1.0 -1.0 -1.0 -1.0 -1.0 -1.0 2.0 2.0 2.0 2.0 2.0 2.0 0.0 0.0 0.0 0.0 

-2.0 -2.0 -2.0 -2.0 -2.0 -2.0 -2.0 -2.0 -2.0 -2.0 -2.0 -2.0 -2.0 -2.0 -2.0 -2.0 -2.0 -2.0 -2.0 -2.0 -2.0 -2.0 -2.0 -2.0 -2.0 
-2.0 -2.0 -2.0 -2.0 -2.0 -2.0 -2.0 -2.0 -2.0 -2.0 -2.0 -2.0 -2.0 -2.0 -2.0 -2.0 -2.0 -2.0 -2.0 -2.0 -2.0 -2.0 -2.0 -2.0 -2.0 
-2.0 1.0 1.0 1.0 -2.0 -2.0 -2.0 -2.0 -2.0 -2.0 -2.0 -2.0 -2.0 -2.0 -2.0 -2.0 -2.0 -2.0 -2.0 -2.0 -2.0 -2.0 -2.0 -2.0 -2.0 
1.0 1.0 1.0 1.0 1.0 -2.0 -2.0 -2.0 -2.0 -2.0 -2.0 -2.0 2.0 2.0 -2.0 -2.0 -2.0 -2.0 -2.0 -2.0 -2.0 -2.0 -2.0 -2.0 -2.0 
1.0 1.0 1.0 1.0 -2.0 -2.0 -2.0 1.0 1.0 2.0 2.0 2.0 2.0 2.0 -2.0 -2.0 -2.0 -2.0 -2.0 -2.0 -2.0 -2.0 -2.0 -2.0 -2.0 
1.0 1.0 1.0 1.0 1.0 1.0 1.0 1.0 1.0 2.0 2.0 2.0 2.0 2.0 -2.0 2.0 -2.0 -2.0 -2.0 -2.0 -2.0 -2.0 0.0 0.0 0.0 
1.0 1.0 1.0 1.0 1.0 1.0 1.0 1.0 1.0 1.0 2.0 2.0 2.0 2.0 2.0 2.0 -2.0 -2.0 -2.0 -2.0 0.0 0.0 0.0 0.0 0.0 
1.0 1.0 1.0 1.0 1.0 1.0 1.0 1.0 1.0 1.0 1.0 2.0 2.0 2.0 2.0 2.0 -2.0 -2.0 0.0 0.0 0.0 0.0 0.0 0.0 0.0 
1.0 1.0 1.0 1.0 1.0 1.0 1.0 1.0 1.0 1.0 1.0 1.0 2.0 2.0 2.0 0.0 0.0 -2.0 -2.0 0.0 0.0 0.0 0.0 0.0 0.0 
1.0 1.0 1.0 1.0 1.0 1.0 1.0 1.0 1.0 1.0 -1.0 2.0 2.0 2.0 2.0 2.0 0.0 -2.0 0.0 0.0 0.0 0.0 0.0 0.0 0.0 
1.0 1.0 1.0 1.0 1.0 1.0 1.0 1.0 1.0 1.0 -1.0 2.0 2.0 2.0 2.0 0.0 0.0 0.0 0.0 0.0 0.0 0.0 0.0 0.0 0.0 
1.0 1.0 1.0 1.0 1.0 1.0 1.0 1.0 1.0 1.0 -1.0 2.0 2.0 2.0 2.0 2.0 2.0 0.0 0.0 0.0 0.0 0.0 0.0 0.0 0.0 
1.0 1.0 1.0 1.0 1.0 1.0 1.0 1.0 1.0 1.0 -1.0 -1.0 2.0 2.0 2.0 2.0 2.0 2.0 0.0 0.0 0.0 0.0 0.0 0.0 0.0 
1.0 1.0 1.0 1.0 1.0 1.0 1.0 1.0 1.0 1.0 -1.0 -1.0 2.0 2.0 2.0 2.0 2.0 2.0 0.0 0.0 0.0 0.0 0.0 0.0 0.0 
1.0 1.0 1.0 1.0 1.0 1.0 1.0 1.0 1.0 1.0 -1.0 -1.0 2.0 2.0 2.0 2.0 2.0 2.0 2.0 2.0 2.0 2.0 0.0 0.0 0.0 
1.0 1.0 1.0 1.0 1.0 -1.0 -1.0 -1.0 -1.0 1.0 -1.0 -1.0 -1.0 2.0 2.0 2.0 2.0 2.0 2.0 2.0 2.0 2.0 0.0 0.0 0.0 
1.0 1.0 1.0 1.0 -1.0 -1.0 -1.0 -1.0 -1.0 -1.0 -1.0 -1.0 -1.0 -1.0 -1.0 -1.0 -1.0 -1.0 2.0 2.0 2.0 2.0 0.0 0.0 0.0 
1.0 1.0 -1.0 -1.0 -1.0 -1.0 -1.0 -1.0 -1.0 -1.0 -1.0 -1.0 -1.0 -1.0 -1.0 -1.0 -1.0 -1.0 2.0 2.0 2.0 0.0 0.0 0.0 0.0 
1.0 1.0 -1.0 -1.0 -1.0 -1.0 -1.0 -1.0 -1.0 -1.0 -1.0 -1.0 -1.0 -1.0 -1.0 -1.0 2.0 2.0 2.0 2.0 0.0 0.0 0.0 0.0 0.0 
1.0 1.0 -1.0 -1.0 -1.0 -1.0 -1.0 -1.0 -1.0 -1.0 -1.0 -1.0 -1.0 -1.0 -1.0 -1.0 2.0 2.0 2.0 0.0 0.0 0.0 0.0 0.0 0.0 
1.0 -1.0 -1.0 -1.0 -1.0 -1.0 -1.0 -1.0 -1.0 -1.0 -1.0 -1.0 -1.0 -1.0 -1.0 -1.0 2.0 2.0 2.0 0.0 0.0 0.0 0.0 0.0 0.0 
1.0 -1.0 -1.0 -1.0 -1.0 -1.0 -1.0 -1.0 -1.0 -1.0 -1.0 -1.0 -1.0 -1.0 -1.0 -1.0 2.0 -1.0 2.0 0.0 0.0 0.0 0.0 0.0 0.0 
1.0 1.0 -1.0 -1.0 -1.0 -1.0 -1.0 -1.0 -1.0 -1.0 -1.0 -1.0 -1.0 -1.0 -1.0 -1.0 -1.0 -1.0 2.0 2.0 2.0 2.0 2.0 0.0 0.0 
1.0 1.0 -1.0 -1.0 -1.0 -1.0 -1.0 -1.0 -1.0 -1.0 -1.0 -1.0 -1.0 -1.0 -1.0 2.0 2.0 2.0 2.0 2.0 2.0 2.0 0.0 0.0 0.0 
1.0 1.0 1.0 1.0 1.0 -1.0 -1.0 -1.0 -1.0 -1.0 -1.0 -1.0 -1.0 -1.0 -1.0 2.0 2.0 2.0 2.0 2.0 2.0 0.0 0.0 0.0 0.0 

