0.870088 0.183461 0.101291 0.822761 0.223637 0.357027 0.080446 0.767071 0.461395 0.195013 0.536410 0.126928 0.784490 0.328561 0.514858 0.937529 0.125513 0.340046 0.485735 0.455669 0.141436 0.666791 0.168014 0.780295 0.842949 
0.818260 0.239484 0.858317 0.255551 0.713707 0.208331 0.800495 0.773071 0.432672 0.668989 0.886507 0.326057 0.941611 0.905894 0.656702 0.906543 0.801449 0.934493 0.109573 0.492502 0.858747 0.785491 0.664301 0.350681 0.468603 
0.147387 0.291881 0.950499 0.629311 0.836258 0.784620 0.640950 0.484260 0.013022 0.002942 0.068614 0.653063 0.584566 0.494808 0.345031 0.490889 0.891131 0.362793 0.447301 0.438685 0.764780 0.859226 0.766694 0.216024 0.271552 
0.726637 0.776938 0.879358 0.536776 0.918533 0.279248 0.912113 0.122149 0.331126 0.106595 0.777981 0.900106 0.604688 0.045985 0.221742 0.124734 0.989057 0.538992 0.049065 0.509597 0.257797 0.547939 0.399469 0.723477 0.269904 
0.625602 0.136482 0.476178 0.895041 0.625524 0.632960 0.477805 0.117604 0.797933 0.990565 0.362244 0.719392 0.816544 0.427620 0.848112 0.203649 0.768237 0.880557 0.518368 0.678489 0.487864 0.818022 0.232451 0.401990 0.352469 
0.578696 0.903231 0.997219 0.227435 0.998598 0.604162 0.184114 0.861007 0.279412 0.890308 0.027668 0.804608 0.938334 0.590587 0.549819 0.884337 0.130160 0.225942 0.203176 0.040067 0.749402 0.906800 0.475115 0.839360 0.483135 
0.588046 0.188392 0.977551 0.219519 0.005033 0.173704 0.956890 0.315710 0.728967 0.416641 0.202873 0.428109 0.287993 0.441740 0.252938 0.176957 0.510284 0.885800 0.457736 0.486309 0.041873 0.128649 0.435198 0.137209 0.032270 
0.132363 0.073790 0.288981 0.460603 0.585304 0.072798 0.559526 0.775077 0.826679 0.357849 0.701821 0.844912 0.736837 0.199395 0.508633 0.906673 0.449624 0.832696 0.590128 0.695749 0.387093 0.187458 0.475281 0.077918 0.213054 
0.239146 0.979795 0.450954 0.433279 0.762793 0.606430 0.819766 0.678910 0.459526 0.287346 0.775080 0.206778 0.180695 0.649533 0.438997 0.971642 0.538147 0.876307 0.459405 0.940433 0.300856 0.711337 0.476886 0.925236 0.000953 
0.734287 0.708887 0.700492 0.946476 0.298412 0.918189 0.772737 0.307902 0.655978 0.742035 0.323382 0.051185 0.379782 0.298518 0.653131 0.301357 0.929108 0.982648 0.133400 0.881248 0.504689 0.333674 0.532402 0.710721 0.739368 
0.807237 0.594640 0.698026 0.157424 0.208633 0.788945 0.586307 0.349137 0.514523 0.974200 0.228228 0.927651 0.423789 0.106139 0.018152 0.463439 0.985817 0.700458 0.826989 0.046540 0.681795 0.814596 0.587235 0.582462 0.528294 
0.001848 0.049108 0.208595 0.246228 0.950978 0.724290 0.805275 0.679605 0.993047 0.173355 0.465135 0.255229 0.659184 0.735189 0.620561 0.608238 0.423599 0.469886 0.750748 0.509160 0.997145 0.509522 0.896078 0.834098 0.625732 
0.064920 0.333443 0.057091 0.573391 0.012673 0.425489 0.339045 0.198302 0.347082 0.118809 0.820737 0.147488 0.117807 0.382604 0.983624 0.069549 0.298471 0.209005 0.477306 0.062942 0.720559 0.195712 0.688083 0.522542 0.135010 
0.498417 0.150270 0.450385 0.610271 0.752126 0.110812 0.550167 0.243825 0.161187 0.500728 0.058726 0.318820 0.042375 0.615995 0.925232 0.875480 0.844290 0.963467 0.770384 0.534925 0.401757 0.063213 0.712819 0.157722 0.525669 
0.772592 0.746283 0.191593 0.913948 0.269646 0.015270 0.600639 0.006426 0.521745 0.170145 0.100891 0.973113 0.660458 0.185083 0.568371 0.681104 0.468809 0.999792 0.263756 0.147600 0.732459 0.269978 0.054262 0.565011 0.807046 
0.494206 0.221526 0.086713 0.335452 0.041909 0.643476 0.502693 0.809103 0.061839 0.375424 0.757307 0.438321 0.508263 0.977104 0.859646 0.639719 0.035628 0.955767 0.230584 0.183070 0.740460 0.694311 0.601149 0.657822 0.229721 
0.272192 0.862134 0.683995 0.986141 0.879504 0.380107 0.246912 0.973485 0.891727 0.787026 0.057987 0.579762 0.956841 0.496802 0.372975 0.213548 0.384268 0.596987 0.281276 0.503121 0.951176 0.999627 0.932444 0.283228 0.957033 
0.997944 0.547862 0.827835 0.800976 0.080922 0.056572 0.413556 0.056476 0.571418 0.671661 0.569612 0.138680 0.770211 0.238347 0.661966 0.333943 0.193978 0.804126 0.844444 0.527356 0.426304 0.579268 0.356256 0.621052 0.817209 
0.529810 0.096506 0.957852 0.946368 0.338923 0.642749 0.298048 0.852576 0.772559 0.817974 0.062404 0.593494 0.561219 0.651788 0.020985 0.340089 0.341627 0.258006 0.296513 0.329165 0.542957 0.300622 0.350604 0.896350 0.285593 
0.919234 0.814045 0.352277 0.315169 0.885214 0.922526 0.196884 0.318885 0.806786 0.390531 0.248890 0.298161 0.376206 0.976676 0.737848 0.046111 0.164040 0.656746 0.132234 0.934106 0.043389 0.803831 0.781318 0.591215 0.701763 
0.045273 0.422779 0.810659 0.553407 0.402739 0.560343 0.718231 0.946131 0.671152 0.911192 0.864945 0.483036 0.938007 0.506634 0.702337 0.046862 0.368816 0.048439 0.640098 0.181249 0.669876 0.046948 0.476481 0.023674 0.700725 
0.096298 0.301794 0.778632 0.190377 0.876304 0.519809 0.661036 0.192217 0.508880 0.009696 0.617544 0.385763 0.409974 0.179177 0.131725 0.991721 0.696667 0.774532 0.036359 0.360131 0.116456 0.508894 0.190769 0.983850 0.734117 
0.285847 0.912381 0.610328 0.343268 0.397146 0.195803 0.267027 0.591943 0.577640 0.593464 0.075435 0.501064 0.132926 0.069636 0.806794 0.778506 0.683403 0.767251 0.456183 0.820539 0.398393 0.517272 0.585139 0.660939 0.137849 
0.002762 0.699945 0.998232 0.159527 0.766358 0.933350 0.714788 0.790122 0.827898 0.500152 0.560579 0.152257 0.917015 0.943066 0.397553 0.236628 0.109628 0.102589 0.684253 0.661197 0.116210 0.962779 0.679869 0.884486 0.735013 
0.828822 0.431660 0.885176 0.019031 0.532409 0.619015 0.041195 0.754346 0.236095 0.863118 0.573830 0.889645 0.036570 0.191473 0.528713 0.879013 0.891248 0.909914 0.032821 0.905476 0.050806 0.824376 0.102047 0.396620 0.397306 

0.250925 0.958160 0.802543 0.505297 0.300440 0.402143 0.980408 0.014557 0.104434 0.109517 0.681094 0.952635 0.456130 0.568285 0.354581 0.732635 0.384090 0.392661 0.131353 0.603829 0.667705 0.664599 0.563878 0.072378 0.702906 
0.859929 0.233595 0.622330 0.811397 0.541915 0.759970 0.488383 0.136992 0.002634 0.304772 0.000952 0.212675 0.926431 0.460163 0.068734 0.774010 0.388183 0.191990 0.005182 0.748719 0.692263 0.816933 0.422917 0.052496 0.904169 
0.081718 0.701822 0.646215 0.776709 0.644251 0.679473 0.964243 0.511806 0.158988 0.177484 0.029071 0.889831 0.684797 0.727956 0.757060 0.360664 0.849122 0.943689 0.298113 0.312408 0.847916 0.359982 0.985237 0.518831 0.385294 
0.701963 0.456025 0.738561 0.485020 0.306983 0.305102 0.422458 0.680483 0.151813 0.627696 0.588620 0.509262 0.491065 0.870829 0.675582 0.406112 0.422080 0.908910 0.712797 0.716978 0.673621 0.618520 0.584119 0.245941 0.665836 
0.150142 0.555080 0.854403 0.768555 0.309115 0.840938 0.468221 0.682274 0.503886 0.733171 0.480833 0.313736 0.281532 0.881714 0.026561 0.844240 0.155721 0.991653 0.191249 0.766103 0.851763 0.321863 0.325879 0.413528 0.254705 
0.551873 0.728302 0.242056 0.514409 0.238416 0.824828 0.484413 0.102819 0.627671 0.147686 0.263733 0.897836 0.989145 0.363713 0.600971 0.143702 0.659402 0.063009 0.639470 0.551198 0.798274 0.101584 0.990628 0.942871 0.559978 
0.819096 0.571348 0.416540 0.455361 0.554025 0.847697 0.187324 0.285638 0.862091 0.684005 0.203796 0.950356 0.295555 0.253247 0.959238 0.493318 0.720851 0.119908 0.358327 0.933521 0.923193 0.768915 0.005321 0.172483 0.332647 
0.206145 0.860230 0.418848 0.938260 0.211231 0.712890 0.779506 0.674291 0.744281 0.298920 0.831508 0.258952 0.439310 0.837535 0.156298 0.995486 0.425857 0.545329 0.990664 0.203917 0.533758 0.231597 0.476832 0.978268 0.219702 
0.725735 0.302581 0.864976 0.514920 0.061107 0.933692 0.169757 0.020469 0.231092 0.616306 0.565207 0.512381 0.754281 0.508783 0.852661 0.876278 0.895009 0.006080 0.296157 0.326390 0.517302 0.275707 0.502974 0.260457 0.751758 
0.704233 0.714231 0.343163 0.245963 0.860782 0.155087 0.252227 0.125493 0.193133 0.418347 0.584485 0.043647 0.240325 0.218266 0.941361 0.237805 0.587534 0.706702 0.073105 0.286214 0.000151 0.069893 0.024252 0.426527 0.532678 
0.023388 0.313536 0.923696 0.735353 0.476245 0.358331 0.312401 0.865166 0.431656 0.659300 0.792061 0.117158 0.806414 0.003263 0.297724 0.374717 0.065318 0.376331 0.470722 0.010789 0.401973 0.923406 0.649083 0.978351 0.637343 
0.748269 0.924045 0.268726 0.798125 0.852515 0.820618 0.715902 0.856775 0.789652 0.077102 0.895023 0.595127 0.815741 0.486013 0.901343 0.278246 0.039658 0.531066 0.123668 0.707683 0.800083 0.204481 0.429904 0.465569 0.779685 
0.560031 0.867541 0.624634 0.588619 0.493967 0.797604 0.887264 0.747472 0.641929 0.954072 0.264328 0.659754 0.414683 0.533547 0.689154 0.420783 0.461897 0.642680 0.255531 0.682897 0.901597 0.331083 0.936943 0.701301 0.895705 
0.798025 0.501838 0.961339 0.640340 0.838135 0.340525 0.469224 0.165724 0.461628 0.512023 0.265630 0.877196 0.495114 0.165998 0.874704 0.586644 0.899845 0.448080 0.969857 0.598906 0.806198 0.749676 0.164005 0.490782 0.440816 
0.274029 0.495398 0.728121 0.363217 0.716334 0.027070 0.568005 0.296508 0.887740 0.827149 0.084149 0.319850 0.119753 0.072403 0.392900 0.336706 0.724612 0.870145 0.775162 0.874202 0.037231 0.892070 0.628124 0.035884 0.864414 
0.956668 0.115678 0.191227 0.544291 0.239832 0.871003 0.505222 0.955051 0.266600 0.231653 0.689858 0.736631 0.250320 0.733727 0.143265 0.397752 0.587866 0.745560 0.275641 0.950616 0.361788 0.759977 0.595618 0.024818 0.386709 
0.026385 0.932960 0.547511 0.291470 0.949927 0.263016 0.606469 0.977134 0.766831 0.341862 0.202235 0.763630 0.972736 0.288336 0.153501 0.602138 0.034213 0.786406 0.828464 0.913460 0.928950 0.065633 0.627120 0.943161 0.318331 
0.460331 0.946017 0.856457 0.965653 0.569298 0.106144 0.105034 0.716769 0.275827 0.661055 0.789031 0.680069 0.024246 0.129287 0.211964 0.958905 0.269643 0.465266 0.033109 0.273062 0.226366 0.260740 0.762803 0.633506 0.032266 
0.746952 0.015116 0.783257 0.750087 0.548704 0.226873 0.653014 0.286793 0.079208 0.096049 0.392175 0.297484 0.086007 0.297883 0.595054 0.815183 0.503789 0.656907 0.590512 0.532517 0.727611 0.685391 0.692403 0.141242 0.543202 
0.695549 0.075712 0.020615 0.121613 0.183045 0.056266 0.004624 0.858442 0.104795 0.843413 0.099720 0.077424 0.182954 0.017547 0.624119 0.708824 0.575392 0.900471 0.547467 0.821078 0.788282 0.025831 0.043072 0.314197 0.021518 
0.106549 0.001620 0.921489 0.786461 0.926601 0.524819 0.690469 0.147403 0.735735 0.966224 0.361296 0.867640 0.525916 0.577551 0.111976 0.924623 0.423647 0.586040 0.416994 0.406809 0.890646 0.396110 0.023388 0.231144 0.234891 
0.219702 0.924282 0.070480 0.061123 0.066914 0.390958 0.870726 0.190429 0.464813 0.874830 0.367038 0.170715 0.705044 0.333278 0.029320 0.414907 0.743135 0.819237 0.769216 0.974639 0.163227 0.667360 0.095468 0.994122 0.321017 
0.232945 0.036148 0.455960 0.884290 0.639904 0.031899 0.003227 0.317587 0.498597 0.538648 0.794966 0.886937 0.297858 0.778619 0.941743 0.486280 0.103776 0.407528 0.282167 0.115332 0.269654 0.665133 0.143941 0.554829 0.400042 
0.602767 0.273991 0.514379 0.689967 0.261225 0.539472 0.374841 0.590920 0.595603 0.787559 0.808778 0.932852 0.460054 0.285176 0.449203 0.815928 0.026775 0.565747 0.952348 0.358115 0.675916 0.369564 0.314247 0.579492 0.817195 
0.733267 0.067819 0.313162 0.399574 0.872479 0.693210 0.053558 0.313415 0.788199 0.097248 0.169196 0.843955 0.500184 0.189693 0.989590 0.516094 0.416922 0.965785 0.624557 0.090151 0.369631 0.458659 0.285099 0.394888 0.125089 

2.012839 0.939838 1.210201 2.332026 0.733822 1.272235 1.102035 1.310838 0.986893 0.422463 1.734174 1.330914 2.037843 1.402026 1.090338 2.928515 1.040137 1.298582 1.292091 1.656233 0.578169 2.150942 0.706261 1.526844 1.903320 
2.614496 1.149364 2.337654 1.207515 1.786814 1.001781 2.267780 1.813588 0.890738 1.759967 1.627177 0.837308 2.706153 2.359817 1.563395 2.594268 2.261655 2.378432 0.222418 1.741273 2.175393 2.485235 2.047136 0.436931 1.661772 
0.793807 1.443781 2.496744 2.009175 2.419821 2.013224 1.986737 1.602066 0.385958 0.028184 0.376316 2.281646 1.657000 1.955856 1.557960 1.180776 2.640656 1.645294 1.415238 1.177530 2.734164 2.237082 2.902857 1.116793 1.067842 
2.143927 1.654927 2.452365 1.481579 2.466317 1.153121 2.462122 1.070785 0.854922 0.762492 2.009881 2.701566 1.779275 1.324780 0.746701 0.397083 2.445692 1.483477 0.739407 1.747234 1.127439 1.774408 0.978373 1.550831 1.181007 
1.082532 0.831535 1.846433 2.671624 1.902977 1.975565 1.103701 0.809453 1.908882 3.092329 1.150912 1.823075 2.030071 1.746768 2.143591 1.391632 1.746230 2.624780 1.212145 2.185504 2.078690 1.981283 0.794210 1.129907 0.844100 
-1.388116 -1.571627 -0.314809 -0.636076 -0.224919 -1.435543 -0.834048 -0.430829 -1.344255 -0.096433 -0.751128 -1.719520 -2.038270 -0.710711 -1.055400 -0.477782 -1.254689 0.009205 -1.197305 -1.137142 -1.565594 -0.407237 -1.943663 -2.304594 -0.980414 
-1.594487 -0.972519 -0.769977 -0.753322 -1.407306 -1.449888 -0.195292 -0.709145 -2.003021 -1.614175 -0.553974 -1.854439 -0.831576 -0.477029 -2.013283 -1.009705 -1.247018 -0.311630 -0.387148 -1.679817 -1.905557 -1.097525 -0.115367 -0.060737 -0.116297 
-0.150093 -2.119979 -0.871450 -1.815671 -0.554821 -1.354291 -1.239808 -1.189701 -1.458166 -0.895729 -1.521227 -0.733332 -0.977967 -1.696834 -0.345750 -2.327751 -0.608748 -1.113705 -1.604172 -0.042829 -1.079788 -0.599419 -1.022326 -1.874555 -0.549391 
-2.031219 -0.834323 -1.710406 -0.896365 -0.230637 -2.176788 -0.733792 0.206881 -0.498431 -1.250257 -1.200185 -1.341658 -1.885016 -0.875454 -1.683949 -1.768360 -1.338449 0.070724 -0.553202 -0.561647 -0.841817 -0.181843 -1.098751 -0.304470 -1.669231 
-1.374721 -1.464901 -0.651536 -0.733605 -1.682458 -0.253739 -0.281445 -0.110770 -0.672912 -0.801465 -1.414056 0.001963 -0.835014 -0.271777 -1.876687 -0.603110 -1.255465 -1.346677 0.200051 -0.395347 0.119490 -0.089015 -0.107439 -0.501796 -1.031519 
-1.586080 -1.067585 -1.207906 -0.343756 -0.264239 -1.741533 -1.267284 -0.708594 -1.191847 -1.590523 -0.534366 -2.104832 -1.067985 0.009547 0.277357 -0.849815 -1.783402 -1.399868 -1.696488 0.360191 -1.425205 -1.722174 -1.336752 -1.222845 -0.789864 
0.071194 0.035003 -0.214262 -0.191564 -2.236888 -1.327772 -1.506174 -1.204293 -2.276519 -0.191276 -0.886743 -0.368068 -1.182699 -1.501943 -1.317486 -1.246186 -0.774348 -1.239043 -1.555791 -1.313154 -2.263697 -0.908677 -1.631517 -1.844930 -1.185463 
-0.047882 -0.505649 0.399518 -0.741099 -0.102077 -0.789978 -0.691489 -0.265705 -0.862423 0.086056 -1.981162 -0.410953 0.027986 -0.821367 -1.973461 -0.261709 -0.892032 -0.602733 -0.802083 -0.178493 -1.383813 -0.245062 -1.841330 -0.990806 -0.297683 
-0.798129 -0.484452 -0.722562 -1.241330 -1.475814 -0.038766 -0.991991 -0.462801 -0.069266 -0.994871 -0.119179 -0.580292 -0.659041 -1.149452 -1.700897 -1.902266 -1.794081 -1.943359 -1.784238 -0.413529 -1.044256 -0.282416 -1.214972 -0.466319 -1.181464 
-1.714603 -1.495627 -0.208932 -1.786403 -0.770427 0.138789 -0.969435 -0.123529 -1.065247 -0.520082 -0.406234 -1.937633 -1.386602 -0.254677 -1.145371 -1.538527 -1.169496 -2.006301 -0.616879 -0.154528 -1.733038 -0.719346 0.216444 -0.923300 -1.584322 
1.617895 0.101805 0.061916 1.010582 0.520888 1.291363 0.582761 1.167623 0.750257 -0.096569 0.190109 0.852791 0.034448 0.554543 -0.741488 0.039842 0.740859 0.636987 0.373625 1.656220 0.316824 0.810649 0.565546 -0.434995 0.649278 
-0.173825 0.821958 0.320051 -0.260635 0.836395 0.136766 1.079561 0.978376 0.749269 0.033974 0.739234 0.936639 1.011857 -0.042719 -0.066177 1.058166 -0.295547 0.696132 1.388737 1.418538 0.889474 -0.915757 0.311416 2.063393 -0.554598 
-0.019810 1.257610 0.830046 1.596021 1.188981 -0.038412 -0.146292 1.488185 0.154661 0.305904 0.825939 1.349231 -0.841987 0.075303 -0.302599 1.734569 0.330128 0.206740 -0.786934 -0.037869 0.006091 0.079603 1.277805 0.777171 -0.876986 
0.981282 0.208429 1.152439 0.478534 0.580575 -0.044452 0.984443 -0.482133 -0.651477 -0.638779 1.036086 -0.083748 -0.232023 -0.086356 1.425131 1.210113 0.587451 0.853294 0.803641 0.575012 0.520472 0.988426 1.247399 -0.418247 0.606642 
0.380187 -0.532600 -0.256250 -0.350444 -0.445072 -0.690086 -0.252531 1.002069 -0.398867 1.196188 0.115518 0.025940 0.099209 -0.740792 0.379097 1.228944 1.029203 0.993795 1.081519 0.647515 1.446676 -0.902289 -0.847256 0.211969 -0.440898 
-0.030618 0.364284 -0.044693 -0.704578 -0.628449 0.131989 -0.218717 1.351597 -0.391722 0.181743 0.688822 -0.431313 0.361687 0.079510 0.914026 -0.739530 0.071030 -0.538050 0.608559 -0.290391 -0.220344 -0.174507 0.372812 -0.170049 0.948554 
-0.042964 -0.367853 0.607564 0.217639 1.025505 -0.281375 0.092364 0.143904 0.159595 -1.013299 0.219762 0.066385 -0.296118 -0.059549 0.307524 0.312745 -0.115608 -0.020001 -0.619619 -0.612506 0.064285 -0.286673 0.008533 -0.071471 0.205782 
-0.095186 0.731733 -0.096069 -0.795696 0.042173 0.111084 0.690764 0.317160 0.429076 0.320185 -0.638731 -0.424798 -0.214542 -0.927426 -0.640927 0.413553 0.603220 0.161875 0.271107 0.704013 0.150587 -0.498728 0.179726 -0.196796 -0.461820 
-0.621075 0.718788 0.768397 -0.585261 0.435932 0.208711 0.448011 -0.009173 0.097225 0.225727 -0.530811 -0.558986 0.644394 0.763606 -0.131139 -0.418073 0.090548 -0.550095 -0.614202 0.733656 -0.438108 0.714871 0.262988 0.404644 0.305289 
0.116860 0.541305 0.246687 -0.289872 -0.658645 0.013035 -0.119979 0.270086 -0.548118 0.830630 0.710349 -0.064765 -0.851886 0.094516 -0.457643 0.197370 0.646870 0.199372 -0.595314 0.818180 -0.323834 0.057656 -0.341986 0.204344 0.447320 

0 0 0 0 0 0 0 0 0 0 0 0 0 0 0 0 0 0 0 0 0 0 0 0 0 
0 0 0 0 0 0 0 0 0 0 0 0 0 0 0 0 0 0 0 0 0 0 0 0 0 
0 0 0 0 0 0 0 0 0 0 0 0 0 0 0 0 0 0 0 0 0 0 0 0 0 
0 0 0 0 0 0 0 0 0 0 0 0 0 0 0 0 0 0 0 0 0 0 0 0 0 
0 0 0 0 0 0 0 0 0 0 0 0 0 0 0 0 0 0 0 0 0 0 0 0 0 
1 1 1 1 1 1 1 1 1 1 1 1 1 1 1 1 1 1 1 1 1 1 1 1 1 
1 1 1 1 1 1 1 1 1 1 1 1 1 1 1 1 1 1 1 1 1 1 1 1 1 
1 1 1 1 1 1 1 1 1 1 1 1 1 1 1 1 1 1 1 1 1 1 1 1 1 
1 1 1 1 1 1 1 1 1 1 1 1 1 1 1 1 1 1 1 1 1 1 1 1 1 
1 1 1 1 1 1 1 1 1 1 1 1 1 1 1 1 1 1 1 1 1 1 1 1 1 
2 2 2 2 2 2 2 2 2 2 2 2 2 2 2 2 2 2 2 2 2 2 2 2 2 
2 2 2 2 2 2 2 2 2 2 2 2 2 2 2 2 2 2 2 2 2 2 2 2 2 
2 2 2 2 2 2 2 2 2 2 2 2 2 2 2 2 2 2 2 2 2 2 2 2 2 
2 2 2 2 2 2 2 2 2 2 2 2 2 2 2 2 2 2 2 2 2 2 2 2 2 
2 2 2 2 2 2 2 2 2 2 2 2 2 2 2 2 2 2 2 2 2 2 2 2 2 
3 3 3 3 3 3 3 3 3 3 3 3 3 3 3 3 3 3 3 3 3 3 3 3 3 
3 3 3 3 3 3 3 3 3 3 3 3 3 3 3 3 3 3 3 3 3 3 3 3 3 
3 3 3 3 3 3 3 3 3 3 3 3 3 3 3 3 3 3 3 3 3 3 3 3 3 
3 3 3 3 3 3 3 3 3 3 3 3 3 3 3 3 3 3 3 3 3 3 3 3 3 
3 3 3 3 3 3 3 3 3 3 3 3 3 3 3 3 3 3 3 3 3 3 3 3 3 
4 4 4 4 4 4 4 4 4 4 4 4 4 4 4 4 4 4 4 4 4 4 4 4 4 
4 4 4 4 4 4 4 4 4 4 4 4 4 4 4 4 4 4 4 4 4 4 4 4 4 
4 4 4 4 4 4 4 4 4 4 4 4 4 4 4 4 4 4 4 4 4 4 4 4 4 
4 4 4 4 4 4 4 4 4 4 4 4 4 4 4 4 4 4 4 4 4 4 4 4 4 
4 4 4 4 4 4 4 4 4 4 4 4 4 4 4 4 4 4 4 4 4 4 4 4 4 

2.0 2.0 2.0 2.0 2.0 2.0 2.0 2.0 2.0 2.0 2.0 2.0 2.0 2.0 2.0 2.0 2.0 2.0 2.0 2.0 2.0 2.0 2.0 2.0 2.0 
2.0 2.0 2.0 2.0 2.0 2.0 2.0 2.0 2.0 2.0 2.0 2.0 2.0 2.0 2.0 2.0 2.0 2.0 2.0 2.0 2.0 2.0 2.0 2.0 2.0 
2.0 2.0 2.0 2.0 2.0 2.0 2.0 2.0 2.0 2.0 2.0 2.0 2.0 2.0 2.0 2.0 2.0 2.0 2.0 2.0 2.0 2.0 2.0 2.0 2.0 
2.0 2.0 2.0 2.0 2.0 2.0 2.0 2.0 2.0 2.0 2.0 2.0 2.0 2.0 2.0 2.0 2.0 2.0 2.0 2.0 2.0 2.0 2.0 2.0 2.0 
2.0 2.0 2.0 2.0 2.0 2.0 2.0 2.0 2.0 2.0 2.0 2.0 2.0 2.0 2.0 2.0 2.0 2.0 2.0 2.0 2.0 2.0 2.0 2.0 2.0 
0.0 0.0 0.0 0.0 0.0 0.0 0.0 0.0 0.0 0.0 0.0 0.0 0.0 0.0 0.0 0.0 0.0 0.0 0.0 0.0 0.0 0.0 0.0 0.0 0.0 
0.0 0.0 0.0 0.0 0.0 0.0 0.0 0.0 0.0 0.0 0.0 0.0 0.0 0.0 0.0 0.0 0.0 0.0 0.0 0.0 0.0 0.0 0.0 0.0 0.0 
0.0 0.0 0.0 0.0 0.0 0.0 0.0 0.0 0.0 0.0 0.0 0.0 0.0 0.0 0.0 0.0 0.0 0.0 0.0 0.0 0.0 0.0 0.0 0.0 0.0 
0.0 0.0 0.0 0.0 0.0 0.0 0.0 0.0 0.0 0.0 0.0 0.0 0.0 0.0 0.0 0.0 0.0 0.0 0.0 0.0 0.0 0.0 0.0 0.0 0.0 
0.0 0.0 0.0 0.0 0.0 0.0 0.0 0.0 0.0 0.0 0.0 0.0 0.0 0.0 0.0 0.0 0.0 0.0 0.0 0.0 0.0 0.0 0.0 0.0 0.0 
-2.0 -2.0 -2.0 -2.0 -2.0 -2.0 -2.0 -2.0 -2.0 -2.0 -2.0 -2.0 -2.0 -2.0 -2.0 -2.0 -2.0 -2.0 -2.0 -2.0 -2.0 -2.0 -2.0 -2.0 -2.0 
-2.0 -2.0 -2.0 -2.0 -2.0 -2.0 -2.0 -2.0 -2.0 -2.0 -2.0 -2.0 -2.0 -2.0 -2.0 -2.0 -2.0 -2.0 -2.0 -2.0 -2.0 -2.0 -2.0 -2.0 -2.0 
-2.0 -2.0 -2.0 -2.0 -2.0 -2.0 -2.0 -2.0 -2.0 -2.0 -2.0 -2.0 -2.0 -2.0 -2.0 -2.0 -2.0 -2.0 -2.0 -2.0 -2.0 -2.0 -2.0 -2.0 -2.0 
-2.0 -2.0 -2.0 -2.0 -2.0 -2.0 -2.0 -2.0 -2.0 -2.0 -2.0 -2.0 -2.0 -2.0 -2.0 -2.0 -2.0 -2.0 -2.0 -2.0 -2.0 -2.0 -2.0 -2.0 -2.0 
-2.0 -2.0 -2.0 -2.0 -2.0 -2.0 -2.0 -2.0 -2.0 -2.0 -2.0 -2.0 -2.0 -2.0 -2.0 -2.0 -2.0 -2.0 -2.0 -2.0 -2.0 -2.0 -2.0 -2.0 -2.0 
-1.0 -1.0 -1.0 -1.0 -1.0 -1.0 -1.0 -1.0 -1.0 -1.0 -1.0 -1.0 -1.0 -1.0 -1.0 -1.0 -1.0 -1.0 -1.0 -1.0 -1.0 -1.0 -1.0 -1.0 -1.0 
-1.0 -1.0 -1.0 -1.0 -1.0 -1.0 -1.0 -1.0 -1.0 -1.0 -1.0 -1.0 -1.0 -1.0 -1.0 -1.0 -1.0 -1.0 -1.0 -1.0 -1.0 -1.0 -1.0 -1.0 -1.0 
-1.0 -1.0 -1.0 -1.0 -1.0 -1.0 -1.0 -1.0 -1.0 -1.0 -1.0 -1.0 -1.0 -1.0 -1.0 -1.0 -1.0 -1.0 -1.0 -1.0 -1.0 -1.0 -1.0 -1.0 -1.0 
-1.0 -1.0 -1.0 -1.0 -1.0 -1.0 -1.0 -1.0 -1.0 -1.0 -1.0 -1.0 -1.0 -1.0 -1.0 -1.0 -1.0 -1.0 -1.0 -1.0 -1.0 -1.0 -1.0 -1.0 -1.0 
-1.0 -1.0 -1.0 -1.0 -1.0 -1.0 -1.0 -1.0 -1.0 -1.0 -1.0 -1.0 -1.0 -1.0 -1.0 -1.0 -1.0 -1.0 -1.0 -1.0 -1.0 -1.0 -1.0 -1.0 -1.0 
1.0 1.0 1.0 1.0 1.0 1.0 1.0 1.0 1.0 1.0 1.0 1.0 1.0 1.0 1.0 1.0 1.0 1.0 1.0 1.0 1.0 1.0 1.0 1.0 1.0 
1.0 1.0 1.0 1.0 1.0 1.0 1.0 1.0 1.0 1.0 1.0 1.0 1.0 1.0 1.0 1.0 1.0 1.0 1.0 1.0 1.0 1.0 1.0 1.0 1.0 
1.0 1.0 1.0 1.0 1.0 1.0 1.0 1.0 1.0 1.0 1.0 1.0 1.0 1.0 1.0 1.0 1.0 1.0 1.0 1.0 1.0 1.0 1.0 1.0 1.0 
1.0 1.0 1.0 1.0 1.0 1.0 1.0 1.0 1.0 1.0 1.0 1.0 1.0 1.0 1.0 1.0 1.0 1.0 1.0 1.0 1.0 1.0 1.0 1.0 1.0 
1.0 1.0 1.0 1.0 1.0 1.0 1.0 1.0 1.0 1.0 1.0 1.0 1.0 1.0 1.0 1.0 1.0 1.0 1.0 1.0 1.0 1.0 1.0 1.0 1.0 

1.0 1.0 1.0 1.0 1.0 1.0 1.0 1.0 1.0 1.0 1.0 1.0 1.0 1.0 1.0 1.0 1.0 1.0 1.0 1.0 1.0 1.0 1.0 1.0 1.0 
1.0 1.0 1.0 1.0 1.0 1.0 1.0 1.0 1.0 1.0 1.0 1.0 1.0 1.0 1.0 1.0 1.0 1.0 1.0 1.0 1.0 1.0 1.0 1.0 1.0 
1.0 1.0 1.0 1.0 1.0 1.0 1.0 1.0 1.0 1.0 1.0 1.0 1.0 1.0 1.0 1.0 1.0 1.0 1.0 1.0 1.0 1.0 1.0 1.0 1.0 
1.0 1.0 1.0 1.0 1.0 1.0 1.0 1.0 1.0 1.0 1.0 1.0 1.0 1.0 1.0 1.0 1.0 1.0 1.0 1.0 1.0 1.0 1.0 1.0 1.0 
1.0 1.0 1.0 1.0 1.0 1.0 1.0 1.0 1.0 1.0 1.0 1.0 1.0 1.0 1.0 1.0 1.0 1.0 1.0 1.0 1.0 1.0 1.0 1.0 1.0 
-2.0 -2.0 -2.0 -2.0 -2.0 -2.0 -2.0 -2.0 -2.0 -2.0 -2.0 -2.0 -2.0 -2.0 -2.0 -2.0 -2.0 -2.0 -2.0 -2.0 -2.0 -2.0 -2.0 -2.0 -2.0 
-2.0 -2.0 -2.0 -2.0 -2.0 -2.0 -2.0 -2.0 -2.0 -2.0 -2.0 -2.0 -2.0 -2.0 -2.0 -2.0 -2.0 -2.0 -2.0 -2.0 -2.0 -2.0 -2.0 -2.0 -2.0 
-2.0 -2.0 -2.0 -2.0 -2.0 -2.0 -2.0 -2.0 -2.0 -2.0 -2.0 -2.0 -2.0 -2.0 -2.0 -2.0 -2.0 -2.0 -2.0 -2.0 -2.0 -2.0 -2.0 -2.0 -2.0 
-2.0 -2.0 -2.0 -2.0 -2.0 -2.0 -2.0 -2.0 -2.0 -2.0 -2.0 -2.0 -2.0 -2.0 -2.0 -2.0 -2.0 -2.0 -2.0 -2.0 -2.0 -2.0 -2.0 -2.0 -2.0 
-2.0 -2.0 -2.0 -2.0 -2.0 -2.0 -2.0 -2.0 -2.0 -2.0 -2.0 -2.0 -2.0 -2.0 -2.0 -2.0 -2.0 -2.0 -2.0 -2.0 -2.0 -2.0 -2.0 -2.0 -2.0 
0.0 0.0 0.0 0.0 0.0 0.0 0.0 0.0 0.0 0.0 0.0 0.0 0.0 0.0 0.0 0.0 0.0 0.0 0.0 0.0 0.0 0.0 0.0 0.0 0.0 
0.0 0.0 0.0 0.0 0.0 0.0 0.0 0.0 0.0 0.0 0.0 0.0 0.0 0.0 0.0 0.0 0.0 0.0 0.0 0.0 0.0 0.0 0.0 0.0 0.0 
0.0 0.0 0.0 0.0 0.0 0.0 0.0 0.0 0.0 0.0 0.0 0.0 0.0 0.0 0.0 0.0 0.0 0.0 0.0 0.0 0.0 0.0 0.0 0.0 0.0 
0.0 0.0 0.0 0.0 0.0 0.0 0.0 0.0 0.0 0.0 0.0 0.0 0.0 0.0 0.0 0.0 0.0 0.0 0.0 0.0 0.0 0.0 0.0 0.0 0.0 
0.0 0.0 0.0 0.0 0.0 0.0 0.0 0.0 0.0 0.0 0.0 0.0 0.0 0.0 0.0 0.0 0.0 0.0 0.0 0.0 0.0 0.0 0.0 0.0 0.0 
2.0 2.0 2.0 2.0 2.0 2.0 2.0 2.0 2.0 2.0 2.0 2.0 2.0 2.0 2.0 2.0 2.0 2.0 2.0 2.0 2.0 2.0 2.0 2.0 2.0 
2.0 2.0 2.0 2.0 2.0 2.0 2.0 2.0 2.0 2.0 2.0 2.0 2.0 2.0 2.0 2.0 2.0 2.0 2.0 2.0 2.0 2.0 2.0 2.0 2.0 
2.0 2.0 2.0 2.0 2.0 2.0 2.0 2.0 2.0 2.0 2.0 2.0 2.0 2.0 2.0 2.0 2.0 2.0 2.0 2.0 2.0 2.0 2.0 2.0 2.0 
2.0 2.0 2.0 2.0 2.0 2.0 2.0 2.0 2.0 2.0 2.0 2.0 2.0 2.0 2.0 2.0 2.0 2.0 2.0 2.0 2.0 2.0 2.0 2.0 2.0 
2.0 2.0 2.0 2.0 2.0 2.0 2.0 2.0 2.0 2.0 2.0 2.0 2.0 2.0 2.0 2.0 2.0 2.0 2.0 2.0 2.0 2.0 2.0 2.0 2.0 
-1.0 -1.0 -1.0 -1.0 -1.0 -1.0 -1.0 -1.0 -1.0 -1.0 -1.0 -1.0 -1.0 -1.0 -1.0 -1.0 -1.0 -1.0 -1.0 -1.0 -1.0 -1.0 -1.0 -1.0 -1.0 
-1.0 -1.0 -1.0 -1.0 -1.0 -1.0 -1.0 -1.0 -1.0 -1.0 -1.0 -1.0 -1.0 -1.0 -1.0 -1.0 -1.0 -1.0 -1.0 -1.0 -1.0 -1.0 -1.0 -1.0 -1.0 
-1.0 -1.0 -1.0 -1.0 -1.0 -1.0 -1.0 -1.0 -1.0 -1.0 -1.0 -1.0 -1.0 -1.0 -1.0 -1.0 -1.0 -1.0 -1.0 -1.0 -1.0 -1.0 -1.0 -1.0 -1.0 
-1.0 -1.0 -1.0 -1.0 -1.0 -1.0 -1.0 -1.0 -1.0 -1.0 -1.0 -1.0 -1.0 -1.0 -1.0 -1.0 -1.0 -1.0 -1.0 -1.0 -1.0 -1.0 -1.0 -1.0 -1.0 
-1.0 -1.0 -1.0 -1.0 -1.0 -1.0 -1.0 -1.0 -1.0 -1.0 -1.0 -1.0 -1.0 -1.0 -1.0 -1.0 -1.0 -1.0 -1.0 -1.0 -1.0 -1.0 -1.0 -1.0 -1.0 

