0.411618 0.113730 0.625289 0.532696 0.322896 0.512544 0.809353 0.520331 0.484781 0.337747 0.188780 0.843240 0.403765 0.200304 0.898766 0.508047 0.880020 0.456686 0.453797 0.573032 0.807138 0.628831 0.395798 0.249962 0.867345 
0.998202 0.266158 0.350438 0.213975 0.558845 0.157572 0.887211 0.281153 0.071029 0.313172 0.709799 0.200902 0.348890 0.541527 0.398887 0.353616 0.309895 0.700626 0.088524 0.825397 0.360323 0.692915 0.142843 0.432868 0.392356 
0.757767 0.371595 0.838150 0.394681 0.379947 0.548921 0.322702 0.748872 0.066513 0.078560 0.335461 0.763101 0.384902 0.395588 0.871394 0.538291 0.068811 0.842506 0.627532 0.046384 0.803461 0.163794 0.037157 0.735103 0.726908 
0.692880 0.015730 0.478828 0.064666 0.030327 0.787246 0.887892 0.042097 0.569596 0.043713 0.108928 0.983478 0.301358 0.269690 0.831481 0.197274 0.193505 0.155488 0.271379 0.057801 0.929903 0.586537 0.335711 0.831601 0.600751 
0.821920 0.078226 0.531578 0.983166 0.578630 0.732014 0.468487 0.813738 0.408946 0.774922 0.628926 0.790755 0.654691 0.949478 0.158841 0.978953 0.022179 0.286815 0.437595 0.277033 0.567993 0.006153 0.131913 0.621501 0.563900 
0.406909 0.959789 0.541870 0.599787 0.193807 0.963898 0.332489 0.321264 0.102216 0.893517 0.267417 0.431464 0.889833 0.587911 0.189200 0.174793 0.441683 0.359891 0.807540 0.455267 0.212531 0.454242 0.826781 0.646872 0.418690 
0.092435 0.154237 0.184895 0.170396 0.346808 0.960621 0.931352 0.625970 0.714111 0.955197 0.304325 0.402577 0.771422 0.677125 0.942225 0.725850 0.355197 0.174611 0.184498 0.523577 0.068159 0.900422 0.763261 0.541058 0.475793 
0.246202 0.357634 0.292263 0.786222 0.438765 0.896436 0.545731 0.172713 0.768830 0.634497 0.411718 0.250416 0.585140 0.387188 0.772523 0.057853 0.129594 0.486451 0.746023 0.643372 0.786431 0.928883 0.237002 0.986087 0.596254 
0.332003 0.034051 0.946344 0.500600 0.641847 0.553441 0.992325 0.829461 0.536198 0.587097 0.888407 0.562268 0.751545 0.797298 0.404709 0.797552 0.407035 0.028607 0.510512 0.603656 0.720089 0.190727 0.277773 0.403331 0.452406 
0.675942 0.079194 0.624812 0.946358 0.405807 0.315495 0.499592 0.153825 0.064036 0.200898 0.036948 0.471008 0.600255 0.479394 0.116509 0.346630 0.047110 0.805433 0.377289 0.994513 0.694806 0.574127 0.746193 0.729511 0.402297 
0.556813 0.063441 0.766120 0.233948 0.723112 0.031529 0.776803 0.735358 0.367029 0.780253 0.349668 0.943435 0.468951 0.342172 0.382354 0.576494 0.310042 0.958826 0.449623 0.643205 0.361069 0.660386 0.112382 0.152533 0.088886 
0.369112 0.252547 0.631062 0.853459 0.512316 0.896149 0.566758 0.671945 0.731801 0.189696 0.538559 0.602507 0.280797 0.584865 0.272413 0.570005 0.233179 0.612019 0.897343 0.022031 0.424267 0.533442 0.905536 0.909137 0.009960 
0.519366 0.349527 0.707623 0.786867 0.307548 0.804584 0.925541 0.262872 0.909439 0.269171 0.982878 0.608469 0.771159 0.166504 0.796500 0.013135 0.957281 0.049818 0.232378 0.187028 0.783678 0.181611 0.153179 0.627106 0.946863 
0.019650 0.393264 0.612463 0.767188 0.423295 0.075661 0.705222 0.685346 0.455952 0.434585 0.028932 0.557097 0.388375 0.695027 0.358653 0.197714 0.916418 0.479406 0.790688 0.353702 0.324114 0.217229 0.456500 0.407467 0.513420 
0.194863 0.863713 0.286988 0.954678 0.561601 0.962209 0.453396 0.580983 0.700319 0.218875 0.642534 0.365676 0.885530 0.415064 0.464948 0.741833 0.673922 0.955184 0.241266 0.367769 0.744036 0.867492 0.216630 0.068535 0.164463 
0.768496 0.211621 0.022730 0.881467 0.199269 0.071658 0.002682 0.382572 0.353891 0.881473 0.775516 0.041227 0.156782 0.179008 0.054159 0.382583 0.207089 0.569035 0.536520 0.149884 0.598806 0.406715 0.846328 0.946270 0.545081 
0.304387 0.265635 0.237003 0.443741 0.632502 0.384881 0.616662 0.997787 0.690890 0.392839 0.705050 0.677787 0.510351 0.002221 0.715833 0.248434 0.511718 0.626977 0.738659 0.091410 0.297505 0.758686 0.609782 0.398019 0.859885 
0.117580 0.304420 0.853431 0.073360 0.826697 0.943336 0.814560 0.228336 0.272101 0.060347 0.001554 0.094355 0.686454 0.877774 0.592995 0.510801 0.840424 0.733179 0.253163 0.651104 0.848445 0.458649 0.807874 0.665009 0.179171 
0.079378 0.858114 0.331838 0.285792 0.615200 0.685528 0.679821 0.727900 0.531193 0.360356 0.119246 0.956896 0.425809 0.840650 0.608944 0.330018 0.414286 0.996371 0.991215 0.108350 0.801195 0.319358 0.074396 0.101925 0.991125 
0.524372 0.685486 0.705490 0.238812 0.987238 0.238930 0.427870 0.332661 0.024127 0.494942 0.371945 0.092915 0.012832 0.714597 0.830948 0.934823 0.505923 0.120882 0.755159 0.981892 0.158839 0.477807 0.778771 0.153185 0.472235 
0.113960 0.877979 0.333854 0.465491 0.661666 0.182070 0.113385 0.282746 0.483143 0.655814 0.085544 0.692492 0.048693 0.274801 0.305337 0.820696 0.770625 0.870705 0.906007 0.817156 0.563614 0.685024 0.692695 0.661873 0.452628 
0.991830 0.477285 0.238901 0.605829 0.012379 0.799081 0.153128 0.847292 0.753051 0.666263 0.186541 0.044003 0.112484 0.671519 0.244276 0.056039 0.338093 0.714753 0.827401 0.746052 0.337417 0.484207 0.045482 0.842295 0.696286 
0.646698 0.773908 0.387640 0.544300 0.710489 0.977435 0.662602 0.017923 0.649236 0.415388 0.339544 0.069194 0.490018 0.960937 0.300439 0.678750 0.143178 0.871693 0.560996 0.618738 0.461001 0.936771 0.075431 0.719755 0.288497 
0.266102 0.176005 0.862695 0.414841 0.599268 0.573301 0.966163 0.233391 0.545435 0.295493 0.556592 0.239608 0.496628 0.217269 0.859396 0.266920 0.966757 0.260668 0.436645 0.485890 0.927001 0.327021 0.687655 0.554404 0.806628 
0.198332 0.165441 0.520214 0.027390 0.517784 0.449785 0.590820 0.640289 0.626031 0.963954 0.543569 0.844511 0.776873 0.068475 0.372194 0.030926 0.034345 0.683748 0.488414 0.337658 0.980681 0.965310 0.513604 0.533359 0.855807 

0.015050 0.008636 0.410999 0.672292 0.826672 0.870715 0.272840 0.177493 0.611487 0.730184 0.159471 0.877720 0.459594 0.281629 0.924185 0.839358 0.425481 0.939139 0.033239 0.937929 0.971057 0.023733 0.413824 0.719202 0.497758 
0.527216 0.894237 0.389293 0.891240 0.659044 0.193760 0.777839 0.326933 0.077473 0.229010 0.275752 0.450146 0.094238 0.697046 0.850192 0.438783 0.839629 0.943868 0.287431 0.259309 0.573450 0.455391 0.832271 0.780662 0.201703 
0.404629 0.440723 0.611265 0.531998 0.360698 0.417480 0.727313 0.929709 0.381568 0.029127 0.616578 0.613857 0.568355 0.982646 0.969818 0.203227 0.678497 0.598184 0.368254 0.957915 0.181480 0.951108 0.573076 0.165907 0.967426 
0.609089 0.867095 0.516285 0.813057 0.045990 0.924230 0.118499 0.433802 0.846961 0.919839 0.908079 0.099181 0.799661 0.068533 0.465588 0.527032 0.289685 0.756880 0.422037 0.426680 0.090059 0.014946 0.054304 0.734091 0.290377 
0.349640 0.493653 0.007430 0.302910 0.548315 0.994361 0.439439 0.667958 0.143853 0.460419 0.357809 0.152645 0.268098 0.736148 0.775489 0.597073 0.549104 0.543179 0.463755 0.687728 0.175789 0.548917 0.380248 0.531208 0.134433 
0.192722 0.024192 0.436434 0.543009 0.528070 0.506146 0.220820 0.737741 0.982466 0.014713 0.648080 0.026677 0.682361 0.266817 0.857996 0.071590 0.366907 0.337590 0.720167 0.809170 0.605969 0.588412 0.378971 0.620988 0.344641 
0.935995 0.150892 0.161231 0.646377 0.397659 0.892732 0.297515 0.803169 0.639080 0.649765 0.032331 0.618559 0.054171 0.111378 0.676705 0.277188 0.375844 0.742570 0.778797 0.944922 0.674505 0.892866 0.975731 0.040628 0.912213 
0.066759 0.952224 0.606050 0.222395 0.507112 0.221662 0.102429 0.433856 0.278511 0.662597 0.272570 0.977890 0.462623 0.025854 0.829087 0.000920 0.799206 0.697725 0.117794 0.874862 0.967442 0.805720 0.189639 0.871959 0.236627 
0.760788 0.647575 0.198725 0.215095 0.548670 0.369493 0.987073 0.275864 0.333217 0.052954 0.644991 0.194537 0.043647 0.405558 0.711374 0.332498 0.203873 0.060070 0.989289 0.120767 0.232788 0.979557 0.254200 0.796315 0.892020 
0.772330 0.454729 0.790207 0.659256 0.192855 0.110540 0.198235 0.969671 0.551890 0.721501 0.013342 0.337734 0.318110 0.958297 0.373312 0.471110 0.041647 0.753207 0.738941 0.718764 0.612541 0.951464 0.398695 0.733329 0.422303 
0.247973 0.437034 0.808259 0.024172 0.991500 0.538073 0.591262 0.808457 0.335817 0.301647 0.232700 0.442473 0.369361 0.045176 0.844889 0.467952 0.988978 0.433641 0.134787 0.492310 0.621497 0.650160 0.490701 0.758182 0.530509 
0.338502 0.765433 0.911976 0.677857 0.239120 0.976445 0.154098 0.387532 0.292784 0.237960 0.352226 0.186212 0.037117 0.637614 0.368389 0.878992 0.118343 0.323723 0.468064 0.153306 0.837314 0.008317 0.028626 0.296218 0.023572 
0.862205 0.028894 0.005696 0.752309 0.099737 0.132602 0.619118 0.338943 0.128140 0.720375 0.417210 0.513940 0.477179 0.418757 0.616594 0.643156 0.598546 0.192307 0.867764 0.750593 0.314304 0.424275 0.243029 0.363488 0.349365 
0.582890 0.211156 0.378519 0.039821 0.229217 0.412831 0.511624 0.949276 0.857584 0.459006 0.832902 0.705518 0.724281 0.058623 0.352193 0.669410 0.861922 0.576055 0.480326 0.351654 0.269189 0.086364 0.468590 0.768676 0.112603 
0.339599 0.323908 0.369104 0.157369 0.166655 0.390194 0.804805 0.305683 0.952692 0.970605 0.059996 0.698087 0.166521 0.623547 0.387231 0.635165 0.518893 0.057899 0.918459 0.002411 0.686262 0.413881 0.577004 0.978357 0.025197 
0.344355 0.086683 0.992508 0.558698 0.392521 0.380847 0.512174 0.320613 0.566190 0.659472 0.653516 0.457494 0.435877 0.982937 0.870438 0.744606 0.895615 0.617380 0.557556 0.756760 0.190217 0.891227 0.296401 0.156704 0.689647 
0.588879 0.089491 0.953176 0.828957 0.018158 0.883580 0.915295 0.291905 0.724387 0.765542 0.627365 0.623348 0.475887 0.109019 0.179756 0.468352 0.647408 0.247777 0.439668 0.177355 0.029331 0.328381 0.055523 0.080557 0.576361 
0.258716 0.418497 0.499630 0.298423 0.169832 0.752891 0.638736 0.019452 0.041521 0.656564 0.592731 0.323178 0.105594 0.789922 0.849368 0.297835 0.804216 0.678161 0.656196 0.851044 0.533753 0.276792 0.421310 0.373159 0.149166 
0.678794 0.143554 0.285702 0.475273 0.069511 0.029575 0.192119 0.698469 0.382144 0.779315 0.919918 0.851305 0.622637 0.733069 0.705456 0.251062 0.794142 0.217425 0.622951 0.361227 0.239248 0.055941 0.021575 0.599189 0.635557 
0.731857 0.626112 0.994478 0.723120 0.524115 0.378586 0.924519 0.663456 0.613059 0.184363 0.284957 0.656478 0.396018 0.240760 0.489574 0.448466 0.048931 0.367642 0.360295 0.300139 0.356759 0.224625 0.285501 0.118431 0.064207 
0.770271 0.533138 0.011587 0.619447 0.514502 0.781811 0.678137 0.902548 0.592446 0.946641 0.661769 0.792017 0.792581 0.829788 0.617604 0.591367 0.694681 0.906355 0.134428 0.180929 0.496634 0.819909 0.792033 0.876898 0.860956 
0.641045 0.552756 0.181689 0.984817 0.034296 0.841344 0.843133 0.566778 0.988925 0.311971 0.486858 0.841187 0.905585 0.331147 0.908996 0.873048 0.767709 0.630699 0.449856 0.497457 0.016458 0.517273 0.763071 0.985251 0.621374 
0.429667 0.350683 0.487575 0.862167 0.898816 0.682143 0.471247 0.232254 0.243391 0.378229 0.422425 0.289503 0.492455 0.924065 0.227859 0.278357 0.709805 0.994016 0.107031 0.991777 0.550069 0.253812 0.084694 0.248969 0.590719 
0.952673 0.356630 0.874609 0.555058 0.738653 0.326570 0.645312 0.471703 0.077831 0.506807 0.259431 0.230844 0.416485 0.843373 0.915929 0.612850 0.101026 0.907191 0.948949 0.855890 0.449116 0.163830 0.725946 0.468015 0.032046 
0.666919 0.932974 0.974420 0.999806 0.063360 0.782128 0.595976 0.361580 0.454261 0.055779 0.155217 0.483040 0.349205 0.950776 0.691519 0.982021 0.969503 0.057897 0.652041 0.835072 0.795580 0.649903 0.683401 0.351956 0.871785 

-0.176925 -0.417093 -1.584492 -1.056845 0.191430 0.392392 -1.697394 -1.460642 -0.094240 -0.230314 0.468986 -0.836254 -0.088826 -0.253514 -1.090543 -0.726437 -1.159731 -0.037970 -0.761474 -0.010661 -0.406458 -1.372798 -0.272155 -0.072434 -1.274028 
-1.641461 -0.963218 -0.617285 -1.226253 -0.494442 -0.171657 -0.696992 -0.641891 -0.254379 -0.243983 -1.520419 0.315323 -0.801992 0.439061 0.486671 -0.617805 0.059145 -0.705318 0.071254 -2.130924 -0.505389 -0.758951 0.673851 -0.298429 -0.249716 
-0.836648 -0.430768 -1.283053 -0.976208 -0.170422 -0.487917 0.218296 -0.312856 0.313677 -0.157837 0.207869 -0.468741 0.097077 -0.145471 -0.664640 -0.676581 0.503559 -0.909748 -0.746417 0.976828 -0.912387 1.357412 1.126182 -1.530186 -0.045401 
-1.407201 -0.650178 -1.277675 0.084116 0.017494 -0.345854 -1.241607 0.223677 -0.288496 0.792719 1.110427 -2.013321 0.100664 -1.104847 -1.538864 -0.054557 -0.030366 -0.015916 -0.375942 0.252226 -1.933261 -1.028821 -0.699013 -0.545093 -0.813715 
-1.409254 -0.265280 -0.746980 -2.108822 -0.359309 -0.581774 -0.691527 -0.723232 -0.774842 -1.501224 -1.002629 -1.627596 -1.151729 -1.298600 0.351601 -1.589190 0.050847 -0.276830 -0.759208 -0.548779 -0.809919 0.807157 1.400780 2.660590 0.811917 
-0.406403 -0.738574 -0.680439 -1.454121 -1.261091 -1.485087 -0.104041 0.280027 0.332357 -2.322935 0.402555 -1.315639 -1.195231 -1.045703 0.861401 -0.148380 -0.765154 -0.134610 -0.839153 -0.056287 1.668968 1.734695 2.544456 2.636999 1.689795 
-1.745783 -0.088544 -0.383025 -0.543254 -0.631233 -0.704147 -1.087120 0.004850 -0.406456 -1.883901 -1.026450 0.221324 -1.902489 -0.161548 -1.105089 -1.270977 -0.786812 0.318839 0.390902 -0.481636 1.229314 3.340756 3.029872 1.578371 2.770449 
-0.429377 -1.010590 -0.912728 -1.077317 -0.959327 -0.579623 -0.419214 -0.136416 -1.543016 -0.456595 -0.623069 0.673414 -0.746092 0.212430 -1.929165 0.075250 0.227028 -0.240599 -1.671826 0.003362 3.193086 3.814600 0.554422 3.263466 1.444943 
-1.299147 -0.782827 -1.172793 -1.328613 -1.356014 -1.317834 -2.521548 -0.454250 -1.138585 -2.094221 -1.109646 -1.189395 -0.149422 -0.130649 -1.820632 -1.027517 0.194256 0.344819 2.689978 1.290237 2.229100 2.174996 1.353910 2.665645 2.442176 
-1.673031 -0.907515 -1.842861 -1.891854 -0.059544 -0.560208 -0.373089 -1.971235 -1.507922 -1.467158 0.643684 -0.806178 -0.432228 -1.690386 -0.311765 -0.675610 0.135561 3.324507 2.681184 3.310296 2.576699 2.573288 2.476084 3.182304 2.052539 
-0.689184 -0.550604 -0.803143 -0.273377 -1.555589 -1.349553 -0.870419 -1.582833 -0.844242 -1.082268 -0.343923 -0.586293 -0.910914 -0.222282 -1.684100 2.396048 2.667050 2.812916 1.053132 2.523412 1.855938 2.992200 1.451891 2.602806 1.039990 
-1.135054 -1.064733 -1.267839 -1.088039 -0.271748 -2.488352 -0.626735 -1.227726 -1.242060 -0.500320 -0.457655 -0.698033 -0.151577 1.877961 1.355348 3.230747 0.373123 2.004324 2.742984 0.685001 2.914261 0.989567 1.717274 2.131897 0.201129 
-1.665777 -0.554798 -0.494892 -1.852418 0.015397 0.231526 -1.276055 -1.286997 -0.399872 -1.819518 -1.266256 -1.433604 -0.631567 -0.694506 2.919875 1.706905 2.892212 0.019179 2.037848 1.686240 2.111484 0.985733 0.886076 2.576436 2.727510 
-0.566842 -0.740572 -0.799655 0.419468 -0.309771 -0.796966 -0.879687 -1.596434 -1.814726 -0.488506 -1.969238 -1.068702 -1.216659 0.046153 -0.431825 1.897932 3.907586 2.323404 2.480375 1.466874 1.252187 0.645341 1.670628 2.164102 1.184062 
-1.008449 -0.814249 -0.462203 0.041720 -0.480313 -0.324231 -1.808669 -0.356542 -1.991055 -2.138109 -0.028036 -1.893745 0.017302 -1.266547 1.590105 2.501725 2.287400 1.676280 2.217347 0.389673 2.838587 2.201051 1.566554 2.660833 0.320021 
-1.287863 -0.461538 -0.362675 -0.903925 -0.765154 -0.743179 -1.284231 -0.331133 -0.970798 -0.960803 -1.078009 -1.319859 -0.734586 -2.373259 -1.953695 2.356543 1.784747 3.027037 2.095402 1.675414 1.413137 2.708111 2.145947 2.332921 2.456656 
-0.606062 -0.222859 0.114651 -1.699478 0.463914 0.413848 0.835343 -0.547411 -1.713753 -1.765684 -1.558068 0.874527 0.913435 -0.069201 -0.165052 1.000213 2.701835 1.513765 2.232266 0.278714 0.256843 2.739134 1.763755 1.177287 2.925596 
-0.278474 -0.378449 0.790080 -0.532709 0.100300 1.096618 0.656331 0.005376 0.452927 -1.353200 -1.038772 -0.202413 0.867695 0.811808 -1.779469 1.319678 3.385932 2.693775 1.706282 3.084127 2.065413 1.665048 2.150074 1.863071 0.660858 
0.381466 0.997075 0.076812 0.202090 0.941654 0.473466 0.244776 0.771112 0.652648 0.531107 -0.039360 0.378984 0.283377 0.682022 -1.434150 -0.361580 2.389467 2.899971 2.989197 0.463556 2.003424 0.876249 0.558390 1.322469 3.403594 
0.722677 0.785743 0.306394 0.219570 0.790234 -0.020092 -0.106592 0.002695 -0.118354 0.574262 0.556027 -0.264470 -0.429268 -0.379915 -1.392700 -0.839919 -0.275022 1.226434 2.349641 3.184198 0.771757 1.322414 1.863710 0.163370 1.423642 
0.369316 0.922858 0.678506 0.125217 0.839674 -0.056823 0.489725 0.428483 0.386391 0.850999 0.275315 0.255077 0.225927 0.508578 -0.093389 -1.028285 -1.096015 -1.940584 2.430173 1.882041 1.769418 2.698920 -1.567491 2.755257 2.355128 
1.154232 0.956808 0.398192 0.732198 0.383989 1.055773 0.266101 0.662041 0.628800 0.402787 -0.002228 -0.091312 -0.158920 0.667902 0.611555 0.090447 -1.334706 -0.949848 -0.707188 2.099845 0.846146 2.121960 -1.592040 -2.072788 -1.211090 
0.283612 0.811151 0.288578 0.273151 0.532488 0.912003 0.929912 0.272635 0.781089 0.094516 0.445155 0.402998 0.606112 1.157743 0.317221 -0.667253 -2.197003 -2.244414 0.327741 -1.952879 -1.087765 -0.067246 -0.441250 -0.880211 -1.233642 
0.383095 -0.130369 1.091632 0.577156 0.593656 0.640137 0.749749 -0.098403 0.844413 0.057742 0.732961 0.383626 0.132084 0.131475 0.475573 0.390555 -0.108544 -2.251104 -1.830759 -2.080744 -1.021503 -0.429470 -1.608786 -1.382851 -0.381961 
0.460319 -0.126004 0.980681 0.249476 0.750417 0.613729 0.989119 0.370951 0.622054 0.893230 0.492175 0.542853 0.464332 0.351532 0.158645 -0.120181 -2.400885 -0.213245 -1.254658 -1.378871 -1.506493 -1.313321 -1.135110 -1.350381 -1.636768 

3 3 3 3 1 1 1 1 1 1 1 1 1 1 1 1 1 1 1 1 1 1 1 1 1 
3 3 3 3 1 1 1 1 1 1 1 1 1 1 1 1 1 1 1 1 1 1 1 1 1 
3 3 3 3 1 1 1 1 1 1 1 1 1 1 1 1 1 1 1 1 1 1 1 1 1 
3 3 3 1 1 1 1 1 1 1 1 1 1 1 1 1 1 1 1 1 1 1 1 1 1 
3 3 3 1 1 1 1 1 1 1 1 1 1 1 1 1 1 1 1 1 1 0 0 0 0 
3 3 3 3 3 1 1 1 1 1 1 1 1 1 1 1 1 1 1 1 0 0 0 0 0 
3 3 3 3 3 1 1 1 1 1 1 1 1 4 1 1 1 1 1 1 0 0 0 0 0 
3 3 3 3 3 4 4 1 1 1 1 1 1 4 4 4 1 1 1 1 0 0 0 0 0 
3 3 3 3 3 3 4 4 1 1 1 1 4 4 4 4 4 1 0 0 0 0 0 0 0 
3 3 3 3 4 4 4 4 4 4 4 4 4 4 4 4 0 0 0 0 0 0 0 0 0 
3 3 3 4 4 4 4 4 4 4 4 4 4 4 4 0 0 0 0 0 0 0 0 0 0 
3 3 3 4 4 4 4 4 4 4 4 4 4 0 0 0 0 0 0 0 0 0 0 0 0 
3 3 3 4 4 4 4 4 4 4 4 4 4 4 0 0 0 0 0 0 0 0 0 0 0 
3 3 3 4 4 4 4 4 4 4 4 4 4 4 4 0 0 0 0 0 0 0 0 0 0 
3 4 4 4 4 4 4 4 4 4 4 4 4 4 0 0 0 0 0 0 0 0 0 0 0 
3 4 2 4 4 4 4 4 4 4 4 4 4 4 4 0 0 0 0 0 0 0 0 0 0 
3 3 2 4 4 2 2 4 4 4 4 2 2 4 4 0 0 0 0 0 0 0 0 0 0 
3 2 2 2 2 2 2 4 2 4 4 2 2 2 4 0 0 0 0 0 0 0 0 0 0 
2 2 2 2 2 2 2 2 2 2 2 2 2 2 4 4 0 0 0 0 0 0 0 0 0 
2 2 2 2 2 2 2 2 2 2 2 2 4 4 4 4 4 0 0 0 0 0 0 0 0 
2 2 2 2 2 2 2 2 2 2 2 2 2 2 2 4 4 4 0 0 0 0 4 0 0 
2 2 2 2 2 2 2 2 2 2 2 2 2 2 2 2 4 4 4 0 0 0 4 4 4 
2 2 2 2 2 2 2 2 2 2 2 2 2 2 2 4 4 4 4 4 4 4 4 4 4 
2 2 2 2 2 2 2 2 2 2 2 2 2 2 2 2 4 4 4 4 4 4 4 4 4 
2 2 2 2 2 2 2 2 2 2 2 2 2 2 2 2 4 4 4 4 4 4 4 4 4 

-1.0 -1.0 -1.0 -1.0 -2.0 -2.0 -2.0 -2.0 -2.0 -2.0 -2.0 -2.0 -2.0 -2.0 -2.0 -2.0 -2.0 -2.0 -2.0 -2.0 -2.0 -2.0 -2.0 -2.0 -2.0 
-1.0 -1.0 -1.0 -1.0 -2.0 -2.0 -2.0 -2.0 -2.0 -2.0 -2.0 -2.0 -2.0 -2.0 -2.0 -2.0 -2.0 -2.0 -2.0 -2.0 -2.0 -2.0 -2.0 -2.0 -2.0 
-1.0 -1.0 -1.0 -1.0 -2.0 -2.0 -2.0 -2.0 -2.0 -2.0 -2.0 -2.0 -2.0 -2.0 -2.0 -2.0 -2.0 -2.0 -2.0 -2.0 -2.0 -2.0 -2.0 -2.0 -2.0 
-1.0 -1.0 -1.0 -2.0 -2.0 -2.0 -2.0 -2.0 -2.0 -2.0 -2.0 -2.0 -2.0 -2.0 -2.0 -2.0 -2.0 -2.0 -2.0 -2.0 -2.0 -2.0 -2.0 -2.0 -2.0 
-1.0 -1.0 -1.0 -2.0 -2.0 -2.0 -2.0 -2.0 -2.0 -2.0 -2.0 -2.0 -2.0 -2.0 -2.0 -2.0 -2.0 -2.0 -2.0 -2.0 -2.0 2.0 2.0 2.0 2.0 
-1.0 -1.0 -1.0 -1.0 -1.0 -2.0 -2.0 -2.0 -2.0 -2.0 -2.0 -2.0 -2.0 -2.0 -2.0 -2.0 -2.0 -2.0 -2.0 -2.0 2.0 2.0 2.0 2.0 2.0 
-1.0 -1.0 -1.0 -1.0 -1.0 -2.0 -2.0 -2.0 -2.0 -2.0 -2.0 -2.0 -2.0 0.0 -2.0 -2.0 -2.0 -2.0 -2.0 -2.0 2.0 2.0 2.0 2.0 2.0 
-1.0 -1.0 -1.0 -1.0 -1.0 0.0 0.0 -2.0 -2.0 -2.0 -2.0 -2.0 -2.0 0.0 0.0 0.0 -2.0 -2.0 -2.0 -2.0 2.0 2.0 2.0 2.0 2.0 
-1.0 -1.0 -1.0 -1.0 -1.0 -1.0 0.0 0.0 -2.0 -2.0 -2.0 -2.0 0.0 0.0 0.0 0.0 0.0 -2.0 2.0 2.0 2.0 2.0 2.0 2.0 2.0 
-1.0 -1.0 -1.0 -1.0 0.0 0.0 0.0 0.0 0.0 0.0 0.0 0.0 0.0 0.0 0.0 0.0 2.0 2.0 2.0 2.0 2.0 2.0 2.0 2.0 2.0 
-1.0 -1.0 -1.0 0.0 0.0 0.0 0.0 0.0 0.0 0.0 0.0 0.0 0.0 0.0 0.0 2.0 2.0 2.0 2.0 2.0 2.0 2.0 2.0 2.0 2.0 
-1.0 -1.0 -1.0 0.0 0.0 0.0 0.0 0.0 0.0 0.0 0.0 0.0 0.0 2.0 2.0 2.0 2.0 2.0 2.0 2.0 2.0 2.0 2.0 2.0 2.0 
-1.0 -1.0 -1.0 0.0 0.0 0.0 0.0 0.0 0.0 0.0 0.0 0.0 0.0 0.0 2.0 2.0 2.0 2.0 2.0 2.0 2.0 2.0 2.0 2.0 2.0 
-1.0 -1.0 -1.0 0.0 0.0 0.0 0.0 0.0 0.0 0.0 0.0 0.0 0.0 0.0 0.0 2.0 2.0 2.0 2.0 2.0 2.0 2.0 2.0 2.0 2.0 
-1.0 0.0 0.0 0.0 0.0 0.0 0.0 0.0 0.0 0.0 0.0 0.0 0.0 0.0 2.0 2.0 2.0 2.0 2.0 2.0 2.0 2.0 2.0 2.0 2.0 
-1.0 0.0 1.0 0.0 0.0 0.0 0.0 0.0 0.0 0.0 0.0 0.0 0.0 0.0 0.0 2.0 2.0 2.0 2.0 2.0 2.0 2.0 2.0 2.0 2.0 
-1.0 -1.0 1.0 0.0 0.0 1.0 1.0 0.0 0.0 0.0 0.0 1.0 1.0 0.0 0.0 2.0 2.0 2.0 2.0 2.0 2.0 2.0 2.0 2.0 2.0 
-1.0 1.0 1.0 1.0 1.0 1.0 1.0 0.0 1.0 0.0 0.0 1.0 1.0 1.0 0.0 2.0 2.0 2.0 2.0 2.0 2.0 2.0 2.0 2.0 2.0 
1.0 1.0 1.0 1.0 1.0 1.0 1.0 1.0 1.0 1.0 1.0 1.0 1.0 1.0 0.0 0.0 2.0 2.0 2.0 2.0 2.0 2.0 2.0 2.0 2.0 
1.0 1.0 1.0 1.0 1.0 1.0 1.0 1.0 1.0 1.0 1.0 1.0 0.0 0.0 0.0 0.0 0.0 2.0 2.0 2.0 2.0 2.0 2.0 2.0 2.0 
1.0 1.0 1.0 1.0 1.0 1.0 1.0 1.0 1.0 1.0 1.0 1.0 1.0 1.0 1.0 0.0 0.0 0.0 2.0 2.0 2.0 2.0 0.0 2.0 2.0 
1.0 1.0 1.0 1.0 1.0 1.0 1.0 1.0 1.0 1.0 1.0 1.0 1.0 1.0 1.0 1.0 0.0 0.0 0.0 2.0 2.0 2.0 0.0 0.0 0.0 
1.0 1.0 1.0 1.0 1.0 1.0 1.0 1.0 1.0 1.0 1.0 1.0 1.0 1.0 1.0 0.0 0.0 0.0 0.0 0.0 0.0 0.0 0.0 0.0 0.0 
1.0 1.0 1.0 1.0 1.0 1.0 1.0 1.0 1.0 1.0 1.0 1.0 1.0 1.0 1.0 1.0 0.0 0.0 0.0 0.0 0.0 0.0 0.0 0.0 0.0 
1.0 1.0 1.0 1.0 1.0 1.0 1.0 1.0 1.0 1.0 1.0 1.0 1.0 1.0 1.0 1.0 0.0 0.0 0.0 0.0 0.0 0.0 0.0 0.0 0.0 

-1.0 -1.0 -1.0 -1.0 1.0 1.0 1.0 1.0 1.0 1.0 1.0 1.0 1.0 1.0 1.0 1.0 1.0 1.0 1.0 1.0 1.0 1.0 1.0 1.0 1.0 
-1.0 -1.0 -1.0 -1.0 1.0 1.0 1.0 1.0 1.0 1.0 1.0 1.0 1.0 1.0 1.0 1.0 1.0 1.0 1.0 1.0 1.0 1.0 1.0 1.0 1.0 
-1.0 -1.0 -1.0 -1.0 1.0 1.0 1.0 1.0 1.0 1.0 1.0 1.0 1.0 1.0 1.0 1.0 1.0 1.0 1.0 1.0 1.0 1.0 1.0 1.0 1.0 
-1.0 -1.0 -1.0 1.0 1.0 1.0 1.0 1.0 1.0 1.0 1.0 1.0 1.0 1.0 1.0 1.0 1.0 1.0 1.0 1.0 1.0 1.0 1.0 1.0 1.0 
-1.0 -1.0 -1.0 1.0 1.0 1.0 1.0 1.0 1.0 1.0 1.0 1.0 1.0 1.0 1.0 1.0 1.0 1.0 1.0 1.0 1.0 2.0 2.0 2.0 2.0 
-1.0 -1.0 -1.0 -1.0 -1.0 1.0 1.0 1.0 1.0 1.0 1.0 1.0 1.0 1.0 1.0 1.0 1.0 1.0 1.0 1.0 2.0 2.0 2.0 2.0 2.0 
-1.0 -1.0 -1.0 -1.0 -1.0 1.0 1.0 1.0 1.0 1.0 1.0 1.0 1.0 -2.0 1.0 1.0 1.0 1.0 1.0 1.0 2.0 2.0 2.0 2.0 2.0 
-1.0 -1.0 -1.0 -1.0 -1.0 -2.0 -2.0 1.0 1.0 1.0 1.0 1.0 1.0 -2.0 -2.0 -2.0 1.0 1.0 1.0 1.0 2.0 2.0 2.0 2.0 2.0 
-1.0 -1.0 -1.0 -1.0 -1.0 -1.0 -2.0 -2.0 1.0 1.0 1.0 1.0 -2.0 -2.0 -2.0 -2.0 -2.0 1.0 2.0 2.0 2.0 2.0 2.0 2.0 2.0 
-1.0 -1.0 -1.0 -1.0 -2.0 -2.0 -2.0 -2.0 -2.0 -2.0 -2.0 -2.0 -2.0 -2.0 -2.0 -2.0 2.0 2.0 2.0 2.0 2.0 2.0 2.0 2.0 2.0 
-1.0 -1.0 -1.0 -2.0 -2.0 -2.0 -2.0 -2.0 -2.0 -2.0 -2.0 -2.0 -2.0 -2.0 -2.0 2.0 2.0 2.0 2.0 2.0 2.0 2.0 2.0 2.0 2.0 
-1.0 -1.0 -1.0 -2.0 -2.0 -2.0 -2.0 -2.0 -2.0 -2.0 -2.0 -2.0 -2.0 2.0 2.0 2.0 2.0 2.0 2.0 2.0 2.0 2.0 2.0 2.0 2.0 
-1.0 -1.0 -1.0 -2.0 -2.0 -2.0 -2.0 -2.0 -2.0 -2.0 -2.0 -2.0 -2.0 -2.0 2.0 2.0 2.0 2.0 2.0 2.0 2.0 2.0 2.0 2.0 2.0 
-1.0 -1.0 -1.0 -2.0 -2.0 -2.0 -2.0 -2.0 -2.0 -2.0 -2.0 -2.0 -2.0 -2.0 -2.0 2.0 2.0 2.0 2.0 2.0 2.0 2.0 2.0 2.0 2.0 
-1.0 -2.0 -2.0 -2.0 -2.0 -2.0 -2.0 -2.0 -2.0 -2.0 -2.0 -2.0 -2.0 -2.0 2.0 2.0 2.0 2.0 2.0 2.0 2.0 2.0 2.0 2.0 2.0 
-1.0 -2.0 0.0 -2.0 -2.0 -2.0 -2.0 -2.0 -2.0 -2.0 -2.0 -2.0 -2.0 -2.0 -2.0 2.0 2.0 2.0 2.0 2.0 2.0 2.0 2.0 2.0 2.0 
-1.0 -1.0 0.0 -2.0 -2.0 0.0 0.0 -2.0 -2.0 -2.0 -2.0 0.0 0.0 -2.0 -2.0 2.0 2.0 2.0 2.0 2.0 2.0 2.0 2.0 2.0 2.0 
-1.0 0.0 0.0 0.0 0.0 0.0 0.0 -2.0 0.0 -2.0 -2.0 0.0 0.0 0.0 -2.0 2.0 2.0 2.0 2.0 2.0 2.0 2.0 2.0 2.0 2.0 
0.0 0.0 0.0 0.0 0.0 0.0 0.0 0.0 0.0 0.0 0.0 0.0 0.0 0.0 -2.0 -2.0 2.0 2.0 2.0 2.0 2.0 2.0 2.0 2.0 2.0 
0.0 0.0 0.0 0.0 0.0 0.0 0.0 0.0 0.0 0.0 0.0 0.0 -2.0 -2.0 -2.0 -2.0 -2.0 2.0 2.0 2.0 2.0 2.0 2.0 2.0 2.0 
0.0 0.0 0.0 0.0 0.0 0.0 0.0 0.0 0.0 0.0 0.0 0.0 0.0 0.0 0.0 -2.0 -2.0 -2.0 2.0 2.0 2.0 2.0 -2.0 2.0 2.0 
0.0 0.0 0.0 0.0 0.0 0.0 0.0 0.0 0.0 0.0 0.0 0.0 0.0 0.0 0.0 0.0 -2.0 -2.0 -2.0 2.0 2.0 2.0 -2.0 -2.0 -2.0 
0.0 0.0 0.0 0.0 0.0 0.0 0.0 0.0 0.0 0.0 0.0 0.0 0.0 0.0 0.0 -2.0 -2.0 -2.0 -2.0 -2.0 -2.0 -2.0 -2.0 -2.0 -2.0 
0.0 0.0 0.0 0.0 0.0 0.0 0.0 0.0 0.0 0.0 0.0 0.0 0.0 0.0 0.0 0.0 -2.0 -2.0 -2.0 -2.0 -2.0 -2.0 -2.0 -2.0 -2.0 
0.0 0.0 0.0 0.0 0.0 0.0 0.0 0.0 0.0 0.0 0.0 0.0 0.0 0.0 0.0 0.0 -2.0 -2.0 -2.0 -2.0 -2.0 -2.0 -2.0 -2.0 -2.0 

