0.079399 0.165445 0.671169 0.699579 0.708958 0.623748 0.837622 0.552683 0.249493 0.441075 0.831098 0.580091 0.312364 0.909016 0.681521 0.424815 0.899485 0.374474 0.263863 0.337448 0.618016 0.822552 0.646758 0.430287 0.708615 
0.027845 0.807357 0.798930 0.960853 0.065420 0.145887 0.468398 0.943575 0.129718 0.213979 0.893902 0.198797 0.087303 0.602571 0.720113 0.112363 0.918378 0.277650 0.800201 0.741688 0.902700 0.476784 0.493904 0.938550 0.229209 
0.978088 0.833235 0.953371 0.352849 0.381483 0.472370 0.204203 0.233608 0.474738 0.531493 0.942953 0.161008 0.651743 0.949761 0.439930 0.718932 0.662555 0.174457 0.735980 0.765658 0.120864 0.255447 0.040605 0.786790 0.115627 
0.200306 0.581527 0.635526 0.819436 0.657482 0.000124 0.121378 0.068264 0.817547 0.679903 0.546752 0.283633 0.922329 0.964443 0.441496 0.418304 0.193584 0.928821 0.696735 0.904518 0.100642 0.555069 0.895367 0.177122 0.948476 
0.944261 0.570313 0.184427 0.663487 0.585429 0.425191 0.809581 0.121763 0.357204 0.226708 0.305146 0.595695 0.383096 0.308293 0.007953 0.353927 0.786413 0.592393 0.622828 0.255070 0.178999 0.316805 0.754862 0.660277 0.305574 
0.073524 0.526676 0.337884 0.219733 0.217446 0.608693 0.308271 0.542212 0.336262 0.171724 0.948225 0.460715 0.078480 0.376059 0.205676 0.480723 0.026164 0.918781 0.681798 0.365969 0.466717 0.927333 0.048134 0.528008 0.826647 
0.751414 0.481890 0.124469 0.305090 0.682579 0.059149 0.431948 0.042563 0.512124 0.955269 0.805475 0.431019 0.963889 0.862783 0.991906 0.400850 0.676426 0.977178 0.825954 0.963131 0.183576 0.881533 0.267890 0.258368 0.123387 
0.714880 0.182203 0.288513 0.342350 0.343975 0.610130 0.669576 0.567047 0.084180 0.715611 0.743557 0.541309 0.960277 0.156065 0.600594 0.846631 0.618045 0.106568 0.943480 0.217639 0.360950 0.359787 0.520007 0.962172 0.928428 
0.344665 0.570461 0.922843 0.939972 0.195830 0.295484 0.472451 0.522634 0.091070 0.495930 0.202155 0.281241 0.365730 0.799110 0.989018 0.827843 0.001092 0.144109 0.694321 0.514517 0.684146 0.482376 0.191453 0.969366 0.679078 
0.916427 0.103850 0.599621 0.359031 0.733809 0.683937 0.478534 0.345110 0.743200 0.692712 0.623244 0.512236 0.950579 0.779391 0.203569 0.924127 0.333799 0.407137 0.617868 0.317205 0.028887 0.624619 0.419108 0.897724 0.505087 
0.595398 0.564994 0.557872 0.732179 0.542026 0.296511 0.976970 0.252441 0.000378 0.964435 0.936441 0.131177 0.683428 0.931074 0.187896 0.981959 0.535500 0.171643 0.969403 0.535582 0.211357 0.741420 0.872825 0.644284 0.550333 
0.886070 0.778252 0.632214 0.030619 0.425427 0.359680 0.194202 0.000404 0.078711 0.338269 0.200296 0.674351 0.560385 0.104135 0.619908 0.970319 0.735503 0.372576 0.278739 0.457117 0.102221 0.216511 0.700116 0.190751 0.620606 
0.011639 0.440513 0.922512 0.683758 0.088545 0.070378 0.425055 0.984538 0.195669 0.673763 0.202103 0.489109 0.205574 0.823915 0.007450 0.957282 0.258928 0.949792 0.500911 0.120587 0.465883 0.786453 0.286085 0.901820 0.357247 
0.998208 0.515383 0.879511 0.353087 0.190524 0.267187 0.163245 0.068918 0.422266 0.373976 0.140188 0.045130 0.625618 0.037314 0.011892 0.349794 0.808864 0.920805 0.575073 0.849808 0.433620 0.626427 0.089250 0.890909 0.236210 
0.889300 0.161363 0.609190 0.655085 0.631649 0.149143 0.511711 0.940907 0.466464 0.292696 0.683269 0.279456 0.130247 0.698012 0.786102 0.897746 0.988016 0.048236 0.071334 0.414505 0.964501 0.340016 0.749898 0.226595 0.471072 
0.793608 0.922527 0.869977 0.040765 0.250321 0.165829 0.185233 0.673639 0.337391 0.707246 0.735758 0.428104 0.055944 0.367843 0.297797 0.974950 0.222004 0.779430 0.749861 0.792129 0.736829 0.734186 0.875800 0.145274 0.223930 
0.099764 0.076903 0.153260 0.325621 0.568461 0.299160 0.332967 0.524462 0.288145 0.323480 0.569794 0.989350 0.076529 0.125707 0.398850 0.318894 0.799932 0.421523 0.762654 0.330773 0.318664 0.112622 0.017707 0.258758 0.308346 
0.974901 0.712301 0.763390 0.657112 0.910970 0.987682 0.398351 0.264654 0.698998 0.814702 0.230758 0.276822 0.895962 0.258850 0.728292 0.760139 0.013096 0.088239 0.602010 0.806755 0.284524 0.810096 0.947028 0.258934 0.936567 
0.107588 0.910069 0.823017 0.030885 0.424033 0.356985 0.374996 0.831264 0.303570 0.110216 0.538259 0.590552 0.538142 0.187997 0.094476 0.693120 0.344157 0.337513 0.562449 0.120462 0.782656 0.093024 0.494303 0.724370 0.828055 
0.579922 0.961018 0.235901 0.240043 0.160559 0.628726 0.259634 0.449687 0.950618 0.954297 0.749763 0.577798 0.109890 0.361229 0.360741 0.809477 0.599979 0.791887 0.284567 0.412279 0.422036 0.915500 0.520398 0.746108 0.096155 
0.511412 0.364881 0.393713 0.416834 0.881434 0.993917 0.779149 0.822521 0.429294 0.546846 0.335845 0.738813 0.202817 0.755300 0.053828 0.975856 0.005667 0.165887 0.559109 0.728204 0.334278 0.870593 0.849108 0.231843 0.100787 
0.558354 0.218187 0.500984 0.740403 0.505101 0.230806 0.172901 0.814207 0.645078 0.090684 0.273737 0.586397 0.604177 0.969491 0.257988 0.817832 0.705317 0.504297 0.615878 0.256122 0.144272 0.728223 0.732492 0.395740 0.852394 
0.891483 0.617341 0.246195 0.791566 0.022066 0.564696 0.828945 0.052654 0.020264 0.627217 0.057516 0.711069 0.300381 0.957561 0.582119 0.008794 0.584779 0.693725 0.651801 0.616979 0.399936 0.384455 0.775999 0.145789 0.569247 
0.833951 0.351307 0.470134 0.951448 0.230656 0.677254 0.318260 0.857548 0.641376 0.285743 0.326818 0.709759 0.024552 0.334557 0.610878 0.343913 0.324254 0.857849 0.106469 0.845198 0.525213 0.099293 0.526453 0.557909 0.279014 
0.115622 0.099752 0.453449 0.940073 0.572481 0.545808 0.634960 0.386466 0.060223 0.002300 0.135050 0.340035 0.796899 0.453890 0.016808 0.319113 0.232844 0.083585 0.913686 0.697128 0.710157 0.763864 0.531730 0.842673 0.550401 

0.753256 0.971314 0.015033 0.362675 0.938565 0.524657 0.355455 0.977553 0.578059 0.267306 0.336352 0.502188 0.627908 0.066112 0.829788 0.025521 0.367249 0.798930 0.687102 0.151002 0.090142 0.679261 0.216280 0.982460 0.389261 
0.774135 0.101726 0.573704 0.094781 0.158100 0.372120 0.639040 0.812859 0.774528 0.739903 0.895755 0.225022 0.848794 0.999738 0.976887 0.628603 0.774365 0.253400 0.355393 0.319641 0.221747 0.519307 0.629477 0.105312 0.968871 
0.384232 0.249286 0.027851 0.666164 0.810798 0.741609 0.459344 0.120227 0.739006 0.527445 0.291015 0.508110 0.468914 0.034561 0.179724 0.917270 0.791771 0.258245 0.927099 0.937086 0.553674 0.483224 0.658540 0.959528 0.222225 
0.302462 0.749922 0.273344 0.173120 0.718445 0.651665 0.814318 0.544037 0.628501 0.020826 0.936834 0.611716 0.411719 0.973787 0.702286 0.463700 0.706388 0.387807 0.517018 0.047922 0.310540 0.297344 0.084932 0.600281 0.607214 
0.554235 0.477390 0.470167 0.779778 0.828755 0.181884 0.615559 0.275506 0.409232 0.532531 0.249800 0.755859 0.020963 0.151856 0.496598 0.674984 0.744311 0.646816 0.569564 0.462294 0.464231 0.077136 0.090409 0.459890 0.981906 
0.976646 0.348451 0.863331 0.532222 0.273471 0.900261 0.804935 0.979004 0.650467 0.279249 0.422605 0.246931 0.860277 0.014365 0.268964 0.888149 0.395477 0.584323 0.645438 0.878270 0.940159 0.782682 0.991694 0.190150 0.299419 
0.367832 0.801762 0.491578 0.447028 0.798118 0.061477 0.896529 0.382579 0.344952 0.888216 0.763922 0.766950 0.706159 0.157132 0.012822 0.996911 0.854736 0.959747 0.287652 0.629700 0.247673 0.339240 0.483514 0.551290 0.735679 
0.826534 0.363123 0.220217 0.379160 0.338479 0.569945 0.671501 0.948141 0.075961 0.821927 0.103579 0.822272 0.314108 0.708385 0.006865 0.269924 0.394314 0.767050 0.988561 0.866502 0.737841 0.365948 0.589412 0.410481 0.830529 
0.737089 0.977187 0.031742 0.355767 0.109400 0.597410 0.981246 0.237273 0.791881 0.797949 0.778657 0.237543 0.690406 0.022169 0.293517 0.030027 0.074547 0.406509 0.327316 0.643882 0.502322 0.586878 0.176588 0.262930 0.673073 
0.952151 0.074500 0.036709 0.889729 0.342461 0.036214 0.156318 0.982270 0.069883 0.930020 0.907115 0.921549 0.289841 0.616796 0.393412 0.751887 0.195879 0.716766 0.230940 0.998779 0.071893 0.328105 0.793025 0.645120 0.399640 
0.130972 0.600927 0.907807 0.870637 0.215214 0.875175 0.791632 0.109652 0.844638 0.322584 0.474698 0.107936 0.844088 0.083953 0.572140 0.582809 0.069695 0.806525 0.556621 0.879103 0.417060 0.268845 0.221261 0.796698 0.148057 
0.536047 0.505138 0.710765 0.879285 0.407135 0.508258 0.295794 0.444388 0.014733 0.804723 0.119266 0.341315 0.073029 0.275918 0.269547 0.267057 0.418786 0.827920 0.469234 0.278752 0.556087 0.358114 0.777257 0.223219 0.263929 
0.504147 0.259899 0.847788 0.339375 0.328113 0.531564 0.568894 0.803471 0.327432 0.173029 0.946714 0.791575 0.902463 0.235006 0.723870 0.026754 0.344725 0.308565 0.879300 0.806870 0.845716 0.685094 0.973468 0.563061 0.779537 
0.251524 0.522321 0.901302 0.018669 0.521226 0.568947 0.064731 0.952545 0.830091 0.827616 0.547392 0.947170 0.729415 0.758382 0.892991 0.871594 0.814578 0.747731 0.563858 0.364721 0.781090 0.791461 0.311385 0.929355 0.411947 
0.105939 0.607411 0.346571 0.024035 0.538262 0.334731 0.184566 0.450881 0.302458 0.695445 0.890794 0.242110 0.254463 0.040931 0.549106 0.018374 0.033233 0.994066 0.322763 0.288278 0.948164 0.025029 0.020862 0.395818 0.141166 
0.777185 0.557849 0.983198 0.713008 0.130280 0.789359 0.940306 0.530412 0.416561 0.153706 0.832685 0.495173 0.597326 0.977021 0.448049 0.537105 0.922524 0.517065 0.596019 0.111950 0.297258 0.274009 0.368669 0.937982 0.843375 
0.504346 0.753067 0.512157 0.313132 0.029392 0.776606 0.996687 0.951847 0.576174 0.415740 0.859269 0.079774 0.753746 0.289042 0.199523 0.802885 0.239062 0.345565 0.773474 0.050760 0.710961 0.714293 0.454339 0.784586 0.371558 
0.677619 0.562598 0.932969 0.385640 0.597914 0.360178 0.332202 0.058560 0.105908 0.638473 0.329243 0.040716 0.579742 0.217637 0.044353 0.309588 0.661309 0.057385 0.281515 0.480063 0.793074 0.436667 0.929317 0.036069 0.555553 
0.233148 0.635767 0.481308 0.762877 0.392564 0.786565 0.658937 0.890646 0.125813 0.742313 0.556715 0.294087 0.613484 0.933958 0.040615 0.257237 0.642024 0.099113 0.230880 0.358140 0.158627 0.533633 0.363651 0.101369 0.842827 
0.500525 0.395543 0.094777 0.068100 0.294995 0.150762 0.172495 0.313912 0.548653 0.918719 0.710679 0.331125 0.082818 0.797099 0.967559 0.160025 0.554416 0.657711 0.394760 0.819628 0.077919 0.533111 0.060894 0.103650 0.822688 
0.863156 0.951053 0.098967 0.636387 0.968217 0.626430 0.685306 0.128846 0.737492 0.832860 0.085691 0.689273 0.114565 0.299232 0.222286 0.105452 0.094788 0.966606 0.463010 0.871673 0.939358 0.437376 0.031685 0.965703 0.676385 
0.458735 0.724989 0.492378 0.196584 0.852929 0.065788 0.876511 0.882155 0.133792 0.156888 0.981019 0.161496 0.787744 0.004523 0.015478 0.369840 0.720345 0.203383 0.885421 0.066128 0.800473 0.711387 0.221403 0.666517 0.166085 
0.827787 0.198693 0.362741 0.737723 0.902143 0.293089 0.479338 0.320688 0.851132 0.257489 0.113798 0.463432 0.237917 0.558170 0.643021 0.885220 0.131383 0.958095 0.121311 0.403417 0.470228 0.550318 0.284694 0.471048 0.500745 
0.902006 0.938939 0.269325 0.066533 0.505260 0.087462 0.755198 0.622156 0.067128 0.707218 0.722865 0.877920 0.006751 0.184939 0.855360 0.070383 0.303006 0.078433 0.324580 0.692871 0.430253 0.223060 0.221435 0.237177 0.453171 
0.997082 0.552971 0.684659 0.776505 0.865486 0.010987 0.740097 0.051599 0.425177 0.807689 0.105121 0.608564 0.605565 0.382793 0.239157 0.398460 0.893190 0.952498 0.365475 0.749810 0.885465 0.427219 0.533411 0.272157 0.575590 

-0.608519 -0.845248 0.631133 0.166421 -0.408958 0.051776 0.235134 -0.425390 -0.588806 0.192115 0.199488 -0.151815 -0.002310 0.391558 -0.273501 0.240991 0.502907 -0.594310 -0.383567 0.240086 0.860744 0.216727 0.447029 -0.765640 0.177187 
-0.564144 0.816291 0.027579 0.668540 0.208555 -0.370840 -0.074484 0.136000 -0.796102 -0.680452 0.025324 -0.331947 -0.878385 -0.352450 -0.280170 -0.696915 0.386266 0.313247 0.229939 0.419709 0.672731 -0.093740 0.140699 0.936418 -0.858506 
0.482021 0.294999 0.956018 -0.304130 -0.554599 -0.048604 -0.233636 0.196656 -0.394349 -0.023372 0.731035 -0.606664 0.224032 0.691443 0.400252 -0.355953 -0.085163 -0.228590 0.004347 -0.126996 -0.046897 0.043722 -0.668402 -0.229994 0.072468 
0.037473 -0.282946 0.474840 0.667994 0.366624 -0.717665 -0.641670 -0.240410 -0.208895 0.751385 -0.280348 -0.174582 0.796129 0.005225 -0.417372 -0.128254 -0.372967 0.317289 0.071511 0.704647 -0.250020 0.191761 0.877567 -0.245514 0.254996 
0.706720 0.179191 -0.466946 0.177945 -0.368788 -0.048587 0.194633 -0.266889 -0.018222 0.140396 -0.114960 -0.184394 0.295878 0.045649 -0.474590 -0.165827 -0.071432 0.101794 0.242368 -0.120124 -0.128160 -0.236755 0.757651 0.381239 -0.744538 
-0.275137 -0.554916 -0.249493 0.055152 -0.303411 -0.533557 -0.484004 -0.539600 -0.488828 -0.206750 -0.828925 -0.514046 -0.047399 -0.322003 -0.226977 -0.515509 0.311797 -0.988607 -0.457157 -0.291268 -0.521374 -0.790392 -0.113133 -0.883899 -0.821840 
-0.895462 -0.281493 0.010124 -0.379726 -1.041711 0.032362 -0.375997 -0.379568 -0.568456 -0.662146 -0.574622 -0.732531 -1.160322 -0.694635 -1.091766 -0.684272 -0.381018 -0.970894 -0.981928 -1.052836 -0.211419 -1.191034 -0.421475 -0.104177 0.135660 
-0.559043 -0.029205 -0.313414 -0.270828 -0.337733 -0.643941 -0.206060 0.103078 0.033046 -0.666093 -0.543495 -0.558889 -0.919811 -0.236569 -0.440683 -0.842697 -0.778305 -0.001863 -0.661416 -0.217446 -0.410587 -0.501735 -0.819373 -1.016427 -1.106958 
0.042804 -0.649724 -0.840343 -0.912461 -0.195699 -0.187684 -0.539336 -0.395363 -0.078356 -0.693721 -0.186784 -0.211889 -0.276185 -0.871462 -0.862719 -0.642708 -0.093694 -0.560134 -0.673468 -0.442313 -0.526199 -0.995419 -0.090153 -0.923016 -0.689434 
-0.668953 0.040800 -0.305040 -0.455098 -0.806315 -0.909537 -0.689197 -0.382257 -0.944501 -0.239573 -1.040722 -0.520574 -1.116886 -0.736064 -0.241791 -0.539134 -0.194754 -0.531697 -0.686828 -0.187902 0.257908 -0.554683 -0.360988 -0.745413 -0.445611 
-1.269995 -2.118400 -2.880168 -3.172006 -1.728275 -2.228783 -3.420915 -0.773711 -1.710612 -2.495071 -2.786373 -0.425160 -2.866557 -1.918951 -1.479127 -3.320516 -1.352335 -1.995870 -2.987607 -2.765994 -1.280367 -2.336583 -2.450785 -2.777865 -1.618596 
-2.990497 -2.782866 -3.212592 -1.742497 -1.511477 -2.136309 -0.954458 -1.179560 -0.074312 -2.340748 -0.588228 -2.140875 -1.310996 -0.715340 -1.984258 -2.254204 -2.255063 -2.270941 -1.641440 -1.449229 -1.370153 -1.144675 -2.968825 -1.087955 -1.872717 
-1.265712 -1.644436 -3.285645 -2.255485 -0.935237 -1.452605 -1.635063 -3.749110 -1.135273 -1.537403 -2.499620 -2.556851 -1.957305 -2.410058 -1.317214 -1.870947 -1.328017 -2.455004 -2.932282 -1.811922 -2.943630 -2.948094 -2.600196 -2.766858 -2.244594 
-2.515686 -1.987462 -3.726221 -0.529494 -1.355431 -1.800717 -0.033116 -2.176659 -2.733123 -2.352106 -1.493615 -1.902490 -3.089018 -1.505632 -1.556653 -2.160896 -2.940831 -3.477957 -1.986252 -2.438574 -2.252605 -2.565939 -0.854158 -3.640623 -1.369341 
-2.070923 -1.798474 -2.074735 -1.137705 -2.016366 -0.850534 -1.018907 -2.811588 -1.634479 -1.821759 -3.142930 -1.118756 -0.798864 -1.565329 -2.798193 -2.075087 -1.807597 -1.802532 -0.880244 -1.751189 -3.976437 -1.055079 -1.097219 -1.439653 -1.756235 
3.279280 2.666470 3.813172 1.286276 1.146328 1.189161 2.163756 2.166409 1.415328 1.866345 3.258534 2.134037 1.382166 2.703338 1.727184 3.110177 1.932022 2.455720 3.074602 1.634856 2.074313 2.137779 2.280044 1.859303 2.055557 
1.274716 1.694657 1.299035 1.529005 1.354651 2.485615 2.883230 2.775768 1.314461 1.388515 3.152003 2.086298 1.597381 0.524570 1.164296 2.740511 1.583920 1.632653 2.952599 0.649202 1.968380 1.513117 0.727411 2.262816 1.298969 
3.384086 2.547677 3.129463 2.224663 3.000232 3.079356 1.823929 0.329584 2.163614 2.605289 1.316296 0.609615 3.263855 1.158575 1.367338 2.289869 1.253738 0.057638 1.576684 3.126434 1.830253 2.416313 3.775991 0.726360 3.032016 
0.862979 3.194075 2.525780 1.738808 1.554234 2.711070 2.221111 3.200899 0.648203 1.468898 2.322318 1.757104 2.032531 2.154119 0.401579 1.817314 1.830822 0.637637 1.442069 0.755442 2.154081 1.361251 1.636425 1.461800 3.570003 
2.118339 2.870372 0.707189 0.463889 1.258407 1.953726 0.904471 1.550470 2.923088 3.672870 3.105209 1.989427 0.523075 2.641614 2.787241 1.925268 2.237173 2.651289 1.582807 2.234861 0.821188 2.959226 0.901431 1.568500 2.138949 
0.770011 1.095472 0.184718 0.490360 0.957503 0.395067 0.738748 0.103971 0.488235 0.728043 0.514906 0.590289 0.055848 -0.357608 0.120537 -0.018527 0.241857 1.068642 0.282993 0.732644 0.838472 0.477425 -0.036608 1.096896 0.629842 
0.066118 1.153370 0.176297 0.047979 0.908131 0.004545 1.067766 1.181190 0.320715 0.292319 1.076981 0.251534 0.339377 0.191836 0.077510 0.559026 0.558347 0.367266 1.034742 0.119321 0.461133 0.626458 0.108909 0.662032 -0.228392 
0.851433 0.101120 0.129932 0.661905 1.029817 0.282151 0.428700 0.708553 0.670804 -0.073559 0.298331 0.707661 0.251074 0.503846 0.725660 0.904615 -0.163008 0.709496 0.394024 0.424752 0.443757 0.214478 0.402119 0.375345 0.643797 
0.616335 1.074038 0.501383 0.082519 0.987244 -0.087092 0.839578 0.347606 0.029403 0.798978 0.713594 0.870445 0.148006 0.298678 0.866116 0.051482 0.185612 0.230469 0.477912 0.399945 0.679131 0.164114 0.399491 0.437464 0.290690 
0.962422 0.448874 1.083901 0.994876 0.794998 0.005918 0.583314 0.173152 0.846578 1.111114 -0.201093 0.584603 0.225588 0.249023 -0.081699 0.163715 0.826561 1.317748 0.399923 1.053881 1.007253 0.526107 0.261717 0.442995 0.777060 

0 0 0 0 0 0 0 0 0 0 0 0 0 0 0 0 0 0 0 0 0 0 0 0 0 
0 0 0 0 0 0 0 0 0 0 0 0 0 0 0 0 0 0 0 0 0 0 0 0 0 
0 0 0 0 0 0 0 0 0 0 0 0 0 0 0 0 0 0 0 0 0 0 0 0 0 
0 0 0 0 0 0 0 0 0 0 0 0 0 0 0 0 0 0 0 0 0 0 0 0 0 
0 0 0 0 0 0 0 0 0 0 0 0 0 0 0 0 0 0 0 0 0 0 0 0 0 
1 1 1 1 1 1 1 1 1 1 1 1 1 1 1 1 1 1 1 1 1 1 1 1 1 
1 1 1 1 1 1 1 1 1 1 1 1 1 1 1 1 1 1 1 1 1 1 1 1 1 
1 1 1 1 1 1 1 1 1 1 1 1 1 1 1 1 1 1 1 1 1 1 1 1 1 
1 1 1 1 1 1 1 1 1 1 1 1 1 1 1 1 1 1 1 1 1 1 1 1 1 
1 1 1 1 1 1 1 1 1 1 1 1 1 1 1 1 1 1 1 1 1 1 1 1 1 
2 2 2 2 2 2 2 2 2 2 2 2 2 2 2 2 2 2 2 2 2 2 2 2 2 
2 2 2 2 2 2 2 2 2 2 2 2 2 2 2 2 2 2 2 2 2 2 2 2 2 
2 2 2 2 2 2 2 2 2 2 2 2 2 2 2 2 2 2 2 2 2 2 2 2 2 
2 2 2 2 2 2 2 2 2 2 2 2 2 2 2 2 2 2 2 2 2 2 2 2 2 
2 2 2 2 2 2 2 2 2 2 2 2 2 2 2 2 2 2 2 2 2 2 2 2 2 
3 3 3 3 3 3 3 3 3 3 3 3 3 3 3 3 3 3 3 3 3 3 3 3 3 
3 3 3 3 3 3 3 3 3 3 3 3 3 3 3 3 3 3 3 3 3 3 3 3 3 
3 3 3 3 3 3 3 3 3 3 3 3 3 3 3 3 3 3 3 3 3 3 3 3 3 
3 3 3 3 3 3 3 3 3 3 3 3 3 3 3 3 3 3 3 3 3 3 3 3 3 
3 3 3 3 3 3 3 3 3 3 3 3 3 3 3 3 3 3 3 3 3 3 3 3 3 
4 4 4 4 4 4 4 4 4 4 4 4 4 4 4 4 4 4 4 4 4 4 4 4 4 
4 4 4 4 4 4 4 4 4 4 4 4 4 4 4 4 4 4 4 4 4 4 4 4 4 
4 4 4 4 4 4 4 4 4 4 4 4 4 4 4 4 4 4 4 4 4 4 4 4 4 
4 4 4 4 4 4 4 4 4 4 4 4 4 4 4 4 4 4 4 4 4 4 4 4 4 
4 4 4 4 4 4 4 4 4 4 4 4 4 4 4 4 4 4 4 4 4 4 4 4 4 

1.0 1.0 1.0 1.0 1.0 1.0 1.0 1.0 1.0 1.0 1.0 1.0 1.0 1.0 1.0 1.0 1.0 1.0 1.0 1.0 1.0 1.0 1.0 1.0 1.0 
1.0 1.0 1.0 1.0 1.0 1.0 1.0 1.0 1.0 1.0 1.0 1.0 1.0 1.0 1.0 1.0 1.0 1.0 1.0 1.0 1.0 1.0 1.0 1.0 1.0 
1.0 1.0 1.0 1.0 1.0 1.0 1.0 1.0 1.0 1.0 1.0 1.0 1.0 1.0 1.0 1.0 1.0 1.0 1.0 1.0 1.0 1.0 1.0 1.0 1.0 
1.0 1.0 1.0 1.0 1.0 1.0 1.0 1.0 1.0 1.0 1.0 1.0 1.0 1.0 1.0 1.0 1.0 1.0 1.0 1.0 1.0 1.0 1.0 1.0 1.0 
1.0 1.0 1.0 1.0 1.0 1.0 1.0 1.0 1.0 1.0 1.0 1.0 1.0 1.0 1.0 1.0 1.0 1.0 1.0 1.0 1.0 1.0 1.0 1.0 1.0 
-1.0 -1.0 -1.0 -1.0 -1.0 -1.0 -1.0 -1.0 -1.0 -1.0 -1.0 -1.0 -1.0 -1.0 -1.0 -1.0 -1.0 -1.0 -1.0 -1.0 -1.0 -1.0 -1.0 -1.0 -1.0 
-1.0 -1.0 -1.0 -1.0 -1.0 -1.0 -1.0 -1.0 -1.0 -1.0 -1.0 -1.0 -1.0 -1.0 -1.0 -1.0 -1.0 -1.0 -1.0 -1.0 -1.0 -1.0 -1.0 -1.0 -1.0 
-1.0 -1.0 -1.0 -1.0 -1.0 -1.0 -1.0 -1.0 -1.0 -1.0 -1.0 -1.0 -1.0 -1.0 -1.0 -1.0 -1.0 -1.0 -1.0 -1.0 -1.0 -1.0 -1.0 -1.0 -1.0 
-1.0 -1.0 -1.0 -1.0 -1.0 -1.0 -1.0 -1.0 -1.0 -1.0 -1.0 -1.0 -1.0 -1.0 -1.0 -1.0 -1.0 -1.0 -1.0 -1.0 -1.0 -1.0 -1.0 -1.0 -1.0 
-1.0 -1.0 -1.0 -1.0 -1.0 -1.0 -1.0 -1.0 -1.0 -1.0 -1.0 -1.0 -1.0 -1.0 -1.0 -1.0 -1.0 -1.0 -1.0 -1.0 -1.0 -1.0 -1.0 -1.0 -1.0 
-2.0 -2.0 -2.0 -2.0 -2.0 -2.0 -2.0 -2.0 -2.0 -2.0 -2.0 -2.0 -2.0 -2.0 -2.0 -2.0 -2.0 -2.0 -2.0 -2.0 -2.0 -2.0 -2.0 -2.0 -2.0 
-2.0 -2.0 -2.0 -2.0 -2.0 -2.0 -2.0 -2.0 -2.0 -2.0 -2.0 -2.0 -2.0 -2.0 -2.0 -2.0 -2.0 -2.0 -2.0 -2.0 -2.0 -2.0 -2.0 -2.0 -2.0 
-2.0 -2.0 -2.0 -2.0 -2.0 -2.0 -2.0 -2.0 -2.0 -2.0 -2.0 -2.0 -2.0 -2.0 -2.0 -2.0 -2.0 -2.0 -2.0 -2.0 -2.0 -2.0 -2.0 -2.0 -2.0 
-2.0 -2.0 -2.0 -2.0 -2.0 -2.0 -2.0 -2.0 -2.0 -2.0 -2.0 -2.0 -2.0 -2.0 -2.0 -2.0 -2.0 -2.0 -2.0 -2.0 -2.0 -2.0 -2.0 -2.0 -2.0 
-2.0 -2.0 -2.0 -2.0 -2.0 -2.0 -2.0 -2.0 -2.0 -2.0 -2.0 -2.0 -2.0 -2.0 -2.0 -2.0 -2.0 -2.0 -2.0 -2.0 -2.0 -2.0 -2.0 -2.0 -2.0 
2.0 2.0 2.0 2.0 2.0 2.0 2.0 2.0 2.0 2.0 2.0 2.0 2.0 2.0 2.0 2.0 2.0 2.0 2.0 2.0 2.0 2.0 2.0 2.0 2.0 
2.0 2.0 2.0 2.0 2.0 2.0 2.0 2.0 2.0 2.0 2.0 2.0 2.0 2.0 2.0 2.0 2.0 2.0 2.0 2.0 2.0 2.0 2.0 2.0 2.0 
2.0 2.0 2.0 2.0 2.0 2.0 2.0 2.0 2.0 2.0 2.0 2.0 2.0 2.0 2.0 2.0 2.0 2.0 2.0 2.0 2.0 2.0 2.0 2.0 2.0 
2.0 2.0 2.0 2.0 2.0 2.0 2.0 2.0 2.0 2.0 2.0 2.0 2.0 2.0 2.0 2.0 2.0 2.0 2.0 2.0 2.0 2.0 2.0 2.0 2.0 
2.0 2.0 2.0 2.0 2.0 2.0 2.0 2.0 2.0 2.0 2.0 2.0 2.0 2.0 2.0 2.0 2.0 2.0 2.0 2.0 2.0 2.0 2.0 2.0 2.0 
0.0 0.0 0.0 0.0 0.0 0.0 0.0 0.0 0.0 0.0 0.0 0.0 0.0 0.0 0.0 0.0 0.0 0.0 0.0 0.0 0.0 0.0 0.0 0.0 0.0 
0.0 0.0 0.0 0.0 0.0 0.0 0.0 0.0 0.0 0.0 0.0 0.0 0.0 0.0 0.0 0.0 0.0 0.0 0.0 0.0 0.0 0.0 0.0 0.0 0.0 
0.0 0.0 0.0 0.0 0.0 0.0 0.0 0.0 0.0 0.0 0.0 0.0 0.0 0.0 0.0 0.0 0.0 0.0 0.0 0.0 0.0 0.0 0.0 0.0 0.0 
0.0 0.0 0.0 0.0 0.0 0.0 0.0 0.0 0.0 0.0 0.0 0.0 0.0 0.0 0.0 0.0 0.0 0.0 0.0 0.0 0.0 0.0 0.0 0.0 0.0 
0.0 0.0 0.0 0.0 0.0 0.0 0.0 0.0 0.0 0.0 0.0 0.0 0.0 0.0 0.0 0.0 0.0 0.0 0.0 0.0 0.0 0.0 0.0 0.0 0.0 

-1.0 -1.0 -1.0 -1.0 -1.0 -1.0 -1.0 -1.0 -1.0 -1.0 -1.0 -1.0 -1.0 -1.0 -1.0 -1.0 -1.0 -1.0 -1.0 -1.0 -1.0 -1.0 -1.0 -1.0 -1.0 
-1.0 -1.0 -1.0 -1.0 -1.0 -1.0 -1.0 -1.0 -1.0 -1.0 -1.0 -1.0 -1.0 -1.0 -1.0 -1.0 -1.0 -1.0 -1.0 -1.0 -1.0 -1.0 -1.0 -1.0 -1.0 
-1.0 -1.0 -1.0 -1.0 -1.0 -1.0 -1.0 -1.0 -1.0 -1.0 -1.0 -1.0 -1.0 -1.0 -1.0 -1.0 -1.0 -1.0 -1.0 -1.0 -1.0 -1.0 -1.0 -1.0 -1.0 
-1.0 -1.0 -1.0 -1.0 -1.0 -1.0 -1.0 -1.0 -1.0 -1.0 -1.0 -1.0 -1.0 -1.0 -1.0 -1.0 -1.0 -1.0 -1.0 -1.0 -1.0 -1.0 -1.0 -1.0 -1.0 
-1.0 -1.0 -1.0 -1.0 -1.0 -1.0 -1.0 -1.0 -1.0 -1.0 -1.0 -1.0 -1.0 -1.0 -1.0 -1.0 -1.0 -1.0 -1.0 -1.0 -1.0 -1.0 -1.0 -1.0 -1.0 
0.0 0.0 0.0 0.0 0.0 0.0 0.0 0.0 0.0 0.0 0.0 0.0 0.0 0.0 0.0 0.0 0.0 0.0 0.0 0.0 0.0 0.0 0.0 0.0 0.0 
0.0 0.0 0.0 0.0 0.0 0.0 0.0 0.0 0.0 0.0 0.0 0.0 0.0 0.0 0.0 0.0 0.0 0.0 0.0 0.0 0.0 0.0 0.0 0.0 0.0 
0.0 0.0 0.0 0.0 0.0 0.0 0.0 0.0 0.0 0.0 0.0 0.0 0.0 0.0 0.0 0.0 0.0 0.0 0.0 0.0 0.0 0.0 0.0 0.0 0.0 
0.0 0.0 0.0 0.0 0.0 0.0 0.0 0.0 0.0 0.0 0.0 0.0 0.0 0.0 0.0 0.0 0.0 0.0 0.0 0.0 0.0 0.0 0.0 0.0 0.0 
0.0 0.0 0.0 0.0 0.0 0.0 0.0 0.0 0.0 0.0 0.0 0.0 0.0 0.0 0.0 0.0 0.0 0.0 0.0 0.0 0.0 0.0 0.0 0.0 0.0 
-2.0 -2.0 -2.0 -2.0 -2.0 -2.0 -2.0 -2.0 -2.0 -2.0 -2.0 -2.0 -2.0 -2.0 -2.0 -2.0 -2.0 -2.0 -2.0 -2.0 -2.0 -2.0 -2.0 -2.0 -2.0 
-2.0 -2.0 -2.0 -2.0 -2.0 -2.0 -2.0 -2.0 -2.0 -2.0 -2.0 -2.0 -2.0 -2.0 -2.0 -2.0 -2.0 -2.0 -2.0 -2.0 -2.0 -2.0 -2.0 -2.0 -2.0 
-2.0 -2.0 -2.0 -2.0 -2.0 -2.0 -2.0 -2.0 -2.0 -2.0 -2.0 -2.0 -2.0 -2.0 -2.0 -2.0 -2.0 -2.0 -2.0 -2.0 -2.0 -2.0 -2.0 -2.0 -2.0 
-2.0 -2.0 -2.0 -2.0 -2.0 -2.0 -2.0 -2.0 -2.0 -2.0 -2.0 -2.0 -2.0 -2.0 -2.0 -2.0 -2.0 -2.0 -2.0 -2.0 -2.0 -2.0 -2.0 -2.0 -2.0 
-2.0 -2.0 -2.0 -2.0 -2.0 -2.0 -2.0 -2.0 -2.0 -2.0 -2.0 -2.0 -2.0 -2.0 -2.0 -2.0 -2.0 -2.0 -2.0 -2.0 -2.0 -2.0 -2.0 -2.0 -2.0 
2.0 2.0 2.0 2.0 2.0 2.0 2.0 2.0 2.0 2.0 2.0 2.0 2.0 2.0 2.0 2.0 2.0 2.0 2.0 2.0 2.0 2.0 2.0 2.0 2.0 
2.0 2.0 2.0 2.0 2.0 2.0 2.0 2.0 2.0 2.0 2.0 2.0 2.0 2.0 2.0 2.0 2.0 2.0 2.0 2.0 2.0 2.0 2.0 2.0 2.0 
2.0 2.0 2.0 2.0 2.0 2.0 2.0 2.0 2.0 2.0 2.0 2.0 2.0 2.0 2.0 2.0 2.0 2.0 2.0 2.0 2.0 2.0 2.0 2.0 2.0 
2.0 2.0 2.0 2.0 2.0 2.0 2.0 2.0 2.0 2.0 2.0 2.0 2.0 2.0 2.0 2.0 2.0 2.0 2.0 2.0 2.0 2.0 2.0 2.0 2.0 
2.0 2.0 2.0 2.0 2.0 2.0 2.0 2.0 2.0 2.0 2.0 2.0 2.0 2.0 2.0 2.0 2.0 2.0 2.0 2.0 2.0 2.0 2.0 2.0 2.0 
1.0 1.0 1.0 1.0 1.0 1.0 1.0 1.0 1.0 1.0 1.0 1.0 1.0 1.0 1.0 1.0 1.0 1.0 1.0 1.0 1.0 1.0 1.0 1.0 1.0 
1.0 1.0 1.0 1.0 1.0 1.0 1.0 1.0 1.0 1.0 1.0 1.0 1.0 1.0 1.0 1.0 1.0 1.0 1.0 1.0 1.0 1.0 1.0 1.0 1.0 
1.0 1.0 1.0 1.0 1.0 1.0 1.0 1.0 1.0 1.0 1.0 1.0 1.0 1.0 1.0 1.0 1.0 1.0 1.0 1.0 1.0 1.0 1.0 1.0 1.0 
1.0 1.0 1.0 1.0 1.0 1.0 1.0 1.0 1.0 1.0 1.0 1.0 1.0 1.0 1.0 1.0 1.0 1.0 1.0 1.0 1.0 1.0 1.0 1.0 1.0 
1.0 1.0 1.0 1.0 1.0 1.0 1.0 1.0 1.0 1.0 1.0 1.0 1.0 1.0 1.0 1.0 1.0 1.0 1.0 1.0 1.0 1.0 1.0 1.0 1.0 

