0.477980 0.151346 0.632374 0.358717 0.323929 0.346441 0.995867 0.987952 0.624621 0.150076 0.771904 0.909912 0.015290 0.952572 0.216138 0.204702 0.637868 0.706405 0.895068 0.809145 0.399342 0.189459 0.434986 0.130023 0.328226 
0.785044 0.907561 0.230615 0.623770 0.872331 0.304643 0.903580 0.442050 0.182121 0.723241 0.656219 0.036781 0.754937 0.130565 0.968229 0.239758 0.524460 0.382995 0.210440 0.576614 0.563527 0.306585 0.702592 0.727746 0.928529 
0.977367 0.960912 0.307410 0.046366 0.126158 0.320456 0.287580 0.201744 0.258492 0.943880 0.400596 0.964221 0.491030 0.233591 0.065597 0.356383 0.579920 0.317995 0.165307 0.570877 0.687168 0.826283 0.489341 0.107050 0.758894 
0.295707 0.822744 0.484891 0.848061 0.797691 0.358481 0.739630 0.742319 0.284515 0.755461 0.023045 0.713489 0.445695 0.539055 0.292629 0.476569 0.882192 0.428686 0.553979 0.167318 0.450783 0.837484 0.430135 0.895957 0.707852 
0.881904 0.302539 0.147074 0.994214 0.097629 0.479052 0.860934 0.898346 0.007393 0.308649 0.976166 0.180252 0.616095 0.134153 0.754203 0.413190 0.170015 0.816327 0.117374 0.232300 0.867243 0.727992 0.309024 0.760337 0.583321 
0.264864 0.890156 0.864811 0.430829 0.569797 0.085975 0.657872 0.201845 0.336865 0.974214 0.207661 0.921571 0.253822 0.899861 0.588644 0.385192 0.648128 0.756603 0.447432 0.085426 0.645613 0.228181 0.880169 0.787085 0.566012 
0.267322 0.589119 0.866383 0.815994 0.243425 0.820253 0.717161 0.083949 0.088159 0.447558 0.538618 0.402293 0.073592 0.942268 0.335083 0.874730 0.449607 0.584134 0.856451 0.086213 0.345094 0.145833 0.427684 0.658624 0.161188 
0.590366 0.822949 0.672631 0.447010 0.203899 0.396355 0.592751 0.727080 0.777372 0.839006 0.335868 0.906233 0.487454 0.422151 0.722121 0.962019 0.651382 0.924218 0.674979 0.414980 0.019066 0.359402 0.251955 0.103539 0.881728 
0.310444 0.124001 0.282505 0.281088 0.875895 0.601193 0.728591 0.462654 0.331900 0.016791 0.617074 0.655278 0.572931 0.950166 0.704633 0.857407 0.698888 0.752592 0.625439 0.506895 0.209663 0.795487 0.686287 0.649097 0.721025 
0.892991 0.785722 0.301997 0.474813 0.875422 0.347499 0.936213 0.312216 0.938197 0.191858 0.878367 0.812282 0.098170 0.055288 0.229141 0.075796 0.248284 0.363981 0.134806 0.206887 0.905596 0.192939 0.473950 0.639347 0.735306 
0.632874 0.465301 0.184873 0.282972 0.494472 0.223824 0.095259 0.200149 0.612643 0.410951 0.693073 0.903227 0.019971 0.647635 0.510230 0.601238 0.878559 0.003795 0.182848 0.174352 0.169887 0.604148 0.818675 0.772435 0.268780 
0.238831 0.540341 0.589837 0.854001 0.306879 0.160678 0.751931 0.490566 0.151037 0.605542 0.401493 0.638909 0.595628 0.852021 0.476657 0.280600 0.105355 0.735619 0.240778 0.746173 0.139241 0.983958 0.276986 0.245552 0.778512 
0.051497 0.485212 0.137172 0.482889 0.618258 0.145587 0.278168 0.172006 0.327074 0.411301 0.997548 0.577794 0.296271 0.398366 0.631635 0.718114 0.941072 0.480675 0.941181 0.503652 0.044046 0.609227 0.053109 0.061393 0.875756 
0.603964 0.149048 0.808836 0.968879 0.757077 0.972984 0.866223 0.895423 0.666694 0.496689 0.756722 0.989306 0.640796 0.931477 0.501217 0.689685 0.698772 0.597164 0.899198 0.940118 0.420063 0.490338 0.204398 0.359410 0.434922 
0.844806 0.414141 0.229004 0.691776 0.204778 0.277252 0.158359 0.963553 0.742926 0.541682 0.332800 0.082541 0.045151 0.833706 0.475221 0.002825 0.200410 0.649449 0.293398 0.570812 0.353522 0.851115 0.619913 0.063474 0.320590 
0.955436 0.752292 0.599772 0.608090 0.937976 0.905612 0.521661 0.869918 0.247914 0.247391 0.340764 0.963231 0.557829 0.792122 0.425024 0.245298 0.580930 0.948905 0.778221 0.457059 0.500527 0.545972 0.677657 0.115641 0.463952 
0.951099 0.552870 0.203456 0.824619 0.958778 0.222163 0.303441 0.566367 0.952794 0.853263 0.131770 0.406153 0.180279 0.892924 0.748130 0.852693 0.118384 0.620421 0.555003 0.874340 0.365775 0.585269 0.080916 0.655885 0.262134 
0.999374 0.838231 0.989010 0.613058 0.193675 0.097691 0.382297 0.916477 0.687065 0.797730 0.628507 0.860418 0.311651 0.866023 0.179356 0.439885 0.978567 0.216904 0.610765 0.434257 0.770888 0.025482 0.826689 0.466255 0.487529 
0.048646 0.433504 0.939339 0.170723 0.210485 0.889562 0.597306 0.090358 0.100774 0.952713 0.842538 0.875835 0.657543 0.938491 0.813339 0.578075 0.747481 0.216910 0.565228 0.121306 0.716476 0.804355 0.533336 0.552745 0.772746 
0.496655 0.801521 0.898092 0.851175 0.159081 0.477548 0.531768 0.577998 0.976824 0.354330 0.797406 0.123377 0.982694 0.982970 0.280168 0.938210 0.713806 0.265709 0.280513 0.118814 0.444735 0.223486 0.564533 0.881744 0.320420 
0.196135 0.865298 0.657837 0.886521 0.252671 0.891574 0.985630 0.209436 0.670652 0.496696 0.931011 0.495711 0.065633 0.786127 0.548461 0.776705 0.079741 0.327247 0.188219 0.035202 0.774581 0.746190 0.035975 0.325486 0.190275 
0.805725 0.952593 0.882899 0.821924 0.086926 0.750551 0.418899 0.228667 0.005762 0.557810 0.155677 0.149721 0.945174 0.316182 0.277715 0.543998 0.049026 0.000275 0.390865 0.604292 0.784501 0.589049 0.140134 0.917363 0.680990 
0.607729 0.767383 0.406385 0.146833 0.163831 0.797134 0.430878 0.056834 0.369954 0.397785 0.274878 0.374421 0.939748 0.677293 0.415344 0.270771 0.320271 0.739371 0.932752 0.698053 0.075109 0.856862 0.989862 0.250296 0.231427 
0.622029 0.668673 0.199835 0.406765 0.968782 0.490808 0.868733 0.303759 0.049373 0.869941 0.205291 0.309477 0.456825 0.527525 0.095129 0.649163 0.506699 0.051941 0.530827 0.177865 0.371634 0.521928 0.686697 0.660154 0.855023 
0.973963 0.036553 0.246782 0.920353 0.349745 0.741531 0.697081 0.399708 0.151877 0.166556 0.335192 0.423500 0.125542 0.672357 0.490918 0.347610 0.999580 0.265234 0.685875 0.648727 0.487113 0.052281 0.909778 0.117619 0.391362 

0.399129 0.297690 0.574323 0.765172 0.415350 0.236695 0.306556 0.466470 0.469369 0.351424 0.288894 0.440646 0.606808 0.454547 0.241768 0.340454 0.394749 0.971994 0.733514 0.232577 0.680022 0.016746 0.906296 0.563355 0.783837 
0.289051 0.696488 0.974329 0.721849 0.137988 0.346753 0.267960 0.449040 0.696686 0.395418 0.092144 0.911726 0.266485 0.014614 0.447270 0.062121 0.808257 0.777803 0.493670 0.694987 0.186228 0.874723 0.650002 0.176608 0.885976 
0.041834 0.109365 0.279137 0.854545 0.874724 0.953196 0.052624 0.314462 0.878760 0.324785 0.978616 0.370350 0.505741 0.868783 0.820040 0.296108 0.929806 0.900216 0.397425 0.116875 0.198152 0.745226 0.603497 0.494295 0.778259 
0.512250 0.198288 0.128534 0.655792 0.026621 0.714859 0.848730 0.056478 0.238174 0.984046 0.867602 0.113974 0.134552 0.411981 0.421314 0.513319 0.340381 0.406639 0.445977 0.025989 0.368935 0.621758 0.929059 0.265759 0.201495 
0.127492 0.750691 0.028247 0.355134 0.772809 0.098340 0.463441 0.015064 0.732191 0.079085 0.136838 0.645489 0.472037 0.122812 0.153920 0.771887 0.523679 0.923807 0.797350 0.233546 0.277773 0.364293 0.800441 0.411566 0.362817 
0.995797 0.898804 0.757451 0.635662 0.847672 0.875960 0.394074 0.417419 0.410196 0.133784 0.702655 0.639528 0.746168 0.085381 0.990335 0.497393 0.959908 0.154205 0.760342 0.944666 0.191488 0.692446 0.109874 0.086357 0.003478 
0.167235 0.979339 0.131808 0.408166 0.726653 0.179728 0.487804 0.530972 0.261671 0.358735 0.978138 0.796770 0.052663 0.804123 0.645272 0.559220 0.590408 0.685116 0.154393 0.741903 0.160258 0.494697 0.021926 0.587901 0.892007 
0.172354 0.982002 0.617503 0.561284 0.030573 0.952078 0.163713 0.840335 0.137929 0.196670 0.656467 0.855269 0.404171 0.776771 0.386035 0.722033 0.967240 0.648026 0.240751 0.781571 0.464055 0.518201 0.424029 0.798859 0.878238 
0.904147 0.022845 0.710755 0.362177 0.026160 0.516453 0.275905 0.319413 0.304626 0.546608 0.445172 0.449070 0.623733 0.110449 0.494527 0.796481 0.727106 0.177138 0.185352 0.399866 0.607395 0.606554 0.559668 0.497418 0.464134 
0.682172 0.755133 0.464261 0.957132 0.668458 0.563267 0.812424 0.010812 0.937846 0.446921 0.820044 0.327064 0.561837 0.299020 0.625466 0.953822 0.370491 0.477886 0.643971 0.363733 0.036436 0.175050 0.977773 0.671105 0.529380 
0.067268 0.672393 0.114111 0.280752 0.814127 0.225920 0.370562 0.192182 0.450000 0.731558 0.986370 0.771752 0.203988 0.235042 0.948298 0.706228 0.289381 0.631421 0.851584 0.798007 0.805570 0.751021 0.680244 0.523294 0.053045 
0.034628 0.977486 0.448580 0.780574 0.709426 0.830256 0.794551 0.961923 0.414839 0.620373 0.176485 0.588017 0.107182 0.442339 0.627418 0.247858 0.346829 0.729697 0.764087 0.772609 0.984140 0.566828 0.191465 0.570068 0.374203 
0.536338 0.621704 0.403206 0.602372 0.490377 0.755557 0.318860 0.294056 0.411614 0.994196 0.439571 0.941471 0.789396 0.408365 0.203811 0.462471 0.193695 0.398163 0.527006 0.353182 0.379975 0.971772 0.422014 0.284159 0.846381 
0.266083 0.890833 0.151729 0.578539 0.990354 0.305548 0.533678 0.861405 0.644815 0.785420 0.787861 0.279986 0.560127 0.684882 0.408897 0.087246 0.129240 0.135816 0.248737 0.250599 0.637292 0.522816 0.317736 0.799447 0.789305 
0.636333 0.844128 0.547368 0.928382 0.614711 0.317315 0.127566 0.960795 0.028477 0.474733 0.697744 0.477287 0.633783 0.981222 0.204961 0.685083 0.298135 0.372846 0.346084 0.926818 0.065665 0.320698 0.967612 0.614927 0.863546 
0.151160 0.552979 0.293055 0.295030 0.449080 0.311185 0.648602 0.284821 0.018909 0.805318 0.279113 0.680782 0.546244 0.900986 0.152449 0.398286 0.845665 0.190016 0.880089 0.237019 0.941499 0.740135 0.259872 0.446592 0.889179 
0.892134 0.102608 0.743120 0.280006 0.364619 0.193759 0.707138 0.126438 0.210728 0.018248 0.309227 0.005810 0.580114 0.356735 0.426484 0.110472 0.813288 0.595339 0.782823 0.886649 0.854611 0.635428 0.058086 0.612070 0.007208 
0.846136 0.204136 0.822286 0.782809 0.953358 0.271490 0.898437 0.520968 0.287629 0.165896 0.204613 0.524918 0.190173 0.385858 0.323063 0.825474 0.493321 0.301948 0.256173 0.352701 0.302213 0.640173 0.670245 0.467101 0.286553 
0.478886 0.888164 0.510164 0.339480 0.611387 0.164944 0.015867 0.855107 0.114175 0.949630 0.540612 0.795482 0.477302 0.124566 0.486860 0.756362 0.329861 0.868328 0.664127 0.991325 0.652193 0.793231 0.399561 0.239448 0.736528 
0.187180 0.323946 0.120362 0.283889 0.123365 0.159931 0.809482 0.964222 0.711178 0.578172 0.627839 0.576991 0.471234 0.929044 0.597995 0.583066 0.192457 0.043030 0.151550 0.773493 0.528815 0.475361 0.987959 0.640641 0.813512 
0.640862 0.526372 0.575331 0.603494 0.838975 0.489438 0.577452 0.764249 0.881871 0.164167 0.333434 0.687395 0.121841 0.779613 0.517005 0.929473 0.759728 0.992623 0.614871 0.788582 0.041660 0.195059 0.271509 0.146460 0.243635 
0.346123 0.761552 0.735122 0.436528 0.058981 0.249489 0.560271 0.005068 0.524551 0.481836 0.618089 0.389483 0.803731 0.131888 0.490615 0.142176 0.363735 0.571502 0.070627 0.958579 0.708824 0.265208 0.540858 0.904886 0.077915 
0.469650 0.266793 0.199343 0.746655 0.936393 0.892903 0.234477 0.084601 0.198345 0.948553 0.817250 0.323916 0.268132 0.582811 0.280278 0.716015 0.667977 0.880029 0.940498 0.160182 0.025344 0.528831 0.260505 0.192808 0.210094 
0.835009 0.303470 0.078138 0.664655 0.536861 0.925469 0.054120 0.259703 0.808991 0.205377 0.173393 0.114221 0.633282 0.193644 0.173598 0.732880 0.799108 0.594982 0.166896 0.712985 0.543198 0.159306 0.899736 0.504727 0.985726 
0.993207 0.982982 0.896260 0.525851 0.276905 0.251390 0.625340 0.442873 0.120187 0.573580 0.434025 0.513090 0.179706 0.747532 0.930516 0.166594 0.273520 0.788542 0.251136 0.549279 0.954290 0.018260 0.810289 0.785603 0.286902 

-0.164767 -0.628336 -0.374476 -1.401434 -0.326523 -0.436587 0.165856 0.075876 0.207267 -0.428420 -0.083513 -0.330595 -1.594492 0.249858 -0.027407 -0.353503 -0.032997 -1.593256 -0.397497 0.197503 -0.560132 -0.085685 -1.363229 -1.012841 -0.959530 
-0.119886 -0.019557 -2.249947 -0.460672 0.618598 -0.267971 0.448382 -0.502646 -1.139383 0.204678 0.214936 -1.452650 -0.004496 0.428342 0.265097 -0.130238 -1.382282 -1.545568 -0.913829 -0.733890 0.368877 -1.995221 -0.684025 -0.356238 -0.815779 
1.109812 0.853420 0.009067 -2.026399 -1.504218 -1.979347 0.222578 -0.356922 -1.239268 0.353785 -1.379023 0.109713 -0.534154 -1.787000 -1.817602 0.073643 -1.362478 -1.859349 -0.405203 0.501098 0.072103 -0.268833 -0.705589 -1.130643 -0.487636 
-0.637688 0.381810 0.086682 -0.620295 0.881902 -1.323980 -0.920910 0.702383 -0.452341 -1.090883 -1.815179 0.313060 -0.417443 -0.177543 -0.407721 -0.693605 -0.174290 -0.264703 -0.174278 -0.137568 -0.262804 -0.872283 -1.386392 0.085734 0.579163 
0.773379 -1.233538 -0.028590 0.405003 -1.315133 0.013944 -0.274754 1.233927 -1.553445 -0.210218 0.636460 -1.233178 -0.763916 -0.227107 0.673303 -1.001550 -1.652305 -1.043727 -1.411788 0.183078 0.894024 -0.039560 -1.779931 0.093416 -0.170038 
-0.273041 -0.392784 -0.747641 0.206644 -0.879695 0.296764 -1.094522 -0.835198 -0.377576 -0.962976 -0.271199 -1.088450 -0.646017 -1.447625 -0.188307 0.076660 -0.649815 -1.103851 -0.094828 -0.043854 -0.566963 -0.537660 -1.254446 -0.629114 -0.056138 
-0.084419 0.314894 -1.319965 -1.426240 -0.478099 -0.811584 -0.441268 -0.014147 -0.450619 -0.054769 -0.714144 -0.500127 -0.177110 -1.050656 0.130953 -0.836372 -0.556038 -0.307527 -0.965729 -0.195610 -0.388061 -0.633102 -0.208578 -0.758294 -0.132522 
-0.650652 -1.490998 -0.810029 -0.430938 -0.271814 -0.568744 -0.873160 -0.295159 -1.346191 -0.876942 0.212777 -0.576906 -0.772059 -0.440989 -1.146191 -0.627557 -0.577579 -0.846914 -0.608742 -0.329990 -0.128233 -0.159130 -0.592007 0.272402 -0.503472 
-0.369526 0.001073 -0.701151 -0.128303 -1.201250 -0.824267 -1.013833 -0.441470 -0.504673 0.301090 -1.180472 -0.647245 -0.762719 -1.059877 -0.330532 -1.113122 -0.470152 -0.902103 -0.804123 -0.337276 -0.147426 -0.686769 -0.661005 -0.770115 -0.832315 
-0.599699 -1.047491 -0.451727 -0.089847 -0.977081 0.260939 -1.127488 0.143755 -0.986607 -0.092493 -0.698813 -1.145088 -0.060719 -0.178347 -0.248367 0.201394 -0.413791 -0.398346 -0.395646 -0.303343 -0.601982 -0.266165 -0.213978 -0.806302 -0.766506 
-1.511483 -1.930487 -0.639531 -1.169030 -1.691418 -1.009973 -0.199894 -0.106836 -1.880767 -1.605415 -2.638639 -2.592898 -0.675809 -1.911868 -2.058567 -1.953698 -2.134741 -1.021444 -1.377847 -1.174731 -0.994312 -1.798034 -2.655390 -2.402800 -0.222868 
-0.093056 -2.049806 -1.401858 -1.825441 -1.321746 -1.402232 -2.043839 -2.199650 -0.589263 -1.245638 -0.532732 -2.278648 -1.280345 -2.255777 -1.425575 -0.839063 -0.315388 -2.279250 -1.639640 -2.057855 -1.258988 -2.085952 -0.847716 -1.020176 -2.002549 
0.267378 -1.152854 -0.676103 -1.494111 -1.672023 -0.848277 -1.164676 -0.237550 -1.133912 -2.066867 -2.427096 -1.831351 -1.059590 -1.211033 -1.709649 -1.218294 -1.737178 -1.665713 -2.623620 -1.276817 -0.228485 -2.008974 -0.767730 -0.874948 -2.453915 
-1.305571 -1.125078 -1.758268 -2.520993 -2.728730 -2.205799 -2.222308 -2.854912 -2.081987 -1.718324 -2.065268 -2.323663 -2.268048 -2.480116 -1.506789 -0.960983 -1.359619 -1.655254 -2.255995 -2.255517 -1.267056 -1.814193 -0.736553 -1.701131 -1.493892 
-1.934994 -2.031695 -1.340636 -2.521258 -1.283789 -0.827721 -0.208197 -2.863323 -0.783723 -1.229924 -1.873687 -0.762045 -0.492199 -2.041642 -1.087398 -0.620258 -0.531527 -1.571299 -0.639858 -2.428643 -0.418192 -2.089982 -2.159484 -0.833529 -1.600466 
-0.170572 0.834365 0.813344 0.593234 0.921569 0.845337 1.344200 0.627846 -0.240645 1.526007 0.453631 1.444585 1.196365 1.278434 0.701265 0.621020 1.691515 0.602022 1.964701 0.854133 2.510916 1.352726 -0.058303 1.026141 1.763091 
1.532541 0.592660 1.351925 0.784903 1.497115 1.021610 1.283495 0.378603 0.800090 -0.124083 0.788842 -0.153525 1.550853 0.801690 0.660574 -0.159479 1.886759 2.076181 1.427771 1.570607 1.403711 1.018584 0.064027 0.929796 0.032361 
1.468248 0.529542 1.526131 1.864916 2.022212 0.441280 1.799212 0.735481 0.340699 0.528911 0.190459 1.262353 0.270474 0.376376 0.906351 1.665936 0.400204 0.519556 0.304969 1.088005 0.209986 1.196253 1.401495 0.902739 0.458351 
1.197427 2.008280 0.332919 0.448884 0.828149 0.383484 0.396912 1.712236 0.012130 2.274616 1.396569 1.209832 0.734066 0.205006 0.940184 1.509940 0.950168 1.766072 1.786721 2.546681 0.926057 1.250910 1.013572 0.087726 1.887407 
0.825346 0.664796 0.330089 0.558724 1.084514 -0.111904 1.761908 2.242832 1.374279 1.242883 0.857060 1.120257 1.024237 2.358622 1.390260 1.565796 0.533358 0.280430 0.473815 1.618395 1.319257 1.564250 1.822646 1.428310 1.882651 
1.021449 2.484338 1.797139 2.347991 1.403756 2.679650 2.180696 1.028700 1.575259 0.902261 2.584480 1.752266 0.460424 2.595515 1.134652 2.362182 0.497573 2.353320 1.087140 0.999051 1.217483 1.341390 0.115822 0.475494 0.672953 
2.537207 2.102008 2.602158 2.003897 -0.019231 1.690468 1.457360 0.598436 0.129941 1.388127 0.836810 0.390371 2.145915 0.492553 0.978697 1.736099 1.289390 0.633604 0.672766 2.510079 1.673596 1.606649 0.808591 2.638981 1.419567 
1.858903 2.200675 0.583650 0.972308 0.999569 2.449591 1.367816 0.142995 0.704948 1.615418 1.566554 1.587514 2.226109 1.811030 1.010076 1.228689 1.226993 2.539288 2.512343 1.408755 -0.200507 2.049821 2.040450 0.219498 0.441840 
2.295856 1.502240 0.267638 1.789480 2.663603 1.315495 1.693637 0.824219 0.389005 1.916975 0.754685 1.195477 1.161052 1.494911 -0.150172 2.322436 2.008236 0.488356 1.191306 1.052826 1.430158 1.211779 2.340834 1.664071 2.499509 
3.071221 1.202885 1.202997 2.172969 1.190390 1.260780 2.135532 1.222586 0.162581 0.791903 1.472228 1.424541 -0.016488 2.127035 1.784499 0.820056 2.466803 1.536622 1.462566 2.034801 1.677021 0.263379 2.031082 0.504869 1.029376 

0 0 0 0 0 0 0 0 0 0 0 0 0 0 0 0 0 0 0 0 0 0 0 0 0 
0 0 0 0 0 0 0 0 0 0 0 0 0 0 0 0 0 0 0 0 0 0 0 0 0 
0 0 0 0 0 0 0 0 0 0 0 0 0 0 0 0 0 0 0 0 0 0 0 0 0 
0 0 0 0 0 0 0 0 0 0 0 0 0 0 0 0 0 0 0 0 0 0 0 0 0 
0 0 0 0 0 0 0 0 0 0 0 0 0 0 0 0 0 0 0 0 0 0 0 0 0 
1 1 1 1 1 1 1 1 1 1 1 1 1 1 1 1 1 1 1 1 1 1 1 1 1 
1 1 1 1 1 1 1 1 1 1 1 1 1 1 1 1 1 1 1 1 1 1 1 1 1 
1 1 1 1 1 1 1 1 1 1 1 1 1 1 1 1 1 1 1 1 1 1 1 1 1 
1 1 1 1 1 1 1 1 1 1 1 1 1 1 1 1 1 1 1 1 1 1 1 1 1 
1 1 1 1 1 1 1 1 1 1 1 1 1 1 1 1 1 1 1 1 1 1 1 1 1 
2 2 2 2 2 2 2 2 2 2 2 2 2 2 2 2 2 2 2 2 2 2 2 2 2 
2 2 2 2 2 2 2 2 2 2 2 2 2 2 2 2 2 2 2 2 2 2 2 2 2 
2 2 2 2 2 2 2 2 2 2 2 2 2 2 2 2 2 2 2 2 2 2 2 2 2 
2 2 2 2 2 2 2 2 2 2 2 2 2 2 2 2 2 2 2 2 2 2 2 2 2 
2 2 2 2 2 2 2 2 2 2 2 2 2 2 2 2 2 2 2 2 2 2 2 2 2 
3 3 3 3 3 3 3 3 3 3 3 3 3 3 3 3 3 3 3 3 3 3 3 3 3 
3 3 3 3 3 3 3 3 3 3 3 3 3 3 3 3 3 3 3 3 3 3 3 3 3 
3 3 3 3 3 3 3 3 3 3 3 3 3 3 3 3 3 3 3 3 3 3 3 3 3 
3 3 3 3 3 3 3 3 3 3 3 3 3 3 3 3 3 3 3 3 3 3 3 3 3 
3 3 3 3 3 3 3 3 3 3 3 3 3 3 3 3 3 3 3 3 3 3 3 3 3 
4 4 4 4 4 4 4 4 4 4 4 4 4 4 4 4 4 4 4 4 4 4 4 4 4 
4 4 4 4 4 4 4 4 4 4 4 4 4 4 4 4 4 4 4 4 4 4 4 4 4 
4 4 4 4 4 4 4 4 4 4 4 4 4 4 4 4 4 4 4 4 4 4 4 4 4 
4 4 4 4 4 4 4 4 4 4 4 4 4 4 4 4 4 4 4 4 4 4 4 4 4 
4 4 4 4 4 4 4 4 4 4 4 4 4 4 4 4 4 4 4 4 4 4 4 4 4 

1.0 1.0 1.0 1.0 1.0 1.0 1.0 1.0 1.0 1.0 1.0 1.0 1.0 1.0 1.0 1.0 1.0 1.0 1.0 1.0 1.0 1.0 1.0 1.0 1.0 
1.0 1.0 1.0 1.0 1.0 1.0 1.0 1.0 1.0 1.0 1.0 1.0 1.0 1.0 1.0 1.0 1.0 1.0 1.0 1.0 1.0 1.0 1.0 1.0 1.0 
1.0 1.0 1.0 1.0 1.0 1.0 1.0 1.0 1.0 1.0 1.0 1.0 1.0 1.0 1.0 1.0 1.0 1.0 1.0 1.0 1.0 1.0 1.0 1.0 1.0 
1.0 1.0 1.0 1.0 1.0 1.0 1.0 1.0 1.0 1.0 1.0 1.0 1.0 1.0 1.0 1.0 1.0 1.0 1.0 1.0 1.0 1.0 1.0 1.0 1.0 
1.0 1.0 1.0 1.0 1.0 1.0 1.0 1.0 1.0 1.0 1.0 1.0 1.0 1.0 1.0 1.0 1.0 1.0 1.0 1.0 1.0 1.0 1.0 1.0 1.0 
-1.0 -1.0 -1.0 -1.0 -1.0 -1.0 -1.0 -1.0 -1.0 -1.0 -1.0 -1.0 -1.0 -1.0 -1.0 -1.0 -1.0 -1.0 -1.0 -1.0 -1.0 -1.0 -1.0 -1.0 -1.0 
-1.0 -1.0 -1.0 -1.0 -1.0 -1.0 -1.0 -1.0 -1.0 -1.0 -1.0 -1.0 -1.0 -1.0 -1.0 -1.0 -1.0 -1.0 -1.0 -1.0 -1.0 -1.0 -1.0 -1.0 -1.0 
-1.0 -1.0 -1.0 -1.0 -1.0 -1.0 -1.0 -1.0 -1.0 -1.0 -1.0 -1.0 -1.0 -1.0 -1.0 -1.0 -1.0 -1.0 -1.0 -1.0 -1.0 -1.0 -1.0 -1.0 -1.0 
-1.0 -1.0 -1.0 -1.0 -1.0 -1.0 -1.0 -1.0 -1.0 -1.0 -1.0 -1.0 -1.0 -1.0 -1.0 -1.0 -1.0 -1.0 -1.0 -1.0 -1.0 -1.0 -1.0 -1.0 -1.0 
-1.0 -1.0 -1.0 -1.0 -1.0 -1.0 -1.0 -1.0 -1.0 -1.0 -1.0 -1.0 -1.0 -1.0 -1.0 -1.0 -1.0 -1.0 -1.0 -1.0 -1.0 -1.0 -1.0 -1.0 -1.0 
-2.0 -2.0 -2.0 -2.0 -2.0 -2.0 -2.0 -2.0 -2.0 -2.0 -2.0 -2.0 -2.0 -2.0 -2.0 -2.0 -2.0 -2.0 -2.0 -2.0 -2.0 -2.0 -2.0 -2.0 -2.0 
-2.0 -2.0 -2.0 -2.0 -2.0 -2.0 -2.0 -2.0 -2.0 -2.0 -2.0 -2.0 -2.0 -2.0 -2.0 -2.0 -2.0 -2.0 -2.0 -2.0 -2.0 -2.0 -2.0 -2.0 -2.0 
-2.0 -2.0 -2.0 -2.0 -2.0 -2.0 -2.0 -2.0 -2.0 -2.0 -2.0 -2.0 -2.0 -2.0 -2.0 -2.0 -2.0 -2.0 -2.0 -2.0 -2.0 -2.0 -2.0 -2.0 -2.0 
-2.0 -2.0 -2.0 -2.0 -2.0 -2.0 -2.0 -2.0 -2.0 -2.0 -2.0 -2.0 -2.0 -2.0 -2.0 -2.0 -2.0 -2.0 -2.0 -2.0 -2.0 -2.0 -2.0 -2.0 -2.0 
-2.0 -2.0 -2.0 -2.0 -2.0 -2.0 -2.0 -2.0 -2.0 -2.0 -2.0 -2.0 -2.0 -2.0 -2.0 -2.0 -2.0 -2.0 -2.0 -2.0 -2.0 -2.0 -2.0 -2.0 -2.0 
0.0 0.0 0.0 0.0 0.0 0.0 0.0 0.0 0.0 0.0 0.0 0.0 0.0 0.0 0.0 0.0 0.0 0.0 0.0 0.0 0.0 0.0 0.0 0.0 0.0 
0.0 0.0 0.0 0.0 0.0 0.0 0.0 0.0 0.0 0.0 0.0 0.0 0.0 0.0 0.0 0.0 0.0 0.0 0.0 0.0 0.0 0.0 0.0 0.0 0.0 
0.0 0.0 0.0 0.0 0.0 0.0 0.0 0.0 0.0 0.0 0.0 0.0 0.0 0.0 0.0 0.0 0.0 0.0 0.0 0.0 0.0 0.0 0.0 0.0 0.0 
0.0 0.0 0.0 0.0 0.0 0.0 0.0 0.0 0.0 0.0 0.0 0.0 0.0 0.0 0.0 0.0 0.0 0.0 0.0 0.0 0.0 0.0 0.0 0.0 0.0 
0.0 0.0 0.0 0.0 0.0 0.0 0.0 0.0 0.0 0.0 0.0 0.0 0.0 0.0 0.0 0.0 0.0 0.0 0.0 0.0 0.0 0.0 0.0 0.0 0.0 
2.0 2.0 2.0 2.0 2.0 2.0 2.0 2.0 2.0 2.0 2.0 2.0 2.0 2.0 2.0 2.0 2.0 2.0 2.0 2.0 2.0 2.0 2.0 2.0 2.0 
2.0 2.0 2.0 2.0 2.0 2.0 2.0 2.0 2.0 2.0 2.0 2.0 2.0 2.0 2.0 2.0 2.0 2.0 2.0 2.0 2.0 2.0 2.0 2.0 2.0 
2.0 2.0 2.0 2.0 2.0 2.0 2.0 2.0 2.0 2.0 2.0 2.0 2.0 2.0 2.0 2.0 2.0 2.0 2.0 2.0 2.0 2.0 2.0 2.0 2.0 
2.0 2.0 2.0 2.0 2.0 2.0 2.0 2.0 2.0 2.0 2.0 2.0 2.0 2.0 2.0 2.0 2.0 2.0 2.0 2.0 2.0 2.0 2.0 2.0 2.0 
2.0 2.0 2.0 2.0 2.0 2.0 2.0 2.0 2.0 2.0 2.0 2.0 2.0 2.0 2.0 2.0 2.0 2.0 2.0 2.0 2.0 2.0 2.0 2.0 2.0 

-2.0 -2.0 -2.0 -2.0 -2.0 -2.0 -2.0 -2.0 -2.0 -2.0 -2.0 -2.0 -2.0 -2.0 -2.0 -2.0 -2.0 -2.0 -2.0 -2.0 -2.0 -2.0 -2.0 -2.0 -2.0 
-2.0 -2.0 -2.0 -2.0 -2.0 -2.0 -2.0 -2.0 -2.0 -2.0 -2.0 -2.0 -2.0 -2.0 -2.0 -2.0 -2.0 -2.0 -2.0 -2.0 -2.0 -2.0 -2.0 -2.0 -2.0 
-2.0 -2.0 -2.0 -2.0 -2.0 -2.0 -2.0 -2.0 -2.0 -2.0 -2.0 -2.0 -2.0 -2.0 -2.0 -2.0 -2.0 -2.0 -2.0 -2.0 -2.0 -2.0 -2.0 -2.0 -2.0 
-2.0 -2.0 -2.0 -2.0 -2.0 -2.0 -2.0 -2.0 -2.0 -2.0 -2.0 -2.0 -2.0 -2.0 -2.0 -2.0 -2.0 -2.0 -2.0 -2.0 -2.0 -2.0 -2.0 -2.0 -2.0 
-2.0 -2.0 -2.0 -2.0 -2.0 -2.0 -2.0 -2.0 -2.0 -2.0 -2.0 -2.0 -2.0 -2.0 -2.0 -2.0 -2.0 -2.0 -2.0 -2.0 -2.0 -2.0 -2.0 -2.0 -2.0 
0.0 0.0 0.0 0.0 0.0 0.0 0.0 0.0 0.0 0.0 0.0 0.0 0.0 0.0 0.0 0.0 0.0 0.0 0.0 0.0 0.0 0.0 0.0 0.0 0.0 
0.0 0.0 0.0 0.0 0.0 0.0 0.0 0.0 0.0 0.0 0.0 0.0 0.0 0.0 0.0 0.0 0.0 0.0 0.0 0.0 0.0 0.0 0.0 0.0 0.0 
0.0 0.0 0.0 0.0 0.0 0.0 0.0 0.0 0.0 0.0 0.0 0.0 0.0 0.0 0.0 0.0 0.0 0.0 0.0 0.0 0.0 0.0 0.0 0.0 0.0 
0.0 0.0 0.0 0.0 0.0 0.0 0.0 0.0 0.0 0.0 0.0 0.0 0.0 0.0 0.0 0.0 0.0 0.0 0.0 0.0 0.0 0.0 0.0 0.0 0.0 
0.0 0.0 0.0 0.0 0.0 0.0 0.0 0.0 0.0 0.0 0.0 0.0 0.0 0.0 0.0 0.0 0.0 0.0 0.0 0.0 0.0 0.0 0.0 0.0 0.0 
-1.0 -1.0 -1.0 -1.0 -1.0 -1.0 -1.0 -1.0 -1.0 -1.0 -1.0 -1.0 -1.0 -1.0 -1.0 -1.0 -1.0 -1.0 -1.0 -1.0 -1.0 -1.0 -1.0 -1.0 -1.0 
-1.0 -1.0 -1.0 -1.0 -1.0 -1.0 -1.0 -1.0 -1.0 -1.0 -1.0 -1.0 -1.0 -1.0 -1.0 -1.0 -1.0 -1.0 -1.0 -1.0 -1.0 -1.0 -1.0 -1.0 -1.0 
-1.0 -1.0 -1.0 -1.0 -1.0 -1.0 -1.0 -1.0 -1.0 -1.0 -1.0 -1.0 -1.0 -1.0 -1.0 -1.0 -1.0 -1.0 -1.0 -1.0 -1.0 -1.0 -1.0 -1.0 -1.0 
-1.0 -1.0 -1.0 -1.0 -1.0 -1.0 -1.0 -1.0 -1.0 -1.0 -1.0 -1.0 -1.0 -1.0 -1.0 -1.0 -1.0 -1.0 -1.0 -1.0 -1.0 -1.0 -1.0 -1.0 -1.0 
-1.0 -1.0 -1.0 -1.0 -1.0 -1.0 -1.0 -1.0 -1.0 -1.0 -1.0 -1.0 -1.0 -1.0 -1.0 -1.0 -1.0 -1.0 -1.0 -1.0 -1.0 -1.0 -1.0 -1.0 -1.0 
2.0 2.0 2.0 2.0 2.0 2.0 2.0 2.0 2.0 2.0 2.0 2.0 2.0 2.0 2.0 2.0 2.0 2.0 2.0 2.0 2.0 2.0 2.0 2.0 2.0 
2.0 2.0 2.0 2.0 2.0 2.0 2.0 2.0 2.0 2.0 2.0 2.0 2.0 2.0 2.0 2.0 2.0 2.0 2.0 2.0 2.0 2.0 2.0 2.0 2.0 
2.0 2.0 2.0 2.0 2.0 2.0 2.0 2.0 2.0 2.0 2.0 2.0 2.0 2.0 2.0 2.0 2.0 2.0 2.0 2.0 2.0 2.0 2.0 2.0 2.0 
2.0 2.0 2.0 2.0 2.0 2.0 2.0 2.0 2.0 2.0 2.0 2.0 2.0 2.0 2.0 2.0 2.0 2.0 2.0 2.0 2.0 2.0 2.0 2.0 2.0 
2.0 2.0 2.0 2.0 2.0 2.0 2.0 2.0 2.0 2.0 2.0 2.0 2.0 2.0 2.0 2.0 2.0 2.0 2.0 2.0 2.0 2.0 2.0 2.0 2.0 
1.0 1.0 1.0 1.0 1.0 1.0 1.0 1.0 1.0 1.0 1.0 1.0 1.0 1.0 1.0 1.0 1.0 1.0 1.0 1.0 1.0 1.0 1.0 1.0 1.0 
1.0 1.0 1.0 1.0 1.0 1.0 1.0 1.0 1.0 1.0 1.0 1.0 1.0 1.0 1.0 1.0 1.0 1.0 1.0 1.0 1.0 1.0 1.0 1.0 1.0 
1.0 1.0 1.0 1.0 1.0 1.0 1.0 1.0 1.0 1.0 1.0 1.0 1.0 1.0 1.0 1.0 1.0 1.0 1.0 1.0 1.0 1.0 1.0 1.0 1.0 
1.0 1.0 1.0 1.0 1.0 1.0 1.0 1.0 1.0 1.0 1.0 1.0 1.0 1.0 1.0 1.0 1.0 1.0 1.0 1.0 1.0 1.0 1.0 1.0 1.0 
1.0 1.0 1.0 1.0 1.0 1.0 1.0 1.0 1.0 1.0 1.0 1.0 1.0 1.0 1.0 1.0 1.0 1.0 1.0 1.0 1.0 1.0 1.0 1.0 1.0 

