0.661009 0.469277 0.160124 0.246017 0.549489 0.572163 0.680889 0.692840 0.432235 0.627214 0.395419 0.004654 0.898932 0.676665 0.745470 0.189723 0.473078 0.908973 0.149749 0.289642 0.488346 0.320370 0.545559 0.288757 0.209582 
0.019109 0.639240 0.951818 0.914609 0.983184 0.585113 0.868046 0.861875 0.084063 0.040807 0.737685 0.940175 0.735931 0.897317 0.457530 0.773260 0.670669 0.285706 0.691116 0.988742 0.788680 0.678750 0.258142 0.525286 0.675605 
0.231141 0.059507 0.729644 0.481622 0.768671 0.049409 0.106680 0.796161 0.218187 0.248567 0.886845 0.081342 0.671574 0.986086 0.027802 0.123682 0.941026 0.797452 0.488153 0.399375 0.621191 0.843582 0.689813 0.322553 0.041711 
0.342079 0.572867 0.060034 0.755520 0.247510 0.835420 0.919029 0.449731 0.915404 0.957051 0.524182 0.859756 0.735238 0.108835 0.749675 0.342649 0.809213 0.356211 0.931358 0.086997 0.109066 0.420525 0.642025 0.441524 0.463659 
0.128520 0.756969 0.703651 0.341535 0.500378 0.357681 0.994748 0.835888 0.624041 0.284766 0.035696 0.105377 0.922506 0.740941 0.757813 0.540132 0.394540 0.559833 0.495913 0.245627 0.277436 0.846677 0.535893 0.189844 0.760882 
0.293143 0.291104 0.165413 0.596250 0.448657 0.456792 0.319340 0.938346 0.923661 0.621428 0.171294 0.654195 0.196811 0.684429 0.895887 0.117282 0.153584 0.077391 0.723054 0.798298 0.718685 0.205084 0.908831 0.886722 0.392742 
0.125427 0.488696 0.417286 0.459725 0.498330 0.200019 0.531402 0.432003 0.621397 0.162824 0.228804 0.646271 0.768282 0.347697 0.885938 0.412105 0.418829 0.835357 0.001519 0.387274 0.703923 0.130103 0.558826 0.811780 0.189732 
0.914110 0.425652 0.811637 0.490060 0.170497 0.347286 0.823623 0.662205 0.174239 0.577718 0.723295 0.608951 0.682326 0.615935 0.092820 0.464361 0.925499 0.292569 0.900350 0.714012 0.863140 0.457796 0.001976 0.368376 0.118334 
0.526406 0.420699 0.715520 0.003047 0.132364 0.439306 0.646195 0.592852 0.216222 0.441643 0.896537 0.745510 0.165946 0.731934 0.482467 0.921207 0.509190 0.163659 0.591078 0.472035 0.077970 0.164105 0.771157 0.790717 0.813049 
0.606219 0.327201 0.196433 0.079155 0.337833 0.584405 0.740901 0.237675 0.918088 0.058648 0.751505 0.843012 0.610782 0.657522 0.714261 0.908089 0.482871 0.429798 0.434749 0.223856 0.064652 0.278431 0.943887 0.367896 0.582891 
0.108545 0.375428 0.106112 0.249341 0.052820 0.714652 0.991810 0.140057 0.833005 0.384456 0.897032 0.049233 0.102822 0.036651 0.302203 0.769471 0.379428 0.559757 0.440130 0.412520 0.049923 0.957980 0.573567 0.144117 0.373382 
0.362478 0.553087 0.667172 0.840014 0.772333 0.889353 0.596785 0.293470 0.920399 0.082607 0.388039 0.553256 0.865848 0.506244 0.419879 0.790240 0.674431 0.957635 0.652448 0.948194 0.679315 0.002697 0.370796 0.023432 0.057737 
0.804768 0.992179 0.291120 0.551851 0.348539 0.411119 0.406652 0.324129 0.431978 0.901812 0.736574 0.723375 0.487662 0.550408 0.988104 0.642686 0.084234 0.668505 0.464916 0.068487 0.578246 0.363359 0.177029 0.788798 0.144696 
0.818726 0.444475 0.655888 0.183033 0.949801 0.974127 0.185322 0.121869 0.117235 0.692423 0.957466 0.597503 0.264158 0.860359 0.746070 0.270968 0.743709 0.437310 0.921838 0.636626 0.148953 0.888343 0.099459 0.343412 0.815431 
0.213538 0.346339 0.676042 0.801581 0.247482 0.244037 0.240211 0.979834 0.160405 0.691525 0.178363 0.424341 0.377464 0.101049 0.667476 0.593182 0.323985 0.222026 0.819552 0.160612 0.596850 0.258653 0.503220 0.667598 0.745179 
0.844370 0.777859 0.420300 0.835477 0.992647 0.769414 0.309358 0.700636 0.374911 0.240175 0.008662 0.461731 0.050765 0.785046 0.722179 0.503224 0.839012 0.043455 0.776066 0.338650 0.304274 0.601957 0.910828 0.699492 0.355760 
0.872495 0.784529 0.467364 0.560250 0.310207 0.959472 0.121670 0.221632 0.018419 0.044640 0.280962 0.630436 0.081443 0.395720 0.609272 0.864445 0.516698 0.697562 0.195878 0.995595 0.295084 0.352595 0.220622 0.343190 0.115648 
0.902361 0.777626 0.569760 0.144725 0.461895 0.404958 0.865262 0.924658 0.107340 0.810262 0.535134 0.617821 0.268382 0.150158 0.478020 0.859839 0.629621 0.535858 0.683442 0.925468 0.368770 0.940940 0.344821 0.983191 0.197901 
0.106286 0.779167 0.874826 0.243824 0.537277 0.587062 0.537378 0.049597 0.216841 0.506296 0.675962 0.299304 0.778797 0.497448 0.348371 0.414730 0.780226 0.070347 0.453197 0.572866 0.987964 0.633509 0.568699 0.350172 0.053510 
0.167837 0.465888 0.933406 0.412982 0.393096 0.271010 0.726180 0.595687 0.131375 0.143633 0.086670 0.754523 0.221069 0.730280 0.017939 0.518659 0.222644 0.567493 0.208373 0.647009 0.806461 0.475634 0.164607 0.100827 0.026974 
0.776440 0.116793 0.386328 0.885257 0.459724 0.305670 0.034718 0.678641 0.970625 0.155224 0.542829 0.193744 0.196813 0.741017 0.916680 0.954310 0.626416 0.867617 0.753106 0.672087 0.295918 0.562556 0.000662 0.840615 0.337040 
0.049085 0.172753 0.672723 0.942168 0.912029 0.869476 0.277746 0.527578 0.869135 0.240439 0.976329 0.541572 0.768062 0.306179 0.834660 0.387004 0.137228 0.177688 0.526715 0.713243 0.339784 0.374794 0.684307 0.286547 0.394299 
0.207169 0.105682 0.277958 0.244161 0.268803 0.870750 0.987077 0.692528 0.458586 0.975153 0.090610 0.615967 0.177337 0.334252 0.659264 0.758366 0.627880 0.599912 0.837734 0.204237 0.224648 0.817477 0.547324 0.826075 0.968525 
0.165647 0.793212 0.558307 0.882775 0.665000 0.443529 0.873826 0.553573 0.870828 0.926320 0.407553 0.356253 0.935012 0.460619 0.955558 0.773660 0.537588 0.997822 0.013283 0.956773 0.126118 0.796163 0.584275 0.710419 0.473566 
0.060052 0.826556 0.154936 0.104891 0.078174 0.026131 0.304590 0.552095 0.662991 0.324069 0.515395 0.002304 0.544140 0.503218 0.313436 0.476058 0.397492 0.762388 0.783419 0.785801 0.385147 0.636137 0.244195 0.285643 0.100986 

0.335006 0.931690 0.543210 0.719812 0.891688 0.749201 0.596529 0.288910 0.416095 0.814918 0.927680 0.753729 0.182473 0.952719 0.441322 0.181562 0.940507 0.348982 0.274459 0.380387 0.466404 0.630038 0.035878 0.866208 0.337600 
0.454560 0.762866 0.735766 0.411104 0.131583 0.410891 0.217789 0.385295 0.284212 0.920760 0.670318 0.027335 0.693442 0.263687 0.158722 0.018054 0.514683 0.127371 0.558369 0.526112 0.041782 0.506826 0.513921 0.090396 0.520623 
0.182471 0.630699 0.745090 0.525286 0.582385 0.339147 0.048265 0.542385 0.905518 0.216489 0.627134 0.647285 0.747335 0.437585 0.117313 0.887145 0.331223 0.891314 0.193106 0.621981 0.074655 0.147957 0.448553 0.742916 0.811548 
0.747151 0.193620 0.862051 0.923261 0.649093 0.977854 0.375032 0.192971 0.069584 0.773711 0.484190 0.295331 0.462478 0.056856 0.972830 0.615736 0.481655 0.381868 0.448836 0.134270 0.159965 0.659705 0.311851 0.878364 0.532633 
0.736299 0.383058 0.859871 0.164543 0.635312 0.293773 0.881661 0.472422 0.407685 0.028642 0.510288 0.717686 0.883117 0.336901 0.736292 0.754101 0.704903 0.736084 0.049239 0.833914 0.606875 0.962308 0.821557 0.553858 0.454787 
0.046352 0.781361 0.156352 0.022603 0.286263 0.524814 0.546704 0.315370 0.936246 0.571469 0.839436 0.397138 0.978658 0.494403 0.305010 0.729181 0.076896 0.118489 0.121683 0.475083 0.408020 0.125713 0.148447 0.180904 0.347070 
0.072048 0.382579 0.580864 0.127267 0.442741 0.865700 0.383522 0.267491 0.300193 0.327628 0.467488 0.375109 0.438624 0.330923 0.458568 0.572707 0.335281 0.137662 0.079129 0.273774 0.879994 0.604926 0.606035 0.808458 0.551438 
0.144706 0.977032 0.934676 0.991800 0.673114 0.969394 0.035002 0.367210 0.336624 0.494020 0.740629 0.868203 0.408636 0.350476 0.428591 0.714527 0.009889 0.130689 0.973613 0.376081 0.709590 0.312715 0.380971 0.788570 0.184856 
0.015164 0.914237 0.937685 0.924635 0.660015 0.891198 0.836421 0.139917 0.396412 0.282903 0.752389 0.407165 0.282896 0.572706 0.472331 0.563115 0.230024 0.674327 0.469357 0.545302 0.011957 0.501922 0.560942 0.817448 0.610885 
0.357587 0.387790 0.598395 0.277177 0.149197 0.308844 0.654502 0.141449 0.931651 0.853401 0.925877 0.595500 0.126677 0.430087 0.195454 0.517887 0.483213 0.291385 0.270594 0.516616 0.352992 0.421446 0.177428 0.986546 0.671059 
0.664694 0.616301 0.147723 0.928143 0.523002 0.249978 0.958591 0.335078 0.753639 0.079594 0.402976 0.111211 0.585450 0.828375 0.369505 0.089201 0.497005 0.745887 0.466078 0.844415 0.720831 0.662562 0.365902 0.728074 0.716756 
0.964645 0.909644 0.020499 0.232032 0.210241 0.476433 0.722688 0.470155 0.427022 0.429282 0.018524 0.332115 0.321104 0.257524 0.130403 0.950719 0.983666 0.690660 0.742421 0.852346 0.075505 0.918586 0.253087 0.819570 0.976612 
0.703258 0.310391 0.734402 0.928333 0.788576 0.491417 0.287934 0.309675 0.695885 0.467523 0.609002 0.604412 0.150928 0.586295 0.626796 0.554116 0.993493 0.455565 0.615221 0.711832 0.368738 0.942474 0.280843 0.902664 0.592569 
0.559140 0.313074 0.714893 0.098237 0.894667 0.253363 0.925083 0.085681 0.516014 0.706479 0.423869 0.004838 0.272295 0.445717 0.303895 0.320710 0.421337 0.278213 0.870124 0.686557 0.710561 0.790916 0.503080 0.765527 0.503710 
0.234474 0.073318 0.342867 0.722578 0.417677 0.036014 0.350755 0.678041 0.087504 0.207227 0.418556 0.556439 0.354608 0.668405 0.764229 0.161774 0.930522 0.203977 0.730128 0.158081 0.523581 0.697874 0.372910 0.796611 0.535658 
0.422788 0.182350 0.985947 0.782883 0.940715 0.150884 0.009916 0.912460 0.366177 0.395941 0.703964 0.278429 0.355895 0.966280 0.873030 0.555633 0.015298 0.392245 0.866338 0.812505 0.732688 0.419236 0.317459 0.617131 0.174483 
0.387732 0.184634 0.022545 0.246753 0.073269 0.840455 0.792468 0.019219 0.785643 0.949946 0.174117 0.006927 0.578507 0.258455 0.746454 0.112419 0.766948 0.748178 0.670255 0.271081 0.195301 0.013764 0.268981 0.566708 0.663953 
0.088912 0.768876 0.543575 0.998964 0.626091 0.127172 0.420341 0.054607 0.747004 0.689134 0.135329 0.763476 0.009342 0.108677 0.651566 0.633690 0.313308 0.689582 0.839516 0.405594 0.676553 0.503659 0.119867 0.834562 0.432316 
0.943422 0.630645 0.009680 0.799034 0.246870 0.217366 0.566863 0.128481 0.596697 0.088167 0.093183 0.640617 0.381171 0.969414 0.389391 0.889075 0.804210 0.243520 0.017434 0.624427 0.975268 0.216083 0.712350 0.759737 0.205974 
0.216222 0.577393 0.122727 0.973821 0.607562 0.391444 0.081413 0.421133 0.052415 0.327102 0.798687 0.855941 0.031694 0.388071 0.934195 0.136481 0.308037 0.730302 0.847126 0.233485 0.480018 0.587866 0.823847 0.361661 0.478115 
0.646043 0.301410 0.738720 0.580467 0.690210 0.707278 0.374496 0.027948 0.607569 0.845599 0.786810 0.289717 0.385036 0.790239 0.942035 0.682338 0.299093 0.722634 0.327917 0.313004 0.791073 0.111087 0.809454 0.953403 0.911702 
0.756556 0.786656 0.998860 0.935856 0.679476 0.556968 0.801644 0.592044 0.094730 0.340820 0.159119 0.485891 0.094495 0.504664 0.107009 0.430877 0.009771 0.622882 0.330380 0.803585 0.078345 0.309437 0.123113 0.133479 0.470550 
0.487199 0.724402 0.536696 0.119676 0.986876 0.054461 0.839009 0.492678 0.021097 0.921805 0.190707 0.520058 0.500485 0.469194 0.613553 0.683039 0.256432 0.555919 0.360492 0.096943 0.818276 0.153699 0.757753 0.405262 0.068574 
0.458378 0.592837 0.643088 0.747687 0.315080 0.670113 0.575718 0.735505 0.018422 0.858936 0.866447 0.345830 0.703360 0.218152 0.875694 0.856298 0.692168 0.449261 0.301041 0.478837 0.116629 0.345911 0.524112 0.636358 0.155777 
0.680904 0.136405 0.467993 0.995651 0.964145 0.914682 0.738185 0.783024 0.943876 0.466597 0.054433 0.426384 0.637630 0.979351 0.827985 0.317510 0.186575 0.110671 0.107502 0.436807 0.758154 0.570585 0.583617 0.315383 0.956930 

0.204115 1.510683 0.381595 1.219468 1.152107 1.117777 0.136919 -0.122970 0.416949 0.832649 0.047782 0.811380 -1.513675 -0.843790 -1.278084 0.130552 -0.050106 -1.500117 -0.315118 -0.088219 -0.668030 0.132544 -1.159079 0.342672 -0.391362 
0.596118 0.992804 0.669849 0.223463 -0.364313 0.148917 -0.373994 -0.118981 0.667458 1.930639 -0.803126 -1.955754 -0.883627 -1.839302 -0.956598 -1.465372 -0.829137 -0.243910 -0.948782 -1.328773 -1.762334 -0.834263 -0.001864 -1.223848 -1.231693 
-0.254264 1.353705 0.925819 0.709647 0.260709 0.433533 -0.230588 0.263553 1.578070 0.061052 -1.047461 0.529902 -0.571373 -1.420734 0.075463 0.944076 -1.684052 -0.922828 -0.665396 -0.057234 -1.405424 -1.187781 -1.147385 0.236849 0.897311 
1.319592 0.056938 1.554729 1.132902 1.139043 1.383113 -0.120455 0.055408 -0.814167 0.683314 0.592620 -0.189709 -1.118983 -0.290624 -0.614092 0.002722 -1.366308 -0.433399 -1.636370 -0.289159 -0.159594 -0.228096 -1.141397 0.281127 -0.086022 
1.221443 -0.020124 0.918209 -0.081180 0.407366 0.249154 0.647167 0.356277 0.136157 -0.056036 0.469996 0.620942 -1.136418 -1.005647 -0.851324 -0.614990 -0.151908 -0.566101 -1.043611 0.290889 0.136698 -0.784101 -0.272710 0.275953 -0.864526 
0.163845 0.936681 0.133689 -0.302607 0.053244 0.419954 0.844991 -0.095448 0.963269 -0.621815 0.561556 -1.103759 0.423532 -0.352139 -1.281811 0.704925 -0.507052 -0.126991 -1.208687 -0.910461 -1.113078 0.234823 -1.760476 -1.999157 -0.553693 
-0.042450 0.095068 0.782100 -0.348360 0.673883 1.693782 0.331850 -0.002347 -0.208109 0.038889 -0.710106 0.024379 -0.457949 -0.104302 0.117499 -0.784502 -0.654678 -1.391429 -0.063514 -0.312577 -0.552105 -1.107334 -0.985262 -0.987349 0.186883 
-0.771450 1.277849 1.042195 1.503521 1.071065 1.381807 -0.567320 0.071283 0.704059 -0.680775 -0.373390 -0.804193 -0.133930 0.099005 -0.801011 -1.039425 0.834805 0.010890 -0.850803 -0.052776 -1.273913 0.076126 -0.734226 -0.959033 -0.022781 
-1.055138 1.407989 1.124217 1.536363 1.343833 1.123511 1.050535 -0.311423 0.503259 -0.918903 -0.666378 0.063226 -0.163960 -0.229510 -0.482182 0.212119 0.018323 -0.965123 -0.363309 -0.416074 0.311692 -0.608131 -0.152815 -0.693241 -0.838547 
0.208257 0.183505 1.175962 0.733395 -0.101120 -0.018854 0.576583 0.028117 0.934384 0.751797 -0.856781 -0.451152 0.883635 -0.185195 0.701248 -0.124542 -0.615155 -0.530070 -0.060290 -1.036235 -0.707328 -0.740740 0.807937 -1.574738 -0.782419 
1.631213 0.555656 0.115102 1.428481 0.870029 -0.381497 1.321240 0.674488 -0.546608 -0.630610 1.562691 0.053884 0.261479 -0.466274 -0.654011 0.379426 -0.832036 -1.286247 -0.077019 -1.054930 -1.376582 -0.234970 -0.278676 -1.385831 -1.517412 
1.822061 1.508537 -0.231103 -0.558759 -0.444890 -0.024787 0.927106 0.542797 1.909227 -0.003805 -0.495407 0.806280 1.826492 0.832996 0.021080 -0.845657 -1.071356 -0.572155 -0.942184 -0.640478 0.724709 -1.961705 -0.493340 -1.481473 -1.988310 
0.374375 -0.525481 0.973697 0.982016 0.762125 1.235930 0.920062 0.466725 0.724948 1.692859 1.173404 1.548169 1.200503 1.123180 -0.378442 -0.643095 -2.282856 -0.206667 -0.568233 -1.381247 -0.367465 -1.415961 -0.544280 -1.154795 -1.069928 
0.108694 0.112998 0.631552 -0.366237 0.829475 -0.585258 1.898126 0.416248 0.489175 1.168181 1.846793 1.228550 0.626825 1.876396 1.634796 0.617828 -0.193038 -0.519450 -0.669334 -0.641704 -1.263412 -0.714139 -0.804258 -1.115029 -0.314342 
0.184335 -0.018025 -0.122953 0.985954 0.391471 -0.010831 0.541939 2.087928 0.526503 1.367947 0.557593 0.995510 0.691256 0.608621 1.319794 1.465249 -1.413748 0.275082 1.606966 -0.144459 0.872807 0.280191 0.000932 -0.870694 -0.416476 
-0.202668 -0.681525 1.517868 0.653402 0.813096 1.362743 0.529888 1.232798 0.764828 0.266643 -0.068102 0.865874 -0.200275 1.417067 1.560566 0.861900 1.617611 -0.004860 1.729717 1.209998 0.184431 1.377203 0.634843 -0.604298 -0.184873 
0.382281 -0.241705 -0.226177 -0.189472 -0.129673 2.150532 0.156045 0.539907 0.229735 0.062746 0.606834 1.194447 -0.174453 0.752849 1.165199 1.625353 1.038962 1.411597 0.495371 1.934638 0.744650 -0.244645 -0.383596 -0.883858 -1.375454 
0.205949 -0.730548 0.828215 0.300674 1.019078 0.701350 2.089689 1.998209 0.182234 1.304091 1.411833 1.451462 0.433065 0.410425 0.883423 -0.573795 -0.392015 -0.907250 1.677798 1.974208 -0.692504 -0.582164 0.067386 -0.805643 -0.305317 
-0.712055 -0.325572 1.599529 0.600765 1.287352 1.199065 1.037528 0.111773 0.558063 1.211598 1.507066 0.508816 1.812002 0.841906 0.749623 -1.015034 -0.843235 -0.433358 0.008979 -0.940383 -1.066599 -0.209159 -0.339830 -0.725797 -0.043846 
-0.454612 -1.053049 2.201883 0.863276 0.699225 0.634971 1.430613 1.753908 0.221807 0.203889 0.382242 1.415664 0.692455 1.455956 -0.032403 1.252676 -0.472265 -1.219705 -0.715387 -0.312536 -0.621037 -0.756067 -1.164988 -0.519156 -0.455605 
-0.958722 -0.468734 -0.868703 1.977624 0.910442 0.548351 0.086347 1.460783 2.009941 -0.105585 0.859914 0.343712 0.667288 1.547445 -0.836674 -0.879027 -0.131237 -0.536480 -0.769629 0.001054 -0.470409 0.120172 -0.990670 -1.198027 -0.626525 
-0.558874 -0.496693 -1.193767 -0.909127 -0.513999 1.304408 0.645670 0.913072 1.990945 0.132453 2.150648 1.396614 0.110424 -0.518111 -0.253479 -0.336950 0.288295 -0.608209 -0.166780 -0.944309 0.048818 0.075243 -0.306909 -0.120826 -0.578928 
-0.107460 -0.414033 -0.318334 -0.055935 -0.897791 -0.119256 -0.907028 -0.381203 0.689619 2.082629 0.357163 -0.684746 -0.273837 -0.490279 -0.752008 -0.697837 -0.064653 -0.237611 0.007537 -0.265729 -0.852951 -0.503877 -0.688732 -0.262250 -0.430496 
-0.308886 -0.331766 -0.597175 -1.170296 -0.205851 -0.635228 -0.094703 -0.675630 0.004690 1.511313 -1.039413 -0.380104 -0.778434 -0.351568 -0.774086 -1.238565 -0.571173 -0.717516 -0.198905 -0.762524 -0.188310 -0.595112 -0.522396 -0.449527 -0.008627 
-0.950006 0.097835 -0.475809 -1.085490 -0.999671 -1.241736 -0.835010 -0.372262 -0.672631 -0.583634 -0.135628 -0.695319 -0.395844 -0.813164 -0.944965 -0.570530 -0.367574 -0.094536 -0.464538 -0.599380 -0.571921 -0.680664 -0.804735 -0.477606 -1.449224 

3 3 3 3 3 3 3 3 3 3 2 2 2 2 2 2 2 2 2 2 2 2 2 2 2 
3 3 3 3 3 3 3 3 3 3 2 2 2 2 2 2 2 2 2 2 2 2 2 2 2 
3 3 3 3 3 3 3 3 3 2 2 2 2 2 2 2 2 2 2 2 2 2 2 2 2 
3 3 3 3 3 3 3 3 3 3 3 3 2 2 2 2 2 2 2 2 2 2 2 2 2 
3 3 3 3 3 3 3 3 3 3 2 2 2 2 2 2 2 2 2 2 2 2 2 2 2 
3 3 3 3 3 3 3 3 3 2 2 2 2 0 2 2 2 2 2 2 2 0 2 2 2 
3 3 3 3 3 3 3 3 3 2 0 0 0 0 0 0 2 2 2 2 2 0 0 2 2 
3 3 3 3 3 3 3 3 3 2 2 0 0 0 0 0 0 0 0 0 2 0 0 0 0 
3 3 3 3 3 3 3 3 3 2 0 0 0 0 0 0 0 0 0 0 2 0 0 0 0 
3 3 3 3 3 3 3 3 3 2 2 0 4 0 0 0 0 0 0 0 0 0 0 0 0 
3 3 3 3 3 3 3 3 2 2 4 4 4 4 0 0 0 0 0 0 0 0 0 0 0 
3 3 3 3 3 3 3 3 4 2 2 4 4 4 0 0 0 0 0 0 0 0 0 0 0 
3 3 3 3 3 4 4 4 4 4 4 4 4 4 0 0 0 0 0 0 0 0 0 0 0 
3 3 3 3 3 3 3 4 4 4 4 4 4 4 4 4 0 0 0 0 0 0 0 0 0 
3 3 3 3 3 3 4 4 4 4 4 4 4 4 4 4 0 4 4 0 4 4 0 0 0 
3 3 3 3 3 4 4 4 4 4 4 4 4 4 4 4 4 4 4 4 4 4 0 0 0 
3 3 3 3 3 4 4 4 4 4 4 4 4 4 4 4 4 4 4 4 4 1 0 0 0 
1 1 3 4 3 4 4 4 4 4 4 4 4 4 4 1 1 1 4 4 1 1 1 1 1 
1 1 4 4 4 4 4 4 4 4 4 4 4 4 4 1 1 1 1 1 1 1 1 1 1 
1 1 4 4 4 4 4 4 4 4 4 4 4 4 4 4 1 1 1 1 1 1 1 1 1 
1 1 1 4 4 4 4 4 4 4 4 4 4 4 1 1 1 1 1 1 1 1 1 1 1 
1 1 1 1 1 4 4 4 4 4 4 4 1 1 1 1 1 1 1 1 1 1 1 1 1 
1 1 1 1 1 1 1 1 4 4 4 1 1 1 1 1 1 1 1 1 1 1 1 1 1 
1 1 1 1 1 1 1 1 1 4 1 1 1 1 1 1 1 1 1 1 1 1 1 1 1 
1 1 1 1 1 1 1 1 1 1 1 1 1 1 1 1 1 1 1 1 1 1 1 1 1 

-1.0 -1.0 -1.0 -1.0 -1.0 -1.0 -1.0 -1.0 -1.0 -1.0 -2.0 -2.0 -2.0 -2.0 -2.0 -2.0 -2.0 -2.0 -2.0 -2.0 -2.0 -2.0 -2.0 -2.0 -2.0 
-1.0 -1.0 -1.0 -1.0 -1.0 -1.0 -1.0 -1.0 -1.0 -1.0 -2.0 -2.0 -2.0 -2.0 -2.0 -2.0 -2.0 -2.0 -2.0 -2.0 -2.0 -2.0 -2.0 -2.0 -2.0 
-1.0 -1.0 -1.0 -1.0 -1.0 -1.0 -1.0 -1.0 -1.0 -2.0 -2.0 -2.0 -2.0 -2.0 -2.0 -2.0 -2.0 -2.0 -2.0 -2.0 -2.0 -2.0 -2.0 -2.0 -2.0 
-1.0 -1.0 -1.0 -1.0 -1.0 -1.0 -1.0 -1.0 -1.0 -1.0 -1.0 -1.0 -2.0 -2.0 -2.0 -2.0 -2.0 -2.0 -2.0 -2.0 -2.0 -2.0 -2.0 -2.0 -2.0 
-1.0 -1.0 -1.0 -1.0 -1.0 -1.0 -1.0 -1.0 -1.0 -1.0 -2.0 -2.0 -2.0 -2.0 -2.0 -2.0 -2.0 -2.0 -2.0 -2.0 -2.0 -2.0 -2.0 -2.0 -2.0 
-1.0 -1.0 -1.0 -1.0 -1.0 -1.0 -1.0 -1.0 -1.0 -2.0 -2.0 -2.0 -2.0 1.0 -2.0 -2.0 -2.0 -2.0 -2.0 -2.0 -2.0 1.0 -2.0 -2.0 -2.0 
-1.0 -1.0 -1.0 -1.0 -1.0 -1.0 -1.0 -1.0 -1.0 -2.0 1.0 1.0 1.0 1.0 1.0 1.0 -2.0 -2.0 -2.0 -2.0 -2.0 1.0 1.0 -2.0 -2.0 
-1.0 -1.0 -1.0 -1.0 -1.0 -1.0 -1.0 -1.0 -1.0 -2.0 -2.0 1.0 1.0 1.0 1.0 1.0 1.0 1.0 1.0 1.0 -2.0 1.0 1.0 1.0 1.0 
-1.0 -1.0 -1.0 -1.0 -1.0 -1.0 -1.0 -1.0 -1.0 -2.0 1.0 1.0 1.0 1.0 1.0 1.0 1.0 1.0 1.0 1.0 -2.0 1.0 1.0 1.0 1.0 
-1.0 -1.0 -1.0 -1.0 -1.0 -1.0 -1.0 -1.0 -1.0 -2.0 -2.0 1.0 2.0 1.0 1.0 1.0 1.0 1.0 1.0 1.0 1.0 1.0 1.0 1.0 1.0 
-1.0 -1.0 -1.0 -1.0 -1.0 -1.0 -1.0 -1.0 -2.0 -2.0 2.0 2.0 2.0 2.0 1.0 1.0 1.0 1.0 1.0 1.0 1.0 1.0 1.0 1.0 1.0 
-1.0 -1.0 -1.0 -1.0 -1.0 -1.0 -1.0 -1.0 2.0 -2.0 -2.0 2.0 2.0 2.0 1.0 1.0 1.0 1.0 1.0 1.0 1.0 1.0 1.0 1.0 1.0 
-1.0 -1.0 -1.0 -1.0 -1.0 2.0 2.0 2.0 2.0 2.0 2.0 2.0 2.0 2.0 1.0 1.0 1.0 1.0 1.0 1.0 1.0 1.0 1.0 1.0 1.0 
-1.0 -1.0 -1.0 -1.0 -1.0 -1.0 -1.0 2.0 2.0 2.0 2.0 2.0 2.0 2.0 2.0 2.0 1.0 1.0 1.0 1.0 1.0 1.0 1.0 1.0 1.0 
-1.0 -1.0 -1.0 -1.0 -1.0 -1.0 2.0 2.0 2.0 2.0 2.0 2.0 2.0 2.0 2.0 2.0 1.0 2.0 2.0 1.0 2.0 2.0 1.0 1.0 1.0 
-1.0 -1.0 -1.0 -1.0 -1.0 2.0 2.0 2.0 2.0 2.0 2.0 2.0 2.0 2.0 2.0 2.0 2.0 2.0 2.0 2.0 2.0 2.0 1.0 1.0 1.0 
-1.0 -1.0 -1.0 -1.0 -1.0 2.0 2.0 2.0 2.0 2.0 2.0 2.0 2.0 2.0 2.0 2.0 2.0 2.0 2.0 2.0 2.0 0.0 1.0 1.0 1.0 
0.0 0.0 -1.0 2.0 -1.0 2.0 2.0 2.0 2.0 2.0 2.0 2.0 2.0 2.0 2.0 0.0 0.0 0.0 2.0 2.0 0.0 0.0 0.0 0.0 0.0 
0.0 0.0 2.0 2.0 2.0 2.0 2.0 2.0 2.0 2.0 2.0 2.0 2.0 2.0 2.0 0.0 0.0 0.0 0.0 0.0 0.0 0.0 0.0 0.0 0.0 
0.0 0.0 2.0 2.0 2.0 2.0 2.0 2.0 2.0 2.0 2.0 2.0 2.0 2.0 2.0 2.0 0.0 0.0 0.0 0.0 0.0 0.0 0.0 0.0 0.0 
0.0 0.0 0.0 2.0 2.0 2.0 2.0 2.0 2.0 2.0 2.0 2.0 2.0 2.0 0.0 0.0 0.0 0.0 0.0 0.0 0.0 0.0 0.0 0.0 0.0 
0.0 0.0 0.0 0.0 0.0 2.0 2.0 2.0 2.0 2.0 2.0 2.0 0.0 0.0 0.0 0.0 0.0 0.0 0.0 0.0 0.0 0.0 0.0 0.0 0.0 
0.0 0.0 0.0 0.0 0.0 0.0 0.0 0.0 2.0 2.0 2.0 0.0 0.0 0.0 0.0 0.0 0.0 0.0 0.0 0.0 0.0 0.0 0.0 0.0 0.0 
0.0 0.0 0.0 0.0 0.0 0.0 0.0 0.0 0.0 2.0 0.0 0.0 0.0 0.0 0.0 0.0 0.0 0.0 0.0 0.0 0.0 0.0 0.0 0.0 0.0 
0.0 0.0 0.0 0.0 0.0 0.0 0.0 0.0 0.0 0.0 0.0 0.0 0.0 0.0 0.0 0.0 0.0 0.0 0.0 0.0 0.0 0.0 0.0 0.0 0.0 

2.0 2.0 2.0 2.0 2.0 2.0 2.0 2.0 2.0 2.0 1.0 1.0 1.0 1.0 1.0 1.0 1.0 1.0 1.0 1.0 1.0 1.0 1.0 1.0 1.0 
2.0 2.0 2.0 2.0 2.0 2.0 2.0 2.0 2.0 2.0 1.0 1.0 1.0 1.0 1.0 1.0 1.0 1.0 1.0 1.0 1.0 1.0 1.0 1.0 1.0 
2.0 2.0 2.0 2.0 2.0 2.0 2.0 2.0 2.0 1.0 1.0 1.0 1.0 1.0 1.0 1.0 1.0 1.0 1.0 1.0 1.0 1.0 1.0 1.0 1.0 
2.0 2.0 2.0 2.0 2.0 2.0 2.0 2.0 2.0 2.0 2.0 2.0 1.0 1.0 1.0 1.0 1.0 1.0 1.0 1.0 1.0 1.0 1.0 1.0 1.0 
2.0 2.0 2.0 2.0 2.0 2.0 2.0 2.0 2.0 2.0 1.0 1.0 1.0 1.0 1.0 1.0 1.0 1.0 1.0 1.0 1.0 1.0 1.0 1.0 1.0 
2.0 2.0 2.0 2.0 2.0 2.0 2.0 2.0 2.0 1.0 1.0 1.0 1.0 -2.0 1.0 1.0 1.0 1.0 1.0 1.0 1.0 -2.0 1.0 1.0 1.0 
2.0 2.0 2.0 2.0 2.0 2.0 2.0 2.0 2.0 1.0 -2.0 -2.0 -2.0 -2.0 -2.0 -2.0 1.0 1.0 1.0 1.0 1.0 -2.0 -2.0 1.0 1.0 
2.0 2.0 2.0 2.0 2.0 2.0 2.0 2.0 2.0 1.0 1.0 -2.0 -2.0 -2.0 -2.0 -2.0 -2.0 -2.0 -2.0 -2.0 1.0 -2.0 -2.0 -2.0 -2.0 
2.0 2.0 2.0 2.0 2.0 2.0 2.0 2.0 2.0 1.0 -2.0 -2.0 -2.0 -2.0 -2.0 -2.0 -2.0 -2.0 -2.0 -2.0 1.0 -2.0 -2.0 -2.0 -2.0 
2.0 2.0 2.0 2.0 2.0 2.0 2.0 2.0 2.0 1.0 1.0 -2.0 0.0 -2.0 -2.0 -2.0 -2.0 -2.0 -2.0 -2.0 -2.0 -2.0 -2.0 -2.0 -2.0 
2.0 2.0 2.0 2.0 2.0 2.0 2.0 2.0 1.0 1.0 0.0 0.0 0.0 0.0 -2.0 -2.0 -2.0 -2.0 -2.0 -2.0 -2.0 -2.0 -2.0 -2.0 -2.0 
2.0 2.0 2.0 2.0 2.0 2.0 2.0 2.0 0.0 1.0 1.0 0.0 0.0 0.0 -2.0 -2.0 -2.0 -2.0 -2.0 -2.0 -2.0 -2.0 -2.0 -2.0 -2.0 
2.0 2.0 2.0 2.0 2.0 0.0 0.0 0.0 0.0 0.0 0.0 0.0 0.0 0.0 -2.0 -2.0 -2.0 -2.0 -2.0 -2.0 -2.0 -2.0 -2.0 -2.0 -2.0 
2.0 2.0 2.0 2.0 2.0 2.0 2.0 0.0 0.0 0.0 0.0 0.0 0.0 0.0 0.0 0.0 -2.0 -2.0 -2.0 -2.0 -2.0 -2.0 -2.0 -2.0 -2.0 
2.0 2.0 2.0 2.0 2.0 2.0 0.0 0.0 0.0 0.0 0.0 0.0 0.0 0.0 0.0 0.0 -2.0 0.0 0.0 -2.0 0.0 0.0 -2.0 -2.0 -2.0 
2.0 2.0 2.0 2.0 2.0 0.0 0.0 0.0 0.0 0.0 0.0 0.0 0.0 0.0 0.0 0.0 0.0 0.0 0.0 0.0 0.0 0.0 -2.0 -2.0 -2.0 
2.0 2.0 2.0 2.0 2.0 0.0 0.0 0.0 0.0 0.0 0.0 0.0 0.0 0.0 0.0 0.0 0.0 0.0 0.0 0.0 0.0 -1.0 -2.0 -2.0 -2.0 
-1.0 -1.0 2.0 0.0 2.0 0.0 0.0 0.0 0.0 0.0 0.0 0.0 0.0 0.0 0.0 -1.0 -1.0 -1.0 0.0 0.0 -1.0 -1.0 -1.0 -1.0 -1.0 
-1.0 -1.0 0.0 0.0 0.0 0.0 0.0 0.0 0.0 0.0 0.0 0.0 0.0 0.0 0.0 -1.0 -1.0 -1.0 -1.0 -1.0 -1.0 -1.0 -1.0 -1.0 -1.0 
-1.0 -1.0 0.0 0.0 0.0 0.0 0.0 0.0 0.0 0.0 0.0 0.0 0.0 0.0 0.0 0.0 -1.0 -1.0 -1.0 -1.0 -1.0 -1.0 -1.0 -1.0 -1.0 
-1.0 -1.0 -1.0 0.0 0.0 0.0 0.0 0.0 0.0 0.0 0.0 0.0 0.0 0.0 -1.0 -1.0 -1.0 -1.0 -1.0 -1.0 -1.0 -1.0 -1.0 -1.0 -1.0 
-1.0 -1.0 -1.0 -1.0 -1.0 0.0 0.0 0.0 0.0 0.0 0.0 0.0 -1.0 -1.0 -1.0 -1.0 -1.0 -1.0 -1.0 -1.0 -1.0 -1.0 -1.0 -1.0 -1.0 
-1.0 -1.0 -1.0 -1.0 -1.0 -1.0 -1.0 -1.0 0.0 0.0 0.0 -1.0 -1.0 -1.0 -1.0 -1.0 -1.0 -1.0 -1.0 -1.0 -1.0 -1.0 -1.0 -1.0 -1.0 
-1.0 -1.0 -1.0 -1.0 -1.0 -1.0 -1.0 -1.0 -1.0 0.0 -1.0 -1.0 -1.0 -1.0 -1.0 -1.0 -1.0 -1.0 -1.0 -1.0 -1.0 -1.0 -1.0 -1.0 -1.0 
-1.0 -1.0 -1.0 -1.0 -1.0 -1.0 -1.0 -1.0 -1.0 -1.0 -1.0 -1.0 -1.0 -1.0 -1.0 -1.0 -1.0 -1.0 -1.0 -1.0 -1.0 -1.0 -1.0 -1.0 -1.0 

