0.357595 0.311300 0.740181 0.366288 0.464785 0.131276 0.852049 0.444226 0.987359 0.282214 0.117752 0.771901 0.535086 0.486669 0.004219 0.254121 0.430394 0.362156 0.537531 0.507826 0.402948 0.554207 0.468576 0.684900 0.625996 
0.707323 0.837657 0.250226 0.857866 0.952462 0.494298 0.584093 0.486588 0.440191 0.075679 0.032456 0.198451 0.040280 0.903211 0.345380 0.130877 0.772703 0.189032 0.742088 0.150269 0.785860 0.549840 0.106443 0.679728 0.278331 
0.454297 0.474455 0.604145 0.738634 0.857183 0.418622 0.765571 0.512768 0.193458 0.396657 0.798192 0.336379 0.811225 0.931356 0.533781 0.514452 0.079482 0.956895 0.947932 0.503032 0.049032 0.398274 0.349106 0.565537 0.777723 
0.265709 0.278089 0.787213 0.328172 0.327624 0.634870 0.977089 0.920156 0.103317 0.289597 0.079898 0.428499 0.697247 0.352195 0.482099 0.793922 0.511733 0.969658 0.210750 0.678172 0.422125 0.931811 0.492303 0.524590 0.446116 
0.118697 0.589056 0.839678 0.671918 0.755988 0.779597 0.310991 0.581366 0.536997 0.078338 0.971279 0.229882 0.695575 0.874585 0.354917 0.797265 0.854113 0.287391 0.511560 0.391580 0.199495 0.938806 0.836295 0.698301 0.472269 
0.989537 0.557390 0.259240 0.821959 0.310306 0.786776 0.702906 0.729465 0.862702 0.837424 0.733270 0.632769 0.052243 0.765889 0.102449 0.729738 0.828335 0.977716 0.106114 0.128639 0.415054 0.633153 0.330689 0.106803 0.988164 
0.401714 0.247190 0.991736 0.658983 0.131381 0.867191 0.137507 0.132854 0.645909 0.638253 0.287847 0.160066 0.883675 0.600887 0.816686 0.827744 0.799852 0.817901 0.571833 0.067143 0.826550 0.977081 0.639295 0.066387 0.953321 
0.734111 0.398064 0.249277 0.853749 0.585150 0.687552 0.321344 0.977633 0.727858 0.507112 0.368018 0.161868 0.326797 0.545397 0.148182 0.919540 0.857595 0.494193 0.999547 0.207645 0.447836 0.394685 0.301701 0.123667 0.504238 
0.700133 0.127060 0.339551 0.887358 0.479991 0.625588 0.742267 0.948437 0.225778 0.193872 0.514021 0.833651 0.706311 0.469837 0.652602 0.882302 0.013383 0.566048 0.324599 0.315739 0.472729 0.080092 0.847481 0.089839 0.575683 
0.019947 0.712071 0.635480 0.446577 0.606544 0.762810 0.592639 0.437224 0.990781 0.743323 0.668749 0.203698 0.395324 0.575813 0.955673 0.226237 0.634759 0.691582 0.089829 0.238449 0.315534 0.695553 0.948925 0.030048 0.860844 
0.929618 0.163729 0.115535 0.513690 0.384894 0.014344 0.187424 0.500988 0.703540 0.656533 0.857470 0.015008 0.243683 0.379024 0.072286 0.834490 0.384279 0.863897 0.308100 0.074096 0.694662 0.511745 0.030995 0.344881 0.798164 
0.714905 0.254833 0.350730 0.123730 0.001406 0.917156 0.970929 0.606216 0.461154 0.744496 0.270922 0.197577 0.091229 0.778002 0.671314 0.156441 0.314981 0.783376 0.369309 0.157331 0.749165 0.438565 0.971338 0.177790 0.039028 
0.376159 0.445144 0.220623 0.609357 0.968507 0.888056 0.151285 0.281331 0.830773 0.362779 0.211013 0.122084 0.283001 0.673355 0.914187 0.956009 0.526773 0.686678 0.023919 0.246458 0.170982 0.804943 0.482827 0.489370 0.458815 
0.036260 0.363500 0.031512 0.244148 0.755902 0.655933 0.887953 0.526469 0.628413 0.419024 0.445488 0.846581 0.874768 0.946219 0.083884 0.678745 0.081592 0.090338 0.534186 0.024373 0.751536 0.248908 0.441425 0.080088 0.485462 
0.283892 0.280025 0.630265 0.226195 0.541096 0.122437 0.756303 0.943090 0.694651 0.612014 0.095836 0.246262 0.588701 0.898891 0.481638 0.251594 0.727812 0.943758 0.418802 0.376731 0.518210 0.330840 0.176148 0.535575 0.449127 
0.455798 0.143878 0.063376 0.461690 0.355121 0.453597 0.644724 0.793026 0.678585 0.161471 0.923937 0.083673 0.733826 0.727929 0.066820 0.190763 0.376627 0.672477 0.871204 0.245050 0.421845 0.111122 0.447508 0.181069 0.431764 
0.864674 0.259204 0.247166 0.290632 0.783905 0.552413 0.441169 0.134665 0.216307 0.653461 0.622418 0.215366 0.295997 0.658643 0.126589 0.732923 0.627773 0.492324 0.928135 0.023090 0.872407 0.356673 0.642556 0.819307 0.027936 
0.159802 0.333388 0.718650 0.397859 0.005775 0.305908 0.512370 0.866428 0.980463 0.068394 0.832457 0.782618 0.887291 0.836470 0.945704 0.681258 0.971951 0.078888 0.304422 0.897939 0.886198 0.333288 0.754575 0.392969 0.658316 
0.025022 0.899819 0.112082 0.470895 0.079860 0.129858 0.990470 0.953574 0.642716 0.042546 0.356220 0.068832 0.066437 0.624575 0.081406 0.930550 0.769106 0.210278 0.567407 0.433108 0.702839 0.820304 0.829991 0.319119 0.127972 
0.219181 0.890143 0.692971 0.348262 0.378816 0.553541 0.134703 0.972742 0.854672 0.726721 0.186902 0.486316 0.534103 0.871976 0.094738 0.794668 0.019963 0.876579 0.409869 0.746809 0.780783 0.050930 0.214310 0.805660 0.281327 
0.972658 0.817974 0.408850 0.632139 0.010062 0.632857 0.536519 0.201698 0.785197 0.950300 0.948457 0.437393 0.976853 0.589594 0.481526 0.905619 0.599423 0.193266 0.895703 0.263520 0.045679 0.189483 0.157703 0.617937 0.648007 
0.631981 0.061709 0.085552 0.357458 0.562152 0.833666 0.143780 0.057466 0.946320 0.291957 0.122811 0.071038 0.761371 0.309478 0.671789 0.524001 0.395262 0.654185 0.825187 0.663639 0.352928 0.026377 0.512068 0.727177 0.232770 
0.500108 0.889172 0.759362 0.780561 0.820039 0.771545 0.421335 0.971081 0.319648 0.802788 0.133745 0.484717 0.954324 0.010260 0.778963 0.738267 0.452365 0.340419 0.729375 0.801441 0.012203 0.782265 0.733270 0.755936 0.039707 
0.672648 0.268306 0.434329 0.310482 0.751471 0.443348 0.691310 0.893636 0.125728 0.850146 0.561567 0.698518 0.947550 0.261061 0.140795 0.780394 0.184320 0.381338 0.725525 0.814068 0.428489 0.852588 0.554253 0.100275 0.090256 
0.308770 0.476108 0.478115 0.614544 0.608925 0.225474 0.192625 0.093913 0.838083 0.480642 0.928127 0.623885 0.957662 0.323324 0.433488 0.934538 0.795121 0.122500 0.077100 0.132304 0.140787 0.576434 0.552549 0.995829 0.927811 

0.417669 0.647001 0.615718 0.770834 0.124358 0.572393 0.463549 0.691853 0.957984 0.743482 0.775144 0.388174 0.072710 0.736860 0.445921 0.178738 0.139921 0.180296 0.793532 0.515786 0.639429 0.554462 0.539381 0.981618 0.446858 
0.000659 0.223490 0.851899 0.186944 0.844001 0.918136 0.863061 0.982617 0.873946 0.760196 0.522792 0.300941 0.225051 0.836931 0.235278 0.580916 0.930534 0.515015 0.320750 0.177524 0.194860 0.818759 0.064539 0.973982 0.466010 
0.110749 0.561877 0.310430 0.226286 0.809586 0.978931 0.438737 0.614291 0.595752 0.419444 0.778572 0.192625 0.227210 0.180454 0.103297 0.228332 0.463792 0.279208 0.595868 0.293571 0.302602 0.165644 0.655400 0.008496 0.224496 
0.670441 0.311657 0.887875 0.387951 0.273902 0.376853 0.480402 0.158399 0.580019 0.521008 0.912361 0.059183 0.410026 0.378933 0.190573 0.069841 0.585439 0.674866 0.247088 0.194887 0.264537 0.641779 0.335980 0.084594 0.208640 
0.081041 0.383488 0.364088 0.581590 0.287187 0.023536 0.000263 0.256958 0.176261 0.394939 0.230216 0.622001 0.943085 0.759856 0.544598 0.150715 0.659177 0.584681 0.869151 0.681677 0.338014 0.284843 0.751397 0.610641 0.259034 
0.748173 0.973975 0.835447 0.619339 0.573634 0.124910 0.882059 0.961282 0.980367 0.267101 0.576485 0.054722 0.518312 0.366819 0.619207 0.456676 0.933759 0.549787 0.138471 0.039268 0.032242 0.847868 0.260657 0.656812 0.142522 
0.753852 0.252436 0.610964 0.658369 0.288178 0.879364 0.033524 0.800161 0.192191 0.038436 0.188008 0.856687 0.610735 0.072044 0.601290 0.306076 0.151298 0.134072 0.412234 0.662620 0.493871 0.833607 0.091110 0.960623 0.036018 
0.221165 0.770333 0.078731 0.379412 0.893201 0.179056 0.302221 0.279733 0.250117 0.950612 0.040957 0.097668 0.178826 0.295855 0.076264 0.468761 0.588370 0.111725 0.767233 0.352057 0.621771 0.863443 0.853891 0.788667 0.879001 
0.086329 0.220423 0.648890 0.932373 0.253968 0.212845 0.467796 0.393465 0.351344 0.078164 0.035399 0.871393 0.533059 0.172472 0.721635 0.859869 0.235176 0.744705 0.818703 0.487027 0.917090 0.992320 0.904729 0.742115 0.163421 
0.245650 0.949730 0.612272 0.673392 0.937921 0.352946 0.755452 0.642705 0.550164 0.423178 0.624958 0.276193 0.196223 0.342568 0.909958 0.901261 0.777913 0.597646 0.455329 0.694619 0.198096 0.550745 0.653948 0.686700 0.358009 
0.578371 0.758628 0.278955 0.845531 0.384576 0.279560 0.251069 0.585589 0.183034 0.437179 0.752942 0.332342 0.580005 0.249333 0.117627 0.549878 0.930370 0.107222 0.062099 0.447205 0.703389 0.589191 0.319586 0.020361 0.489053 
0.494033 0.093406 0.154942 0.917368 0.307588 0.473173 0.124008 0.727341 0.543657 0.688061 0.802600 0.058157 0.256907 0.537625 0.938338 0.087123 0.636237 0.330252 0.804229 0.946334 0.709687 0.734180 0.867369 0.374617 0.660169 
0.216990 0.050520 0.495327 0.227664 0.046840 0.511732 0.357428 0.388334 0.347007 0.770799 0.792048 0.379294 0.217172 0.106416 0.762875 0.580924 0.809306 0.364487 0.650330 0.595100 0.163821 0.051900 0.415982 0.124515 0.745299 
0.033423 0.576096 0.158036 0.021782 0.339080 0.167287 0.450207 0.816288 0.880451 0.233000 0.823112 0.163036 0.062873 0.586300 0.547127 0.395826 0.226040 0.119665 0.130652 0.878626 0.463135 0.394995 0.995003 0.994958 0.810102 
0.649287 0.177849 0.530364 0.989652 0.047352 0.041606 0.053949 0.984990 0.706197 0.990735 0.060430 0.340454 0.184532 0.679499 0.188178 0.817961 0.458351 0.819840 0.123039 0.196551 0.633775 0.704356 0.622455 0.882800 0.094040 
0.184259 0.318497 0.081188 0.627852 0.548905 0.940730 0.283138 0.990487 0.781485 0.452729 0.270130 0.260154 0.239504 0.938064 0.440757 0.981160 0.191973 0.905457 0.867542 0.096374 0.238058 0.004629 0.474349 0.912864 0.539135 
0.393199 0.958139 0.898442 0.419891 0.351112 0.535537 0.773139 0.511321 0.176052 0.398527 0.172215 0.478616 0.989197 0.165462 0.681967 0.274124 0.004525 0.126360 0.608954 0.045983 0.636187 0.057260 0.919507 0.904652 0.341183 
0.949275 0.414205 0.832313 0.029184 0.197206 0.710511 0.025587 0.159808 0.545412 0.365468 0.301311 0.026509 0.015602 0.881135 0.793664 0.907548 0.097734 0.042061 0.559292 0.436238 0.707258 0.875997 0.692579 0.786473 0.148010 
0.284919 0.443917 0.129255 0.265353 0.260890 0.065200 0.771656 0.421722 0.001584 0.267580 0.147264 0.923563 0.128098 0.954814 0.868290 0.353846 0.581467 0.719021 0.756124 0.010826 0.174833 0.579409 0.520034 0.133912 0.781804 
0.971884 0.833928 0.460858 0.772010 0.265745 0.726089 0.249335 0.223009 0.730191 0.294041 0.370197 0.125262 0.644630 0.714812 0.782327 0.267448 0.565666 0.008756 0.623864 0.216195 0.879869 0.584653 0.938325 0.973158 0.469018 
0.897226 0.648338 0.161721 0.833609 0.715239 0.893275 0.986257 0.886058 0.037393 0.414811 0.358723 0.938813 0.780328 0.910026 0.813136 0.756854 0.308024 0.865522 0.359256 0.704226 0.947395 0.201951 0.204698 0.030705 0.526269 
0.046295 0.201955 0.699462 0.813838 0.499248 0.945607 0.679821 0.718287 0.225451 0.400723 0.133680 0.306282 0.690764 0.096580 0.643714 0.334259 0.303751 0.015029 0.737303 0.250766 0.616623 0.906922 0.141482 0.625241 0.851474 
0.762140 0.679772 0.319984 0.821039 0.925588 0.301174 0.055822 0.510307 0.201663 0.044076 0.374912 0.785555 0.482244 0.128520 0.457797 0.255229 0.853182 0.054067 0.061150 0.868941 0.372963 0.905336 0.328025 0.388973 0.998363 
0.951742 0.984024 0.921809 0.516134 0.740190 0.251929 0.892087 0.523319 0.383827 0.122655 0.205532 0.118515 0.389266 0.451379 0.496021 0.357687 0.721443 0.376555 0.992061 0.300711 0.795292 0.701589 0.634866 0.928064 0.065470 
0.822627 0.570712 0.120606 0.685654 0.804797 0.328378 0.471034 0.448458 0.769502 0.433374 0.474246 0.119241 0.506440 0.836455 0.311917 0.836632 0.518599 0.223890 0.479959 0.171337 0.451373 0.492113 0.746451 0.377553 0.755623 

-0.235083 0.070581 -0.757863 -0.050535 -0.981751 0.254023 -1.187315 -0.148624 -0.968288 0.086261 -0.020866 0.005867 -0.067014 0.134771 0.078001 0.194537 -0.220859 -0.007021 -0.713299 0.016067 -0.415758 0.031925 -0.198492 -0.618685 0.375977 
-1.451429 -1.338725 0.285566 -1.420670 -1.029611 -0.002582 -0.393504 -0.092269 0.055784 0.577704 0.022512 -0.062394 -0.069592 -0.009541 0.088635 0.065736 0.125317 0.050425 0.833596 -0.021086 1.113173 -0.481514 -0.064498 -0.645265 -0.291573 
-0.945861 -0.424756 -1.003846 -1.100797 -1.013419 0.256700 -1.053150 -0.341252 0.225637 -0.097512 -0.092507 -0.000063 -0.032027 -0.158872 -0.060831 -0.151751 -0.047786 0.060537 0.697150 0.391394 -0.431384 0.679303 -0.596383 1.119868 0.949835 
0.093853 -0.163480 -0.757359 -0.253887 -0.375869 -0.776281 -1.402603 -1.580200 0.418719 -0.161372 0.067993 -0.126242 -0.049752 -0.005315 0.030347 -0.121402 -0.007364 -0.001513 -0.057615 0.893341 0.379932 0.622743 0.295912 0.916110 0.444215 
-0.120554 -0.758399 -1.251700 -0.812971 -1.287248 -1.492850 -0.575817 -0.932707 -0.893673 0.159009 -0.144520 0.253269 0.173357 -0.128075 0.147974 -0.025460 -0.041055 -0.011084 -0.590287 -0.625529 -0.206522 1.494101 0.361222 0.073089 0.352300 
-1.204036 -0.150694 0.218739 -0.841920 -0.087829 -1.592015 -0.690169 -0.615281 -0.831034 -1.286654 -0.067309 -0.102326 0.047838 0.076778 -0.146095 0.210808 0.006114 -0.078399 0.044460 0.010771 0.884720 -0.249688 0.098271 -1.076327 1.715879 
-0.089884 -0.356331 -1.246002 -0.804974 0.061178 -0.681527 -0.177449 0.474172 -1.094065 -1.092794 0.019865 0.121481 0.000392 0.209634 0.009126 0.207353 0.002544 0.086195 -0.891345 -1.144987 0.586156 0.291631 1.070124 -1.654999 1.816305 
-1.302398 -0.040979 -0.491633 -1.410993 -0.270991 -1.317633 -0.374940 -1.643441 -0.975437 -0.151324 -0.005352 -0.079204 0.007581 -0.024059 0.103683 0.005743 -0.137381 -0.419221 -1.757337 -0.269044 -0.195749 -1.050729 -0.824600 -1.262094 -0.790371 
-1.392962 -0.042531 0.090971 -0.818184 -0.645354 -1.134324 -1.105904 -1.625785 -0.177447 -0.374285 0.026881 -0.000787 0.045697 -0.114900 0.106453 -0.056899 -0.063648 -1.090346 -1.253037 -0.244554 -1.190116 -1.987873 -0.154333 -1.400333 0.661924 
0.143041 -0.270674 -0.652791 -0.229454 -0.227571 -1.185347 -0.665079 -0.208614 -1.327406 -0.978866 0.102232 -0.086556 0.034110 -0.000719 0.057248 0.007138 0.130873 -1.509900 -0.471831 -0.911382 0.239918 0.348392 0.640413 -1.058529 0.962628 
-1.392757 0.406537 0.070179 -0.202422 -0.109356 0.290530 -0.141793 -0.286927 -0.914340 -0.890782 0.011254 0.081458 -0.061832 0.079150 0.005320 0.100648 0.030516 -1.134484 -0.340171 -0.570393 0.112636 0.026352 -0.379415 0.671365 0.733180 
-1.014363 -0.259262 -0.649344 0.582289 0.162885 -1.279171 -1.982260 -0.471464 -0.389136 -0.839364 -0.020785 -0.104368 0.155609 -0.004023 0.015214 -0.220321 0.105216 -1.234178 -1.127148 -1.084621 0.134039 -0.494777 0.203163 -0.359885 -1.044987 
-0.544656 -0.814765 0.084073 -1.038148 -1.921477 -1.355371 -0.009296 -0.227521 -1.242658 0.093750 0.106551 -0.081017 0.109131 -0.090186 0.253664 -0.136880 0.124766 -1.029148 -0.721071 -0.933687 0.027928 1.492971 0.122882 0.782004 -0.595244 
-0.141099 -0.106742 0.147046 -0.394606 -1.150635 -1.238642 -1.228539 -0.376133 -0.229237 -0.597414 0.044541 0.069191 -0.074102 -0.204990 0.048384 -0.027435 -0.265537 -0.335894 -0.630822 -0.669884 0.408165 -0.244952 -1.030119 -1.935985 -0.704323 
0.120157 -0.344838 -0.926848 0.753309 -1.066320 -0.299003 -1.306375 -0.855329 -0.810361 -0.253914 -0.105346 -0.055240 -0.106023 -0.169626 -0.100135 0.219738 -1.236904 -1.855643 -0.677536 -0.635826 -0.252340 -0.659245 -0.856872 -0.762368 0.427890 
-0.637833 0.043742 -0.043896 -0.313173 -0.171029 0.132697 -1.201104 -0.427004 -0.591619 0.076970 0.121372 0.030425 -0.035528 0.000354 0.024908 0.075874 -0.433917 -1.694301 -1.762965 -0.304423 0.274521 0.136921 -0.185155 -1.363877 -0.284684 
-1.278753 0.561869 0.371317 -0.216831 -1.232505 -0.667202 -0.225549 0.325613 -0.312454 -0.678603 0.113977 0.127975 -0.206293 0.001189 -0.067037 -0.027471 -0.657681 -0.637117 -1.555593 -0.084608 -1.273980 0.564775 -0.564068 -0.028016 -0.840887 
0.758368 -0.231959 -0.507771 -0.906805 0.179904 0.231939 -1.122564 -1.640583 -1.429507 0.279369 0.128897 0.004050 0.142859 -0.020342 -0.035393 -0.013965 -1.141680 -0.054383 -0.867370 -1.389131 -1.649162 -1.024428 0.246144 -0.649747 1.160647 
0.170890 -1.524888 -0.098525 -0.598460 0.153648 -0.143882 -1.340020 -1.617720 -1.380419 0.384273 -0.090709 -0.053884 -0.048876 0.053562 0.149649 1.570431 1.885349 -0.777259 -1.214912 -0.222860 -0.852314 0.296998 0.510426 0.239862 -1.251246 
0.410836 -0.953070 -1.054182 0.079210 -0.451429 -0.349961 -0.255224 -1.758708 -0.956261 -1.142914 -0.182411 -0.218465 -0.193151 0.091741 -0.180435 1.280236 1.144726 -0.725801 -0.921506 -1.025819 -1.681120 -1.070056 -1.414244 -0.339225 -0.505080 
-1.096869 -1.044602 -0.600097 -0.329430 0.850252 -0.506652 0.030408 0.463188 -1.556850 -1.257863 0.132067 0.034521 -0.017986 -0.026779 2.211938 2.301220 1.194835 2.126439 -1.159935 -0.924380 -1.031241 -0.062024 -0.064563 1.150247 0.333283 
-1.209542 -0.035021 0.416049 -0.012846 -0.635312 -0.814067 0.540532 0.594340 -1.702393 -0.182190 0.016347 -0.061842 0.089469 0.002308 1.854438 1.180420 1.045447 0.639084 -1.423579 -0.952177 -1.054566 -1.021178 0.819052 0.189912 -1.214458 
-0.231202 -1.171153 -1.227751 -0.782192 -0.808878 -1.172479 -0.792936 -1.389845 -0.362887 -1.656236 -0.111739 -0.099271 -0.033552 0.255824 1.762900 1.211042 2.356607 0.279172 0.733311 -1.312588 -0.401335 -1.644447 0.827818 0.736337 -1.790241 
-0.261322 0.258425 -0.089439 -0.089464 -0.862539 -0.811924 -0.627915 -1.337648 0.061258 -1.612250 0.099375 -0.057154 0.022617 1.296493 1.225980 1.679611 1.557088 1.084057 2.708842 -0.924928 -1.186813 -1.506290 -0.091304 -1.783441 0.069008 
-0.005136 -0.310309 -0.807369 -0.594051 -0.355223 -0.110750 0.055729 0.380484 -0.962176 -0.560457 0.118056 -0.101734 1.888033 1.917448 0.962074 2.602216 1.899249 0.635348 1.018014 0.689800 -0.608205 -1.153387 -0.442600 1.368899 0.340542 

0 0 0 0 0 0 0 0 0 0 2 2 2 2 2 2 2 2 3 3 3 3 3 3 3 
0 0 0 0 0 0 0 0 0 0 2 2 2 2 2 2 2 2 3 3 3 3 3 3 3 
0 0 0 0 0 0 0 0 0 0 2 2 2 2 2 2 2 2 3 3 3 3 3 3 3 
0 0 0 0 0 0 0 0 0 0 2 2 2 2 2 2 2 2 3 3 3 3 3 3 3 
0 0 0 0 0 0 0 0 0 0 2 2 2 2 2 2 2 2 3 3 3 3 3 3 3 
0 0 0 0 0 0 0 0 0 0 2 2 2 2 2 2 2 2 3 3 3 3 3 3 3 
0 0 0 0 0 0 0 0 0 0 2 2 2 2 2 2 2 2 1 3 3 3 3 3 3 
0 0 0 0 0 0 0 0 0 0 2 2 2 2 2 2 2 1 1 3 3 3 3 3 3 
0 0 0 0 0 0 0 0 0 0 2 2 2 2 2 2 2 1 1 3 3 3 3 3 3 
0 0 0 0 0 0 0 0 0 0 2 2 2 2 2 2 2 1 1 3 3 3 3 3 3 
0 0 0 0 0 0 0 0 0 0 2 2 2 2 2 2 2 1 1 3 3 3 3 3 3 
0 0 0 0 0 0 0 0 0 0 2 2 2 2 2 2 2 1 1 1 3 3 3 3 3 
0 0 0 0 0 0 0 0 0 0 2 2 2 2 2 2 2 1 1 1 3 3 3 3 3 
0 0 0 0 0 0 0 0 0 0 2 2 2 2 2 2 1 1 1 1 3 3 3 3 3 
0 0 0 0 0 0 0 0 0 0 2 2 2 2 2 2 1 1 1 1 3 3 3 3 3 
0 0 0 0 0 0 0 0 0 0 2 2 2 2 2 2 1 1 1 1 3 3 3 3 3 
0 0 0 0 0 0 0 0 0 0 2 2 2 2 2 2 1 1 1 1 1 3 3 3 3 
0 0 0 0 0 0 0 0 0 0 2 2 2 2 2 2 1 1 1 1 1 3 3 3 3 
0 0 0 0 0 0 0 0 0 0 2 2 2 2 2 4 4 1 1 1 1 3 3 3 3 
0 0 0 0 0 0 0 0 0 0 2 2 2 2 2 4 4 1 1 1 1 3 3 3 3 
0 0 0 0 0 0 0 0 0 0 2 2 2 2 4 4 4 4 1 1 1 3 3 3 3 
0 0 0 0 0 0 0 0 0 0 2 2 2 2 4 4 4 4 1 1 1 1 3 3 3 
0 0 0 0 0 0 0 0 0 0 2 2 2 4 4 4 4 4 4 1 1 1 3 3 3 
0 0 0 0 0 0 0 0 0 0 2 2 2 4 4 4 4 4 4 1 1 1 3 3 3 
0 0 0 0 0 0 0 0 0 0 2 2 4 4 4 4 4 4 4 4 1 1 3 3 3 

-2.0 -2.0 -2.0 -2.0 -2.0 -2.0 -2.0 -2.0 -2.0 -2.0 0.0 0.0 0.0 0.0 0.0 0.0 0.0 0.0 2.0 2.0 2.0 2.0 2.0 2.0 2.0 
-2.0 -2.0 -2.0 -2.0 -2.0 -2.0 -2.0 -2.0 -2.0 -2.0 0.0 0.0 0.0 0.0 0.0 0.0 0.0 0.0 2.0 2.0 2.0 2.0 2.0 2.0 2.0 
-2.0 -2.0 -2.0 -2.0 -2.0 -2.0 -2.0 -2.0 -2.0 -2.0 0.0 0.0 0.0 0.0 0.0 0.0 0.0 0.0 2.0 2.0 2.0 2.0 2.0 2.0 2.0 
-2.0 -2.0 -2.0 -2.0 -2.0 -2.0 -2.0 -2.0 -2.0 -2.0 0.0 0.0 0.0 0.0 0.0 0.0 0.0 0.0 2.0 2.0 2.0 2.0 2.0 2.0 2.0 
-2.0 -2.0 -2.0 -2.0 -2.0 -2.0 -2.0 -2.0 -2.0 -2.0 0.0 0.0 0.0 0.0 0.0 0.0 0.0 0.0 2.0 2.0 2.0 2.0 2.0 2.0 2.0 
-2.0 -2.0 -2.0 -2.0 -2.0 -2.0 -2.0 -2.0 -2.0 -2.0 0.0 0.0 0.0 0.0 0.0 0.0 0.0 0.0 2.0 2.0 2.0 2.0 2.0 2.0 2.0 
-2.0 -2.0 -2.0 -2.0 -2.0 -2.0 -2.0 -2.0 -2.0 -2.0 0.0 0.0 0.0 0.0 0.0 0.0 0.0 0.0 -1.0 2.0 2.0 2.0 2.0 2.0 2.0 
-2.0 -2.0 -2.0 -2.0 -2.0 -2.0 -2.0 -2.0 -2.0 -2.0 0.0 0.0 0.0 0.0 0.0 0.0 0.0 -1.0 -1.0 2.0 2.0 2.0 2.0 2.0 2.0 
-2.0 -2.0 -2.0 -2.0 -2.0 -2.0 -2.0 -2.0 -2.0 -2.0 0.0 0.0 0.0 0.0 0.0 0.0 0.0 -1.0 -1.0 2.0 2.0 2.0 2.0 2.0 2.0 
-2.0 -2.0 -2.0 -2.0 -2.0 -2.0 -2.0 -2.0 -2.0 -2.0 0.0 0.0 0.0 0.0 0.0 0.0 0.0 -1.0 -1.0 2.0 2.0 2.0 2.0 2.0 2.0 
-2.0 -2.0 -2.0 -2.0 -2.0 -2.0 -2.0 -2.0 -2.0 -2.0 0.0 0.0 0.0 0.0 0.0 0.0 0.0 -1.0 -1.0 2.0 2.0 2.0 2.0 2.0 2.0 
-2.0 -2.0 -2.0 -2.0 -2.0 -2.0 -2.0 -2.0 -2.0 -2.0 0.0 0.0 0.0 0.0 0.0 0.0 0.0 -1.0 -1.0 -1.0 2.0 2.0 2.0 2.0 2.0 
-2.0 -2.0 -2.0 -2.0 -2.0 -2.0 -2.0 -2.0 -2.0 -2.0 0.0 0.0 0.0 0.0 0.0 0.0 0.0 -1.0 -1.0 -1.0 2.0 2.0 2.0 2.0 2.0 
-2.0 -2.0 -2.0 -2.0 -2.0 -2.0 -2.0 -2.0 -2.0 -2.0 0.0 0.0 0.0 0.0 0.0 0.0 -1.0 -1.0 -1.0 -1.0 2.0 2.0 2.0 2.0 2.0 
-2.0 -2.0 -2.0 -2.0 -2.0 -2.0 -2.0 -2.0 -2.0 -2.0 0.0 0.0 0.0 0.0 0.0 0.0 -1.0 -1.0 -1.0 -1.0 2.0 2.0 2.0 2.0 2.0 
-2.0 -2.0 -2.0 -2.0 -2.0 -2.0 -2.0 -2.0 -2.0 -2.0 0.0 0.0 0.0 0.0 0.0 0.0 -1.0 -1.0 -1.0 -1.0 2.0 2.0 2.0 2.0 2.0 
-2.0 -2.0 -2.0 -2.0 -2.0 -2.0 -2.0 -2.0 -2.0 -2.0 0.0 0.0 0.0 0.0 0.0 0.0 -1.0 -1.0 -1.0 -1.0 -1.0 2.0 2.0 2.0 2.0 
-2.0 -2.0 -2.0 -2.0 -2.0 -2.0 -2.0 -2.0 -2.0 -2.0 0.0 0.0 0.0 0.0 0.0 0.0 -1.0 -1.0 -1.0 -1.0 -1.0 2.0 2.0 2.0 2.0 
-2.0 -2.0 -2.0 -2.0 -2.0 -2.0 -2.0 -2.0 -2.0 -2.0 0.0 0.0 0.0 0.0 0.0 1.0 1.0 -1.0 -1.0 -1.0 -1.0 2.0 2.0 2.0 2.0 
-2.0 -2.0 -2.0 -2.0 -2.0 -2.0 -2.0 -2.0 -2.0 -2.0 0.0 0.0 0.0 0.0 0.0 1.0 1.0 -1.0 -1.0 -1.0 -1.0 2.0 2.0 2.0 2.0 
-2.0 -2.0 -2.0 -2.0 -2.0 -2.0 -2.0 -2.0 -2.0 -2.0 0.0 0.0 0.0 0.0 1.0 1.0 1.0 1.0 -1.0 -1.0 -1.0 2.0 2.0 2.0 2.0 
-2.0 -2.0 -2.0 -2.0 -2.0 -2.0 -2.0 -2.0 -2.0 -2.0 0.0 0.0 0.0 0.0 1.0 1.0 1.0 1.0 -1.0 -1.0 -1.0 -1.0 2.0 2.0 2.0 
-2.0 -2.0 -2.0 -2.0 -2.0 -2.0 -2.0 -2.0 -2.0 -2.0 0.0 0.0 0.0 1.0 1.0 1.0 1.0 1.0 1.0 -1.0 -1.0 -1.0 2.0 2.0 2.0 
-2.0 -2.0 -2.0 -2.0 -2.0 -2.0 -2.0 -2.0 -2.0 -2.0 0.0 0.0 0.0 1.0 1.0 1.0 1.0 1.0 1.0 -1.0 -1.0 -1.0 2.0 2.0 2.0 
-2.0 -2.0 -2.0 -2.0 -2.0 -2.0 -2.0 -2.0 -2.0 -2.0 0.0 0.0 1.0 1.0 1.0 1.0 1.0 1.0 1.0 1.0 -1.0 -1.0 2.0 2.0 2.0 

1.0 1.0 1.0 1.0 1.0 1.0 1.0 1.0 1.0 1.0 0.0 0.0 0.0 0.0 0.0 0.0 0.0 0.0 -2.0 -2.0 -2.0 -2.0 -2.0 -2.0 -2.0 
1.0 1.0 1.0 1.0 1.0 1.0 1.0 1.0 1.0 1.0 0.0 0.0 0.0 0.0 0.0 0.0 0.0 0.0 -2.0 -2.0 -2.0 -2.0 -2.0 -2.0 -2.0 
1.0 1.0 1.0 1.0 1.0 1.0 1.0 1.0 1.0 1.0 0.0 0.0 0.0 0.0 0.0 0.0 0.0 0.0 -2.0 -2.0 -2.0 -2.0 -2.0 -2.0 -2.0 
1.0 1.0 1.0 1.0 1.0 1.0 1.0 1.0 1.0 1.0 0.0 0.0 0.0 0.0 0.0 0.0 0.0 0.0 -2.0 -2.0 -2.0 -2.0 -2.0 -2.0 -2.0 
1.0 1.0 1.0 1.0 1.0 1.0 1.0 1.0 1.0 1.0 0.0 0.0 0.0 0.0 0.0 0.0 0.0 0.0 -2.0 -2.0 -2.0 -2.0 -2.0 -2.0 -2.0 
1.0 1.0 1.0 1.0 1.0 1.0 1.0 1.0 1.0 1.0 0.0 0.0 0.0 0.0 0.0 0.0 0.0 0.0 -2.0 -2.0 -2.0 -2.0 -2.0 -2.0 -2.0 
1.0 1.0 1.0 1.0 1.0 1.0 1.0 1.0 1.0 1.0 0.0 0.0 0.0 0.0 0.0 0.0 0.0 0.0 -1.0 -2.0 -2.0 -2.0 -2.0 -2.0 -2.0 
1.0 1.0 1.0 1.0 1.0 1.0 1.0 1.0 1.0 1.0 0.0 0.0 0.0 0.0 0.0 0.0 0.0 -1.0 -1.0 -2.0 -2.0 -2.0 -2.0 -2.0 -2.0 
1.0 1.0 1.0 1.0 1.0 1.0 1.0 1.0 1.0 1.0 0.0 0.0 0.0 0.0 0.0 0.0 0.0 -1.0 -1.0 -2.0 -2.0 -2.0 -2.0 -2.0 -2.0 
1.0 1.0 1.0 1.0 1.0 1.0 1.0 1.0 1.0 1.0 0.0 0.0 0.0 0.0 0.0 0.0 0.0 -1.0 -1.0 -2.0 -2.0 -2.0 -2.0 -2.0 -2.0 
1.0 1.0 1.0 1.0 1.0 1.0 1.0 1.0 1.0 1.0 0.0 0.0 0.0 0.0 0.0 0.0 0.0 -1.0 -1.0 -2.0 -2.0 -2.0 -2.0 -2.0 -2.0 
1.0 1.0 1.0 1.0 1.0 1.0 1.0 1.0 1.0 1.0 0.0 0.0 0.0 0.0 0.0 0.0 0.0 -1.0 -1.0 -1.0 -2.0 -2.0 -2.0 -2.0 -2.0 
1.0 1.0 1.0 1.0 1.0 1.0 1.0 1.0 1.0 1.0 0.0 0.0 0.0 0.0 0.0 0.0 0.0 -1.0 -1.0 -1.0 -2.0 -2.0 -2.0 -2.0 -2.0 
1.0 1.0 1.0 1.0 1.0 1.0 1.0 1.0 1.0 1.0 0.0 0.0 0.0 0.0 0.0 0.0 -1.0 -1.0 -1.0 -1.0 -2.0 -2.0 -2.0 -2.0 -2.0 
1.0 1.0 1.0 1.0 1.0 1.0 1.0 1.0 1.0 1.0 0.0 0.0 0.0 0.0 0.0 0.0 -1.0 -1.0 -1.0 -1.0 -2.0 -2.0 -2.0 -2.0 -2.0 
1.0 1.0 1.0 1.0 1.0 1.0 1.0 1.0 1.0 1.0 0.0 0.0 0.0 0.0 0.0 0.0 -1.0 -1.0 -1.0 -1.0 -2.0 -2.0 -2.0 -2.0 -2.0 
1.0 1.0 1.0 1.0 1.0 1.0 1.0 1.0 1.0 1.0 0.0 0.0 0.0 0.0 0.0 0.0 -1.0 -1.0 -1.0 -1.0 -1.0 -2.0 -2.0 -2.0 -2.0 
1.0 1.0 1.0 1.0 1.0 1.0 1.0 1.0 1.0 1.0 0.0 0.0 0.0 0.0 0.0 0.0 -1.0 -1.0 -1.0 -1.0 -1.0 -2.0 -2.0 -2.0 -2.0 
1.0 1.0 1.0 1.0 1.0 1.0 1.0 1.0 1.0 1.0 0.0 0.0 0.0 0.0 0.0 2.0 2.0 -1.0 -1.0 -1.0 -1.0 -2.0 -2.0 -2.0 -2.0 
1.0 1.0 1.0 1.0 1.0 1.0 1.0 1.0 1.0 1.0 0.0 0.0 0.0 0.0 0.0 2.0 2.0 -1.0 -1.0 -1.0 -1.0 -2.0 -2.0 -2.0 -2.0 
1.0 1.0 1.0 1.0 1.0 1.0 1.0 1.0 1.0 1.0 0.0 0.0 0.0 0.0 2.0 2.0 2.0 2.0 -1.0 -1.0 -1.0 -2.0 -2.0 -2.0 -2.0 
1.0 1.0 1.0 1.0 1.0 1.0 1.0 1.0 1.0 1.0 0.0 0.0 0.0 0.0 2.0 2.0 2.0 2.0 -1.0 -1.0 -1.0 -1.0 -2.0 -2.0 -2.0 
1.0 1.0 1.0 1.0 1.0 1.0 1.0 1.0 1.0 1.0 0.0 0.0 0.0 2.0 2.0 2.0 2.0 2.0 2.0 -1.0 -1.0 -1.0 -2.0 -2.0 -2.0 
1.0 1.0 1.0 1.0 1.0 1.0 1.0 1.0 1.0 1.0 0.0 0.0 0.0 2.0 2.0 2.0 2.0 2.0 2.0 -1.0 -1.0 -1.0 -2.0 -2.0 -2.0 
1.0 1.0 1.0 1.0 1.0 1.0 1.0 1.0 1.0 1.0 0.0 0.0 2.0 2.0 2.0 2.0 2.0 2.0 2.0 2.0 -1.0 -1.0 -2.0 -2.0 -2.0 

