0.917403 0.994809 0.391451 0.166217 0.303699 0.484896 0.990309 0.916037 0.910031 0.480285 0.224168 0.758735 0.418080 0.717504 0.553737 0.103547 0.619809 0.748408 0.187954 0.941479 0.012355 0.183362 0.281814 0.073363 0.681351 
0.775819 0.114148 0.211307 0.634238 0.990229 0.627888 0.880094 0.518985 0.767319 0.444909 0.000919 0.530946 0.805155 0.020545 0.635175 0.007311 0.245977 0.869792 0.704903 0.871357 0.600259 0.771849 0.378959 0.020409 0.463254 
0.053713 0.778015 0.314443 0.127754 0.741644 0.942627 0.510353 0.724497 0.993854 0.981398 0.707175 0.701393 0.677808 0.729377 0.592631 0.555852 0.010775 0.372538 0.600713 0.364990 0.539475 0.757047 0.322775 0.597790 0.732870 
0.788404 0.683643 0.760483 0.295980 0.496831 0.293708 0.132328 0.686788 0.025250 0.979255 0.904798 0.948062 0.821532 0.042627 0.243624 0.189883 0.773692 0.410910 0.535300 0.823399 0.746620 0.972791 0.590756 0.170262 0.724779 
0.098822 0.652430 0.067140 0.241818 0.280932 0.295227 0.048669 0.446354 0.693426 0.335633 0.713592 0.483841 0.746306 0.359377 0.764609 0.273193 0.388641 0.491636 0.275364 0.705870 0.836060 0.680025 0.002195 0.246983 0.413261 
0.488005 0.629161 0.340855 0.194134 0.776215 0.251452 0.597752 0.682564 0.170790 0.759832 0.378677 0.044061 0.768212 0.407909 0.290283 0.078191 0.731024 0.914272 0.039007 0.227301 0.784545 0.960067 0.766189 0.536083 0.143943 
0.794611 0.001376 0.475831 0.816541 0.756905 0.810877 0.266887 0.997289 0.453221 0.835443 0.797989 0.180458 0.071302 0.992800 0.474282 0.200408 0.467369 0.246672 0.505007 0.010260 0.831517 0.471656 0.706435 0.060458 0.484396 
0.335748 0.845566 0.184755 0.933100 0.413114 0.434368 0.235695 0.620845 0.926551 0.506549 0.537954 0.066236 0.446884 0.423085 0.602937 0.227961 0.632399 0.057730 0.904542 0.443486 0.968946 0.865700 0.245009 0.302159 0.609464 
0.310284 0.985879 0.113483 0.148153 0.229786 0.479240 0.710988 0.265482 0.732113 0.299389 0.913243 0.828981 0.285508 0.007171 0.599175 0.037820 0.957562 0.085898 0.861469 0.548490 0.073694 0.623437 0.660098 0.411701 0.822533 
0.905149 0.980224 0.519698 0.496962 0.696519 0.455373 0.736804 0.377109 0.320101 0.706457 0.389965 0.708776 0.954600 0.399326 0.526605 0.764969 0.409225 0.417476 0.637197 0.557541 0.707934 0.190089 0.308971 0.903229 0.975342 
0.497186 0.656610 0.799670 0.643383 0.848064 0.946898 0.343154 0.430203 0.884331 0.821617 0.747217 0.087676 0.329665 0.478392 0.469096 0.269060 0.515671 0.817703 0.009445 0.102707 0.841771 0.497021 0.267022 0.012322 0.284567 
0.119401 0.854004 0.915245 0.039673 0.976652 0.966663 0.318654 0.280138 0.241743 0.898386 0.719809 0.597046 0.428114 0.804753 0.581462 0.244420 0.108625 0.623504 0.361533 0.777575 0.150990 0.357475 0.624147 0.280582 0.732428 
0.545735 0.055926 0.810273 0.356081 0.054287 0.646407 0.262273 0.259231 0.214893 0.171334 0.459264 0.982778 0.853536 0.911431 0.861599 0.804024 0.026864 0.953337 0.626702 0.232286 0.926795 0.446371 0.559326 0.475816 0.881356 
0.367570 0.039246 0.500922 0.514852 0.872600 0.456740 0.384586 0.552307 0.850958 0.096314 0.516743 0.895455 0.005077 0.349737 0.591094 0.790769 0.083207 0.911449 0.091149 0.093913 0.881126 0.182490 0.118931 0.454993 0.101587 
0.213319 0.236708 0.323810 0.061352 0.764262 0.062959 0.874315 0.943690 0.987223 0.304007 0.796033 0.540229 0.223618 0.877334 0.879611 0.843712 0.192842 0.962648 0.851053 0.827463 0.053229 0.830706 0.632753 0.130168 0.898553 
0.537907 0.993291 0.137641 0.628666 0.532491 0.695045 0.442847 0.305107 0.241085 0.235621 0.791934 0.089079 0.464757 0.611730 0.093974 0.333176 0.766476 0.503926 0.508879 0.123770 0.747433 0.654028 0.310445 0.419957 0.750023 
0.305582 0.503062 0.564659 0.881380 0.137415 0.027615 0.027076 0.000705 0.774588 0.826953 0.811283 0.680618 0.107607 0.148980 0.298526 0.235098 0.431773 0.785261 0.522264 0.111130 0.436363 0.181199 0.620474 0.055221 0.420827 
0.288310 0.568735 0.966562 0.195293 0.184460 0.616694 0.195476 0.952534 0.687860 0.430868 0.864093 0.898159 0.263441 0.468065 0.416993 0.309744 0.883072 0.333146 0.894317 0.596189 0.895521 0.205277 0.846392 0.443377 0.284730 
0.029944 0.220406 0.535223 0.347865 0.373261 0.923282 0.129673 0.276990 0.536068 0.463672 0.435379 0.877363 0.402739 0.405801 0.722823 0.387691 0.193901 0.215705 0.585234 0.911323 0.310317 0.848941 0.692362 0.730517 0.813034 
0.877435 0.869416 0.712938 0.508381 0.498063 0.353728 0.769451 0.859003 0.090355 0.942932 0.913718 0.333519 0.235309 0.546482 0.603656 0.430441 0.078800 0.892315 0.850780 0.395299 0.083310 0.643196 0.599566 0.256747 0.838553 
0.044655 0.482639 0.028982 0.505353 0.727541 0.736557 0.010296 0.220051 0.777575 0.219521 0.311657 0.384265 0.526716 0.656273 0.894821 0.008289 0.902046 0.754227 0.417241 0.919652 0.662262 0.578382 0.735515 0.585953 0.555918 
0.668832 0.201005 0.810255 0.298606 0.180703 0.948260 0.919490 0.451128 0.438317 0.806211 0.417688 0.520827 0.655362 0.536432 0.785435 0.656834 0.146738 0.063534 0.211401 0.201068 0.291118 0.491933 0.081402 0.269467 0.969157 
0.928614 0.972647 0.694160 0.042321 0.083290 0.643449 0.393024 0.780513 0.838740 0.208075 0.783623 0.918694 0.666098 0.818918 0.513985 0.866776 0.530488 0.031072 0.431594 0.102385 0.970178 0.185870 0.968497 0.758285 0.190422 
0.075131 0.975612 0.087506 0.860682 0.078503 0.927239 0.734870 0.388966 0.819178 0.933169 0.223601 0.071199 0.686147 0.809065 0.828929 0.143229 0.470794 0.624946 0.620532 0.263963 0.580343 0.670508 0.550325 0.837252 0.253526 
0.019827 0.511960 0.225931 0.635530 0.886685 0.005047 0.898777 0.293556 0.424588 0.458335 0.201190 0.057959 0.042018 0.406456 0.213018 0.405499 0.399339 0.926972 0.377891 0.017486 0.080317 0.539209 0.220604 0.795068 0.957298 

0.240033 0.430759 0.367843 0.657635 0.904818 0.609570 0.793888 0.154329 0.578682 0.049213 0.251929 0.614090 0.105301 0.972390 0.738004 0.210187 0.695103 0.428024 0.414552 0.814110 0.172079 0.256222 0.193634 0.228833 0.229506 
0.747872 0.989311 0.895815 0.439425 0.761392 0.726246 0.322482 0.364995 0.762882 0.764025 0.250851 0.768999 0.785559 0.473659 0.118051 0.326153 0.217624 0.787219 0.428678 0.195435 0.055622 0.981754 0.566605 0.471516 0.944615 
0.755067 0.779550 0.199481 0.293375 0.504345 0.231534 0.233461 0.320389 0.539991 0.743539 0.304042 0.671931 0.108201 0.271856 0.276811 0.776908 0.349581 0.676574 0.872436 0.602449 0.670601 0.394855 0.311278 0.846367 0.616466 
0.998913 0.085353 0.849296 0.700500 0.263982 0.093599 0.262118 0.872887 0.183616 0.697536 0.035997 0.609483 0.019847 0.238785 0.454615 0.473381 0.217228 0.146254 0.901173 0.665172 0.561597 0.441383 0.421645 0.245016 0.045329 
0.312238 0.460375 0.297542 0.441931 0.466454 0.542926 0.735614 0.221640 0.497720 0.785003 0.804669 0.428548 0.078271 0.500920 0.494298 0.954464 0.149679 0.136148 0.889115 0.217123 0.681932 0.354854 0.739023 0.332095 0.997182 
0.677898 0.395725 0.172331 0.323206 0.857719 0.802062 0.857658 0.813423 0.648059 0.100604 0.260348 0.295546 0.862977 0.442507 0.548362 0.196605 0.635019 0.097360 0.160211 0.326781 0.881304 0.759231 0.306956 0.158375 0.111024 
0.604097 0.485380 0.300211 0.315191 0.139267 0.310085 0.496342 0.142547 0.194618 0.359790 0.956580 0.167791 0.736287 0.541841 0.751613 0.455990 0.173041 0.017660 0.929875 0.429587 0.299515 0.302457 0.610679 0.839433 0.759915 
0.811415 0.498437 0.917135 0.018393 0.777895 0.258970 0.726689 0.789601 0.408853 0.672057 0.946739 0.947834 0.600272 0.207775 0.001171 0.103704 0.208952 0.418703 0.044640 0.530433 0.505750 0.210449 0.570184 0.971667 0.954579 
0.589528 0.144417 0.039254 0.718009 0.644167 0.365244 0.635607 0.159511 0.992679 0.114002 0.928663 0.116328 0.334180 0.494941 0.435577 0.901597 0.142954 0.045113 0.900983 0.839984 0.228784 0.291618 0.030446 0.616356 0.078706 
0.074433 0.086921 0.217323 0.401304 0.769907 0.947068 0.158710 0.816052 0.417385 0.821686 0.274790 0.859357 0.349458 0.272505 0.488450 0.625064 0.293342 0.786346 0.226701 0.072611 0.936486 0.683920 0.689669 0.249276 0.803819 
0.902597 0.767874 0.388954 0.527922 0.316313 0.630616 0.867868 0.498061 0.672111 0.811934 0.382387 0.984257 0.098655 0.276297 0.508649 0.062959 0.807969 0.741837 0.101689 0.667077 0.450430 0.294679 0.351332 0.340351 0.251611 
0.093547 0.352206 0.602704 0.818853 0.750668 0.565190 0.676946 0.808332 0.913841 0.450097 0.213012 0.234472 0.251433 0.778806 0.819155 0.943280 0.950313 0.631176 0.751689 0.559283 0.393610 0.283705 0.418448 0.297975 0.344891 
0.257242 0.365131 0.201725 0.213305 0.459613 0.484585 0.886064 0.118309 0.926679 0.119030 0.444540 0.736569 0.663966 0.909464 0.476534 0.895879 0.890552 0.761991 0.136278 0.131132 0.704242 0.580687 0.986817 0.416435 0.213049 
0.000705 0.691658 0.918659 0.916002 0.515491 0.349087 0.818162 0.396505 0.422447 0.874469 0.158208 0.308111 0.937189 0.725549 0.195398 0.450102 0.077002 0.343259 0.782752 0.550257 0.574066 0.526257 0.664773 0.317814 0.587205 
0.903215 0.593229 0.480562 0.532752 0.884001 0.838903 0.057165 0.484754 0.626120 0.354325 0.477113 0.502908 0.236085 0.512542 0.053226 0.441828 0.440512 0.229898 0.286814 0.871946 0.508905 0.563309 0.299231 0.448357 0.418341 
0.630431 0.880983 0.858731 0.461994 0.514381 0.044091 0.059993 0.991700 0.623655 0.639883 0.888335 0.227511 0.174882 0.414908 0.510280 0.134983 0.718574 0.894122 0.804461 0.324591 0.049223 0.813630 0.506524 0.541078 0.817885 
0.361489 0.982228 0.547867 0.962683 0.056345 0.905935 0.285893 0.207485 0.624387 0.863613 0.649568 0.576470 0.862558 0.898468 0.262989 0.711905 0.437918 0.757091 0.449745 0.514450 0.639112 0.205065 0.738379 0.371959 0.159541 
0.672959 0.419889 0.356624 0.232156 0.394734 0.719951 0.247376 0.816872 0.636589 0.607423 0.920772 0.940034 0.045506 0.963420 0.202336 0.404137 0.859796 0.451016 0.968721 0.532145 0.816724 0.070137 0.626809 0.511377 0.511268 
0.340473 0.913173 0.325773 0.589023 0.043836 0.272927 0.591560 0.539932 0.780670 0.118646 0.352178 0.532355 0.574034 0.389326 0.988681 0.947006 0.180922 0.492603 0.121408 0.033906 0.587396 0.997365 0.859922 0.453028 0.164842 
0.820077 0.615000 0.361539 0.094175 0.307275 0.395469 0.719599 0.823377 0.838564 0.690048 0.571905 0.906164 0.294757 0.492720 0.017220 0.055136 0.001564 0.302462 0.984287 0.732334 0.927182 0.175216 0.084604 0.508215 0.239433 
0.165562 0.999529 0.446037 0.662371 0.100046 0.957344 0.934608 0.376888 0.051774 0.975097 0.862676 0.079456 0.468123 0.073432 0.359600 0.507100 0.477234 0.239393 0.564355 0.427903 0.722525 0.969473 0.891947 0.644688 0.065672 
0.619192 0.397163 0.239545 0.555756 0.425376 0.079430 0.324015 0.806584 0.792041 0.052530 0.777574 0.300119 0.076915 0.874751 0.084125 0.925201 0.677002 0.382139 0.297879 0.011466 0.476005 0.451192 0.757074 0.301875 0.513967 
0.059084 0.689282 0.264243 0.301153 0.551058 0.940451 0.665453 0.598185 0.140283 0.621307 0.245375 0.971243 0.312647 0.116131 0.353500 0.735448 0.349001 0.567647 0.495654 0.351546 0.969071 0.831470 0.528628 0.485646 0.575332 
0.311491 0.272965 0.325984 0.681311 0.346481 0.380855 0.343678 0.294207 0.969195 0.302043 0.048451 0.132665 0.870088 0.989633 0.779793 0.801440 0.749077 0.439272 0.578919 0.626629 0.158456 0.153652 0.719094 0.971605 0.955656 
0.440919 0.439049 0.024714 0.934035 0.833517 0.861782 0.404370 0.547905 0.281311 0.023511 0.262532 0.126868 0.848002 0.086401 0.445666 0.625080 0.240091 0.164216 0.551901 0.606975 0.131182 0.696083 0.584842 0.518468 0.621012 

-0.316458 -0.918614 -0.911599 -1.242286 -1.642290 -1.155506 -1.422629 -0.301272 -1.189960 -0.146933 -0.623936 -1.211019 -0.285400 -1.948781 -1.397610 -0.332820 0.065817 -0.512383 0.119700 -0.129427 0.031626 0.230136 0.164618 0.267362 -0.460742 
-1.443793 -2.076990 -1.699881 -0.849204 -1.530813 -1.297780 -0.553005 -0.834169 -1.628624 -1.601013 -0.516309 -1.447156 -1.584303 -0.874930 -0.246197 0.254132 -0.058496 -0.040711 -0.300762 -0.680380 -0.635014 0.087454 0.081906 0.572756 0.349100 
-1.550745 -1.431874 -0.374058 -0.571134 -1.003280 -0.376805 -0.522582 -0.728975 -1.249944 -1.552186 -0.522405 -1.580497 -0.240794 -0.554469 -0.664007 0.083659 0.306598 0.267608 0.225696 0.156993 0.142421 -0.317930 0.185970 0.356779 -0.161812 
-2.249975 -0.149966 -1.706232 -1.329159 -0.474330 -0.209942 -0.587946 -1.706285 -0.440902 -1.437487 -0.237137 -1.172716 -0.210954 -0.455184 0.285321 0.249924 -0.552737 -0.319528 0.387535 -0.275220 -0.214207 -0.479151 -0.325288 0.148795 -0.739508 
-0.711874 -0.941472 -0.678499 -0.828351 -0.962495 -0.999124 -1.442945 -0.508414 -0.898705 -1.671051 -1.603086 -0.627172 -0.167716 -0.990867 -0.104254 0.628098 -0.307850 -0.339726 0.610078 -0.448998 -0.139452 -0.431273 0.761790 -0.070864 0.598027 
-1.398146 -0.879142 -0.265415 -0.716764 -1.910962 -1.645594 -1.620822 -1.767005 -1.352540 -0.139658 -0.622886 -0.842366 -1.607318 0.003790 0.175770 -0.021388 0.064613 -0.786823 0.141111 0.097575 -0.137965 -0.293273 -0.576014 -0.277091 0.029050 
-0.921992 -1.008986 -0.565476 -0.595871 -0.205656 -0.703188 -1.002061 -0.351401 -0.369710 -0.765676 -1.871689 -0.431171 -1.577034 -0.363495 0.462345 0.136331 -0.210843 -0.114776 0.395718 0.431063 -0.579545 -0.219508 0.071698 0.687062 0.458347 
-1.583288 -0.831952 -1.788334 -0.121841 -1.397840 -0.449721 -1.415483 -1.544493 -0.809485 -1.454978 -1.716400 -1.966471 0.116403 -0.251614 -0.462000 -0.187906 -0.472978 0.262638 -0.732983 -0.037069 -0.358163 -0.574783 0.295473 0.751816 0.225897 
-1.221947 -0.276013 -0.042920 -1.451171 -1.267737 -0.624745 -1.238241 -0.230674 -1.861038 -0.196599 -1.868344 -1.554102 -0.352991 0.341344 -0.024144 0.931987 -0.750146 0.106073 -0.004430 0.360729 0.123619 -0.210172 -0.793413 0.227034 -0.730260 
-0.165737 -0.236392 -0.360150 -0.761730 -1.647069 -1.665679 -0.198328 -1.559964 1.057983 2.309101 -0.820989 -1.354589 -1.791176 -0.831516 -0.079378 -0.194558 -0.217951 0.365153 -0.348654 -0.622145 0.180726 0.438641 0.430516 -0.614051 -0.153798 
-1.743768 -1.343489 -0.876930 -1.204730 1.442607 2.434021 2.154708 1.312472 2.258005 2.549460 -1.527606 -0.179559 -0.534186 -1.013711 0.073600 -0.322300 0.145347 -0.003774 -0.011485 0.368412 -0.502099 -0.060584 0.020481 0.243538 0.033823 
0.281071 1.715688 2.033643 1.766111 2.584631 2.024416 1.501138 1.818906 2.158562 1.944194 -1.540521 -1.176467 -0.896294 -1.750603 -1.241011 0.696713 0.734907 0.035757 0.420996 -0.026584 0.354618 -0.177950 -0.210734 0.156637 -0.445972 
0.953912 0.868833 1.235327 0.549036 0.996626 1.687056 2.159121 0.610606 2.037471 0.282143 -0.789434 -1.984240 -1.542120 -1.853720 -1.823658 0.130833 0.820913 -0.065256 -0.404763 -0.140612 0.003878 0.144065 0.408854 0.111432 -0.716329 
0.235199 1.514595 2.272550 2.447684 1.910219 1.052538 1.934813 1.217955 1.750341 1.749995 -1.045076 -1.843890 -0.088868 -0.662910 -1.157198 -1.459898 -0.077819 -0.615281 0.774663 0.558690 -0.434178 0.437871 0.493805 -0.331975 0.397944 
2.037029 1.586181 1.256120 1.191515 2.644287 1.786487 1.020253 1.986342 2.117160 0.986519 -1.778141 -1.006600 -0.422880 -1.749094 -1.821705 -1.754778 0.247641 -0.755457 -0.539466 0.105911 0.359209 -0.353786 -0.325466 0.351455 -0.414748 
1.876042 2.759054 1.969155 1.401496 1.466561 0.686303 0.518990 2.260547 1.304013 1.464945 -1.449383 -0.102796 -0.862227 -1.139500 -0.151241 -0.662866 -1.656126 0.318883 0.159184 0.195710 -0.739437 0.181130 -0.018980 0.192630 0.205832 
0.774415 2.524391 1.749165 3.039078 0.379351 1.801352 0.578161 0.475812 2.013105 2.451540 -1.630869 -1.366966 -0.191863 -0.265055 -0.666827 -0.651400 -1.019188 -1.416374 -0.024829 0.150949 0.377018 0.057232 0.395055 -0.138734 0.543778 
1.653482 1.212689 1.713117 0.720859 0.922534 2.209566 0.720535 2.331663 1.968788 -0.780731 -1.848973 -1.879155 -0.441980 -0.939847 -0.845553 -0.632659 -1.741215 -0.653585 0.874635 0.646627 0.904882 0.319753 1.195761 0.479514 0.027330 
0.757385 2.035456 1.437931 1.647506 0.459938 1.721884 1.395736 1.344597 2.230043 -0.776295 -0.789350 -1.644519 -0.897867 -0.670802 -1.531121 -0.987873 -0.460290 -0.106072 1.081800 1.634507 -0.144908 0.819357 0.546638 0.950958 1.382519 
2.632898 2.058332 1.478587 0.683847 1.321600 1.198369 2.315553 2.510894 1.837585 -2.028616 -1.881817 -0.599535 -0.569732 -1.021546 -1.191796 -0.839139 -0.285322 1.406278 0.536916 -0.140630 -0.735987 0.984075 1.075849 -0.111741 1.464485 
0.418204 2.507600 0.816369 1.855048 1.105494 2.690635 1.969997 1.030101 0.881932 -0.374860 -0.614168 -0.691267 -1.040775 -1.283131 -1.945002 -0.203854 -1.895019 1.257890 0.592177 1.245826 0.519831 0.213769 0.619737 0.648575 1.059094 
1.932671 0.944605 1.174053 1.325745 1.070453 1.073184 1.468633 2.005219 2.034307 -1.574284 -0.906475 -1.081941 -1.485871 -1.070553 -1.715648 -1.243798 -0.328740 -0.271548 -0.005885 0.444677 0.154017 0.546318 -0.704337 0.251416 1.337770 
1.047908 2.278979 1.291782 0.667796 1.264626 2.362255 1.698606 1.842890 1.029585 -0.358785 -1.582782 -1.741323 -1.327752 -1.720539 -1.050153 -1.661339 0.792511 -0.375978 0.320711 -0.271306 1.186399 -0.443361 1.308060 1.029475 -0.049278 
0.506223 1.568818 0.845120 2.243737 0.759210 1.810086 1.356762 1.015823 2.743695 -1.666061 -0.386978 -0.234026 -1.399146 -1.649462 -1.785710 -0.496709 0.219717 1.009190 0.645380 -0.045085 1.126643 1.232138 0.531753 0.763205 -0.391794 
0.909388 1.206514 0.326376 2.433449 2.646485 1.701940 1.711136 1.441494 0.938802 -0.877517 -0.462081 -0.193732 -0.224135 -0.847556 -0.459915 -0.796244 0.479964 1.708708 0.095985 -0.384068 -0.010149 0.273907 -0.292807 1.121538 1.338744 

0 0 0 0 0 0 0 0 0 0 0 0 0 0 0 0 3 3 3 3 3 3 3 3 3 
0 0 0 0 0 0 0 0 0 0 0 0 0 0 0 3 3 3 3 3 3 3 3 3 3 
0 0 0 0 0 0 0 0 0 0 0 0 0 0 0 3 3 3 3 3 3 3 3 3 3 
0 0 0 0 0 0 0 0 0 0 0 0 0 0 3 3 3 3 3 3 3 3 3 3 3 
0 0 0 0 0 0 0 0 0 0 0 0 0 0 3 3 3 3 3 3 3 3 3 3 3 
0 0 0 0 0 0 0 0 0 0 0 0 0 3 3 3 3 3 3 3 3 3 3 3 3 
0 0 0 0 0 0 0 0 0 0 0 0 0 3 3 3 3 3 3 3 3 3 3 3 3 
0 0 0 0 0 0 0 0 0 0 0 0 3 3 3 3 3 3 3 3 3 3 3 3 3 
0 0 0 0 0 0 0 0 0 0 0 4 4 3 3 3 3 3 3 3 3 3 3 3 3 
0 0 0 0 0 0 0 0 2 2 4 4 4 4 3 3 3 3 3 3 3 3 3 3 3 
0 0 0 0 2 2 2 2 2 2 4 4 4 4 3 3 3 3 3 3 3 3 3 3 3 
2 2 2 2 2 2 2 2 2 2 4 4 4 4 4 3 3 3 3 3 3 3 3 3 3 
2 2 2 2 2 2 2 2 2 2 4 4 4 4 4 3 3 3 3 3 3 3 3 3 3 
2 2 2 2 2 2 2 2 2 2 4 4 4 4 4 4 3 3 3 3 3 3 3 3 3 
2 2 2 2 2 2 2 2 2 2 4 4 4 4 4 4 3 3 3 3 3 3 3 3 3 
2 2 2 2 2 2 2 2 2 2 4 4 4 4 4 4 4 3 3 3 3 3 3 3 3 
2 2 2 2 2 2 2 2 2 2 4 4 4 4 4 4 4 4 3 3 3 1 1 1 1 
2 2 2 2 2 2 2 2 2 4 4 4 4 4 4 4 4 4 1 1 1 1 1 1 1 
2 2 2 2 2 2 2 2 2 4 4 4 4 4 4 4 4 1 1 1 1 1 1 1 1 
2 2 2 2 2 2 2 2 2 4 4 4 4 4 4 4 4 1 1 1 1 1 1 1 1 
2 2 2 2 2 2 2 2 2 4 4 4 4 4 4 4 4 1 1 1 1 1 1 1 1 
2 2 2 2 2 2 2 2 2 4 4 4 4 4 4 4 4 1 1 1 1 1 1 1 1 
2 2 2 2 2 2 2 2 2 4 4 4 4 4 4 4 1 1 1 1 1 1 1 1 1 
2 2 2 2 2 2 2 2 2 4 4 4 4 4 4 4 1 1 1 1 1 1 1 1 1 
2 2 2 2 2 2 2 2 2 4 4 4 4 4 4 4 1 1 1 1 1 1 1 1 1 

0.0 0.0 0.0 0.0 0.0 0.0 0.0 0.0 0.0 0.0 0.0 0.0 0.0 0.0 0.0 0.0 -1.0 -1.0 -1.0 -1.0 -1.0 -1.0 -1.0 -1.0 -1.0 
0.0 0.0 0.0 0.0 0.0 0.0 0.0 0.0 0.0 0.0 0.0 0.0 0.0 0.0 0.0 -1.0 -1.0 -1.0 -1.0 -1.0 -1.0 -1.0 -1.0 -1.0 -1.0 
0.0 0.0 0.0 0.0 0.0 0.0 0.0 0.0 0.0 0.0 0.0 0.0 0.0 0.0 0.0 -1.0 -1.0 -1.0 -1.0 -1.0 -1.0 -1.0 -1.0 -1.0 -1.0 
0.0 0.0 0.0 0.0 0.0 0.0 0.0 0.0 0.0 0.0 0.0 0.0 0.0 0.0 -1.0 -1.0 -1.0 -1.0 -1.0 -1.0 -1.0 -1.0 -1.0 -1.0 -1.0 
0.0 0.0 0.0 0.0 0.0 0.0 0.0 0.0 0.0 0.0 0.0 0.0 0.0 0.0 -1.0 -1.0 -1.0 -1.0 -1.0 -1.0 -1.0 -1.0 -1.0 -1.0 -1.0 
0.0 0.0 0.0 0.0 0.0 0.0 0.0 0.0 0.0 0.0 0.0 0.0 0.0 -1.0 -1.0 -1.0 -1.0 -1.0 -1.0 -1.0 -1.0 -1.0 -1.0 -1.0 -1.0 
0.0 0.0 0.0 0.0 0.0 0.0 0.0 0.0 0.0 0.0 0.0 0.0 0.0 -1.0 -1.0 -1.0 -1.0 -1.0 -1.0 -1.0 -1.0 -1.0 -1.0 -1.0 -1.0 
0.0 0.0 0.0 0.0 0.0 0.0 0.0 0.0 0.0 0.0 0.0 0.0 -1.0 -1.0 -1.0 -1.0 -1.0 -1.0 -1.0 -1.0 -1.0 -1.0 -1.0 -1.0 -1.0 
0.0 0.0 0.0 0.0 0.0 0.0 0.0 0.0 0.0 0.0 0.0 -2.0 -2.0 -1.0 -1.0 -1.0 -1.0 -1.0 -1.0 -1.0 -1.0 -1.0 -1.0 -1.0 -1.0 
0.0 0.0 0.0 0.0 0.0 0.0 0.0 0.0 1.0 1.0 -2.0 -2.0 -2.0 -2.0 -1.0 -1.0 -1.0 -1.0 -1.0 -1.0 -1.0 -1.0 -1.0 -1.0 -1.0 
0.0 0.0 0.0 0.0 1.0 1.0 1.0 1.0 1.0 1.0 -2.0 -2.0 -2.0 -2.0 -1.0 -1.0 -1.0 -1.0 -1.0 -1.0 -1.0 -1.0 -1.0 -1.0 -1.0 
1.0 1.0 1.0 1.0 1.0 1.0 1.0 1.0 1.0 1.0 -2.0 -2.0 -2.0 -2.0 -2.0 -1.0 -1.0 -1.0 -1.0 -1.0 -1.0 -1.0 -1.0 -1.0 -1.0 
1.0 1.0 1.0 1.0 1.0 1.0 1.0 1.0 1.0 1.0 -2.0 -2.0 -2.0 -2.0 -2.0 -1.0 -1.0 -1.0 -1.0 -1.0 -1.0 -1.0 -1.0 -1.0 -1.0 
1.0 1.0 1.0 1.0 1.0 1.0 1.0 1.0 1.0 1.0 -2.0 -2.0 -2.0 -2.0 -2.0 -2.0 -1.0 -1.0 -1.0 -1.0 -1.0 -1.0 -1.0 -1.0 -1.0 
1.0 1.0 1.0 1.0 1.0 1.0 1.0 1.0 1.0 1.0 -2.0 -2.0 -2.0 -2.0 -2.0 -2.0 -1.0 -1.0 -1.0 -1.0 -1.0 -1.0 -1.0 -1.0 -1.0 
1.0 1.0 1.0 1.0 1.0 1.0 1.0 1.0 1.0 1.0 -2.0 -2.0 -2.0 -2.0 -2.0 -2.0 -2.0 -1.0 -1.0 -1.0 -1.0 -1.0 -1.0 -1.0 -1.0 
1.0 1.0 1.0 1.0 1.0 1.0 1.0 1.0 1.0 1.0 -2.0 -2.0 -2.0 -2.0 -2.0 -2.0 -2.0 -2.0 -1.0 -1.0 -1.0 2.0 2.0 2.0 2.0 
1.0 1.0 1.0 1.0 1.0 1.0 1.0 1.0 1.0 -2.0 -2.0 -2.0 -2.0 -2.0 -2.0 -2.0 -2.0 -2.0 2.0 2.0 2.0 2.0 2.0 2.0 2.0 
1.0 1.0 1.0 1.0 1.0 1.0 1.0 1.0 1.0 -2.0 -2.0 -2.0 -2.0 -2.0 -2.0 -2.0 -2.0 2.0 2.0 2.0 2.0 2.0 2.0 2.0 2.0 
1.0 1.0 1.0 1.0 1.0 1.0 1.0 1.0 1.0 -2.0 -2.0 -2.0 -2.0 -2.0 -2.0 -2.0 -2.0 2.0 2.0 2.0 2.0 2.0 2.0 2.0 2.0 
1.0 1.0 1.0 1.0 1.0 1.0 1.0 1.0 1.0 -2.0 -2.0 -2.0 -2.0 -2.0 -2.0 -2.0 -2.0 2.0 2.0 2.0 2.0 2.0 2.0 2.0 2.0 
1.0 1.0 1.0 1.0 1.0 1.0 1.0 1.0 1.0 -2.0 -2.0 -2.0 -2.0 -2.0 -2.0 -2.0 -2.0 2.0 2.0 2.0 2.0 2.0 2.0 2.0 2.0 
1.0 1.0 1.0 1.0 1.0 1.0 1.0 1.0 1.0 -2.0 -2.0 -2.0 -2.0 -2.0 -2.0 -2.0 2.0 2.0 2.0 2.0 2.0 2.0 2.0 2.0 2.0 
1.0 1.0 1.0 1.0 1.0 1.0 1.0 1.0 1.0 -2.0 -2.0 -2.0 -2.0 -2.0 -2.0 -2.0 2.0 2.0 2.0 2.0 2.0 2.0 2.0 2.0 2.0 
1.0 1.0 1.0 1.0 1.0 1.0 1.0 1.0 1.0 -2.0 -2.0 -2.0 -2.0 -2.0 -2.0 -2.0 2.0 2.0 2.0 2.0 2.0 2.0 2.0 2.0 2.0 

-2.0 -2.0 -2.0 -2.0 -2.0 -2.0 -2.0 -2.0 -2.0 -2.0 -2.0 -2.0 -2.0 -2.0 -2.0 -2.0 1.0 1.0 1.0 1.0 1.0 1.0 1.0 1.0 1.0 
-2.0 -2.0 -2.0 -2.0 -2.0 -2.0 -2.0 -2.0 -2.0 -2.0 -2.0 -2.0 -2.0 -2.0 -2.0 1.0 1.0 1.0 1.0 1.0 1.0 1.0 1.0 1.0 1.0 
-2.0 -2.0 -2.0 -2.0 -2.0 -2.0 -2.0 -2.0 -2.0 -2.0 -2.0 -2.0 -2.0 -2.0 -2.0 1.0 1.0 1.0 1.0 1.0 1.0 1.0 1.0 1.0 1.0 
-2.0 -2.0 -2.0 -2.0 -2.0 -2.0 -2.0 -2.0 -2.0 -2.0 -2.0 -2.0 -2.0 -2.0 1.0 1.0 1.0 1.0 1.0 1.0 1.0 1.0 1.0 1.0 1.0 
-2.0 -2.0 -2.0 -2.0 -2.0 -2.0 -2.0 -2.0 -2.0 -2.0 -2.0 -2.0 -2.0 -2.0 1.0 1.0 1.0 1.0 1.0 1.0 1.0 1.0 1.0 1.0 1.0 
-2.0 -2.0 -2.0 -2.0 -2.0 -2.0 -2.0 -2.0 -2.0 -2.0 -2.0 -2.0 -2.0 1.0 1.0 1.0 1.0 1.0 1.0 1.0 1.0 1.0 1.0 1.0 1.0 
-2.0 -2.0 -2.0 -2.0 -2.0 -2.0 -2.0 -2.0 -2.0 -2.0 -2.0 -2.0 -2.0 1.0 1.0 1.0 1.0 1.0 1.0 1.0 1.0 1.0 1.0 1.0 1.0 
-2.0 -2.0 -2.0 -2.0 -2.0 -2.0 -2.0 -2.0 -2.0 -2.0 -2.0 -2.0 1.0 1.0 1.0 1.0 1.0 1.0 1.0 1.0 1.0 1.0 1.0 1.0 1.0 
-2.0 -2.0 -2.0 -2.0 -2.0 -2.0 -2.0 -2.0 -2.0 -2.0 -2.0 0.0 0.0 1.0 1.0 1.0 1.0 1.0 1.0 1.0 1.0 1.0 1.0 1.0 1.0 
-2.0 -2.0 -2.0 -2.0 -2.0 -2.0 -2.0 -2.0 2.0 2.0 0.0 0.0 0.0 0.0 1.0 1.0 1.0 1.0 1.0 1.0 1.0 1.0 1.0 1.0 1.0 
-2.0 -2.0 -2.0 -2.0 2.0 2.0 2.0 2.0 2.0 2.0 0.0 0.0 0.0 0.0 1.0 1.0 1.0 1.0 1.0 1.0 1.0 1.0 1.0 1.0 1.0 
2.0 2.0 2.0 2.0 2.0 2.0 2.0 2.0 2.0 2.0 0.0 0.0 0.0 0.0 0.0 1.0 1.0 1.0 1.0 1.0 1.0 1.0 1.0 1.0 1.0 
2.0 2.0 2.0 2.0 2.0 2.0 2.0 2.0 2.0 2.0 0.0 0.0 0.0 0.0 0.0 1.0 1.0 1.0 1.0 1.0 1.0 1.0 1.0 1.0 1.0 
2.0 2.0 2.0 2.0 2.0 2.0 2.0 2.0 2.0 2.0 0.0 0.0 0.0 0.0 0.0 0.0 1.0 1.0 1.0 1.0 1.0 1.0 1.0 1.0 1.0 
2.0 2.0 2.0 2.0 2.0 2.0 2.0 2.0 2.0 2.0 0.0 0.0 0.0 0.0 0.0 0.0 1.0 1.0 1.0 1.0 1.0 1.0 1.0 1.0 1.0 
2.0 2.0 2.0 2.0 2.0 2.0 2.0 2.0 2.0 2.0 0.0 0.0 0.0 0.0 0.0 0.0 0.0 1.0 1.0 1.0 1.0 1.0 1.0 1.0 1.0 
2.0 2.0 2.0 2.0 2.0 2.0 2.0 2.0 2.0 2.0 0.0 0.0 0.0 0.0 0.0 0.0 0.0 0.0 1.0 1.0 1.0 -1.0 -1.0 -1.0 -1.0 
2.0 2.0 2.0 2.0 2.0 2.0 2.0 2.0 2.0 0.0 0.0 0.0 0.0 0.0 0.0 0.0 0.0 0.0 -1.0 -1.0 -1.0 -1.0 -1.0 -1.0 -1.0 
2.0 2.0 2.0 2.0 2.0 2.0 2.0 2.0 2.0 0.0 0.0 0.0 0.0 0.0 0.0 0.0 0.0 -1.0 -1.0 -1.0 -1.0 -1.0 -1.0 -1.0 -1.0 
2.0 2.0 2.0 2.0 2.0 2.0 2.0 2.0 2.0 0.0 0.0 0.0 0.0 0.0 0.0 0.0 0.0 -1.0 -1.0 -1.0 -1.0 -1.0 -1.0 -1.0 -1.0 
2.0 2.0 2.0 2.0 2.0 2.0 2.0 2.0 2.0 0.0 0.0 0.0 0.0 0.0 0.0 0.0 0.0 -1.0 -1.0 -1.0 -1.0 -1.0 -1.0 -1.0 -1.0 
2.0 2.0 2.0 2.0 2.0 2.0 2.0 2.0 2.0 0.0 0.0 0.0 0.0 0.0 0.0 0.0 0.0 -1.0 -1.0 -1.0 -1.0 -1.0 -1.0 -1.0 -1.0 
2.0 2.0 2.0 2.0 2.0 2.0 2.0 2.0 2.0 0.0 0.0 0.0 0.0 0.0 0.0 0.0 -1.0 -1.0 -1.0 -1.0 -1.0 -1.0 -1.0 -1.0 -1.0 
2.0 2.0 2.0 2.0 2.0 2.0 2.0 2.0 2.0 0.0 0.0 0.0 0.0 0.0 0.0 0.0 -1.0 -1.0 -1.0 -1.0 -1.0 -1.0 -1.0 -1.0 -1.0 
2.0 2.0 2.0 2.0 2.0 2.0 2.0 2.0 2.0 0.0 0.0 0.0 0.0 0.0 0.0 0.0 -1.0 -1.0 -1.0 -1.0 -1.0 -1.0 -1.0 -1.0 -1.0 

