0.977593 0.412647 0.411897 0.585216 0.238190 0.886045 0.375014 0.573736 0.343006 0.401287 0.371979 0.898965 0.423285 0.728399 0.417827 0.945058 0.823550 0.363690 0.360546 0.495249 0.921537 0.874568 0.492884 0.914550 0.700149 
0.937462 0.971205 0.658164 0.376972 0.266115 0.672248 0.745477 0.195066 0.304425 0.277157 0.875787 0.821139 0.547656 0.422528 0.339873 0.203114 0.188288 0.847567 0.260982 0.162109 0.211001 0.063406 0.430473 0.109997 0.676459 
0.246333 0.206724 0.987011 0.887727 0.458130 0.824388 0.271475 0.661077 0.359050 0.935494 0.770877 0.552061 0.169225 0.638302 0.765665 0.863610 0.472732 0.880799 0.929112 0.004446 0.887188 0.141075 0.301521 0.810268 0.452571 
0.280090 0.701503 0.274159 0.598841 0.704565 0.286528 0.186040 0.933078 0.771284 0.217067 0.068340 0.079443 0.704062 0.822970 0.660437 0.939084 0.354983 0.265984 0.396859 0.779963 0.004231 0.310676 0.897808 0.778666 0.688778 
0.154547 0.291110 0.369430 0.532722 0.658963 0.148599 0.818081 0.505113 0.499425 0.254044 0.710206 0.759273 0.876761 0.324249 0.535402 0.311011 0.985610 0.881570 0.692913 0.447974 0.577757 0.366273 0.926468 0.090714 0.073679 
0.162498 0.919917 0.358061 0.804217 0.298505 0.757528 0.041850 0.563307 0.381241 0.184311 0.777744 0.677384 0.547976 0.834011 0.700249 0.998933 0.816993 0.454444 0.705852 0.277276 0.341369 0.895501 0.482805 0.848772 0.958170 
0.634488 0.071795 0.451240 0.876028 0.972794 0.855138 0.523012 0.399183 0.367095 0.407412 0.143273 0.768547 0.530648 0.217588 0.366770 0.113784 0.352881 0.904003 0.660715 0.857722 0.355222 0.560792 0.127512 0.376328 0.534804 
0.947177 0.532056 0.579727 0.482249 0.132718 0.145414 0.497845 0.489167 0.648880 0.458941 0.257998 0.828565 0.211688 0.387654 0.339280 0.410011 0.009498 0.951411 0.741912 0.390225 0.177135 0.687447 0.193725 0.568069 0.436703 
0.273853 0.425305 0.417759 0.321444 0.086812 0.737222 0.594197 0.518476 0.121732 0.231959 0.902738 0.126153 0.753621 0.547296 0.606445 0.105764 0.566933 0.212531 0.420453 0.118314 0.316963 0.972109 0.536955 0.196359 0.960415 
0.427193 0.817454 0.731986 0.597286 0.017089 0.900984 0.332678 0.195200 0.770782 0.556576 0.323419 0.480649 0.648223 0.289046 0.385017 0.044530 0.963689 0.700937 0.925526 0.789728 0.934742 0.684146 0.638300 0.109669 0.367580 
0.699232 0.315555 0.673913 0.332522 0.351011 0.794981 0.292778 0.556233 0.988626 0.861699 0.562446 0.425231 0.346829 0.839160 0.646825 0.871766 0.112286 0.611365 0.630299 0.455125 0.437031 0.181953 0.776465 0.163107 0.446573 
0.427508 0.939540 0.663443 0.298365 0.969525 0.820783 0.065309 0.048180 0.101356 0.352988 0.866006 0.509346 0.909410 0.372207 0.092766 0.746022 0.487202 0.359368 0.029644 0.132362 0.075577 0.033958 0.426312 0.633860 0.748200 
0.246594 0.106725 0.033720 0.687746 0.151310 0.726268 0.825883 0.093289 0.623808 0.631395 0.684370 0.620591 0.316531 0.748535 0.978397 0.649248 0.756738 0.281409 0.444645 0.580193 0.345922 0.314525 0.420559 0.161263 0.292960 
0.938371 0.530085 0.494509 0.363196 0.699763 0.821893 0.355104 0.291132 0.972213 0.215023 0.429535 0.397185 0.936930 0.241743 0.815209 0.431609 0.220241 0.670207 0.380135 0.502671 0.270392 0.300903 0.769764 0.136463 0.875473 
0.926941 0.711292 0.713807 0.091411 0.856373 0.872784 0.297543 0.538901 0.643097 0.725670 0.789500 0.874456 0.684870 0.223690 0.197184 0.774378 0.468480 0.540471 0.973622 0.355065 0.006339 0.994591 0.602859 0.853552 0.491980 
0.168242 0.557329 0.114885 0.931685 0.427916 0.938492 0.364951 0.293098 0.822753 0.570125 0.754807 0.961432 0.964301 0.574470 0.572954 0.386186 0.830405 0.648924 0.036137 0.096171 0.946233 0.764256 0.819819 0.995750 0.225889 
0.949757 0.449478 0.317510 0.562728 0.395919 0.478870 0.418153 0.806230 0.597545 0.323153 0.560574 0.929098 0.315638 0.386231 0.757007 0.704874 0.980328 0.691747 0.138224 0.680660 0.046868 0.199305 0.729950 0.350716 0.737691 
0.493764 0.884376 0.711047 0.976980 0.673464 0.347859 0.679796 0.143106 0.521314 0.775729 0.657001 0.081707 0.060877 0.057278 0.096275 0.921990 0.045650 0.519140 0.995454 0.197611 0.049322 0.664078 0.487601 0.588727 0.819246 
0.600714 0.953728 0.774546 0.573934 0.120940 0.707541 0.948966 0.932270 0.533134 0.481336 0.536213 0.860909 0.873429 0.668966 0.055336 0.995406 0.791327 0.567753 0.986470 0.377690 0.285596 0.348714 0.056946 0.982342 0.757260 
0.323229 0.330718 0.417463 0.655609 0.282369 0.027533 0.902172 0.318951 0.699094 0.688670 0.444964 0.250732 0.024763 0.589962 0.335250 0.627567 0.268163 0.628464 0.317155 0.391227 0.221873 0.419559 0.881964 0.597389 0.066050 
0.973686 0.843651 0.951441 0.092611 0.666563 0.152974 0.204031 0.175519 0.925768 0.279939 0.126792 0.021554 0.716076 0.660387 0.972173 0.580872 0.062288 0.910892 0.678417 0.079978 0.701829 0.463321 0.753741 0.081001 0.357758 
0.844573 0.485560 0.901943 0.123241 0.073468 0.643842 0.272262 0.269209 0.608812 0.123264 0.674657 0.028366 0.691225 0.286516 0.133266 0.794948 0.263080 0.701419 0.770320 0.987641 0.675680 0.298833 0.025048 0.873251 0.211623 
0.973388 0.097171 0.231767 0.219739 0.232390 0.130323 0.964739 0.449259 0.489589 0.814681 0.101666 0.509431 0.892803 0.307253 0.621361 0.628833 0.710798 0.017822 0.428770 0.439358 0.289309 0.945505 0.009461 0.666351 0.451558 
0.128585 0.599887 0.970795 0.870260 0.270484 0.884533 0.809897 0.928971 0.735249 0.861319 0.868039 0.960691 0.920549 0.609340 0.521299 0.762427 0.408835 0.005741 0.232871 0.809053 0.116285 0.710925 0.489477 0.529571 0.863636 
0.648324 0.317817 0.784427 0.028624 0.897889 0.855979 0.711351 0.636690 0.769782 0.472985 0.431524 0.426931 0.974327 0.749725 0.257392 0.657875 0.102227 0.786630 0.492699 0.061321 0.293345 0.410393 0.531703 0.496731 0.642498 

0.100606 0.212903 0.067676 0.103827 0.663165 0.776784 0.213159 0.609075 0.918643 0.373264 0.415283 0.741030 0.993140 0.164824 0.904639 0.219916 0.398139 0.856623 0.969141 0.792643 0.541505 0.384542 0.267842 0.727330 0.920795 
0.068431 0.162757 0.211136 0.681118 0.439552 0.975016 0.224729 0.031832 0.399580 0.689481 0.809558 0.372181 0.537989 0.942839 0.871948 0.518897 0.658936 0.970134 0.107211 0.373407 0.046922 0.499866 0.870732 0.163855 0.887518 
0.692854 0.342472 0.738876 0.568071 0.504478 0.835918 0.844610 0.925474 0.601184 0.638161 0.002847 0.347683 0.241855 0.495146 0.024993 0.703209 0.394617 0.510441 0.102413 0.572642 0.469067 0.845785 0.447263 0.768900 0.912357 
0.344163 0.339785 0.345770 0.856261 0.980742 0.374382 0.210294 0.196196 0.789551 0.154117 0.117125 0.899017 0.550844 0.429251 0.649777 0.623010 0.908734 0.738592 0.058597 0.321375 0.026867 0.974169 0.107781 0.624090 0.039417 
0.041398 0.255914 0.502478 0.087362 0.524967 0.962120 0.390903 0.132929 0.605331 0.660575 0.418592 0.647288 0.327144 0.852076 0.865006 0.062403 0.669248 0.555180 0.797870 0.704627 0.852902 0.999439 0.959218 0.723530 0.773925 
0.790432 0.766161 0.074858 0.577777 0.183972 0.821533 0.122174 0.296233 0.181577 0.848114 0.162837 0.266463 0.032574 0.351468 0.030560 0.902948 0.228331 0.677137 0.754796 0.051806 0.054305 0.604525 0.875445 0.935122 0.914824 
0.773483 0.497469 0.833633 0.636010 0.591388 0.575368 0.026363 0.465771 0.797775 0.785693 0.595356 0.485587 0.601474 0.551089 0.246943 0.460802 0.331039 0.691406 0.331229 0.438938 0.852314 0.463919 0.502720 0.520952 0.085708 
0.037290 0.670871 0.049592 0.233700 0.310214 0.866883 0.368060 0.964931 0.713711 0.500836 0.128078 0.174121 0.911793 0.362770 0.476246 0.170349 0.150435 0.122569 0.202049 0.624391 0.732129 0.444400 0.421716 0.392161 0.523355 
0.036585 0.495676 0.731328 0.984387 0.499870 0.114536 0.288558 0.246847 0.645691 0.220174 0.176470 0.144142 0.818083 0.888648 0.113467 0.687443 0.933193 0.786210 0.241856 0.054113 0.905835 0.931245 0.734391 0.125629 0.566425 
0.766821 0.051355 0.702366 0.204521 0.500005 0.726396 0.707034 0.083043 0.630542 0.208068 0.353253 0.392329 0.431216 0.171531 0.515541 0.139516 0.067203 0.556366 0.425580 0.722674 0.771474 0.075570 0.118348 0.264513 0.389133 
0.595633 0.220308 0.419844 0.875708 0.549307 0.890169 0.149679 0.902220 0.229789 0.209758 0.266383 0.938461 0.591215 0.696299 0.931439 0.489872 0.387796 0.150148 0.701220 0.863495 0.098602 0.724215 0.743365 0.446675 0.917579 
0.952731 0.487025 0.201785 0.429878 0.067445 0.629767 0.245302 0.123629 0.196711 0.254462 0.402587 0.356189 0.847588 0.954309 0.428893 0.553494 0.163989 0.630148 0.400677 0.472298 0.793529 0.194313 0.518304 0.391193 0.612085 
0.690032 0.600712 0.487300 0.698323 0.884096 0.212161 0.960563 0.034335 0.531125 0.800550 0.556887 0.215594 0.956717 0.509400 0.003337 0.009538 0.009270 0.399009 0.916292 0.479964 0.108830 0.273244 0.697329 0.469550 0.300474 
0.816863 0.685182 0.914538 0.738279 0.099454 0.261208 0.577837 0.848669 0.748538 0.282349 0.956339 0.783421 0.377011 0.173860 0.767393 0.983894 0.621349 0.699859 0.183206 0.309835 0.779215 0.498299 0.814944 0.785082 0.190970 
0.324959 0.925924 0.250215 0.156972 0.497738 0.935048 0.791387 0.303854 0.179562 0.004859 0.724851 0.891102 0.468155 0.136153 0.531831 0.923764 0.040344 0.923168 0.283624 0.126624 0.867434 0.841428 0.830165 0.493782 0.896846 
0.669144 0.607636 0.267732 0.463432 0.115803 0.737964 0.993602 0.103086 0.047051 0.745376 0.419452 0.192843 0.893183 0.435421 0.430636 0.927269 0.905169 0.629728 0.244445 0.243197 0.157741 0.491128 0.954240 0.518025 0.600030 
0.037012 0.903900 0.065888 0.079243 0.903794 0.867016 0.656967 0.513334 0.299664 0.044266 0.487635 0.384271 0.551785 0.520006 0.370569 0.575393 0.105926 0.809713 0.458897 0.749658 0.305909 0.542978 0.027035 0.503222 0.138287 
0.978897 0.262360 0.607027 0.785434 0.784469 0.412937 0.964833 0.941571 0.186385 0.962137 0.294157 0.768710 0.236357 0.013925 0.391068 0.724981 0.112250 0.941545 0.951338 0.527480 0.664820 0.639159 0.944187 0.584119 0.717963 
0.784814 0.090348 0.343569 0.237006 0.497042 0.255496 0.978563 0.972286 0.452205 0.636625 0.164619 0.457947 0.229713 0.472433 0.712581 0.803690 0.964868 0.109256 0.605880 0.835721 0.882579 0.650712 0.324618 0.613726 0.951566 
0.165939 0.836241 0.092090 0.504593 0.334785 0.329137 0.426205 0.757109 0.143117 0.184663 0.486189 0.315546 0.421746 0.328330 0.062609 0.101321 0.987786 0.000016 0.102199 0.654998 0.239661 0.352587 0.315410 0.912545 0.152684 
0.710224 0.728362 0.238671 0.866021 0.533936 0.206238 0.964056 0.757247 0.443101 0.364560 0.553192 0.701468 0.381600 0.348173 0.709782 0.767242 0.484125 0.590162 0.009977 0.606503 0.068422 0.200935 0.207666 0.582025 0.366067 
0.579184 0.243437 0.287433 0.394657 0.651279 0.567676 0.385886 0.601257 0.770130 0.982558 0.917565 0.616036 0.852821 0.027551 0.767232 0.070445 0.396895 0.964313 0.345165 0.294507 0.505422 0.189249 0.369387 0.822752 0.998389 
0.168142 0.743887 0.168905 0.275880 0.734159 0.556612 0.939374 0.654447 0.023577 0.230497 0.354296 0.144615 0.700976 0.922686 0.111728 0.042848 0.887713 0.067045 0.490643 0.240474 0.390926 0.158544 0.890443 0.796545 0.722817 
0.585743 0.219424 0.097857 0.134931 0.619846 0.940941 0.456297 0.267659 0.757845 0.172147 0.624588 0.687855 0.456185 0.449246 0.968466 0.380799 0.915136 0.557215 0.999511 0.920932 0.681963 0.359116 0.411998 0.511099 0.751532 
0.766432 0.595366 0.316069 0.043296 0.230815 0.843766 0.288310 0.923657 0.757549 0.606440 0.295599 0.591847 0.728407 0.559263 0.548673 0.247056 0.923604 0.383779 0.869114 0.353082 0.695441 0.484925 0.670184 0.777692 0.977261 

2.068622 0.901968 0.887694 1.402701 1.253938 -1.638477 -0.628629 -1.154036 -1.374667 -0.782516 -0.983288 -1.712408 -1.328887 -0.852892 -1.180122 -1.160248 -1.176635 -1.146472 -1.319953 -0.958065 -1.948283 -1.737856 -0.978650 -1.760951 -1.395470 
1.958315 2.149679 1.506043 1.330048 1.018643 -1.693473 -0.972606 -0.286631 -0.634292 -0.885558 -1.648789 -1.072904 -0.869113 -1.541685 -1.357878 -0.333101 -0.498822 -1.658380 -0.564613 -0.286576 -0.459821 -0.290126 -0.874313 -0.302501 -1.346989 
1.151444 0.544586 2.843545 2.433194 1.328126 -1.618603 -1.048783 -1.503770 -0.795186 -1.436832 -0.931398 -1.065260 -0.424168 -1.302246 -1.502585 -1.515653 -0.997369 -1.580860 -2.072306 0.086299 -1.835812 -0.099859 -0.539416 -1.514635 -0.992921 
0.948687 1.879654 0.912121 2.073507 -1.773747 -0.465360 -0.454425 -1.658623 -1.555053 -0.377654 -0.337727 0.025473 -1.172911 -1.493602 -1.282103 -1.907438 -0.681648 -0.664619 -0.807217 -1.678965 -0.112652 -0.584929 -1.709419 -1.450336 -1.237816 
0.446052 1.088374 1.104482 1.102803 -1.395020 -0.153634 -1.661634 -0.887407 -0.981754 -0.396860 -1.543487 -1.619929 -1.663723 -0.580699 -1.072905 -0.612443 -1.938329 -1.879961 -1.358092 -0.742198 -1.151783 -0.654490 -1.776058 -0.009427 -1.558843 
0.918588 2.655566 -0.741889 -1.545457 -0.475915 -1.539739 -0.027778 -1.115115 -0.708875 -0.450611 -1.578470 -1.335883 -1.231517 -1.946309 -1.274929 -2.077701 -1.801906 -1.028894 -1.273436 -0.399077 -0.511911 -1.194555 -1.692675 -1.943029 -1.779170 
2.115940 -0.274963 -0.912935 -1.635043 -1.955677 -1.517358 -1.059823 -0.758674 -0.753045 -0.784476 -0.489844 -1.483428 -1.094721 -0.332197 -0.792096 -0.255017 -0.653715 -1.372733 -0.663946 -0.734410 -1.715327 -0.803512 -0.937651 -1.004281 -0.283181 
-1.775821 -1.122163 -1.251077 -1.014903 -0.065216 -0.378181 -0.943987 -1.007769 -1.222285 -1.003255 -0.622129 -1.761853 -0.434701 -0.755857 -1.053159 -0.307291 -0.343938 -0.342743 -0.475190 -1.248767 -1.549487 -0.811457 -0.824167 -0.611447 -1.073626 
-0.545211 -0.793303 -0.839762 -0.615803 -0.182625 -1.183037 -1.107481 -0.980025 -0.182248 -0.580649 -0.365677 -0.164111 -1.655107 -1.832182 -0.139210 -1.301565 -2.023925 -1.750624 -0.587840 -0.144347 -1.783171 -1.850026 -1.607265 -0.277775 -1.167158 
-0.878049 -1.553931 -1.421684 -1.269399 -0.220178 -1.711737 -0.865785 -0.124458 -1.341738 -0.240062 -0.801962 -0.859716 -0.967554 -0.490607 -1.191963 -0.203406 -0.099024 -1.203998 -0.770895 -1.339245 -1.532286 -0.121746 -0.364075 -0.502531 -0.807668 
-1.297775 -0.627685 -1.453208 -1.700511 -1.082161 -1.738872 -0.298842 -1.846801 -0.216011 -0.478044 -0.503271 -1.834818 -1.273649 -1.464523 -1.736004 -0.938731 -0.795056 -0.169975 -1.312423 -1.733976 -0.355577 -1.485196 -1.552973 -0.872498 -1.867126 
-2.025353 -0.838479 -0.489594 -0.875872 -0.073024 -1.257973 -0.334649 -0.375670 -0.387370 -0.420196 -0.821511 -0.634921 -1.473689 -1.849910 -0.724032 -1.134649 -0.353168 -1.121523 -0.914303 -0.843548 -1.748188 -0.459628 -1.029222 -0.738290 -1.231787 
-1.351448 -1.203627 -0.941889 -1.412272 -1.746336 -0.361196 -1.871468 -0.123517 -0.977053 -1.587944 -1.076363 -0.250500 -1.860956 -0.960223 0.111159 -0.104072 -0.007447 -0.668290 -1.884227 -0.895035 -0.195482 -0.661214 -1.346396 -0.995002 -0.516118 
-1.830662 -1.261876 -1.883357 -1.480713 -0.238712 -0.420709 -0.916028 -1.652051 -1.506016 -0.492855 -2.022297 -1.582823 -0.695144 -0.469241 -1.329169 -1.868945 -1.222235 -1.381183 -0.381962 -0.702641 -1.499827 -1.011979 -1.578509 -1.556976 -0.399861 
-0.655807 -1.942448 -0.582595 -0.436994 -1.000256 -1.906872 -1.485530 -0.723834 -0.440683 0.143663 -1.617692 -1.637787 -0.833856 -0.369218 -1.157197 -1.893039 -0.163546 -1.717027 -0.344036 -0.311791 -1.744337 -1.676830 -1.678939 -0.990236 -1.800784 
-1.275072 -1.283900 -0.432227 -1.051839 -0.313827 -1.230046 -1.871129 -0.158802 -0.049897 -1.641210 -0.787226 -0.483896 -1.807627 -0.887103 -0.850457 -1.770170 -1.794524 -1.029309 -0.535391 -0.477853 -0.354152 -0.815927 -1.908611 -0.968069 -1.170242 
-0.184653 -1.680490 -0.001314 -0.424359 -1.761268 -1.837959 -1.425485 -1.004178 -0.524961 -0.057564 -1.022523 -0.750011 -0.982083 -0.973835 -0.595638 -1.171846 -0.224611 -1.674711 -0.828216 -1.514196 -0.763094 -1.043656 -0.108176 -0.810657 0.028619 
2.389785 1.680609 -1.239665 -1.626342 -1.520006 -1.031393 -1.864518 -1.946670 -0.411956 -1.841364 -0.483024 -1.586459 -0.513837 -0.142273 -0.689031 -1.521291 -0.126301 -1.861146 -1.665895 -1.192486 -1.236406 -1.289226 -1.979023 -1.113339 -1.461398 
2.185744 1.137207 1.586091 1.077880 1.175607 1.111281 3.000845 2.781209 -1.020448 -1.209249 -0.448592 -0.936019 -0.591583 -0.967955 -1.402965 -1.687366 -2.044674 -0.171618 -1.228273 -1.679555 -1.887771 -1.279040 -0.590648 -1.156437 -1.946504 
0.476294 1.991388 0.650882 1.587925 0.810726 0.519918 1.681378 1.677505 1.138740 0.913918 1.464793 0.583037 0.839930 1.389507 -0.170125 -0.258518 -1.907938 -0.096571 -0.330579 -1.157288 -0.501217 -0.695704 -0.759900 -1.709180 -0.159453 
2.295001 2.327861 1.338629 1.849110 1.579599 0.593068 1.969094 1.796033 1.976695 0.847504 1.280823 1.384738 1.535148 1.336219 2.377201 2.056023 0.947377 2.242479 0.501315 1.248421 -0.170281 -0.178474 -0.402510 -1.122584 -0.792990 
2.131534 0.894464 1.588620 0.947156 1.293362 1.754966 1.116259 1.484145 2.120424 2.043850 2.560996 1.184449 2.554653 0.346189 1.628348 1.076498 1.198387 2.627006 1.443480 1.549444 1.658381 0.956269 0.850421 2.477848 2.289605 
1.300130 1.654351 0.589268 0.995257 1.716066 1.281923 2.955122 1.676333 0.733181 1.215489 0.875356 0.747295 2.500525 2.115480 0.951914 0.874001 2.319044 0.261972 1.364299 0.889987 1.114926 1.246673 1.605029 2.242899 1.989707 
1.156093 1.157568 1.232016 1.145425 1.413085 2.784344 1.778652 1.441572 2.097999 1.162811 2.290535 2.439243 2.116927 1.702712 2.408204 1.672234 2.225597 1.035005 2.248812 2.690519 1.527916 1.459711 1.418758 1.592750 2.488770 
2.177595 1.417920 1.351197 0.198566 1.344158 2.570728 1.185728 2.516325 2.279610 1.588465 1.058451 1.611778 2.470603 1.653209 1.426567 1.012484 2.175667 1.444000 2.371285 0.549748 1.660084 1.348229 1.708814 1.996913 2.273057 

1 1 1 1 1 4 4 4 4 4 4 4 4 4 4 4 4 4 4 2 2 2 2 2 2 
1 1 1 1 1 4 4 4 4 4 4 4 4 4 4 2 2 2 2 2 2 2 2 2 2 
1 1 1 1 1 4 4 4 4 4 4 2 2 2 2 2 2 2 2 2 2 2 2 2 2 
1 1 1 1 4 4 4 2 2 2 2 2 2 2 2 2 2 2 2 2 2 2 2 2 2 
1 1 1 1 2 2 2 2 2 2 2 2 2 2 2 2 2 2 2 2 2 2 2 2 0 
1 1 2 2 2 2 2 2 2 2 2 2 2 2 2 2 2 2 2 2 2 0 0 0 0 
1 2 2 2 2 2 2 2 2 2 2 2 2 2 2 2 2 0 0 0 0 0 0 0 0 
2 2 2 2 2 2 2 2 2 2 2 2 2 2 0 0 0 0 0 0 0 0 0 0 0 
2 2 2 2 2 2 2 2 2 2 0 0 0 0 0 0 0 0 0 0 0 0 0 0 0 
2 2 2 2 2 2 2 0 0 0 0 0 0 0 0 0 0 0 0 0 0 0 0 0 0 
2 2 2 0 0 0 0 0 0 0 0 0 0 0 0 0 0 0 0 0 0 0 0 0 0 
0 0 0 0 0 0 0 0 0 0 0 0 0 0 0 0 0 0 0 0 0 0 0 0 0 
0 0 0 0 0 0 0 0 0 0 0 0 0 0 0 0 0 0 0 0 0 0 0 0 0 
0 0 0 0 0 0 0 0 0 0 0 0 0 0 0 0 0 0 0 0 0 0 0 0 0 
0 0 0 0 0 0 0 0 0 0 0 0 0 0 0 0 0 0 0 0 0 0 0 0 0 
0 0 0 0 0 0 0 0 0 0 0 0 0 0 0 0 0 0 0 0 0 0 0 0 0 
0 0 0 0 0 0 0 0 0 0 0 0 0 0 0 0 0 0 0 0 0 0 0 0 0 
3 3 0 0 0 0 0 0 0 0 0 0 0 0 0 0 0 0 0 0 0 0 0 0 0 
3 3 3 3 3 3 3 3 0 0 0 0 0 0 0 0 0 0 0 0 0 0 0 0 0 
3 3 3 3 3 3 3 3 3 3 3 3 3 3 0 0 0 0 0 0 0 0 0 0 0 
3 3 3 3 3 3 3 3 3 3 3 3 3 3 3 3 3 3 3 3 0 0 0 0 0 
3 3 3 3 3 3 3 3 3 3 3 3 3 3 3 3 3 3 3 3 3 3 3 3 3 
3 3 3 3 3 3 3 3 3 3 3 3 3 3 3 3 3 3 3 3 3 3 3 3 3 
3 3 3 3 3 3 3 3 3 3 3 3 3 3 3 3 3 3 3 3 3 3 3 3 3 
3 3 3 3 3 3 3 3 3 3 3 3 3 3 3 3 3 3 3 3 3 3 3 3 3 

2.0 2.0 2.0 2.0 2.0 -1.0 -1.0 -1.0 -1.0 -1.0 -1.0 -1.0 -1.0 -1.0 -1.0 -1.0 -1.0 -1.0 -1.0 -2.0 -2.0 -2.0 -2.0 -2.0 -2.0 
2.0 2.0 2.0 2.0 2.0 -1.0 -1.0 -1.0 -1.0 -1.0 -1.0 -1.0 -1.0 -1.0 -1.0 -2.0 -2.0 -2.0 -2.0 -2.0 -2.0 -2.0 -2.0 -2.0 -2.0 
2.0 2.0 2.0 2.0 2.0 -1.0 -1.0 -1.0 -1.0 -1.0 -1.0 -2.0 -2.0 -2.0 -2.0 -2.0 -2.0 -2.0 -2.0 -2.0 -2.0 -2.0 -2.0 -2.0 -2.0 
2.0 2.0 2.0 2.0 -1.0 -1.0 -1.0 -2.0 -2.0 -2.0 -2.0 -2.0 -2.0 -2.0 -2.0 -2.0 -2.0 -2.0 -2.0 -2.0 -2.0 -2.0 -2.0 -2.0 -2.0 
2.0 2.0 2.0 2.0 -2.0 -2.0 -2.0 -2.0 -2.0 -2.0 -2.0 -2.0 -2.0 -2.0 -2.0 -2.0 -2.0 -2.0 -2.0 -2.0 -2.0 -2.0 -2.0 -2.0 0.0 
2.0 2.0 -2.0 -2.0 -2.0 -2.0 -2.0 -2.0 -2.0 -2.0 -2.0 -2.0 -2.0 -2.0 -2.0 -2.0 -2.0 -2.0 -2.0 -2.0 -2.0 0.0 0.0 0.0 0.0 
2.0 -2.0 -2.0 -2.0 -2.0 -2.0 -2.0 -2.0 -2.0 -2.0 -2.0 -2.0 -2.0 -2.0 -2.0 -2.0 -2.0 0.0 0.0 0.0 0.0 0.0 0.0 0.0 0.0 
-2.0 -2.0 -2.0 -2.0 -2.0 -2.0 -2.0 -2.0 -2.0 -2.0 -2.0 -2.0 -2.0 -2.0 0.0 0.0 0.0 0.0 0.0 0.0 0.0 0.0 0.0 0.0 0.0 
-2.0 -2.0 -2.0 -2.0 -2.0 -2.0 -2.0 -2.0 -2.0 -2.0 0.0 0.0 0.0 0.0 0.0 0.0 0.0 0.0 0.0 0.0 0.0 0.0 0.0 0.0 0.0 
-2.0 -2.0 -2.0 -2.0 -2.0 -2.0 -2.0 0.0 0.0 0.0 0.0 0.0 0.0 0.0 0.0 0.0 0.0 0.0 0.0 0.0 0.0 0.0 0.0 0.0 0.0 
-2.0 -2.0 -2.0 0.0 0.0 0.0 0.0 0.0 0.0 0.0 0.0 0.0 0.0 0.0 0.0 0.0 0.0 0.0 0.0 0.0 0.0 0.0 0.0 0.0 0.0 
0.0 0.0 0.0 0.0 0.0 0.0 0.0 0.0 0.0 0.0 0.0 0.0 0.0 0.0 0.0 0.0 0.0 0.0 0.0 0.0 0.0 0.0 0.0 0.0 0.0 
0.0 0.0 0.0 0.0 0.0 0.0 0.0 0.0 0.0 0.0 0.0 0.0 0.0 0.0 0.0 0.0 0.0 0.0 0.0 0.0 0.0 0.0 0.0 0.0 0.0 
0.0 0.0 0.0 0.0 0.0 0.0 0.0 0.0 0.0 0.0 0.0 0.0 0.0 0.0 0.0 0.0 0.0 0.0 0.0 0.0 0.0 0.0 0.0 0.0 0.0 
0.0 0.0 0.0 0.0 0.0 0.0 0.0 0.0 0.0 0.0 0.0 0.0 0.0 0.0 0.0 0.0 0.0 0.0 0.0 0.0 0.0 0.0 0.0 0.0 0.0 
0.0 0.0 0.0 0.0 0.0 0.0 0.0 0.0 0.0 0.0 0.0 0.0 0.0 0.0 0.0 0.0 0.0 0.0 0.0 0.0 0.0 0.0 0.0 0.0 0.0 
0.0 0.0 0.0 0.0 0.0 0.0 0.0 0.0 0.0 0.0 0.0 0.0 0.0 0.0 0.0 0.0 0.0 0.0 0.0 0.0 0.0 0.0 0.0 0.0 0.0 
1.0 1.0 0.0 0.0 0.0 0.0 0.0 0.0 0.0 0.0 0.0 0.0 0.0 0.0 0.0 0.0 0.0 0.0 0.0 0.0 0.0 0.0 0.0 0.0 0.0 
1.0 1.0 1.0 1.0 1.0 1.0 1.0 1.0 0.0 0.0 0.0 0.0 0.0 0.0 0.0 0.0 0.0 0.0 0.0 0.0 0.0 0.0 0.0 0.0 0.0 
1.0 1.0 1.0 1.0 1.0 1.0 1.0 1.0 1.0 1.0 1.0 1.0 1.0 1.0 0.0 0.0 0.0 0.0 0.0 0.0 0.0 0.0 0.0 0.0 0.0 
1.0 1.0 1.0 1.0 1.0 1.0 1.0 1.0 1.0 1.0 1.0 1.0 1.0 1.0 1.0 1.0 1.0 1.0 1.0 1.0 0.0 0.0 0.0 0.0 0.0 
1.0 1.0 1.0 1.0 1.0 1.0 1.0 1.0 1.0 1.0 1.0 1.0 1.0 1.0 1.0 1.0 1.0 1.0 1.0 1.0 1.0 1.0 1.0 1.0 1.0 
1.0 1.0 1.0 1.0 1.0 1.0 1.0 1.0 1.0 1.0 1.0 1.0 1.0 1.0 1.0 1.0 1.0 1.0 1.0 1.0 1.0 1.0 1.0 1.0 1.0 
1.0 1.0 1.0 1.0 1.0 1.0 1.0 1.0 1.0 1.0 1.0 1.0 1.0 1.0 1.0 1.0 1.0 1.0 1.0 1.0 1.0 1.0 1.0 1.0 1.0 
1.0 1.0 1.0 1.0 1.0 1.0 1.0 1.0 1.0 1.0 1.0 1.0 1.0 1.0 1.0 1.0 1.0 1.0 1.0 1.0 1.0 1.0 1.0 1.0 1.0 

1.0 1.0 1.0 1.0 1.0 -1.0 -1.0 -1.0 -1.0 -1.0 -1.0 -1.0 -1.0 -1.0 -1.0 -1.0 -1.0 -1.0 -1.0 0.0 0.0 0.0 0.0 0.0 0.0 
1.0 1.0 1.0 1.0 1.0 -1.0 -1.0 -1.0 -1.0 -1.0 -1.0 -1.0 -1.0 -1.0 -1.0 0.0 0.0 0.0 0.0 0.0 0.0 0.0 0.0 0.0 0.0 
1.0 1.0 1.0 1.0 1.0 -1.0 -1.0 -1.0 -1.0 -1.0 -1.0 0.0 0.0 0.0 0.0 0.0 0.0 0.0 0.0 0.0 0.0 0.0 0.0 0.0 0.0 
1.0 1.0 1.0 1.0 -1.0 -1.0 -1.0 0.0 0.0 0.0 0.0 0.0 0.0 0.0 0.0 0.0 0.0 0.0 0.0 0.0 0.0 0.0 0.0 0.0 0.0 
1.0 1.0 1.0 1.0 0.0 0.0 0.0 0.0 0.0 0.0 0.0 0.0 0.0 0.0 0.0 0.0 0.0 0.0 0.0 0.0 0.0 0.0 0.0 0.0 -2.0 
1.0 1.0 0.0 0.0 0.0 0.0 0.0 0.0 0.0 0.0 0.0 0.0 0.0 0.0 0.0 0.0 0.0 0.0 0.0 0.0 0.0 -2.0 -2.0 -2.0 -2.0 
1.0 0.0 0.0 0.0 0.0 0.0 0.0 0.0 0.0 0.0 0.0 0.0 0.0 0.0 0.0 0.0 0.0 -2.0 -2.0 -2.0 -2.0 -2.0 -2.0 -2.0 -2.0 
0.0 0.0 0.0 0.0 0.0 0.0 0.0 0.0 0.0 0.0 0.0 0.0 0.0 0.0 -2.0 -2.0 -2.0 -2.0 -2.0 -2.0 -2.0 -2.0 -2.0 -2.0 -2.0 
0.0 0.0 0.0 0.0 0.0 0.0 0.0 0.0 0.0 0.0 -2.0 -2.0 -2.0 -2.0 -2.0 -2.0 -2.0 -2.0 -2.0 -2.0 -2.0 -2.0 -2.0 -2.0 -2.0 
0.0 0.0 0.0 0.0 0.0 0.0 0.0 -2.0 -2.0 -2.0 -2.0 -2.0 -2.0 -2.0 -2.0 -2.0 -2.0 -2.0 -2.0 -2.0 -2.0 -2.0 -2.0 -2.0 -2.0 
0.0 0.0 0.0 -2.0 -2.0 -2.0 -2.0 -2.0 -2.0 -2.0 -2.0 -2.0 -2.0 -2.0 -2.0 -2.0 -2.0 -2.0 -2.0 -2.0 -2.0 -2.0 -2.0 -2.0 -2.0 
-2.0 -2.0 -2.0 -2.0 -2.0 -2.0 -2.0 -2.0 -2.0 -2.0 -2.0 -2.0 -2.0 -2.0 -2.0 -2.0 -2.0 -2.0 -2.0 -2.0 -2.0 -2.0 -2.0 -2.0 -2.0 
-2.0 -2.0 -2.0 -2.0 -2.0 -2.0 -2.0 -2.0 -2.0 -2.0 -2.0 -2.0 -2.0 -2.0 -2.0 -2.0 -2.0 -2.0 -2.0 -2.0 -2.0 -2.0 -2.0 -2.0 -2.0 
-2.0 -2.0 -2.0 -2.0 -2.0 -2.0 -2.0 -2.0 -2.0 -2.0 -2.0 -2.0 -2.0 -2.0 -2.0 -2.0 -2.0 -2.0 -2.0 -2.0 -2.0 -2.0 -2.0 -2.0 -2.0 
-2.0 -2.0 -2.0 -2.0 -2.0 -2.0 -2.0 -2.0 -2.0 -2.0 -2.0 -2.0 -2.0 -2.0 -2.0 -2.0 -2.0 -2.0 -2.0 -2.0 -2.0 -2.0 -2.0 -2.0 -2.0 
-2.0 -2.0 -2.0 -2.0 -2.0 -2.0 -2.0 -2.0 -2.0 -2.0 -2.0 -2.0 -2.0 -2.0 -2.0 -2.0 -2.0 -2.0 -2.0 -2.0 -2.0 -2.0 -2.0 -2.0 -2.0 
-2.0 -2.0 -2.0 -2.0 -2.0 -2.0 -2.0 -2.0 -2.0 -2.0 -2.0 -2.0 -2.0 -2.0 -2.0 -2.0 -2.0 -2.0 -2.0 -2.0 -2.0 -2.0 -2.0 -2.0 -2.0 
2.0 2.0 -2.0 -2.0 -2.0 -2.0 -2.0 -2.0 -2.0 -2.0 -2.0 -2.0 -2.0 -2.0 -2.0 -2.0 -2.0 -2.0 -2.0 -2.0 -2.0 -2.0 -2.0 -2.0 -2.0 
2.0 2.0 2.0 2.0 2.0 2.0 2.0 2.0 -2.0 -2.0 -2.0 -2.0 -2.0 -2.0 -2.0 -2.0 -2.0 -2.0 -2.0 -2.0 -2.0 -2.0 -2.0 -2.0 -2.0 
2.0 2.0 2.0 2.0 2.0 2.0 2.0 2.0 2.0 2.0 2.0 2.0 2.0 2.0 -2.0 -2.0 -2.0 -2.0 -2.0 -2.0 -2.0 -2.0 -2.0 -2.0 -2.0 
2.0 2.0 2.0 2.0 2.0 2.0 2.0 2.0 2.0 2.0 2.0 2.0 2.0 2.0 2.0 2.0 2.0 2.0 2.0 2.0 -2.0 -2.0 -2.0 -2.0 -2.0 
2.0 2.0 2.0 2.0 2.0 2.0 2.0 2.0 2.0 2.0 2.0 2.0 2.0 2.0 2.0 2.0 2.0 2.0 2.0 2.0 2.0 2.0 2.0 2.0 2.0 
2.0 2.0 2.0 2.0 2.0 2.0 2.0 2.0 2.0 2.0 2.0 2.0 2.0 2.0 2.0 2.0 2.0 2.0 2.0 2.0 2.0 2.0 2.0 2.0 2.0 
2.0 2.0 2.0 2.0 2.0 2.0 2.0 2.0 2.0 2.0 2.0 2.0 2.0 2.0 2.0 2.0 2.0 2.0 2.0 2.0 2.0 2.0 2.0 2.0 2.0 
2.0 2.0 2.0 2.0 2.0 2.0 2.0 2.0 2.0 2.0 2.0 2.0 2.0 2.0 2.0 2.0 2.0 2.0 2.0 2.0 2.0 2.0 2.0 2.0 2.0 

