0.908848 0.642809 0.558761 0.867571 0.369097 0.939054 0.687145 0.453324 0.003103 0.919810 0.045680 0.544262 0.428780 0.604699 0.963354 0.421598 0.168282 0.090267 0.386212 0.450278 0.710367 0.654465 0.533079 0.824273 0.440175 
0.882330 0.214063 0.463214 0.904139 0.482797 0.644570 0.673652 0.756353 0.740230 0.537111 0.273556 0.686971 0.500017 0.890317 0.406106 0.074963 0.745375 0.118151 0.707968 0.850201 0.720624 0.527632 0.068148 0.743841 0.568762 
0.902706 0.763504 0.124467 0.473437 0.304798 0.399964 0.334440 0.401236 0.198508 0.645289 0.911681 0.848648 0.465327 0.129259 0.383044 0.088845 0.278759 0.502161 0.057363 0.591137 0.305165 0.048821 0.936581 0.154795 0.873458 
0.110752 0.218188 0.524189 0.437741 0.956463 0.239530 0.585187 0.045407 0.913449 0.738036 0.346371 0.553376 0.402299 0.150170 0.720453 0.253854 0.035057 0.475087 0.492840 0.465389 0.279262 0.039213 0.096360 0.641863 0.898461 
0.297941 0.389798 0.318102 0.968579 0.987009 0.843290 0.601712 0.683696 0.607107 0.225367 0.906388 0.375240 0.956284 0.225772 0.213817 0.964491 0.239317 0.844490 0.604198 0.838416 0.249505 0.234329 0.908342 0.055671 0.770266 
0.635653 0.594609 0.252012 0.566654 0.854872 0.931626 0.165557 0.951059 0.607179 0.084757 0.822902 0.324446 0.914619 0.687183 0.770884 0.162991 0.338322 0.367152 0.241393 0.537089 0.606672 0.604407 0.997704 0.178040 0.347498 
0.707008 0.919036 0.031263 0.619119 0.765293 0.412545 0.852344 0.981576 0.657117 0.858319 0.921246 0.524430 0.076196 0.497947 0.715066 0.957885 0.212599 0.798321 0.674484 0.495146 0.346360 0.697930 0.954606 0.548339 0.900763 
0.882055 0.738538 0.960894 0.332063 0.748180 0.938965 0.213257 0.927779 0.842000 0.118479 0.535081 0.254092 0.029871 0.282810 0.967781 0.990979 0.604967 0.642640 0.902988 0.791787 0.564698 0.413917 0.359963 0.796062 0.327936 
0.354452 0.665695 0.269257 0.053163 0.145035 0.553013 0.209021 0.395880 0.070828 0.106397 0.100333 0.975320 0.197085 0.082161 0.799393 0.407718 0.700479 0.019121 0.215409 0.182423 0.473647 0.439213 0.949795 0.217651 0.766880 
0.021822 0.274487 0.621325 0.857023 0.836513 0.391375 0.761597 0.408533 0.510108 0.828946 0.744585 0.886119 0.936947 0.938828 0.086253 0.419362 0.480149 0.006215 0.737580 0.887263 0.551886 0.818988 0.475476 0.349644 0.721030 
0.393899 0.477009 0.418571 0.563688 0.928281 0.142552 0.206375 0.429622 0.944644 0.754914 0.367428 0.527343 0.337864 0.654872 0.777873 0.009481 0.010376 0.508256 0.982194 0.642034 0.966169 0.959761 0.435025 0.542396 0.369014 
0.878796 0.336729 0.504881 0.372186 0.724390 0.408007 0.936997 0.592670 0.186323 0.645363 0.184999 0.386399 0.837402 0.953747 0.133640 0.586143 0.468788 0.741788 0.267882 0.895516 0.836132 0.233874 0.898512 0.936140 0.628347 
0.795402 0.859500 0.762153 0.716758 0.290074 0.032240 0.163096 0.157708 0.041893 0.412119 0.766681 0.609997 0.982188 0.262649 0.704719 0.357125 0.021201 0.296964 0.262827 0.248092 0.790225 0.164399 0.373451 0.953840 0.033229 
0.269662 0.878489 0.451226 0.646823 0.408460 0.063748 0.852147 0.882385 0.369141 0.944833 0.413241 0.321896 0.119345 0.927139 0.982937 0.197541 0.774341 0.946050 0.060241 0.201990 0.124947 0.760932 0.102014 0.376570 0.518426 
0.959395 0.132039 0.163577 0.451317 0.190035 0.649023 0.305216 0.695187 0.927449 0.755849 0.513271 0.352263 0.518963 0.126529 0.620770 0.465481 0.506159 0.591447 0.476459 0.727597 0.435678 0.267111 0.495481 0.618612 0.395342 
0.994337 0.949521 0.440668 0.432163 0.555701 0.622075 0.154223 0.582827 0.957359 0.555332 0.068833 0.586653 0.453827 0.462408 0.644882 0.426855 0.006793 0.219741 0.570074 0.604379 0.062191 0.881703 0.847977 0.920975 0.643684 
0.785805 0.529619 0.471694 0.856133 0.919454 0.321378 0.424902 0.598331 0.133429 0.699561 0.431449 0.878034 0.741709 0.189987 0.874082 0.226555 0.105874 0.722106 0.499691 0.805345 0.654089 0.004045 0.611895 0.462716 0.678411 
0.795124 0.347752 0.786771 0.991626 0.191264 0.449850 0.706934 0.912652 0.465588 0.712343 0.695941 0.272741 0.719111 0.675719 0.026436 0.145757 0.935043 0.167744 0.442658 0.006698 0.674690 0.848356 0.642337 0.026447 0.473047 
0.071840 0.835808 0.220520 0.136106 0.602836 0.024320 0.042023 0.981200 0.314207 0.387127 0.863493 0.254545 0.040828 0.673055 0.974427 0.742347 0.664643 0.147801 0.042858 0.056594 0.184720 0.797083 0.491253 0.451737 0.586656 
0.405320 0.646501 0.533754 0.202949 0.188008 0.634364 0.134489 0.816366 0.623188 0.403457 0.723431 0.044562 0.516487 0.127412 0.306447 0.549347 0.538850 0.087097 0.542258 0.329004 0.394617 0.197081 0.621025 0.900362 0.992325 
0.744940 0.567569 0.178930 0.179846 0.822629 0.484949 0.653081 0.073227 0.973090 0.894893 0.608153 0.178840 0.232550 0.517473 0.388293 0.877843 0.259958 0.760816 0.657817 0.837259 0.134038 0.587312 0.636248 0.884106 0.417821 
0.139312 0.478237 0.977498 0.354255 0.090893 0.223337 0.855887 0.661638 0.881325 0.217870 0.588897 0.167237 0.869410 0.661086 0.537947 0.943929 0.172980 0.305552 0.131122 0.818790 0.993418 0.569549 0.993624 0.816411 0.421515 
0.384810 0.407477 0.105973 0.863913 0.535532 0.276215 0.694676 0.983957 0.919404 0.179094 0.252448 0.122083 0.424246 0.184121 0.437857 0.861477 0.294062 0.947659 0.391616 0.669834 0.454883 0.608481 0.935384 0.269758 0.571328 
0.886726 0.089208 0.118160 0.750337 0.989462 0.174709 0.518480 0.197373 0.419553 0.974015 0.369744 0.336364 0.608167 0.437197 0.058921 0.359810 0.326487 0.665153 0.819482 0.139649 0.458516 0.186033 0.225425 0.343643 0.787726 
0.256377 0.195490 0.282782 0.444514 0.805772 0.541911 0.997815 0.667904 0.823938 0.371354 0.283833 0.429350 0.018808 0.454873 0.295137 0.080243 0.244247 0.020870 0.713767 0.466235 0.176731 0.224662 0.773317 0.579208 0.005062 

0.733410 0.833818 0.573309 0.716717 0.482902 0.540840 0.028540 0.423696 0.424230 0.183880 0.586685 0.108559 0.360536 0.542897 0.106385 0.419863 0.790548 0.680058 0.230033 0.378131 0.061360 0.025795 0.770746 0.853006 0.657779 
0.855808 0.193634 0.824636 0.622869 0.768445 0.184052 0.076659 0.477718 0.655660 0.366285 0.924535 0.514464 0.282993 0.791027 0.196165 0.836830 0.739285 0.966604 0.788824 0.625984 0.104020 0.741727 0.127154 0.797462 0.990709 
0.599314 0.943868 0.577704 0.915491 0.235414 0.933216 0.249128 0.091829 0.804597 0.962135 0.023814 0.009872 0.113266 0.161434 0.377965 0.448211 0.964081 0.397556 0.372082 0.749664 0.739108 0.375767 0.343558 0.927020 0.134375 
0.932573 0.588922 0.582102 0.264709 0.262223 0.764070 0.424330 0.499941 0.705983 0.046671 0.953473 0.120513 0.774939 0.610659 0.593492 0.734177 0.038793 0.334618 0.098317 0.079694 0.644042 0.099491 0.812850 0.595161 0.295007 
0.017552 0.578361 0.783376 0.139055 0.426312 0.936981 0.100508 0.606997 0.394954 0.658750 0.410582 0.915221 0.526102 0.908296 0.390169 0.411895 0.184593 0.980788 0.242400 0.114922 0.261184 0.218132 0.423151 0.011422 0.972487 
0.012697 0.458930 0.623680 0.547003 0.114488 0.699924 0.918266 0.872864 0.723601 0.842357 0.611956 0.405119 0.143962 0.279442 0.215102 0.007197 0.256268 0.510467 0.915498 0.086625 0.550535 0.036461 0.676629 0.083860 0.316278 
0.800141 0.897034 0.249650 0.839530 0.491082 0.150197 0.502726 0.992723 0.768164 0.244823 0.589138 0.884801 0.570412 0.374047 0.055497 0.560009 0.861221 0.702038 0.976770 0.389138 0.169274 0.678737 0.498042 0.323869 0.917147 
0.181131 0.894506 0.788665 0.925641 0.115587 0.257463 0.017738 0.573264 0.813451 0.615918 0.849804 0.388607 0.484734 0.338706 0.206723 0.573761 0.381587 0.964072 0.241665 0.239986 0.437844 0.991629 0.943598 0.679719 0.508207 
0.033949 0.860765 0.848255 0.927973 0.154397 0.983259 0.421789 0.632226 0.522131 0.475554 0.563795 0.798819 0.485242 0.134092 0.884242 0.290582 0.567385 0.810797 0.252175 0.632674 0.914051 0.088659 0.642393 0.633070 0.556715 
0.455967 0.092115 0.947686 0.870096 0.505210 0.419854 0.394846 0.020027 0.964733 0.280274 0.273825 0.512506 0.884679 0.177873 0.998725 0.967724 0.969075 0.567595 0.971819 0.755469 0.420382 0.133851 0.373329 0.681312 0.951020 
0.583814 0.870209 0.012898 0.272289 0.827448 0.309649 0.282456 0.967591 0.847513 0.002984 0.917152 0.229467 0.809972 0.631315 0.460545 0.955638 0.672428 0.591311 0.934951 0.683074 0.669957 0.186406 0.215188 0.991364 0.107367 
0.343054 0.142947 0.546139 0.441749 0.880563 0.638456 0.283137 0.196050 0.511031 0.070578 0.797194 0.894982 0.764913 0.158145 0.784692 0.932333 0.170823 0.340319 0.271682 0.306048 0.094936 0.158571 0.396036 0.076478 0.370590 
0.611077 0.712695 0.260691 0.247309 0.110560 0.743253 0.666941 0.847745 0.696984 0.520113 0.805282 0.125020 0.805147 0.292248 0.293583 0.937739 0.572053 0.876904 0.646407 0.597950 0.655966 0.319965 0.784626 0.171759 0.609041 
0.375559 0.867262 0.060964 0.032411 0.042954 0.220454 0.358111 0.389508 0.321271 0.729636 0.430341 0.248832 0.653362 0.854482 0.840684 0.038433 0.688057 0.004335 0.727070 0.581672 0.578779 0.947045 0.000583 0.301233 0.940438 
0.909383 0.185251 0.362093 0.376218 0.185800 0.168074 0.822260 0.801701 0.576064 0.271859 0.525592 0.456725 0.937577 0.823230 0.774351 0.769776 0.291743 0.566848 0.363096 0.381889 0.014641 0.481330 0.993601 0.430972 0.812286 
0.283034 0.392603 0.114020 0.814962 0.211919 0.047467 0.027075 0.296884 0.770694 0.552041 0.667867 0.886881 0.356471 0.379756 0.437720 0.339930 0.740982 0.305009 0.575323 0.015133 0.240172 0.090428 0.368688 0.570654 0.753769 
0.374473 0.206204 0.334929 0.469330 0.776018 0.872847 0.838642 0.567877 0.692421 0.467552 0.374224 0.391462 0.517191 0.493443 0.144686 0.955613 0.018913 0.017475 0.133373 0.327547 0.581529 0.434624 0.567495 0.764468 0.679445 
0.210722 0.997943 0.009089 0.141491 0.986143 0.098821 0.235378 0.953247 0.994514 0.428967 0.493620 0.045653 0.131327 0.247862 0.223450 0.853444 0.116468 0.646359 0.359744 0.849130 0.401405 0.408718 0.276975 0.137823 0.617861 
0.156355 0.049838 0.675346 0.667654 0.808464 0.304772 0.445790 0.224361 0.523855 0.331472 0.034952 0.316860 0.000577 0.162264 0.228007 0.608628 0.569144 0.071488 0.655757 0.899498 0.023286 0.711619 0.437816 0.703842 0.243591 
0.445516 0.383656 0.672236 0.837434 0.969196 0.576651 0.569848 0.097505 0.251031 0.664008 0.646751 0.808656 0.754135 0.851388 0.552957 0.917526 0.219157 0.797711 0.928995 0.570191 0.469378 0.700550 0.578542 0.047946 0.706225 
0.035770 0.282400 0.769385 0.093331 0.916443 0.965113 0.140478 0.457927 0.979182 0.569312 0.278948 0.774253 0.273741 0.435131 0.678857 0.896028 0.642064 0.995556 0.459318 0.452894 0.473869 0.582257 0.239059 0.566256 0.333685 
0.999633 0.534890 0.319997 0.518569 0.313755 0.271463 0.105933 0.338023 0.867987 0.182281 0.080945 0.546077 0.872641 0.723669 0.644020 0.655182 0.039636 0.276247 0.168018 0.146244 0.480675 0.480428 0.179628 0.219768 0.966388 
0.122546 0.397889 0.930805 0.872085 0.072060 0.035721 0.437925 0.780130 0.785657 0.205410 0.018243 0.206838 0.963703 0.699194 0.103058 0.885015 0.468389 0.672009 0.342971 0.742594 0.670973 0.146555 0.315242 0.074688 0.559637 
0.157014 0.029276 0.392649 0.857043 0.172797 0.546744 0.473775 0.562083 0.010806 0.775684 0.948192 0.947164 0.689551 0.847440 0.033106 0.620028 0.012931 0.384134 0.412855 0.575675 0.561406 0.862144 0.813260 0.575367 0.618056 
0.065954 0.385706 0.175870 0.910039 0.251080 0.397400 0.309447 0.432926 0.911369 0.001515 0.853543 0.899326 0.948020 0.041830 0.473234 0.959780 0.707937 0.771055 0.404483 0.849125 0.161532 0.906638 0.939446 0.120437 0.836887 

-2.804758 -2.208835 -1.824559 -2.457543 -1.151837 -2.394281 -1.390475 -1.388488 -0.325015 -1.933194 -0.680601 -1.012716 -1.317069 -1.797978 -2.170122 -1.344856 -1.140309 -0.781835 -1.150173 -1.284545 -1.569794 -1.492989 -1.895236 -2.453391 -1.494939 
-2.547818 -0.890039 -1.799206 -2.499917 -1.804993 -1.383379 -1.341435 -1.955965 -2.175935 -1.535397 -1.403684 -1.877460 -1.268946 -2.344655 -1.115862 -1.029135 -2.204288 -1.078075 -2.167857 -2.242290 -1.559817 -1.870712 -0.192520 -2.217729 -2.128940 
-2.323824 -2.433053 -0.896275 -1.746899 -0.746945 -1.784648 -0.660725 -0.895294 -1.188958 -2.146146 -1.812523 -1.674733 -1.001446 -0.375305 -1.069161 -0.651866 -1.568594 -1.252494 -0.326565 -1.874749 -1.324645 -0.579923 -2.303403 -1.074545 -1.801938 
1.015865 -0.819473 -1.691119 -1.168558 -2.231726 -1.309300 -1.554166 -0.478870 -2.822166 -1.590419 -1.588785 -1.394429 -1.626056 -0.835169 -1.841768 -1.222601 -0.084573 -1.306188 -1.253759 -1.091287 -1.290350 0.009830 -0.913393 -1.776893 -2.284329 
0.365881 -1.449022 -1.590522 -2.270616 -2.276844 -2.294785 -1.421687 -2.020541 -1.590601 -0.945603 -2.123828 -1.618256 -2.502209 -1.293331 -0.794321 -2.372851 -0.681005 -2.599230 -1.498078 -1.666538 -0.784644 -0.786651 -2.239883 -0.242104 -2.699016 
0.525052 1.209114 -1.197368 -1.635104 -1.822134 -2.415374 -1.252733 -2.714629 -1.895901 -1.102257 -2.140071 -1.015753 -1.929729 -1.754930 -1.570282 -0.187139 -0.955078 -0.987491 -1.537599 -1.128237 -1.707625 -1.290926 -2.692791 -0.390586 -0.966423 
1.349774 1.753303 -0.328240 -1.939685 -1.975216 -0.914550 -2.306739 -2.959553 -2.214767 -1.943390 -2.379697 -1.958711 -0.751385 -1.292777 -1.420012 -2.424911 -1.342611 -2.296330 -2.317996 -1.289758 -0.748693 -2.113181 -2.474967 -1.301669 -2.768657 
1.188606 1.568593 1.865154 -1.593715 -1.744528 -2.069607 -0.381748 -2.310313 -2.516107 -0.804915 -1.799263 -0.871919 -0.583417 -0.815621 -2.175174 -2.485695 -1.559420 -2.179665 -2.127306 -1.896788 -1.625703 -1.634025 -1.663914 -2.183628 -0.959879 
0.204077 1.630012 1.107634 -0.957695 -0.342552 -2.034042 -0.832292 -1.469495 -0.507727 -0.680764 -0.595973 -2.779818 -0.856194 -0.351702 -2.615117 -1.064373 -2.039491 -0.858219 -0.477100 -0.954817 -2.039996 -0.988880 -2.648288 -1.012103 -2.118430 
0.598856 0.282985 1.673188 1.628602 -2.197658 -1.312137 -1.884092 -0.762339 -2.075865 -2.125894 -1.697350 -2.041326 -2.594505 -1.878779 -1.003608 -1.869681 -1.933450 -0.442647 -2.582102 -2.495909 -1.572888 -1.767745 -1.426511 -1.426794 -2.436972 
0.966405 1.454952 0.401573 0.844587 -2.815088 -0.598546 -0.763854 -1.743398 -2.611146 -1.617312 -1.647066 -1.494887 -1.436417 -1.846007 -2.141190 -1.043907 -0.696818 -1.490396 -2.887393 -1.995528 -2.560054 -2.217733 -0.946323 -2.078770 -0.639402 
1.115936 0.521952 0.957414 0.774650 1.673665 -1.407641 -2.069369 -1.423050 -0.948910 -1.250076 -1.352472 -1.600347 -2.326860 -2.015849 -1.142325 -2.109368 -1.138944 -1.789876 -0.690596 -2.193259 -1.876505 -0.650506 -2.092842 -1.819860 -1.660260 
1.574913 1.484270 1.054150 1.001368 0.395084 -0.821757 -0.906832 -1.119095 -0.794656 -1.489384 -2.375906 -1.240907 -2.631842 -0.897965 -1.716072 -1.842260 -0.713532 -1.661381 -1.352409 -1.046750 -2.476742 -0.770637 -1.374975 -2.056781 -0.655050 
0.340319 1.809741 0.604844 0.755675 0.596798 0.290786 -2.163756 -2.422115 -0.918080 -2.548144 -1.121588 -1.022667 -0.819567 -2.584667 -2.828573 -0.389480 -2.164814 -1.957550 -0.752684 -1.023595 -0.642377 -2.437363 -0.313317 -1.094099 -0.147848 
1.741045 0.284133 0.606541 0.766455 0.474379 0.656679 -1.158800 -0.220308 -2.485626 -1.769102 -1.498627 -1.336715 -2.311328 -1.076853 -2.117216 -1.707179 -1.283726 -1.803595 -1.246951 -1.773609 -0.904315 -1.009484 -2.019801 -0.004934 -0.040767 
1.298850 1.293815 0.548202 1.270152 0.726843 0.513367 0.315534 0.595659 0.387206 -0.062055 -1.103424 -0.763061 0.382681 0.176106 0.515766 -1.327673 -0.678084 -0.644654 -1.559341 -1.132195 -0.413465 0.020273 0.131958 0.128932 -0.133903 
1.058300 0.546837 1.149510 1.401977 1.850876 1.293723 -0.720646 -0.077362 -1.102412 0.545859 0.118165 0.862091 0.579959 -0.563391 1.308450 -1.483103 0.164472 1.402265 0.717362 0.069880 -0.031058 0.080518 -0.070805 -0.073508 0.062405 
0.980764 1.449085 0.646264 1.189026 1.103671 0.538757 0.902414 0.011627 -1.017821 0.594567 0.417119 0.502839 1.320374 0.594848 -0.356334 -1.550187 1.796789 -0.882795 0.107800 0.124041 0.055375 -0.114313 -0.100132 -0.015476 -0.115098 
0.253360 0.783690 0.883698 0.684626 1.348212 0.315838 -0.918527 1.437816 -0.287595 0.248831 1.715782 -0.170975 0.076349 0.927908 1.491823 0.200532 0.168364 0.034158 0.007720 -0.073131 -0.026604 0.072404 -0.054101 -0.133958 -0.134083 
0.911906 1.051230 1.262151 1.090064 1.051838 1.144511 -0.886967 1.557590 0.611169 -0.400898 0.258717 -1.579431 -0.621772 -1.306165 -0.484454 1.268489 -0.132559 1.498737 0.135243 -0.071143 -0.112518 -0.153996 0.170265 -0.133248 -0.001791 
0.540543 0.740696 1.065947 0.246173 1.776987 1.247240 0.959106 -0.856857 -0.048421 0.554847 0.415993 -1.197155 -0.068591 0.122202 0.949560 1.089403 1.064285 1.193994 0.080897 -0.012434 -0.021822 0.237900 -0.106355 -0.153192 0.022758 
1.155484 0.951797 1.242266 0.785323 0.219075 0.350964 1.717077 0.596322 0.139906 0.069382 1.079607 -0.683781 0.850007 0.708535 0.788151 0.443668 0.041481 0.251409 -0.045332 0.169224 0.029649 -0.033284 -0.014053 0.072740 -0.006808 
0.451757 0.771048 1.070786 1.592772 0.649069 0.202627 0.591044 0.343105 0.333567 -0.153119 -0.329451 0.227162 1.466722 1.253472 -0.119537 0.926726 0.589002 0.111301 0.137710 0.035878 -0.151541 -0.093899 0.101533 0.028353 -0.023437 
0.888273 0.102186 0.543037 1.804629 1.154533 0.728380 0.071429 -0.772899 0.992152 0.438978 1.456790 1.612071 0.810181 1.140005 0.203139 0.837824 -0.305378 0.050069 -0.143930 0.012959 -0.065680 -0.056238 0.050492 -0.059327 0.101538 
0.248412 0.509691 0.548111 1.430389 1.069385 0.227197 1.320114 0.063755 0.977332 -0.287242 1.413500 1.362481 2.199658 -0.458318 0.716184 1.879888 1.232026 0.084988 0.092455 0.061619 0.052908 -0.089459 -0.001964 -0.074756 0.204890 

0 0 0 0 0 0 0 0 0 0 0 0 0 0 0 0 0 0 0 0 0 0 0 0 0 
0 0 0 0 0 0 0 0 0 0 0 0 0 0 0 0 0 0 0 0 0 0 0 0 0 
0 0 0 0 0 0 0 0 0 0 0 0 0 0 0 0 0 0 0 0 0 0 0 0 0 
2 0 0 0 0 0 0 0 0 0 0 0 0 0 0 0 0 0 0 0 0 0 0 0 0 
2 0 0 0 0 0 0 0 0 0 0 0 0 0 0 0 0 0 0 0 0 0 0 0 0 
2 2 0 0 0 0 0 0 0 0 0 0 0 0 0 0 0 0 0 0 0 0 0 0 0 
2 2 0 0 0 0 0 0 0 0 0 0 0 0 0 0 0 0 0 0 0 0 0 0 0 
2 2 2 0 0 0 0 0 0 0 0 0 0 0 0 0 0 0 0 0 0 0 0 0 0 
2 2 2 0 0 0 0 0 0 0 0 0 0 0 0 0 0 0 0 0 0 0 0 0 0 
2 2 2 2 0 0 0 0 0 0 0 0 0 0 0 0 0 0 0 0 0 0 0 0 0 
2 2 2 2 0 0 0 0 0 0 0 0 0 0 0 0 0 0 0 0 0 0 0 0 0 
2 2 2 2 2 0 0 0 0 0 0 0 0 0 0 0 0 0 0 0 0 0 0 0 0 
2 2 2 2 2 0 0 0 0 0 0 0 0 0 0 0 0 0 0 0 0 0 0 0 0 
2 2 2 2 2 2 0 0 0 0 0 0 0 0 0 0 0 0 0 0 0 0 0 0 4 
2 2 2 2 2 2 3 3 0 0 0 0 0 0 0 0 0 0 0 0 0 0 0 4 4 
2 2 2 2 2 2 3 3 3 3 3 3 3 3 3 0 0 0 0 0 0 4 4 4 4 
2 2 2 2 2 2 3 3 3 3 3 3 3 3 3 3 3 3 3 4 4 4 4 4 4 
2 2 2 2 2 2 3 3 3 3 3 3 3 3 3 3 3 3 3 4 4 4 4 4 4 
2 2 2 2 2 2 3 3 3 3 3 3 3 3 3 3 3 1 4 4 4 4 4 4 4 
2 2 2 2 2 2 3 3 3 3 3 3 3 3 3 1 1 1 4 4 4 4 4 4 4 
2 2 2 2 2 2 3 3 3 3 3 3 3 3 1 1 1 1 4 4 4 4 4 4 4 
2 2 2 2 2 2 3 3 3 3 3 3 1 1 1 1 1 1 4 4 4 4 4 4 4 
2 2 2 2 2 2 3 3 3 3 1 1 1 1 1 1 1 4 4 4 4 4 4 4 4 
2 2 2 2 2 2 3 3 3 1 1 1 1 1 1 1 1 4 4 4 4 4 4 4 4 
2 2 2 2 2 3 3 1 1 1 1 1 1 1 1 1 1 4 4 4 4 4 4 4 4 

-2.0 -2.0 -2.0 -2.0 -2.0 -2.0 -2.0 -2.0 -2.0 -2.0 -2.0 -2.0 -2.0 -2.0 -2.0 -2.0 -2.0 -2.0 -2.0 -2.0 -2.0 -2.0 -2.0 -2.0 -2.0 
-2.0 -2.0 -2.0 -2.0 -2.0 -2.0 -2.0 -2.0 -2.0 -2.0 -2.0 -2.0 -2.0 -2.0 -2.0 -2.0 -2.0 -2.0 -2.0 -2.0 -2.0 -2.0 -2.0 -2.0 -2.0 
-2.0 -2.0 -2.0 -2.0 -2.0 -2.0 -2.0 -2.0 -2.0 -2.0 -2.0 -2.0 -2.0 -2.0 -2.0 -2.0 -2.0 -2.0 -2.0 -2.0 -2.0 -2.0 -2.0 -2.0 -2.0 
1.0 -2.0 -2.0 -2.0 -2.0 -2.0 -2.0 -2.0 -2.0 -2.0 -2.0 -2.0 -2.0 -2.0 -2.0 -2.0 -2.0 -2.0 -2.0 -2.0 -2.0 -2.0 -2.0 -2.0 -2.0 
1.0 -2.0 -2.0 -2.0 -2.0 -2.0 -2.0 -2.0 -2.0 -2.0 -2.0 -2.0 -2.0 -2.0 -2.0 -2.0 -2.0 -2.0 -2.0 -2.0 -2.0 -2.0 -2.0 -2.0 -2.0 
1.0 1.0 -2.0 -2.0 -2.0 -2.0 -2.0 -2.0 -2.0 -2.0 -2.0 -2.0 -2.0 -2.0 -2.0 -2.0 -2.0 -2.0 -2.0 -2.0 -2.0 -2.0 -2.0 -2.0 -2.0 
1.0 1.0 -2.0 -2.0 -2.0 -2.0 -2.0 -2.0 -2.0 -2.0 -2.0 -2.0 -2.0 -2.0 -2.0 -2.0 -2.0 -2.0 -2.0 -2.0 -2.0 -2.0 -2.0 -2.0 -2.0 
1.0 1.0 1.0 -2.0 -2.0 -2.0 -2.0 -2.0 -2.0 -2.0 -2.0 -2.0 -2.0 -2.0 -2.0 -2.0 -2.0 -2.0 -2.0 -2.0 -2.0 -2.0 -2.0 -2.0 -2.0 
1.0 1.0 1.0 -2.0 -2.0 -2.0 -2.0 -2.0 -2.0 -2.0 -2.0 -2.0 -2.0 -2.0 -2.0 -2.0 -2.0 -2.0 -2.0 -2.0 -2.0 -2.0 -2.0 -2.0 -2.0 
1.0 1.0 1.0 1.0 -2.0 -2.0 -2.0 -2.0 -2.0 -2.0 -2.0 -2.0 -2.0 -2.0 -2.0 -2.0 -2.0 -2.0 -2.0 -2.0 -2.0 -2.0 -2.0 -2.0 -2.0 
1.0 1.0 1.0 1.0 -2.0 -2.0 -2.0 -2.0 -2.0 -2.0 -2.0 -2.0 -2.0 -2.0 -2.0 -2.0 -2.0 -2.0 -2.0 -2.0 -2.0 -2.0 -2.0 -2.0 -2.0 
1.0 1.0 1.0 1.0 1.0 -2.0 -2.0 -2.0 -2.0 -2.0 -2.0 -2.0 -2.0 -2.0 -2.0 -2.0 -2.0 -2.0 -2.0 -2.0 -2.0 -2.0 -2.0 -2.0 -2.0 
1.0 1.0 1.0 1.0 1.0 -2.0 -2.0 -2.0 -2.0 -2.0 -2.0 -2.0 -2.0 -2.0 -2.0 -2.0 -2.0 -2.0 -2.0 -2.0 -2.0 -2.0 -2.0 -2.0 -2.0 
1.0 1.0 1.0 1.0 1.0 1.0 -2.0 -2.0 -2.0 -2.0 -2.0 -2.0 -2.0 -2.0 -2.0 -2.0 -2.0 -2.0 -2.0 -2.0 -2.0 -2.0 -2.0 -2.0 0.0 
1.0 1.0 1.0 1.0 1.0 1.0 2.0 2.0 -2.0 -2.0 -2.0 -2.0 -2.0 -2.0 -2.0 -2.0 -2.0 -2.0 -2.0 -2.0 -2.0 -2.0 -2.0 0.0 0.0 
1.0 1.0 1.0 1.0 1.0 1.0 2.0 2.0 2.0 2.0 2.0 2.0 2.0 2.0 2.0 -2.0 -2.0 -2.0 -2.0 -2.0 -2.0 0.0 0.0 0.0 0.0 
1.0 1.0 1.0 1.0 1.0 1.0 2.0 2.0 2.0 2.0 2.0 2.0 2.0 2.0 2.0 2.0 2.0 2.0 2.0 0.0 0.0 0.0 0.0 0.0 0.0 
1.0 1.0 1.0 1.0 1.0 1.0 2.0 2.0 2.0 2.0 2.0 2.0 2.0 2.0 2.0 2.0 2.0 2.0 2.0 0.0 0.0 0.0 0.0 0.0 0.0 
1.0 1.0 1.0 1.0 1.0 1.0 2.0 2.0 2.0 2.0 2.0 2.0 2.0 2.0 2.0 2.0 2.0 -1.0 0.0 0.0 0.0 0.0 0.0 0.0 0.0 
1.0 1.0 1.0 1.0 1.0 1.0 2.0 2.0 2.0 2.0 2.0 2.0 2.0 2.0 2.0 -1.0 -1.0 -1.0 0.0 0.0 0.0 0.0 0.0 0.0 0.0 
1.0 1.0 1.0 1.0 1.0 1.0 2.0 2.0 2.0 2.0 2.0 2.0 2.0 2.0 -1.0 -1.0 -1.0 -1.0 0.0 0.0 0.0 0.0 0.0 0.0 0.0 
1.0 1.0 1.0 1.0 1.0 1.0 2.0 2.0 2.0 2.0 2.0 2.0 -1.0 -1.0 -1.0 -1.0 -1.0 -1.0 0.0 0.0 0.0 0.0 0.0 0.0 0.0 
1.0 1.0 1.0 1.0 1.0 1.0 2.0 2.0 2.0 2.0 -1.0 -1.0 -1.0 -1.0 -1.0 -1.0 -1.0 0.0 0.0 0.0 0.0 0.0 0.0 0.0 0.0 
1.0 1.0 1.0 1.0 1.0 1.0 2.0 2.0 2.0 -1.0 -1.0 -1.0 -1.0 -1.0 -1.0 -1.0 -1.0 0.0 0.0 0.0 0.0 0.0 0.0 0.0 0.0 
1.0 1.0 1.0 1.0 1.0 2.0 2.0 -1.0 -1.0 -1.0 -1.0 -1.0 -1.0 -1.0 -1.0 -1.0 -1.0 0.0 0.0 0.0 0.0 0.0 0.0 0.0 0.0 

-1.0 -1.0 -1.0 -1.0 -1.0 -1.0 -1.0 -1.0 -1.0 -1.0 -1.0 -1.0 -1.0 -1.0 -1.0 -1.0 -1.0 -1.0 -1.0 -1.0 -1.0 -1.0 -1.0 -1.0 -1.0 
-1.0 -1.0 -1.0 -1.0 -1.0 -1.0 -1.0 -1.0 -1.0 -1.0 -1.0 -1.0 -1.0 -1.0 -1.0 -1.0 -1.0 -1.0 -1.0 -1.0 -1.0 -1.0 -1.0 -1.0 -1.0 
-1.0 -1.0 -1.0 -1.0 -1.0 -1.0 -1.0 -1.0 -1.0 -1.0 -1.0 -1.0 -1.0 -1.0 -1.0 -1.0 -1.0 -1.0 -1.0 -1.0 -1.0 -1.0 -1.0 -1.0 -1.0 
1.0 -1.0 -1.0 -1.0 -1.0 -1.0 -1.0 -1.0 -1.0 -1.0 -1.0 -1.0 -1.0 -1.0 -1.0 -1.0 -1.0 -1.0 -1.0 -1.0 -1.0 -1.0 -1.0 -1.0 -1.0 
1.0 -1.0 -1.0 -1.0 -1.0 -1.0 -1.0 -1.0 -1.0 -1.0 -1.0 -1.0 -1.0 -1.0 -1.0 -1.0 -1.0 -1.0 -1.0 -1.0 -1.0 -1.0 -1.0 -1.0 -1.0 
1.0 1.0 -1.0 -1.0 -1.0 -1.0 -1.0 -1.0 -1.0 -1.0 -1.0 -1.0 -1.0 -1.0 -1.0 -1.0 -1.0 -1.0 -1.0 -1.0 -1.0 -1.0 -1.0 -1.0 -1.0 
1.0 1.0 -1.0 -1.0 -1.0 -1.0 -1.0 -1.0 -1.0 -1.0 -1.0 -1.0 -1.0 -1.0 -1.0 -1.0 -1.0 -1.0 -1.0 -1.0 -1.0 -1.0 -1.0 -1.0 -1.0 
1.0 1.0 1.0 -1.0 -1.0 -1.0 -1.0 -1.0 -1.0 -1.0 -1.0 -1.0 -1.0 -1.0 -1.0 -1.0 -1.0 -1.0 -1.0 -1.0 -1.0 -1.0 -1.0 -1.0 -1.0 
1.0 1.0 1.0 -1.0 -1.0 -1.0 -1.0 -1.0 -1.0 -1.0 -1.0 -1.0 -1.0 -1.0 -1.0 -1.0 -1.0 -1.0 -1.0 -1.0 -1.0 -1.0 -1.0 -1.0 -1.0 
1.0 1.0 1.0 1.0 -1.0 -1.0 -1.0 -1.0 -1.0 -1.0 -1.0 -1.0 -1.0 -1.0 -1.0 -1.0 -1.0 -1.0 -1.0 -1.0 -1.0 -1.0 -1.0 -1.0 -1.0 
1.0 1.0 1.0 1.0 -1.0 -1.0 -1.0 -1.0 -1.0 -1.0 -1.0 -1.0 -1.0 -1.0 -1.0 -1.0 -1.0 -1.0 -1.0 -1.0 -1.0 -1.0 -1.0 -1.0 -1.0 
1.0 1.0 1.0 1.0 1.0 -1.0 -1.0 -1.0 -1.0 -1.0 -1.0 -1.0 -1.0 -1.0 -1.0 -1.0 -1.0 -1.0 -1.0 -1.0 -1.0 -1.0 -1.0 -1.0 -1.0 
1.0 1.0 1.0 1.0 1.0 -1.0 -1.0 -1.0 -1.0 -1.0 -1.0 -1.0 -1.0 -1.0 -1.0 -1.0 -1.0 -1.0 -1.0 -1.0 -1.0 -1.0 -1.0 -1.0 -1.0 
1.0 1.0 1.0 1.0 1.0 1.0 -1.0 -1.0 -1.0 -1.0 -1.0 -1.0 -1.0 -1.0 -1.0 -1.0 -1.0 -1.0 -1.0 -1.0 -1.0 -1.0 -1.0 -1.0 0.0 
1.0 1.0 1.0 1.0 1.0 1.0 -2.0 -2.0 -1.0 -1.0 -1.0 -1.0 -1.0 -1.0 -1.0 -1.0 -1.0 -1.0 -1.0 -1.0 -1.0 -1.0 -1.0 0.0 0.0 
1.0 1.0 1.0 1.0 1.0 1.0 -2.0 -2.0 -2.0 -2.0 -2.0 -2.0 -2.0 -2.0 -2.0 -1.0 -1.0 -1.0 -1.0 -1.0 -1.0 0.0 0.0 0.0 0.0 
1.0 1.0 1.0 1.0 1.0 1.0 -2.0 -2.0 -2.0 -2.0 -2.0 -2.0 -2.0 -2.0 -2.0 -2.0 -2.0 -2.0 -2.0 0.0 0.0 0.0 0.0 0.0 0.0 
1.0 1.0 1.0 1.0 1.0 1.0 -2.0 -2.0 -2.0 -2.0 -2.0 -2.0 -2.0 -2.0 -2.0 -2.0 -2.0 -2.0 -2.0 0.0 0.0 0.0 0.0 0.0 0.0 
1.0 1.0 1.0 1.0 1.0 1.0 -2.0 -2.0 -2.0 -2.0 -2.0 -2.0 -2.0 -2.0 -2.0 -2.0 -2.0 2.0 0.0 0.0 0.0 0.0 0.0 0.0 0.0 
1.0 1.0 1.0 1.0 1.0 1.0 -2.0 -2.0 -2.0 -2.0 -2.0 -2.0 -2.0 -2.0 -2.0 2.0 2.0 2.0 0.0 0.0 0.0 0.0 0.0 0.0 0.0 
1.0 1.0 1.0 1.0 1.0 1.0 -2.0 -2.0 -2.0 -2.0 -2.0 -2.0 -2.0 -2.0 2.0 2.0 2.0 2.0 0.0 0.0 0.0 0.0 0.0 0.0 0.0 
1.0 1.0 1.0 1.0 1.0 1.0 -2.0 -2.0 -2.0 -2.0 -2.0 -2.0 2.0 2.0 2.0 2.0 2.0 2.0 0.0 0.0 0.0 0.0 0.0 0.0 0.0 
1.0 1.0 1.0 1.0 1.0 1.0 -2.0 -2.0 -2.0 -2.0 2.0 2.0 2.0 2.0 2.0 2.0 2.0 0.0 0.0 0.0 0.0 0.0 0.0 0.0 0.0 
1.0 1.0 1.0 1.0 1.0 1.0 -2.0 -2.0 -2.0 2.0 2.0 2.0 2.0 2.0 2.0 2.0 2.0 0.0 0.0 0.0 0.0 0.0 0.0 0.0 0.0 
1.0 1.0 1.0 1.0 1.0 -2.0 -2.0 2.0 2.0 2.0 2.0 2.0 2.0 2.0 2.0 2.0 2.0 0.0 0.0 0.0 0.0 0.0 0.0 0.0 0.0 

