0.803740 0.716709 0.236778 0.423942 0.302476 0.567100 0.058339 0.891434 0.959069 0.679161 0.922534 0.387272 0.271743 0.353967 0.965489 0.536127 0.602333 0.985207 0.144965 0.113232 0.750459 0.168218 0.340232 0.255408 0.136681 
0.346745 0.506794 0.329970 0.072268 0.626464 0.444005 0.227942 0.250019 0.124593 0.693020 0.760575 0.177559 0.762512 0.655610 0.011505 0.578701 0.391930 0.180825 0.573603 0.133975 0.108910 0.207993 0.041614 0.257731 0.165635 
0.208461 0.346338 0.961291 0.650979 0.738121 0.418275 0.295573 0.900811 0.641465 0.313314 0.391257 0.718852 0.778196 0.319204 0.756839 0.409474 0.580040 0.651356 0.763455 0.756075 0.068449 0.195927 0.667286 0.835729 0.673518 
0.509777 0.656326 0.297917 0.845483 0.947093 0.511469 0.599435 0.987222 0.312657 0.432000 0.238348 0.189527 0.619237 0.998047 0.429415 0.459041 0.212349 0.116277 0.551869 0.144559 0.877128 0.138060 0.379369 0.830738 0.269804 
0.437994 0.869653 0.746165 0.793215 0.056352 0.675466 0.034764 0.521882 0.802342 0.723034 0.965002 0.756704 0.126762 0.170335 0.036945 0.283460 0.331552 0.399339 0.070887 0.054334 0.682531 0.089334 0.600700 0.815028 0.054663 
0.684458 0.281206 0.718051 0.232111 0.259679 0.326525 0.993133 0.268083 0.943247 0.965741 0.619505 0.435607 0.291350 0.918772 0.304392 0.066605 0.695853 0.661855 0.582022 0.648997 0.123205 0.286763 0.703698 0.274956 0.486222 
0.894200 0.188105 0.775954 0.340977 0.873401 0.848218 0.338019 0.233361 0.584420 0.148896 0.955972 0.046623 0.717947 0.187259 0.949613 0.583166 0.340609 0.199757 0.720824 0.100508 0.316240 0.707238 0.869043 0.493123 0.478098 
0.220844 0.784417 0.902050 0.263007 0.919398 0.324977 0.511829 0.169879 0.764302 0.034003 0.670177 0.478423 0.122668 0.634663 0.618569 0.999581 0.733133 0.707810 0.861500 0.999217 0.237801 0.807604 0.562618 0.038568 0.186110 
0.323261 0.827357 0.743501 0.202834 0.159227 0.285139 0.943847 0.190972 0.689200 0.631126 0.822282 0.479735 0.043549 0.087792 0.098536 0.769634 0.776331 0.015951 0.362232 0.167009 0.592323 0.442965 0.551769 0.618729 0.992121 
0.143670 0.168873 0.428721 0.659584 0.847974 0.922165 0.140688 0.249883 0.859577 0.318200 0.311120 0.766609 0.686127 0.627010 0.816396 0.111631 0.645288 0.410555 0.876234 0.008385 0.602894 0.098449 0.977008 0.576535 0.263833 
0.558597 0.313286 0.941765 0.823110 0.474263 0.045847 0.042600 0.063391 0.407494 0.646534 0.433721 0.456768 0.290580 0.343604 0.805185 0.525954 0.632431 0.908680 0.849388 0.471622 0.166606 0.892437 0.603335 0.825367 0.913867 
0.987346 0.006024 0.189503 0.367524 0.210924 0.340177 0.029189 0.636194 0.948774 0.211298 0.128924 0.991334 0.605154 0.600531 0.919725 0.332289 0.091837 0.709405 0.317293 0.657216 0.065073 0.292845 0.590559 0.493446 0.478329 
0.086141 0.064693 0.085892 0.665491 0.366143 0.799651 0.003857 0.067326 0.720541 0.792061 0.447345 0.010547 0.878552 0.216848 0.139810 0.203318 0.624078 0.609878 0.360320 0.889736 0.168177 0.888488 0.626500 0.801529 0.647137 
0.467868 0.567075 0.448600 0.496799 0.752756 0.951917 0.745804 0.922636 0.797817 0.591417 0.488348 0.408505 0.002783 0.959897 0.586655 0.850672 0.041312 0.442008 0.052237 0.197436 0.775268 0.082916 0.204276 0.339454 0.548391 
0.411781 0.255832 0.345513 0.318163 0.514979 0.963852 0.310516 0.775418 0.481968 0.680868 0.434797 0.027390 0.639824 0.391129 0.360893 0.331346 0.914649 0.754024 0.311457 0.979754 0.421288 0.505135 0.482070 0.982310 0.161128 
0.134269 0.880461 0.119796 0.802504 0.106736 0.689220 0.262376 0.064076 0.497569 0.912774 0.442760 0.190659 0.302275 0.987399 0.714403 0.853030 0.639864 0.988615 0.688814 0.541991 0.113834 0.707970 0.997161 0.671737 0.706545 
0.382225 0.115523 0.930007 0.373271 0.258612 0.166769 0.133883 0.028107 0.351293 0.199734 0.262349 0.348928 0.037876 0.195878 0.891341 0.335810 0.424456 0.410759 0.768303 0.812434 0.912219 0.392166 0.661304 0.066876 0.037273 
0.972400 0.310134 0.844143 0.877655 0.490333 0.281578 0.667950 0.687399 0.671217 0.512041 0.617279 0.246115 0.641975 0.421914 0.479038 0.866592 0.448202 0.551607 0.922163 0.299106 0.405655 0.090806 0.979267 0.857294 0.011066 
0.648001 0.484970 0.789791 0.787360 0.122561 0.077538 0.386610 0.424655 0.814451 0.517933 0.393462 0.284547 0.294605 0.540317 0.297279 0.073491 0.133762 0.350741 0.949944 0.403124 0.213871 0.211831 0.258397 0.684607 0.995522 
0.378100 0.108265 0.459250 0.293493 0.851295 0.062530 0.023121 0.120377 0.561667 0.519171 0.347364 0.114522 0.216776 0.780984 0.710413 0.488676 0.830330 0.314397 0.025253 0.709384 0.133074 0.596213 0.681590 0.820852 0.737644 
0.600172 0.317356 0.669564 0.517339 0.920587 0.241500 0.083700 0.963548 0.008140 0.683679 0.949673 0.283510 0.870619 0.975921 0.183210 0.847264 0.734331 0.490969 0.041036 0.761227 0.309439 0.214209 0.675534 0.172346 0.101189 
0.818314 0.996490 0.054580 0.109132 0.753283 0.406777 0.719535 0.351463 0.994025 0.748330 0.197020 0.319987 0.307479 0.375509 0.869464 0.260790 0.512954 0.535114 0.506265 0.884638 0.369535 0.647544 0.144273 0.978173 0.817692 
0.643334 0.415266 0.477815 0.065696 0.784124 0.957961 0.481838 0.646495 0.051277 0.928365 0.176311 0.974628 0.552997 0.942198 0.710771 0.310742 0.701952 0.667292 0.133560 0.936569 0.860246 0.743158 0.020823 0.654493 0.962303 
0.761905 0.723249 0.019502 0.791830 0.146669 0.339104 0.213353 0.553705 0.010690 0.532176 0.725345 0.240292 0.981217 0.557200 0.735523 0.073086 0.186536 0.003412 0.775334 0.703113 0.250583 0.605647 0.048071 0.800832 0.652433 
0.047214 0.924172 0.825184 0.563018 0.525770 0.760432 0.151994 0.052871 0.023809 0.486780 0.502641 0.604062 0.598275 0.811568 0.189267 0.301727 0.440322 0.061318 0.321680 0.169604 0.182482 0.062406 0.048037 0.530563 0.752643 

0.008002 0.003092 0.996329 0.837237 0.540396 0.168162 0.694960 0.683051 0.341613 0.706950 0.925442 0.696541 0.518413 0.037102 0.422087 0.258877 0.668260 0.055714 0.066494 0.372414 0.193115 0.029915 0.032486 0.122105 0.804522 
0.318129 0.008785 0.981295 0.367613 0.592940 0.535079 0.636268 0.005489 0.770480 0.848312 0.911331 0.494758 0.305889 0.847305 0.741880 0.923157 0.222982 0.455841 0.210665 0.189734 0.127704 0.838180 0.405966 0.923705 0.567800 
0.713619 0.284321 0.443209 0.769075 0.292295 0.529908 0.624955 0.566961 0.499633 0.064272 0.574763 0.764661 0.916918 0.720545 0.113563 0.119643 0.733097 0.370352 0.080995 0.205168 0.957916 0.874391 0.176280 0.931154 0.958930 
0.150708 0.987458 0.123441 0.381110 0.444961 0.485167 0.303216 0.160260 0.224869 0.563428 0.488241 0.895905 0.412386 0.461675 0.372246 0.655782 0.856658 0.097987 0.721547 0.008390 0.384761 0.714125 0.688113 0.453586 0.532533 
0.667326 0.699946 0.550510 0.019465 0.496427 0.804190 0.308843 0.124571 0.758921 0.868793 0.104876 0.847364 0.316499 0.421306 0.974113 0.891054 0.906109 0.742652 0.507500 0.629621 0.134530 0.839979 0.622570 0.047688 0.882717 
0.238330 0.325080 0.410517 0.634914 0.661701 0.242908 0.780774 0.481660 0.404449 0.204592 0.861122 0.256858 0.145627 0.217062 0.999697 0.249011 0.584104 0.233851 0.274816 0.555580 0.347887 0.723665 0.599040 0.509908 0.779161 
0.547624 0.680376 0.396473 0.449288 0.639290 0.776337 0.721049 0.819034 0.386250 0.588848 0.333461 0.700370 0.981841 0.108179 0.292388 0.675568 0.205228 0.480965 0.790198 0.146834 0.951223 0.723285 0.238796 0.765093 0.150426 
0.795590 0.821136 0.021081 0.504996 0.590883 0.843035 0.905962 0.918802 0.226894 0.096599 0.553645 0.482899 0.937164 0.896991 0.000666 0.514061 0.676335 0.115601 0.267355 0.397051 0.090550 0.033680 0.178600 0.005477 0.305167 
0.428884 0.556508 0.189380 0.042307 0.922034 0.683348 0.462697 0.427623 0.086739 0.312194 0.770660 0.525145 0.193323 0.839118 0.846998 0.971397 0.825469 0.774207 0.321211 0.080192 0.259793 0.397255 0.108845 0.696704 0.482919 
0.427954 0.811044 0.517257 0.278936 0.950513 0.996444 0.591156 0.818770 0.705870 0.274668 0.196196 0.366366 0.185933 0.621822 0.649569 0.940471 0.503472 0.906256 0.615826 0.623206 0.467813 0.471068 0.303479 0.224642 0.820839 
0.441042 0.361856 0.339793 0.758007 0.870420 0.262719 0.438319 0.586263 0.527179 0.028460 0.931703 0.959602 0.849975 0.993330 0.247243 0.116116 0.714733 0.003700 0.227641 0.302966 0.778884 0.632341 0.707426 0.589881 0.513415 
0.865565 0.790335 0.328426 0.695696 0.614970 0.661263 0.650880 0.418104 0.851431 0.368813 0.967616 0.682425 0.252587 0.426415 0.313883 0.718983 0.508720 0.145552 0.018611 0.341483 0.960250 0.906424 0.798178 0.864804 0.675352 
0.561846 0.367284 0.017187 0.264467 0.106896 0.816132 0.675938 0.349417 0.605036 0.859899 0.331031 0.803620 0.795755 0.094455 0.621138 0.505487 0.875046 0.385725 0.436205 0.524644 0.476171 0.646746 0.329199 0.680133 0.672389 
0.010945 0.641903 0.825850 0.646444 0.864066 0.827489 0.685808 0.885757 0.747524 0.614708 0.615027 0.016001 0.108330 0.422729 0.247813 0.937331 0.238832 0.423499 0.420409 0.437537 0.291720 0.495800 0.264829 0.262694 0.311746 
0.479247 0.905790 0.786911 0.172553 0.235395 0.065280 0.820198 0.519014 0.098506 0.069012 0.181755 0.339451 0.222415 0.114666 0.594555 0.970495 0.753122 0.063350 0.744209 0.751063 0.879694 0.186139 0.356961 0.938798 0.411416 
0.111430 0.915005 0.568709 0.721323 0.861203 0.477516 0.821409 0.817773 0.252067 0.030707 0.764009 0.160058 0.221366 0.769442 0.155303 0.734933 0.151514 0.987392 0.534123 0.244693 0.680044 0.572168 0.457097 0.989021 0.385480 
0.608352 0.320634 0.841686 0.452419 0.252004 0.242079 0.958583 0.064835 0.233529 0.193072 0.466464 0.080359 0.387779 0.013457 0.186487 0.208890 0.635521 0.146127 0.195318 0.552940 0.227875 0.952597 0.759677 0.181174 0.300090 
0.607697 0.780358 0.631390 0.082445 0.096341 0.977625 0.385733 0.185985 0.585446 0.115768 0.300185 0.958976 0.883413 0.422984 0.680706 0.603581 0.134689 0.865719 0.935155 0.469117 0.542572 0.305422 0.265992 0.991837 0.266380 
0.189869 0.935784 0.308799 0.008310 0.197874 0.655223 0.284457 0.973401 0.693010 0.879287 0.289252 0.272449 0.297297 0.957886 0.763566 0.526564 0.414765 0.717765 0.714511 0.316011 0.932282 0.006005 0.741424 0.129983 0.548953 
0.013988 0.697974 0.907899 0.767162 0.618565 0.299080 0.449358 0.126896 0.915783 0.115173 0.465973 0.447073 0.617564 0.826247 0.794315 0.131508 0.723103 0.835578 0.234796 0.643268 0.099927 0.979335 0.628470 0.270874 0.658759 
0.144826 0.554536 0.395883 0.313218 0.297741 0.733006 0.529014 0.144144 0.797519 0.924049 0.346171 0.259847 0.153339 0.258839 0.319639 0.596431 0.142842 0.377089 0.515454 0.735379 0.257509 0.431829 0.778096 0.723433 0.468420 
0.471160 0.752153 0.735741 0.339233 0.008147 0.308543 0.125008 0.342100 0.319202 0.918294 0.109714 0.257541 0.602368 0.613041 0.993905 0.500708 0.438822 0.014865 0.379152 0.381004 0.757446 0.197379 0.307365 0.931140 0.595554 
0.595741 0.513074 0.134504 0.588767 0.931080 0.618639 0.719156 0.849975 0.230874 0.000259 0.127112 0.449347 0.723250 0.442242 0.856490 0.298186 0.090365 0.292718 0.850208 0.719049 0.496158 0.895703 0.026572 0.126933 0.643078 
0.412779 0.016272 0.356034 0.400430 0.892436 0.500546 0.739292 0.128548 0.205737 0.334820 0.399214 0.556904 0.062470 0.136181 0.014886 0.931927 0.020385 0.625852 0.746669 0.332377 0.629876 0.083176 0.111843 0.188817 0.515796 
0.862066 0.608671 0.096373 0.042508 0.601806 0.795706 0.220235 0.710873 0.295965 0.966856 0.395759 0.559899 0.944489 0.651805 0.074855 0.646869 0.413590 0.901686 0.195994 0.734082 0.643777 0.572271 0.855009 0.440501 0.769366 

1.681953 1.330263 0.787486 0.212417 0.158108 -0.502014 -0.669836 -0.538528 -0.319192 -0.704253 -0.853887 -0.814713 -0.525480 0.078794 -0.448583 -0.287663 -0.762943 -0.012877 0.048203 -0.602896 -0.237165 0.156716 -0.695972 -0.543589 -0.128561 
1.235471 1.055833 2.819896 0.420521 0.131574 -0.541410 -0.800328 -0.056642 -0.809717 -1.036486 -0.929100 -0.435156 -0.295870 -0.885323 -0.634537 -0.918682 -0.104811 -0.381438 0.020107 -0.224280 -0.494260 -0.571614 -0.044133 -0.485348 -0.243672 
1.953301 1.348779 2.804667 0.034858 -0.452541 0.325850 0.267993 -0.566532 -0.466856 -0.256275 0.214394 -0.005590 -0.027114 0.421022 -0.673017 -0.041340 -0.713693 -0.374623 -0.071898 -0.222380 -0.923974 -1.103048 -0.183860 -1.467126 -1.320627 
1.203718 3.198234 0.898034 -0.383157 -0.574182 0.085609 -0.313070 -0.821751 -0.205470 0.071080 0.253537 0.772183 -0.117645 -0.352786 -0.240395 0.127411 -1.025465 -0.194597 -0.729611 0.086432 -1.687612 -0.621173 -0.714945 -1.564831 -0.566103 
2.247530 3.195019 2.647526 1.657240 0.524827 0.183803 0.234353 -0.267431 0.043743 0.059859 -0.907846 0.124076 0.250811 0.165915 0.902208 -0.872216 -0.990550 -0.669646 -0.538949 -0.633524 -1.341142 -0.265834 -1.257862 -1.658909 -0.189659 
1.749083 1.217860 2.261884 1.687405 1.720537 1.080143 -0.111801 0.374042 -0.617182 -0.553849 0.384159 -0.424431 -0.236926 -0.792534 0.640200 -0.175702 -0.585187 -0.247518 -0.212489 -0.621905 -0.293518 -0.535342 -1.541301 -0.643686 -1.019094 
2.842141 1.616872 2.315514 1.533788 3.176870 -0.082253 0.385445 0.590923 -0.181437 0.271520 -0.460723 0.688150 0.355034 -0.026168 -0.580269 -0.630863 -0.081847 -0.452462 -0.835554 0.055947 -0.476307 -1.434944 -1.519732 -0.943996 -0.952742 
1.974715 3.070015 1.818667 1.553780 2.964990 2.351925 2.846403 2.001803 -0.534156 0.131385 -0.022947 0.060586 0.844090 0.198548 -0.653713 -0.567259 -0.696708 0.048280 -0.237140 -2.218600 -0.601988 -1.640983 -1.067439 -0.114124 -0.311107 
1.338625 2.595888 1.953305 0.358307 2.349822 1.956670 2.842443 1.302371 -0.616966 -0.261041 -0.115393 0.107751 0.197129 0.742230 -0.718526 -0.986220 -0.743631 -0.007959 -0.938827 -0.228798 -1.163241 -0.825630 -1.106677 -1.265305 -2.006852 
1.085598 2.064410 1.880762 1.806199 3.647330 3.899082 1.435271 2.180371 -0.091580 0.022390 -0.202210 -0.367484 -0.673096 0.007386 -0.100569 -1.061224 -0.456370 -0.973224 -0.605817 -0.591448 -0.296408 -0.372241 -2.104890 -1.208857 -0.405516 
1.834520 1.447616 2.475954 3.405100 2.571637 0.684164 1.196522 1.366081 1.814224 -0.506070 0.590449 0.422582 0.564879 0.527263 -0.711004 -0.405070 0.107155 -0.030096 -0.322183 -0.624894 -0.876463 -1.838644 -1.120883 -1.385371 -2.029708 
3.664911 1.642364 1.077469 2.116278 1.748992 2.013031 1.432334 1.906216 3.556431 1.171175 0.653708 -0.261794 -0.629367 -0.093014 -0.771561 0.376953 0.463205 -0.148168 0.043001 -1.104305 -1.001781 -0.483223 -1.194236 -1.041776 -0.963963 
1.342926 0.862538 0.152000 2.064292 0.997305 3.259273 1.421628 0.998137 2.618038 -0.828985 0.001224 0.664056 -0.124284 0.085638 0.500924 0.368927 -0.843969 -0.611774 -0.471912 -1.732160 -0.241641 -1.857890 -1.366630 -1.477220 -1.324409 
0.906164 2.383958 2.512699 2.095735 3.321589 3.587362 2.779032 3.695634 2.908940 -0.762300 0.103961 -0.575334 0.093131 -0.615224 -0.273354 0.015375 -0.285845 -0.400306 -0.418358 -0.340675 -1.551871 -0.166418 -0.360986 -0.783224 -1.095772 
1.775772 2.278651 2.201440 0.877636 1.224223 2.009211 2.455050 2.769296 0.406301 0.467243 0.128856 0.361691 -0.417484 -0.331693 0.173922 -0.764900 -0.892082 0.020082 -0.954342 -0.794704 -0.888793 -1.094610 -1.131361 -2.025436 -0.192655 
0.570692 3.624654 1.398901 2.950904 1.907838 2.441746 -1.454887 -1.486170 0.220516 0.804895 -1.095036 -0.104340 -0.188457 -0.577139 -0.560424 -0.906617 -0.329635 -1.051251 -0.603822 -0.075965 -0.358180 -1.339692 -1.991492 -1.367617 -1.362509 
1.973182 1.038781 3.592932 1.710497 0.996848 -0.153009 -1.771904 -0.185947 -0.133594 -0.264665 -0.783542 0.130245 -0.679903 0.291698 0.629352 -0.041366 -0.667503 0.030708 -0.060609 -1.464599 -1.958932 -0.719532 -1.285705 -0.167619 0.123385 
3.089051 2.325527 -0.389627 1.878157 1.271431 -1.816038 -0.010555 0.270160 -0.398914 0.339187 0.024834 -1.752881 -1.118797 -0.585008 -1.002341 -0.598811 -0.136785 -0.865735 -0.887809 -0.536235 -0.873294 -0.335755 -2.096208 -1.683945 0.003728 
1.699729 -1.613714 0.159203 0.873069 -0.430897 -1.250961 -0.275281 -1.518249 -0.601185 -1.168176 -0.192687 -0.399762 -0.234663 -1.630035 -1.325218 -1.075094 -0.386754 -0.576931 -1.875898 -0.757763 -0.432450 -0.330840 -0.368194 -1.347905 -2.065147 
0.817126 1.528790 -1.305136 -1.218606 -0.327285 -0.469982 -0.999165 -0.143247 -1.382933 0.304944 -0.524100 -0.854534 -0.969040 -0.782930 -0.867956 -0.083181 -0.885748 -0.752784 -0.158589 -1.427563 -0.122910 -1.001211 -1.519413 -1.730649 -1.427201 
1.469534 -0.730366 -0.239129 -0.180658 0.319923 -1.230083 -0.774135 0.612329 -1.623853 -1.217154 0.218267 -0.316592 0.726914 0.473939 -0.610094 -0.308587 0.543081 -0.300713 -0.391516 -1.483646 -0.672998 -0.521216 -1.376172 -0.355060 -0.245661 
2.483152 -0.474180 -1.530297 -0.646731 0.533013 -0.079203 0.331312 -0.257854 0.384014 -1.069703 0.020850 -0.205280 -0.957237 -0.821435 -1.095492 -0.829887 -0.348884 -0.039721 -0.798343 -1.640218 -0.748401 -1.367948 -0.174944 -1.929362 -1.492832 
2.504203 -0.608058 0.067293 -1.019463 -1.028103 -0.327221 -0.950762 -1.082389 -0.415385 0.898217 -0.082135 0.024404 -0.802982 0.035657 -0.880325 -0.207193 -0.050577 -0.207119 -0.963097 -1.906973 -1.881395 -1.308714 -0.200779 -1.266531 -1.946880 
2.294887 1.540769 -0.685977 -0.021605 -1.802742 -0.455112 -1.180984 0.120396 -0.385563 -0.140519 -0.026240 -0.788684 1.108744 0.208749 -0.060776 -1.005446 0.066400 -0.544459 -0.784330 -1.378421 -0.523509 -1.050136 0.064880 -1.542350 -1.353352 
1.780302 -0.435543 0.594141 0.488742 -0.704280 -0.839641 -0.347327 -1.431238 -0.475816 -1.510633 -0.204192 -0.458854 -1.403979 -0.477247 -0.145742 -0.654807 -0.413406 -0.814292 -0.299625 -0.267636 -0.337159 -0.280803 0.000583 -1.047727 -1.588964 

1 1 4 4 4 4 0 0 0 0 0 0 0 0 0 0 0 0 0 0 0 0 3 3 3 
1 1 1 4 4 0 0 0 0 0 0 0 4 0 0 0 0 0 0 0 0 0 3 3 3 
1 1 1 4 4 4 4 0 0 4 4 4 4 4 4 0 0 0 0 0 0 0 0 3 3 
1 1 1 4 4 4 4 4 4 4 4 4 4 4 4 4 0 0 0 0 3 0 3 3 3 
1 1 1 1 4 4 4 4 4 4 4 4 4 4 4 0 0 0 0 0 3 3 3 3 3 
1 1 1 1 1 1 4 4 4 4 4 4 4 4 4 0 0 0 0 0 3 3 3 3 3 
1 1 1 1 1 4 4 4 4 4 4 4 4 4 4 0 0 0 0 0 3 3 3 3 3 
1 1 1 1 1 1 1 1 4 4 4 4 4 4 4 0 0 0 0 3 3 3 3 3 3 
1 1 1 1 1 1 1 1 4 4 4 4 4 4 0 0 0 3 3 3 3 3 3 3 3 
1 1 1 1 1 1 1 1 4 4 4 4 4 4 4 0 0 0 0 0 0 3 3 3 3 
1 1 1 1 1 1 1 1 1 4 4 4 4 4 4 4 4 0 0 3 0 3 3 3 3 
1 1 1 1 1 1 1 1 1 1 4 4 4 4 4 4 4 0 0 3 0 3 3 3 3 
1 1 1 1 1 1 1 1 1 2 4 4 4 4 4 4 0 0 0 3 3 3 3 3 3 
1 1 1 1 1 1 1 1 1 2 4 4 4 4 4 4 0 0 0 0 3 3 3 3 3 
1 1 1 1 1 1 1 1 2 2 2 4 4 4 4 0 0 0 0 0 3 3 3 3 3 
1 1 1 1 1 1 2 2 2 2 2 2 2 2 4 0 0 0 0 0 3 3 3 3 3 
1 1 1 1 1 2 2 2 2 2 2 2 2 2 2 2 0 0 0 3 3 3 3 3 3 
1 1 2 1 1 2 2 2 2 2 2 2 2 2 2 0 0 0 0 3 3 3 3 3 3 
1 2 2 2 2 2 2 2 2 2 2 2 2 2 2 2 0 0 3 3 3 3 3 3 3 
1 1 2 2 2 2 2 2 2 2 2 2 2 2 2 0 0 0 0 3 3 3 3 3 3 
1 2 2 2 2 2 2 2 2 2 2 2 2 2 2 2 2 0 0 3 3 3 3 3 3 
1 2 2 2 2 2 2 2 2 2 2 2 2 2 2 2 2 0 3 3 3 3 3 3 3 
1 2 2 2 2 2 2 2 2 2 2 2 2 2 0 0 0 0 0 3 3 3 3 3 3 
1 1 2 2 2 2 2 2 2 2 2 2 2 2 0 0 0 0 0 3 3 3 3 3 3 
1 2 2 2 2 2 2 2 2 2 2 2 2 2 0 0 0 0 0 3 3 3 3 3 3 

2.0 2.0 -1.0 -1.0 -1.0 -1.0 0.0 0.0 0.0 0.0 0.0 0.0 0.0 0.0 0.0 0.0 0.0 0.0 0.0 0.0 0.0 0.0 -2.0 -2.0 -2.0 
2.0 2.0 2.0 -1.0 -1.0 0.0 0.0 0.0 0.0 0.0 0.0 0.0 -1.0 0.0 0.0 0.0 0.0 0.0 0.0 0.0 0.0 0.0 -2.0 -2.0 -2.0 
2.0 2.0 2.0 -1.0 -1.0 -1.0 -1.0 0.0 0.0 -1.0 -1.0 -1.0 -1.0 -1.0 -1.0 0.0 0.0 0.0 0.0 0.0 0.0 0.0 0.0 -2.0 -2.0 
2.0 2.0 2.0 -1.0 -1.0 -1.0 -1.0 -1.0 -1.0 -1.0 -1.0 -1.0 -1.0 -1.0 -1.0 -1.0 0.0 0.0 0.0 0.0 -2.0 0.0 -2.0 -2.0 -2.0 
2.0 2.0 2.0 2.0 -1.0 -1.0 -1.0 -1.0 -1.0 -1.0 -1.0 -1.0 -1.0 -1.0 -1.0 0.0 0.0 0.0 0.0 0.0 -2.0 -2.0 -2.0 -2.0 -2.0 
2.0 2.0 2.0 2.0 2.0 2.0 -1.0 -1.0 -1.0 -1.0 -1.0 -1.0 -1.0 -1.0 -1.0 0.0 0.0 0.0 0.0 0.0 -2.0 -2.0 -2.0 -2.0 -2.0 
2.0 2.0 2.0 2.0 2.0 -1.0 -1.0 -1.0 -1.0 -1.0 -1.0 -1.0 -1.0 -1.0 -1.0 0.0 0.0 0.0 0.0 0.0 -2.0 -2.0 -2.0 -2.0 -2.0 
2.0 2.0 2.0 2.0 2.0 2.0 2.0 2.0 -1.0 -1.0 -1.0 -1.0 -1.0 -1.0 -1.0 0.0 0.0 0.0 0.0 -2.0 -2.0 -2.0 -2.0 -2.0 -2.0 
2.0 2.0 2.0 2.0 2.0 2.0 2.0 2.0 -1.0 -1.0 -1.0 -1.0 -1.0 -1.0 0.0 0.0 0.0 -2.0 -2.0 -2.0 -2.0 -2.0 -2.0 -2.0 -2.0 
2.0 2.0 2.0 2.0 2.0 2.0 2.0 2.0 -1.0 -1.0 -1.0 -1.0 -1.0 -1.0 -1.0 0.0 0.0 0.0 0.0 0.0 0.0 -2.0 -2.0 -2.0 -2.0 
2.0 2.0 2.0 2.0 2.0 2.0 2.0 2.0 2.0 -1.0 -1.0 -1.0 -1.0 -1.0 -1.0 -1.0 -1.0 0.0 0.0 -2.0 0.0 -2.0 -2.0 -2.0 -2.0 
2.0 2.0 2.0 2.0 2.0 2.0 2.0 2.0 2.0 2.0 -1.0 -1.0 -1.0 -1.0 -1.0 -1.0 -1.0 0.0 0.0 -2.0 0.0 -2.0 -2.0 -2.0 -2.0 
2.0 2.0 2.0 2.0 2.0 2.0 2.0 2.0 2.0 1.0 -1.0 -1.0 -1.0 -1.0 -1.0 -1.0 0.0 0.0 0.0 -2.0 -2.0 -2.0 -2.0 -2.0 -2.0 
2.0 2.0 2.0 2.0 2.0 2.0 2.0 2.0 2.0 1.0 -1.0 -1.0 -1.0 -1.0 -1.0 -1.0 0.0 0.0 0.0 0.0 -2.0 -2.0 -2.0 -2.0 -2.0 
2.0 2.0 2.0 2.0 2.0 2.0 2.0 2.0 1.0 1.0 1.0 -1.0 -1.0 -1.0 -1.0 0.0 0.0 0.0 0.0 0.0 -2.0 -2.0 -2.0 -2.0 -2.0 
2.0 2.0 2.0 2.0 2.0 2.0 1.0 1.0 1.0 1.0 1.0 1.0 1.0 1.0 -1.0 0.0 0.0 0.0 0.0 0.0 -2.0 -2.0 -2.0 -2.0 -2.0 
2.0 2.0 2.0 2.0 2.0 1.0 1.0 1.0 1.0 1.0 1.0 1.0 1.0 1.0 1.0 1.0 0.0 0.0 0.0 -2.0 -2.0 -2.0 -2.0 -2.0 -2.0 
2.0 2.0 1.0 2.0 2.0 1.0 1.0 1.0 1.0 1.0 1.0 1.0 1.0 1.0 1.0 0.0 0.0 0.0 0.0 -2.0 -2.0 -2.0 -2.0 -2.0 -2.0 
2.0 1.0 1.0 1.0 1.0 1.0 1.0 1.0 1.0 1.0 1.0 1.0 1.0 1.0 1.0 1.0 0.0 0.0 -2.0 -2.0 -2.0 -2.0 -2.0 -2.0 -2.0 
2.0 2.0 1.0 1.0 1.0 1.0 1.0 1.0 1.0 1.0 1.0 1.0 1.0 1.0 1.0 0.0 0.0 0.0 0.0 -2.0 -2.0 -2.0 -2.0 -2.0 -2.0 
2.0 1.0 1.0 1.0 1.0 1.0 1.0 1.0 1.0 1.0 1.0 1.0 1.0 1.0 1.0 1.0 1.0 0.0 0.0 -2.0 -2.0 -2.0 -2.0 -2.0 -2.0 
2.0 1.0 1.0 1.0 1.0 1.0 1.0 1.0 1.0 1.0 1.0 1.0 1.0 1.0 1.0 1.0 1.0 0.0 -2.0 -2.0 -2.0 -2.0 -2.0 -2.0 -2.0 
2.0 1.0 1.0 1.0 1.0 1.0 1.0 1.0 1.0 1.0 1.0 1.0 1.0 1.0 0.0 0.0 0.0 0.0 0.0 -2.0 -2.0 -2.0 -2.0 -2.0 -2.0 
2.0 2.0 1.0 1.0 1.0 1.0 1.0 1.0 1.0 1.0 1.0 1.0 1.0 1.0 0.0 0.0 0.0 0.0 0.0 -2.0 -2.0 -2.0 -2.0 -2.0 -2.0 
2.0 1.0 1.0 1.0 1.0 1.0 1.0 1.0 1.0 1.0 1.0 1.0 1.0 1.0 0.0 0.0 0.0 0.0 0.0 -2.0 -2.0 -2.0 -2.0 -2.0 -2.0 

2.0 2.0 1.0 1.0 1.0 1.0 -1.0 -1.0 -1.0 -1.0 -1.0 -1.0 -1.0 -1.0 -1.0 -1.0 -1.0 -1.0 -1.0 -1.0 -1.0 -1.0 0.0 0.0 0.0 
2.0 2.0 2.0 1.0 1.0 -1.0 -1.0 -1.0 -1.0 -1.0 -1.0 -1.0 1.0 -1.0 -1.0 -1.0 -1.0 -1.0 -1.0 -1.0 -1.0 -1.0 0.0 0.0 0.0 
2.0 2.0 2.0 1.0 1.0 1.0 1.0 -1.0 -1.0 1.0 1.0 1.0 1.0 1.0 1.0 -1.0 -1.0 -1.0 -1.0 -1.0 -1.0 -1.0 -1.0 0.0 0.0 
2.0 2.0 2.0 1.0 1.0 1.0 1.0 1.0 1.0 1.0 1.0 1.0 1.0 1.0 1.0 1.0 -1.0 -1.0 -1.0 -1.0 0.0 -1.0 0.0 0.0 0.0 
2.0 2.0 2.0 2.0 1.0 1.0 1.0 1.0 1.0 1.0 1.0 1.0 1.0 1.0 1.0 -1.0 -1.0 -1.0 -1.0 -1.0 0.0 0.0 0.0 0.0 0.0 
2.0 2.0 2.0 2.0 2.0 2.0 1.0 1.0 1.0 1.0 1.0 1.0 1.0 1.0 1.0 -1.0 -1.0 -1.0 -1.0 -1.0 0.0 0.0 0.0 0.0 0.0 
2.0 2.0 2.0 2.0 2.0 1.0 1.0 1.0 1.0 1.0 1.0 1.0 1.0 1.0 1.0 -1.0 -1.0 -1.0 -1.0 -1.0 0.0 0.0 0.0 0.0 0.0 
2.0 2.0 2.0 2.0 2.0 2.0 2.0 2.0 1.0 1.0 1.0 1.0 1.0 1.0 1.0 -1.0 -1.0 -1.0 -1.0 0.0 0.0 0.0 0.0 0.0 0.0 
2.0 2.0 2.0 2.0 2.0 2.0 2.0 2.0 1.0 1.0 1.0 1.0 1.0 1.0 -1.0 -1.0 -1.0 0.0 0.0 0.0 0.0 0.0 0.0 0.0 0.0 
2.0 2.0 2.0 2.0 2.0 2.0 2.0 2.0 1.0 1.0 1.0 1.0 1.0 1.0 1.0 -1.0 -1.0 -1.0 -1.0 -1.0 -1.0 0.0 0.0 0.0 0.0 
2.0 2.0 2.0 2.0 2.0 2.0 2.0 2.0 2.0 1.0 1.0 1.0 1.0 1.0 1.0 1.0 1.0 -1.0 -1.0 0.0 -1.0 0.0 0.0 0.0 0.0 
2.0 2.0 2.0 2.0 2.0 2.0 2.0 2.0 2.0 2.0 1.0 1.0 1.0 1.0 1.0 1.0 1.0 -1.0 -1.0 0.0 -1.0 0.0 0.0 0.0 0.0 
2.0 2.0 2.0 2.0 2.0 2.0 2.0 2.0 2.0 -2.0 1.0 1.0 1.0 1.0 1.0 1.0 -1.0 -1.0 -1.0 0.0 0.0 0.0 0.0 0.0 0.0 
2.0 2.0 2.0 2.0 2.0 2.0 2.0 2.0 2.0 -2.0 1.0 1.0 1.0 1.0 1.0 1.0 -1.0 -1.0 -1.0 -1.0 0.0 0.0 0.0 0.0 0.0 
2.0 2.0 2.0 2.0 2.0 2.0 2.0 2.0 -2.0 -2.0 -2.0 1.0 1.0 1.0 1.0 -1.0 -1.0 -1.0 -1.0 -1.0 0.0 0.0 0.0 0.0 0.0 
2.0 2.0 2.0 2.0 2.0 2.0 -2.0 -2.0 -2.0 -2.0 -2.0 -2.0 -2.0 -2.0 1.0 -1.0 -1.0 -1.0 -1.0 -1.0 0.0 0.0 0.0 0.0 0.0 
2.0 2.0 2.0 2.0 2.0 -2.0 -2.0 -2.0 -2.0 -2.0 -2.0 -2.0 -2.0 -2.0 -2.0 -2.0 -1.0 -1.0 -1.0 0.0 0.0 0.0 0.0 0.0 0.0 
2.0 2.0 -2.0 2.0 2.0 -2.0 -2.0 -2.0 -2.0 -2.0 -2.0 -2.0 -2.0 -2.0 -2.0 -1.0 -1.0 -1.0 -1.0 0.0 0.0 0.0 0.0 0.0 0.0 
2.0 -2.0 -2.0 -2.0 -2.0 -2.0 -2.0 -2.0 -2.0 -2.0 -2.0 -2.0 -2.0 -2.0 -2.0 -2.0 -1.0 -1.0 0.0 0.0 0.0 0.0 0.0 0.0 0.0 
2.0 2.0 -2.0 -2.0 -2.0 -2.0 -2.0 -2.0 -2.0 -2.0 -2.0 -2.0 -2.0 -2.0 -2.0 -1.0 -1.0 -1.0 -1.0 0.0 0.0 0.0 0.0 0.0 0.0 
2.0 -2.0 -2.0 -2.0 -2.0 -2.0 -2.0 -2.0 -2.0 -2.0 -2.0 -2.0 -2.0 -2.0 -2.0 -2.0 -2.0 -1.0 -1.0 0.0 0.0 0.0 0.0 0.0 0.0 
2.0 -2.0 -2.0 -2.0 -2.0 -2.0 -2.0 -2.0 -2.0 -2.0 -2.0 -2.0 -2.0 -2.0 -2.0 -2.0 -2.0 -1.0 0.0 0.0 0.0 0.0 0.0 0.0 0.0 
2.0 -2.0 -2.0 -2.0 -2.0 -2.0 -2.0 -2.0 -2.0 -2.0 -2.0 -2.0 -2.0 -2.0 -1.0 -1.0 -1.0 -1.0 -1.0 0.0 0.0 0.0 0.0 0.0 0.0 
2.0 2.0 -2.0 -2.0 -2.0 -2.0 -2.0 -2.0 -2.0 -2.0 -2.0 -2.0 -2.0 -2.0 -1.0 -1.0 -1.0 -1.0 -1.0 0.0 0.0 0.0 0.0 0.0 0.0 
2.0 -2.0 -2.0 -2.0 -2.0 -2.0 -2.0 -2.0 -2.0 -2.0 -2.0 -2.0 -2.0 -2.0 -1.0 -1.0 -1.0 -1.0 -1.0 0.0 0.0 0.0 0.0 0.0 0.0 

