0.093251 0.245918 0.157793 0.117639 0.797981 0.592870 0.049707 0.448414 0.381729 0.896360 0.681139 0.612478 0.061581 0.095025 0.187276 0.135537 0.508261 0.996309 0.677252 0.834426 0.496303 0.419917 0.330880 0.837531 0.236748 
0.457237 0.135497 0.559578 0.749058 0.201403 0.413419 0.760817 0.506753 0.915638 0.782310 0.186353 0.464700 0.041242 0.448266 0.240967 0.699759 0.217141 0.666131 0.735272 0.395827 0.667471 0.705919 0.501677 0.034581 0.048432 
0.518728 0.215703 0.819810 0.640922 0.065780 0.243544 0.938806 0.715403 0.936026 0.841902 0.999483 0.181178 0.417960 0.892173 0.679472 0.068209 0.429273 0.435337 0.176616 0.885570 0.245228 0.590399 0.281647 0.207470 0.596023 
0.767969 0.376219 0.315631 0.150119 0.362487 0.520635 0.882364 0.388262 0.864103 0.630177 0.157714 0.701573 0.031857 0.577062 0.893135 0.773213 0.349564 0.122146 0.394211 0.351767 0.537205 0.100828 0.229569 0.214710 0.598223 
0.516857 0.484554 0.355422 0.846914 0.671514 0.564796 0.145222 0.969053 0.934718 0.587467 0.101569 0.413341 0.458585 0.423559 0.512874 0.541969 0.783588 0.690376 0.759567 0.739778 0.626237 0.205017 0.722242 0.167331 0.035256 
0.899033 0.329268 0.352017 0.105966 0.618734 0.390936 0.641608 0.649350 0.875682 0.441116 0.275256 0.928196 0.960706 0.508735 0.857239 0.922544 0.560650 0.624662 0.750564 0.687693 0.409559 0.217120 0.769932 0.781353 0.147259 
0.873507 0.238749 0.968500 0.623311 0.163480 0.916718 0.757929 0.820457 0.124550 0.012997 0.034652 0.122957 0.659889 0.683756 0.669163 0.238550 0.704271 0.695904 0.056466 0.086555 0.211681 0.650537 0.194375 0.951573 0.242094 
0.021692 0.142224 0.861000 0.136744 0.209629 0.782773 0.593456 0.148481 0.634089 0.855909 0.364062 0.140808 0.802589 0.146537 0.269620 0.773385 0.553037 0.012667 0.627459 0.991220 0.387471 0.790338 0.500506 0.573550 0.948936 
0.091313 0.350355 0.487409 0.354173 0.723743 0.872222 0.671317 0.288541 0.410327 0.831799 0.005255 0.449511 0.999250 0.916300 0.695916 0.878863 0.774486 0.299035 0.588387 0.975316 0.639985 0.280985 0.241101 0.192522 0.989132 
0.418229 0.804630 0.422893 0.173681 0.323110 0.852804 0.335815 0.788301 0.553668 0.901585 0.250600 0.937824 0.029953 0.601538 0.072442 0.915197 0.660701 0.728593 0.836524 0.049009 0.808356 0.132065 0.283624 0.223589 0.436640 
0.922398 0.224611 0.344117 0.732229 0.228689 0.215450 0.693228 0.121486 0.239913 0.224724 0.586308 0.148433 0.723214 0.771618 0.518260 0.346957 0.458947 0.678097 0.760358 0.631929 0.262494 0.705512 0.620929 0.791691 0.082987 
0.688945 0.719571 0.662539 0.378585 0.331230 0.408101 0.874237 0.100308 0.098871 0.870641 0.125579 0.015088 0.815599 0.975368 0.706866 0.525380 0.882752 0.108040 0.301891 0.215358 0.680956 0.895925 0.937624 0.101510 0.550591 
0.538888 0.547615 0.286784 0.923725 0.441890 0.680160 0.172071 0.526293 0.435488 0.931109 0.440009 0.725657 0.817709 0.896121 0.683142 0.032959 0.322328 0.680954 0.219444 0.200884 0.954252 0.783944 0.051694 0.325204 0.530212 
0.380888 0.358011 0.445139 0.964892 0.574514 0.787685 0.283703 0.357301 0.531673 0.723977 0.367621 0.759139 0.313977 0.598088 0.857709 0.726291 0.286433 0.972092 0.559418 0.463317 0.970680 0.160447 0.343741 0.280840 0.472633 
0.462636 0.419253 0.746814 0.298454 0.599093 0.792619 0.922964 0.351661 0.359575 0.162780 0.163842 0.881340 0.928520 0.391800 0.626660 0.347794 0.408806 0.071229 0.510108 0.808463 0.104409 0.209826 0.330200 0.932695 0.526742 
0.130460 0.023071 0.269889 0.799441 0.019229 0.857999 0.584595 0.194923 0.750177 0.627814 0.410984 0.407420 0.562105 0.247102 0.508665 0.837700 0.598774 0.342810 0.118337 0.827904 0.789820 0.243598 0.123605 0.925707 0.893154 
0.902015 0.563943 0.838523 0.596730 0.769489 0.673760 0.774949 0.343634 0.534971 0.817761 0.068193 0.205498 0.995017 0.899212 0.369959 0.486348 0.987343 0.665100 0.183517 0.323290 0.889249 0.705138 0.170516 0.493348 0.894655 
0.255223 0.384176 0.695973 0.461299 0.202751 0.244701 0.620028 0.751589 0.996605 0.553461 0.427390 0.715952 0.577838 0.936157 0.931446 0.321917 0.928068 0.145878 0.806866 0.236437 0.429874 0.830381 0.137045 0.140929 0.241615 
0.041529 0.715338 0.551379 0.003124 0.999377 0.546487 0.525134 0.053907 0.418008 0.471282 0.151118 0.752965 0.617728 0.787020 0.160379 0.475680 0.158169 0.190204 0.527659 0.562079 0.554749 0.556379 0.395613 0.699690 0.823219 
0.717777 0.269514 0.027894 0.937502 0.975676 0.591863 0.774012 0.125922 0.708371 0.990921 0.972983 0.797274 0.199764 0.439895 0.328188 0.147036 0.287902 0.002361 0.072398 0.852582 0.124715 0.273862 0.549654 0.570599 0.750392 
0.266034 0.591198 0.757013 0.912298 0.525559 0.019535 0.842424 0.267468 0.383121 0.109522 0.995723 0.833586 0.227607 0.024720 0.326466 0.690432 0.056772 0.824859 0.592998 0.208724 0.476311 0.307507 0.660372 0.451477 0.925982 
0.529299 0.021668 0.200614 0.701687 0.301207 0.159652 0.845712 0.178914 0.978851 0.168145 0.757229 0.163547 0.940728 0.889564 0.792599 0.145212 0.002780 0.273778 0.160494 0.180241 0.490972 0.175341 0.698816 0.025405 0.393605 
0.429578 0.564189 0.336218 0.505900 0.140200 0.106412 0.933653 0.606638 0.391603 0.765519 0.499654 0.529795 0.977337 0.829369 0.353749 0.624386 0.738337 0.310067 0.760407 0.036855 0.438968 0.269821 0.732263 0.429534 0.485789 
0.911316 0.970263 0.010215 0.867659 0.632698 0.835267 0.515943 0.888987 0.471378 0.539210 0.643515 0.818529 0.932985 0.255734 0.892682 0.147415 0.356856 0.555016 0.328791 0.145402 0.447834 0.565471 0.070247 0.704185 0.891930 
0.530601 0.846444 0.853978 0.449506 0.247940 0.516779 0.585673 0.662195 0.090117 0.485852 0.515618 0.322524 0.468208 0.007692 0.147536 0.781317 0.207211 0.897696 0.746451 0.888811 0.368250 0.676551 0.496328 0.834325 0.886587 

0.287183 0.404803 0.667983 0.630388 0.412045 0.117963 0.755257 0.173260 0.116952 0.778087 0.448048 0.177530 0.889051 0.882399 0.383179 0.853962 0.835730 0.535051 0.398117 0.389217 0.719436 0.231606 0.575726 0.821897 0.789158 
0.987160 0.923277 0.856649 0.436500 0.473033 0.573435 0.850647 0.157416 0.573161 0.077633 0.783473 0.494901 0.168836 0.789401 0.977497 0.281395 0.730618 0.643454 0.892554 0.131626 0.628552 0.792096 0.932321 0.973991 0.679562 
0.055874 0.141804 0.199147 0.279859 0.839545 0.941804 0.299333 0.773248 0.239586 0.159872 0.491920 0.183739 0.376157 0.245080 0.703824 0.972761 0.474465 0.661652 0.717497 0.385453 0.590437 0.575645 0.910257 0.544093 0.086009 
0.331533 0.997478 0.145982 0.545275 0.704781 0.722657 0.509585 0.793353 0.383656 0.319933 0.484826 0.013396 0.574178 0.196392 0.192159 0.276221 0.158313 0.987319 0.153559 0.143375 0.345139 0.650780 0.276587 0.814740 0.477545 
0.826838 0.621519 0.612955 0.338451 0.205134 0.684927 0.396049 0.596000 0.067232 0.258632 0.220071 0.300187 0.030733 0.854174 0.855447 0.954328 0.947522 0.674977 0.348204 0.463074 0.785007 0.602912 0.255026 0.648869 0.449515 
0.160497 0.853280 0.270315 0.232216 0.569215 0.170452 0.261227 0.557240 0.264216 0.744925 0.523325 0.151068 0.479567 0.763120 0.747599 0.937430 0.245126 0.546869 0.770204 0.936840 0.160292 0.965497 0.544345 0.150793 0.673106 
0.920480 0.077673 0.264448 0.569837 0.246219 0.482802 0.731396 0.709093 0.807429 0.154963 0.752132 0.379284 0.678956 0.092718 0.230935 0.745785 0.536875 0.239729 0.463358 0.770319 0.847212 0.230433 0.243389 0.336847 0.873799 
0.867129 0.463354 0.546544 0.297896 0.970543 0.585192 0.310014 0.796351 0.798442 0.168118 0.951422 0.459252 0.466321 0.089821 0.959309 0.454652 0.555815 0.067707 0.614252 0.152608 0.791372 0.873005 0.493534 0.937911 0.505722 
0.682046 0.795762 0.622121 0.112224 0.107989 0.905579 0.064011 0.490610 0.322072 0.584444 0.609167 0.421387 0.737255 0.802892 0.397630 0.647331 0.858331 0.874820 0.855577 0.135092 0.357205 0.801254 0.370317 0.244729 0.482000 
0.339854 0.431126 0.574200 0.540938 0.542434 0.462061 0.822492 0.847027 0.520282 0.786163 0.912686 0.146993 0.616924 0.415044 0.156597 0.224363 0.981897 0.654898 0.635363 0.406368 0.686351 0.326436 0.806551 0.893242 0.159270 
0.454039 0.098171 0.496607 0.445897 0.150349 0.555174 0.346250 0.863073 0.398415 0.702850 0.589550 0.797059 0.288098 0.638744 0.260921 0.357580 0.785548 0.385132 0.905795 0.242633 0.103851 0.794242 0.855013 0.046595 0.932588 
0.451321 0.970293 0.180015 0.514447 0.992835 0.569706 0.730052 0.342459 0.616495 0.148510 0.294301 0.331400 0.320521 0.756400 0.807397 0.861740 0.321278 0.563443 0.978263 0.364275 0.894478 0.820629 0.673325 0.952169 0.631755 
0.496436 0.473704 0.889262 0.276455 0.210734 0.671361 0.812547 0.199842 0.460187 0.248666 0.700704 0.696555 0.749748 0.054386 0.552005 0.531458 0.461206 0.924852 0.231344 0.623746 0.335723 0.960946 0.180254 0.880164 0.936083 
0.881951 0.466747 0.112181 0.969497 0.543601 0.070746 0.253827 0.001653 0.039738 0.924192 0.690392 0.388001 0.556841 0.915435 0.595931 0.283180 0.042010 0.077953 0.971983 0.440482 0.718845 0.904710 0.481611 0.316574 0.050594 
0.182269 0.611925 0.585447 0.376996 0.932024 0.168813 0.058748 0.025464 0.546220 0.935018 0.637748 0.487683 0.746998 0.845779 0.118600 0.227951 0.666996 0.117065 0.067349 0.290895 0.867556 0.059966 0.829673 0.181621 0.113082 
0.256864 0.878577 0.951107 0.867719 0.798757 0.424833 0.907411 0.198432 0.903689 0.986589 0.433550 0.902647 0.175050 0.267387 0.358116 0.010393 0.579259 0.224158 0.125432 0.027152 0.081547 0.243414 0.098559 0.193849 0.846733 
0.629711 0.557589 0.423894 0.242226 0.770621 0.735889 0.578115 0.529307 0.171079 0.993112 0.480891 0.274917 0.173524 0.178014 0.741180 0.735758 0.978013 0.496928 0.527165 0.749901 0.213700 0.993422 0.228251 0.258229 0.968363 
0.513628 0.935054 0.690253 0.019243 0.199899 0.754226 0.975547 0.827058 0.853660 0.950559 0.890146 0.682284 0.630837 0.315603 0.547033 0.506193 0.031433 0.305652 0.919743 0.722553 0.950516 0.425687 0.933645 0.167021 0.730529 
0.807454 0.464230 0.123456 0.813893 0.452164 0.997618 0.564307 0.059417 0.796748 0.684991 0.684939 0.362556 0.511013 0.294582 0.171660 0.330661 0.753430 0.997525 0.814880 0.506327 0.943786 0.136094 0.629338 0.829993 0.522014 
0.952139 0.306317 0.812241 0.049212 0.115313 0.323557 0.421664 0.518898 0.037762 0.727048 0.864842 0.639902 0.589447 0.766835 0.431718 0.463093 0.285781 0.734164 0.402074 0.812174 0.383974 0.452384 0.668732 0.757467 0.083240 
0.916659 0.814416 0.649762 0.823055 0.713474 0.142373 0.418787 0.423034 0.529814 0.997495 0.005971 0.920853 0.692879 0.907380 0.714166 0.730536 0.849638 0.012368 0.471505 0.950173 0.521783 0.499789 0.437522 0.830655 0.434850 
0.901188 0.974478 0.539513 0.474142 0.069592 0.998486 0.917112 0.094720 0.474756 0.238466 0.991599 0.558028 0.812421 0.877534 0.424106 0.734194 0.013464 0.401071 0.126735 0.268254 0.837704 0.557786 0.490607 0.281757 0.878136 
0.712559 0.433490 0.799445 0.566858 0.256088 0.386540 0.122118 0.867133 0.927760 0.622974 0.598557 0.681416 0.828586 0.654614 0.481951 0.037580 0.360104 0.885528 0.897250 0.744382 0.601562 0.760704 0.047707 0.587378 0.844061 
0.899789 0.247543 0.112720 0.191636 0.079110 0.788499 0.651631 0.467873 0.424541 0.946192 0.712602 0.119890 0.925083 0.044671 0.472041 0.382042 0.947582 0.662695 0.597065 0.799257 0.199958 0.909121 0.609913 0.649015 0.732610 
0.352256 0.241420 0.508253 0.100919 0.350351 0.755862 0.838146 0.545671 0.984687 0.751421 0.921724 0.898881 0.464719 0.288779 0.109144 0.578599 0.406726 0.734076 0.789909 0.608537 0.858364 0.488258 0.553205 0.907935 0.558212 

-0.856527 -1.276194 -1.610621 -1.540257 -2.326158 0.070872 -0.631874 -0.368759 -0.073473 -0.659253 -0.619068 -0.246070 -0.962316 -0.847348 -0.464968 -1.012008 -0.810319 -0.532716 -0.199523 -0.375707 -0.903032 -0.308340 -0.532370 -0.846893 -0.867434 
-2.930782 -2.166662 -2.766291 -2.462035 -1.303183 -2.148677 -3.095208 -0.176011 -0.408837 -0.097018 -0.696936 -0.486076 -0.158919 -0.801448 -1.035489 -0.337778 -0.578374 -0.784117 -0.849418 -0.138845 -0.687978 -0.852471 -0.968629 -0.906986 -0.762009 
-1.066014 -0.611004 -1.933592 -1.868480 -1.928694 -2.265525 -2.293328 -2.964318 -2.349614 -0.038089 -0.305677 -0.111221 -0.199770 -0.234721 -0.863362 -0.952409 -0.414733 -0.638479 -0.882896 -0.232057 -0.379806 -0.567914 -0.912232 -0.480735 -0.075686 
-2.256180 -2.710084 -1.097711 -1.278156 -2.388251 -2.300542 -2.833424 -2.202795 -2.420465 -1.720583 -1.282429 -0.121635 -0.633430 -0.177132 -0.095138 -0.244240 -0.062200 -0.926191 -0.134756 -0.211422 -0.469403 -0.705967 -0.216761 -0.891861 -0.516138 
-2.755166 -2.159142 -1.885319 -2.383388 -1.774660 -2.494033 -0.940771 -3.304131 -2.015824 -1.649784 -0.524460 -1.399237 -0.772142 -0.887264 -0.939201 -0.778633 -0.991729 -0.494277 -0.405441 -0.426656 -0.785391 -0.633667 -0.079065 -0.564074 -0.269192 
-2.245433 -2.234988 -1.177700 -0.657066 -2.267883 -1.024845 -1.649922 -2.471044 -2.223079 -2.515269 -1.596325 -2.084367 -2.887352 -2.628668 -3.258989 -0.846460 -0.273909 -0.565417 -0.826136 -0.777156 -0.157234 -0.869983 -0.599744 -0.118408 -0.662945 
-3.524065 -0.478852 -2.738392 -2.519914 -0.709423 -2.949928 -2.836935 -3.200486 -1.705699 -0.309316 -1.650821 -0.924187 -2.575249 -1.575248 -1.955767 -2.114549 -2.554474 -0.193767 -0.458122 -0.610246 -0.934000 -0.268336 -0.324113 -0.276826 -0.908941 
-1.762283 -1.316144 -2.788779 -0.783118 -2.229634 -2.748357 -1.888278 -1.828209 -2.948535 -2.055903 -2.486763 -1.337644 -2.454926 -0.498317 -2.317711 -2.355829 -2.296551 -0.094578 -2.504962 -0.258946 -0.840671 -0.831309 -0.546726 -1.066711 2.428641 
-1.606869 -2.330826 -2.339351 -0.976892 -1.534994 -3.561297 -1.375277 -1.565579 -1.289392 -2.617740 -1.531325 -1.846007 -3.516974 -3.237403 -2.219244 -3.106790 -3.407761 -2.458157 -2.833343 -2.393347 -1.919774 -0.851856 0.848667 0.466390 2.613554 
-1.482273 -2.548768 -2.025065 -1.485126 -1.551005 -2.747323 -2.300110 -3.190469 -2.111499 -3.539193 -2.253513 -2.110235 -1.255775 -1.906359 -0.467299 -2.131030 -3.265186 -2.976941 -2.907656 -0.975492 0.785884 0.472404 1.408945 1.499893 1.006492 
-2.681484 -0.698624 -1.486112 -2.455548 -0.793624 -1.549683 -2.013209 -1.985222 -1.346592 -1.590225 -2.352204 -1.878037 -2.064469 -2.946539 -1.459124 -1.329337 0.464357 0.650897 0.779637 0.604370 0.119256 2.247923 2.146108 1.676306 1.174087 
-2.397337 -3.466249 -1.650848 -1.890554 -2.620298 -2.063919 -3.066727 -0.836909 -1.580465 -1.910507 -0.766593 -0.543700 0.700782 1.015933 0.616721 0.481523 0.939800 0.122035 0.327054 0.138392 0.828837 2.661110 2.562133 1.377227 1.798864 
-2.121520 -2.015566 -2.331429 -2.270699 -1.352083 -2.667892 -1.959670 -1.423130 0.274990 1.140319 0.518164 0.652885 0.835836 1.069263 0.728751 -0.111590 0.324425 0.574150 0.422796 0.359545 2.055051 2.586776 0.196485 1.646710 2.215816 
-2.476699 -1.899696 -0.950335 -3.584069 0.502711 0.822107 0.424344 0.313356 0.588692 0.684143 0.420382 0.682734 0.258635 0.645019 0.762771 0.620666 0.256478 0.911307 0.547379 0.410985 2.842051 1.184433 1.261468 0.787764 0.943344 
0.493648 0.427997 0.841475 0.133028 0.398338 0.824128 0.904413 0.276346 0.359619 0.198753 0.289411 0.908592 0.888488 0.329982 0.620666 0.375297 0.289596 -0.043659 0.648842 0.640493 0.968930 0.596653 1.487804 2.197274 1.207057 
-0.007262 -0.048603 0.334748 0.791297 0.018988 1.003547 0.644136 -0.013868 0.554660 0.630464 0.384718 0.599777 0.612901 0.222660 0.345938 0.862124 0.561405 0.300650 0.177560 0.640734 1.711674 0.684806 0.356392 2.079919 2.444165 
0.744275 0.533803 0.865203 0.530057 0.657842 0.478582 0.909099 0.432839 0.420099 0.764554 -0.014175 0.181043 0.817888 0.880915 0.354291 0.500772 0.962660 0.535995 0.162916 1.533691 1.999741 2.454326 0.537923 1.159069 2.779393 
0.348954 0.453143 0.809995 0.376001 0.192033 0.335319 0.523010 0.702859 1.043941 0.510805 0.510129 0.603574 0.575659 0.974903 0.911538 0.304618 0.729611 0.014644 0.839569 1.499409 1.797050 2.042962 1.207140 0.270465 1.211360 
-0.067816 0.763155 0.596534 0.034391 1.024323 0.636712 0.298477 0.090785 0.625064 0.616421 0.386898 0.731247 0.586769 0.601362 0.284771 0.478097 0.256627 0.074716 0.633369 1.608231 2.002823 1.170583 1.287069 2.527871 2.385960 
1.085172 0.396686 1.652343 -0.714520 -0.530936 0.017889 0.053737 0.932049 -0.707389 0.464768 0.830616 0.582433 0.812989 1.255816 0.356188 0.747057 0.264165 1.509519 0.462220 2.493487 0.659269 1.054169 1.891171 1.912657 1.551528 
1.530700 0.997752 0.783168 0.786411 0.808594 0.470232 -0.087886 0.516594 0.725971 1.963415 -1.129739 1.109290 1.232370 1.841575 0.958447 0.737312 1.476616 -0.829024 1.489391 1.305175 1.359122 0.884668 1.667574 1.712357 2.242640 
1.202409 1.947120 0.992009 0.229030 0.066542 1.683407 0.990914 -0.027597 -0.024901 0.336474 1.269132 0.949055 0.714706 0.821287 -0.156079 1.377683 -0.068772 0.629259 -0.003906 0.488489 1.740373 1.002255 1.793358 0.429786 1.759242 
0.915970 0.326058 1.231131 0.902248 0.285708 0.499012 -0.783429 1.215774 1.410293 0.543897 0.721533 0.790125 0.740279 0.560375 0.543452 -0.688122 0.093127 1.457598 1.206204 0.830235 1.561105 1.431683 1.527951 1.260915 1.772321 
0.924423 -0.419411 0.191643 -0.383156 -0.450825 0.768038 0.922307 0.051626 0.589488 1.392939 0.755517 -0.603281 0.898576 -0.329713 0.126329 0.418690 1.651127 0.668736 0.779442 1.034210 1.057357 1.923775 0.750412 2.073104 2.694641 
0.025656 -0.470839 0.079533 -0.385681 0.450131 1.035757 0.994093 0.651045 1.908227 0.911486 1.340755 1.601726 0.510868 0.748964 0.175568 0.505540 0.576808 0.627951 0.585113 2.432940 1.555677 2.027419 1.398093 2.533512 2.389197 

4 4 4 4 4 1 1 1 1 1 1 1 1 1 1 1 1 1 1 1 1 1 1 1 1 
4 4 4 4 4 4 4 1 1 1 1 1 1 1 1 1 1 1 1 1 1 1 1 1 1 
4 4 4 4 4 4 4 4 4 1 1 1 1 1 1 1 1 1 1 1 1 1 1 1 1 
4 4 4 4 4 4 4 4 4 4 4 1 1 1 1 1 1 1 1 1 1 1 1 1 1 
4 4 4 4 4 4 4 4 4 4 4 4 4 1 1 1 1 1 1 1 1 1 1 1 1 
4 4 4 4 4 4 4 4 4 4 4 4 4 4 4 1 1 1 1 1 1 1 1 1 1 
4 4 4 4 4 4 4 4 4 4 4 4 4 4 4 4 4 1 1 1 1 1 1 1 1 
4 4 4 4 4 4 4 4 4 4 4 4 4 4 4 4 4 4 4 1 1 1 1 1 3 
4 4 4 4 4 4 4 4 4 4 4 4 4 4 4 4 4 4 4 4 4 1 3 3 3 
4 4 4 4 4 4 4 4 4 4 4 4 4 4 4 4 4 4 4 4 2 3 3 3 3 
4 4 4 4 4 4 4 4 4 4 4 4 4 4 4 4 2 2 2 2 2 3 3 3 3 
4 4 4 4 4 4 4 4 4 4 4 4 2 2 2 2 2 2 2 2 2 3 3 3 3 
4 4 4 4 4 4 4 4 2 2 2 2 2 2 2 2 2 2 2 2 3 3 3 3 3 
4 4 4 4 2 2 2 2 2 2 2 2 2 2 2 2 2 2 2 2 3 3 3 3 3 
2 2 2 2 2 2 2 2 2 2 2 2 2 2 2 2 2 2 2 2 3 3 3 3 3 
2 2 2 2 2 2 2 2 2 2 2 2 2 2 2 2 2 2 2 2 3 3 3 3 3 
2 2 2 2 2 2 2 2 2 2 2 2 2 2 2 2 2 2 2 3 3 3 3 3 3 
2 2 2 2 2 2 2 2 2 2 2 2 2 2 2 2 2 2 2 3 3 3 3 3 3 
2 2 2 2 2 2 2 2 2 2 2 2 2 2 2 2 2 2 2 3 3 3 3 3 3 
0 0 0 0 0 0 0 0 0 0 0 0 0 0 0 0 0 0 3 3 3 3 3 3 3 
0 0 0 0 0 0 0 0 0 0 0 0 0 0 0 0 0 0 3 3 3 3 3 3 3 
0 0 0 0 0 0 0 0 0 0 0 0 0 0 0 0 0 0 0 3 3 3 3 3 3 
0 0 0 0 0 0 0 0 0 0 0 0 0 0 0 0 0 0 0 3 3 3 3 3 3 
0 0 0 0 0 0 0 0 0 0 0 0 0 0 0 0 0 0 0 3 3 3 3 3 3 
0 0 0 0 0 0 0 0 0 0 0 0 0 0 0 0 0 0 0 3 3 3 3 3 3 

-2.0 -2.0 -2.0 -2.0 -2.0 0.0 0.0 0.0 0.0 0.0 0.0 0.0 0.0 0.0 0.0 0.0 0.0 0.0 0.0 0.0 0.0 0.0 0.0 0.0 0.0 
-2.0 -2.0 -2.0 -2.0 -2.0 -2.0 -2.0 0.0 0.0 0.0 0.0 0.0 0.0 0.0 0.0 0.0 0.0 0.0 0.0 0.0 0.0 0.0 0.0 0.0 0.0 
-2.0 -2.0 -2.0 -2.0 -2.0 -2.0 -2.0 -2.0 -2.0 0.0 0.0 0.0 0.0 0.0 0.0 0.0 0.0 0.0 0.0 0.0 0.0 0.0 0.0 0.0 0.0 
-2.0 -2.0 -2.0 -2.0 -2.0 -2.0 -2.0 -2.0 -2.0 -2.0 -2.0 0.0 0.0 0.0 0.0 0.0 0.0 0.0 0.0 0.0 0.0 0.0 0.0 0.0 0.0 
-2.0 -2.0 -2.0 -2.0 -2.0 -2.0 -2.0 -2.0 -2.0 -2.0 -2.0 -2.0 -2.0 0.0 0.0 0.0 0.0 0.0 0.0 0.0 0.0 0.0 0.0 0.0 0.0 
-2.0 -2.0 -2.0 -2.0 -2.0 -2.0 -2.0 -2.0 -2.0 -2.0 -2.0 -2.0 -2.0 -2.0 -2.0 0.0 0.0 0.0 0.0 0.0 0.0 0.0 0.0 0.0 0.0 
-2.0 -2.0 -2.0 -2.0 -2.0 -2.0 -2.0 -2.0 -2.0 -2.0 -2.0 -2.0 -2.0 -2.0 -2.0 -2.0 -2.0 0.0 0.0 0.0 0.0 0.0 0.0 0.0 0.0 
-2.0 -2.0 -2.0 -2.0 -2.0 -2.0 -2.0 -2.0 -2.0 -2.0 -2.0 -2.0 -2.0 -2.0 -2.0 -2.0 -2.0 -2.0 -2.0 0.0 0.0 0.0 0.0 0.0 2.0 
-2.0 -2.0 -2.0 -2.0 -2.0 -2.0 -2.0 -2.0 -2.0 -2.0 -2.0 -2.0 -2.0 -2.0 -2.0 -2.0 -2.0 -2.0 -2.0 -2.0 -2.0 0.0 2.0 2.0 2.0 
-2.0 -2.0 -2.0 -2.0 -2.0 -2.0 -2.0 -2.0 -2.0 -2.0 -2.0 -2.0 -2.0 -2.0 -2.0 -2.0 -2.0 -2.0 -2.0 -2.0 1.0 2.0 2.0 2.0 2.0 
-2.0 -2.0 -2.0 -2.0 -2.0 -2.0 -2.0 -2.0 -2.0 -2.0 -2.0 -2.0 -2.0 -2.0 -2.0 -2.0 1.0 1.0 1.0 1.0 1.0 2.0 2.0 2.0 2.0 
-2.0 -2.0 -2.0 -2.0 -2.0 -2.0 -2.0 -2.0 -2.0 -2.0 -2.0 -2.0 1.0 1.0 1.0 1.0 1.0 1.0 1.0 1.0 1.0 2.0 2.0 2.0 2.0 
-2.0 -2.0 -2.0 -2.0 -2.0 -2.0 -2.0 -2.0 1.0 1.0 1.0 1.0 1.0 1.0 1.0 1.0 1.0 1.0 1.0 1.0 2.0 2.0 2.0 2.0 2.0 
-2.0 -2.0 -2.0 -2.0 1.0 1.0 1.0 1.0 1.0 1.0 1.0 1.0 1.0 1.0 1.0 1.0 1.0 1.0 1.0 1.0 2.0 2.0 2.0 2.0 2.0 
1.0 1.0 1.0 1.0 1.0 1.0 1.0 1.0 1.0 1.0 1.0 1.0 1.0 1.0 1.0 1.0 1.0 1.0 1.0 1.0 2.0 2.0 2.0 2.0 2.0 
1.0 1.0 1.0 1.0 1.0 1.0 1.0 1.0 1.0 1.0 1.0 1.0 1.0 1.0 1.0 1.0 1.0 1.0 1.0 1.0 2.0 2.0 2.0 2.0 2.0 
1.0 1.0 1.0 1.0 1.0 1.0 1.0 1.0 1.0 1.0 1.0 1.0 1.0 1.0 1.0 1.0 1.0 1.0 1.0 2.0 2.0 2.0 2.0 2.0 2.0 
1.0 1.0 1.0 1.0 1.0 1.0 1.0 1.0 1.0 1.0 1.0 1.0 1.0 1.0 1.0 1.0 1.0 1.0 1.0 2.0 2.0 2.0 2.0 2.0 2.0 
1.0 1.0 1.0 1.0 1.0 1.0 1.0 1.0 1.0 1.0 1.0 1.0 1.0 1.0 1.0 1.0 1.0 1.0 1.0 2.0 2.0 2.0 2.0 2.0 2.0 
-1.0 -1.0 -1.0 -1.0 -1.0 -1.0 -1.0 -1.0 -1.0 -1.0 -1.0 -1.0 -1.0 -1.0 -1.0 -1.0 -1.0 -1.0 2.0 2.0 2.0 2.0 2.0 2.0 2.0 
-1.0 -1.0 -1.0 -1.0 -1.0 -1.0 -1.0 -1.0 -1.0 -1.0 -1.0 -1.0 -1.0 -1.0 -1.0 -1.0 -1.0 -1.0 2.0 2.0 2.0 2.0 2.0 2.0 2.0 
-1.0 -1.0 -1.0 -1.0 -1.0 -1.0 -1.0 -1.0 -1.0 -1.0 -1.0 -1.0 -1.0 -1.0 -1.0 -1.0 -1.0 -1.0 -1.0 2.0 2.0 2.0 2.0 2.0 2.0 
-1.0 -1.0 -1.0 -1.0 -1.0 -1.0 -1.0 -1.0 -1.0 -1.0 -1.0 -1.0 -1.0 -1.0 -1.0 -1.0 -1.0 -1.0 -1.0 2.0 2.0 2.0 2.0 2.0 2.0 
-1.0 -1.0 -1.0 -1.0 -1.0 -1.0 -1.0 -1.0 -1.0 -1.0 -1.0 -1.0 -1.0 -1.0 -1.0 -1.0 -1.0 -1.0 -1.0 2.0 2.0 2.0 2.0 2.0 2.0 
-1.0 -1.0 -1.0 -1.0 -1.0 -1.0 -1.0 -1.0 -1.0 -1.0 -1.0 -1.0 -1.0 -1.0 -1.0 -1.0 -1.0 -1.0 -1.0 2.0 2.0 2.0 2.0 2.0 2.0 

-2.0 -2.0 -2.0 -2.0 -2.0 -1.0 -1.0 -1.0 -1.0 -1.0 -1.0 -1.0 -1.0 -1.0 -1.0 -1.0 -1.0 -1.0 -1.0 -1.0 -1.0 -1.0 -1.0 -1.0 -1.0 
-2.0 -2.0 -2.0 -2.0 -2.0 -2.0 -2.0 -1.0 -1.0 -1.0 -1.0 -1.0 -1.0 -1.0 -1.0 -1.0 -1.0 -1.0 -1.0 -1.0 -1.0 -1.0 -1.0 -1.0 -1.0 
-2.0 -2.0 -2.0 -2.0 -2.0 -2.0 -2.0 -2.0 -2.0 -1.0 -1.0 -1.0 -1.0 -1.0 -1.0 -1.0 -1.0 -1.0 -1.0 -1.0 -1.0 -1.0 -1.0 -1.0 -1.0 
-2.0 -2.0 -2.0 -2.0 -2.0 -2.0 -2.0 -2.0 -2.0 -2.0 -2.0 -1.0 -1.0 -1.0 -1.0 -1.0 -1.0 -1.0 -1.0 -1.0 -1.0 -1.0 -1.0 -1.0 -1.0 
-2.0 -2.0 -2.0 -2.0 -2.0 -2.0 -2.0 -2.0 -2.0 -2.0 -2.0 -2.0 -2.0 -1.0 -1.0 -1.0 -1.0 -1.0 -1.0 -1.0 -1.0 -1.0 -1.0 -1.0 -1.0 
-2.0 -2.0 -2.0 -2.0 -2.0 -2.0 -2.0 -2.0 -2.0 -2.0 -2.0 -2.0 -2.0 -2.0 -2.0 -1.0 -1.0 -1.0 -1.0 -1.0 -1.0 -1.0 -1.0 -1.0 -1.0 
-2.0 -2.0 -2.0 -2.0 -2.0 -2.0 -2.0 -2.0 -2.0 -2.0 -2.0 -2.0 -2.0 -2.0 -2.0 -2.0 -2.0 -1.0 -1.0 -1.0 -1.0 -1.0 -1.0 -1.0 -1.0 
-2.0 -2.0 -2.0 -2.0 -2.0 -2.0 -2.0 -2.0 -2.0 -2.0 -2.0 -2.0 -2.0 -2.0 -2.0 -2.0 -2.0 -2.0 -2.0 -1.0 -1.0 -1.0 -1.0 -1.0 1.0 
-2.0 -2.0 -2.0 -2.0 -2.0 -2.0 -2.0 -2.0 -2.0 -2.0 -2.0 -2.0 -2.0 -2.0 -2.0 -2.0 -2.0 -2.0 -2.0 -2.0 -2.0 -1.0 1.0 1.0 1.0 
-2.0 -2.0 -2.0 -2.0 -2.0 -2.0 -2.0 -2.0 -2.0 -2.0 -2.0 -2.0 -2.0 -2.0 -2.0 -2.0 -2.0 -2.0 -2.0 -2.0 0.0 1.0 1.0 1.0 1.0 
-2.0 -2.0 -2.0 -2.0 -2.0 -2.0 -2.0 -2.0 -2.0 -2.0 -2.0 -2.0 -2.0 -2.0 -2.0 -2.0 0.0 0.0 0.0 0.0 0.0 1.0 1.0 1.0 1.0 
-2.0 -2.0 -2.0 -2.0 -2.0 -2.0 -2.0 -2.0 -2.0 -2.0 -2.0 -2.0 0.0 0.0 0.0 0.0 0.0 0.0 0.0 0.0 0.0 1.0 1.0 1.0 1.0 
-2.0 -2.0 -2.0 -2.0 -2.0 -2.0 -2.0 -2.0 0.0 0.0 0.0 0.0 0.0 0.0 0.0 0.0 0.0 0.0 0.0 0.0 1.0 1.0 1.0 1.0 1.0 
-2.0 -2.0 -2.0 -2.0 0.0 0.0 0.0 0.0 0.0 0.0 0.0 0.0 0.0 0.0 0.0 0.0 0.0 0.0 0.0 0.0 1.0 1.0 1.0 1.0 1.0 
0.0 0.0 0.0 0.0 0.0 0.0 0.0 0.0 0.0 0.0 0.0 0.0 0.0 0.0 0.0 0.0 0.0 0.0 0.0 0.0 1.0 1.0 1.0 1.0 1.0 
0.0 0.0 0.0 0.0 0.0 0.0 0.0 0.0 0.0 0.0 0.0 0.0 0.0 0.0 0.0 0.0 0.0 0.0 0.0 0.0 1.0 1.0 1.0 1.0 1.0 
0.0 0.0 0.0 0.0 0.0 0.0 0.0 0.0 0.0 0.0 0.0 0.0 0.0 0.0 0.0 0.0 0.0 0.0 0.0 1.0 1.0 1.0 1.0 1.0 1.0 
0.0 0.0 0.0 0.0 0.0 0.0 0.0 0.0 0.0 0.0 0.0 0.0 0.0 0.0 0.0 0.0 0.0 0.0 0.0 1.0 1.0 1.0 1.0 1.0 1.0 
0.0 0.0 0.0 0.0 0.0 0.0 0.0 0.0 0.0 0.0 0.0 0.0 0.0 0.0 0.0 0.0 0.0 0.0 0.0 1.0 1.0 1.0 1.0 1.0 1.0 
2.0 2.0 2.0 2.0 2.0 2.0 2.0 2.0 2.0 2.0 2.0 2.0 2.0 2.0 2.0 2.0 2.0 2.0 1.0 1.0 1.0 1.0 1.0 1.0 1.0 
2.0 2.0 2.0 2.0 2.0 2.0 2.0 2.0 2.0 2.0 2.0 2.0 2.0 2.0 2.0 2.0 2.0 2.0 1.0 1.0 1.0 1.0 1.0 1.0 1.0 
2.0 2.0 2.0 2.0 2.0 2.0 2.0 2.0 2.0 2.0 2.0 2.0 2.0 2.0 2.0 2.0 2.0 2.0 2.0 1.0 1.0 1.0 1.0 1.0 1.0 
2.0 2.0 2.0 2.0 2.0 2.0 2.0 2.0 2.0 2.0 2.0 2.0 2.0 2.0 2.0 2.0 2.0 2.0 2.0 1.0 1.0 1.0 1.0 1.0 1.0 
2.0 2.0 2.0 2.0 2.0 2.0 2.0 2.0 2.0 2.0 2.0 2.0 2.0 2.0 2.0 2.0 2.0 2.0 2.0 1.0 1.0 1.0 1.0 1.0 1.0 
2.0 2.0 2.0 2.0 2.0 2.0 2.0 2.0 2.0 2.0 2.0 2.0 2.0 2.0 2.0 2.0 2.0 2.0 2.0 1.0 1.0 1.0 1.0 1.0 1.0 

