0.447868 0.192186 0.487040 0.616137 0.748985 0.495917 0.353956 0.804102 0.126585 0.398944 0.477129 0.306764 0.889025 0.818803 0.420250 0.237018 0.169494 0.993702 0.440312 0.699945 0.448369 0.246093 0.214681 0.785227 0.132568 
0.697359 0.081805 0.060927 0.685947 0.941448 0.538808 0.768265 0.915173 0.777930 0.052331 0.611145 0.099343 0.121429 0.291679 0.587257 0.823666 0.703300 0.575509 0.685842 0.936647 0.085147 0.324012 0.714101 0.305176 0.541256 
0.817496 0.226868 0.786994 0.618040 0.149027 0.417251 0.313081 0.796517 0.569068 0.540332 0.740900 0.077910 0.832699 0.027781 0.258888 0.256862 0.601937 0.316570 0.937581 0.774045 0.444488 0.926502 0.022562 0.597705 0.437320 
0.966540 0.891163 0.927850 0.408833 0.466137 0.886490 0.934565 0.986244 0.364808 0.019843 0.714238 0.839946 0.146507 0.371186 0.391441 0.400882 0.068839 0.810651 0.683540 0.889783 0.869137 0.038561 0.589913 0.715694 0.705654 
0.738641 0.425347 0.371806 0.404026 0.207727 0.591352 0.571192 0.805884 0.558868 0.796381 0.513250 0.702672 0.088398 0.039760 0.926713 0.098883 0.049087 0.556151 0.191363 0.321699 0.852959 0.642683 0.315990 0.470166 0.755940 
0.046031 0.195214 0.389878 0.712191 0.363461 0.468751 0.894821 0.350618 0.613942 0.207104 0.167088 0.520975 0.479316 0.028530 0.799709 0.076057 0.929705 0.573077 0.705401 0.787314 0.576249 0.270183 0.566752 0.400061 0.662849 
0.170589 0.430199 0.925552 0.719431 0.266959 0.917833 0.753240 0.404568 0.340357 0.405381 0.285404 0.350688 0.196456 0.300107 0.534489 0.056866 0.482351 0.945565 0.782116 0.025275 0.872666 0.227638 0.482029 0.967261 0.591867 
0.572560 0.091210 0.677512 0.600661 0.371456 0.672452 0.724805 0.649564 0.799492 0.162845 0.361420 0.545734 0.055217 0.464584 0.512129 0.670506 0.952799 0.782772 0.163816 0.283161 0.358847 0.790518 0.129353 0.107295 0.324924 
0.793548 0.851382 0.625519 0.462106 0.037767 0.625468 0.635400 0.497069 0.343690 0.450773 0.232094 0.013292 0.453509 0.179681 0.860316 0.329533 0.856175 0.437854 0.569881 0.995830 0.859665 0.502586 0.120413 0.153700 0.616855 
0.002484 0.927203 0.011549 0.506054 0.255063 0.401605 0.862157 0.388449 0.381201 0.298555 0.778981 0.193434 0.261990 0.668446 0.658800 0.374232 0.371022 0.361773 0.977866 0.528340 0.860702 0.367935 0.281388 0.258343 0.397384 
0.922603 0.513965 0.078802 0.056610 0.335864 0.553505 0.967228 0.955724 0.750445 0.170861 0.698832 0.768923 0.191796 0.131726 0.177778 0.626290 0.747764 0.878895 0.202569 0.311391 0.557517 0.364712 0.953632 0.228896 0.669729 
0.765543 0.501448 0.895290 0.902175 0.157463 0.462819 0.505287 0.382041 0.843368 0.049795 0.895321 0.872896 0.166608 0.653932 0.640851 0.174637 0.129924 0.013417 0.750830 0.282488 0.925560 0.947512 0.433468 0.506349 0.527323 
0.736430 0.610552 0.530643 0.177979 0.497124 0.462838 0.632725 0.158538 0.022291 0.393237 0.484259 0.468982 0.899933 0.134218 0.684855 0.440053 0.248131 0.913651 0.341048 0.274857 0.649803 0.858127 0.828493 0.290896 0.248297 
0.154905 0.987845 0.619033 0.203750 0.790433 0.018736 0.624331 0.539952 0.303409 0.762245 0.581307 0.355288 0.419007 0.158462 0.944551 0.677481 0.870612 0.813257 0.409942 0.845124 0.888772 0.909693 0.273562 0.796117 0.954864 
0.086025 0.682722 0.839433 0.005579 0.880872 0.799511 0.760146 0.234065 0.125467 0.468035 0.312861 0.340857 0.784350 0.520088 0.357570 0.257542 0.730581 0.670671 0.924866 0.233276 0.824282 0.725996 0.922792 0.715302 0.139137 
0.745189 0.121657 0.906276 0.294379 0.975468 0.648954 0.218039 0.893443 0.099668 0.931459 0.330770 0.845955 0.125144 0.535904 0.997532 0.977189 0.510051 0.064872 0.805895 0.571891 0.781440 0.105438 0.080287 0.276408 0.682603 
0.210992 0.201488 0.486638 0.404430 0.839033 0.732786 0.716326 0.502352 0.204430 0.726349 0.849892 0.462743 0.796690 0.114860 0.070142 0.871342 0.340831 0.852705 0.954943 0.406937 0.495302 0.238414 0.103617 0.780367 0.981359 
0.306996 0.700139 0.333261 0.246766 0.497644 0.311722 0.811632 0.287180 0.209474 0.418850 0.751987 0.631801 0.216358 0.101640 0.155592 0.946079 0.145354 0.483414 0.013774 0.410460 0.955355 0.859404 0.831909 0.448045 0.239298 
0.550544 0.384395 0.930436 0.311854 0.681263 0.189264 0.118327 0.021952 0.676010 0.524655 0.292630 0.744451 0.516397 0.147946 0.148124 0.565310 0.529101 0.435138 0.147968 0.033150 0.777315 0.078966 0.892395 0.895450 0.933018 
0.804091 0.410832 0.782791 0.483623 0.514639 0.160765 0.382240 0.073523 0.636487 0.065470 0.804244 0.193470 0.799419 0.061147 0.613937 0.345548 0.250703 0.816033 0.009853 0.557598 0.196019 0.090412 0.362066 0.057372 0.086836 
0.680705 0.176454 0.118630 0.323898 0.612730 0.684029 0.387849 0.555822 0.893777 0.548248 0.582651 0.832918 0.051637 0.505595 0.635147 0.381136 0.999037 0.071943 0.774211 0.397736 0.007992 0.157709 0.995179 0.701317 0.220825 
0.245924 0.033979 0.552030 0.782314 0.076277 0.631532 0.116283 0.317894 0.325865 0.023429 0.207260 0.077186 0.032714 0.575008 0.172957 0.244394 0.550631 0.621436 0.451439 0.363165 0.461659 0.732677 0.523587 0.475438 0.375151 
0.809807 0.496931 0.845456 0.726031 0.244248 0.957365 0.620076 0.307578 0.040449 0.210251 0.173870 0.148472 0.449445 0.094804 0.998699 0.374674 0.101365 0.529877 0.506444 0.248271 0.096386 0.043797 0.543696 0.536011 0.956586 
0.917072 0.102812 0.737021 0.892788 0.146056 0.451258 0.731138 0.602412 0.996636 0.390418 0.673270 0.576355 0.749410 0.761716 0.556866 0.901704 0.594057 0.146117 0.763333 0.100402 0.364932 0.702841 0.268358 0.248462 0.653740 
0.497066 0.022736 0.138915 0.383412 0.313801 0.290957 0.021293 0.300140 0.094089 0.164106 0.266870 0.298901 0.091601 0.456441 0.176519 0.883771 0.121191 0.627409 0.754616 0.067381 0.839930 0.495022 0.768215 0.697312 0.173485 

0.368853 0.531216 0.220344 0.705367 0.707826 0.678104 0.091179 0.950695 0.143451 0.271998 0.972965 0.831308 0.679507 0.497092 0.359701 0.146703 0.152230 0.158592 0.059990 0.801419 0.985243 0.197328 0.653748 0.109976 0.111789 
0.518989 0.482829 0.429709 0.536521 0.786131 0.945671 0.067412 0.010834 0.697827 0.553129 0.657950 0.956755 0.692020 0.424314 0.113487 0.982416 0.999584 0.025668 0.849204 0.154240 0.043666 0.727370 0.172970 0.851486 0.039988 
0.053971 0.685978 0.112201 0.635418 0.943363 0.585800 0.146184 0.866108 0.109438 0.701194 0.602801 0.132193 0.808353 0.594850 0.444853 0.442476 0.297057 0.263957 0.411441 0.438842 0.734091 0.221062 0.973171 0.903845 0.601542 
0.567042 0.235050 0.708157 0.695656 0.770765 0.089198 0.872901 0.673276 0.522503 0.519658 0.897752 0.575340 0.856395 0.189988 0.151568 0.787787 0.035755 0.954073 0.409768 0.861515 0.096683 0.453637 0.437111 0.667228 0.309450 
0.906204 0.305137 0.937817 0.052217 0.671671 0.195989 0.704962 0.791496 0.044025 0.341136 0.492362 0.232565 0.487882 0.404107 0.535338 0.191250 0.926731 0.328028 0.869278 0.332511 0.554842 0.649037 0.397403 0.777377 0.964172 
0.047885 0.398809 0.907178 0.315480 0.782105 0.696241 0.809770 0.277707 0.816866 0.726866 0.870827 0.984539 0.344844 0.103832 0.198684 0.533206 0.406321 0.221653 0.152414 0.657229 0.624962 0.696393 0.215877 0.811295 0.135332 
0.186090 0.921142 0.962644 0.185672 0.482650 0.360574 0.678935 0.912291 0.190314 0.698028 0.356615 0.626855 0.127224 0.774191 0.408806 0.515687 0.076635 0.103149 0.792207 0.317487 0.955678 0.837314 0.035887 0.696010 0.796553 
0.716814 0.012050 0.778599 0.475808 0.226534 0.666528 0.582347 0.992894 0.286070 0.134852 0.354899 0.486159 0.572715 0.769906 0.106554 0.017205 0.862709 0.251295 0.357111 0.752880 0.213044 0.134949 0.539154 0.997318 0.906895 
0.014538 0.301464 0.195993 0.337421 0.464059 0.280512 0.836955 0.801919 0.156641 0.307572 0.724762 0.023278 0.100770 0.381825 0.525741 0.164704 0.956210 0.757532 0.443657 0.752152 0.628338 0.743294 0.475994 0.976184 0.400254 
0.522253 0.516075 0.841119 0.144624 0.071909 0.560530 0.432664 0.659744 0.100318 0.758499 0.976854 0.831920 0.668616 0.404744 0.714831 0.777429 0.775803 0.206219 0.540144 0.462108 0.839861 0.555277 0.286092 0.881717 0.572559 
0.326975 0.382651 0.820810 0.930422 0.710168 0.230875 0.621855 0.822700 0.414413 0.764161 0.684776 0.020791 0.635353 0.140641 0.611739 0.313224 0.024313 0.574237 0.673591 0.141800 0.111330 0.253270 0.433462 0.443089 0.455490 
0.033920 0.130075 0.831521 0.237921 0.001379 0.656103 0.389964 0.029440 0.092090 0.891641 0.850512 0.164792 0.966328 0.229783 0.052200 0.607618 0.878410 0.084697 0.393494 0.053042 0.210887 0.964787 0.445301 0.262516 0.140135 
0.694996 0.511401 0.037756 0.258014 0.807459 0.109873 0.047410 0.087384 0.684903 0.755798 0.539623 0.529648 0.437249 0.676572 0.790931 0.305210 0.082913 0.656435 0.522927 0.959815 0.364298 0.007986 0.453751 0.874786 0.489137 
0.811792 0.004662 0.559700 0.999777 0.496993 0.092980 0.131764 0.910484 0.542133 0.731862 0.664252 0.198927 0.531757 0.229365 0.097737 0.246049 0.504514 0.691946 0.482027 0.918828 0.159345 0.183153 0.812889 0.206574 0.736592 
0.455896 0.657158 0.566155 0.876254 0.477207 0.404551 0.700755 0.019172 0.276795 0.774575 0.243373 0.207654 0.582559 0.766948 0.927926 0.386127 0.509756 0.974184 0.235312 0.440868 0.037422 0.443053 0.879014 0.331113 0.864915 
0.034688 0.199657 0.211843 0.641429 0.433973 0.709726 0.828344 0.647819 0.132853 0.090402 0.131280 0.463646 0.444786 0.494921 0.476870 0.002655 0.245575 0.957745 0.456725 0.088190 0.400580 0.236329 0.023608 0.096518 0.818928 
0.649020 0.057265 0.517121 0.553499 0.924893 0.399897 0.584341 0.816520 0.081112 0.059391 0.488952 0.553466 0.565170 0.110431 0.507533 0.624505 0.739758 0.277133 0.924938 0.237877 0.211435 0.200504 0.194752 0.097534 0.633734 
0.034756 0.268459 0.781736 0.361232 0.098940 0.926319 0.360600 0.528353 0.030586 0.048159 0.382224 0.771670 0.145303 0.120187 0.862113 0.576203 0.192157 0.771350 0.838452 0.086499 0.193230 0.797143 0.574457 0.483817 0.822359 
0.082014 0.990164 0.535238 0.993353 0.197438 0.319816 0.525457 0.246033 0.326181 0.130395 0.130214 0.510325 0.560317 0.800339 0.165822 0.996354 0.423504 0.851388 0.826190 0.421508 0.048797 0.446671 0.670023 0.010937 0.178701 
0.606670 0.238105 0.556101 0.033210 0.563334 0.293348 0.854521 0.815884 0.218880 0.744349 0.527912 0.707417 0.938775 0.366574 0.519918 0.084265 0.086340 0.127264 0.006273 0.652200 0.849380 0.267560 0.975987 0.795262 0.715732 
0.530464 0.739363 0.191680 0.933742 0.138190 0.117381 0.172898 0.737112 0.969997 0.009802 0.077350 0.118997 0.326182 0.122559 0.867141 0.351926 0.342549 0.145757 0.418199 0.523069 0.797129 0.421298 0.788471 0.273253 0.924127 
0.501192 0.833341 0.409191 0.131318 0.036417 0.425641 0.152188 0.831971 0.063885 0.095552 0.419639 0.846120 0.216117 0.257853 0.642390 0.620324 0.665372 0.001943 0.599405 0.911000 0.458475 0.466474 0.805289 0.855245 0.777431 
0.057362 0.920125 0.837186 0.993312 0.998892 0.390617 0.929576 0.650006 0.245203 0.953072 0.200296 0.023631 0.923078 0.982776 0.715875 0.826878 0.583128 0.514666 0.318575 0.664255 0.939156 0.888719 0.938581 0.845536 0.921520 
0.551082 0.029803 0.769784 0.738059 0.189990 0.008154 0.727513 0.862767 0.292242 0.320856 0.411886 0.822686 0.548206 0.442748 0.858216 0.690118 0.534631 0.502282 0.998957 0.062210 0.179748 0.324835 0.520515 0.044231 0.245140 
0.575356 0.698742 0.063644 0.465970 0.449803 0.518720 0.454002 0.597792 0.455851 0.379448 0.976049 0.137238 0.558269 0.507265 0.680047 0.625894 0.841774 0.857048 0.290211 0.285895 0.897472 0.496786 0.367376 0.061226 0.543809 

1.036253 0.399084 0.772944 0.834857 1.574657 0.518917 1.100618 1.748996 0.101242 1.225189 0.917954 -0.992828 -1.307484 -0.590217 -0.423102 -0.298615 0.256149 -0.223954 0.064401 -0.630703 -1.167075 -0.445715 -0.603679 -1.002747 -0.136657 
0.846474 0.394692 -0.147487 1.586580 1.840771 1.248164 1.886214 1.741139 1.215877 0.359594 -1.132151 -1.451229 -0.613962 -0.182808 0.155414 -1.266946 -1.010376 -0.396633 -0.275542 -0.564434 0.238969 -0.557143 -0.190001 -1.220650 -0.138454 
1.239271 0.594577 1.628274 0.749217 0.182121 0.575494 0.740928 1.424542 1.435824 0.610496 -0.785111 -0.260371 -0.845051 -0.609245 -0.563547 -0.315800 -0.200523 -0.249161 -0.568316 -0.652634 -0.586392 -0.763990 -1.196301 -1.178768 -0.404791 
1.896876 1.654485 2.075440 1.074592 0.803856 1.679491 1.661973 2.231505 -0.037241 -0.786472 -1.057016 -0.016192 -0.805345 -0.224367 -0.335798 -0.520351 0.159337 -0.591651 -0.746126 -0.625762 0.108355 -0.533186 -0.691888 -0.241545 -0.384381 
1.324741 0.817104 0.744783 1.202318 0.836237 1.906330 1.206995 1.663814 1.205808 1.772938 0.775014 -0.619324 -0.075675 -0.878901 -0.796383 -0.010544 -1.425279 -0.092688 -1.051193 -0.226848 -0.571097 -1.328130 -0.509591 -0.901043 -0.904799 
-0.164918 0.294471 0.816036 1.321745 0.259040 0.933023 1.989952 1.006520 1.331988 0.167203 0.652111 -1.190548 -0.133393 -0.516777 -0.635724 -0.358585 -0.196354 -0.347347 0.023880 -0.354343 -0.876018 -0.708568 -0.187439 -1.042326 -0.130960 
0.047786 0.833498 1.786174 1.478086 0.876613 1.874521 1.573776 0.333611 0.814857 0.736393 -0.505871 -1.099710 -0.182062 -1.051225 0.238961 -0.771608 0.088487 -0.148746 -0.770114 -0.274107 -1.460243 -1.363638 -0.094457 -0.636384 -0.835710 
1.396241 0.292992 1.943476 0.979485 1.129694 1.352740 1.504213 1.238402 1.911180 0.137041 -0.203664 -0.579516 -1.235056 -1.174185 0.292379 0.707849 -0.352878 0.340943 -0.034563 -0.876149 -0.232476 -0.234654 -0.517414 -0.794942 -0.894298 
1.921464 1.642048 0.991748 1.077008 0.321774 1.181644 1.531503 -0.884602 0.198661 -0.039526 -1.470465 0.033581 0.131537 -1.025675 -0.507751 -0.186124 -1.158576 -0.473918 -0.623860 -1.173013 -0.817343 -0.371918 -0.680476 -0.769316 -0.206015 
-0.314101 1.870824 -0.443932 0.760582 0.837689 0.718270 -0.133438 -1.169294 0.042335 -1.511066 -1.131913 -1.438928 -1.010236 -0.559409 -0.400370 -1.121803 -1.442340 -0.011706 -0.753582 -0.318585 -0.936482 -0.119355 0.152521 -0.484305 -0.558472 
2.010731 1.095603 -0.541010 0.727118 0.598044 1.298523 2.631131 -0.983381 0.200436 -1.620257 -0.301654 0.801551 -0.354885 -0.244556 -0.983261 0.152414 0.668690 -0.312382 -1.449029 0.017358 0.435760 -0.182925 -0.265698 -0.695165 -0.553344 
1.389333 1.672256 -0.572598 2.115975 0.206534 0.487428 1.674007 0.556011 0.500282 -1.352682 0.660204 0.119300 -1.368772 -0.313048 0.429896 -1.217513 -2.291464 -0.111837 -0.705415 0.431985 0.400425 -0.935069 -0.367228 -0.001449 -0.450259 
1.466370 -0.661921 0.782034 -1.320200 -0.899760 0.666402 0.603099 0.148395 -1.134762 -0.826297 0.592466 0.708328 0.387688 -1.661921 -1.220847 -0.130040 0.105972 -0.504468 -0.580491 -1.818016 0.786968 1.007855 0.178140 -1.415126 -0.412621 
0.654237 2.361949 -0.556074 0.500085 -0.437328 0.228603 -0.121647 -1.800483 -0.845968 -0.283177 -0.341901 0.186371 -0.433488 -0.226944 0.777780 -0.149644 -0.222711 0.725799 0.214458 -1.039006 -0.328568 0.407562 -1.472529 0.429597 -0.345058 
0.071582 -0.383861 -0.612913 1.140993 -1.139481 -0.911547 -1.045253 -0.008909 0.568739 -0.488547 -0.320968 0.207032 -0.380831 1.188322 -1.294181 0.312461 -0.044507 1.629127 -0.437941 0.184300 -0.855255 -0.683378 -1.114878 0.056097 1.013273 
1.758362 -0.253513 0.083845 -0.249157 -1.669902 -0.723061 -0.024350 -1.245966 0.077331 -2.366224 -0.258890 0.359274 0.523403 0.582391 -0.435480 -1.859714 -0.111337 1.356276 0.333079 -0.700505 0.180472 0.908593 -0.154407 -0.093022 1.195033 
0.583112 0.148575 0.111432 0.287081 -0.436648 -0.943132 -1.078289 -0.295091 0.058489 -1.153883 -1.034177 0.756466 0.049799 0.063049 0.669449 0.108072 1.101744 -0.185501 0.879400 -0.130278 0.519935 0.310365 0.550056 0.518201 0.061396 
0.396690 -1.479432 0.038201 -0.361740 -0.604804 0.085991 -1.452247 -0.743214 -0.096330 -1.034516 -1.243930 -0.461119 0.293541 0.161990 1.725282 0.050079 -0.000309 0.611939 1.774086 0.164795 -0.450326 0.971646 0.536488 0.373620 1.614491 
-1.110939 0.109886 -1.417094 0.423000 -1.155944 0.162865 0.171651 0.254203 -0.588219 -1.095288 -1.099480 -1.140559 -0.080521 0.447358 0.486955 1.453961 0.531288 1.243629 1.143575 0.997146 -0.444546 0.708202 0.637790 -0.505395 -0.716333 
-1.078313 -0.654314 -1.405588 -1.374852 -0.762046 -0.691205 -0.226671 0.434151 -1.253805 0.490055 -1.260774 0.139388 -0.448196 0.376608 0.430850 -0.119841 0.232056 -0.958204 -0.234129 0.677951 1.186718 0.703999 1.374066 1.301574 1.418342 
-1.070304 0.219630 -0.282928 -0.154623 -1.074800 -1.383909 -0.359519 -0.227031 -1.446225 -1.374709 -1.266033 -1.734818 0.355372 -0.678406 1.414715 -0.038077 -0.403378 0.006127 -0.260525 0.565999 1.499682 0.480655 0.736209 -0.531228 1.497096 
-0.266099 1.036317 -0.993428 -1.507033 -0.239103 -1.442808 -0.134695 0.203624 -0.758725 -0.131853 0.043961 0.595257 0.037899 -0.763037 1.481760 1.493707 0.614096 -0.398351 1.015688 1.462042 0.279717 0.775118 1.097110 1.302246 1.278316 
-1.914065 -0.185416 -0.729489 -1.175755 0.898895 -1.267975 -0.583702 -0.011331 0.312957 0.007411 -0.569247 -0.390660 -0.056138 0.686479 -1.095647 1.570325 2.035908 0.536935 -0.044734 0.785860 1.636797 2.292372 1.339611 1.165174 0.706722 
-1.346705 -0.303909 -1.115315 -0.753075 0.029095 -1.220591 -0.492142 -0.194482 -1.727819 -0.461263 -0.909960 -0.076406 -0.241647 -1.291971 -0.244338 0.749453 0.155442 0.670515 1.178686 0.211988 -0.318227 -0.036502 1.007635 -0.058649 0.213670 
-0.288720 0.854213 0.174185 0.029208 -0.510405 0.123840 0.132692 -0.134596 0.138569 0.460084 0.591062 -0.744423 0.519591 -0.354000 0.436373 0.525549 1.770398 0.522300 -0.215038 0.581040 0.385173 0.591646 -0.157457 -0.838603 0.503300 

1 1 1 1 1 1 1 1 1 1 1 0 0 0 0 0 0 0 0 0 0 0 0 0 0 
1 1 1 1 1 1 1 1 1 1 0 0 0 0 0 0 0 0 0 0 0 0 0 0 0 
1 1 1 1 1 1 1 1 1 1 0 0 0 0 0 0 0 0 0 0 0 0 0 0 0 
1 1 1 1 1 1 1 1 1 0 0 0 0 0 0 0 0 0 0 0 0 0 0 0 0 
1 1 1 1 1 1 1 1 1 1 1 0 0 0 0 0 0 0 0 0 0 0 0 0 0 
1 1 1 1 1 1 1 1 1 1 1 3 0 3 0 0 0 0 0 0 0 0 0 0 0 
1 1 1 1 1 1 1 1 1 1 3 3 3 3 3 0 0 0 0 0 0 0 0 0 0 
1 1 1 1 1 1 1 1 1 3 3 3 3 3 3 3 3 0 0 0 0 0 0 0 0 
1 1 1 1 1 1 1 3 3 3 3 3 3 3 3 3 3 0 0 0 0 0 0 0 0 
1 1 1 1 1 1 3 3 3 3 3 3 3 3 3 3 3 3 0 3 3 0 0 0 0 
1 1 1 1 1 1 1 3 3 3 3 3 3 3 3 3 3 3 3 3 3 0 0 0 0 
1 1 3 1 1 1 1 3 3 3 2 3 3 3 3 3 3 3 3 3 3 0 3 3 0 
1 3 3 3 3 3 3 3 3 3 2 2 3 3 3 2 3 3 3 3 3 3 3 3 3 
1 1 3 4 3 4 3 3 4 4 4 2 3 3 3 2 2 2 2 3 2 3 3 3 3 
1 3 3 4 4 4 4 4 4 4 4 2 3 2 3 2 2 2 2 2 2 3 3 3 2 
1 3 3 4 4 4 4 4 4 4 2 2 2 2 2 2 2 2 2 2 2 2 3 3 2 
1 4 4 4 4 4 4 4 4 4 4 2 2 2 2 2 2 2 2 2 2 2 2 3 2 
1 4 4 4 4 4 4 4 4 4 4 4 2 2 2 2 2 2 2 2 2 2 2 2 2 
4 4 4 4 4 4 4 4 4 4 4 4 4 4 2 2 2 2 2 2 2 2 2 2 2 
4 4 4 4 4 4 4 4 4 4 4 4 4 4 2 2 2 2 2 2 2 2 2 2 2 
4 4 4 4 4 4 4 4 4 4 4 4 4 4 2 2 2 2 2 2 2 2 2 2 2 
4 4 4 4 4 4 4 4 4 4 4 4 4 4 2 2 2 2 2 2 2 2 2 2 2 
4 4 4 4 4 4 4 4 4 4 4 4 4 4 4 2 2 2 2 2 2 2 2 2 2 
4 4 4 4 4 4 4 4 4 4 4 4 4 4 4 2 2 2 2 2 2 2 2 2 2 
4 4 4 4 4 4 4 4 4 4 4 4 4 4 4 2 2 2 2 2 2 2 2 2 2 

2.0 2.0 2.0 2.0 2.0 2.0 2.0 2.0 2.0 2.0 2.0 0.0 0.0 0.0 0.0 0.0 0.0 0.0 0.0 0.0 0.0 0.0 0.0 0.0 0.0 
2.0 2.0 2.0 2.0 2.0 2.0 2.0 2.0 2.0 2.0 0.0 0.0 0.0 0.0 0.0 0.0 0.0 0.0 0.0 0.0 0.0 0.0 0.0 0.0 0.0 
2.0 2.0 2.0 2.0 2.0 2.0 2.0 2.0 2.0 2.0 0.0 0.0 0.0 0.0 0.0 0.0 0.0 0.0 0.0 0.0 0.0 0.0 0.0 0.0 0.0 
2.0 2.0 2.0 2.0 2.0 2.0 2.0 2.0 2.0 0.0 0.0 0.0 0.0 0.0 0.0 0.0 0.0 0.0 0.0 0.0 0.0 0.0 0.0 0.0 0.0 
2.0 2.0 2.0 2.0 2.0 2.0 2.0 2.0 2.0 2.0 2.0 0.0 0.0 0.0 0.0 0.0 0.0 0.0 0.0 0.0 0.0 0.0 0.0 0.0 0.0 
2.0 2.0 2.0 2.0 2.0 2.0 2.0 2.0 2.0 2.0 2.0 1.0 0.0 1.0 0.0 0.0 0.0 0.0 0.0 0.0 0.0 0.0 0.0 0.0 0.0 
2.0 2.0 2.0 2.0 2.0 2.0 2.0 2.0 2.0 2.0 1.0 1.0 1.0 1.0 1.0 0.0 0.0 0.0 0.0 0.0 0.0 0.0 0.0 0.0 0.0 
2.0 2.0 2.0 2.0 2.0 2.0 2.0 2.0 2.0 1.0 1.0 1.0 1.0 1.0 1.0 1.0 1.0 0.0 0.0 0.0 0.0 0.0 0.0 0.0 0.0 
2.0 2.0 2.0 2.0 2.0 2.0 2.0 1.0 1.0 1.0 1.0 1.0 1.0 1.0 1.0 1.0 1.0 0.0 0.0 0.0 0.0 0.0 0.0 0.0 0.0 
2.0 2.0 2.0 2.0 2.0 2.0 1.0 1.0 1.0 1.0 1.0 1.0 1.0 1.0 1.0 1.0 1.0 1.0 0.0 1.0 1.0 0.0 0.0 0.0 0.0 
2.0 2.0 2.0 2.0 2.0 2.0 2.0 1.0 1.0 1.0 1.0 1.0 1.0 1.0 1.0 1.0 1.0 1.0 1.0 1.0 1.0 0.0 0.0 0.0 0.0 
2.0 2.0 1.0 2.0 2.0 2.0 2.0 1.0 1.0 1.0 -1.0 1.0 1.0 1.0 1.0 1.0 1.0 1.0 1.0 1.0 1.0 0.0 1.0 1.0 0.0 
2.0 1.0 1.0 1.0 1.0 1.0 1.0 1.0 1.0 1.0 -1.0 -1.0 1.0 1.0 1.0 -1.0 1.0 1.0 1.0 1.0 1.0 1.0 1.0 1.0 1.0 
2.0 2.0 1.0 -2.0 1.0 -2.0 1.0 1.0 -2.0 -2.0 -2.0 -1.0 1.0 1.0 1.0 -1.0 -1.0 -1.0 -1.0 1.0 -1.0 1.0 1.0 1.0 1.0 
2.0 1.0 1.0 -2.0 -2.0 -2.0 -2.0 -2.0 -2.0 -2.0 -2.0 -1.0 1.0 -1.0 1.0 -1.0 -1.0 -1.0 -1.0 -1.0 -1.0 1.0 1.0 1.0 -1.0 
2.0 1.0 1.0 -2.0 -2.0 -2.0 -2.0 -2.0 -2.0 -2.0 -1.0 -1.0 -1.0 -1.0 -1.0 -1.0 -1.0 -1.0 -1.0 -1.0 -1.0 -1.0 1.0 1.0 -1.0 
2.0 -2.0 -2.0 -2.0 -2.0 -2.0 -2.0 -2.0 -2.0 -2.0 -2.0 -1.0 -1.0 -1.0 -1.0 -1.0 -1.0 -1.0 -1.0 -1.0 -1.0 -1.0 -1.0 1.0 -1.0 
2.0 -2.0 -2.0 -2.0 -2.0 -2.0 -2.0 -2.0 -2.0 -2.0 -2.0 -2.0 -1.0 -1.0 -1.0 -1.0 -1.0 -1.0 -1.0 -1.0 -1.0 -1.0 -1.0 -1.0 -1.0 
-2.0 -2.0 -2.0 -2.0 -2.0 -2.0 -2.0 -2.0 -2.0 -2.0 -2.0 -2.0 -2.0 -2.0 -1.0 -1.0 -1.0 -1.0 -1.0 -1.0 -1.0 -1.0 -1.0 -1.0 -1.0 
-2.0 -2.0 -2.0 -2.0 -2.0 -2.0 -2.0 -2.0 -2.0 -2.0 -2.0 -2.0 -2.0 -2.0 -1.0 -1.0 -1.0 -1.0 -1.0 -1.0 -1.0 -1.0 -1.0 -1.0 -1.0 
-2.0 -2.0 -2.0 -2.0 -2.0 -2.0 -2.0 -2.0 -2.0 -2.0 -2.0 -2.0 -2.0 -2.0 -1.0 -1.0 -1.0 -1.0 -1.0 -1.0 -1.0 -1.0 -1.0 -1.0 -1.0 
-2.0 -2.0 -2.0 -2.0 -2.0 -2.0 -2.0 -2.0 -2.0 -2.0 -2.0 -2.0 -2.0 -2.0 -1.0 -1.0 -1.0 -1.0 -1.0 -1.0 -1.0 -1.0 -1.0 -1.0 -1.0 
-2.0 -2.0 -2.0 -2.0 -2.0 -2.0 -2.0 -2.0 -2.0 -2.0 -2.0 -2.0 -2.0 -2.0 -2.0 -1.0 -1.0 -1.0 -1.0 -1.0 -1.0 -1.0 -1.0 -1.0 -1.0 
-2.0 -2.0 -2.0 -2.0 -2.0 -2.0 -2.0 -2.0 -2.0 -2.0 -2.0 -2.0 -2.0 -2.0 -2.0 -1.0 -1.0 -1.0 -1.0 -1.0 -1.0 -1.0 -1.0 -1.0 -1.0 
-2.0 -2.0 -2.0 -2.0 -2.0 -2.0 -2.0 -2.0 -2.0 -2.0 -2.0 -2.0 -2.0 -2.0 -2.0 -1.0 -1.0 -1.0 -1.0 -1.0 -1.0 -1.0 -1.0 -1.0 -1.0 

0.0 0.0 0.0 0.0 0.0 0.0 0.0 0.0 0.0 0.0 0.0 -1.0 -1.0 -1.0 -1.0 -1.0 -1.0 -1.0 -1.0 -1.0 -1.0 -1.0 -1.0 -1.0 -1.0 
0.0 0.0 0.0 0.0 0.0 0.0 0.0 0.0 0.0 0.0 -1.0 -1.0 -1.0 -1.0 -1.0 -1.0 -1.0 -1.0 -1.0 -1.0 -1.0 -1.0 -1.0 -1.0 -1.0 
0.0 0.0 0.0 0.0 0.0 0.0 0.0 0.0 0.0 0.0 -1.0 -1.0 -1.0 -1.0 -1.0 -1.0 -1.0 -1.0 -1.0 -1.0 -1.0 -1.0 -1.0 -1.0 -1.0 
0.0 0.0 0.0 0.0 0.0 0.0 0.0 0.0 0.0 -1.0 -1.0 -1.0 -1.0 -1.0 -1.0 -1.0 -1.0 -1.0 -1.0 -1.0 -1.0 -1.0 -1.0 -1.0 -1.0 
0.0 0.0 0.0 0.0 0.0 0.0 0.0 0.0 0.0 0.0 0.0 -1.0 -1.0 -1.0 -1.0 -1.0 -1.0 -1.0 -1.0 -1.0 -1.0 -1.0 -1.0 -1.0 -1.0 
0.0 0.0 0.0 0.0 0.0 0.0 0.0 0.0 0.0 0.0 0.0 -2.0 -1.0 -2.0 -1.0 -1.0 -1.0 -1.0 -1.0 -1.0 -1.0 -1.0 -1.0 -1.0 -1.0 
0.0 0.0 0.0 0.0 0.0 0.0 0.0 0.0 0.0 0.0 -2.0 -2.0 -2.0 -2.0 -2.0 -1.0 -1.0 -1.0 -1.0 -1.0 -1.0 -1.0 -1.0 -1.0 -1.0 
0.0 0.0 0.0 0.0 0.0 0.0 0.0 0.0 0.0 -2.0 -2.0 -2.0 -2.0 -2.0 -2.0 -2.0 -2.0 -1.0 -1.0 -1.0 -1.0 -1.0 -1.0 -1.0 -1.0 
0.0 0.0 0.0 0.0 0.0 0.0 0.0 -2.0 -2.0 -2.0 -2.0 -2.0 -2.0 -2.0 -2.0 -2.0 -2.0 -1.0 -1.0 -1.0 -1.0 -1.0 -1.0 -1.0 -1.0 
0.0 0.0 0.0 0.0 0.0 0.0 -2.0 -2.0 -2.0 -2.0 -2.0 -2.0 -2.0 -2.0 -2.0 -2.0 -2.0 -2.0 -1.0 -2.0 -2.0 -1.0 -1.0 -1.0 -1.0 
0.0 0.0 0.0 0.0 0.0 0.0 0.0 -2.0 -2.0 -2.0 -2.0 -2.0 -2.0 -2.0 -2.0 -2.0 -2.0 -2.0 -2.0 -2.0 -2.0 -1.0 -1.0 -1.0 -1.0 
0.0 0.0 -2.0 0.0 0.0 0.0 0.0 -2.0 -2.0 -2.0 2.0 -2.0 -2.0 -2.0 -2.0 -2.0 -2.0 -2.0 -2.0 -2.0 -2.0 -1.0 -2.0 -2.0 -1.0 
0.0 -2.0 -2.0 -2.0 -2.0 -2.0 -2.0 -2.0 -2.0 -2.0 2.0 2.0 -2.0 -2.0 -2.0 2.0 -2.0 -2.0 -2.0 -2.0 -2.0 -2.0 -2.0 -2.0 -2.0 
0.0 0.0 -2.0 1.0 -2.0 1.0 -2.0 -2.0 1.0 1.0 1.0 2.0 -2.0 -2.0 -2.0 2.0 2.0 2.0 2.0 -2.0 2.0 -2.0 -2.0 -2.0 -2.0 
0.0 -2.0 -2.0 1.0 1.0 1.0 1.0 1.0 1.0 1.0 1.0 2.0 -2.0 2.0 -2.0 2.0 2.0 2.0 2.0 2.0 2.0 -2.0 -2.0 -2.0 2.0 
0.0 -2.0 -2.0 1.0 1.0 1.0 1.0 1.0 1.0 1.0 2.0 2.0 2.0 2.0 2.0 2.0 2.0 2.0 2.0 2.0 2.0 2.0 -2.0 -2.0 2.0 
0.0 1.0 1.0 1.0 1.0 1.0 1.0 1.0 1.0 1.0 1.0 2.0 2.0 2.0 2.0 2.0 2.0 2.0 2.0 2.0 2.0 2.0 2.0 -2.0 2.0 
0.0 1.0 1.0 1.0 1.0 1.0 1.0 1.0 1.0 1.0 1.0 1.0 2.0 2.0 2.0 2.0 2.0 2.0 2.0 2.0 2.0 2.0 2.0 2.0 2.0 
1.0 1.0 1.0 1.0 1.0 1.0 1.0 1.0 1.0 1.0 1.0 1.0 1.0 1.0 2.0 2.0 2.0 2.0 2.0 2.0 2.0 2.0 2.0 2.0 2.0 
1.0 1.0 1.0 1.0 1.0 1.0 1.0 1.0 1.0 1.0 1.0 1.0 1.0 1.0 2.0 2.0 2.0 2.0 2.0 2.0 2.0 2.0 2.0 2.0 2.0 
1.0 1.0 1.0 1.0 1.0 1.0 1.0 1.0 1.0 1.0 1.0 1.0 1.0 1.0 2.0 2.0 2.0 2.0 2.0 2.0 2.0 2.0 2.0 2.0 2.0 
1.0 1.0 1.0 1.0 1.0 1.0 1.0 1.0 1.0 1.0 1.0 1.0 1.0 1.0 2.0 2.0 2.0 2.0 2.0 2.0 2.0 2.0 2.0 2.0 2.0 
1.0 1.0 1.0 1.0 1.0 1.0 1.0 1.0 1.0 1.0 1.0 1.0 1.0 1.0 1.0 2.0 2.0 2.0 2.0 2.0 2.0 2.0 2.0 2.0 2.0 
1.0 1.0 1.0 1.0 1.0 1.0 1.0 1.0 1.0 1.0 1.0 1.0 1.0 1.0 1.0 2.0 2.0 2.0 2.0 2.0 2.0 2.0 2.0 2.0 2.0 
1.0 1.0 1.0 1.0 1.0 1.0 1.0 1.0 1.0 1.0 1.0 1.0 1.0 1.0 1.0 2.0 2.0 2.0 2.0 2.0 2.0 2.0 2.0 2.0 2.0 

