0.507263 0.179577 0.334946 0.862599 0.471569 0.832522 0.236635 0.483226 0.262198 0.959278 0.221496 0.944151 0.799114 0.758051 0.096150 0.981381 0.230307 0.245522 0.877295 0.821314 0.202469 0.212252 0.761404 0.311686 0.312729 
0.165599 0.994260 0.188591 0.301858 0.922395 0.052907 0.479349 0.362586 0.175466 0.919304 0.196687 0.432930 0.043441 0.282320 0.415171 0.173698 0.401795 0.132924 0.078367 0.956191 0.815877 0.164511 0.910784 0.720123 0.226228 
0.171418 0.695240 0.680592 0.781018 0.742348 0.290635 0.889214 0.973506 0.942115 0.331115 0.369947 0.533862 0.186579 0.753982 0.004886 0.176418 0.707396 0.308775 0.903851 0.127421 0.267508 0.213114 0.767970 0.244853 0.846942 
0.289461 0.750449 0.307441 0.146058 0.444914 0.406069 0.582173 0.780223 0.870506 0.635970 0.592113 0.918688 0.412355 0.537714 0.983074 0.774989 0.040531 0.165362 0.700989 0.472317 0.737928 0.852174 0.532726 0.132612 0.621832 
0.326022 0.576449 0.461670 0.087273 0.675486 0.248219 0.834263 0.980965 0.446869 0.751000 0.881207 0.806314 0.568211 0.694060 0.479710 0.235600 0.776021 0.787269 0.248681 0.820036 0.447728 0.692638 0.516836 0.536699 0.272087 
0.482232 0.014189 0.009471 0.779999 0.936915 0.133124 0.176686 0.088221 0.191516 0.499503 0.500678 0.654283 0.274866 0.242412 0.391809 0.869926 0.690192 0.304937 0.613423 0.967640 0.604139 0.685490 0.016474 0.701227 0.154520 
0.677364 0.190354 0.562275 0.894253 0.690637 0.030142 0.624016 0.689305 0.835939 0.035087 0.806251 0.189495 0.839119 0.442643 0.886856 0.447983 0.066947 0.674048 0.055381 0.713637 0.276707 0.198508 0.553084 0.160841 0.253176 
0.828971 0.188413 0.454419 0.558873 0.246109 0.502918 0.236639 0.743519 0.263230 0.397197 0.337629 0.815501 0.229947 0.018184 0.091349 0.521882 0.111010 0.750781 0.529619 0.167364 0.565097 0.624680 0.722699 0.661587 0.616070 
0.474521 0.659172 0.283733 0.701864 0.722373 0.035927 0.961663 0.307157 0.127914 0.891384 0.616628 0.872361 0.856755 0.767089 0.356927 0.688847 0.959366 0.583690 0.460286 0.000187 0.543705 0.855402 0.118600 0.961975 0.556352 
0.052280 0.098365 0.685466 0.150473 0.765244 0.757449 0.018121 0.411489 0.426177 0.574836 0.767309 0.994739 0.892984 0.538021 0.151498 0.420212 0.314184 0.082125 0.688224 0.475160 0.740263 0.439085 0.846237 0.892832 0.416648 
0.917972 0.557461 0.112412 0.105141 0.499799 0.589151 0.162011 0.470164 0.121899 0.065573 0.355991 0.049709 0.681060 0.450840 0.857015 0.450115 0.027268 0.910044 0.245810 0.487280 0.325056 0.721218 0.659314 0.017195 0.897838 
0.996156 0.441466 0.968536 0.571760 0.332579 0.912513 0.261109 0.803948 0.422335 0.289941 0.031047 0.174813 0.205901 0.691276 0.518700 0.052623 0.647217 0.774519 0.049576 0.065646 0.986657 0.753458 0.960879 0.131784 0.141223 
0.591617 0.379481 0.639289 0.845959 0.381315 0.638996 0.718928 0.366740 0.133822 0.658305 0.622899 0.878014 0.898337 0.120464 0.010504 0.647655 0.377929 0.831643 0.528117 0.416689 0.931415 0.520388 0.326158 0.156261 0.129428 
0.465669 0.495146 0.462237 0.865580 0.301215 0.028502 0.177983 0.644811 0.989399 0.136027 0.308361 0.577293 0.740479 0.138365 0.124792 0.500262 0.202651 0.349625 0.864826 0.253442 0.303765 0.848552 0.184881 0.730026 0.855128 
0.846089 0.550814 0.822232 0.681411 0.895145 0.416124 0.532057 0.067941 0.174556 0.497605 0.468696 0.346320 0.358381 0.342646 0.422787 0.390255 0.401916 0.143681 0.916656 0.054345 0.594960 0.954111 0.664354 0.619904 0.646594 
0.564742 0.040391 0.936684 0.126077 0.791302 0.291130 0.844837 0.054885 0.358968 0.710299 0.427007 0.957373 0.454264 0.029049 0.322018 0.907110 0.793229 0.590083 0.401619 0.879031 0.281540 0.059686 0.890287 0.738052 0.180904 
0.582041 0.316481 0.937984 0.855305 0.286583 0.678045 0.097462 0.821632 0.636128 0.719188 0.462592 0.994786 0.509706 0.279514 0.917016 0.354861 0.544456 0.851290 0.233319 0.805231 0.833474 0.571040 0.602641 0.224232 0.856434 
0.884771 0.849858 0.270997 0.574859 0.443390 0.877661 0.001911 0.265079 0.170221 0.842754 0.591863 0.104598 0.312566 0.733588 0.160354 0.549609 0.505159 0.584922 0.924254 0.057629 0.532834 0.842893 0.717467 0.348801 0.715946 
0.107829 0.544552 0.599927 0.062602 0.361727 0.144818 0.949064 0.473828 0.053313 0.707774 0.418095 0.632905 0.760285 0.920532 0.866863 0.157779 0.557563 0.426425 0.870673 0.575625 0.397786 0.336087 0.123133 0.528361 0.074689 
0.038241 0.284548 0.682303 0.904246 0.733883 0.783297 0.591046 0.139734 0.852032 0.754802 0.466666 0.869458 0.314882 0.702264 0.882984 0.441185 0.997753 0.354731 0.771881 0.705784 0.649725 0.443714 0.317510 0.099779 0.267330 
0.629069 0.345416 0.546799 0.383026 0.899489 0.100348 0.368971 0.965052 0.264215 0.189427 0.349261 0.932350 0.407793 0.345804 0.810452 0.914278 0.093124 0.800414 0.489882 0.730453 0.161518 0.394157 0.214878 0.017788 0.046937 
0.768539 0.581189 0.400037 0.445055 0.611085 0.098542 0.993189 0.686266 0.972049 0.431889 0.694822 0.472896 0.550675 0.927642 0.619315 0.556190 0.089866 0.178484 0.017144 0.807917 0.686554 0.274321 0.040596 0.702459 0.936097 
0.069308 0.888793 0.357988 0.490086 0.969593 0.807502 0.629328 0.160882 0.385079 0.844565 0.804626 0.120021 0.332605 0.395804 0.985773 0.099257 0.475909 0.121230 0.358611 0.100365 0.474148 0.652093 0.185884 0.219141 0.009939 
0.079147 0.435283 0.198528 0.282807 0.406046 0.503982 0.651467 0.681103 0.877416 0.565405 0.634383 0.685160 0.064449 0.968757 0.508554 0.010616 0.450284 0.237769 0.658308 0.047751 0.148198 0.464072 0.521635 0.659537 0.839356 
0.716030 0.850735 0.174269 0.907796 0.629801 0.482886 0.814513 0.827968 0.728693 0.051797 0.665065 0.819431 0.015987 0.007773 0.551033 0.133764 0.357640 0.303420 0.768128 0.963741 0.087825 0.559335 0.431855 0.514002 0.041509 

0.287350 0.868343 0.129388 0.681322 0.545710 0.351663 0.143653 0.892390 0.348342 0.755053 0.905428 0.817987 0.328175 0.917617 0.517979 0.134386 0.807901 0.464487 0.986124 0.396411 0.018677 0.529601 0.829915 0.548239 0.275846 
0.678624 0.616942 0.739883 0.093533 0.446777 0.045281 0.902368 0.079970 0.519628 0.885929 0.358324 0.702847 0.062892 0.496224 0.043546 0.730906 0.970449 0.243376 0.494044 0.391450 0.688437 0.876090 0.311097 0.674245 0.386553 
0.930407 0.178822 0.129566 0.408292 0.660949 0.526513 0.484623 0.148374 0.367775 0.995310 0.961876 0.317363 0.104172 0.331995 0.749589 0.105515 0.975989 0.081772 0.298397 0.523637 0.051003 0.121882 0.498036 0.506277 0.321860 
0.477754 0.750320 0.100357 0.349772 0.987285 0.091555 0.947102 0.644200 0.602124 0.348712 0.677570 0.631487 0.759308 0.938847 0.511748 0.997422 0.045738 0.930855 0.929491 0.833660 0.184257 0.233712 0.808430 0.608511 0.953636 
0.338444 0.876487 0.148768 0.412883 0.184745 0.896084 0.979968 0.631088 0.871390 0.134084 0.973557 0.094370 0.764734 0.519357 0.705666 0.825631 0.816432 0.033347 0.271871 0.159659 0.374785 0.055051 0.892123 0.811202 0.430105 
0.558931 0.971101 0.205812 0.750318 0.595149 0.450217 0.779199 0.679560 0.944429 0.954605 0.052728 0.918624 0.852112 0.480457 0.422240 0.507797 0.161583 0.875608 0.170487 0.326274 0.920873 0.536127 0.062853 0.343304 0.227374 
0.325910 0.617857 0.739291 0.513501 0.699940 0.851448 0.419810 0.343620 0.381201 0.571463 0.980173 0.150227 0.908814 0.175810 0.598372 0.445181 0.700748 0.346802 0.793173 0.717427 0.802527 0.174927 0.924928 0.979285 0.623262 
0.992696 0.082710 0.841942 0.801117 0.462339 0.329538 0.198867 0.461264 0.003348 0.772233 0.219091 0.944156 0.194129 0.566981 0.078699 0.497044 0.726423 0.105502 0.331980 0.293383 0.584468 0.983585 0.958102 0.953381 0.024014 
0.171366 0.268804 0.842573 0.539877 0.683063 0.289498 0.076416 0.956003 0.627994 0.777228 0.585614 0.162952 0.770498 0.556001 0.009818 0.372087 0.049931 0.698692 0.243687 0.037747 0.138050 0.861240 0.662080 0.256332 0.365056 
0.118292 0.915150 0.728168 0.290705 0.237247 0.610754 0.862937 0.092652 0.653883 0.648114 0.201965 0.600815 0.506319 0.932616 0.063297 0.506788 0.905362 0.095769 0.938911 0.549740 0.151631 0.566499 0.348570 0.674006 0.014759 
0.775649 0.537141 0.708842 0.481220 0.203344 0.023527 0.170981 0.753788 0.585262 0.946929 0.409179 0.956887 0.926319 0.566319 0.431359 0.212101 0.468876 0.224277 0.569094 0.567692 0.043221 0.405923 0.989004 0.953596 0.473963 
0.754913 0.900936 0.775851 0.477815 0.519747 0.409891 0.960188 0.195225 0.544450 0.337201 0.875928 0.423562 0.050774 0.809491 0.011813 0.869672 0.202911 0.134491 0.581294 0.975001 0.971678 0.502016 0.248512 0.774239 0.192184 
0.837103 0.517570 0.021535 0.899168 0.729603 0.914495 0.851583 0.553714 0.775970 0.762161 0.010758 0.898543 0.727618 0.806917 0.390731 0.133516 0.924258 0.712444 0.433251 0.411556 0.853488 0.480359 0.232203 0.188660 0.891844 
0.787447 0.783146 0.378358 0.383966 0.363551 0.377627 0.099911 0.688304 0.488768 0.283629 0.491054 0.012543 0.199926 0.816512 0.969333 0.985545 0.903033 0.748713 0.289037 0.503840 0.182141 0.240878 0.269927 0.192559 0.461891 
0.109272 0.538225 0.173562 0.906473 0.022166 0.620212 0.720957 0.706127 0.309526 0.008741 0.745032 0.309945 0.321929 0.433965 0.134359 0.402416 0.509158 0.260237 0.023190 0.224356 0.712607 0.881874 0.696309 0.047219 0.763402 
0.339913 0.385989 0.996958 0.084935 0.125197 0.068291 0.404098 0.331344 0.980642 0.950382 0.828584 0.666788 0.956881 0.721776 0.859883 0.876682 0.183435 0.092510 0.767686 0.460748 0.674259 0.081216 0.863406 0.331221 0.374224 
0.672256 0.970879 0.085575 0.053333 0.334940 0.239375 0.074066 0.444037 0.932585 0.075565 0.552950 0.281491 0.634389 0.468408 0.890262 0.231937 0.875346 0.017504 0.411056 0.495510 0.631172 0.785834 0.497775 0.073932 0.830993 
0.845087 0.066349 0.962319 0.423108 0.854464 0.711081 0.620864 0.264673 0.622943 0.711334 0.100787 0.769767 0.166416 0.130623 0.324661 0.528362 0.179883 0.575524 0.231335 0.160291 0.098049 0.944298 0.519677 0.530309 0.205901 
0.698596 0.099925 0.972821 0.884650 0.881928 0.965948 0.738850 0.824958 0.840170 0.387958 0.285749 0.660612 0.949339 0.713563 0.883025 0.724883 0.142137 0.172130 0.348039 0.594100 0.175671 0.423076 0.401405 0.441352 0.788000 
0.313754 0.937273 0.331628 0.047998 0.002596 0.608430 0.625365 0.624419 0.853142 0.220320 0.693084 0.012233 0.765074 0.995927 0.376965 0.210604 0.183515 0.611847 0.990083 0.341281 0.646545 0.900659 0.327105 0.583910 0.852063 
0.358743 0.314167 0.494973 0.205607 0.616669 0.470826 0.517565 0.762728 0.869804 0.106292 0.245034 0.172559 0.442101 0.979875 0.703095 0.091388 0.790890 0.884765 0.326234 0.233030 0.058009 0.834439 0.329676 0.233237 0.422486 
0.764423 0.210387 0.486290 0.570972 0.713589 0.784898 0.565063 0.379673 0.055863 0.713376 0.677394 0.412822 0.355422 0.706997 0.617794 0.109712 0.994121 0.968496 0.164662 0.776907 0.359569 0.689113 0.567938 0.453084 0.391088 
0.864908 0.288366 0.829392 0.585054 0.317493 0.734683 0.199000 0.949421 0.288320 0.584816 0.923995 0.237302 0.911043 0.534913 0.307156 0.435586 0.292836 0.726290 0.147018 0.971857 0.502371 0.649792 0.317240 0.640360 0.261070 
0.704667 0.761454 0.923561 0.205605 0.012944 0.709168 0.929716 0.652883 0.027087 0.154952 0.634804 0.503391 0.362735 0.195334 0.567533 0.164793 0.081616 0.833107 0.258254 0.852209 0.611707 0.023574 0.395736 0.449880 0.300360 
0.470320 0.726454 0.071145 0.342606 0.331928 0.884241 0.970064 0.403494 0.869546 0.153417 0.956855 0.443219 0.497155 0.793131 0.976753 0.969244 0.909412 0.218863 0.114212 0.732973 0.863946 0.098504 0.922784 0.499923 0.761099 

0.696376 2.505551 0.394625 2.593520 2.054585 2.243095 0.600025 2.627215 1.205325 3.483948 2.078545 3.527650 1.926998 3.788882 1.302877 1.858905 1.975883 1.535728 3.536543 2.854001 0.208678 1.319771 3.528116 1.477260 1.525354 
0.990364 3.355000 2.739834 0.512793 2.318457 0.124995 2.595401 0.690042 1.232287 3.528046 1.640309 2.061899 0.182201 1.566433 0.710886 2.108577 3.020803 0.560915 1.047034 2.723862 3.026120 1.802439 2.309326 2.927572 1.006404 
1.082185 1.279115 1.622616 2.731613 2.461232 1.480684 2.619696 2.344834 2.463818 2.928085 2.533166 1.834144 0.600994 2.406337 1.351106 0.041396 3.255728 0.978061 2.144735 1.585765 1.624107 0.276127 3.046231 1.805625 2.240792 
0.521381 1.486364 0.857029 1.238832 3.118439 0.698939 3.216539 2.477315 2.354804 2.064207 2.527108 2.861981 2.526821 2.734618 1.441406 2.210940 -0.077710 1.884526 1.573444 2.596054 1.962883 2.180433 2.433982 0.184966 3.251262 
0.782021 2.825933 1.323221 0.999532 0.979603 2.346437 3.848900 2.710404 2.980855 0.972346 1.662139 1.246705 2.416074 1.745823 1.295529 1.521697 1.542784 0.605470 0.458590 1.259015 1.587913 1.593553 2.641957 1.694353 2.128248 
0.696197 1.101022 0.078247 1.284026 1.272482 1.328718 1.692052 1.444182 2.064031 3.152443 0.521076 1.897593 1.264539 0.269549 0.450673 1.208064 0.707446 1.139691 1.208454 0.971039 1.896125 0.900895 0.442919 1.042341 0.856128 
0.842385 1.090816 1.275696 1.147645 1.379167 1.902052 2.011608 1.594951 1.186099 1.187970 1.712173 -1.193612 2.243935 -1.529774 1.395322 1.214700 0.505258 1.363617 0.841157 1.872906 1.028576 0.430071 1.735226 0.749404 0.808119 
2.093725 0.096473 1.470451 0.982622 0.655901 0.528670 -0.204872 0.953523 0.680014 1.055340 0.463478 -3.813270 -1.043562 -2.042199 0.514535 -1.895759 1.650378 -2.025084 -1.583601 0.809203 1.224539 1.811279 1.751571 1.448945 0.467983 
0.637028 0.835067 1.407063 1.093861 1.330978 0.239663 0.952286 1.235392 1.155248 1.809730 1.074872 -1.788104 -3.673525 -2.572546 -0.567455 -1.989671 -1.949235 -2.523360 -1.427941 0.027772 0.674754 1.743648 0.315929 1.373149 0.380034 
0.258115 0.502450 1.467301 1.050869 0.994189 1.836965 0.590468 0.339557 1.111330 -2.937734 -1.396081 -2.973826 -2.853057 -3.357712 -0.806111 -2.071982 -2.614393 -0.469467 -2.695114 1.557517 -2.332188 1.450693 1.303746 1.587440 0.241787 
1.806543 1.048205 0.684323 0.435547 0.789308 0.939351 -0.350198 -0.311955 -0.195825 -2.028701 -1.456082 -1.891306 -3.320977 -2.015776 -2.981658 -1.275055 -1.083229 -2.041713 -2.016008 -2.287919 -0.301375 -2.530035 1.397785 0.301473 1.335443 
-0.378814 1.146222 -0.893676 0.125146 0.701461 -0.963786 -0.292296 -0.700474 -0.572517 -2.036416 -2.034983 -1.560238 -0.385865 -3.622078 -1.224605 -2.000557 -1.411098 -2.121393 -1.851189 -1.917921 -4.089560 1.940487 0.918823 0.609217 -0.157349 
-0.349021 0.069156 -0.852291 -1.089104 -0.453055 -0.621934 -0.877683 -0.248043 -0.221575 -0.684539 -0.350360 -3.323682 -3.296250 -2.152888 -1.006779 -1.675141 -2.309666 -3.006963 -1.592321 -1.621653 -4.110943 -2.091739 0.420586 -0.309656 1.268937 
-0.793624 -0.831191 -0.748130 -0.252071 0.158536 0.023378 -0.313993 -0.507780 -1.181800 0.427119 -0.459096 -0.737066 -0.991520 -2.051336 -2.564834 -3.355341 -2.098078 -2.628313 -2.363943 -1.664001 -1.062737 -2.359562 -1.310651 -1.976670 -2.796107 
0.327508 -1.043312 -0.642959 -0.355695 -1.045495 -0.513204 -0.751356 -0.065766 0.034510 -0.641921 -0.075399 -0.344861 -1.142409 -2.068537 -1.534771 -1.980093 -1.123249 -0.716244 -2.089429 -0.698032 -2.147941 -3.751345 -2.910217 -1.261218 -3.345834 
-0.293057 -0.402892 -0.954052 -0.010903 -0.701783 -0.521808 -0.467703 -0.385314 -0.435790 -0.340768 0.232896 -3.208261 -2.399522 -1.481915 -2.340687 -3.371324 -2.526042 -1.691592 -2.577864 -2.843161 -2.232354 -0.433969 -3.958353 -1.944537 -1.637042 
-0.171571 -0.126510 0.208390 -0.354352 -0.358399 -0.317676 0.028862 -0.630351 -0.469704 -0.445480 -0.500656 -0.702420 -2.677353 -0.891387 -3.605747 -1.160223 -2.489439 -1.856280 -1.665844 -3.071073 -3.377862 -2.046381 -1.646322 -0.767353 -3.372877 
-1.477030 -0.023183 -0.956724 -0.362832 -1.078432 -0.988840 -1.351627 -0.090644 -0.485668 -0.676853 -0.078277 -0.295309 -1.397311 -1.894132 -1.165148 -2.029808 -1.422679 -1.698398 -2.480865 -0.139041 -1.754131 -1.253748 -2.557991 -1.964167 -1.789701 
-0.221283 0.036614 -0.892076 -0.788058 -1.014525 -1.142164 -0.422306 -0.175122 -0.931989 -0.641493 -0.535824 -0.577166 -0.485792 -0.647120 -3.164455 -1.159225 -1.026807 -1.222482 -2.742791 -0.514965 -0.621145 -0.456384 -0.939979 -0.117448 -0.348890 
-0.575815 -0.887351 -0.029681 0.494493 0.050177 -0.548902 -0.460178 -0.582450 -1.263454 -0.851395 -0.472661 -1.247562 -0.166976 -0.917869 -2.724588 -1.404045 -2.272132 -1.573670 -0.579804 -1.041567 -0.403653 -0.840938 -0.687550 -0.271723 -0.136481 
-0.262174 -0.354225 0.041268 0.080487 -0.729116 -0.360501 -0.453132 -0.451185 -1.057097 -0.424825 -0.702440 0.333738 -0.175068 0.028665 -0.700609 -2.377876 -0.070270 -0.754759 -0.453130 -0.816546 -0.023882 0.140840 -0.116099 0.253004 0.714639 
-0.626015 -0.780389 -0.901434 -0.282957 -1.148813 -0.881765 -0.620190 -0.005839 -0.742924 -0.773068 -0.727440 -0.394111 -0.267887 -0.746674 0.269070 -0.307403 -0.198688 0.082984 -0.172789 -0.989358 -0.648630 -0.234221 -0.104524 -0.818839 -0.285057 
-1.327448 -0.094215 -1.092556 -0.088375 -0.267622 -0.564537 0.682023 -1.025976 -0.456655 -0.096313 -0.862664 -0.246416 -0.370554 -0.582384 -1.151242 0.420953 -0.078677 -0.075408 -0.860401 -0.166944 -0.195453 -0.993570 -0.043139 -0.284784 0.229671 
-0.289723 -0.576777 -0.927807 -0.372123 0.206188 -0.607631 -0.905695 -0.401527 -1.023723 -0.331114 -1.126391 -0.570051 -0.418674 -0.656533 -0.385655 0.481627 0.252525 -0.812657 -0.644726 0.389954 -0.387786 -0.588624 -0.395142 0.006811 -0.534681 
-0.493803 -1.114974 -0.277171 -0.410113 -0.355174 -0.351597 -1.021724 -0.412072 -0.137692 0.079471 -0.344275 -0.945716 -0.478348 -0.109093 -0.863661 0.416118 -0.299420 -0.001523 -0.623094 -0.457376 -0.160873 0.125191 -0.424438 -0.461301 -0.006936 

4 2 2 2 2 2 2 2 2 2 2 2 2 2 2 2 2 2 2 2 2 2 2 2 2 
4 2 2 2 2 2 2 2 2 2 2 2 2 2 2 2 2 2 2 2 2 2 2 2 2 
4 4 2 2 2 2 2 2 2 2 2 2 2 2 2 2 2 2 2 2 2 2 2 2 2 
4 4 2 2 2 2 2 2 2 2 2 2 2 2 4 4 2 2 4 2 2 2 2 4 2 
4 2 2 2 2 2 2 2 2 4 4 4 4 4 4 4 4 4 4 4 2 2 2 4 2 
4 4 4 4 4 2 2 2 2 2 4 4 4 4 4 4 4 4 4 4 4 4 4 4 2 
4 4 4 4 4 2 2 2 4 2 4 1 4 1 4 4 4 4 4 4 4 4 4 4 4 
4 4 4 4 4 4 4 4 4 4 4 1 1 1 4 1 4 1 1 4 4 4 4 4 4 
4 4 4 4 4 4 4 4 4 4 4 1 1 1 1 1 1 1 1 4 4 4 4 4 4 
4 4 4 4 4 4 4 4 4 1 1 1 1 1 1 1 1 1 1 4 1 4 4 4 4 
4 4 4 4 4 4 4 3 3 1 1 1 1 1 1 1 1 1 1 1 1 1 4 4 4 
3 4 3 4 4 3 3 3 3 1 1 1 1 1 1 1 1 1 1 1 1 4 4 4 4 
3 3 3 3 3 3 3 3 3 3 3 1 1 1 1 1 1 1 1 1 1 1 4 1 4 
3 3 3 3 3 3 3 3 3 3 3 3 3 1 1 1 1 1 1 1 1 1 1 1 1 
0 3 3 3 3 3 3 3 3 3 3 3 1 1 1 1 1 1 1 1 1 1 1 1 1 
0 0 3 3 3 3 3 3 3 3 3 1 1 1 1 1 1 1 1 1 1 1 1 1 1 
0 0 0 0 0 0 0 3 3 3 3 3 1 1 1 1 1 1 1 1 1 1 1 1 1 
0 0 0 0 0 0 0 0 0 0 0 3 1 1 1 1 1 1 1 1 1 3 1 1 1 
0 0 0 0 0 0 0 0 0 0 0 3 3 3 1 1 1 1 1 3 3 3 1 3 3 
0 0 0 0 0 0 0 0 0 0 0 3 3 3 1 1 1 1 3 3 3 3 3 3 3 
0 0 0 0 0 0 0 0 0 0 0 0 3 3 3 1 3 3 3 3 3 3 3 3 3 
0 0 0 0 0 0 0 0 0 0 0 3 3 3 3 3 3 3 3 3 3 3 3 3 3 
0 0 0 0 0 0 0 0 0 0 0 3 3 3 3 3 3 3 3 3 3 3 3 3 3 
0 0 0 0 0 0 0 0 3 0 0 3 3 3 3 3 3 3 3 3 3 3 3 3 3 
0 0 0 0 0 0 0 0 3 3 3 3 3 3 3 3 3 3 3 3 3 3 3 3 3 

1.0 2.0 2.0 2.0 2.0 2.0 2.0 2.0 2.0 2.0 2.0 2.0 2.0 2.0 2.0 2.0 2.0 2.0 2.0 2.0 2.0 2.0 2.0 2.0 2.0 
1.0 2.0 2.0 2.0 2.0 2.0 2.0 2.0 2.0 2.0 2.0 2.0 2.0 2.0 2.0 2.0 2.0 2.0 2.0 2.0 2.0 2.0 2.0 2.0 2.0 
1.0 1.0 2.0 2.0 2.0 2.0 2.0 2.0 2.0 2.0 2.0 2.0 2.0 2.0 2.0 2.0 2.0 2.0 2.0 2.0 2.0 2.0 2.0 2.0 2.0 
1.0 1.0 2.0 2.0 2.0 2.0 2.0 2.0 2.0 2.0 2.0 2.0 2.0 2.0 1.0 1.0 2.0 2.0 1.0 2.0 2.0 2.0 2.0 1.0 2.0 
1.0 2.0 2.0 2.0 2.0 2.0 2.0 2.0 2.0 1.0 1.0 1.0 1.0 1.0 1.0 1.0 1.0 1.0 1.0 1.0 2.0 2.0 2.0 1.0 2.0 
1.0 1.0 1.0 1.0 1.0 2.0 2.0 2.0 2.0 2.0 1.0 1.0 1.0 1.0 1.0 1.0 1.0 1.0 1.0 1.0 1.0 1.0 1.0 1.0 2.0 
1.0 1.0 1.0 1.0 1.0 2.0 2.0 2.0 1.0 2.0 1.0 -2.0 1.0 -2.0 1.0 1.0 1.0 1.0 1.0 1.0 1.0 1.0 1.0 1.0 1.0 
1.0 1.0 1.0 1.0 1.0 1.0 1.0 1.0 1.0 1.0 1.0 -2.0 -2.0 -2.0 1.0 -2.0 1.0 -2.0 -2.0 1.0 1.0 1.0 1.0 1.0 1.0 
1.0 1.0 1.0 1.0 1.0 1.0 1.0 1.0 1.0 1.0 1.0 -2.0 -2.0 -2.0 -2.0 -2.0 -2.0 -2.0 -2.0 1.0 1.0 1.0 1.0 1.0 1.0 
1.0 1.0 1.0 1.0 1.0 1.0 1.0 1.0 1.0 -2.0 -2.0 -2.0 -2.0 -2.0 -2.0 -2.0 -2.0 -2.0 -2.0 1.0 -2.0 1.0 1.0 1.0 1.0 
1.0 1.0 1.0 1.0 1.0 1.0 1.0 -1.0 -1.0 -2.0 -2.0 -2.0 -2.0 -2.0 -2.0 -2.0 -2.0 -2.0 -2.0 -2.0 -2.0 -2.0 1.0 1.0 1.0 
-1.0 1.0 -1.0 1.0 1.0 -1.0 -1.0 -1.0 -1.0 -2.0 -2.0 -2.0 -2.0 -2.0 -2.0 -2.0 -2.0 -2.0 -2.0 -2.0 -2.0 1.0 1.0 1.0 1.0 
-1.0 -1.0 -1.0 -1.0 -1.0 -1.0 -1.0 -1.0 -1.0 -1.0 -1.0 -2.0 -2.0 -2.0 -2.0 -2.0 -2.0 -2.0 -2.0 -2.0 -2.0 -2.0 1.0 -2.0 1.0 
-1.0 -1.0 -1.0 -1.0 -1.0 -1.0 -1.0 -1.0 -1.0 -1.0 -1.0 -1.0 -1.0 -2.0 -2.0 -2.0 -2.0 -2.0 -2.0 -2.0 -2.0 -2.0 -2.0 -2.0 -2.0 
0.0 -1.0 -1.0 -1.0 -1.0 -1.0 -1.0 -1.0 -1.0 -1.0 -1.0 -1.0 -2.0 -2.0 -2.0 -2.0 -2.0 -2.0 -2.0 -2.0 -2.0 -2.0 -2.0 -2.0 -2.0 
0.0 0.0 -1.0 -1.0 -1.0 -1.0 -1.0 -1.0 -1.0 -1.0 -1.0 -2.0 -2.0 -2.0 -2.0 -2.0 -2.0 -2.0 -2.0 -2.0 -2.0 -2.0 -2.0 -2.0 -2.0 
0.0 0.0 0.0 0.0 0.0 0.0 0.0 -1.0 -1.0 -1.0 -1.0 -1.0 -2.0 -2.0 -2.0 -2.0 -2.0 -2.0 -2.0 -2.0 -2.0 -2.0 -2.0 -2.0 -2.0 
0.0 0.0 0.0 0.0 0.0 0.0 0.0 0.0 0.0 0.0 0.0 -1.0 -2.0 -2.0 -2.0 -2.0 -2.0 -2.0 -2.0 -2.0 -2.0 -1.0 -2.0 -2.0 -2.0 
0.0 0.0 0.0 0.0 0.0 0.0 0.0 0.0 0.0 0.0 0.0 -1.0 -1.0 -1.0 -2.0 -2.0 -2.0 -2.0 -2.0 -1.0 -1.0 -1.0 -2.0 -1.0 -1.0 
0.0 0.0 0.0 0.0 0.0 0.0 0.0 0.0 0.0 0.0 0.0 -1.0 -1.0 -1.0 -2.0 -2.0 -2.0 -2.0 -1.0 -1.0 -1.0 -1.0 -1.0 -1.0 -1.0 
0.0 0.0 0.0 0.0 0.0 0.0 0.0 0.0 0.0 0.0 0.0 0.0 -1.0 -1.0 -1.0 -2.0 -1.0 -1.0 -1.0 -1.0 -1.0 -1.0 -1.0 -1.0 -1.0 
0.0 0.0 0.0 0.0 0.0 0.0 0.0 0.0 0.0 0.0 0.0 -1.0 -1.0 -1.0 -1.0 -1.0 -1.0 -1.0 -1.0 -1.0 -1.0 -1.0 -1.0 -1.0 -1.0 
0.0 0.0 0.0 0.0 0.0 0.0 0.0 0.0 0.0 0.0 0.0 -1.0 -1.0 -1.0 -1.0 -1.0 -1.0 -1.0 -1.0 -1.0 -1.0 -1.0 -1.0 -1.0 -1.0 
0.0 0.0 0.0 0.0 0.0 0.0 0.0 0.0 -1.0 0.0 0.0 -1.0 -1.0 -1.0 -1.0 -1.0 -1.0 -1.0 -1.0 -1.0 -1.0 -1.0 -1.0 -1.0 -1.0 
0.0 0.0 0.0 0.0 0.0 0.0 0.0 0.0 -1.0 -1.0 -1.0 -1.0 -1.0 -1.0 -1.0 -1.0 -1.0 -1.0 -1.0 -1.0 -1.0 -1.0 -1.0 -1.0 -1.0 

1.0 2.0 2.0 2.0 2.0 2.0 2.0 2.0 2.0 2.0 2.0 2.0 2.0 2.0 2.0 2.0 2.0 2.0 2.0 2.0 2.0 2.0 2.0 2.0 2.0 
1.0 2.0 2.0 2.0 2.0 2.0 2.0 2.0 2.0 2.0 2.0 2.0 2.0 2.0 2.0 2.0 2.0 2.0 2.0 2.0 2.0 2.0 2.0 2.0 2.0 
1.0 1.0 2.0 2.0 2.0 2.0 2.0 2.0 2.0 2.0 2.0 2.0 2.0 2.0 2.0 2.0 2.0 2.0 2.0 2.0 2.0 2.0 2.0 2.0 2.0 
1.0 1.0 2.0 2.0 2.0 2.0 2.0 2.0 2.0 2.0 2.0 2.0 2.0 2.0 1.0 1.0 2.0 2.0 1.0 2.0 2.0 2.0 2.0 1.0 2.0 
1.0 2.0 2.0 2.0 2.0 2.0 2.0 2.0 2.0 1.0 1.0 1.0 1.0 1.0 1.0 1.0 1.0 1.0 1.0 1.0 2.0 2.0 2.0 1.0 2.0 
1.0 1.0 1.0 1.0 1.0 2.0 2.0 2.0 2.0 2.0 1.0 1.0 1.0 1.0 1.0 1.0 1.0 1.0 1.0 1.0 1.0 1.0 1.0 1.0 2.0 
1.0 1.0 1.0 1.0 1.0 2.0 2.0 2.0 1.0 2.0 1.0 -2.0 1.0 -2.0 1.0 1.0 1.0 1.0 1.0 1.0 1.0 1.0 1.0 1.0 1.0 
1.0 1.0 1.0 1.0 1.0 1.0 1.0 1.0 1.0 1.0 1.0 -2.0 -2.0 -2.0 1.0 -2.0 1.0 -2.0 -2.0 1.0 1.0 1.0 1.0 1.0 1.0 
1.0 1.0 1.0 1.0 1.0 1.0 1.0 1.0 1.0 1.0 1.0 -2.0 -2.0 -2.0 -2.0 -2.0 -2.0 -2.0 -2.0 1.0 1.0 1.0 1.0 1.0 1.0 
1.0 1.0 1.0 1.0 1.0 1.0 1.0 1.0 1.0 -2.0 -2.0 -2.0 -2.0 -2.0 -2.0 -2.0 -2.0 -2.0 -2.0 1.0 -2.0 1.0 1.0 1.0 1.0 
1.0 1.0 1.0 1.0 1.0 1.0 1.0 0.0 0.0 -2.0 -2.0 -2.0 -2.0 -2.0 -2.0 -2.0 -2.0 -2.0 -2.0 -2.0 -2.0 -2.0 1.0 1.0 1.0 
0.0 1.0 0.0 1.0 1.0 0.0 0.0 0.0 0.0 -2.0 -2.0 -2.0 -2.0 -2.0 -2.0 -2.0 -2.0 -2.0 -2.0 -2.0 -2.0 1.0 1.0 1.0 1.0 
0.0 0.0 0.0 0.0 0.0 0.0 0.0 0.0 0.0 0.0 0.0 -2.0 -2.0 -2.0 -2.0 -2.0 -2.0 -2.0 -2.0 -2.0 -2.0 -2.0 1.0 -2.0 1.0 
0.0 0.0 0.0 0.0 0.0 0.0 0.0 0.0 0.0 0.0 0.0 0.0 0.0 -2.0 -2.0 -2.0 -2.0 -2.0 -2.0 -2.0 -2.0 -2.0 -2.0 -2.0 -2.0 
-1.0 0.0 0.0 0.0 0.0 0.0 0.0 0.0 0.0 0.0 0.0 0.0 -2.0 -2.0 -2.0 -2.0 -2.0 -2.0 -2.0 -2.0 -2.0 -2.0 -2.0 -2.0 -2.0 
-1.0 -1.0 0.0 0.0 0.0 0.0 0.0 0.0 0.0 0.0 0.0 -2.0 -2.0 -2.0 -2.0 -2.0 -2.0 -2.0 -2.0 -2.0 -2.0 -2.0 -2.0 -2.0 -2.0 
-1.0 -1.0 -1.0 -1.0 -1.0 -1.0 -1.0 0.0 0.0 0.0 0.0 0.0 -2.0 -2.0 -2.0 -2.0 -2.0 -2.0 -2.0 -2.0 -2.0 -2.0 -2.0 -2.0 -2.0 
-1.0 -1.0 -1.0 -1.0 -1.0 -1.0 -1.0 -1.0 -1.0 -1.0 -1.0 0.0 -2.0 -2.0 -2.0 -2.0 -2.0 -2.0 -2.0 -2.0 -2.0 0.0 -2.0 -2.0 -2.0 
-1.0 -1.0 -1.0 -1.0 -1.0 -1.0 -1.0 -1.0 -1.0 -1.0 -1.0 0.0 0.0 0.0 -2.0 -2.0 -2.0 -2.0 -2.0 0.0 0.0 0.0 -2.0 0.0 0.0 
-1.0 -1.0 -1.0 -1.0 -1.0 -1.0 -1.0 -1.0 -1.0 -1.0 -1.0 0.0 0.0 0.0 -2.0 -2.0 -2.0 -2.0 0.0 0.0 0.0 0.0 0.0 0.0 0.0 
-1.0 -1.0 -1.0 -1.0 -1.0 -1.0 -1.0 -1.0 -1.0 -1.0 -1.0 -1.0 0.0 0.0 0.0 -2.0 0.0 0.0 0.0 0.0 0.0 0.0 0.0 0.0 0.0 
-1.0 -1.0 -1.0 -1.0 -1.0 -1.0 -1.0 -1.0 -1.0 -1.0 -1.0 0.0 0.0 0.0 0.0 0.0 0.0 0.0 0.0 0.0 0.0 0.0 0.0 0.0 0.0 
-1.0 -1.0 -1.0 -1.0 -1.0 -1.0 -1.0 -1.0 -1.0 -1.0 -1.0 0.0 0.0 0.0 0.0 0.0 0.0 0.0 0.0 0.0 0.0 0.0 0.0 0.0 0.0 
-1.0 -1.0 -1.0 -1.0 -1.0 -1.0 -1.0 -1.0 0.0 -1.0 -1.0 0.0 0.0 0.0 0.0 0.0 0.0 0.0 0.0 0.0 0.0 0.0 0.0 0.0 0.0 
-1.0 -1.0 -1.0 -1.0 -1.0 -1.0 -1.0 -1.0 0.0 0.0 0.0 0.0 0.0 0.0 0.0 0.0 0.0 0.0 0.0 0.0 0.0 0.0 0.0 0.0 0.0 

