0.330011 0.221616 0.319478 0.133456 0.071142 0.927219 0.337402 0.137864 0.488466 0.669019 0.860272 0.644493 0.532696 0.498440 0.501987 0.102287 0.927353 0.141430 0.988956 0.724286 0.956923 0.592366 0.236050 0.136072 0.034950 
0.412737 0.071272 0.378434 0.874969 0.504922 0.691765 0.612875 0.847868 0.973182 0.256435 0.094453 0.762720 0.029037 0.164550 0.851687 0.258902 0.078684 0.006563 0.100486 0.338505 0.921568 0.442146 0.301494 0.051159 0.534973 
0.938647 0.645646 0.945743 0.928571 0.285072 0.965999 0.083774 0.074659 0.104202 0.798601 0.017275 0.674292 0.393539 0.154810 0.408083 0.119207 0.848866 0.030992 0.463565 0.623461 0.434955 0.412785 0.421248 0.432775 0.782739 
0.663903 0.414728 0.823719 0.748076 0.030860 0.936236 0.510763 0.316741 0.021695 0.479316 0.803729 0.611477 0.558977 0.196926 0.653537 0.621556 0.483714 0.872548 0.058404 0.374555 0.678381 0.249222 0.270673 0.768172 0.149498 
0.450255 0.954699 0.622770 0.989663 0.543320 0.544947 0.877861 0.430394 0.265460 0.057369 0.727252 0.082024 0.086999 0.097674 0.487739 0.763566 0.577296 0.023324 0.266965 0.607760 0.772877 0.319217 0.547594 0.303830 0.355903 
0.736302 0.809416 0.144705 0.170421 0.100128 0.040694 0.424825 0.612092 0.088485 0.047620 0.293766 0.843824 0.797786 0.208519 0.315474 0.838460 0.443624 0.018701 0.608532 0.614805 0.385985 0.792179 0.408612 0.792002 0.700162 
0.264930 0.440258 0.899448 0.268944 0.674425 0.657995 0.619303 0.030016 0.256241 0.801352 0.380210 0.893021 0.869156 0.363777 0.156243 0.725704 0.999241 0.956190 0.170776 0.367336 0.459328 0.049407 0.881295 0.381552 0.370742 
0.897271 0.659955 0.853834 0.004811 0.353655 0.171472 0.030004 0.125599 0.453306 0.591869 0.004018 0.081933 0.105216 0.318351 0.714263 0.386387 0.603555 0.577548 0.438466 0.654312 0.588728 0.978219 0.070747 0.359872 0.466745 
0.562373 0.512479 0.950016 0.075797 0.532823 0.934600 0.095663 0.672926 0.292937 0.769115 0.925290 0.237890 0.018423 0.229286 0.432001 0.666453 0.178933 0.298454 0.389957 0.986357 0.492139 0.391801 0.403783 0.229248 0.482166 
0.861598 0.470513 0.748167 0.397386 0.193253 0.612636 0.949374 0.387483 0.213980 0.822874 0.113213 0.822156 0.818843 0.367885 0.067076 0.067825 0.262758 0.341655 0.524546 0.140144 0.860545 0.310473 0.413348 0.898134 0.358359 
0.542434 0.387855 0.613561 0.526232 0.219795 0.687769 0.258922 0.396080 0.751257 0.250974 0.703002 0.760368 0.680540 0.607881 0.545264 0.207347 0.350653 0.857088 0.526650 0.622803 0.151348 0.690747 0.278892 0.266556 0.334649 
0.530728 0.473148 0.035988 0.114287 0.927254 0.634282 0.567267 0.563771 0.340581 0.058173 0.237643 0.328503 0.941885 0.148740 0.828739 0.244486 0.080303 0.021695 0.835698 0.952644 0.221787 0.239342 0.286811 0.139494 0.192174 
0.242582 0.979421 0.153311 0.841127 0.002194 0.258062 0.256073 0.779622 0.647921 0.750063 0.591928 0.526780 0.157957 0.042850 0.478864 0.911594 0.053657 0.605584 0.311059 0.136317 0.690371 0.389630 0.310155 0.345150 0.909406 
0.979538 0.268921 0.610079 0.026964 0.088477 0.028732 0.773674 0.731807 0.843939 0.971650 0.843601 0.754240 0.853345 0.844277 0.562137 0.632825 0.731246 0.299873 0.380802 0.725159 0.605594 0.453008 0.853745 0.827161 0.077377 
0.675913 0.904051 0.092648 0.803994 0.003342 0.341262 0.472885 0.019207 0.834662 0.751289 0.395464 0.734770 0.530087 0.093552 0.194482 0.209943 0.658254 0.495553 0.175240 0.293471 0.233397 0.787890 0.895303 0.101642 0.664772 
0.097539 0.284234 0.338961 0.768527 0.719201 0.548242 0.531846 0.455391 0.499044 0.239174 0.265599 0.613417 0.786402 0.416943 0.950090 0.646432 0.074741 0.312227 0.110036 0.193134 0.949852 0.213906 0.180958 0.033125 0.387291 
0.003539 0.916715 0.471824 0.573327 0.781636 0.901035 0.765813 0.152930 0.867293 0.882688 0.305165 0.854202 0.642206 0.302636 0.937525 0.074966 0.800077 0.790559 0.045897 0.827023 0.935787 0.080464 0.363986 0.022633 0.844471 
0.567684 0.211114 0.592108 0.759520 0.646099 0.281142 0.722608 0.340526 0.539973 0.481723 0.310839 0.998454 0.162403 0.032325 0.720263 0.644766 0.229264 0.406995 0.913514 0.280709 0.877546 0.856263 0.955204 0.930659 0.757114 
0.466060 0.248478 0.084025 0.331571 0.527324 0.585217 0.467496 0.642055 0.556660 0.645862 0.457044 0.057556 0.372909 0.108462 0.322074 0.740720 0.247473 0.871828 0.243882 0.435416 0.255381 0.959774 0.605133 0.301376 0.689055 
0.263059 0.257423 0.037228 0.113675 0.552046 0.909254 0.012929 0.240075 0.674815 0.607661 0.439447 0.031300 0.602684 0.539838 0.196834 0.046789 0.780534 0.255328 0.957116 0.208494 0.004040 0.814368 0.777651 0.090846 0.520769 
0.279674 0.098974 0.056619 0.496269 0.957934 0.477039 0.808295 0.487773 0.621152 0.443351 0.918456 0.554269 0.384579 0.053435 0.255362 0.606806 0.214567 0.770429 0.333588 0.877315 0.904288 0.560000 0.983237 0.458161 0.247613 
0.633080 0.749141 0.278682 0.217106 0.114928 0.310606 0.953185 0.457335 0.318600 0.113012 0.769365 0.703395 0.069548 0.963064 0.488276 0.159931 0.998136 0.426520 0.554613 0.754478 0.429033 0.286189 0.599105 0.004441 0.961932 
0.541272 0.019671 0.411856 0.144597 0.162467 0.367841 0.978969 0.780622 0.303210 0.360241 0.219223 0.793787 0.168623 0.964939 0.392241 0.894329 0.055742 0.074346 0.496029 0.019667 0.222618 0.997716 0.259862 0.122529 0.037830 
0.974694 0.541228 0.126190 0.223383 0.401082 0.019655 0.904260 0.045855 0.194192 0.920245 0.662778 0.354750 0.096797 0.627852 0.824479 0.108758 0.630445 0.882307 0.743407 0.371730 0.516407 0.891460 0.936267 0.266472 0.477637 
0.658497 0.800149 0.994266 0.916551 0.013155 0.451347 0.618921 0.335536 0.633609 0.961813 0.271196 0.641775 0.002297 0.148162 0.431301 0.362690 0.536741 0.217798 0.652003 0.482995 0.511699 0.889700 0.025512 0.928121 0.380540 

0.223367 0.697506 0.238052 0.993593 0.838115 0.807641 0.535749 0.034150 0.052226 0.777594 0.646316 0.088081 0.517368 0.852137 0.675456 0.719007 0.983032 0.893955 0.276418 0.250896 0.273798 0.845283 0.204615 0.577148 0.034534 
0.526339 0.808621 0.620753 0.497452 0.524991 0.310884 0.847620 0.884676 0.684380 0.929329 0.796143 0.367512 0.773846 0.199312 0.794459 0.922956 0.551515 0.350115 0.379845 0.345271 0.761438 0.366072 0.309861 0.024818 0.621001 
0.908105 0.375089 0.441767 0.890532 0.757412 0.066558 0.197829 0.429087 0.262334 0.573785 0.347397 0.308976 0.539935 0.982571 0.183922 0.332018 0.185576 0.810355 0.442177 0.104608 0.242087 0.003487 0.869222 0.558556 0.857731 
0.813271 0.717403 0.311973 0.098140 0.627255 0.914015 0.457570 0.728092 0.312973 0.539296 0.335854 0.228562 0.618567 0.367700 0.424866 0.455435 0.774040 0.128971 0.348630 0.558722 0.082853 0.576512 0.109192 0.742932 0.511728 
0.972845 0.900725 0.187822 0.283855 0.270640 0.018040 0.215578 0.329277 0.831984 0.419009 0.659535 0.008569 0.466056 0.533614 0.349033 0.249781 0.283865 0.132574 0.820960 0.489313 0.565118 0.237962 0.034649 0.306486 0.246478 
0.285121 0.451380 0.310866 0.341322 0.461886 0.182387 0.615157 0.656103 0.757937 0.218902 0.461211 0.233072 0.839311 0.701474 0.626053 0.876187 0.781809 0.850106 0.223239 0.382647 0.192177 0.770383 0.792097 0.821972 0.833877 
0.820844 0.969250 0.766612 0.427707 0.558948 0.222806 0.182133 0.999411 0.495825 0.003891 0.264765 0.647732 0.046858 0.091093 0.699925 0.502727 0.496007 0.061660 0.668163 0.985144 0.421998 0.718630 0.733841 0.359943 0.137349 
0.708208 0.951052 0.197236 0.568675 0.672500 0.043311 0.080234 0.007040 0.798552 0.357314 0.156044 0.105643 0.172231 0.745259 0.924865 0.633171 0.679489 0.629154 0.268906 0.284767 0.607937 0.605746 0.239947 0.733814 0.863005 
0.219771 0.496324 0.158681 0.895834 0.442763 0.487674 0.066663 0.960857 0.708184 0.392579 0.158920 0.655066 0.128474 0.489668 0.189930 0.987802 0.284335 0.066011 0.103400 0.886667 0.244194 0.040135 0.573081 0.402995 0.169583 
0.843030 0.876714 0.339557 0.589314 0.713291 0.841829 0.009964 0.888869 0.431278 0.629964 0.975948 0.660046 0.998415 0.212459 0.240982 0.997585 0.591536 0.152748 0.161493 0.230250 0.051500 0.311534 0.558454 0.681496 0.559895 
0.583443 0.561887 0.839778 0.554544 0.187156 0.357884 0.075252 0.648598 0.028121 0.807787 0.574502 0.891565 0.988539 0.954292 0.355398 0.344505 0.480042 0.100681 0.945479 0.009146 0.983186 0.079062 0.320617 0.769757 0.540735 
0.547383 0.935130 0.456827 0.077722 0.962463 0.723574 0.438998 0.228016 0.323274 0.576938 0.256949 0.612567 0.814690 0.786969 0.846478 0.497584 0.554025 0.130015 0.865024 0.843906 0.960777 0.400686 0.041221 0.967725 0.061255 
0.115265 0.414674 0.784007 0.484614 0.506806 0.956827 0.406856 0.671332 0.360652 0.354905 0.513677 0.347677 0.934500 0.907619 0.591932 0.711807 0.701481 0.577990 0.530292 0.167550 0.006474 0.186994 0.311700 0.780292 0.526431 
0.855528 0.209978 0.085809 0.530619 0.315637 0.751131 0.439995 0.964145 0.394896 0.588758 0.596365 0.002771 0.962293 0.794123 0.407565 0.511074 0.032634 0.610546 0.765718 0.653267 0.853569 0.715535 0.932886 0.945377 0.157597 
0.784393 0.088724 0.883411 0.919610 0.075327 0.648866 0.941845 0.296420 0.943802 0.445497 0.584603 0.373721 0.608994 0.932245 0.158257 0.008388 0.573244 0.526630 0.496645 0.099855 0.407691 0.109596 0.628073 0.193397 0.464328 
0.765991 0.307868 0.713462 0.516981 0.432502 0.467668 0.687685 0.200599 0.907058 0.429527 0.085496 0.894769 0.896278 0.353556 0.246395 0.886461 0.300583 0.045613 0.299730 0.078429 0.561478 0.515441 0.906261 0.850899 0.877557 
0.296172 0.614463 0.501301 0.118968 0.584482 0.108765 0.723096 0.262975 0.897389 0.492711 0.441481 0.864505 0.163000 0.806418 0.932235 0.485534 0.687930 0.767542 0.713603 0.738730 0.951537 0.628154 0.087126 0.348980 0.343802 
0.473071 0.702656 0.658071 0.570058 0.379087 0.461291 0.531790 0.622461 0.287120 0.319773 0.647846 0.696239 0.786293 0.061873 0.918295 0.716142 0.405959 0.509050 0.524717 0.533562 0.060901 0.061549 0.097432 0.544013 0.393098 
0.530487 0.422874 0.403009 0.056127 0.208052 0.512545 0.410978 0.229026 0.376498 0.816709 0.785007 0.620523 0.118883 0.445512 0.483351 0.784548 0.316330 0.087332 0.454910 0.796058 0.602971 0.271886 0.375048 0.967210 0.471659 
0.387898 0.188674 0.290711 0.188155 0.799738 0.637909 0.784295 0.930244 0.210828 0.615432 0.986925 0.859282 0.999366 0.634332 0.410706 0.665325 0.744915 0.171771 0.728211 0.515659 0.491802 0.459440 0.039327 0.301480 0.850679 
0.073620 0.956343 0.670933 0.751752 0.389068 0.279927 0.167145 0.445490 0.008830 0.348544 0.977275 0.535929 0.311884 0.316840 0.545019 0.709854 0.146364 0.282683 0.906407 0.392332 0.023653 0.696796 0.909505 0.557433 0.587480 
0.714821 0.217066 0.741716 0.841669 0.501371 0.914324 0.263166 0.057018 0.546772 0.708204 0.908167 0.789402 0.354736 0.941960 0.296469 0.416797 0.964534 0.808646 0.263289 0.319236 0.176610 0.814561 0.768187 0.655776 0.253593 
0.568087 0.935721 0.830512 0.587467 0.479796 0.318638 0.844626 0.240724 0.956847 0.005289 0.538978 0.570371 0.303502 0.309066 0.316636 0.861854 0.977238 0.009181 0.787049 0.534026 0.620191 0.333607 0.622100 0.536290 0.847606 
0.666468 0.459141 0.132594 0.757894 0.139736 0.231709 0.800706 0.889513 0.930024 0.911767 0.184138 0.915141 0.127294 0.822732 0.881027 0.787469 0.261132 0.338387 0.741289 0.943550 0.609802 0.470700 0.350112 0.521686 0.314196 
0.988900 0.474270 0.779895 0.491148 0.051909 0.569005 0.347873 0.377675 0.502563 0.149500 0.461581 0.847267 0.323420 0.948904 0.301037 0.072375 0.730660 0.874114 0.449940 0.224885 0.273189 0.075123 0.022220 0.863310 0.436679 

0.925925 1.646578 1.022318 1.107995 0.865961 2.836244 0.674221 0.197727 1.111396 1.809586 2.231051 1.334062 1.707243 1.904764 1.311207 1.059932 2.728481 1.174811 2.277640 2.056670 2.493311 2.270081 0.841421 0.884436 -0.413208 
1.652614 1.144919 1.293635 2.168029 1.571091 1.721441 2.482538 2.476452 2.760440 1.487227 0.862850 2.096851 1.152904 0.856955 1.920841 1.562215 0.708423 0.397148 0.654104 1.059728 2.709121 1.009673 0.853131 0.582089 1.520319 
2.860273 1.379426 2.400750 2.798802 1.292965 2.116435 0.397141 0.642541 0.429602 2.256076 0.528056 1.423209 1.202360 1.540792 0.899787 0.739739 1.780271 0.993070 0.852684 1.157705 0.970615 0.878091 1.893940 1.732024 2.299545 
1.489788 1.530370 1.719674 1.773434 0.932830 2.645291 1.177434 1.351867 0.323219 1.637540 1.984919 1.500724 1.820633 0.928306 1.486786 1.987092 1.786494 1.733378 0.249065 1.287475 1.371611 0.886876 0.854913 2.119979 0.829965 
2.234728 3.038958 1.629559 2.313927 1.081287 1.274300 1.753941 1.020405 1.585063 0.721885 1.896677 -0.118918 0.518258 0.915624 1.176066 1.688797 1.484291 -0.048262 1.527297 1.637874 1.998538 0.937323 1.086295 1.122823 1.148149 
0.726637 0.402666 0.135182 -0.243164 -0.374984 0.000125 -0.326694 -0.240956 -0.793135 -0.304915 -0.453284 0.630437 0.344921 -0.398867 -0.181137 0.001730 -0.235410 -0.762501 0.151842 0.635046 0.512200 0.121824 -0.396345 -0.103074 0.070956 
-0.184774 -0.880703 0.135386 -0.231853 0.314420 0.425570 0.565664 -1.181938 -0.213574 1.139243 0.193939 0.369055 1.050882 0.257760 -0.492516 0.143002 0.161054 1.051664 -0.598725 -0.614013 -0.149127 -0.505365 0.235389 0.040783 0.359383 
0.485306 -0.254892 0.484360 -0.759332 -0.162493 0.077573 -0.007925 0.122949 -0.154231 0.226255 0.059953 -0.006140 -0.063941 -0.125805 -0.175306 -0.266968 -0.286392 -0.275614 0.194315 0.273778 0.089450 0.260638 -0.157616 -0.223094 -0.467265 
0.159687 0.004116 1.012628 -0.814472 0.162210 0.183245 0.000465 -0.352136 -0.428870 0.579332 0.906354 -0.755727 0.274585 -0.410975 0.341732 -0.542916 -0.440213 0.079414 0.270575 0.014606 0.387491 0.456691 -0.139518 0.020003 0.525474 
0.195354 -0.129310 0.471826 -0.011729 -0.201612 0.006560 1.146524 -0.680254 0.050822 0.185899 -0.660814 0.478803 0.127704 0.126598 -0.295475 -1.204525 -0.375315 0.300597 0.706160 -0.030157 0.796086 -0.255722 0.026538 0.441898 -0.249891 
1.359303 1.357133 1.724612 1.230543 0.732413 0.923450 -0.061003 0.904569 0.042017 1.264005 1.184586 2.116052 2.100741 2.393772 0.419535 0.874567 1.176536 0.395562 2.340952 0.230241 1.724189 0.351906 0.604530 1.656232 1.163163 
1.045531 1.674870 0.872692 -0.099197 2.174718 1.272796 0.852641 0.319284 0.639249 0.994755 0.402323 1.381352 1.602451 1.352369 1.856292 1.243996 1.286396 0.249113 1.859820 1.790510 2.153031 0.862404 0.057299 1.792482 0.005404 
0.590665 1.165449 1.276195 0.677811 1.097658 1.616876 0.946837 1.231532 0.658007 0.604382 0.994973 0.370136 1.845430 2.029346 1.238064 1.038463 1.343234 1.162990 1.123992 0.484432 -0.296136 0.434451 0.612401 1.608955 1.185933 
1.283069 0.513540 -0.097110 1.551629 0.706731 1.637766 1.043959 2.182642 1.058107 1.166135 1.010925 0.004759 2.010455 1.363815 0.621356 1.583231 -0.130931 1.142380 1.482249 1.432184 1.840552 1.551201 1.922896 2.089846 0.226467 
1.362150 0.201255 1.311966 2.086114 0.330244 0.975416 1.823485 0.514190 1.848978 0.860694 0.937946 0.972517 1.354524 2.186130 0.303747 0.081174 1.335305 1.426055 1.022749 0.117475 0.775902 0.193284 1.126802 0.644846 0.876189 
-1.549876 -1.155106 -1.866896 -2.607445 -2.320496 -1.994038 -2.426409 -1.127542 -2.715125 -1.524043 -0.692972 -2.920750 -3.541658 -1.157602 -2.814071 -3.211797 -0.885706 -0.539164 -0.665442 -0.574957 -3.072481 -1.788741 -1.963122 -1.814813 -2.810270 
-0.665081 -2.992043 -1.821931 -1.450290 -2.465811 -2.282251 -2.922334 -0.720527 -3.863665 -3.085748 -1.322681 -3.552458 -1.645760 -2.014218 -4.094186 -1.219870 -3.086924 -3.083536 -1.400322 -3.087255 -3.691392 -1.396199 -0.623214 -0.907486 -2.472426 
-2.073373 -1.514904 -2.355706 -2.601846 -1.804573 -1.833222 -2.251073 -2.209179 -1.470054 -2.064506 -1.887939 -3.198090 -2.260057 -0.198179 -3.629225 -2.791398 -1.554455 -1.730830 -2.515739 -1.621678 -2.124265 -2.203977 -1.996038 -2.953467 -2.610264 
-2.079048 -1.764915 -1.089697 -0.620031 -1.592452 -2.178761 -1.871099 -1.915999 -1.848250 -2.810383 -2.493077 -1.122691 -0.696391 -1.048026 -1.881009 -3.081278 -1.219085 -1.726326 -1.116402 -2.596508 -1.716702 -2.425664 -1.879227 -2.579681 -2.343309 
-1.391716 -0.603559 -0.670659 -0.677541 -2.491375 -2.648616 -1.606912 -1.979968 -1.659244 -2.649779 -2.947430 -2.110702 -3.172172 -2.347513 -1.191239 -1.388296 -2.965282 -0.730755 -3.461861 -1.526190 -1.436378 -2.544362 -1.787154 -0.781039 -2.806588 
0.005567 -0.104635 -0.266592 -0.432932 -1.293102 -0.493533 -0.715385 -0.825160 -1.020277 -0.582116 -0.836953 -0.784161 -0.131690 -0.028486 -0.454321 -0.927464 -0.286061 -0.995710 -0.639250 -1.102812 -0.671086 -0.478086 -0.883252 -0.393350 -0.309045 
-0.771796 -0.800023 0.039216 -0.180937 -0.306589 -0.575398 -0.826330 -0.382297 -0.131189 -0.249782 -0.555551 -0.413185 -0.003288 -1.245738 -1.021593 -0.134437 -0.806394 -0.602152 -0.586496 -0.882938 -0.422064 0.069724 -0.518236 0.163553 -0.547620 
-0.683633 -0.212774 -0.648707 -0.292347 -0.244134 -0.257024 -0.913163 -0.769211 -0.292114 -0.038234 -0.266313 -0.914439 -0.189705 -0.737917 -0.474079 -0.837410 -0.262087 0.181903 -0.620511 0.290557 -0.246174 -0.905065 -0.068642 0.274566 0.135332 
-0.856876 -0.477368 -0.004174 -0.033907 -0.627313 -0.205767 -0.621806 -0.088903 -0.193237 -0.829320 -0.604271 -0.520861 -0.171492 -0.517324 -0.959285 -0.158099 -0.649105 -1.227377 -0.598919 -0.519200 -0.623543 -0.655877 -0.767707 -0.317149 -0.487066 
-0.448704 -0.737042 -0.764606 -1.217848 0.203635 -0.325436 -0.456753 -0.439930 -0.651326 -0.796590 -0.152912 -0.772776 -0.025743 -0.227287 -0.168819 -0.487071 -0.641714 -0.392364 -0.490649 -0.188049 -0.717719 -0.946421 -0.211300 -0.738356 -0.328637 

0 0 0 0 0 0 0 0 0 0 0 0 0 0 0 0 0 0 0 0 0 0 0 0 0 
0 0 0 0 0 0 0 0 0 0 0 0 0 0 0 0 0 0 0 0 0 0 0 0 0 
0 0 0 0 0 0 0 0 0 0 0 0 0 0 0 0 0 0 0 0 0 0 0 0 0 
0 0 0 0 0 0 0 0 0 0 0 0 0 0 0 0 0 0 0 0 0 0 0 0 0 
0 0 0 0 0 0 0 0 0 0 0 0 0 0 0 0 0 0 0 0 0 0 0 0 0 
1 1 1 1 1 1 1 1 1 1 1 1 1 1 1 1 1 1 1 1 1 1 1 1 1 
1 1 1 1 1 1 1 1 1 1 1 1 1 1 1 1 1 1 1 1 1 1 1 1 1 
1 1 1 1 1 1 1 1 1 1 1 1 1 1 1 1 1 1 1 1 1 1 1 1 1 
1 1 1 1 1 1 1 1 1 1 1 1 1 1 1 1 1 1 1 1 1 1 1 1 1 
1 1 1 1 1 1 1 1 1 1 1 1 1 1 1 1 1 1 1 1 1 1 1 1 1 
2 2 2 2 2 2 2 2 2 2 2 2 2 2 2 2 2 2 2 2 2 2 2 2 2 
2 2 2 2 2 2 2 2 2 2 2 2 2 2 2 2 2 2 2 2 2 2 2 2 2 
2 2 2 2 2 2 2 2 2 2 2 2 2 2 2 2 2 2 2 2 2 2 2 2 2 
2 2 2 2 2 2 2 2 2 2 2 2 2 2 2 2 2 2 2 2 2 2 2 2 2 
2 2 2 2 2 2 2 2 2 2 2 2 2 2 2 2 2 2 2 2 2 2 2 2 2 
3 3 3 3 3 3 3 3 3 3 3 3 3 3 3 3 3 3 3 3 3 3 3 3 3 
3 3 3 3 3 3 3 3 3 3 3 3 3 3 3 3 3 3 3 3 3 3 3 3 3 
3 3 3 3 3 3 3 3 3 3 3 3 3 3 3 3 3 3 3 3 3 3 3 3 3 
3 3 3 3 3 3 3 3 3 3 3 3 3 3 3 3 3 3 3 3 3 3 3 3 3 
3 3 3 3 3 3 3 3 3 3 3 3 3 3 3 3 3 3 3 3 3 3 3 3 3 
4 4 4 4 4 4 4 4 4 4 4 4 4 4 4 4 4 4 4 4 4 4 4 4 4 
4 4 4 4 4 4 4 4 4 4 4 4 4 4 4 4 4 4 4 4 4 4 4 4 4 
4 4 4 4 4 4 4 4 4 4 4 4 4 4 4 4 4 4 4 4 4 4 4 4 4 
4 4 4 4 4 4 4 4 4 4 4 4 4 4 4 4 4 4 4 4 4 4 4 4 4 
4 4 4 4 4 4 4 4 4 4 4 4 4 4 4 4 4 4 4 4 4 4 4 4 4 

2.0 2.0 2.0 2.0 2.0 2.0 2.0 2.0 2.0 2.0 2.0 2.0 2.0 2.0 2.0 2.0 2.0 2.0 2.0 2.0 2.0 2.0 2.0 2.0 2.0 
2.0 2.0 2.0 2.0 2.0 2.0 2.0 2.0 2.0 2.0 2.0 2.0 2.0 2.0 2.0 2.0 2.0 2.0 2.0 2.0 2.0 2.0 2.0 2.0 2.0 
2.0 2.0 2.0 2.0 2.0 2.0 2.0 2.0 2.0 2.0 2.0 2.0 2.0 2.0 2.0 2.0 2.0 2.0 2.0 2.0 2.0 2.0 2.0 2.0 2.0 
2.0 2.0 2.0 2.0 2.0 2.0 2.0 2.0 2.0 2.0 2.0 2.0 2.0 2.0 2.0 2.0 2.0 2.0 2.0 2.0 2.0 2.0 2.0 2.0 2.0 
2.0 2.0 2.0 2.0 2.0 2.0 2.0 2.0 2.0 2.0 2.0 2.0 2.0 2.0 2.0 2.0 2.0 2.0 2.0 2.0 2.0 2.0 2.0 2.0 2.0 
1.0 1.0 1.0 1.0 1.0 1.0 1.0 1.0 1.0 1.0 1.0 1.0 1.0 1.0 1.0 1.0 1.0 1.0 1.0 1.0 1.0 1.0 1.0 1.0 1.0 
1.0 1.0 1.0 1.0 1.0 1.0 1.0 1.0 1.0 1.0 1.0 1.0 1.0 1.0 1.0 1.0 1.0 1.0 1.0 1.0 1.0 1.0 1.0 1.0 1.0 
1.0 1.0 1.0 1.0 1.0 1.0 1.0 1.0 1.0 1.0 1.0 1.0 1.0 1.0 1.0 1.0 1.0 1.0 1.0 1.0 1.0 1.0 1.0 1.0 1.0 
1.0 1.0 1.0 1.0 1.0 1.0 1.0 1.0 1.0 1.0 1.0 1.0 1.0 1.0 1.0 1.0 1.0 1.0 1.0 1.0 1.0 1.0 1.0 1.0 1.0 
1.0 1.0 1.0 1.0 1.0 1.0 1.0 1.0 1.0 1.0 1.0 1.0 1.0 1.0 1.0 1.0 1.0 1.0 1.0 1.0 1.0 1.0 1.0 1.0 1.0 
0.0 0.0 0.0 0.0 0.0 0.0 0.0 0.0 0.0 0.0 0.0 0.0 0.0 0.0 0.0 0.0 0.0 0.0 0.0 0.0 0.0 0.0 0.0 0.0 0.0 
0.0 0.0 0.0 0.0 0.0 0.0 0.0 0.0 0.0 0.0 0.0 0.0 0.0 0.0 0.0 0.0 0.0 0.0 0.0 0.0 0.0 0.0 0.0 0.0 0.0 
0.0 0.0 0.0 0.0 0.0 0.0 0.0 0.0 0.0 0.0 0.0 0.0 0.0 0.0 0.0 0.0 0.0 0.0 0.0 0.0 0.0 0.0 0.0 0.0 0.0 
0.0 0.0 0.0 0.0 0.0 0.0 0.0 0.0 0.0 0.0 0.0 0.0 0.0 0.0 0.0 0.0 0.0 0.0 0.0 0.0 0.0 0.0 0.0 0.0 0.0 
0.0 0.0 0.0 0.0 0.0 0.0 0.0 0.0 0.0 0.0 0.0 0.0 0.0 0.0 0.0 0.0 0.0 0.0 0.0 0.0 0.0 0.0 0.0 0.0 0.0 
-2.0 -2.0 -2.0 -2.0 -2.0 -2.0 -2.0 -2.0 -2.0 -2.0 -2.0 -2.0 -2.0 -2.0 -2.0 -2.0 -2.0 -2.0 -2.0 -2.0 -2.0 -2.0 -2.0 -2.0 -2.0 
-2.0 -2.0 -2.0 -2.0 -2.0 -2.0 -2.0 -2.0 -2.0 -2.0 -2.0 -2.0 -2.0 -2.0 -2.0 -2.0 -2.0 -2.0 -2.0 -2.0 -2.0 -2.0 -2.0 -2.0 -2.0 
-2.0 -2.0 -2.0 -2.0 -2.0 -2.0 -2.0 -2.0 -2.0 -2.0 -2.0 -2.0 -2.0 -2.0 -2.0 -2.0 -2.0 -2.0 -2.0 -2.0 -2.0 -2.0 -2.0 -2.0 -2.0 
-2.0 -2.0 -2.0 -2.0 -2.0 -2.0 -2.0 -2.0 -2.0 -2.0 -2.0 -2.0 -2.0 -2.0 -2.0 -2.0 -2.0 -2.0 -2.0 -2.0 -2.0 -2.0 -2.0 -2.0 -2.0 
-2.0 -2.0 -2.0 -2.0 -2.0 -2.0 -2.0 -2.0 -2.0 -2.0 -2.0 -2.0 -2.0 -2.0 -2.0 -2.0 -2.0 -2.0 -2.0 -2.0 -2.0 -2.0 -2.0 -2.0 -2.0 
-1.0 -1.0 -1.0 -1.0 -1.0 -1.0 -1.0 -1.0 -1.0 -1.0 -1.0 -1.0 -1.0 -1.0 -1.0 -1.0 -1.0 -1.0 -1.0 -1.0 -1.0 -1.0 -1.0 -1.0 -1.0 
-1.0 -1.0 -1.0 -1.0 -1.0 -1.0 -1.0 -1.0 -1.0 -1.0 -1.0 -1.0 -1.0 -1.0 -1.0 -1.0 -1.0 -1.0 -1.0 -1.0 -1.0 -1.0 -1.0 -1.0 -1.0 
-1.0 -1.0 -1.0 -1.0 -1.0 -1.0 -1.0 -1.0 -1.0 -1.0 -1.0 -1.0 -1.0 -1.0 -1.0 -1.0 -1.0 -1.0 -1.0 -1.0 -1.0 -1.0 -1.0 -1.0 -1.0 
-1.0 -1.0 -1.0 -1.0 -1.0 -1.0 -1.0 -1.0 -1.0 -1.0 -1.0 -1.0 -1.0 -1.0 -1.0 -1.0 -1.0 -1.0 -1.0 -1.0 -1.0 -1.0 -1.0 -1.0 -1.0 
-1.0 -1.0 -1.0 -1.0 -1.0 -1.0 -1.0 -1.0 -1.0 -1.0 -1.0 -1.0 -1.0 -1.0 -1.0 -1.0 -1.0 -1.0 -1.0 -1.0 -1.0 -1.0 -1.0 -1.0 -1.0 

1.0 1.0 1.0 1.0 1.0 1.0 1.0 1.0 1.0 1.0 1.0 1.0 1.0 1.0 1.0 1.0 1.0 1.0 1.0 1.0 1.0 1.0 1.0 1.0 1.0 
1.0 1.0 1.0 1.0 1.0 1.0 1.0 1.0 1.0 1.0 1.0 1.0 1.0 1.0 1.0 1.0 1.0 1.0 1.0 1.0 1.0 1.0 1.0 1.0 1.0 
1.0 1.0 1.0 1.0 1.0 1.0 1.0 1.0 1.0 1.0 1.0 1.0 1.0 1.0 1.0 1.0 1.0 1.0 1.0 1.0 1.0 1.0 1.0 1.0 1.0 
1.0 1.0 1.0 1.0 1.0 1.0 1.0 1.0 1.0 1.0 1.0 1.0 1.0 1.0 1.0 1.0 1.0 1.0 1.0 1.0 1.0 1.0 1.0 1.0 1.0 
1.0 1.0 1.0 1.0 1.0 1.0 1.0 1.0 1.0 1.0 1.0 1.0 1.0 1.0 1.0 1.0 1.0 1.0 1.0 1.0 1.0 1.0 1.0 1.0 1.0 
-1.0 -1.0 -1.0 -1.0 -1.0 -1.0 -1.0 -1.0 -1.0 -1.0 -1.0 -1.0 -1.0 -1.0 -1.0 -1.0 -1.0 -1.0 -1.0 -1.0 -1.0 -1.0 -1.0 -1.0 -1.0 
-1.0 -1.0 -1.0 -1.0 -1.0 -1.0 -1.0 -1.0 -1.0 -1.0 -1.0 -1.0 -1.0 -1.0 -1.0 -1.0 -1.0 -1.0 -1.0 -1.0 -1.0 -1.0 -1.0 -1.0 -1.0 
-1.0 -1.0 -1.0 -1.0 -1.0 -1.0 -1.0 -1.0 -1.0 -1.0 -1.0 -1.0 -1.0 -1.0 -1.0 -1.0 -1.0 -1.0 -1.0 -1.0 -1.0 -1.0 -1.0 -1.0 -1.0 
-1.0 -1.0 -1.0 -1.0 -1.0 -1.0 -1.0 -1.0 -1.0 -1.0 -1.0 -1.0 -1.0 -1.0 -1.0 -1.0 -1.0 -1.0 -1.0 -1.0 -1.0 -1.0 -1.0 -1.0 -1.0 
-1.0 -1.0 -1.0 -1.0 -1.0 -1.0 -1.0 -1.0 -1.0 -1.0 -1.0 -1.0 -1.0 -1.0 -1.0 -1.0 -1.0 -1.0 -1.0 -1.0 -1.0 -1.0 -1.0 -1.0 -1.0 
2.0 2.0 2.0 2.0 2.0 2.0 2.0 2.0 2.0 2.0 2.0 2.0 2.0 2.0 2.0 2.0 2.0 2.0 2.0 2.0 2.0 2.0 2.0 2.0 2.0 
2.0 2.0 2.0 2.0 2.0 2.0 2.0 2.0 2.0 2.0 2.0 2.0 2.0 2.0 2.0 2.0 2.0 2.0 2.0 2.0 2.0 2.0 2.0 2.0 2.0 
2.0 2.0 2.0 2.0 2.0 2.0 2.0 2.0 2.0 2.0 2.0 2.0 2.0 2.0 2.0 2.0 2.0 2.0 2.0 2.0 2.0 2.0 2.0 2.0 2.0 
2.0 2.0 2.0 2.0 2.0 2.0 2.0 2.0 2.0 2.0 2.0 2.0 2.0 2.0 2.0 2.0 2.0 2.0 2.0 2.0 2.0 2.0 2.0 2.0 2.0 
2.0 2.0 2.0 2.0 2.0 2.0 2.0 2.0 2.0 2.0 2.0 2.0 2.0 2.0 2.0 2.0 2.0 2.0 2.0 2.0 2.0 2.0 2.0 2.0 2.0 
-2.0 -2.0 -2.0 -2.0 -2.0 -2.0 -2.0 -2.0 -2.0 -2.0 -2.0 -2.0 -2.0 -2.0 -2.0 -2.0 -2.0 -2.0 -2.0 -2.0 -2.0 -2.0 -2.0 -2.0 -2.0 
-2.0 -2.0 -2.0 -2.0 -2.0 -2.0 -2.0 -2.0 -2.0 -2.0 -2.0 -2.0 -2.0 -2.0 -2.0 -2.0 -2.0 -2.0 -2.0 -2.0 -2.0 -2.0 -2.0 -2.0 -2.0 
-2.0 -2.0 -2.0 -2.0 -2.0 -2.0 -2.0 -2.0 -2.0 -2.0 -2.0 -2.0 -2.0 -2.0 -2.0 -2.0 -2.0 -2.0 -2.0 -2.0 -2.0 -2.0 -2.0 -2.0 -2.0 
-2.0 -2.0 -2.0 -2.0 -2.0 -2.0 -2.0 -2.0 -2.0 -2.0 -2.0 -2.0 -2.0 -2.0 -2.0 -2.0 -2.0 -2.0 -2.0 -2.0 -2.0 -2.0 -2.0 -2.0 -2.0 
-2.0 -2.0 -2.0 -2.0 -2.0 -2.0 -2.0 -2.0 -2.0 -2.0 -2.0 -2.0 -2.0 -2.0 -2.0 -2.0 -2.0 -2.0 -2.0 -2.0 -2.0 -2.0 -2.0 -2.0 -2.0 
0.0 0.0 0.0 0.0 0.0 0.0 0.0 0.0 0.0 0.0 0.0 0.0 0.0 0.0 0.0 0.0 0.0 0.0 0.0 0.0 0.0 0.0 0.0 0.0 0.0 
0.0 0.0 0.0 0.0 0.0 0.0 0.0 0.0 0.0 0.0 0.0 0.0 0.0 0.0 0.0 0.0 0.0 0.0 0.0 0.0 0.0 0.0 0.0 0.0 0.0 
0.0 0.0 0.0 0.0 0.0 0.0 0.0 0.0 0.0 0.0 0.0 0.0 0.0 0.0 0.0 0.0 0.0 0.0 0.0 0.0 0.0 0.0 0.0 0.0 0.0 
0.0 0.0 0.0 0.0 0.0 0.0 0.0 0.0 0.0 0.0 0.0 0.0 0.0 0.0 0.0 0.0 0.0 0.0 0.0 0.0 0.0 0.0 0.0 0.0 0.0 
0.0 0.0 0.0 0.0 0.0 0.0 0.0 0.0 0.0 0.0 0.0 0.0 0.0 0.0 0.0 0.0 0.0 0.0 0.0 0.0 0.0 0.0 0.0 0.0 0.0 

