0.165451 0.808588 0.014591 0.448675 0.924043 0.953031 0.058951 0.950861 0.193841 0.329381 0.990782 0.788320 0.517393 0.413827 0.324827 0.049270 0.664367 0.871787 0.264257 0.334308 0.492501 0.891275 0.066197 0.395051 0.831673 
0.215624 0.990847 0.944114 0.472704 0.835258 0.770761 0.258830 0.649219 0.361561 0.598646 0.394810 0.195529 0.639742 0.963703 0.884465 0.215756 0.108619 0.404290 0.686978 0.321722 0.641403 0.142962 0.860765 0.102552 0.034716 
0.269328 0.332627 0.416638 0.514793 0.341838 0.379540 0.854093 0.820356 0.893469 0.394171 0.320671 0.466916 0.024424 0.557318 0.958019 0.706122 0.078285 0.477106 0.555442 0.639706 0.798994 0.549804 0.279224 0.438620 0.377392 
0.381050 0.108129 0.701529 0.981564 0.250540 0.561566 0.693772 0.186513 0.683540 0.785253 0.395239 0.680954 0.510975 0.623137 0.778396 0.021193 0.091127 0.814123 0.889526 0.918508 0.109410 0.865585 0.593640 0.488358 0.508207 
0.799493 0.006801 0.353261 0.849484 0.698749 0.071960 0.241872 0.361087 0.757639 0.278308 0.013945 0.627816 0.302229 0.791880 0.500293 0.526256 0.910912 0.394785 0.998171 0.338140 0.737617 0.457347 0.804563 0.402138 0.066384 
0.531846 0.798775 0.197325 0.796153 0.292207 0.069136 0.439549 0.531737 0.403991 0.822258 0.513428 0.173062 0.446683 0.187611 0.063014 0.689316 0.028658 0.397507 0.531798 0.867788 0.648087 0.677543 0.067902 0.061728 0.086894 
0.810367 0.471033 0.143356 0.057807 0.362064 0.166130 0.744951 0.522324 0.059811 0.221097 0.146833 0.926955 0.498441 0.476799 0.135173 0.054382 0.977181 0.363311 0.785554 0.039466 0.296667 0.096024 0.704229 0.524999 0.596815 
0.646980 0.699940 0.277979 0.747540 0.336682 0.299985 0.688001 0.512681 0.562049 0.862994 0.800899 0.438140 0.553497 0.767040 0.223767 0.900792 0.068623 0.972665 0.546261 0.196865 0.770562 0.935648 0.013582 0.857978 0.068097 
0.932363 0.266132 0.118359 0.599474 0.605936 0.310744 0.420114 0.419034 0.597537 0.075104 0.084109 0.907685 0.567669 0.535508 0.471967 0.918449 0.267708 0.393536 0.823738 0.757665 0.035601 0.166184 0.440340 0.665236 0.537005 
0.920415 0.365729 0.285442 0.389106 0.602091 0.363822 0.931524 0.668401 0.613725 0.823796 0.771356 0.147502 0.774770 0.176170 0.422973 0.106138 0.113485 0.072671 0.591146 0.403985 0.150348 0.006616 0.901346 0.467375 0.763171 
0.987181 0.360184 0.881377 0.311525 0.966020 0.389617 0.211724 0.869776 0.771866 0.107486 0.331091 0.626199 0.804620 0.304476 0.111586 0.776375 0.445684 0.621794 0.997022 0.377471 0.736664 0.704718 0.491492 0.248744 0.260688 
0.146179 0.549417 0.708507 0.570552 0.919144 0.083056 0.418604 0.595304 0.402244 0.738498 0.332270 0.243288 0.076066 0.811498 0.855181 0.509572 0.241512 0.668632 0.293460 0.479967 0.317209 0.470828 0.834385 0.079143 0.384200 
0.611337 0.963370 0.204288 0.150590 0.362927 0.365691 0.061085 0.603120 0.926173 0.421801 0.870803 0.055071 0.325867 0.561485 0.513878 0.496438 0.353491 0.338691 0.723497 0.534122 0.817977 0.240248 0.966133 0.851723 0.928918 
0.245009 0.753428 0.290105 0.721341 0.543881 0.775962 0.336129 0.785992 0.115470 0.872902 0.536976 0.367226 0.683435 0.321617 0.399807 0.602968 0.369411 0.964037 0.698181 0.819300 0.207556 0.327123 0.430348 0.213728 0.571508 
0.534867 0.887805 0.989979 0.540636 0.583422 0.352093 0.869684 0.546446 0.111449 0.030333 0.584675 0.120857 0.015687 0.151195 0.469657 0.310243 0.557927 0.399777 0.049705 0.995226 0.260897 0.824486 0.445406 0.595276 0.583572 
0.904082 0.759626 0.344443 0.995101 0.092805 0.907711 0.047358 0.979286 0.795050 0.205583 0.839634 0.669353 0.921671 0.602738 0.776575 0.087127 0.112153 0.622830 0.225269 0.981906 0.896588 0.214906 0.055917 0.649901 0.615757 
0.112240 0.125344 0.554959 0.326222 0.930482 0.931544 0.360874 0.814873 0.896380 0.377945 0.784425 0.553734 0.581164 0.455273 0.543971 0.434537 0.961144 0.181276 0.839756 0.820329 0.298392 0.085087 0.656086 0.541099 0.895729 
0.390557 0.724326 0.033390 0.528364 0.460323 0.807202 0.560392 0.082881 0.030591 0.476597 0.557144 0.255618 0.879151 0.820757 0.451478 0.435434 0.938969 0.735283 0.494994 0.052187 0.326448 0.055881 0.918103 0.695039 0.479766 
0.747776 0.178710 0.140273 0.006521 0.956413 0.215241 0.422717 0.358750 0.488578 0.784942 0.225356 0.640958 0.615447 0.136007 0.395083 0.242474 0.611498 0.723860 0.464768 0.536752 0.912147 0.192742 0.709610 0.456005 0.610086 
0.679252 0.745763 0.905076 0.727381 0.689014 0.014161 0.401386 0.065927 0.957461 0.538553 0.602443 0.710130 0.182473 0.404539 0.520027 0.840034 0.182401 0.726633 0.607607 0.930115 0.009954 0.879340 0.932670 0.219594 0.760277 
0.110739 0.229974 0.288030 0.279194 0.894309 0.674412 0.286278 0.045474 0.656598 0.210662 0.287571 0.078986 0.198553 0.498682 0.358734 0.679527 0.741380 0.907058 0.702997 0.595193 0.486228 0.514946 0.572020 0.535462 0.672279 
0.720560 0.075667 0.845134 0.749526 0.565265 0.873155 0.043638 0.835086 0.552527 0.779714 0.110160 0.116196 0.070527 0.094491 0.500998 0.020206 0.038746 0.718654 0.582965 0.211304 0.687678 0.590524 0.657549 0.840332 0.384894 
0.526567 0.270076 0.905714 0.273017 0.032776 0.498812 0.634698 0.330618 0.473677 0.344219 0.266030 0.635439 0.961282 0.510105 0.984622 0.037281 0.703695 0.643294 0.934279 0.771373 0.554449 0.641899 0.662196 0.047406 0.636351 
0.764161 0.763888 0.812173 0.485281 0.163955 0.960198 0.143956 0.731425 0.381578 0.616321 0.383367 0.661348 0.429877 0.069014 0.198169 0.326953 0.186847 0.769871 0.761869 0.437684 0.405433 0.675164 0.244649 0.922126 0.153859 
0.456291 0.700397 0.389325 0.183385 0.271471 0.306019 0.750301 0.652294 0.889633 0.992317 0.271561 0.266790 0.069398 0.098673 0.220735 0.138804 0.104180 0.618879 0.103407 0.698880 0.463253 0.088936 0.034652 0.678879 0.173550 

0.061457 0.053592 0.423913 0.768448 0.232105 0.934958 0.856491 0.463442 0.743221 0.483102 0.370302 0.370744 0.723647 0.892186 0.724394 0.017248 0.615240 0.671727 0.748285 0.814793 0.807274 0.598387 0.723022 0.955039 0.931335 
0.338215 0.480730 0.459438 0.724796 0.657859 0.197620 0.150969 0.988159 0.865658 0.753779 0.032940 0.425636 0.226636 0.308566 0.962183 0.410354 0.374390 0.043410 0.678214 0.794126 0.377409 0.938094 0.752131 0.371005 0.383617 
0.830529 0.729934 0.587764 0.083983 0.634250 0.586737 0.406307 0.286530 0.948350 0.706945 0.480316 0.940672 0.387629 0.067145 0.054246 0.671096 0.857136 0.943827 0.928919 0.329321 0.641736 0.670320 0.643681 0.466293 0.539593 
0.372609 0.316030 0.308900 0.982159 0.731736 0.487813 0.519207 0.387076 0.929273 0.499184 0.478461 0.448602 0.410955 0.928976 0.576063 0.267908 0.016872 0.922887 0.921458 0.604855 0.807301 0.018825 0.430749 0.425308 0.856868 
0.352987 0.505688 0.802222 0.926706 0.654862 0.345691 0.542541 0.343080 0.422943 0.264690 0.906784 0.605724 0.445692 0.646879 0.396539 0.583189 0.954169 0.908595 0.610922 0.548668 0.964554 0.221886 0.357229 0.530832 0.806136 
0.650373 0.506516 0.065097 0.563462 0.933273 0.863274 0.806956 0.228924 0.361347 0.703944 0.468399 0.120696 0.465525 0.398818 0.476928 0.604936 0.313505 0.236109 0.510429 0.165325 0.825924 0.057257 0.266559 0.733689 0.046254 
0.131218 0.825298 0.561036 0.472507 0.032191 0.915912 0.412048 0.024820 0.494278 0.362581 0.999074 0.821612 0.607529 0.994091 0.314834 0.537373 0.624425 0.520659 0.103012 0.834003 0.710969 0.450318 0.567773 0.673588 0.351525 
0.872530 0.755104 0.715444 0.242427 0.052199 0.765738 0.816747 0.055999 0.328254 0.419868 0.631238 0.141431 0.421377 0.365913 0.997603 0.948288 0.979022 0.241137 0.965219 0.652004 0.052720 0.772027 0.678260 0.598410 0.933082 
0.378897 0.081272 0.488806 0.544804 0.288872 0.987864 0.315201 0.014840 0.220341 0.979565 0.722425 0.097782 0.388075 0.282834 0.108608 0.685163 0.540112 0.003990 0.415850 0.646736 0.294996 0.880776 0.083712 0.818940 0.635494 
0.171216 0.068232 0.259719 0.505651 0.025419 0.865518 0.783118 0.285265 0.643888 0.422796 0.037622 0.187191 0.708375 0.451849 0.136136 0.322089 0.816133 0.832951 0.666273 0.574298 0.614645 0.051059 0.546876 0.374874 0.388203 
0.531540 0.392855 0.573044 0.460446 0.463685 0.484127 0.245170 0.903484 0.343626 0.460148 0.489318 0.820162 0.729613 0.439083 0.225450 0.930204 0.852199 0.398150 0.369633 0.203722 0.913649 0.378065 0.495024 0.009935 0.279613 
0.783166 0.886642 0.851199 0.509537 0.698134 0.365937 0.816245 0.885240 0.112386 0.495563 0.599938 0.248226 0.358054 0.068933 0.661119 0.725674 0.068847 0.028233 0.792176 0.008697 0.226608 0.219952 0.990965 0.715415 0.694042 
0.199475 0.195166 0.093958 0.799441 0.703912 0.510766 0.089036 0.432127 0.317876 0.702454 0.589601 0.625074 0.961144 0.593121 0.019786 0.220620 0.062084 0.402972 0.492661 0.407076 0.477074 0.814347 0.941210 0.911593 0.800002 
0.806209 0.559570 0.407267 0.491502 0.713873 0.366705 0.495719 0.001465 0.080749 0.185983 0.458916 0.389253 0.861045 0.949422 0.847931 0.126497 0.323185 0.351785 0.970140 0.591874 0.920168 0.715177 0.518838 0.212046 0.690335 
0.994901 0.480527 0.624578 0.914503 0.077663 0.171136 0.267744 0.457321 0.443323 0.582906 0.511120 0.525620 0.859573 0.221377 0.420186 0.024951 0.342490 0.215459 0.276616 0.439133 0.884434 0.638927 0.228926 0.180982 0.866475 
0.529113 0.304723 0.140731 0.662800 0.268849 0.729903 0.946913 0.802020 0.113727 0.591561 0.918949 0.737211 0.001868 0.917622 0.519168 0.226984 0.473952 0.097579 0.009204 0.926150 0.770917 0.111599 0.999272 0.844644 0.108025 
0.093073 0.265640 0.902271 0.455391 0.485925 0.655425 0.301275 0.960603 0.882646 0.234133 0.015134 0.349867 0.214302 0.622074 0.928842 0.671064 0.740673 0.458550 0.041756 0.986535 0.892027 0.496909 0.009549 0.826623 0.768742 
0.560532 0.892195 0.811039 0.991757 0.038221 0.337761 0.121242 0.603230 0.070533 0.655777 0.160289 0.616781 0.998076 0.141408 0.110346 0.251786 0.150869 0.344393 0.730869 0.023215 0.731261 0.605061 0.080359 0.255215 0.080160 
0.434494 0.645568 0.520935 0.382571 0.102497 0.754559 0.706748 0.332231 0.365085 0.586295 0.465315 0.648196 0.674034 0.610792 0.447801 0.128298 0.473433 0.019109 0.475161 0.155166 0.361720 0.782206 0.226262 0.844421 0.664108 
0.863289 0.652150 0.993404 0.517542 0.037593 0.840721 0.477843 0.735365 0.500321 0.439371 0.626495 0.053681 0.894432 0.718205 0.709477 0.074662 0.274006 0.701485 0.170792 0.769692 0.254984 0.867804 0.559166 0.117725 0.978471 
0.367419 0.004435 0.880453 0.383779 0.518632 0.475800 0.523338 0.744824 0.248935 0.672695 0.020751 0.672777 0.850761 0.928589 0.935561 0.548317 0.986088 0.027819 0.518956 0.340733 0.791691 0.384202 0.750914 0.298208 0.266005 
0.736570 0.509251 0.285777 0.697617 0.278552 0.433637 0.046045 0.523752 0.978815 0.512463 0.442383 0.675707 0.323448 0.597860 0.521499 0.079944 0.082717 0.124442 0.272018 0.813038 0.928925 0.913223 0.040439 0.543144 0.765703 
0.986767 0.016428 0.126451 0.299125 0.568057 0.808745 0.646783 0.423768 0.434973 0.627593 0.432281 0.465321 0.215079 0.700362 0.583589 0.646466 0.828583 0.743993 0.994214 0.329294 0.623884 0.279460 0.628823 0.426194 0.087222 
0.858082 0.731168 0.329944 0.191916 0.830621 0.098085 0.160092 0.663446 0.127052 0.758946 0.336172 0.387853 0.021283 0.053981 0.801910 0.263331 0.998030 0.078441 0.072813 0.041077 0.643542 0.052978 0.481096 0.556052 0.880384 
0.066583 0.671826 0.535779 0.590787 0.266686 0.749946 0.042976 0.158710 0.254056 0.115741 0.823464 0.017112 0.808822 0.558174 0.730129 0.242163 0.286258 0.486932 0.711372 0.113597 0.294745 0.460065 0.967404 0.526958 0.443348 

-0.069442 -1.004318 -0.905843 -1.988979 -1.551044 -2.998235 -1.821691 -2.280981 -1.288686 -1.273530 -1.668048 -1.635761 -2.096480 -2.321313 -1.616092 -0.023130 -1.905381 -2.314257 -1.989559 -1.638551 -2.357353 -2.273941 -1.254706 -2.420989 -2.654625 
-0.792865 -2.030672 -2.035179 -1.869275 -2.103720 -1.305168 -0.730537 -2.362140 -1.996321 -1.899386 -0.565730 -1.065503 -0.941410 -1.959538 -2.754068 -0.843780 -0.957449 -0.800216 -2.089059 -2.107113 -1.235561 -2.070645 -2.349030 -0.799307 -0.958881 
-1.773487 -1.809008 -1.593826 -0.693747 -1.673613 -1.288139 -2.010800 -1.651413 -2.976333 -1.896800 -0.980577 -2.383410 -1.000538 -0.818389 -1.270884 -1.968511 -1.976421 -2.140413 -2.729133 -1.314628 -2.449783 -1.769505 -2.182640 -1.629736 -1.313174 
0.759762 0.388968 0.871487 1.988424 -1.724149 -1.349125 -1.880970 -1.225144 -2.430968 -1.990534 -1.319752 -1.813594 -1.235242 -2.591011 -1.835122 -0.617267 0.089645 -2.792181 -2.653558 -2.244005 -1.778920 -0.943055 -1.004814 -1.256970 -2.292303 
1.189311 1.225402 1.574064 1.859356 1.023213 0.568350 0.958173 -1.302745 -1.489334 -0.534563 -1.838543 -1.587402 -1.130413 -2.206025 -0.835990 -1.432422 -2.932536 -2.142409 -2.391197 -1.625966 -2.356544 -1.023820 -1.307691 -1.238689 -1.741440 
1.631138 1.092018 0.332908 1.265404 2.123217 1.805488 1.648458 0.663122 0.543671 1.152042 1.314577 -0.460132 -1.264494 -1.091382 -0.788207 -1.782012 -0.576577 -1.008077 -1.537692 -1.474829 -2.210988 -0.671972 -0.550289 -1.472430 -0.147072 
0.206704 1.553334 1.315034 0.842442 -0.121811 2.127696 1.088753 0.140278 0.740895 0.963240 2.152467 1.950869 1.357955 2.223713 -0.795140 -1.188436 -2.382748 -1.484573 -0.654539 -1.753284 -1.612242 -1.134940 -1.895601 -1.718323 -1.168674 
1.414682 1.322235 1.456477 0.234667 0.166643 1.398037 1.946358 0.041834 0.585712 0.882684 1.590269 0.310284 0.842440 0.886897 1.868192 2.070726 1.791269 0.249703 -2.646193 -1.586253 -1.135042 -2.560372 -1.506987 -2.276357 -2.252246 
0.609481 0.383112 0.789698 1.004478 0.416989 1.884412 0.627676 -0.092616 0.286258 2.192136 1.221110 0.213638 0.941169 0.651918 0.337273 1.348678 1.024367 -0.363331 1.084038 1.292582 0.371714 -1.879968 -0.121638 -2.138491 -1.519952 
0.358455 0.119905 0.766548 1.024222 0.230693 1.464226 1.712910 0.195128 1.231894 1.129835 0.206690 0.255187 1.555845 0.854176 0.447874 0.815504 1.330826 1.483893 1.647262 1.050145 1.308529 0.079361 0.761900 0.892006 0.717467 
1.135184 0.798253 1.115245 1.059447 0.891109 1.164148 0.441717 1.468597 0.764639 0.592111 0.815708 1.525428 1.550862 0.747074 0.824601 1.495821 1.823390 0.963203 1.097020 0.758215 1.934413 0.878147 0.865384 -0.537217 -0.688285 
1.862272 2.011918 1.593415 1.005238 1.354819 0.747087 1.873094 1.627711 0.266264 1.167708 1.087163 0.482627 0.520887 0.125723 1.365375 1.229379 -0.216341 0.003121 1.392227 0.087809 0.178611 -1.360620 -2.987184 -0.542414 -1.709450 
0.222899 0.277842 -0.057261 1.689987 1.152076 0.970480 0.236287 0.966794 0.611806 1.202285 1.460731 1.618258 2.110946 0.930173 0.066166 0.112070 0.136149 0.956415 1.311103 -1.214302 -1.906150 -1.430002 -2.781401 -2.974775 -2.447157 
2.013887 1.264615 0.466034 1.277946 1.457014 0.532743 1.138445 0.092458 0.177117 0.673471 0.727247 0.851059 1.707268 1.775619 1.533856 0.300715 0.406184 -2.294626 -2.340946 -2.506753 -1.090979 -1.262681 -1.406223 -0.813798 -1.815660 
1.069495 2.324060 1.850836 1.437252 1.206781 0.846731 1.604845 1.210902 -0.156531 0.071482 1.162705 -0.051570 0.320370 0.447095 1.026366 0.431610 0.891712 0.604074 -0.366531 -2.422182 -1.292503 -2.145016 -0.863084 -1.316063 -1.766298 
1.612550 1.574085 0.453837 1.831338 -0.478627 2.126525 -0.103634 2.280335 1.438206 0.361574 1.364632 1.401647 1.550290 1.432248 1.586961 0.005113 0.293404 1.102541 0.575910 2.147652 1.676170 -0.973740 -0.968745 -2.332886 -1.277064 
0.125356 0.497874 1.243886 0.221261 1.691346 1.754198 0.557437 1.529425 1.904084 0.898100 1.715660 1.299816 1.472674 0.680187 0.963080 0.835679 2.106393 0.312750 1.623520 1.671013 0.769532 -0.132246 1.036760 0.994217 1.761888 
0.573156 1.539377 0.067013 1.427991 1.025267 1.226022 1.197870 0.154747 0.334229 0.850748 1.148538 0.342534 1.835525 1.914728 0.726171 0.738764 1.991493 1.500619 1.145171 0.331336 0.372521 0.349984 0.903420 0.965312 0.377786 
1.794619 0.705404 0.147467 0.342336 1.877177 0.437183 0.880200 0.495489 0.879002 1.315244 0.652208 1.291021 1.137121 0.195614 1.125710 0.678653 1.043414 1.414969 0.982067 1.112053 1.927951 0.955207 0.932924 1.569934 1.227257 
1.487534 1.738919 1.446351 1.270620 1.394782 0.063252 0.955068 -0.150630 1.614769 0.903448 1.299759 1.606560 0.546766 0.621847 1.027457 1.300702 0.473917 1.351730 1.158362 2.052825 -0.004530 1.788677 1.539545 0.718891 1.801166 
0.148462 0.781860 0.302493 0.784465 1.888039 1.345865 0.640445 0.070896 1.462711 0.554149 0.833523 0.490492 0.364415 0.912211 0.986907 1.074323 1.571846 0.917965 1.044364 1.204865 1.283167 0.851870 1.718881 1.129455 1.220154 
1.503782 -0.106587 1.894070 1.382158 1.131460 1.715516 0.072668 1.756534 1.426111 1.577819 -0.421021 0.293269 -0.095032 0.316503 0.997554 0.097596 0.083224 0.945958 0.797231 0.890377 1.861331 1.441726 0.788819 1.429785 1.131738 
1.043275 0.103135 2.138067 0.483906 -0.131099 1.297512 1.479682 0.256956 1.155041 0.503081 0.205821 0.941161 2.011221 1.117832 1.882683 0.994422 1.308367 1.360260 2.070376 1.143391 1.175279 0.983055 1.004290 0.370982 0.587649 
1.698371 1.382747 1.579051 0.934413 0.392391 1.920718 0.238241 1.468212 0.931835 1.238435 0.686411 1.058183 0.720020 0.254075 0.908401 0.751275 1.178532 1.167800 1.098030 0.291684 0.843627 0.547678 1.010165 1.547458 0.977575 
1.084445 1.593044 0.605791 0.490119 0.484304 0.701465 1.389100 1.249123 1.914035 2.019196 0.731126 0.458048 0.971742 0.717789 1.274198 0.513513 0.172450 1.372670 0.604837 0.542910 0.805985 0.306905 0.960068 1.151028 0.644668 

2 2 2 2 2 2 2 2 2 2 2 2 2 2 2 2 2 2 2 2 2 2 2 2 2 
2 2 2 2 2 2 2 2 2 2 2 2 2 2 2 2 2 2 2 2 2 2 2 2 2 
2 2 2 2 2 2 2 2 2 2 2 2 2 2 2 2 2 2 2 2 2 2 2 2 2 
1 1 1 1 2 2 2 2 2 2 2 2 2 2 2 2 2 2 2 2 2 2 2 2 2 
1 1 1 1 1 1 1 2 2 2 2 2 2 2 2 2 2 2 2 2 2 2 2 2 2 
1 1 1 1 1 1 1 1 1 1 1 2 2 2 2 2 2 2 2 2 2 2 2 2 2 
1 1 1 1 1 1 1 1 1 1 1 1 1 1 2 2 2 2 2 2 2 2 2 2 2 
1 1 1 1 1 1 1 1 1 1 1 1 1 1 1 1 1 1 2 2 2 2 2 2 2 
1 1 1 1 1 1 1 1 1 1 1 1 1 1 1 1 1 1 1 1 1 2 2 2 2 
1 1 1 1 1 1 1 1 1 1 1 1 1 1 1 1 1 1 1 1 1 1 1 1 1 
1 1 1 1 1 1 1 1 1 1 1 1 1 1 1 1 1 1 1 1 1 1 1 4 4 
1 1 1 1 1 1 1 1 1 1 1 1 1 1 1 1 1 1 1 1 1 4 4 4 4 
1 1 1 1 1 1 1 1 1 1 1 1 1 1 1 1 1 1 1 4 4 4 4 4 4 
1 1 1 1 1 1 1 1 1 1 1 1 1 1 1 1 1 4 4 4 4 4 4 4 4 
3 3 3 3 3 3 3 3 3 3 3 3 3 3 3 3 3 3 4 4 4 4 4 4 4 
3 3 3 3 3 3 3 3 3 3 3 3 3 3 3 3 3 3 3 3 3 4 4 4 4 
3 3 3 3 3 3 3 3 3 3 3 3 3 3 3 3 3 3 3 3 3 3 3 3 0 
3 3 3 3 3 3 3 3 3 3 3 3 3 3 3 3 3 3 3 3 3 3 0 0 0 
3 3 3 3 3 3 3 3 3 3 3 3 3 3 3 3 3 3 3 3 3 0 0 0 0 
3 3 3 3 3 3 3 3 3 3 3 3 3 3 3 3 3 3 3 0 0 0 0 0 0 
3 3 3 3 3 3 3 3 3 3 3 3 3 3 3 3 3 0 0 0 0 0 0 0 0 
3 3 3 3 3 3 3 3 3 3 3 3 3 3 3 3 0 0 0 0 0 0 0 0 0 
3 3 3 3 3 3 3 3 3 3 3 3 3 3 0 0 0 0 0 0 0 0 0 0 0 
3 3 3 3 3 3 3 3 3 3 3 3 0 0 0 0 0 0 0 0 0 0 0 0 0 
3 3 3 3 3 3 3 3 3 3 3 0 0 0 0 0 0 0 0 0 0 0 0 0 0 

-1.0 -1.0 -1.0 -1.0 -1.0 -1.0 -1.0 -1.0 -1.0 -1.0 -1.0 -1.0 -1.0 -1.0 -1.0 -1.0 -1.0 -1.0 -1.0 -1.0 -1.0 -1.0 -1.0 -1.0 -1.0 
-1.0 -1.0 -1.0 -1.0 -1.0 -1.0 -1.0 -1.0 -1.0 -1.0 -1.0 -1.0 -1.0 -1.0 -1.0 -1.0 -1.0 -1.0 -1.0 -1.0 -1.0 -1.0 -1.0 -1.0 -1.0 
-1.0 -1.0 -1.0 -1.0 -1.0 -1.0 -1.0 -1.0 -1.0 -1.0 -1.0 -1.0 -1.0 -1.0 -1.0 -1.0 -1.0 -1.0 -1.0 -1.0 -1.0 -1.0 -1.0 -1.0 -1.0 
0.0 0.0 0.0 0.0 -1.0 -1.0 -1.0 -1.0 -1.0 -1.0 -1.0 -1.0 -1.0 -1.0 -1.0 -1.0 -1.0 -1.0 -1.0 -1.0 -1.0 -1.0 -1.0 -1.0 -1.0 
0.0 0.0 0.0 0.0 0.0 0.0 0.0 -1.0 -1.0 -1.0 -1.0 -1.0 -1.0 -1.0 -1.0 -1.0 -1.0 -1.0 -1.0 -1.0 -1.0 -1.0 -1.0 -1.0 -1.0 
0.0 0.0 0.0 0.0 0.0 0.0 0.0 0.0 0.0 0.0 0.0 -1.0 -1.0 -1.0 -1.0 -1.0 -1.0 -1.0 -1.0 -1.0 -1.0 -1.0 -1.0 -1.0 -1.0 
0.0 0.0 0.0 0.0 0.0 0.0 0.0 0.0 0.0 0.0 0.0 0.0 0.0 0.0 -1.0 -1.0 -1.0 -1.0 -1.0 -1.0 -1.0 -1.0 -1.0 -1.0 -1.0 
0.0 0.0 0.0 0.0 0.0 0.0 0.0 0.0 0.0 0.0 0.0 0.0 0.0 0.0 0.0 0.0 0.0 0.0 -1.0 -1.0 -1.0 -1.0 -1.0 -1.0 -1.0 
0.0 0.0 0.0 0.0 0.0 0.0 0.0 0.0 0.0 0.0 0.0 0.0 0.0 0.0 0.0 0.0 0.0 0.0 0.0 0.0 0.0 -1.0 -1.0 -1.0 -1.0 
0.0 0.0 0.0 0.0 0.0 0.0 0.0 0.0 0.0 0.0 0.0 0.0 0.0 0.0 0.0 0.0 0.0 0.0 0.0 0.0 0.0 0.0 0.0 0.0 0.0 
0.0 0.0 0.0 0.0 0.0 0.0 0.0 0.0 0.0 0.0 0.0 0.0 0.0 0.0 0.0 0.0 0.0 0.0 0.0 0.0 0.0 0.0 0.0 -2.0 -2.0 
0.0 0.0 0.0 0.0 0.0 0.0 0.0 0.0 0.0 0.0 0.0 0.0 0.0 0.0 0.0 0.0 0.0 0.0 0.0 0.0 0.0 -2.0 -2.0 -2.0 -2.0 
0.0 0.0 0.0 0.0 0.0 0.0 0.0 0.0 0.0 0.0 0.0 0.0 0.0 0.0 0.0 0.0 0.0 0.0 0.0 -2.0 -2.0 -2.0 -2.0 -2.0 -2.0 
0.0 0.0 0.0 0.0 0.0 0.0 0.0 0.0 0.0 0.0 0.0 0.0 0.0 0.0 0.0 0.0 0.0 -2.0 -2.0 -2.0 -2.0 -2.0 -2.0 -2.0 -2.0 
2.0 2.0 2.0 2.0 2.0 2.0 2.0 2.0 2.0 2.0 2.0 2.0 2.0 2.0 2.0 2.0 2.0 2.0 -2.0 -2.0 -2.0 -2.0 -2.0 -2.0 -2.0 
2.0 2.0 2.0 2.0 2.0 2.0 2.0 2.0 2.0 2.0 2.0 2.0 2.0 2.0 2.0 2.0 2.0 2.0 2.0 2.0 2.0 -2.0 -2.0 -2.0 -2.0 
2.0 2.0 2.0 2.0 2.0 2.0 2.0 2.0 2.0 2.0 2.0 2.0 2.0 2.0 2.0 2.0 2.0 2.0 2.0 2.0 2.0 2.0 2.0 2.0 1.0 
2.0 2.0 2.0 2.0 2.0 2.0 2.0 2.0 2.0 2.0 2.0 2.0 2.0 2.0 2.0 2.0 2.0 2.0 2.0 2.0 2.0 2.0 1.0 1.0 1.0 
2.0 2.0 2.0 2.0 2.0 2.0 2.0 2.0 2.0 2.0 2.0 2.0 2.0 2.0 2.0 2.0 2.0 2.0 2.0 2.0 2.0 1.0 1.0 1.0 1.0 
2.0 2.0 2.0 2.0 2.0 2.0 2.0 2.0 2.0 2.0 2.0 2.0 2.0 2.0 2.0 2.0 2.0 2.0 2.0 1.0 1.0 1.0 1.0 1.0 1.0 
2.0 2.0 2.0 2.0 2.0 2.0 2.0 2.0 2.0 2.0 2.0 2.0 2.0 2.0 2.0 2.0 2.0 1.0 1.0 1.0 1.0 1.0 1.0 1.0 1.0 
2.0 2.0 2.0 2.0 2.0 2.0 2.0 2.0 2.0 2.0 2.0 2.0 2.0 2.0 2.0 2.0 1.0 1.0 1.0 1.0 1.0 1.0 1.0 1.0 1.0 
2.0 2.0 2.0 2.0 2.0 2.0 2.0 2.0 2.0 2.0 2.0 2.0 2.0 2.0 1.0 1.0 1.0 1.0 1.0 1.0 1.0 1.0 1.0 1.0 1.0 
2.0 2.0 2.0 2.0 2.0 2.0 2.0 2.0 2.0 2.0 2.0 2.0 1.0 1.0 1.0 1.0 1.0 1.0 1.0 1.0 1.0 1.0 1.0 1.0 1.0 
2.0 2.0 2.0 2.0 2.0 2.0 2.0 2.0 2.0 2.0 2.0 1.0 1.0 1.0 1.0 1.0 1.0 1.0 1.0 1.0 1.0 1.0 1.0 1.0 1.0 

-2.0 -2.0 -2.0 -2.0 -2.0 -2.0 -2.0 -2.0 -2.0 -2.0 -2.0 -2.0 -2.0 -2.0 -2.0 -2.0 -2.0 -2.0 -2.0 -2.0 -2.0 -2.0 -2.0 -2.0 -2.0 
-2.0 -2.0 -2.0 -2.0 -2.0 -2.0 -2.0 -2.0 -2.0 -2.0 -2.0 -2.0 -2.0 -2.0 -2.0 -2.0 -2.0 -2.0 -2.0 -2.0 -2.0 -2.0 -2.0 -2.0 -2.0 
-2.0 -2.0 -2.0 -2.0 -2.0 -2.0 -2.0 -2.0 -2.0 -2.0 -2.0 -2.0 -2.0 -2.0 -2.0 -2.0 -2.0 -2.0 -2.0 -2.0 -2.0 -2.0 -2.0 -2.0 -2.0 
2.0 2.0 2.0 2.0 -2.0 -2.0 -2.0 -2.0 -2.0 -2.0 -2.0 -2.0 -2.0 -2.0 -2.0 -2.0 -2.0 -2.0 -2.0 -2.0 -2.0 -2.0 -2.0 -2.0 -2.0 
2.0 2.0 2.0 2.0 2.0 2.0 2.0 -2.0 -2.0 -2.0 -2.0 -2.0 -2.0 -2.0 -2.0 -2.0 -2.0 -2.0 -2.0 -2.0 -2.0 -2.0 -2.0 -2.0 -2.0 
2.0 2.0 2.0 2.0 2.0 2.0 2.0 2.0 2.0 2.0 2.0 -2.0 -2.0 -2.0 -2.0 -2.0 -2.0 -2.0 -2.0 -2.0 -2.0 -2.0 -2.0 -2.0 -2.0 
2.0 2.0 2.0 2.0 2.0 2.0 2.0 2.0 2.0 2.0 2.0 2.0 2.0 2.0 -2.0 -2.0 -2.0 -2.0 -2.0 -2.0 -2.0 -2.0 -2.0 -2.0 -2.0 
2.0 2.0 2.0 2.0 2.0 2.0 2.0 2.0 2.0 2.0 2.0 2.0 2.0 2.0 2.0 2.0 2.0 2.0 -2.0 -2.0 -2.0 -2.0 -2.0 -2.0 -2.0 
2.0 2.0 2.0 2.0 2.0 2.0 2.0 2.0 2.0 2.0 2.0 2.0 2.0 2.0 2.0 2.0 2.0 2.0 2.0 2.0 2.0 -2.0 -2.0 -2.0 -2.0 
2.0 2.0 2.0 2.0 2.0 2.0 2.0 2.0 2.0 2.0 2.0 2.0 2.0 2.0 2.0 2.0 2.0 2.0 2.0 2.0 2.0 2.0 2.0 2.0 2.0 
2.0 2.0 2.0 2.0 2.0 2.0 2.0 2.0 2.0 2.0 2.0 2.0 2.0 2.0 2.0 2.0 2.0 2.0 2.0 2.0 2.0 2.0 2.0 -1.0 -1.0 
2.0 2.0 2.0 2.0 2.0 2.0 2.0 2.0 2.0 2.0 2.0 2.0 2.0 2.0 2.0 2.0 2.0 2.0 2.0 2.0 2.0 -1.0 -1.0 -1.0 -1.0 
2.0 2.0 2.0 2.0 2.0 2.0 2.0 2.0 2.0 2.0 2.0 2.0 2.0 2.0 2.0 2.0 2.0 2.0 2.0 -1.0 -1.0 -1.0 -1.0 -1.0 -1.0 
2.0 2.0 2.0 2.0 2.0 2.0 2.0 2.0 2.0 2.0 2.0 2.0 2.0 2.0 2.0 2.0 2.0 -1.0 -1.0 -1.0 -1.0 -1.0 -1.0 -1.0 -1.0 
0.0 0.0 0.0 0.0 0.0 0.0 0.0 0.0 0.0 0.0 0.0 0.0 0.0 0.0 0.0 0.0 0.0 0.0 -1.0 -1.0 -1.0 -1.0 -1.0 -1.0 -1.0 
0.0 0.0 0.0 0.0 0.0 0.0 0.0 0.0 0.0 0.0 0.0 0.0 0.0 0.0 0.0 0.0 0.0 0.0 0.0 0.0 0.0 -1.0 -1.0 -1.0 -1.0 
0.0 0.0 0.0 0.0 0.0 0.0 0.0 0.0 0.0 0.0 0.0 0.0 0.0 0.0 0.0 0.0 0.0 0.0 0.0 0.0 0.0 0.0 0.0 0.0 1.0 
0.0 0.0 0.0 0.0 0.0 0.0 0.0 0.0 0.0 0.0 0.0 0.0 0.0 0.0 0.0 0.0 0.0 0.0 0.0 0.0 0.0 0.0 1.0 1.0 1.0 
0.0 0.0 0.0 0.0 0.0 0.0 0.0 0.0 0.0 0.0 0.0 0.0 0.0 0.0 0.0 0.0 0.0 0.0 0.0 0.0 0.0 1.0 1.0 1.0 1.0 
0.0 0.0 0.0 0.0 0.0 0.0 0.0 0.0 0.0 0.0 0.0 0.0 0.0 0.0 0.0 0.0 0.0 0.0 0.0 1.0 1.0 1.0 1.0 1.0 1.0 
0.0 0.0 0.0 0.0 0.0 0.0 0.0 0.0 0.0 0.0 0.0 0.0 0.0 0.0 0.0 0.0 0.0 1.0 1.0 1.0 1.0 1.0 1.0 1.0 1.0 
0.0 0.0 0.0 0.0 0.0 0.0 0.0 0.0 0.0 0.0 0.0 0.0 0.0 0.0 0.0 0.0 1.0 1.0 1.0 1.0 1.0 1.0 1.0 1.0 1.0 
0.0 0.0 0.0 0.0 0.0 0.0 0.0 0.0 0.0 0.0 0.0 0.0 0.0 0.0 1.0 1.0 1.0 1.0 1.0 1.0 1.0 1.0 1.0 1.0 1.0 
0.0 0.0 0.0 0.0 0.0 0.0 0.0 0.0 0.0 0.0 0.0 0.0 1.0 1.0 1.0 1.0 1.0 1.0 1.0 1.0 1.0 1.0 1.0 1.0 1.0 
0.0 0.0 0.0 0.0 0.0 0.0 0.0 0.0 0.0 0.0 0.0 1.0 1.0 1.0 1.0 1.0 1.0 1.0 1.0 1.0 1.0 1.0 1.0 1.0 1.0 

