0.051385 0.123131 0.376143 0.006732 0.466178 0.049512 0.636372 0.020088 0.306070 0.843498 0.681991 0.516675 0.575055 0.607587 0.246842 0.253901 0.966734 0.859995 0.073430 0.487486 0.460347 0.054153 0.127168 0.252204 0.763079 
0.875505 0.781513 0.856345 0.105538 0.739745 0.337899 0.954145 0.707510 0.093933 0.536235 0.665422 0.113660 0.805924 0.255677 0.454505 0.802962 0.665689 0.382769 0.917613 0.449269 0.185670 0.607617 0.615656 0.661863 0.876869 
0.930196 0.938124 0.034870 0.313668 0.514028 0.834920 0.264159 0.330948 0.214161 0.818726 0.386673 0.786935 0.373719 0.880139 0.597734 0.229335 0.450643 0.910063 0.665959 0.539920 0.231727 0.045750 0.810062 0.821512 0.676560 
0.418375 0.496099 0.028496 0.461169 0.681399 0.744095 0.029606 0.649094 0.424429 0.405904 0.880195 0.562235 0.978475 0.098752 0.299383 0.690949 0.521439 0.669822 0.078578 0.482944 0.601833 0.155970 0.800609 0.181456 0.386735 
0.977193 0.746961 0.899788 0.928397 0.554203 0.750422 0.722376 0.168762 0.289321 0.589255 0.131847 0.605291 0.159910 0.889613 0.990216 0.106994 0.284479 0.713051 0.855459 0.163077 0.405657 0.742300 0.881400 0.597699 0.502131 
0.980783 0.826233 0.717277 0.395301 0.204363 0.247004 0.285687 0.838987 0.499938 0.754847 0.497276 0.983192 0.322636 0.150165 0.911194 0.846105 0.913243 0.757737 0.697487 0.579876 0.304165 0.345966 0.066470 0.211143 0.776014 
0.752929 0.155570 0.506832 0.917332 0.079553 0.381037 0.728654 0.150812 0.056851 0.379383 0.331981 0.307689 0.155462 0.235229 0.126410 0.660238 0.042550 0.353619 0.770483 0.073891 0.165809 0.415508 0.458897 0.741490 0.152305 
0.568474 0.748348 0.593305 0.677132 0.655854 0.816000 0.436764 0.186796 0.069791 0.905501 0.684934 0.687906 0.706556 0.474946 0.497846 0.474170 0.568338 0.698761 0.691950 0.382054 0.797226 0.373661 0.036995 0.938799 0.657619 
0.103467 0.250089 0.645236 0.613014 0.378843 0.575595 0.739611 0.998203 0.278616 0.205801 0.889278 0.359114 0.941968 0.227706 0.328772 0.574510 0.486582 0.799332 0.466665 0.952186 0.955934 0.126549 0.046058 0.090777 0.478195 
0.622395 0.130254 0.766534 0.976610 0.511164 0.998911 0.274932 0.239357 0.807511 0.157291 0.406221 0.155216 0.052770 0.478848 0.209594 0.594596 0.332996 0.133169 0.537241 0.609425 0.252662 0.941071 0.357850 0.145744 0.589766 
0.662230 0.724935 0.621163 0.209861 0.120192 0.666222 0.239398 0.637737 0.239217 0.103749 0.210164 0.627018 0.883338 0.487501 0.567069 0.516411 0.464877 0.768722 0.969141 0.112267 0.155491 0.630386 0.612016 0.556895 0.256698 
0.284630 0.309359 0.101123 0.419051 0.960526 0.101133 0.813593 0.133250 0.612161 0.723695 0.658758 0.663614 0.919132 0.788264 0.960149 0.309196 0.833915 0.939022 0.653140 0.024688 0.097445 0.782678 0.735564 0.225817 0.780068 
0.377351 0.663378 0.865723 0.806375 0.418953 0.402835 0.048238 0.485410 0.709153 0.998162 0.130615 0.563844 0.683968 0.886608 0.372384 0.954487 0.733791 0.647039 0.119868 0.021904 0.525308 0.830666 0.986245 0.632791 0.113141 
0.666111 0.481051 0.205080 0.191931 0.718174 0.259773 0.200900 0.971002 0.110120 0.911064 0.947666 0.362207 0.672722 0.918460 0.203499 0.589388 0.431945 0.839073 0.325281 0.176472 0.770684 0.285678 0.564907 0.427318 0.677449 
0.948132 0.205975 0.419766 0.438497 0.809617 0.937969 0.052158 0.153732 0.820385 0.942059 0.193922 0.295491 0.126667 0.946776 0.544179 0.821145 0.283762 0.837545 0.402720 0.565776 0.245398 0.241342 0.128647 0.691470 0.439706 
0.985643 0.084693 0.679113 0.725764 0.603161 0.434913 0.665970 0.174135 0.435263 0.557019 0.525804 0.935681 0.795764 0.971419 0.888956 0.196221 0.457739 0.320196 0.608024 0.802150 0.125420 0.781481 0.751083 0.913412 0.397755 
0.228799 0.090519 0.180177 0.152805 0.036809 0.794864 0.592091 0.863775 0.684648 0.713271 0.343471 0.435282 0.747822 0.330549 0.764617 0.768789 0.430092 0.358091 0.394595 0.714290 0.284591 0.678199 0.044321 0.538912 0.044153 
0.107001 0.190119 0.572439 0.911419 0.125217 0.340567 0.690711 0.190178 0.731850 0.952256 0.759170 0.095272 0.532926 0.496468 0.311010 0.559136 0.894411 0.084307 0.029433 0.148180 0.684727 0.481985 0.966929 0.381064 0.678051 
0.975957 0.972897 0.508547 0.988844 0.829850 0.779942 0.007229 0.031962 0.298362 0.600209 0.021708 0.313305 0.505871 0.152034 0.362639 0.392306 0.618819 0.513700 0.840994 0.315037 0.843163 0.329741 0.411027 0.317610 0.471263 
0.053915 0.862112 0.026444 0.927050 0.293454 0.058283 0.243774 0.607447 0.936632 0.000891 0.653216 0.823570 0.248537 0.181977 0.652945 0.741573 0.920863 0.718280 0.588599 0.090572 0.168373 0.123382 0.612555 0.028279 0.376404 
0.997412 0.962360 0.822030 0.340664 0.223466 0.189072 0.286874 0.137491 0.685840 0.277321 0.279688 0.249570 0.691487 0.713915 0.766795 0.384826 0.377488 0.633701 0.308210 0.380170 0.605181 0.015579 0.040035 0.956948 0.046311 
0.195553 0.950347 0.350164 0.558980 0.811246 0.662688 0.558312 0.877797 0.480895 0.924196 0.257162 0.137188 0.244202 0.604864 0.142105 0.568050 0.788181 0.806970 0.020194 0.843213 0.760835 0.670626 0.591308 0.477256 0.812959 
0.567576 0.301743 0.331023 0.657079 0.418341 0.253518 0.571808 0.255466 0.763789 0.279693 0.200650 0.296653 0.459146 0.702055 0.753255 0.195675 0.482434 0.348305 0.690484 0.445027 0.727979 0.137262 0.052235 0.760221 0.509141 
0.707083 0.179997 0.220661 0.984363 0.759284 0.630223 0.346674 0.469203 0.314591 0.711522 0.294430 0.524545 0.128090 0.221017 0.849759 0.533931 0.884216 0.012943 0.441751 0.462397 0.561525 0.486331 0.665904 0.987762 0.141209 
0.954658 0.947766 0.235237 0.287445 0.021777 0.135142 0.515557 0.335983 0.052755 0.848693 0.268240 0.662671 0.192835 0.550771 0.958461 0.122783 0.929216 0.596579 0.040063 0.795462 0.072131 0.010769 0.470877 0.161730 0.434793 

0.105313 0.837584 0.922300 0.410234 0.643633 0.869758 0.413868 0.491426 0.509463 0.476883 0.254033 0.548879 0.951730 0.369737 0.614121 0.321285 0.234502 0.011612 0.100618 0.672540 0.651856 0.617039 0.666727 0.528802 0.133927 
0.377572 0.167158 0.028228 0.014206 0.181005 0.099647 0.761409 0.625910 0.632690 0.614241 0.701886 0.838320 0.654863 0.156031 0.926063 0.003480 0.093642 0.436295 0.244214 0.993462 0.726304 0.281094 0.420793 0.315863 0.107859 
0.035172 0.768900 0.382049 0.296915 0.275716 0.864046 0.640093 0.937491 0.142227 0.535108 0.116887 0.910162 0.051048 0.512993 0.477483 0.145911 0.416317 0.249312 0.468728 0.557580 0.082307 0.363711 0.740707 0.183825 0.670376 
0.881327 0.262039 0.041474 0.213618 0.944978 0.423461 0.486074 0.120499 0.610584 0.006853 0.136023 0.182976 0.032255 0.546046 0.203769 0.115619 0.105627 0.250766 0.833427 0.661086 0.854074 0.995603 0.283156 0.798294 0.466182 
0.499194 0.009908 0.365670 0.257596 0.852024 0.132237 0.501999 0.764589 0.788525 0.988142 0.480712 0.990547 0.046540 0.110354 0.809055 0.382744 0.338633 0.207440 0.479335 0.982870 0.392497 0.556179 0.187532 0.379021 0.448430 
0.237291 0.481933 0.885613 0.792462 0.614201 0.537762 0.842003 0.860642 0.451473 0.185813 0.270293 0.082324 0.470736 0.532703 0.754199 0.913782 0.096600 0.668406 0.702148 0.480778 0.315216 0.635513 0.620157 0.680926 0.280359 
0.407811 0.426852 0.868360 0.082222 0.577368 0.455253 0.293930 0.103277 0.988100 0.665949 0.053195 0.400715 0.349480 0.760503 0.796895 0.249197 0.260700 0.917388 0.562902 0.060744 0.571685 0.701465 0.163481 0.832817 0.528162 
0.655689 0.706393 0.611300 0.033050 0.480613 0.790086 0.427257 0.793206 0.452301 0.359765 0.775681 0.174878 0.180054 0.638885 0.650752 0.693226 0.328876 0.562270 0.598382 0.281899 0.396255 0.671462 0.635612 0.022494 0.857626 
0.052344 0.461613 0.125482 0.588877 0.294371 0.992139 0.359614 0.062143 0.864209 0.180796 0.800415 0.099135 0.355110 0.003165 0.569581 0.930336 0.672146 0.393349 0.541231 0.429945 0.755635 0.267076 0.627228 0.067738 0.846471 
0.762486 0.507529 0.204589 0.160442 0.386472 0.294219 0.804729 0.575577 0.313065 0.155745 0.976419 0.648616 0.909926 0.256872 0.099403 0.472556 0.356804 0.184625 0.147080 0.689683 0.545072 0.747473 0.706403 0.063091 0.141887 
0.468407 0.513178 0.558817 0.316650 0.410423 0.246025 0.685186 0.776613 0.544352 0.218038 0.098824 0.882818 0.611048 0.963628 0.275923 0.733331 0.571601 0.299738 0.810463 0.022819 0.588167 0.269064 0.794920 0.332427 0.815397 
0.184264 0.283168 0.596823 0.901969 0.839435 0.535572 0.293561 0.430781 0.163091 0.967074 0.682168 0.020145 0.638102 0.585892 0.262062 0.021405 0.955768 0.260749 0.037775 0.213959 0.376902 0.394714 0.090905 0.586364 0.004666 
0.229609 0.550174 0.008405 0.430062 0.816438 0.835223 0.844203 0.742836 0.790081 0.252886 0.794662 0.468047 0.568079 0.428344 0.108670 0.919532 0.456018 0.286016 0.112012 0.168780 0.641010 0.012915 0.353339 0.502583 0.904232 
0.762097 0.579406 0.845412 0.480631 0.181995 0.565062 0.750052 0.648182 0.794329 0.890813 0.607103 0.428055 0.397410 0.622921 0.013441 0.972090 0.763166 0.878934 0.119719 0.715515 0.345746 0.754728 0.693313 0.924488 0.068847 
0.590431 0.337982 0.187791 0.631811 0.823898 0.921302 0.937300 0.788172 0.725925 0.579551 0.561065 0.813390 0.546715 0.973658 0.200216 0.049060 0.556173 0.006706 0.705899 0.131938 0.535995 0.462686 0.852678 0.263223 0.236062 
0.886363 0.973071 0.398905 0.608836 0.908304 0.958583 0.886094 0.530509 0.233750 0.504971 0.778364 0.529092 0.623383 0.868539 0.438834 0.641229 0.237740 0.922342 0.509993 0.512605 0.269153 0.550511 0.700470 0.980320 0.906785 
0.088294 0.921760 0.750634 0.403934 0.449583 0.309578 0.502892 0.796302 0.003606 0.583388 0.631945 0.039001 0.976813 0.205319 0.204499 0.328225 0.429394 0.708514 0.567776 0.674176 0.727100 0.397347 0.429885 0.872295 0.830577 
0.530534 0.211748 0.974060 0.554007 0.761816 0.775294 0.064208 0.998845 0.157593 0.489736 0.676718 0.186928 0.626148 0.362071 0.956665 0.459786 0.908443 0.101272 0.025022 0.484952 0.984832 0.139902 0.333345 0.688328 0.609942 
0.743713 0.634624 0.472929 0.370053 0.829904 0.731723 0.487245 0.327948 0.020679 0.454788 0.904204 0.781875 0.537454 0.982074 0.987678 0.988061 0.286300 0.037082 0.930612 0.568504 0.697296 0.588120 0.663077 0.042117 0.278838 
0.100288 0.065014 0.536227 0.701480 0.373130 0.028490 0.143089 0.357275 0.604063 0.774424 0.494671 0.318970 0.759885 0.493004 0.695730 0.646435 0.972690 0.034129 0.900340 0.132331 0.068771 0.377072 0.841675 0.674286 0.955728 
0.203437 0.622553 0.983935 0.880614 0.970323 0.437400 0.217561 0.720134 0.508159 0.448252 0.679441 0.312553 0.456413 0.295076 0.741002 0.432869 0.199096 0.672827 0.019009 0.672916 0.964540 0.318585 0.078982 0.461282 0.606891 
0.448350 0.532950 0.575367 0.836068 0.562767 0.399561 0.146277 0.580612 0.913491 0.444435 0.489972 0.448369 0.565104 0.945071 0.838192 0.761328 0.821063 0.761824 0.003191 0.784674 0.157915 0.075547 0.884644 0.233956 0.288552 
0.481820 0.342957 0.739103 0.114028 0.619645 0.638089 0.936474 0.575034 0.986520 0.532101 0.348492 0.232660 0.802767 0.042859 0.215969 0.168132 0.586664 0.725385 0.588362 0.471568 0.657449 0.159941 0.714974 0.874173 0.335046 
0.421816 0.770660 0.858975 0.215440 0.552034 0.623468 0.620360 0.895353 0.777254 0.429684 0.643300 0.467483 0.310080 0.299933 0.828468 0.785400 0.148960 0.629968 0.507507 0.653761 0.044815 0.347602 0.434957 0.300095 0.315300 
0.708648 0.833011 0.411019 0.761146 0.519454 0.785977 0.289952 0.088933 0.883712 0.838829 0.275958 0.159433 0.851881 0.193057 0.039694 0.069045 0.769692 0.799232 0.656285 0.558613 0.133942 0.505136 0.343546 0.405928 0.389804 

-0.151106 0.835372 0.594596 0.593305 0.102937 0.516698 0.653605 -0.356579 -0.102792 1.128581 0.975985 0.846658 -0.193994 0.722190 -0.440456 -0.290328 1.643747 1.374880 0.022918 0.048614 0.443307 -0.616324 -0.215185 -0.150741 0.987774 
-0.453711 -0.410449 -0.402519 -0.118215 -0.514770 0.257334 1.265820 0.634664 -0.438002 0.548529 0.333027 -0.737062 1.086362 0.464370 -0.049914 1.308458 1.320691 0.429154 1.714229 -0.356234 -0.514112 1.244998 0.738639 0.961896 1.825704 
-0.872578 -0.256076 0.323875 0.292569 -0.465034 -0.092515 0.018017 -0.390291 0.133252 1.514572 0.586834 1.001652 0.907677 1.003507 0.678725 0.582893 0.299714 1.523625 1.135872 0.544534 0.922747 -0.348850 0.970486 0.445997 -0.673416 
0.399232 -0.125928 -0.253454 -0.127982 0.008568 -0.078685 -0.061179 1.171304 0.304634 1.107681 1.653235 0.997099 2.094765 -0.454574 0.285788 0.951607 0.771276 0.761502 -0.661950 0.316028 0.510611 -0.804990 1.478323 -1.110240 -0.377838 
-0.682881 -0.945410 -0.430464 -0.759295 0.172233 -0.474131 -0.364824 -0.238734 -0.364256 0.385422 -0.111128 0.152169 0.573331 1.787004 1.199614 -0.074980 0.444609 1.281072 1.224813 -0.146802 0.257337 1.303629 0.397753 -0.201343 -0.408714 
-1.040066 -0.664486 0.100109 0.496580 0.506514 0.403553 0.543979 0.042126 -0.106751 0.991444 0.987680 2.145762 0.073702 -0.313276 1.102250 1.120109 1.737059 0.916885 0.546471 0.768026 0.456994 0.078322 -1.141567 -1.229164 0.477751 
-0.280963 0.170522 0.344264 -0.686495 0.136681 0.279387 -0.410403 -0.133796 -0.127021 -0.663474 0.688902 0.599874 -0.228986 -0.098772 -0.722090 1.189076 0.176757 -0.285541 1.046007 -0.185721 -0.096938 0.272941 -0.155161 -1.282080 -0.859754 
0.291786 -0.106567 0.052916 -0.153395 -0.365461 -0.409716 -0.223216 0.283448 -0.399087 -1.908089 -1.265219 1.439124 -1.451621 0.158139 0.608642 0.082445 1.009941 1.199434 0.704023 0.145404 0.777507 -0.415731 -1.251063 0.846054 -1.217819 
0.343558 0.427055 -0.404485 -0.249811 -0.049105 -1.173461 -1.283271 -1.041027 -0.716163 -0.286203 -2.022443 -0.572158 -1.939088 0.789690 -0.146054 0.116354 0.139283 1.360450 1.076968 0.010482 0.843881 -0.330347 -1.452969 -0.269304 -1.217722 
0.320350 0.449683 -0.366538 -1.029865 -1.314686 -2.034704 -0.500599 -0.581867 -1.560810 0.015131 -0.792734 -0.324682 0.017866 -0.657989 0.308436 0.874486 0.402238 -0.178788 0.455743 -1.081379 -0.679343 -0.603624 -1.216077 -0.206179 0.207417 
-0.012591 -0.279910 -0.137020 -0.394783 -0.168246 -1.293699 -0.627443 -1.326748 -0.380768 -0.111446 -0.473735 -1.648701 -1.600083 -0.924484 0.426287 0.024740 0.017723 0.540166 -0.560219 0.439440 -0.846672 -0.202776 -0.968521 -0.012859 -1.192449 
0.125596 0.069470 -0.031572 -0.873264 -2.228891 -0.085927 -1.504363 -0.331369 -1.025613 -1.432622 -1.141757 0.493310 -0.321343 -0.049224 0.614398 0.034748 -0.832718 0.115287 0.530720 -0.362251 -0.526777 -0.015072 0.155553 -0.955369 0.576760 
-0.144932 -0.836486 -1.550893 -1.873101 -1.058445 -0.312143 -0.084071 -0.982356 -1.470575 -1.670361 -0.268664 -0.269797 -0.433097 0.030530 0.122530 -1.159441 0.088214 -0.030653 -0.244039 -0.416016 -0.889993 0.744147 0.192168 -0.430721 -1.969926 
0.006672 0.324188 -0.488541 -0.308911 -1.186298 -0.377449 -0.571061 -1.761846 -0.237199 -1.854981 -1.725259 -0.882753 0.199179 -0.267402 0.064619 -1.422071 -1.155420 -1.063263 0.069385 -1.142016 -0.169032 -1.019350 -1.146282 -1.718876 0.749156 
-0.553781 -0.079573 -0.434775 -0.534241 -1.765277 -1.951095 -0.492906 -0.298491 -1.444605 -1.906366 -0.486698 -0.054290 -0.195951 -1.319301 0.728984 0.736032 -0.634562 0.851623 -1.138974 0.269488 -0.576194 -0.643582 -1.509123 0.262473 0.252485 
-0.044021 0.766497 -0.235260 -1.627562 -1.177093 -0.615989 -1.279885 -0.362094 -0.909340 -1.190649 -0.926413 1.276784 1.271097 1.394622 0.906631 1.190492 -0.178832 -1.675622 -0.393805 -0.501006 -0.610873 -0.038949 -0.388520 -1.077137 -1.558451 
-0.106411 0.901461 -0.117847 -0.625776 0.044214 -1.450736 -1.242159 -1.900054 -1.285052 -1.015853 -0.743909 -0.821648 2.143183 0.413831 -0.090601 0.779562 0.710475 1.360328 -0.975232 -0.963573 -1.430853 0.043294 -0.683736 -1.351825 -1.539222 
0.647822 -0.026178 -1.117850 -2.099058 -0.397870 -0.739282 -1.563644 -0.513452 -1.436763 -2.006618 -1.637560 -0.169427 -1.263513 0.685209 1.620645 0.787565 1.432861 0.100901 0.179935 -0.738992 -1.270710 0.567881 0.305119 1.344401 -0.110485 
0.054355 -0.378162 -0.562635 -2.045758 -1.437096 -1.691812 0.238964 -0.179181 -0.568334 -1.109582 1.573714 1.546442 1.127440 1.801661 1.941985 1.709840 0.887056 0.448662 2.047845 1.528483 1.619753 0.995064 1.341171 0.186273 -0.141977 
-0.157972 -0.739619 0.333461 -2.161365 -0.787847 -0.007193 -0.577886 -1.214268 -1.854858 -0.487818 0.992531 0.665960 1.511124 1.063257 1.257120 1.322191 2.077967 0.464748 1.866127 0.444531 0.130710 0.479525 1.323435 -1.243339 -1.996970 
-1.054631 -0.546239 -0.283456 0.137819 -0.591917 -0.105506 -0.023229 1.425981 1.194746 0.966825 1.531821 0.823945 1.217544 0.526741 1.399218 1.030157 0.717267 1.118285 -0.093075 1.414207 1.658019 0.612330 0.412166 0.483994 -1.103824 
0.236199 -0.572671 0.427527 0.083869 -0.054289 -0.378734 -0.523550 1.439627 1.616606 0.865314 1.007892 1.198047 1.389265 1.544102 1.987790 1.652427 1.827807 1.575185 0.124596 1.560539 0.156271 0.187058 1.847771 0.613597 0.448716 
0.088507 -0.033716 0.243797 -0.707343 -0.164218 0.371637 0.448753 0.118403 0.028950 0.584513 0.043258 0.633250 1.965210 -0.107427 0.292085 0.549259 1.560018 1.455089 1.475570 0.872559 1.402259 0.268223 1.523390 1.731109 0.679435 
-0.164210 0.512776 0.721219 -0.768149 -0.324144 0.155334 0.199580 0.480494 0.384058 0.358303 -0.005501 0.106733 0.752263 0.226669 1.749171 1.370509 0.466971 1.172763 1.146091 1.425322 0.640114 0.746672 0.727283 0.690943 0.680974 
-0.312605 -0.273927 0.086404 0.756301 0.670062 0.785024 0.078138 -0.222161 0.945279 0.144672 0.273257 -0.399699 1.609391 0.160364 -0.099993 0.136449 1.304793 1.474569 1.402645 1.153080 0.141456 0.820487 0.919758 0.710842 0.636605 

4 4 4 4 4 4 3 3 3 3 3 3 3 3 3 3 3 3 3 3 3 3 3 3 3 
4 4 4 4 4 3 3 3 3 3 3 3 3 3 3 3 3 3 3 3 3 3 3 3 3 
4 4 4 4 4 4 3 3 3 3 3 3 3 3 3 3 3 3 3 3 3 3 3 0 0 
4 4 4 4 4 4 3 3 3 3 3 3 3 3 3 3 3 3 3 3 3 3 3 0 0 
4 4 4 4 4 4 4 3 3 3 3 3 3 3 3 3 3 3 3 3 3 3 0 0 0 
4 4 4 4 4 4 4 4 4 3 3 3 3 3 3 3 3 3 3 3 3 3 0 0 0 
4 4 4 4 4 4 4 4 2 2 3 3 2 3 3 3 3 3 3 3 3 3 0 0 0 
4 4 4 4 4 4 4 4 2 2 2 3 2 3 3 3 3 3 3 3 3 3 0 0 0 
4 4 4 4 4 2 2 4 2 2 2 2 2 3 3 3 3 3 3 0 3 0 0 0 0 
4 4 4 4 2 2 2 2 2 2 2 2 2 2 3 3 3 0 0 0 0 0 0 0 0 
4 4 4 2 2 2 2 2 2 2 2 2 2 2 0 3 3 0 0 0 0 0 0 0 0 
4 4 2 2 2 2 2 2 2 2 2 0 0 0 0 0 0 0 0 0 0 0 0 0 0 
4 2 2 2 2 2 2 2 2 2 2 0 0 0 0 0 0 0 0 0 0 0 0 0 0 
4 4 2 2 2 2 2 2 2 2 2 2 0 0 0 0 0 0 0 0 0 0 0 0 0 
4 4 4 2 2 2 2 2 2 2 2 2 2 0 1 0 0 0 0 0 0 0 0 0 0 
4 4 4 2 2 2 2 2 2 2 2 1 1 1 1 1 0 0 0 0 0 0 0 0 0 
4 4 2 2 2 2 2 2 2 2 2 2 1 1 1 1 1 1 0 0 0 0 0 0 0 
4 4 2 2 2 2 2 2 2 2 2 2 2 1 1 1 1 1 1 0 0 0 0 1 0 
4 4 2 2 2 2 2 2 2 2 1 1 1 1 1 1 1 1 1 1 1 1 1 1 0 
4 4 4 2 2 2 2 2 2 2 1 1 1 1 1 1 1 1 1 1 1 1 1 0 0 
4 4 4 4 2 2 4 1 1 1 1 1 1 1 1 1 1 1 1 1 1 1 1 0 0 
4 4 4 4 4 4 4 1 1 1 1 1 1 1 1 1 1 1 1 1 1 1 1 1 1 
4 4 4 4 4 4 4 4 4 4 4 1 1 1 1 1 1 1 1 1 1 1 1 1 1 
4 4 4 4 4 4 4 4 4 4 4 4 1 1 1 1 1 1 1 1 1 1 1 1 1 
4 4 4 4 4 4 4 4 4 4 4 4 1 1 1 1 1 1 1 1 1 1 1 1 1 

-1.0 -1.0 -1.0 -1.0 -1.0 -1.0 2.0 2.0 2.0 2.0 2.0 2.0 2.0 2.0 2.0 2.0 2.0 2.0 2.0 2.0 2.0 2.0 2.0 2.0 2.0 
-1.0 -1.0 -1.0 -1.0 -1.0 2.0 2.0 2.0 2.0 2.0 2.0 2.0 2.0 2.0 2.0 2.0 2.0 2.0 2.0 2.0 2.0 2.0 2.0 2.0 2.0 
-1.0 -1.0 -1.0 -1.0 -1.0 -1.0 2.0 2.0 2.0 2.0 2.0 2.0 2.0 2.0 2.0 2.0 2.0 2.0 2.0 2.0 2.0 2.0 2.0 1.0 1.0 
-1.0 -1.0 -1.0 -1.0 -1.0 -1.0 2.0 2.0 2.0 2.0 2.0 2.0 2.0 2.0 2.0 2.0 2.0 2.0 2.0 2.0 2.0 2.0 2.0 1.0 1.0 
-1.0 -1.0 -1.0 -1.0 -1.0 -1.0 -1.0 2.0 2.0 2.0 2.0 2.0 2.0 2.0 2.0 2.0 2.0 2.0 2.0 2.0 2.0 2.0 1.0 1.0 1.0 
-1.0 -1.0 -1.0 -1.0 -1.0 -1.0 -1.0 -1.0 -1.0 2.0 2.0 2.0 2.0 2.0 2.0 2.0 2.0 2.0 2.0 2.0 2.0 2.0 1.0 1.0 1.0 
-1.0 -1.0 -1.0 -1.0 -1.0 -1.0 -1.0 -1.0 -2.0 -2.0 2.0 2.0 -2.0 2.0 2.0 2.0 2.0 2.0 2.0 2.0 2.0 2.0 1.0 1.0 1.0 
-1.0 -1.0 -1.0 -1.0 -1.0 -1.0 -1.0 -1.0 -2.0 -2.0 -2.0 2.0 -2.0 2.0 2.0 2.0 2.0 2.0 2.0 2.0 2.0 2.0 1.0 1.0 1.0 
-1.0 -1.0 -1.0 -1.0 -1.0 -2.0 -2.0 -1.0 -2.0 -2.0 -2.0 -2.0 -2.0 2.0 2.0 2.0 2.0 2.0 2.0 1.0 2.0 1.0 1.0 1.0 1.0 
-1.0 -1.0 -1.0 -1.0 -2.0 -2.0 -2.0 -2.0 -2.0 -2.0 -2.0 -2.0 -2.0 -2.0 2.0 2.0 2.0 1.0 1.0 1.0 1.0 1.0 1.0 1.0 1.0 
-1.0 -1.0 -1.0 -2.0 -2.0 -2.0 -2.0 -2.0 -2.0 -2.0 -2.0 -2.0 -2.0 -2.0 1.0 2.0 2.0 1.0 1.0 1.0 1.0 1.0 1.0 1.0 1.0 
-1.0 -1.0 -2.0 -2.0 -2.0 -2.0 -2.0 -2.0 -2.0 -2.0 -2.0 1.0 1.0 1.0 1.0 1.0 1.0 1.0 1.0 1.0 1.0 1.0 1.0 1.0 1.0 
-1.0 -2.0 -2.0 -2.0 -2.0 -2.0 -2.0 -2.0 -2.0 -2.0 -2.0 1.0 1.0 1.0 1.0 1.0 1.0 1.0 1.0 1.0 1.0 1.0 1.0 1.0 1.0 
-1.0 -1.0 -2.0 -2.0 -2.0 -2.0 -2.0 -2.0 -2.0 -2.0 -2.0 -2.0 1.0 1.0 1.0 1.0 1.0 1.0 1.0 1.0 1.0 1.0 1.0 1.0 1.0 
-1.0 -1.0 -1.0 -2.0 -2.0 -2.0 -2.0 -2.0 -2.0 -2.0 -2.0 -2.0 -2.0 1.0 0.0 1.0 1.0 1.0 1.0 1.0 1.0 1.0 1.0 1.0 1.0 
-1.0 -1.0 -1.0 -2.0 -2.0 -2.0 -2.0 -2.0 -2.0 -2.0 -2.0 0.0 0.0 0.0 0.0 0.0 1.0 1.0 1.0 1.0 1.0 1.0 1.0 1.0 1.0 
-1.0 -1.0 -2.0 -2.0 -2.0 -2.0 -2.0 -2.0 -2.0 -2.0 -2.0 -2.0 0.0 0.0 0.0 0.0 0.0 0.0 1.0 1.0 1.0 1.0 1.0 1.0 1.0 
-1.0 -1.0 -2.0 -2.0 -2.0 -2.0 -2.0 -2.0 -2.0 -2.0 -2.0 -2.0 -2.0 0.0 0.0 0.0 0.0 0.0 0.0 1.0 1.0 1.0 1.0 0.0 1.0 
-1.0 -1.0 -2.0 -2.0 -2.0 -2.0 -2.0 -2.0 -2.0 -2.0 0.0 0.0 0.0 0.0 0.0 0.0 0.0 0.0 0.0 0.0 0.0 0.0 0.0 0.0 1.0 
-1.0 -1.0 -1.0 -2.0 -2.0 -2.0 -2.0 -2.0 -2.0 -2.0 0.0 0.0 0.0 0.0 0.0 0.0 0.0 0.0 0.0 0.0 0.0 0.0 0.0 1.0 1.0 
-1.0 -1.0 -1.0 -1.0 -2.0 -2.0 -1.0 0.0 0.0 0.0 0.0 0.0 0.0 0.0 0.0 0.0 0.0 0.0 0.0 0.0 0.0 0.0 0.0 1.0 1.0 
-1.0 -1.0 -1.0 -1.0 -1.0 -1.0 -1.0 0.0 0.0 0.0 0.0 0.0 0.0 0.0 0.0 0.0 0.0 0.0 0.0 0.0 0.0 0.0 0.0 0.0 0.0 
-1.0 -1.0 -1.0 -1.0 -1.0 -1.0 -1.0 -1.0 -1.0 -1.0 -1.0 0.0 0.0 0.0 0.0 0.0 0.0 0.0 0.0 0.0 0.0 0.0 0.0 0.0 0.0 
-1.0 -1.0 -1.0 -1.0 -1.0 -1.0 -1.0 -1.0 -1.0 -1.0 -1.0 -1.0 0.0 0.0 0.0 0.0 0.0 0.0 0.0 0.0 0.0 0.0 0.0 0.0 0.0 
-1.0 -1.0 -1.0 -1.0 -1.0 -1.0 -1.0 -1.0 -1.0 -1.0 -1.0 -1.0 0.0 0.0 0.0 0.0 0.0 0.0 0.0 0.0 0.0 0.0 0.0 0.0 0.0 

1.0 1.0 1.0 1.0 1.0 1.0 -1.0 -1.0 -1.0 -1.0 -1.0 -1.0 -1.0 -1.0 -1.0 -1.0 -1.0 -1.0 -1.0 -1.0 -1.0 -1.0 -1.0 -1.0 -1.0 
1.0 1.0 1.0 1.0 1.0 -1.0 -1.0 -1.0 -1.0 -1.0 -1.0 -1.0 -1.0 -1.0 -1.0 -1.0 -1.0 -1.0 -1.0 -1.0 -1.0 -1.0 -1.0 -1.0 -1.0 
1.0 1.0 1.0 1.0 1.0 1.0 -1.0 -1.0 -1.0 -1.0 -1.0 -1.0 -1.0 -1.0 -1.0 -1.0 -1.0 -1.0 -1.0 -1.0 -1.0 -1.0 -1.0 -2.0 -2.0 
1.0 1.0 1.0 1.0 1.0 1.0 -1.0 -1.0 -1.0 -1.0 -1.0 -1.0 -1.0 -1.0 -1.0 -1.0 -1.0 -1.0 -1.0 -1.0 -1.0 -1.0 -1.0 -2.0 -2.0 
1.0 1.0 1.0 1.0 1.0 1.0 1.0 -1.0 -1.0 -1.0 -1.0 -1.0 -1.0 -1.0 -1.0 -1.0 -1.0 -1.0 -1.0 -1.0 -1.0 -1.0 -2.0 -2.0 -2.0 
1.0 1.0 1.0 1.0 1.0 1.0 1.0 1.0 1.0 -1.0 -1.0 -1.0 -1.0 -1.0 -1.0 -1.0 -1.0 -1.0 -1.0 -1.0 -1.0 -1.0 -2.0 -2.0 -2.0 
1.0 1.0 1.0 1.0 1.0 1.0 1.0 1.0 0.0 0.0 -1.0 -1.0 0.0 -1.0 -1.0 -1.0 -1.0 -1.0 -1.0 -1.0 -1.0 -1.0 -2.0 -2.0 -2.0 
1.0 1.0 1.0 1.0 1.0 1.0 1.0 1.0 0.0 0.0 0.0 -1.0 0.0 -1.0 -1.0 -1.0 -1.0 -1.0 -1.0 -1.0 -1.0 -1.0 -2.0 -2.0 -2.0 
1.0 1.0 1.0 1.0 1.0 0.0 0.0 1.0 0.0 0.0 0.0 0.0 0.0 -1.0 -1.0 -1.0 -1.0 -1.0 -1.0 -2.0 -1.0 -2.0 -2.0 -2.0 -2.0 
1.0 1.0 1.0 1.0 0.0 0.0 0.0 0.0 0.0 0.0 0.0 0.0 0.0 0.0 -1.0 -1.0 -1.0 -2.0 -2.0 -2.0 -2.0 -2.0 -2.0 -2.0 -2.0 
1.0 1.0 1.0 0.0 0.0 0.0 0.0 0.0 0.0 0.0 0.0 0.0 0.0 0.0 -2.0 -1.0 -1.0 -2.0 -2.0 -2.0 -2.0 -2.0 -2.0 -2.0 -2.0 
1.0 1.0 0.0 0.0 0.0 0.0 0.0 0.0 0.0 0.0 0.0 -2.0 -2.0 -2.0 -2.0 -2.0 -2.0 -2.0 -2.0 -2.0 -2.0 -2.0 -2.0 -2.0 -2.0 
1.0 0.0 0.0 0.0 0.0 0.0 0.0 0.0 0.0 0.0 0.0 -2.0 -2.0 -2.0 -2.0 -2.0 -2.0 -2.0 -2.0 -2.0 -2.0 -2.0 -2.0 -2.0 -2.0 
1.0 1.0 0.0 0.0 0.0 0.0 0.0 0.0 0.0 0.0 0.0 0.0 -2.0 -2.0 -2.0 -2.0 -2.0 -2.0 -2.0 -2.0 -2.0 -2.0 -2.0 -2.0 -2.0 
1.0 1.0 1.0 0.0 0.0 0.0 0.0 0.0 0.0 0.0 0.0 0.0 0.0 -2.0 2.0 -2.0 -2.0 -2.0 -2.0 -2.0 -2.0 -2.0 -2.0 -2.0 -2.0 
1.0 1.0 1.0 0.0 0.0 0.0 0.0 0.0 0.0 0.0 0.0 2.0 2.0 2.0 2.0 2.0 -2.0 -2.0 -2.0 -2.0 -2.0 -2.0 -2.0 -2.0 -2.0 
1.0 1.0 0.0 0.0 0.0 0.0 0.0 0.0 0.0 0.0 0.0 0.0 2.0 2.0 2.0 2.0 2.0 2.0 -2.0 -2.0 -2.0 -2.0 -2.0 -2.0 -2.0 
1.0 1.0 0.0 0.0 0.0 0.0 0.0 0.0 0.0 0.0 0.0 0.0 0.0 2.0 2.0 2.0 2.0 2.0 2.0 -2.0 -2.0 -2.0 -2.0 2.0 -2.0 
1.0 1.0 0.0 0.0 0.0 0.0 0.0 0.0 0.0 0.0 2.0 2.0 2.0 2.0 2.0 2.0 2.0 2.0 2.0 2.0 2.0 2.0 2.0 2.0 -2.0 
1.0 1.0 1.0 0.0 0.0 0.0 0.0 0.0 0.0 0.0 2.0 2.0 2.0 2.0 2.0 2.0 2.0 2.0 2.0 2.0 2.0 2.0 2.0 -2.0 -2.0 
1.0 1.0 1.0 1.0 0.0 0.0 1.0 2.0 2.0 2.0 2.0 2.0 2.0 2.0 2.0 2.0 2.0 2.0 2.0 2.0 2.0 2.0 2.0 -2.0 -2.0 
1.0 1.0 1.0 1.0 1.0 1.0 1.0 2.0 2.0 2.0 2.0 2.0 2.0 2.0 2.0 2.0 2.0 2.0 2.0 2.0 2.0 2.0 2.0 2.0 2.0 
1.0 1.0 1.0 1.0 1.0 1.0 1.0 1.0 1.0 1.0 1.0 2.0 2.0 2.0 2.0 2.0 2.0 2.0 2.0 2.0 2.0 2.0 2.0 2.0 2.0 
1.0 1.0 1.0 1.0 1.0 1.0 1.0 1.0 1.0 1.0 1.0 1.0 2.0 2.0 2.0 2.0 2.0 2.0 2.0 2.0 2.0 2.0 2.0 2.0 2.0 
1.0 1.0 1.0 1.0 1.0 1.0 1.0 1.0 1.0 1.0 1.0 1.0 2.0 2.0 2.0 2.0 2.0 2.0 2.0 2.0 2.0 2.0 2.0 2.0 2.0 

