0.993106 0.279232 0.352589 0.462257 0.751815 0.253186 0.911095 0.058564 0.021327 0.122086 0.686644 0.275960 0.588306 0.283714 0.973673 0.329387 0.735869 0.942108 0.528809 0.198345 0.610636 0.387517 0.436934 0.368221 0.641704 
0.245372 0.415525 0.880472 0.113661 0.043535 0.655742 0.464268 0.788174 0.252250 0.694411 0.608500 0.075434 0.216908 0.201590 0.142385 0.574399 0.444331 0.673645 0.072384 0.558349 0.759460 0.255636 0.229749 0.586537 0.747305 
0.830010 0.811039 0.914100 0.203622 0.840992 0.536226 0.158524 0.698080 0.716013 0.019243 0.057201 0.198932 0.598939 0.668552 0.019451 0.232246 0.227479 0.070749 0.971150 0.719943 0.060183 0.984507 0.831626 0.477616 0.314681 
0.391093 0.586133 0.312431 0.983828 0.478488 0.966203 0.527182 0.509803 0.776875 0.580980 0.911846 0.172827 0.202246 0.048649 0.292329 0.758222 0.958283 0.284906 0.997561 0.010105 0.065757 0.178409 0.616257 0.939755 0.846659 
0.106883 0.655718 0.669386 0.358133 0.895623 0.480095 0.407066 0.381180 0.903306 0.415852 0.557987 0.704259 0.063632 0.133877 0.034209 0.711988 0.055566 0.540755 0.510060 0.029403 0.133387 0.071060 0.943412 0.727654 0.010359 
0.980854 0.271972 0.159538 0.613455 0.664096 0.024554 0.899428 0.546849 0.078360 0.009792 0.706738 0.202366 0.818204 0.258295 0.032924 0.814442 0.394799 0.163966 0.444083 0.269473 0.459207 0.625956 0.161843 0.105095 0.324634 
0.149711 0.026398 0.132873 0.312952 0.454923 0.697861 0.302184 0.579554 0.876262 0.311911 0.008436 0.302706 0.794344 0.365273 0.678074 0.249141 0.272057 0.028625 0.299323 0.508931 0.746554 0.180900 0.466406 0.116068 0.819906 
0.759845 0.559819 0.682961 0.801623 0.627891 0.794678 0.481745 0.992583 0.329407 0.516098 0.383540 0.598929 0.229428 0.720273 0.606692 0.150543 0.434832 0.122633 0.463610 0.940400 0.687405 0.353605 0.273683 0.706015 0.966028 
0.352745 0.435110 0.432108 0.211026 0.325132 0.024964 0.672934 0.487342 0.547407 0.541783 0.873854 0.881570 0.047632 0.637194 0.820568 0.133123 0.263694 0.729894 0.929703 0.246866 0.972080 0.308173 0.827879 0.196421 0.523770 
0.614259 0.207521 0.660147 0.007205 0.881612 0.241751 0.708620 0.738579 0.080437 0.497373 0.210461 0.754081 0.009174 0.243270 0.220442 0.062001 0.337632 0.257613 0.134474 0.856274 0.624218 0.942524 0.020014 0.660094 0.370018 
0.790461 0.362203 0.744599 0.603177 0.033210 0.755933 0.438251 0.137629 0.776647 0.323017 0.886249 0.160013 0.983770 0.193494 0.100992 0.745507 0.359063 0.346687 0.118383 0.788978 0.986321 0.183724 0.193484 0.807607 0.265698 
0.068658 0.683261 0.763138 0.028278 0.284104 0.077826 0.670815 0.642975 0.529117 0.788802 0.849872 0.813478 0.329738 0.588624 0.841138 0.880084 0.804060 0.557492 0.433192 0.855317 0.209349 0.275687 0.975485 0.588485 0.452879 
0.281053 0.094421 0.190757 0.545289 0.129149 0.576851 0.413954 0.657009 0.459456 0.178211 0.024143 0.532177 0.810862 0.207311 0.205387 0.747375 0.996895 0.709182 0.764336 0.031495 0.737429 0.280413 0.916330 0.424329 0.808915 
0.357033 0.997971 0.576704 0.730915 0.525241 0.975665 0.430703 0.606634 0.921074 0.000800 0.722657 0.350922 0.641871 0.317952 0.712823 0.544188 0.177242 0.083311 0.665904 0.080863 0.759364 0.799305 0.567612 0.624112 0.516800 
0.283353 0.155256 0.367033 0.945755 0.323436 0.749490 0.136650 0.931864 0.978677 0.566968 0.012283 0.303137 0.631419 0.193291 0.546453 0.973094 0.235630 0.436520 0.375901 0.155079 0.572543 0.583242 0.887223 0.631214 0.074699 
0.255819 0.723684 0.092379 0.961583 0.292063 0.967589 0.616971 0.206075 0.197636 0.662265 0.056789 0.929532 0.508137 0.264369 0.861628 0.490563 0.567134 0.682562 0.236929 0.068768 0.984329 0.377276 0.790371 0.726115 0.166627 
0.539520 0.457052 0.816339 0.170457 0.457548 0.433372 0.766972 0.283137 0.611497 0.452797 0.412781 0.599426 0.564830 0.700843 0.977177 0.002598 0.123499 0.049693 0.221860 0.597477 0.569854 0.283998 0.071238 0.343623 0.109581 
0.700159 0.109088 0.791439 0.612940 0.701706 0.461110 0.033335 0.517017 0.460734 0.017817 0.694993 0.786877 0.146512 0.653752 0.378242 0.841344 0.350230 0.523777 0.773501 0.480990 0.766709 0.276207 0.952643 0.912775 0.198367 
0.155560 0.033778 0.192881 0.963526 0.835629 0.145635 0.629114 0.118438 0.696331 0.833507 0.358514 0.981080 0.135568 0.407958 0.229178 0.633145 0.459883 0.623397 0.268511 0.652505 0.155488 0.177310 0.329374 0.053156 0.363135 
0.016910 0.419632 0.386049 0.387957 0.012573 0.503755 0.308842 0.737939 0.624028 0.103679 0.079920 0.374741 0.960750 0.293611 0.305134 0.900241 0.947876 0.946921 0.508979 0.084867 0.538943 0.381893 0.604531 0.167350 0.158930 
0.112570 0.647505 0.999555 0.496285 0.590673 0.064492 0.104546 0.356824 0.112643 0.105681 0.961995 0.215962 0.444774 0.578248 0.671613 0.076891 0.405730 0.124846 0.297785 0.399653 0.748661 0.141932 0.405640 0.974167 0.531517 
0.356806 0.724135 0.955276 0.401341 0.328674 0.051781 0.307703 0.295857 0.429011 0.819464 0.284440 0.224296 0.178621 0.458285 0.659147 0.380952 0.399335 0.447637 0.502230 0.048918 0.337431 0.890164 0.918203 0.536221 0.888377 
0.842249 0.275259 0.148026 0.197087 0.861035 0.429197 0.947072 0.051084 0.764431 0.270574 0.869395 0.995057 0.009295 0.386345 0.399354 0.244591 0.674761 0.527967 0.785571 0.113165 0.270752 0.810167 0.833801 0.092492 0.575366 
0.747329 0.102961 0.447654 0.804702 0.367781 0.978466 0.130197 0.583252 0.905797 0.309860 0.200119 0.356790 0.878164 0.075609 0.549649 0.933507 0.198147 0.480616 0.584831 0.336717 0.568054 0.873399 0.369617 0.672533 0.325897 
0.485169 0.071988 0.393409 0.237728 0.211685 0.414835 0.876924 0.907632 0.213388 0.753809 0.450777 0.472185 0.016722 0.006624 0.696130 0.462745 0.526123 0.594253 0.267834 0.202481 0.493880 0.780808 0.114165 0.344164 0.019248 

0.974733 0.620643 0.587792 0.089967 0.457551 0.052961 0.238821 0.093803 0.258921 0.372115 0.572031 0.300310 0.120770 0.226872 0.101679 0.202923 0.800589 0.559599 0.362154 0.702808 0.933892 0.862889 0.110567 0.760049 0.047419 
0.983303 0.584806 0.641124 0.111201 0.550570 0.933377 0.071548 0.280090 0.917009 0.980201 0.121583 0.554336 0.807032 0.316745 0.087766 0.477108 0.799969 0.103700 0.596608 0.737235 0.082042 0.394730 0.945524 0.405782 0.464862 
0.991517 0.785259 0.134148 0.828613 0.438170 0.520865 0.341959 0.801039 0.941495 0.206677 0.697784 0.041443 0.418829 0.660769 0.001349 0.777731 0.508045 0.493780 0.780166 0.996248 0.350400 0.303348 0.914852 0.505212 0.097140 
0.639454 0.519107 0.674294 0.006248 0.992161 0.640661 0.516531 0.380935 0.072555 0.657491 0.677171 0.541115 0.563061 0.096884 0.405349 0.726884 0.779208 0.334265 0.390856 0.247464 0.741111 0.978847 0.282906 0.766056 0.811012 
0.196548 0.307070 0.148919 0.404386 0.635980 0.527950 0.436102 0.750518 0.036270 0.700612 0.168070 0.638010 0.194082 0.398561 0.232395 0.643664 0.659753 0.756380 0.042969 0.229904 0.685914 0.536064 0.635332 0.019941 0.612030 
0.794464 0.655153 0.556091 0.740266 0.487650 0.916598 0.811492 0.874278 0.475828 0.059730 0.935106 0.060587 0.223071 0.772291 0.961425 0.560702 0.006512 0.050505 0.547274 0.069255 0.637616 0.557655 0.883209 0.567196 0.393880 
0.554128 0.057443 0.947910 0.041316 0.954580 0.232036 0.478790 0.198998 0.289187 0.389334 0.730742 0.869929 0.831642 0.410829 0.654003 0.601853 0.574544 0.693687 0.257848 0.310500 0.561205 0.888286 0.295631 0.345355 0.898814 
0.683230 0.089122 0.873696 0.047212 0.720438 0.531500 0.805745 0.129603 0.247962 0.383867 0.689349 0.840893 0.700728 0.927225 0.084482 0.761076 0.174873 0.876187 0.578137 0.897817 0.790083 0.339728 0.554860 0.504183 0.788607 
0.578377 0.543731 0.417711 0.146079 0.451134 0.317582 0.166237 0.861789 0.074922 0.574996 0.059487 0.438102 0.833244 0.529115 0.561932 0.116451 0.601123 0.087587 0.770509 0.278183 0.698723 0.889041 0.469119 0.625226 0.546308 
0.076311 0.319255 0.852801 0.620003 0.291331 0.956434 0.178304 0.236934 0.443416 0.568209 0.749821 0.751788 0.508230 0.480974 0.228737 0.621915 0.658487 0.085143 0.276802 0.972519 0.722293 0.851781 0.196757 0.547049 0.085346 
0.174756 0.587038 0.030544 0.036985 0.573034 0.037620 0.138296 0.169675 0.233006 0.171972 0.773064 0.865054 0.806760 0.825235 0.014858 0.433414 0.619168 0.816403 0.550087 0.880283 0.542302 0.299844 0.634356 0.373874 0.761822 
0.866913 0.643305 0.237425 0.589686 0.566319 0.428123 0.204619 0.450233 0.861515 0.096267 0.025355 0.464429 0.081972 0.941098 0.462873 0.132390 0.170439 0.515734 0.116812 0.411584 0.572986 0.759109 0.728278 0.771086 0.518645 
0.268563 0.352144 0.801423 0.313656 0.493485 0.939601 0.088450 0.556322 0.632961 0.682391 0.609307 0.059881 0.888192 0.686140 0.667275 0.391152 0.010833 0.041010 0.026601 0.227255 0.651276 0.894759 0.693399 0.652881 0.620915 
0.665097 0.498729 0.253438 0.456291 0.112159 0.076070 0.205361 0.907837 0.945124 0.689383 0.939245 0.426974 0.451399 0.219228 0.989671 0.421182 0.366208 0.559468 0.322092 0.405839 0.381663 0.007743 0.925596 0.058118 0.559588 
0.215396 0.337650 0.860124 0.907830 0.133888 0.982100 0.945316 0.535603 0.977449 0.909977 0.965835 0.533178 0.695985 0.504367 0.339221 0.612608 0.935162 0.710141 0.914759 0.996031 0.359453 0.725230 0.471491 0.831610 0.161265 
0.146599 0.783221 0.631721 0.795683 0.474370 0.743021 0.698221 0.004657 0.926179 0.514214 0.714010 0.903784 0.556105 0.724720 0.945819 0.424585 0.558389 0.324743 0.246413 0.670240 0.530049 0.885757 0.713530 0.624145 0.828730 
0.903367 0.142575 0.940572 0.475977 0.756629 0.574849 0.993367 0.373092 0.490367 0.919727 0.767658 0.792962 0.069801 0.381557 0.548022 0.973533 0.355201 0.835271 0.982919 0.478229 0.502852 0.549401 0.013170 0.891653 0.245278 
0.510891 0.752626 0.626264 0.518791 0.776390 0.268569 0.624122 0.721509 0.983725 0.576168 0.146657 0.842357 0.885889 0.213389 0.625550 0.931724 0.897996 0.376551 0.633773 0.242738 0.549501 0.500727 0.415892 0.582904 0.235606 
0.599228 0.695494 0.878936 0.696412 0.043985 0.130646 0.469409 0.256555 0.186205 0.818542 0.917936 0.357848 0.362666 0.392803 0.913300 0.772445 0.207637 0.391118 0.302075 0.139703 0.127772 0.410344 0.065004 0.025607 0.994933 
0.745273 0.788841 0.305253 0.240493 0.611772 0.740665 0.129888 0.062336 0.649001 0.777950 0.213886 0.255249 0.957829 0.981344 0.221408 0.849721 0.052551 0.444005 0.916302 0.978825 0.776553 0.252014 0.579989 0.459076 0.109402 
0.261222 0.196088 0.057678 0.468414 0.030542 0.868395 0.178524 0.552847 0.683523 0.747949 0.710384 0.741827 0.270075 0.438422 0.364879 0.286705 0.765105 0.386643 0.399855 0.500480 0.244578 0.578516 0.722713 0.456480 0.977644 
0.953587 0.140394 0.280723 0.320292 0.913211 0.738960 0.095117 0.199767 0.454260 0.230971 0.827048 0.990308 0.698956 0.834522 0.697163 0.480509 0.736789 0.919509 0.564765 0.912722 0.647531 0.346154 0.404352 0.917836 0.449094 
0.467086 0.912793 0.470774 0.691143 0.297189 0.317824 0.089400 0.967885 0.866192 0.733240 0.836058 0.651264 0.953829 0.367952 0.201563 0.337895 0.492529 0.918580 0.241309 0.042241 0.545892 0.964706 0.404753 0.372468 0.143133 
0.353190 0.404962 0.782355 0.700075 0.654610 0.946880 0.589530 0.317669 0.179840 0.588761 0.109474 0.901957 0.623177 0.067708 0.483419 0.474161 0.445788 0.819508 0.908059 0.259934 0.651228 0.704942 0.760572 0.953587 0.416092 
0.376768 0.534002 0.754585 0.814222 0.174862 0.900570 0.102095 0.602187 0.343140 0.868518 0.431973 0.556138 0.276288 0.454016 0.219583 0.367017 0.486040 0.642702 0.724836 0.566450 0.825145 0.283037 0.317143 0.037428 0.390446 

2.015839 0.787821 0.844464 0.844950 1.107948 0.600562 1.851998 -0.081084 0.170230 0.486080 1.550285 -0.437930 -0.302254 -0.225748 0.112874 -0.338786 -0.812410 -0.518980 -0.306254 -0.592463 -1.230325 -1.212994 -0.009745 -0.462047 -0.048383 
0.478595 0.729004 1.692070 0.281859 0.133351 1.306554 0.865528 1.491994 0.361093 1.429877 -0.064709 -0.308005 -0.512151 -0.578507 0.464689 -0.846661 -0.351299 0.043226 -0.627310 -0.935501 -0.395066 -0.337020 -1.263836 -0.372552 -0.365581 
1.711764 1.268190 1.792233 0.109627 1.915564 0.810740 0.633502 1.458705 1.599325 -0.006192 -0.770850 0.119701 -0.452678 -0.238598 0.025549 -0.574601 -0.504629 -0.374490 -0.635719 -1.043970 -0.316259 -0.382422 -1.174368 -0.493578 -0.353888 
0.838474 1.330616 0.712115 2.462658 1.043053 2.004807 0.912209 1.303644 1.493600 -0.334061 -0.762944 -0.739170 -0.685658 -0.241283 -0.528174 -0.808623 -0.880261 -0.168422 -0.556952 -0.217165 -0.733471 -1.369710 0.009179 -0.563262 -0.568843 
-0.180406 0.944542 1.461943 0.615984 1.819190 0.988130 0.419402 0.553255 1.373840 0.703957 1.086988 -0.522777 -0.068067 -0.368666 -0.034053 -0.716082 -0.617445 -0.691855 -0.111151 -0.338596 -0.633673 -0.413384 -0.593008 -0.291506 -0.604476 
2.460806 0.848975 0.130269 1.144791 1.426449 0.109083 1.914752 1.242392 0.281906 0.176785 1.331356 0.245686 -0.348798 -1.295683 -1.088334 -0.503156 -0.235564 -0.010471 -0.460715 0.018788 -0.170957 -0.847354 -0.757432 -0.627440 -0.535452 
0.347411 0.118864 0.149414 0.561340 0.806005 1.397839 0.784702 1.259277 2.079988 0.811687 -1.592689 -1.447770 -0.946780 -0.238386 -0.569821 -0.669639 -1.032747 -1.097591 0.123441 -0.230614 -0.621149 -1.091969 -0.593312 -0.309749 -0.439319 
1.211882 1.062385 1.129813 1.565899 1.165081 1.458061 0.858477 1.949110 0.491605 -0.406225 -0.957196 -0.936010 -1.090766 -1.444406 -0.010864 -1.284918 -0.193493 -0.489940 -0.527656 -1.230707 -1.146852 -0.550010 -0.429255 -0.435111 -0.627229 
0.601440 1.174652 1.051061 0.629822 0.831288 0.060572 1.382674 -1.421071 0.269905 -0.472411 0.897799 -0.013854 -1.556309 -0.566121 -0.001257 -0.054059 -0.965081 -0.033457 -0.609813 -0.415393 -0.475597 -0.757289 0.071597 -0.616754 -0.313033 
1.511130 0.019619 1.532149 0.180658 1.817844 0.680324 0.324758 0.197019 -0.801653 -0.649280 -1.500556 -0.782197 -1.009482 -0.670197 -0.044810 -1.407055 -1.135317 0.003647 -0.355526 -0.834504 -0.950024 -0.599157 -0.128601 -0.278109 -0.367578 
1.348665 0.334360 1.322196 1.317050 0.074008 1.788487 0.642607 0.183098 0.297916 -0.149508 -0.279306 -1.494799 -0.523577 -1.389583 0.200133 -0.009854 -0.815552 -1.322575 -1.132259 -0.993271 0.028953 -0.126611 -0.516731 -0.497812 -1.016364 
0.039867 1.443596 0.400540 0.188678 0.353884 0.639542 1.524806 -0.560774 -1.352025 0.691134 -0.714345 -0.035688 -0.033075 -1.611912 0.042390 0.152168 0.614948 -0.569419 -0.027481 -0.037951 -0.904442 -0.772636 -0.269947 -0.939289 -0.596527 
0.134131 -0.374939 -1.499650 -0.082981 -0.701924 -1.326622 -0.003768 -0.329463 -0.871317 -1.480101 1.338278 -0.558328 -1.077643 -1.389863 -1.243930 0.319495 0.959495 0.577234 0.802746 -0.470591 -0.351621 -1.784267 -0.030172 -0.747649 -0.535278 
0.697050 1.908968 0.238347 -1.190351 0.087339 -1.878358 -0.542119 -1.346891 -0.915120 0.656954 -0.378236 0.591280 -0.250673 -0.637625 -1.125985 0.402946 0.289369 1.096007 -0.075325 -0.640069 -0.226621 0.672780 -0.934941 0.332878 -0.843730 
0.666849 -0.491562 -1.139794 -0.689201 -0.523941 -0.747599 0.705933 -1.258171 -0.865643 -0.357308 1.123368 0.765428 -0.613622 0.799750 -0.582099 0.067946 1.757853 1.238548 1.510674 1.888482 0.220017 -0.744939 -0.148767 -0.951251 0.340761 
0.156414 -0.893797 -0.996429 -0.918524 -0.215087 -0.946965 -0.398375 -0.343550 0.537794 -0.724822 1.517121 0.396309 0.587353 1.018067 0.658881 0.295948 0.436775 -0.160162 0.504411 1.254599 0.159320 1.472874 -0.805789 -0.827109 1.931833 
1.086672 -1.039779 -0.413102 0.332713 -0.083495 -0.116081 -0.472863 0.094196 -0.767570 0.138809 -0.025440 0.504554 -0.475224 0.129395 -0.015748 2.084621 0.418325 1.635468 1.827314 0.280959 0.370835 0.480935 -0.179608 -1.428264 0.551493 
1.657283 0.437402 -0.930763 -0.482139 -0.395865 -0.672520 0.174558 -0.304619 0.111103 0.628460 -1.473562 -0.908297 1.511955 0.213350 0.771150 0.931792 1.089674 0.092911 0.644185 -0.080157 0.497587 0.559937 0.063740 -0.116228 0.293825 
-0.246007 0.451297 0.568527 -1.250896 -1.734251 -0.149608 -0.645000 -0.083949 -1.620426 -0.492756 0.328729 -1.737666 -0.029539 -0.214293 1.491034 0.821678 -0.016313 -0.213225 0.064303 -0.367729 -0.054224 1.005659 -0.016297 -0.040920 1.653350 
0.665549 -0.103866 -0.353829 -0.278315 0.575761 -0.138575 -0.644290 -1.347117 -0.733568 0.931620 0.098656 -0.405048 -1.178196 0.203101 0.118887 0.944047 -0.851151 -0.068779 1.136927 1.529081 1.147758 -0.204511 0.675408 0.889800 0.111340 
-0.012197 -1.452996 -1.817474 -0.149754 -1.191203 0.669809 -0.308062 -0.123674 0.274544 0.465716 -1.336110 0.323505 -0.343280 -0.785854 0.253813 0.609318 1.039899 0.628474 0.742015 0.845903 -0.037798 1.255040 0.897202 0.400049 1.520366 
0.161335 -1.153749 -1.694370 -0.311310 0.181271 0.702217 -0.767194 -0.146144 -0.560077 -1.081941 0.240846 0.996486 0.471861 -0.396102 0.783741 0.422649 0.638708 1.733781 0.581591 1.956870 1.248938 -0.060823 -0.202202 1.169016 0.037733 
-0.785904 0.314291 0.445482 0.586829 -0.982651 -0.641561 -1.805022 0.360510 -1.131969 0.168234 -0.679349 -1.344412 0.719952 -0.372234 -0.693983 0.368358 0.619172 1.377533 -0.235781 0.239522 0.369980 1.002346 0.005459 0.846338 -0.351070 
-0.845844 0.357659 -0.536700 -1.065051 -0.005397 -1.030258 0.644744 -0.359613 -1.683130 -0.087087 -0.293864 0.003625 -1.378381 0.086972 -0.474752 -0.007694 0.253393 1.488815 1.526584 0.355292 1.019033 0.756890 1.181207 1.680721 1.163790 
-0.371806 0.382376 0.271833 0.551516 -0.056547 0.233274 -1.545922 -1.083493 -0.175108 -0.557922 -0.481386 -0.547435 -0.087011 0.450246 -1.541027 0.342538 0.496119 0.327491 0.990566 0.692673 0.932224 0.011684 0.491429 -0.397947 0.795604 

1 1 1 1 1 1 1 1 1 1 1 0 0 0 0 0 0 0 0 0 0 0 0 0 0 
1 1 1 1 1 1 1 1 1 1 0 0 0 0 0 0 0 0 0 0 0 0 0 0 0 
1 1 1 1 1 1 1 1 1 1 0 0 0 0 0 0 0 0 0 0 0 0 0 0 0 
1 1 1 1 1 1 1 1 1 0 0 0 0 0 0 0 0 0 0 0 0 0 0 0 0 
1 1 1 1 1 1 1 1 1 1 1 0 0 0 0 0 0 0 0 0 0 0 0 0 0 
1 1 1 1 1 1 1 1 1 1 1 3 0 3 0 0 0 0 0 0 0 0 0 0 0 
1 1 1 1 1 1 1 1 1 1 3 3 3 3 3 0 0 0 0 0 0 0 0 0 0 
1 1 1 1 1 1 1 1 1 3 3 3 3 3 3 3 3 0 0 0 0 0 0 0 0 
1 1 1 1 1 1 1 3 3 3 3 3 3 3 3 3 3 0 0 0 0 0 0 0 0 
1 1 1 1 1 1 3 3 3 3 3 3 3 3 3 3 3 3 0 3 3 0 0 0 0 
1 1 1 1 1 1 1 3 3 3 3 3 3 3 3 3 3 3 3 3 3 0 0 0 0 
1 1 3 1 1 1 1 3 3 3 2 3 3 3 3 3 3 3 3 3 3 0 3 3 0 
1 3 3 3 3 3 3 3 3 3 2 2 3 3 3 2 3 3 3 3 3 3 3 3 3 
1 1 3 4 3 4 3 3 4 4 4 2 3 3 3 2 2 2 2 3 2 3 3 3 3 
1 3 3 4 4 4 4 4 4 4 4 2 3 2 3 2 2 2 2 2 2 3 3 3 2 
1 3 3 4 4 4 4 4 4 4 2 2 2 2 2 2 2 2 2 2 2 2 3 3 2 
1 4 4 4 4 4 4 4 4 4 4 2 2 2 2 2 2 2 2 2 2 2 2 3 2 
1 4 4 4 4 4 4 4 4 4 4 4 2 2 2 2 2 2 2 2 2 2 2 2 2 
4 4 4 4 4 4 4 4 4 4 4 4 4 4 2 2 2 2 2 2 2 2 2 2 2 
4 4 4 4 4 4 4 4 4 4 4 4 4 4 2 2 2 2 2 2 2 2 2 2 2 
4 4 4 4 4 4 4 4 4 4 4 4 4 4 2 2 2 2 2 2 2 2 2 2 2 
4 4 4 4 4 4 4 4 4 4 4 4 4 4 2 2 2 2 2 2 2 2 2 2 2 
4 4 4 4 4 4 4 4 4 4 4 4 4 4 4 2 2 2 2 2 2 2 2 2 2 
4 4 4 4 4 4 4 4 4 4 4 4 4 4 4 2 2 2 2 2 2 2 2 2 2 
4 4 4 4 4 4 4 4 4 4 4 4 4 4 4 2 2 2 2 2 2 2 2 2 2 

2.0 2.0 2.0 2.0 2.0 2.0 2.0 2.0 2.0 2.0 2.0 0.0 0.0 0.0 0.0 0.0 0.0 0.0 0.0 0.0 0.0 0.0 0.0 0.0 0.0 
2.0 2.0 2.0 2.0 2.0 2.0 2.0 2.0 2.0 2.0 0.0 0.0 0.0 0.0 0.0 0.0 0.0 0.0 0.0 0.0 0.0 0.0 0.0 0.0 0.0 
2.0 2.0 2.0 2.0 2.0 2.0 2.0 2.0 2.0 2.0 0.0 0.0 0.0 0.0 0.0 0.0 0.0 0.0 0.0 0.0 0.0 0.0 0.0 0.0 0.0 
2.0 2.0 2.0 2.0 2.0 2.0 2.0 2.0 2.0 0.0 0.0 0.0 0.0 0.0 0.0 0.0 0.0 0.0 0.0 0.0 0.0 0.0 0.0 0.0 0.0 
2.0 2.0 2.0 2.0 2.0 2.0 2.0 2.0 2.0 2.0 2.0 0.0 0.0 0.0 0.0 0.0 0.0 0.0 0.0 0.0 0.0 0.0 0.0 0.0 0.0 
2.0 2.0 2.0 2.0 2.0 2.0 2.0 2.0 2.0 2.0 2.0 1.0 0.0 1.0 0.0 0.0 0.0 0.0 0.0 0.0 0.0 0.0 0.0 0.0 0.0 
2.0 2.0 2.0 2.0 2.0 2.0 2.0 2.0 2.0 2.0 1.0 1.0 1.0 1.0 1.0 0.0 0.0 0.0 0.0 0.0 0.0 0.0 0.0 0.0 0.0 
2.0 2.0 2.0 2.0 2.0 2.0 2.0 2.0 2.0 1.0 1.0 1.0 1.0 1.0 1.0 1.0 1.0 0.0 0.0 0.0 0.0 0.0 0.0 0.0 0.0 
2.0 2.0 2.0 2.0 2.0 2.0 2.0 1.0 1.0 1.0 1.0 1.0 1.0 1.0 1.0 1.0 1.0 0.0 0.0 0.0 0.0 0.0 0.0 0.0 0.0 
2.0 2.0 2.0 2.0 2.0 2.0 1.0 1.0 1.0 1.0 1.0 1.0 1.0 1.0 1.0 1.0 1.0 1.0 0.0 1.0 1.0 0.0 0.0 0.0 0.0 
2.0 2.0 2.0 2.0 2.0 2.0 2.0 1.0 1.0 1.0 1.0 1.0 1.0 1.0 1.0 1.0 1.0 1.0 1.0 1.0 1.0 0.0 0.0 0.0 0.0 
2.0 2.0 1.0 2.0 2.0 2.0 2.0 1.0 1.0 1.0 -1.0 1.0 1.0 1.0 1.0 1.0 1.0 1.0 1.0 1.0 1.0 0.0 1.0 1.0 0.0 
2.0 1.0 1.0 1.0 1.0 1.0 1.0 1.0 1.0 1.0 -1.0 -1.0 1.0 1.0 1.0 -1.0 1.0 1.0 1.0 1.0 1.0 1.0 1.0 1.0 1.0 
2.0 2.0 1.0 -2.0 1.0 -2.0 1.0 1.0 -2.0 -2.0 -2.0 -1.0 1.0 1.0 1.0 -1.0 -1.0 -1.0 -1.0 1.0 -1.0 1.0 1.0 1.0 1.0 
2.0 1.0 1.0 -2.0 -2.0 -2.0 -2.0 -2.0 -2.0 -2.0 -2.0 -1.0 1.0 -1.0 1.0 -1.0 -1.0 -1.0 -1.0 -1.0 -1.0 1.0 1.0 1.0 -1.0 
2.0 1.0 1.0 -2.0 -2.0 -2.0 -2.0 -2.0 -2.0 -2.0 -1.0 -1.0 -1.0 -1.0 -1.0 -1.0 -1.0 -1.0 -1.0 -1.0 -1.0 -1.0 1.0 1.0 -1.0 
2.0 -2.0 -2.0 -2.0 -2.0 -2.0 -2.0 -2.0 -2.0 -2.0 -2.0 -1.0 -1.0 -1.0 -1.0 -1.0 -1.0 -1.0 -1.0 -1.0 -1.0 -1.0 -1.0 1.0 -1.0 
2.0 -2.0 -2.0 -2.0 -2.0 -2.0 -2.0 -2.0 -2.0 -2.0 -2.0 -2.0 -1.0 -1.0 -1.0 -1.0 -1.0 -1.0 -1.0 -1.0 -1.0 -1.0 -1.0 -1.0 -1.0 
-2.0 -2.0 -2.0 -2.0 -2.0 -2.0 -2.0 -2.0 -2.0 -2.0 -2.0 -2.0 -2.0 -2.0 -1.0 -1.0 -1.0 -1.0 -1.0 -1.0 -1.0 -1.0 -1.0 -1.0 -1.0 
-2.0 -2.0 -2.0 -2.0 -2.0 -2.0 -2.0 -2.0 -2.0 -2.0 -2.0 -2.0 -2.0 -2.0 -1.0 -1.0 -1.0 -1.0 -1.0 -1.0 -1.0 -1.0 -1.0 -1.0 -1.0 
-2.0 -2.0 -2.0 -2.0 -2.0 -2.0 -2.0 -2.0 -2.0 -2.0 -2.0 -2.0 -2.0 -2.0 -1.0 -1.0 -1.0 -1.0 -1.0 -1.0 -1.0 -1.0 -1.0 -1.0 -1.0 
-2.0 -2.0 -2.0 -2.0 -2.0 -2.0 -2.0 -2.0 -2.0 -2.0 -2.0 -2.0 -2.0 -2.0 -1.0 -1.0 -1.0 -1.0 -1.0 -1.0 -1.0 -1.0 -1.0 -1.0 -1.0 
-2.0 -2.0 -2.0 -2.0 -2.0 -2.0 -2.0 -2.0 -2.0 -2.0 -2.0 -2.0 -2.0 -2.0 -2.0 -1.0 -1.0 -1.0 -1.0 -1.0 -1.0 -1.0 -1.0 -1.0 -1.0 
-2.0 -2.0 -2.0 -2.0 -2.0 -2.0 -2.0 -2.0 -2.0 -2.0 -2.0 -2.0 -2.0 -2.0 -2.0 -1.0 -1.0 -1.0 -1.0 -1.0 -1.0 -1.0 -1.0 -1.0 -1.0 
-2.0 -2.0 -2.0 -2.0 -2.0 -2.0 -2.0 -2.0 -2.0 -2.0 -2.0 -2.0 -2.0 -2.0 -2.0 -1.0 -1.0 -1.0 -1.0 -1.0 -1.0 -1.0 -1.0 -1.0 -1.0 

0.0 0.0 0.0 0.0 0.0 0.0 0.0 0.0 0.0 0.0 0.0 -1.0 -1.0 -1.0 -1.0 -1.0 -1.0 -1.0 -1.0 -1.0 -1.0 -1.0 -1.0 -1.0 -1.0 
0.0 0.0 0.0 0.0 0.0 0.0 0.0 0.0 0.0 0.0 -1.0 -1.0 -1.0 -1.0 -1.0 -1.0 -1.0 -1.0 -1.0 -1.0 -1.0 -1.0 -1.0 -1.0 -1.0 
0.0 0.0 0.0 0.0 0.0 0.0 0.0 0.0 0.0 0.0 -1.0 -1.0 -1.0 -1.0 -1.0 -1.0 -1.0 -1.0 -1.0 -1.0 -1.0 -1.0 -1.0 -1.0 -1.0 
0.0 0.0 0.0 0.0 0.0 0.0 0.0 0.0 0.0 -1.0 -1.0 -1.0 -1.0 -1.0 -1.0 -1.0 -1.0 -1.0 -1.0 -1.0 -1.0 -1.0 -1.0 -1.0 -1.0 
0.0 0.0 0.0 0.0 0.0 0.0 0.0 0.0 0.0 0.0 0.0 -1.0 -1.0 -1.0 -1.0 -1.0 -1.0 -1.0 -1.0 -1.0 -1.0 -1.0 -1.0 -1.0 -1.0 
0.0 0.0 0.0 0.0 0.0 0.0 0.0 0.0 0.0 0.0 0.0 -2.0 -1.0 -2.0 -1.0 -1.0 -1.0 -1.0 -1.0 -1.0 -1.0 -1.0 -1.0 -1.0 -1.0 
0.0 0.0 0.0 0.0 0.0 0.0 0.0 0.0 0.0 0.0 -2.0 -2.0 -2.0 -2.0 -2.0 -1.0 -1.0 -1.0 -1.0 -1.0 -1.0 -1.0 -1.0 -1.0 -1.0 
0.0 0.0 0.0 0.0 0.0 0.0 0.0 0.0 0.0 -2.0 -2.0 -2.0 -2.0 -2.0 -2.0 -2.0 -2.0 -1.0 -1.0 -1.0 -1.0 -1.0 -1.0 -1.0 -1.0 
0.0 0.0 0.0 0.0 0.0 0.0 0.0 -2.0 -2.0 -2.0 -2.0 -2.0 -2.0 -2.0 -2.0 -2.0 -2.0 -1.0 -1.0 -1.0 -1.0 -1.0 -1.0 -1.0 -1.0 
0.0 0.0 0.0 0.0 0.0 0.0 -2.0 -2.0 -2.0 -2.0 -2.0 -2.0 -2.0 -2.0 -2.0 -2.0 -2.0 -2.0 -1.0 -2.0 -2.0 -1.0 -1.0 -1.0 -1.0 
0.0 0.0 0.0 0.0 0.0 0.0 0.0 -2.0 -2.0 -2.0 -2.0 -2.0 -2.0 -2.0 -2.0 -2.0 -2.0 -2.0 -2.0 -2.0 -2.0 -1.0 -1.0 -1.0 -1.0 
0.0 0.0 -2.0 0.0 0.0 0.0 0.0 -2.0 -2.0 -2.0 2.0 -2.0 -2.0 -2.0 -2.0 -2.0 -2.0 -2.0 -2.0 -2.0 -2.0 -1.0 -2.0 -2.0 -1.0 
0.0 -2.0 -2.0 -2.0 -2.0 -2.0 -2.0 -2.0 -2.0 -2.0 2.0 2.0 -2.0 -2.0 -2.0 2.0 -2.0 -2.0 -2.0 -2.0 -2.0 -2.0 -2.0 -2.0 -2.0 
0.0 0.0 -2.0 1.0 -2.0 1.0 -2.0 -2.0 1.0 1.0 1.0 2.0 -2.0 -2.0 -2.0 2.0 2.0 2.0 2.0 -2.0 2.0 -2.0 -2.0 -2.0 -2.0 
0.0 -2.0 -2.0 1.0 1.0 1.0 1.0 1.0 1.0 1.0 1.0 2.0 -2.0 2.0 -2.0 2.0 2.0 2.0 2.0 2.0 2.0 -2.0 -2.0 -2.0 2.0 
0.0 -2.0 -2.0 1.0 1.0 1.0 1.0 1.0 1.0 1.0 2.0 2.0 2.0 2.0 2.0 2.0 2.0 2.0 2.0 2.0 2.0 2.0 -2.0 -2.0 2.0 
0.0 1.0 1.0 1.0 1.0 1.0 1.0 1.0 1.0 1.0 1.0 2.0 2.0 2.0 2.0 2.0 2.0 2.0 2.0 2.0 2.0 2.0 2.0 -2.0 2.0 
0.0 1.0 1.0 1.0 1.0 1.0 1.0 1.0 1.0 1.0 1.0 1.0 2.0 2.0 2.0 2.0 2.0 2.0 2.0 2.0 2.0 2.0 2.0 2.0 2.0 
1.0 1.0 1.0 1.0 1.0 1.0 1.0 1.0 1.0 1.0 1.0 1.0 1.0 1.0 2.0 2.0 2.0 2.0 2.0 2.0 2.0 2.0 2.0 2.0 2.0 
1.0 1.0 1.0 1.0 1.0 1.0 1.0 1.0 1.0 1.0 1.0 1.0 1.0 1.0 2.0 2.0 2.0 2.0 2.0 2.0 2.0 2.0 2.0 2.0 2.0 
1.0 1.0 1.0 1.0 1.0 1.0 1.0 1.0 1.0 1.0 1.0 1.0 1.0 1.0 2.0 2.0 2.0 2.0 2.0 2.0 2.0 2.0 2.0 2.0 2.0 
1.0 1.0 1.0 1.0 1.0 1.0 1.0 1.0 1.0 1.0 1.0 1.0 1.0 1.0 2.0 2.0 2.0 2.0 2.0 2.0 2.0 2.0 2.0 2.0 2.0 
1.0 1.0 1.0 1.0 1.0 1.0 1.0 1.0 1.0 1.0 1.0 1.0 1.0 1.0 1.0 2.0 2.0 2.0 2.0 2.0 2.0 2.0 2.0 2.0 2.0 
1.0 1.0 1.0 1.0 1.0 1.0 1.0 1.0 1.0 1.0 1.0 1.0 1.0 1.0 1.0 2.0 2.0 2.0 2.0 2.0 2.0 2.0 2.0 2.0 2.0 
1.0 1.0 1.0 1.0 1.0 1.0 1.0 1.0 1.0 1.0 1.0 1.0 1.0 1.0 1.0 2.0 2.0 2.0 2.0 2.0 2.0 2.0 2.0 2.0 2.0 

