0.601214 0.988483 0.837020 0.054582 0.296875 0.809689 0.159549 0.865324 0.228357 0.025624 0.304461 0.354882 0.205508 0.980588 0.432554 0.261877 0.218098 0.996049 0.701886 0.619450 0.975851 0.759417 0.124214 0.493589 0.718976 
0.315786 0.596723 0.215347 0.051995 0.498643 0.195235 0.305540 0.103506 0.444028 0.497123 0.841690 0.983310 0.421116 0.708620 0.370294 0.677259 0.980859 0.724461 0.872163 0.835910 0.224631 0.858837 0.338759 0.549017 0.807756 
0.614990 0.395080 0.401289 0.500469 0.825890 0.781544 0.780751 0.613394 0.699151 0.519502 0.864614 0.850079 0.181854 0.398819 0.028326 0.576126 0.771892 0.458121 0.016467 0.913262 0.098659 0.025855 0.306105 0.540226 0.492026 
0.248861 0.772050 0.808490 0.182538 0.998742 0.955591 0.923429 0.350090 0.499516 0.444022 0.786900 0.642508 0.711612 0.690111 0.689528 0.441254 0.759744 0.059152 0.779359 0.909289 0.820437 0.789986 0.461237 0.864061 0.741462 
0.605575 0.543474 0.813614 0.678062 0.136097 0.728942 0.730372 0.873061 0.291321 0.690985 0.242242 0.417968 0.927855 0.387955 0.352397 0.854934 0.103827 0.924032 0.474490 0.205163 0.209382 0.858181 0.613004 0.652156 0.627093 
0.799118 0.103585 0.245656 0.642979 0.771686 0.433501 0.210768 0.249908 0.619924 0.293055 0.309766 0.505384 0.056703 0.640095 0.229113 0.211226 0.745422 0.244569 0.539501 0.562474 0.249903 0.916713 0.471080 0.709011 0.978274 
0.374879 0.147424 0.509623 0.263067 0.999517 0.620478 0.066447 0.490207 0.315392 0.283811 0.726591 0.113809 0.099838 0.917668 0.076490 0.457630 0.588705 0.064022 0.541156 0.377712 0.683902 0.497037 0.803542 0.771030 0.189041 
0.449441 0.439224 0.502620 0.394037 0.461785 0.739073 0.100974 0.128129 0.792097 0.815116 0.851708 0.091040 0.869671 0.816202 0.751274 0.922922 0.489991 0.824550 0.137453 0.910656 0.543426 0.710094 0.026140 0.094939 0.647250 
0.113462 0.094603 0.706416 0.537337 0.898296 0.065066 0.246258 0.934860 0.216190 0.727609 0.221147 0.701236 0.321206 0.270365 0.117731 0.357331 0.351736 0.562397 0.295023 0.986260 0.647006 0.507786 0.816094 0.927019 0.748575 
0.000612 0.316212 0.279707 0.158379 0.420725 0.823260 0.741200 0.801103 0.428724 0.692980 0.098889 0.248158 0.765618 0.683988 0.797324 0.458863 0.490573 0.013369 0.331237 0.348620 0.779607 0.864808 0.426318 0.209353 0.873762 
0.618367 0.264041 0.713403 0.357709 0.325363 0.868169 0.489679 0.462135 0.952311 0.013635 0.275814 0.576166 0.138847 0.534597 0.221628 0.466480 0.108517 0.958792 0.106864 0.575374 0.572844 0.989540 0.716632 0.183062 0.554142 
0.972203 0.675096 0.607115 0.526880 0.406880 0.563154 0.941172 0.957406 0.454590 0.669580 0.967667 0.621823 0.676419 0.030857 0.065519 0.818794 0.081538 0.259851 0.896672 0.757862 0.880941 0.953968 0.610487 0.612060 0.605154 
0.697873 0.894710 0.947438 0.001910 0.181343 0.679059 0.322786 0.466336 0.672573 0.762628 0.621813 0.016153 0.978501 0.482026 0.095099 0.164237 0.842399 0.876254 0.592240 0.977915 0.391063 0.634448 0.211134 0.798542 0.797775 
0.300117 0.372539 0.768029 0.659605 0.049186 0.473896 0.709240 0.501526 0.171889 0.600927 0.964465 0.895971 0.088319 0.622755 0.922084 0.294714 0.310706 0.120847 0.782903 0.409516 0.763599 0.863594 0.008353 0.531880 0.336277 
0.125592 0.131763 0.463654 0.490206 0.384522 0.759110 0.497467 0.840781 0.701305 0.428389 0.012997 0.982437 0.079576 0.261363 0.503075 0.813492 0.781350 0.610495 0.770074 0.055038 0.693772 0.749255 0.187608 0.990365 0.180729 
0.146852 0.122412 0.551717 0.223056 0.258772 0.522379 0.807084 0.566980 0.367543 0.579204 0.942906 0.501730 0.147393 0.342766 0.301568 0.815520 0.881140 0.198569 0.243711 0.550155 0.023730 0.134020 0.354456 0.325528 0.520312 
0.411021 0.996470 0.508381 0.340014 0.394114 0.231386 0.386436 0.854107 0.525126 0.689414 0.166504 0.690763 0.748847 0.261656 0.317362 0.209047 0.306318 0.155031 0.272284 0.470917 0.310667 0.980825 0.045222 0.080322 0.484489 
0.472981 0.988185 0.864383 0.763765 0.521970 0.356376 0.201732 0.950651 0.155192 0.255221 0.734230 0.440841 0.993000 0.569152 0.969621 0.661634 0.375258 0.091702 0.876129 0.948455 0.127522 0.419506 0.414866 0.950673 0.006759 
0.363766 0.361570 0.356947 0.467624 0.515690 0.344434 0.673160 0.609726 0.693944 0.582913 0.258399 0.739140 0.627000 0.751896 0.593940 0.073754 0.644819 0.672685 0.827510 0.683677 0.768344 0.879508 0.329808 0.841930 0.194358 
0.012586 0.323747 0.429307 0.458207 0.444284 0.667790 0.050923 0.447299 0.203472 0.068226 0.225078 0.846685 0.859122 0.405031 0.018311 0.075643 0.276449 0.456161 0.988428 0.940082 0.776308 0.113821 0.673519 0.263828 0.613940 
0.260105 0.189036 0.581006 0.782966 0.557101 0.440587 0.246768 0.931220 0.725505 0.735331 0.020169 0.388372 0.789517 0.482796 0.684296 0.300271 0.381632 0.193387 0.488070 0.347607 0.763599 0.214816 0.387406 0.041478 0.571909 
0.289104 0.569751 0.423786 0.501110 0.371830 0.568642 0.673742 0.874658 0.829011 0.129435 0.012118 0.136383 0.310176 0.918379 0.978950 0.194144 0.453860 0.713926 0.385407 0.585955 0.940355 0.451857 0.813628 0.205208 0.867013 
0.154552 0.569661 0.000589 0.564683 0.467473 0.738722 0.248474 0.253102 0.645268 0.778064 0.737913 0.544395 0.172161 0.052888 0.376174 0.909177 0.620240 0.384570 0.386610 0.273235 0.230638 0.555952 0.501073 0.932240 0.784232 
0.809381 0.366554 0.275681 0.092114 0.686863 0.579118 0.190355 0.467192 0.400689 0.320101 0.010377 0.708840 0.040994 0.389232 0.800377 0.331532 0.959991 0.416601 0.922746 0.214532 0.683458 0.015482 0.994779 0.433415 0.326615 
0.330835 0.334764 0.295480 0.736901 0.213970 0.937647 0.630526 0.294365 0.611828 0.073660 0.331929 0.721652 0.066373 0.689754 0.543895 0.086786 0.798694 0.788700 0.182016 0.587785 0.681679 0.116990 0.934763 0.553138 0.346778 

0.747807 0.168392 0.529464 0.045113 0.920018 0.413157 0.674605 0.741378 0.641427 0.225936 0.171798 0.363835 0.820183 0.526823 0.495955 0.368830 0.482271 0.384589 0.558329 0.215193 0.154856 0.030940 0.217884 0.471676 0.349178 
0.627498 0.005174 0.879965 0.585040 0.359182 0.793495 0.753914 0.765309 0.052616 0.024290 0.133615 0.055521 0.692650 0.807490 0.458973 0.797870 0.552990 0.470674 0.834361 0.427248 0.279443 0.522934 0.557641 0.781131 0.075569 
0.448719 0.218993 0.406931 0.592013 0.709223 0.521649 0.840748 0.744197 0.473399 0.972096 0.986276 0.653980 0.703210 0.638348 0.318382 0.794178 0.755394 0.939242 0.222164 0.941663 0.976318 0.406219 0.089830 0.612343 0.474757 
0.925026 0.874429 0.984218 0.050811 0.596188 0.626346 0.401832 0.439710 0.092799 0.062566 0.101742 0.098101 0.241656 0.912171 0.145423 0.740591 0.119722 0.320659 0.754219 0.831382 0.749414 0.622347 0.833526 0.886395 0.950217 
0.298253 0.388984 0.407984 0.236950 0.273659 0.610762 0.244840 0.635304 0.889289 0.419460 0.012776 0.779729 0.008844 0.912336 0.346441 0.792352 0.261628 0.584383 0.915391 0.597608 0.415064 0.225222 0.913379 0.201048 0.839212 
0.474656 0.579695 0.080217 0.096550 0.173478 0.298481 0.361682 0.859525 0.545349 0.982721 0.286349 0.746868 0.518244 0.301073 0.594118 0.529617 0.259856 0.111576 0.630171 0.303589 0.336944 0.219827 0.361899 0.695683 0.650474 
0.695936 0.981379 0.858418 0.199417 0.555568 0.017181 0.375757 0.904340 0.502105 0.848574 0.206320 0.172127 0.230411 0.509873 0.255587 0.217717 0.160449 0.247745 0.771784 0.981839 0.455448 0.843742 0.468674 0.293726 0.068910 
0.438389 0.204993 0.663696 0.910920 0.094310 0.209108 0.538999 0.336692 0.631467 0.175839 0.749600 0.504573 0.403342 0.310124 0.830733 0.303776 0.484820 0.550168 0.994409 0.482597 0.685128 0.829895 0.839120 0.331336 0.253455 
0.834003 0.550842 0.660659 0.419403 0.721987 0.214153 0.230291 0.166705 0.639922 0.987886 0.738116 0.972625 0.544158 0.297079 0.003861 0.602220 0.415925 0.405928 0.451611 0.837803 0.400660 0.142498 0.738296 0.937329 0.839153 
0.212556 0.638800 0.799424 0.059250 0.712195 0.554102 0.666175 0.034119 0.422456 0.312138 0.947774 0.479858 0.213961 0.039604 0.975516 0.695002 0.129293 0.408778 0.667512 0.247318 0.234605 0.796950 0.301011 0.841990 0.325501 
0.106473 0.982187 0.008446 0.533924 0.714971 0.035196 0.852496 0.370111 0.682847 0.676518 0.535419 0.872887 0.594127 0.905366 0.254027 0.388225 0.846002 0.345818 0.827468 0.767865 0.918892 0.390687 0.309028 0.900138 0.503845 
0.945248 0.371931 0.301953 0.285487 0.358349 0.385032 0.153672 0.371501 0.456167 0.593543 0.538010 0.446124 0.838724 0.188346 0.225902 0.305967 0.500606 0.742985 0.729255 0.726938 0.582860 0.702751 0.132555 0.145261 0.779299 
0.728873 0.002212 0.200529 0.692376 0.886919 0.981772 0.752129 0.733596 0.254561 0.939981 0.589342 0.578553 0.350540 0.741732 0.640228 0.585266 0.774342 0.179151 0.788478 0.330573 0.232303 0.014009 0.496632 0.741889 0.362998 
0.013297 0.441779 0.875066 0.859393 0.043786 0.890213 0.203806 0.748513 0.578206 0.634967 0.500274 0.860160 0.293031 0.123541 0.671459 0.821509 0.978775 0.127953 0.190560 0.493269 0.904164 0.860574 0.119642 0.103184 0.030934 
0.171589 0.777194 0.515022 0.825243 0.280372 0.758309 0.931789 0.434838 0.753692 0.504827 0.318802 0.744307 0.371556 0.888801 0.130258 0.545218 0.433927 0.237705 0.100303 0.889588 0.508488 0.947494 0.824162 0.117661 0.284478 
0.830109 0.870464 0.895710 0.886044 0.517517 0.379128 0.859671 0.039518 0.726408 0.409665 0.659552 0.662774 0.199853 0.527321 0.790171 0.236301 0.179313 0.041892 0.916776 0.723090 0.586149 0.571780 0.226407 0.025516 0.358692 
0.386270 0.522255 0.187481 0.450992 0.336826 0.892504 0.810048 0.119047 0.726737 0.425525 0.102317 0.857606 0.476606 0.067926 0.781360 0.556188 0.511908 0.090463 0.496488 0.959984 0.043686 0.604396 0.008034 0.341895 0.039678 
0.602417 0.333933 0.770589 0.931398 0.899894 0.538946 0.189140 0.023192 0.891529 0.408783 0.314898 0.920154 0.184387 0.220786 0.295593 0.468040 0.975827 0.836806 0.831324 0.493757 0.489658 0.716640 0.248391 0.196866 0.934873 
0.024435 0.260898 0.300101 0.906267 0.339124 0.978126 0.571979 0.749604 0.998867 0.999214 0.077480 0.701981 0.403335 0.908063 0.732060 0.943858 0.045747 0.283838 0.586518 0.177671 0.949036 0.794478 0.950485 0.725171 0.605853 
0.924527 0.528287 0.872938 0.727350 0.444217 0.339481 0.427276 0.203993 0.019982 0.287214 0.929879 0.428517 0.248935 0.202445 0.740931 0.535319 0.599772 0.004684 0.281533 0.790961 0.750592 0.765142 0.720961 0.273954 0.267054 
0.184573 0.131369 0.699503 0.081251 0.361727 0.585535 0.069653 0.307226 0.324057 0.451223 0.472258 0.938848 0.397914 0.137567 0.313087 0.154715 0.817983 0.437134 0.490286 0.400665 0.036886 0.928943 0.936877 0.951627 0.713314 
0.556940 0.255718 0.918146 0.696334 0.276853 0.573820 0.742498 0.600642 0.519363 0.992810 0.819247 0.555134 0.880800 0.432047 0.584313 0.061321 0.218383 0.325720 0.889229 0.966667 0.574867 0.979239 0.369971 0.489672 0.618510 
0.480451 0.799174 0.944798 0.044627 0.149201 0.420616 0.265168 0.318967 0.828422 0.410977 0.633326 0.779772 0.873261 0.265471 0.168089 0.958844 0.317854 0.908262 0.640167 0.838742 0.216539 0.271165 0.834869 0.695095 0.292802 
0.555205 0.711453 0.745331 0.269848 0.793998 0.608836 0.962319 0.329157 0.259496 0.378365 0.673751 0.710272 0.763040 0.107956 0.928166 0.757823 0.053527 0.689565 0.284295 0.681430 0.537734 0.076743 0.461687 0.557674 0.799520 
0.852681 0.284180 0.471282 0.683710 0.613829 0.480834 0.690175 0.381738 0.228661 0.350663 0.598820 0.912333 0.292967 0.633879 0.157195 0.583553 0.010572 0.008381 0.104049 0.715915 0.234382 0.376573 0.176132 0.875881 0.502352 

-0.472005 -0.791958 1.945989 -0.054095 1.738888 1.753309 1.416556 2.615979 0.932191 0.150270 0.731566 0.997758 1.148133 2.710635 1.212311 0.675593 0.974284 2.299898 1.835750 -0.572319 -0.474825 0.086835 -0.441020 -1.061908 -0.666252 
-0.670318 0.713676 1.262724 0.957048 1.252666 1.437860 1.426943 0.902988 1.196523 0.505419 1.620005 1.856564 1.851355 2.430034 0.957904 2.115956 2.461951 2.209154 2.330428 2.216476 -0.547880 -1.049643 -1.423438 -1.334353 0.005983 
-0.691955 1.200371 1.121631 1.684868 2.467827 2.195894 2.345422 1.929364 1.859903 1.878267 2.287681 2.319474 1.180390 1.445351 0.701267 1.990438 2.401063 1.858138 0.473186 2.755047 -1.707576 -0.838307 0.169330 -1.195266 -1.022793 
-0.225961 2.756418 2.281792 0.198290 2.529586 2.709757 1.869750 0.979307 1.132260 0.698206 1.961211 1.602379 1.437464 2.179590 1.797750 1.509563 1.541493 0.447296 -1.736402 -1.886395 -1.402587 -1.390367 -1.887238 -1.553346 -1.916996 
-0.459733 -0.385902 2.052345 1.898691 0.555033 2.455880 2.050886 2.482471 1.383882 1.727781 0.520658 1.453553 2.328531 1.992809 0.732009 2.444570 0.331099 -1.188983 -1.744383 -0.994593 -0.683311 -0.339579 -1.771320 -0.410193 -1.587797 
-0.559540 0.729027 0.318286 1.406145 1.699577 1.182644 0.884730 1.259982 1.976949 1.493585 0.734559 1.798705 0.647132 1.637670 0.913380 1.068893 1.779250 -0.216887 -1.121838 -0.413000 -0.618942 -0.497506 -0.470059 -1.689065 -1.423295 
-0.165681 0.021087 -0.552964 0.727623 2.610704 1.335629 0.722055 2.196881 1.216974 1.396375 1.798762 0.256346 0.721475 2.453145 0.449470 1.173084 -0.252722 -0.380740 -1.719492 -2.138374 -0.670289 -1.859720 -0.822256 -0.668880 0.016661 
-0.336414 -0.610356 1.569836 1.678610 0.940976 1.863798 0.677543 0.523241 1.971137 1.416426 2.342935 0.845360 2.275513 1.908536 2.073101 2.032794 -0.815920 -1.080236 -2.236467 -0.646646 -1.360777 -1.835133 -1.700633 -0.540932 -0.406367 
0.084558 0.727550 2.145918 1.358281 2.635860 0.583607 -0.029841 2.216113 0.769523 2.576604 1.015796 0.577443 1.300286 0.893604 0.314307 0.644159 -0.945251 -1.059953 -0.422646 -1.617594 -0.898715 -0.190322 -0.979040 -1.777541 -1.421122 
-0.085490 0.789459 0.889457 -0.029916 1.407964 -0.410426 -0.433397 -1.714412 0.176184 -0.917858 1.479474 0.624805 1.741166 1.875186 0.296416 0.757519 -0.481803 -1.080164 -1.171619 -0.672174 -0.813990 -1.515536 -0.682854 -1.988794 -0.324704 
-0.748520 -0.335166 -0.843907 0.150048 0.533630 -1.997182 0.718651 -0.542609 -0.355921 1.256220 0.829907 0.848321 0.878249 0.847724 0.002258 0.008939 -1.755607 -0.434961 -1.837404 -1.314621 -2.032565 -0.736491 -0.903525 -1.624789 -1.162745 
-0.624883 -0.497554 -0.431428 -0.459195 0.323468 -0.193881 -1.663985 -1.102303 0.038352 0.111659 -0.691406 -0.264830 -0.106609 0.332432 0.444295 -0.583598 -0.957831 -1.155511 -1.320337 -1.408365 -0.978127 -1.074608 -0.604486 -0.277254 -1.619443 
-0.599917 -1.255231 -1.410180 1.459426 1.128088 0.474190 0.875438 0.690808 -0.933420 0.667055 0.159425 0.752440 -1.512864 0.725930 0.910274 0.545016 -1.116645 -0.269228 -1.371546 -1.335906 -0.509115 -0.609053 -0.352483 -1.074091 -0.878558 
-0.509394 -0.206012 0.578523 0.441597 0.212956 0.668727 -0.703372 0.538071 0.860635 0.427323 -0.939947 -0.011584 0.458159 -1.136548 -0.289851 1.057381 1.321217 -0.159557 -0.470220 -0.321292 -0.893110 -0.710249 0.437729 -0.308151 -0.219947 
0.380081 1.477694 0.092008 0.434810 -0.129407 -0.196053 0.650898 -0.750102 -0.197304 0.333791 0.549824 -0.518751 -0.178301 1.085762 -0.595934 -0.203612 -0.961124 -0.240824 -0.795728 0.195589 -0.487468 -0.623667 -0.304024 -0.876079 -0.308194 
-0.601783 -0.176185 0.783583 1.513141 0.345811 -0.076220 -0.304682 -0.121453 0.503839 -0.090034 -0.627049 0.726190 0.280141 0.318107 0.730165 -1.253381 -1.361742 -0.048842 -0.292888 -0.637138 0.061951 -0.097316 -0.148854 -0.216492 -0.247311 
-0.452136 -1.008553 -0.926866 0.253421 -0.222248 -0.018079 0.779398 -0.826082 0.357242 -0.302525 -0.418984 0.233988 -0.426449 -0.305980 0.690082 0.419123 0.372173 -0.293817 -0.548575 -0.428036 -0.034396 -0.602554 0.032227 0.104828 -0.779718 
-0.347870 -0.916726 -1.014974 -1.159341 -0.351130 -0.426738 -0.327566 -1.046045 0.008309 0.333231 -0.611666 1.123801 -1.613242 -0.586416 -1.569096 -0.581228 1.204327 -0.050824 -0.700786 -0.958717 0.087301 -0.290724 -0.398148 -0.874550 0.173983 
-0.701360 0.052870 -0.472319 -0.510799 -0.429802 -0.185676 -0.763610 -0.702351 -0.469704 -0.912344 -0.427327 -0.198150 -0.607830 0.069322 -0.639045 1.517652 -0.643905 -0.480059 -0.881265 -0.830451 -0.722564 -0.399229 -0.693840 -0.369850 -0.322077 
-0.850076 -0.248590 -0.658856 -0.419210 -0.462469 -0.508725 -0.059469 -0.517524 -0.277282 -0.213498 -0.435397 -0.594013 -1.383302 -0.139828 0.003674 -0.020475 -0.217680 -0.200927 -0.662091 0.363959 0.226481 -0.373162 -0.420696 -0.165888 -0.838425 
0.023269 0.328279 -0.330265 -0.858952 -0.525352 -0.922265 0.242384 -1.336082 -0.763375 -0.477263 -0.592421 -0.624976 0.305300 0.084522 0.235136 -0.037293 -0.379173 0.012026 0.580978 0.201710 0.548388 -0.943226 -1.071984 -1.083020 -0.548138 
-0.694173 -0.498667 -0.412779 -0.367018 0.232358 0.119037 -0.667908 0.102945 -0.973627 -0.149492 -0.822077 -0.636747 -0.293236 1.017329 0.355249 0.093979 0.344820 0.780636 -0.360983 -0.714230 0.655320 -1.041285 0.485025 -0.223586 0.322625 
-0.658374 -0.710120 0.018544 -0.615821 0.321834 0.249652 0.350638 0.088265 -0.255191 0.356629 0.126937 -0.029774 -0.921960 0.060998 0.288532 -0.127340 0.112875 -0.523319 -0.378416 -0.475099 0.487140 0.220889 -0.167592 0.654431 0.652659 
0.240019 -0.440552 -0.637135 -0.337595 0.076672 -0.111285 -0.571322 0.436405 0.471867 -0.331589 -0.636178 -0.194093 -0.583024 0.411691 -0.172191 -0.253190 1.266252 -0.407286 0.606852 -0.505703 0.029398 0.059062 0.605132 0.233603 -0.506123 
-0.420337 0.322179 0.153088 0.081901 -0.569209 0.300047 0.086558 -0.194010 0.407088 -0.158945 -0.621455 0.080088 0.014086 0.015864 0.092686 -0.333927 0.524849 0.785163 0.331262 -0.244309 0.322338 -0.052480 0.657905 -0.180469 -0.519396 

1 1 0 0 0 0 0 0 0 0 0 0 0 0 0 0 0 0 0 2 2 2 2 2 2 
1 0 0 0 0 0 0 0 0 0 0 0 0 0 0 0 0 0 0 0 2 2 2 2 2 
1 0 0 0 0 0 0 0 0 0 0 0 0 0 0 0 0 0 0 0 2 2 2 2 2 
1 0 0 0 0 0 0 0 0 0 0 0 0 0 0 0 0 0 2 2 2 2 2 2 2 
1 1 0 0 0 0 0 0 0 0 0 0 0 0 0 0 0 2 2 2 2 2 2 2 2 
1 0 0 0 0 0 0 0 0 0 0 0 0 0 0 0 0 2 2 2 2 2 2 2 2 
1 1 1 0 0 0 0 0 0 0 0 0 0 0 0 0 2 2 2 2 2 2 2 2 2 
1 1 0 0 0 0 0 0 0 0 0 0 0 0 0 0 2 2 2 2 2 2 2 2 2 
1 0 0 0 0 0 3 0 3 0 3 3 0 0 0 3 2 2 2 2 2 2 2 2 2 
1 3 3 3 0 3 3 3 3 3 3 3 0 0 3 3 3 2 2 2 2 2 2 2 2 
1 1 3 3 3 3 3 3 3 3 3 3 3 3 3 3 2 2 2 2 2 2 2 2 2 
1 1 3 3 3 3 3 3 3 3 3 3 3 3 3 3 2 2 2 2 2 1 1 2 2 
1 3 3 3 3 3 3 3 3 3 3 3 3 3 3 3 2 2 2 1 1 1 1 1 1 
1 3 3 3 3 3 3 3 3 3 3 3 3 3 3 3 3 3 1 1 1 1 1 1 1 
1 3 3 3 3 3 3 3 3 3 3 3 3 3 3 3 3 3 1 1 1 1 1 1 1 
1 1 3 3 3 3 3 1 3 3 3 3 3 3 3 3 3 1 1 1 1 1 1 1 1 
1 1 1 3 3 1 3 1 3 3 3 3 3 3 3 3 3 1 1 1 1 1 1 1 1 
1 1 1 1 1 1 1 1 1 3 3 3 3 3 3 3 3 1 1 1 1 4 1 1 1 
1 1 1 1 1 1 1 1 1 1 1 3 1 3 1 3 1 1 1 1 4 4 4 1 1 
4 1 1 1 1 1 1 1 1 1 1 1 1 1 1 1 1 1 1 4 4 4 4 4 1 
4 4 1 1 1 1 1 1 1 1 4 4 4 4 4 1 4 4 4 4 4 4 4 4 1 
4 1 1 1 4 4 1 4 1 1 4 4 4 4 4 4 4 4 4 4 4 4 4 4 4 
4 1 1 1 4 4 4 4 4 4 4 4 4 4 4 4 4 4 4 4 4 4 4 4 4 
4 1 4 4 4 4 4 4 4 4 4 4 4 4 4 4 4 4 4 4 4 4 4 4 4 
4 4 4 4 4 4 4 4 4 4 4 4 4 4 4 4 4 4 4 4 4 4 4 4 4 

-1.0 -1.0 2.0 2.0 2.0 2.0 2.0 2.0 2.0 2.0 2.0 2.0 2.0 2.0 2.0 2.0 2.0 2.0 2.0 0.0 0.0 0.0 0.0 0.0 0.0 
-1.0 2.0 2.0 2.0 2.0 2.0 2.0 2.0 2.0 2.0 2.0 2.0 2.0 2.0 2.0 2.0 2.0 2.0 2.0 2.0 0.0 0.0 0.0 0.0 0.0 
-1.0 2.0 2.0 2.0 2.0 2.0 2.0 2.0 2.0 2.0 2.0 2.0 2.0 2.0 2.0 2.0 2.0 2.0 2.0 2.0 0.0 0.0 0.0 0.0 0.0 
-1.0 2.0 2.0 2.0 2.0 2.0 2.0 2.0 2.0 2.0 2.0 2.0 2.0 2.0 2.0 2.0 2.0 2.0 0.0 0.0 0.0 0.0 0.0 0.0 0.0 
-1.0 -1.0 2.0 2.0 2.0 2.0 2.0 2.0 2.0 2.0 2.0 2.0 2.0 2.0 2.0 2.0 2.0 0.0 0.0 0.0 0.0 0.0 0.0 0.0 0.0 
-1.0 2.0 2.0 2.0 2.0 2.0 2.0 2.0 2.0 2.0 2.0 2.0 2.0 2.0 2.0 2.0 2.0 0.0 0.0 0.0 0.0 0.0 0.0 0.0 0.0 
-1.0 -1.0 -1.0 2.0 2.0 2.0 2.0 2.0 2.0 2.0 2.0 2.0 2.0 2.0 2.0 2.0 0.0 0.0 0.0 0.0 0.0 0.0 0.0 0.0 0.0 
-1.0 -1.0 2.0 2.0 2.0 2.0 2.0 2.0 2.0 2.0 2.0 2.0 2.0 2.0 2.0 2.0 0.0 0.0 0.0 0.0 0.0 0.0 0.0 0.0 0.0 
-1.0 2.0 2.0 2.0 2.0 2.0 -2.0 2.0 -2.0 2.0 -2.0 -2.0 2.0 2.0 2.0 -2.0 0.0 0.0 0.0 0.0 0.0 0.0 0.0 0.0 0.0 
-1.0 -2.0 -2.0 -2.0 2.0 -2.0 -2.0 -2.0 -2.0 -2.0 -2.0 -2.0 2.0 2.0 -2.0 -2.0 -2.0 0.0 0.0 0.0 0.0 0.0 0.0 0.0 0.0 
-1.0 -1.0 -2.0 -2.0 -2.0 -2.0 -2.0 -2.0 -2.0 -2.0 -2.0 -2.0 -2.0 -2.0 -2.0 -2.0 0.0 0.0 0.0 0.0 0.0 0.0 0.0 0.0 0.0 
-1.0 -1.0 -2.0 -2.0 -2.0 -2.0 -2.0 -2.0 -2.0 -2.0 -2.0 -2.0 -2.0 -2.0 -2.0 -2.0 0.0 0.0 0.0 0.0 0.0 -1.0 -1.0 0.0 0.0 
-1.0 -2.0 -2.0 -2.0 -2.0 -2.0 -2.0 -2.0 -2.0 -2.0 -2.0 -2.0 -2.0 -2.0 -2.0 -2.0 0.0 0.0 0.0 -1.0 -1.0 -1.0 -1.0 -1.0 -1.0 
-1.0 -2.0 -2.0 -2.0 -2.0 -2.0 -2.0 -2.0 -2.0 -2.0 -2.0 -2.0 -2.0 -2.0 -2.0 -2.0 -2.0 -2.0 -1.0 -1.0 -1.0 -1.0 -1.0 -1.0 -1.0 
-1.0 -2.0 -2.0 -2.0 -2.0 -2.0 -2.0 -2.0 -2.0 -2.0 -2.0 -2.0 -2.0 -2.0 -2.0 -2.0 -2.0 -2.0 -1.0 -1.0 -1.0 -1.0 -1.0 -1.0 -1.0 
-1.0 -1.0 -2.0 -2.0 -2.0 -2.0 -2.0 -1.0 -2.0 -2.0 -2.0 -2.0 -2.0 -2.0 -2.0 -2.0 -2.0 -1.0 -1.0 -1.0 -1.0 -1.0 -1.0 -1.0 -1.0 
-1.0 -1.0 -1.0 -2.0 -2.0 -1.0 -2.0 -1.0 -2.0 -2.0 -2.0 -2.0 -2.0 -2.0 -2.0 -2.0 -2.0 -1.0 -1.0 -1.0 -1.0 -1.0 -1.0 -1.0 -1.0 
-1.0 -1.0 -1.0 -1.0 -1.0 -1.0 -1.0 -1.0 -1.0 -2.0 -2.0 -2.0 -2.0 -2.0 -2.0 -2.0 -2.0 -1.0 -1.0 -1.0 -1.0 1.0 -1.0 -1.0 -1.0 
-1.0 -1.0 -1.0 -1.0 -1.0 -1.0 -1.0 -1.0 -1.0 -1.0 -1.0 -2.0 -1.0 -2.0 -1.0 -2.0 -1.0 -1.0 -1.0 -1.0 1.0 1.0 1.0 -1.0 -1.0 
1.0 -1.0 -1.0 -1.0 -1.0 -1.0 -1.0 -1.0 -1.0 -1.0 -1.0 -1.0 -1.0 -1.0 -1.0 -1.0 -1.0 -1.0 -1.0 1.0 1.0 1.0 1.0 1.0 -1.0 
1.0 1.0 -1.0 -1.0 -1.0 -1.0 -1.0 -1.0 -1.0 -1.0 1.0 1.0 1.0 1.0 1.0 -1.0 1.0 1.0 1.0 1.0 1.0 1.0 1.0 1.0 -1.0 
1.0 -1.0 -1.0 -1.0 1.0 1.0 -1.0 1.0 -1.0 -1.0 1.0 1.0 1.0 1.0 1.0 1.0 1.0 1.0 1.0 1.0 1.0 1.0 1.0 1.0 1.0 
1.0 -1.0 -1.0 -1.0 1.0 1.0 1.0 1.0 1.0 1.0 1.0 1.0 1.0 1.0 1.0 1.0 1.0 1.0 1.0 1.0 1.0 1.0 1.0 1.0 1.0 
1.0 -1.0 1.0 1.0 1.0 1.0 1.0 1.0 1.0 1.0 1.0 1.0 1.0 1.0 1.0 1.0 1.0 1.0 1.0 1.0 1.0 1.0 1.0 1.0 1.0 
1.0 1.0 1.0 1.0 1.0 1.0 1.0 1.0 1.0 1.0 1.0 1.0 1.0 1.0 1.0 1.0 1.0 1.0 1.0 1.0 1.0 1.0 1.0 1.0 1.0 

0.0 0.0 1.0 1.0 1.0 1.0 1.0 1.0 1.0 1.0 1.0 1.0 1.0 1.0 1.0 1.0 1.0 1.0 1.0 -2.0 -2.0 -2.0 -2.0 -2.0 -2.0 
0.0 1.0 1.0 1.0 1.0 1.0 1.0 1.0 1.0 1.0 1.0 1.0 1.0 1.0 1.0 1.0 1.0 1.0 1.0 1.0 -2.0 -2.0 -2.0 -2.0 -2.0 
0.0 1.0 1.0 1.0 1.0 1.0 1.0 1.0 1.0 1.0 1.0 1.0 1.0 1.0 1.0 1.0 1.0 1.0 1.0 1.0 -2.0 -2.0 -2.0 -2.0 -2.0 
0.0 1.0 1.0 1.0 1.0 1.0 1.0 1.0 1.0 1.0 1.0 1.0 1.0 1.0 1.0 1.0 1.0 1.0 -2.0 -2.0 -2.0 -2.0 -2.0 -2.0 -2.0 
0.0 0.0 1.0 1.0 1.0 1.0 1.0 1.0 1.0 1.0 1.0 1.0 1.0 1.0 1.0 1.0 1.0 -2.0 -2.0 -2.0 -2.0 -2.0 -2.0 -2.0 -2.0 
0.0 1.0 1.0 1.0 1.0 1.0 1.0 1.0 1.0 1.0 1.0 1.0 1.0 1.0 1.0 1.0 1.0 -2.0 -2.0 -2.0 -2.0 -2.0 -2.0 -2.0 -2.0 
0.0 0.0 0.0 1.0 1.0 1.0 1.0 1.0 1.0 1.0 1.0 1.0 1.0 1.0 1.0 1.0 -2.0 -2.0 -2.0 -2.0 -2.0 -2.0 -2.0 -2.0 -2.0 
0.0 0.0 1.0 1.0 1.0 1.0 1.0 1.0 1.0 1.0 1.0 1.0 1.0 1.0 1.0 1.0 -2.0 -2.0 -2.0 -2.0 -2.0 -2.0 -2.0 -2.0 -2.0 
0.0 1.0 1.0 1.0 1.0 1.0 2.0 1.0 2.0 1.0 2.0 2.0 1.0 1.0 1.0 2.0 -2.0 -2.0 -2.0 -2.0 -2.0 -2.0 -2.0 -2.0 -2.0 
0.0 2.0 2.0 2.0 1.0 2.0 2.0 2.0 2.0 2.0 2.0 2.0 1.0 1.0 2.0 2.0 2.0 -2.0 -2.0 -2.0 -2.0 -2.0 -2.0 -2.0 -2.0 
0.0 0.0 2.0 2.0 2.0 2.0 2.0 2.0 2.0 2.0 2.0 2.0 2.0 2.0 2.0 2.0 -2.0 -2.0 -2.0 -2.0 -2.0 -2.0 -2.0 -2.0 -2.0 
0.0 0.0 2.0 2.0 2.0 2.0 2.0 2.0 2.0 2.0 2.0 2.0 2.0 2.0 2.0 2.0 -2.0 -2.0 -2.0 -2.0 -2.0 0.0 0.0 -2.0 -2.0 
0.0 2.0 2.0 2.0 2.0 2.0 2.0 2.0 2.0 2.0 2.0 2.0 2.0 2.0 2.0 2.0 -2.0 -2.0 -2.0 0.0 0.0 0.0 0.0 0.0 0.0 
0.0 2.0 2.0 2.0 2.0 2.0 2.0 2.0 2.0 2.0 2.0 2.0 2.0 2.0 2.0 2.0 2.0 2.0 0.0 0.0 0.0 0.0 0.0 0.0 0.0 
0.0 2.0 2.0 2.0 2.0 2.0 2.0 2.0 2.0 2.0 2.0 2.0 2.0 2.0 2.0 2.0 2.0 2.0 0.0 0.0 0.0 0.0 0.0 0.0 0.0 
0.0 0.0 2.0 2.0 2.0 2.0 2.0 0.0 2.0 2.0 2.0 2.0 2.0 2.0 2.0 2.0 2.0 0.0 0.0 0.0 0.0 0.0 0.0 0.0 0.0 
0.0 0.0 0.0 2.0 2.0 0.0 2.0 0.0 2.0 2.0 2.0 2.0 2.0 2.0 2.0 2.0 2.0 0.0 0.0 0.0 0.0 0.0 0.0 0.0 0.0 
0.0 0.0 0.0 0.0 0.0 0.0 0.0 0.0 0.0 2.0 2.0 2.0 2.0 2.0 2.0 2.0 2.0 0.0 0.0 0.0 0.0 -1.0 0.0 0.0 0.0 
0.0 0.0 0.0 0.0 0.0 0.0 0.0 0.0 0.0 0.0 0.0 2.0 0.0 2.0 0.0 2.0 0.0 0.0 0.0 0.0 -1.0 -1.0 -1.0 0.0 0.0 
-1.0 0.0 0.0 0.0 0.0 0.0 0.0 0.0 0.0 0.0 0.0 0.0 0.0 0.0 0.0 0.0 0.0 0.0 0.0 -1.0 -1.0 -1.0 -1.0 -1.0 0.0 
-1.0 -1.0 0.0 0.0 0.0 0.0 0.0 0.0 0.0 0.0 -1.0 -1.0 -1.0 -1.0 -1.0 0.0 -1.0 -1.0 -1.0 -1.0 -1.0 -1.0 -1.0 -1.0 0.0 
-1.0 0.0 0.0 0.0 -1.0 -1.0 0.0 -1.0 0.0 0.0 -1.0 -1.0 -1.0 -1.0 -1.0 -1.0 -1.0 -1.0 -1.0 -1.0 -1.0 -1.0 -1.0 -1.0 -1.0 
-1.0 0.0 0.0 0.0 -1.0 -1.0 -1.0 -1.0 -1.0 -1.0 -1.0 -1.0 -1.0 -1.0 -1.0 -1.0 -1.0 -1.0 -1.0 -1.0 -1.0 -1.0 -1.0 -1.0 -1.0 
-1.0 0.0 -1.0 -1.0 -1.0 -1.0 -1.0 -1.0 -1.0 -1.0 -1.0 -1.0 -1.0 -1.0 -1.0 -1.0 -1.0 -1.0 -1.0 -1.0 -1.0 -1.0 -1.0 -1.0 -1.0 
-1.0 -1.0 -1.0 -1.0 -1.0 -1.0 -1.0 -1.0 -1.0 -1.0 -1.0 -1.0 -1.0 -1.0 -1.0 -1.0 -1.0 -1.0 -1.0 -1.0 -1.0 -1.0 -1.0 -1.0 -1.0 

