0.773086 0.650299 0.070890 0.117062 0.606591 0.330157 0.571848 0.629535 0.251737 0.750452 0.112045 0.639197 0.465589 0.051053 0.792502 0.429223 0.323566 0.690986 0.517502 0.258857 0.437268 0.300735 0.099968 0.472106 0.777925 
0.581367 0.498925 0.959069 0.706454 0.001365 0.747105 0.069933 0.688553 0.036814 0.266383 0.911646 0.337777 0.444024 0.883727 0.434090 0.641733 0.275022 0.813827 0.960796 0.939080 0.960812 0.696477 0.013169 0.359910 0.349921 
0.884793 0.471852 0.571223 0.576497 0.434377 0.741020 0.124612 0.118819 0.170657 0.541682 0.967084 0.641923 0.563212 0.350995 0.598238 0.761184 0.574045 0.631209 0.654091 0.161185 0.233468 0.200937 0.789946 0.686201 0.651653 
0.208701 0.720178 0.260002 0.607005 0.511268 0.001634 0.198856 0.325904 0.636094 0.237855 0.520765 0.729343 0.316706 0.194903 0.553077 0.016403 0.047157 0.884930 0.950128 0.770814 0.571190 0.159499 0.602558 0.911589 0.570627 
0.182224 0.318015 0.790916 0.604486 0.398740 0.058260 0.104511 0.662530 0.969955 0.686419 0.111289 0.741967 0.161589 0.096928 0.111338 0.826266 0.626705 0.183965 0.106692 0.752825 0.983289 0.484456 0.631644 0.552118 0.235066 
0.824274 0.959967 0.636599 0.890405 0.263099 0.552674 0.690723 0.228126 0.188167 0.071854 0.470798 0.650383 0.639674 0.780146 0.544611 0.782374 0.021884 0.882354 0.215384 0.816297 0.113775 0.408152 0.063391 0.189953 0.202280 
0.656209 0.489054 0.320982 0.189407 0.434926 0.812949 0.967519 0.840051 0.161761 0.044711 0.767389 0.533157 0.049315 0.534928 0.690839 0.846474 0.313564 0.115068 0.789075 0.891989 0.236528 0.620018 0.438035 0.464330 0.417722 
0.066199 0.701590 0.885358 0.934877 0.646478 0.139561 0.685345 0.163969 0.741348 0.445973 0.938071 0.196758 0.147030 0.144432 0.224118 0.172732 0.537649 0.651815 0.646400 0.147356 0.247557 0.158494 0.601964 0.414858 0.953990 
0.633671 0.152633 0.490816 0.859605 0.536931 0.311724 0.866235 0.229833 0.454500 0.288913 0.496866 0.103942 0.886318 0.781378 0.820256 0.002583 0.735415 0.754411 0.105956 0.655571 0.310241 0.258752 0.090993 0.215267 0.548321 
0.476788 0.238684 0.181563 0.707266 0.104562 0.209575 0.395575 0.680353 0.669171 0.759680 0.220055 0.502025 0.318267 0.877864 0.469817 0.829552 0.044176 0.895502 0.399156 0.743038 0.555904 0.583163 0.092319 0.849760 0.622000 
0.125902 0.037634 0.896814 0.856053 0.260453 0.564368 0.585326 0.565837 0.186163 0.352344 0.678423 0.145726 0.773566 0.475774 0.339432 0.843057 0.350396 0.498572 0.064211 0.230917 0.987861 0.803437 0.443837 0.035923 0.411855 
0.035423 0.140458 0.661263 0.431930 0.611538 0.146971 0.810121 0.573562 0.355252 0.565535 0.983093 0.642649 0.916308 0.017375 0.051853 0.644093 0.147248 0.813837 0.405952 0.329756 0.829388 0.233560 0.744010 0.769155 0.369517 
0.655401 0.280289 0.872007 0.530007 0.120540 0.412068 0.219701 0.842530 0.487611 0.675059 0.583077 0.410530 0.119217 0.818123 0.083776 0.414064 0.985292 0.930178 0.888080 0.737354 0.927515 0.864019 0.746376 0.167526 0.982198 
0.609492 0.004279 0.013181 0.999913 0.307909 0.511325 0.080790 0.661090 0.689636 0.517146 0.478854 0.045406 0.231835 0.966355 0.599158 0.597360 0.076405 0.161269 0.844940 0.254094 0.514753 0.385403 0.039631 0.562864 0.147488 
0.683958 0.152018 0.127564 0.298230 0.631297 0.861780 0.119530 0.024070 0.837544 0.175032 0.393288 0.659017 0.106221 0.171301 0.375479 0.892210 0.990294 0.414182 0.130888 0.722274 0.522121 0.547033 0.640163 0.524488 0.923049 
0.193322 0.513749 0.428718 0.610166 0.564933 0.275425 0.761986 0.514482 0.213744 0.644270 0.478065 0.509017 0.618899 0.869661 0.739603 0.731733 0.250561 0.814310 0.426506 0.114567 0.672322 0.511352 0.109910 0.638484 0.016609 
0.246078 0.025618 0.675252 0.434761 0.538604 0.481941 0.972964 0.335219 0.500876 0.310559 0.854790 0.263544 0.656106 0.437884 0.420138 0.948980 0.761346 0.563774 0.749818 0.585693 0.629365 0.096994 0.227531 0.958048 0.138724 
0.125573 0.638754 0.090690 0.283645 0.103562 0.863599 0.501193 0.150231 0.403689 0.289415 0.097882 0.983033 0.071799 0.125165 0.450559 0.157859 0.528664 0.220654 0.501069 0.165393 0.485099 0.042682 0.257586 0.296472 0.644324 
0.634562 0.244595 0.436537 0.793579 0.135698 0.546448 0.809111 0.717729 0.163395 0.603986 0.681352 0.017728 0.590397 0.463953 0.185842 0.530943 0.454385 0.535606 0.324570 0.117353 0.206187 0.844372 0.376069 0.163089 0.968202 
0.249749 0.881587 0.819657 0.122249 0.962265 0.708629 0.585605 0.759195 0.949262 0.160749 0.603506 0.485528 0.186784 0.952434 0.860623 0.700667 0.496893 0.284069 0.645105 0.091979 0.220253 0.185506 0.094976 0.149176 0.641336 
0.742329 0.860678 0.694093 0.111299 0.987686 0.035730 0.286914 0.763504 0.043364 0.245717 0.063586 0.687688 0.218693 0.526183 0.136657 0.990858 0.250588 0.896489 0.279188 0.843122 0.874441 0.902580 0.072666 0.622937 0.167874 
0.528271 0.237355 0.026002 0.656737 0.038140 0.675365 0.179146 0.913494 0.955001 0.799517 0.231892 0.081296 0.653466 0.724336 0.223997 0.257827 0.391363 0.185549 0.640329 0.834226 0.248879 0.221323 0.777778 0.261372 0.147110 
0.214272 0.524008 0.202213 0.407989 0.541820 0.382400 0.063659 0.089414 0.581317 0.251206 0.154835 0.524451 0.257159 0.987220 0.571575 0.982807 0.736541 0.411878 0.275989 0.573717 0.567818 0.771910 0.072016 0.000465 0.317234 
0.040417 0.899597 0.367609 0.860417 0.555855 0.470776 0.963342 0.257031 0.281330 0.398813 0.145276 0.196326 0.045751 0.122082 0.987739 0.085232 0.954886 0.245117 0.425578 0.017377 0.291134 0.566805 0.338622 0.331713 0.184323 
0.747568 0.785236 0.642397 0.879556 0.221567 0.056530 0.799757 0.948639 0.410372 0.771834 0.165993 0.470445 0.371529 0.429465 0.136596 0.489531 0.022129 0.437878 0.875567 0.007820 0.322824 0.057234 0.729397 0.308371 0.760121 

0.212775 0.367843 0.115880 0.472831 0.717428 0.213276 0.211972 0.207950 0.271195 0.683327 0.236389 0.196264 0.511800 0.227604 0.365805 0.526411 0.428148 0.783972 0.257614 0.214480 0.578760 0.203088 0.011561 0.442110 0.944240 
0.976867 0.989550 0.536768 0.519596 0.870283 0.302030 0.928767 0.784808 0.223942 0.353717 0.666781 0.328763 0.097958 0.356047 0.859873 0.106513 0.350349 0.172230 0.611220 0.264892 0.170544 0.710133 0.413089 0.028408 0.046884 
0.330923 0.989342 0.152156 0.427911 0.174789 0.563147 0.070644 0.929536 0.192985 0.692892 0.507209 0.763328 0.361950 0.171708 0.778916 0.512729 0.628335 0.753183 0.997193 0.916891 0.442825 0.551217 0.602882 0.058150 0.146462 
0.212224 0.209509 0.628481 0.266303 0.289369 0.175167 0.239091 0.959207 0.848219 0.999288 0.482418 0.663509 0.416173 0.638003 0.913387 0.408552 0.276913 0.408022 0.757097 0.135342 0.641406 0.137514 0.014143 0.188291 0.592174 
0.523765 0.979686 0.743856 0.649517 0.578302 0.751832 0.749495 0.493619 0.883978 0.408220 0.713404 0.428065 0.910909 0.813360 0.512725 0.522714 0.130670 0.066920 0.411471 0.529679 0.173108 0.049554 0.516203 0.011585 0.037479 
0.693224 0.576466 0.694861 0.744293 0.106431 0.419948 0.141594 0.288685 0.805383 0.501830 0.040058 0.987044 0.668950 0.031050 0.411088 0.737215 0.583734 0.928688 0.555581 0.361697 0.602967 0.784504 0.654000 0.980726 0.673610 
0.413104 0.625329 0.277487 0.089445 0.026908 0.228628 0.659882 0.386024 0.417715 0.268051 0.413736 0.486541 0.473761 0.663789 0.743355 0.318182 0.349943 0.682228 0.519893 0.762191 0.619833 0.599118 0.038140 0.804825 0.093211 
0.474625 0.229244 0.018319 0.598947 0.297800 0.355991 0.995367 0.343280 0.671734 0.992099 0.464003 0.635584 0.515814 0.047193 0.760339 0.137019 0.711426 0.468240 0.418422 0.507813 0.802830 0.359348 0.965263 0.103017 0.484064 
0.358594 0.867926 0.406946 0.572795 0.713067 0.239105 0.708241 0.109551 0.305213 0.148085 0.807379 0.358720 0.590222 0.355659 0.959314 0.513184 0.522532 0.534352 0.913446 0.794168 0.954777 0.829388 0.178765 0.314426 0.140956 
0.437175 0.883702 0.899056 0.440812 0.131948 0.396104 0.075581 0.647045 0.796335 0.954566 0.272121 0.122835 0.898131 0.082753 0.206651 0.273606 0.549281 0.224414 0.847400 0.675293 0.890763 0.547776 0.277512 0.379013 0.726572 
0.363672 0.560066 0.971188 0.848151 0.828142 0.324833 0.939452 0.566539 0.523134 0.014731 0.839155 0.273945 0.704628 0.840237 0.445230 0.030264 0.812953 0.372336 0.945929 0.637985 0.814627 0.598640 0.194147 0.130189 0.173796 
0.577114 0.223049 0.238750 0.196854 0.600361 0.605016 0.182958 0.447022 0.095680 0.510294 0.226725 0.076122 0.597880 0.175492 0.654638 0.942885 0.422412 0.613297 0.478809 0.308550 0.305232 0.246148 0.428262 0.273864 0.799175 
0.316916 0.902552 0.845618 0.579366 0.052296 0.289164 0.942564 0.269383 0.109017 0.777143 0.575055 0.137429 0.203161 0.315225 0.251347 0.936571 0.475646 0.846633 0.037902 0.702911 0.484741 0.036691 0.479019 0.880353 0.672316 
0.292775 0.840555 0.753751 0.754838 0.588743 0.297626 0.545929 0.883185 0.959321 0.437614 0.006525 0.091716 0.073171 0.686822 0.720821 0.222059 0.104058 0.179375 0.951479 0.231931 0.510165 0.279851 0.170970 0.540169 0.938821 
0.630064 0.992466 0.483933 0.579535 0.346092 0.173650 0.727551 0.923548 0.154640 0.005547 0.206186 0.779315 0.587378 0.973199 0.343679 0.270731 0.403509 0.381575 0.493384 0.009801 0.448032 0.599880 0.516950 0.616882 0.279949 
0.689186 0.826055 0.921746 0.270109 0.567842 0.973984 0.608804 0.162744 0.811623 0.123330 0.490130 0.019785 0.990553 0.426168 0.607091 0.360515 0.235640 0.549660 0.809216 0.503930 0.157095 0.953214 0.378732 0.664072 0.259725 
0.201200 0.925438 0.688752 0.203988 0.570855 0.716113 0.766320 0.537327 0.818646 0.054668 0.651548 0.185061 0.366645 0.258370 0.567559 0.131677 0.521229 0.801244 0.336745 0.106990 0.568108 0.318872 0.497650 0.031349 0.922245 
0.409195 0.624718 0.026054 0.232784 0.007388 0.872764 0.540372 0.435461 0.955435 0.524458 0.144385 0.204862 0.378669 0.524138 0.974471 0.040673 0.165324 0.559613 0.864353 0.268891 0.835082 0.096273 0.643003 0.160375 0.274903 
0.855824 0.473111 0.986076 0.100370 0.980540 0.372769 0.237983 0.565327 0.947814 0.110504 0.977381 0.019111 0.364921 0.779341 0.048443 0.454931 0.264814 0.129968 0.710952 0.530090 0.462088 0.476354 0.358965 0.969202 0.724439 
0.061606 0.609194 0.894374 0.639768 0.837358 0.350400 0.450143 0.968220 0.145939 0.632971 0.949532 0.842404 0.918425 0.358706 0.946661 0.868973 0.348807 0.453689 0.086395 0.557540 0.639764 0.737744 0.674820 0.563589 0.097871 
0.635560 0.910901 0.422321 0.355076 0.095794 0.201732 0.578829 0.927811 0.222469 0.782446 0.464912 0.689471 0.307252 0.608128 0.182422 0.060355 0.011045 0.243381 0.866635 0.283826 0.295001 0.434517 0.102233 0.079545 0.238376 
0.092048 0.539624 0.419879 0.488841 0.960506 0.071462 0.495068 0.963396 0.125803 0.017376 0.507042 0.206897 0.080436 0.217533 0.079509 0.896949 0.871627 0.066454 0.908693 0.009104 0.745685 0.550780 0.308589 0.456383 0.273115 
0.236951 0.535980 0.264150 0.754405 0.284583 0.880323 0.560305 0.601430 0.292991 0.986422 0.096258 0.799075 0.203931 0.133002 0.532172 0.199077 0.514086 0.716167 0.282884 0.751185 0.074199 0.875900 0.483039 0.741772 0.509272 
0.356856 0.504601 0.312992 0.042539 0.333004 0.628862 0.153841 0.982555 0.589131 0.346769 0.902189 0.619316 0.771977 0.994997 0.829003 0.775771 0.679450 0.981056 0.407028 0.559346 0.309701 0.769008 0.514374 0.464682 0.741257 
0.210137 0.991946 0.905159 0.382095 0.660663 0.219222 0.696995 0.914072 0.507979 0.841449 0.274932 0.623426 0.125537 0.039696 0.787496 0.475659 0.256243 0.114891 0.982654 0.322619 0.504082 0.370420 0.865554 0.653370 0.582111 

-0.363402 -0.345576 -0.738794 0.012464 0.002666 -0.337897 -0.284681 -0.106093 0.343407 0.167412 0.357739 -0.266693 0.552918 0.395560 -0.603694 0.532378 -0.007700 0.142819 -0.610012 -0.564626 0.637404 0.199807 -0.205375 -0.084436 0.136441 
0.290015 0.409462 -0.282755 0.469549 0.749084 -0.648905 0.542737 0.486293 0.626290 -0.278180 -0.346690 -0.271805 -0.626375 -0.431934 0.923985 -0.073936 0.564478 -1.036730 -0.266877 -0.448125 -1.191913 -0.126026 0.283039 -0.893353 -0.526174 
-0.808649 0.513380 -0.278029 0.647883 0.136358 -0.201184 -0.085298 0.658176 0.150624 -0.002132 -0.285403 -0.267347 -0.345545 -0.604823 0.638509 -0.122485 -0.386889 0.014931 0.352636 0.567536 0.515749 0.535366 -0.062904 -0.741176 -0.670037 
0.253223 0.059816 0.663338 -0.072972 -0.467243 0.443128 0.167639 0.361913 -0.053140 0.470172 -0.251190 0.064163 -0.116363 0.635228 0.156705 0.690651 0.390169 -0.366185 -0.131079 -0.468749 -0.154821 0.244419 -0.727898 -0.601949 0.026147 
0.121355 0.596975 -0.202526 -0.047689 0.088067 1.137179 0.700193 -0.066270 -0.319092 0.078486 0.418030 -0.837550 0.706719 0.835445 0.807773 -0.497252 -0.361699 -0.015349 0.408790 -0.339634 -1.022636 -0.845750 0.267315 -0.313299 -0.399013 
0.129232 0.198951 -0.233077 0.311609 0.414898 -0.391778 0.074714 0.010578 0.049975 -0.029293 -0.060844 -0.263833 -0.193433 0.026559 0.006960 -0.288242 0.153381 -0.092782 -0.090240 0.312823 -0.003327 -0.281587 -0.244815 0.370688 0.184476 
-0.367449 -0.158226 -0.326637 0.096059 -0.324770 -0.016851 -0.162464 -0.250915 0.059447 -0.214917 -0.141952 -0.348080 0.257312 -0.188408 -0.657049 -0.407949 -0.119867 -0.092476 0.439285 0.371775 0.212889 -0.000489 -0.088858 0.155829 0.359200 
0.041531 -0.079158 -0.453285 -0.054445 -0.126017 -0.191949 -0.030722 0.110898 0.065514 -0.233088 0.149084 -0.324486 -0.327777 -0.084426 0.245722 0.174314 -0.237781 -0.174444 -0.342199 -0.230587 0.121613 0.116059 0.373654 0.597445 -0.453854 
-0.174967 0.340843 -0.502078 -0.476200 -0.408335 -0.109873 0.030375 -0.295875 0.071417 -0.200286 0.390487 -0.129213 -0.012237 -0.162015 -0.385924 -0.287509 0.180835 0.299471 -0.089799 -0.279980 -0.147257 -0.050938 0.083827 -0.033683 0.138476 
-0.172706 0.590805 -0.116869 0.046193 -0.218789 0.136789 -0.651945 0.024534 0.709614 0.102082 0.725589 0.373853 -0.307404 -0.619481 0.057499 0.138023 0.073215 -0.172373 0.037109 0.073655 -0.124956 0.663752 0.712032 0.187687 -0.050439 
0.882956 0.856290 2.933591 3.099567 2.084501 1.001435 2.665126 1.427259 1.245127 0.458526 2.216803 0.622580 2.188952 1.849918 1.242455 1.082334 1.785284 0.901323 1.857404 1.428017 2.712076 2.061586 0.560357 0.236720 1.137852 
1.132532 0.642380 0.859676 0.733296 1.805787 1.243878 1.105081 1.347035 0.607334 2.000639 1.921986 1.159457 2.077528 0.025739 1.187911 2.187097 0.722369 2.254190 1.361180 1.271250 1.927478 0.925597 1.273085 0.854276 1.479664 
1.490153 2.283177 2.758653 1.860053 0.295533 1.128667 2.859995 2.200875 0.186959 2.122944 1.436784 1.198461 0.515461 1.701928 0.883165 1.962898 1.411231 2.589448 0.977164 2.034447 1.581097 0.880006 1.756053 1.709960 1.573520 
1.326539 1.581347 1.757984 2.873482 1.618870 1.124252 1.609366 1.998926 2.652108 1.605340 0.775925 0.317161 0.079540 2.023175 1.998169 1.122778 0.360502 0.894658 2.750214 0.809132 1.455684 0.767245 0.560674 1.732262 2.002431 
1.896129 2.218560 1.227985 1.358717 1.524720 1.486080 1.341699 2.351775 1.090906 -0.191420 0.873007 2.337044 1.397067 1.814760 0.871553 1.011165 2.009896 1.421778 1.315918 0.475584 0.771727 1.523971 1.293421 1.800633 1.796335 
-0.469214 -1.591172 -1.919874 -1.881825 -1.372190 -1.101000 -2.012370 -1.154065 -1.231056 -1.317683 -1.600087 -1.121780 -1.772694 -2.402315 -2.772998 -1.710646 -0.855420 -2.484526 -2.083613 -0.540127 -1.624410 -2.123758 -0.520670 -1.782966 -0.032780 
-0.440933 -0.904241 -1.845091 -1.151302 -1.773176 -1.468376 -2.639950 -1.188403 -1.989788 -0.932796 -2.409498 -0.810041 -1.787207 -1.111036 -1.002334 -2.004492 -1.701039 -1.809933 -1.761967 -1.099665 -1.827449 -0.867844 -0.676432 -2.373785 -0.663680 
-1.057696 -2.280895 0.107772 -1.370361 0.130182 -2.751454 -1.570817 -0.653252 -1.443498 -1.543556 0.017446 -1.762769 -0.248221 -0.495598 -1.636812 0.319251 -1.358896 -0.760209 -1.744055 -0.079087 -1.769696 -0.193091 -0.732468 -0.961656 -1.815064 
-2.466995 -1.116064 -1.952644 -1.592825 -1.440108 -1.550519 -1.755786 -2.504207 -1.632488 -1.066993 -2.423689 -0.060720 -1.313204 -1.324696 -0.558608 -1.850539 -1.096578 -1.433421 -1.527593 -0.707590 -1.016206 -2.491149 -0.700167 -1.123343 -2.514699 
-1.170370 -2.375647 -2.727215 -1.475262 -3.303187 -2.046852 -1.536356 -1.963313 -2.102331 -0.693034 -2.009227 -1.544539 -1.728740 -2.378650 -2.856257 -2.858659 -1.318833 -0.693418 -1.244075 -0.804793 -1.251189 -1.419344 -0.890448 -0.833776 -1.640726 
0.230060 -0.561512 0.335286 -0.411236 1.524433 -0.236904 -0.415564 -0.390119 -0.179285 -1.573238 -1.265790 -0.539391 -0.254715 -0.029988 0.009780 1.858962 1.011370 1.649335 -1.680190 0.744775 1.643206 1.120271 0.505933 1.252411 -0.018451 
1.051340 -0.153938 -0.500673 0.687721 -1.607287 1.248703 -0.972597 -0.006309 1.744719 1.663657 -0.586336 -0.308339 0.813707 1.341580 0.375842 -1.469006 -1.000871 -0.048875 -0.380986 2.150935 -1.245408 -0.414034 1.531211 0.031868 -0.316368 
0.543777 0.028441 0.425691 -0.476554 1.010110 -1.103151 -0.940642 -1.487937 0.279530 -1.582156 0.199497 -0.465313 0.460628 1.540485 -0.014263 1.922852 0.177633 -0.415272 0.111017 -0.481570 1.327726 -0.005014 -0.213365 -1.823662 -0.115875 
-1.028704 0.821188 0.151196 1.248221 0.635530 -0.292707 1.004740 -1.369205 -0.966446 0.071981 -2.037964 -1.298009 -1.335634 -2.011614 0.081007 -1.151048 0.564526 -1.428502 0.193759 -0.912117 -0.100595 -0.316358 -0.524419 -0.167994 -1.126230 
0.980759 -0.137737 -0.622326 0.735816 -1.846749 -0.076879 0.336665 0.466506 -0.427485 -0.399508 -0.385291 -0.409012 0.290242 0.992362 -1.259366 0.001041 -0.151132 0.505406 0.115377 -0.824346 0.094778 -1.048464 -0.225766 -0.834082 -0.016370 

0 0 0 0 0 0 0 0 0 0 0 0 0 0 0 0 0 0 0 0 0 0 0 0 0 
0 0 0 0 0 0 0 0 0 0 0 0 0 0 0 0 0 0 0 0 0 0 0 0 0 
0 0 0 0 0 0 0 0 0 0 0 0 0 0 0 0 0 0 0 0 0 0 0 0 0 
0 0 0 0 0 0 0 0 0 0 0 0 0 0 0 0 0 0 0 0 0 0 0 0 0 
0 0 0 0 0 0 0 0 0 0 0 0 0 0 0 0 0 0 0 0 0 0 0 0 0 
1 1 1 1 1 1 1 1 1 1 1 1 1 1 1 1 1 1 1 1 1 1 1 1 1 
1 1 1 1 1 1 1 1 1 1 1 1 1 1 1 1 1 1 1 1 1 1 1 1 1 
1 1 1 1 1 1 1 1 1 1 1 1 1 1 1 1 1 1 1 1 1 1 1 1 1 
1 1 1 1 1 1 1 1 1 1 1 1 1 1 1 1 1 1 1 1 1 1 1 1 1 
1 1 1 1 1 1 1 1 1 1 1 1 1 1 1 1 1 1 1 1 1 1 1 1 1 
2 2 2 2 2 2 2 2 2 2 2 2 2 2 2 2 2 2 2 2 2 2 2 2 2 
2 2 2 2 2 2 2 2 2 2 2 2 2 2 2 2 2 2 2 2 2 2 2 2 2 
2 2 2 2 2 2 2 2 2 2 2 2 2 2 2 2 2 2 2 2 2 2 2 2 2 
2 2 2 2 2 2 2 2 2 2 2 2 2 2 2 2 2 2 2 2 2 2 2 2 2 
2 2 2 2 2 2 2 2 2 2 2 2 2 2 2 2 2 2 2 2 2 2 2 2 2 
3 3 3 3 3 3 3 3 3 3 3 3 3 3 3 3 3 3 3 3 3 3 3 3 3 
3 3 3 3 3 3 3 3 3 3 3 3 3 3 3 3 3 3 3 3 3 3 3 3 3 
3 3 3 3 3 3 3 3 3 3 3 3 3 3 3 3 3 3 3 3 3 3 3 3 3 
3 3 3 3 3 3 3 3 3 3 3 3 3 3 3 3 3 3 3 3 3 3 3 3 3 
3 3 3 3 3 3 3 3 3 3 3 3 3 3 3 3 3 3 3 3 3 3 3 3 3 
4 4 4 4 4 4 4 4 4 4 4 4 4 4 4 4 4 4 4 4 4 4 4 4 4 
4 4 4 4 4 4 4 4 4 4 4 4 4 4 4 4 4 4 4 4 4 4 4 4 4 
4 4 4 4 4 4 4 4 4 4 4 4 4 4 4 4 4 4 4 4 4 4 4 4 4 
4 4 4 4 4 4 4 4 4 4 4 4 4 4 4 4 4 4 4 4 4 4 4 4 4 
4 4 4 4 4 4 4 4 4 4 4 4 4 4 4 4 4 4 4 4 4 4 4 4 4 

-1.0 -1.0 -1.0 -1.0 -1.0 -1.0 -1.0 -1.0 -1.0 -1.0 -1.0 -1.0 -1.0 -1.0 -1.0 -1.0 -1.0 -1.0 -1.0 -1.0 -1.0 -1.0 -1.0 -1.0 -1.0 
-1.0 -1.0 -1.0 -1.0 -1.0 -1.0 -1.0 -1.0 -1.0 -1.0 -1.0 -1.0 -1.0 -1.0 -1.0 -1.0 -1.0 -1.0 -1.0 -1.0 -1.0 -1.0 -1.0 -1.0 -1.0 
-1.0 -1.0 -1.0 -1.0 -1.0 -1.0 -1.0 -1.0 -1.0 -1.0 -1.0 -1.0 -1.0 -1.0 -1.0 -1.0 -1.0 -1.0 -1.0 -1.0 -1.0 -1.0 -1.0 -1.0 -1.0 
-1.0 -1.0 -1.0 -1.0 -1.0 -1.0 -1.0 -1.0 -1.0 -1.0 -1.0 -1.0 -1.0 -1.0 -1.0 -1.0 -1.0 -1.0 -1.0 -1.0 -1.0 -1.0 -1.0 -1.0 -1.0 
-1.0 -1.0 -1.0 -1.0 -1.0 -1.0 -1.0 -1.0 -1.0 -1.0 -1.0 -1.0 -1.0 -1.0 -1.0 -1.0 -1.0 -1.0 -1.0 -1.0 -1.0 -1.0 -1.0 -1.0 -1.0 
0.0 0.0 0.0 0.0 0.0 0.0 0.0 0.0 0.0 0.0 0.0 0.0 0.0 0.0 0.0 0.0 0.0 0.0 0.0 0.0 0.0 0.0 0.0 0.0 0.0 
0.0 0.0 0.0 0.0 0.0 0.0 0.0 0.0 0.0 0.0 0.0 0.0 0.0 0.0 0.0 0.0 0.0 0.0 0.0 0.0 0.0 0.0 0.0 0.0 0.0 
0.0 0.0 0.0 0.0 0.0 0.0 0.0 0.0 0.0 0.0 0.0 0.0 0.0 0.0 0.0 0.0 0.0 0.0 0.0 0.0 0.0 0.0 0.0 0.0 0.0 
0.0 0.0 0.0 0.0 0.0 0.0 0.0 0.0 0.0 0.0 0.0 0.0 0.0 0.0 0.0 0.0 0.0 0.0 0.0 0.0 0.0 0.0 0.0 0.0 0.0 
0.0 0.0 0.0 0.0 0.0 0.0 0.0 0.0 0.0 0.0 0.0 0.0 0.0 0.0 0.0 0.0 0.0 0.0 0.0 0.0 0.0 0.0 0.0 0.0 0.0 
1.0 1.0 1.0 1.0 1.0 1.0 1.0 1.0 1.0 1.0 1.0 1.0 1.0 1.0 1.0 1.0 1.0 1.0 1.0 1.0 1.0 1.0 1.0 1.0 1.0 
1.0 1.0 1.0 1.0 1.0 1.0 1.0 1.0 1.0 1.0 1.0 1.0 1.0 1.0 1.0 1.0 1.0 1.0 1.0 1.0 1.0 1.0 1.0 1.0 1.0 
1.0 1.0 1.0 1.0 1.0 1.0 1.0 1.0 1.0 1.0 1.0 1.0 1.0 1.0 1.0 1.0 1.0 1.0 1.0 1.0 1.0 1.0 1.0 1.0 1.0 
1.0 1.0 1.0 1.0 1.0 1.0 1.0 1.0 1.0 1.0 1.0 1.0 1.0 1.0 1.0 1.0 1.0 1.0 1.0 1.0 1.0 1.0 1.0 1.0 1.0 
1.0 1.0 1.0 1.0 1.0 1.0 1.0 1.0 1.0 1.0 1.0 1.0 1.0 1.0 1.0 1.0 1.0 1.0 1.0 1.0 1.0 1.0 1.0 1.0 1.0 
-2.0 -2.0 -2.0 -2.0 -2.0 -2.0 -2.0 -2.0 -2.0 -2.0 -2.0 -2.0 -2.0 -2.0 -2.0 -2.0 -2.0 -2.0 -2.0 -2.0 -2.0 -2.0 -2.0 -2.0 -2.0 
-2.0 -2.0 -2.0 -2.0 -2.0 -2.0 -2.0 -2.0 -2.0 -2.0 -2.0 -2.0 -2.0 -2.0 -2.0 -2.0 -2.0 -2.0 -2.0 -2.0 -2.0 -2.0 -2.0 -2.0 -2.0 
-2.0 -2.0 -2.0 -2.0 -2.0 -2.0 -2.0 -2.0 -2.0 -2.0 -2.0 -2.0 -2.0 -2.0 -2.0 -2.0 -2.0 -2.0 -2.0 -2.0 -2.0 -2.0 -2.0 -2.0 -2.0 
-2.0 -2.0 -2.0 -2.0 -2.0 -2.0 -2.0 -2.0 -2.0 -2.0 -2.0 -2.0 -2.0 -2.0 -2.0 -2.0 -2.0 -2.0 -2.0 -2.0 -2.0 -2.0 -2.0 -2.0 -2.0 
-2.0 -2.0 -2.0 -2.0 -2.0 -2.0 -2.0 -2.0 -2.0 -2.0 -2.0 -2.0 -2.0 -2.0 -2.0 -2.0 -2.0 -2.0 -2.0 -2.0 -2.0 -2.0 -2.0 -2.0 -2.0 
2.0 2.0 2.0 2.0 2.0 2.0 2.0 2.0 2.0 2.0 2.0 2.0 2.0 2.0 2.0 2.0 2.0 2.0 2.0 2.0 2.0 2.0 2.0 2.0 2.0 
2.0 2.0 2.0 2.0 2.0 2.0 2.0 2.0 2.0 2.0 2.0 2.0 2.0 2.0 2.0 2.0 2.0 2.0 2.0 2.0 2.0 2.0 2.0 2.0 2.0 
2.0 2.0 2.0 2.0 2.0 2.0 2.0 2.0 2.0 2.0 2.0 2.0 2.0 2.0 2.0 2.0 2.0 2.0 2.0 2.0 2.0 2.0 2.0 2.0 2.0 
2.0 2.0 2.0 2.0 2.0 2.0 2.0 2.0 2.0 2.0 2.0 2.0 2.0 2.0 2.0 2.0 2.0 2.0 2.0 2.0 2.0 2.0 2.0 2.0 2.0 
2.0 2.0 2.0 2.0 2.0 2.0 2.0 2.0 2.0 2.0 2.0 2.0 2.0 2.0 2.0 2.0 2.0 2.0 2.0 2.0 2.0 2.0 2.0 2.0 2.0 

1.0 1.0 1.0 1.0 1.0 1.0 1.0 1.0 1.0 1.0 1.0 1.0 1.0 1.0 1.0 1.0 1.0 1.0 1.0 1.0 1.0 1.0 1.0 1.0 1.0 
1.0 1.0 1.0 1.0 1.0 1.0 1.0 1.0 1.0 1.0 1.0 1.0 1.0 1.0 1.0 1.0 1.0 1.0 1.0 1.0 1.0 1.0 1.0 1.0 1.0 
1.0 1.0 1.0 1.0 1.0 1.0 1.0 1.0 1.0 1.0 1.0 1.0 1.0 1.0 1.0 1.0 1.0 1.0 1.0 1.0 1.0 1.0 1.0 1.0 1.0 
1.0 1.0 1.0 1.0 1.0 1.0 1.0 1.0 1.0 1.0 1.0 1.0 1.0 1.0 1.0 1.0 1.0 1.0 1.0 1.0 1.0 1.0 1.0 1.0 1.0 
1.0 1.0 1.0 1.0 1.0 1.0 1.0 1.0 1.0 1.0 1.0 1.0 1.0 1.0 1.0 1.0 1.0 1.0 1.0 1.0 1.0 1.0 1.0 1.0 1.0 
0.0 0.0 0.0 0.0 0.0 0.0 0.0 0.0 0.0 0.0 0.0 0.0 0.0 0.0 0.0 0.0 0.0 0.0 0.0 0.0 0.0 0.0 0.0 0.0 0.0 
0.0 0.0 0.0 0.0 0.0 0.0 0.0 0.0 0.0 0.0 0.0 0.0 0.0 0.0 0.0 0.0 0.0 0.0 0.0 0.0 0.0 0.0 0.0 0.0 0.0 
0.0 0.0 0.0 0.0 0.0 0.0 0.0 0.0 0.0 0.0 0.0 0.0 0.0 0.0 0.0 0.0 0.0 0.0 0.0 0.0 0.0 0.0 0.0 0.0 0.0 
0.0 0.0 0.0 0.0 0.0 0.0 0.0 0.0 0.0 0.0 0.0 0.0 0.0 0.0 0.0 0.0 0.0 0.0 0.0 0.0 0.0 0.0 0.0 0.0 0.0 
0.0 0.0 0.0 0.0 0.0 0.0 0.0 0.0 0.0 0.0 0.0 0.0 0.0 0.0 0.0 0.0 0.0 0.0 0.0 0.0 0.0 0.0 0.0 0.0 0.0 
2.0 2.0 2.0 2.0 2.0 2.0 2.0 2.0 2.0 2.0 2.0 2.0 2.0 2.0 2.0 2.0 2.0 2.0 2.0 2.0 2.0 2.0 2.0 2.0 2.0 
2.0 2.0 2.0 2.0 2.0 2.0 2.0 2.0 2.0 2.0 2.0 2.0 2.0 2.0 2.0 2.0 2.0 2.0 2.0 2.0 2.0 2.0 2.0 2.0 2.0 
2.0 2.0 2.0 2.0 2.0 2.0 2.0 2.0 2.0 2.0 2.0 2.0 2.0 2.0 2.0 2.0 2.0 2.0 2.0 2.0 2.0 2.0 2.0 2.0 2.0 
2.0 2.0 2.0 2.0 2.0 2.0 2.0 2.0 2.0 2.0 2.0 2.0 2.0 2.0 2.0 2.0 2.0 2.0 2.0 2.0 2.0 2.0 2.0 2.0 2.0 
2.0 2.0 2.0 2.0 2.0 2.0 2.0 2.0 2.0 2.0 2.0 2.0 2.0 2.0 2.0 2.0 2.0 2.0 2.0 2.0 2.0 2.0 2.0 2.0 2.0 
-1.0 -1.0 -1.0 -1.0 -1.0 -1.0 -1.0 -1.0 -1.0 -1.0 -1.0 -1.0 -1.0 -1.0 -1.0 -1.0 -1.0 -1.0 -1.0 -1.0 -1.0 -1.0 -1.0 -1.0 -1.0 
-1.0 -1.0 -1.0 -1.0 -1.0 -1.0 -1.0 -1.0 -1.0 -1.0 -1.0 -1.0 -1.0 -1.0 -1.0 -1.0 -1.0 -1.0 -1.0 -1.0 -1.0 -1.0 -1.0 -1.0 -1.0 
-1.0 -1.0 -1.0 -1.0 -1.0 -1.0 -1.0 -1.0 -1.0 -1.0 -1.0 -1.0 -1.0 -1.0 -1.0 -1.0 -1.0 -1.0 -1.0 -1.0 -1.0 -1.0 -1.0 -1.0 -1.0 
-1.0 -1.0 -1.0 -1.0 -1.0 -1.0 -1.0 -1.0 -1.0 -1.0 -1.0 -1.0 -1.0 -1.0 -1.0 -1.0 -1.0 -1.0 -1.0 -1.0 -1.0 -1.0 -1.0 -1.0 -1.0 
-1.0 -1.0 -1.0 -1.0 -1.0 -1.0 -1.0 -1.0 -1.0 -1.0 -1.0 -1.0 -1.0 -1.0 -1.0 -1.0 -1.0 -1.0 -1.0 -1.0 -1.0 -1.0 -1.0 -1.0 -1.0 
-2.0 -2.0 -2.0 -2.0 -2.0 -2.0 -2.0 -2.0 -2.0 -2.0 -2.0 -2.0 -2.0 -2.0 -2.0 -2.0 -2.0 -2.0 -2.0 -2.0 -2.0 -2.0 -2.0 -2.0 -2.0 
-2.0 -2.0 -2.0 -2.0 -2.0 -2.0 -2.0 -2.0 -2.0 -2.0 -2.0 -2.0 -2.0 -2.0 -2.0 -2.0 -2.0 -2.0 -2.0 -2.0 -2.0 -2.0 -2.0 -2.0 -2.0 
-2.0 -2.0 -2.0 -2.0 -2.0 -2.0 -2.0 -2.0 -2.0 -2.0 -2.0 -2.0 -2.0 -2.0 -2.0 -2.0 -2.0 -2.0 -2.0 -2.0 -2.0 -2.0 -2.0 -2.0 -2.0 
-2.0 -2.0 -2.0 -2.0 -2.0 -2.0 -2.0 -2.0 -2.0 -2.0 -2.0 -2.0 -2.0 -2.0 -2.0 -2.0 -2.0 -2.0 -2.0 -2.0 -2.0 -2.0 -2.0 -2.0 -2.0 
-2.0 -2.0 -2.0 -2.0 -2.0 -2.0 -2.0 -2.0 -2.0 -2.0 -2.0 -2.0 -2.0 -2.0 -2.0 -2.0 -2.0 -2.0 -2.0 -2.0 -2.0 -2.0 -2.0 -2.0 -2.0 

