0.916263 0.746593 0.005037 0.595306 0.189016 0.795122 0.678566 0.472316 0.082551 0.526377 0.308358 0.999057 0.027284 0.122041 0.554191 0.403866 0.785307 0.087361 0.963867 0.313703 0.123458 0.360258 0.707129 0.664407 0.837692 
0.033314 0.181410 0.799635 0.139901 0.518349 0.601744 0.456971 0.254731 0.631008 0.120892 0.468417 0.276586 0.423435 0.896407 0.562473 0.886372 0.026378 0.391581 0.292493 0.056096 0.419577 0.193141 0.015325 0.558847 0.116599 
0.624481 0.638539 0.208570 0.227473 0.860312 0.600872 0.372222 0.628147 0.982105 0.923278 0.423517 0.542762 0.777962 0.715270 0.735289 0.663508 0.276921 0.020562 0.746334 0.924355 0.264869 0.343457 0.307288 0.189092 0.885833 
0.025467 0.208727 0.417941 0.549791 0.800898 0.005902 0.561370 0.579382 0.990604 0.301397 0.125279 0.604087 0.965671 0.717036 0.642255 0.904607 0.753899 0.496797 0.610960 0.439704 0.861577 0.836879 0.428509 0.661705 0.735763 
0.011878 0.240600 0.199826 0.714254 0.939358 0.094280 0.873314 0.846274 0.291681 0.379648 0.035761 0.424628 0.365981 0.121858 0.652980 0.046799 0.845012 0.602324 0.779408 0.231026 0.735009 0.847021 0.994492 0.245981 0.071094 
0.857230 0.250067 0.394533 0.910758 0.109049 0.891097 0.203353 0.272243 0.437409 0.415772 0.470145 0.136934 0.464276 0.593841 0.776041 0.458115 0.979627 0.067898 0.252714 0.739675 0.586528 0.106245 0.243933 0.870648 0.236540 
0.428390 0.873706 0.075955 0.244710 0.181485 0.852783 0.131360 0.041085 0.790922 0.527151 0.145548 0.925326 0.115857 0.973758 0.079454 0.487635 0.461798 0.782834 0.624524 0.968331 0.581705 0.356369 0.491779 0.608237 0.873350 
0.342962 0.608949 0.382475 0.820063 0.930229 0.089421 0.998216 0.083822 0.119212 0.551535 0.520286 0.296114 0.343578 0.534680 0.079324 0.678788 0.087673 0.210337 0.607095 0.279522 0.834873 0.856644 0.325253 0.125882 0.705419 
0.489164 0.062239 0.705128 0.402576 0.738805 0.122738 0.187473 0.713093 0.570777 0.438487 0.652348 0.541445 0.641215 0.914002 0.041591 0.632200 0.955678 0.043804 0.339167 0.685046 0.428883 0.247739 0.882356 0.092842 0.296824 
0.226195 0.209504 0.274739 0.217829 0.519725 0.842332 0.899989 0.608345 0.094068 0.259900 0.294495 0.280210 0.743214 0.994341 0.986992 0.451419 0.940195 0.802112 0.012009 0.093128 0.543034 0.986748 0.435332 0.842343 0.867005 
0.797573 0.640367 0.751037 0.487908 0.079286 0.725726 0.814154 0.927558 0.567898 0.571711 0.301673 0.773258 0.948008 0.621083 0.462022 0.503302 0.516511 0.847631 0.781055 0.409292 0.926011 0.942717 0.728488 0.075530 0.726761 
0.542274 0.724036 0.955136 0.158318 0.253513 0.080201 0.418496 0.569718 0.709007 0.986000 0.156833 0.205710 0.717235 0.017807 0.609043 0.315996 0.640136 0.185581 0.534693 0.329549 0.528806 0.003238 0.422311 0.838367 0.957836 
0.076488 0.114420 0.783146 0.020402 0.266734 0.212361 0.812305 0.684338 0.039655 0.208178 0.300310 0.433719 0.012243 0.677593 0.715734 0.753016 0.257767 0.619094 0.373405 0.017780 0.152657 0.605374 0.566329 0.278837 0.255828 
0.411438 0.578967 0.776853 0.829326 0.594401 0.082359 0.155864 0.078791 0.285591 0.858517 0.089750 0.233146 0.534292 0.425201 0.312650 0.108377 0.091799 0.949033 0.343837 0.404816 0.334266 0.471631 0.105240 0.136322 0.840030 
0.670145 0.688245 0.582586 0.454229 0.915469 0.241713 0.320695 0.091204 0.232514 0.693177 0.221321 0.829559 0.440436 0.445309 0.100229 0.126706 0.175434 0.519103 0.232517 0.381461 0.507735 0.914920 0.440405 0.600514 0.142230 
0.151478 0.036211 0.913803 0.956053 0.501910 0.890443 0.896837 0.078392 0.685833 0.422931 0.280141 0.088839 0.285215 0.090157 0.721108 0.621677 0.260510 0.796117 0.271195 0.261517 0.879804 0.288341 0.358543 0.240908 0.293459 
0.259052 0.234676 0.002005 0.223123 0.984870 0.392859 0.174201 0.943179 0.382108 0.185827 0.606856 0.258690 0.772292 0.301969 0.178228 0.995766 0.979297 0.031018 0.912777 0.438900 0.792656 0.288113 0.605349 0.111512 0.933644 
0.495074 0.038339 0.556481 0.345712 0.070643 0.915896 0.698774 0.110621 0.720565 0.113920 0.590316 0.648246 0.648570 0.412637 0.908965 0.757661 0.466741 0.978008 0.935106 0.783270 0.431798 0.350924 0.980445 0.667020 0.305899 
0.456135 0.330762 0.434045 0.780945 0.301664 0.783439 0.636689 0.616713 0.335017 0.102721 0.974476 0.131125 0.939117 0.679914 0.878950 0.608870 0.181207 0.959817 0.620702 0.632408 0.343011 0.666442 0.072321 0.856206 0.984045 
0.656482 0.879072 0.433485 0.248062 0.672147 0.923129 0.576359 0.560714 0.673908 0.754301 0.190299 0.308448 0.021487 0.747539 0.504153 0.041659 0.770899 0.055382 0.343435 0.084442 0.354583 0.788496 0.785750 0.997766 0.239724 
0.410544 0.225085 0.164305 0.194757 0.241698 0.590203 0.974019 0.438207 0.371095 0.771682 0.519515 0.518078 0.590939 0.394858 0.554346 0.973991 0.209981 0.058049 0.704886 0.691645 0.681102 0.912436 0.958123 0.188893 0.823019 
0.170348 0.043999 0.416364 0.575463 0.406369 0.567958 0.423168 0.294730 0.120938 0.670844 0.334057 0.951409 0.261489 0.693823 0.889518 0.809749 0.587417 0.007729 0.464327 0.021722 0.244230 0.882905 0.586480 0.844551 0.046886 
0.621830 0.221475 0.299799 0.124130 0.595148 0.734412 0.887395 0.185392 0.353760 0.124943 0.559360 0.896714 0.455026 0.688894 0.738964 0.948095 0.317027 0.618871 0.890671 0.861176 0.477710 0.459082 0.368111 0.173658 0.697323 
0.399350 0.139398 0.141379 0.240321 0.468921 0.057228 0.921745 0.954315 0.587414 0.756729 0.912910 0.575654 0.411458 0.050839 0.804019 0.590487 0.935976 0.443779 0.294691 0.676280 0.837095 0.574014 0.828357 0.754726 0.665609 
0.602898 0.449240 0.775922 0.214352 0.168106 0.445307 0.324860 0.810350 0.105997 0.323721 0.781693 0.381392 0.380379 0.175326 0.421179 0.132853 0.450326 0.224022 0.496470 0.667569 0.981501 0.945273 0.236188 0.876644 0.248568 

0.172679 0.813489 0.898085 0.668909 0.978232 0.394323 0.835416 0.129918 0.789166 0.361044 0.227584 0.744689 0.440547 0.488693 0.168192 0.203302 0.452053 0.700003 0.265804 0.520120 0.708355 0.933588 0.854358 0.846382 0.266333 
0.904586 0.384366 0.184265 0.564053 0.179988 0.428245 0.314016 0.737903 0.300599 0.052835 0.203192 0.917447 0.920513 0.180957 0.225683 0.182810 0.062326 0.548243 0.557485 0.866123 0.287769 0.062148 0.183069 0.659966 0.492579 
0.293330 0.006979 0.635231 0.334083 0.309773 0.266266 0.634852 0.940208 0.160508 0.247556 0.726697 0.948344 0.227054 0.606461 0.308669 0.102373 0.027766 0.494823 0.820556 0.984911 0.183445 0.536129 0.441844 0.757159 0.392130 
0.364395 0.057187 0.725840 0.887825 0.946946 0.443952 0.013588 0.428992 0.698246 0.418537 0.783630 0.406418 0.740253 0.925593 0.174432 0.172812 0.199131 0.947995 0.662600 0.136599 0.535020 0.622146 0.245349 0.783053 0.770040 
0.008019 0.545822 0.254164 0.399872 0.156389 0.515524 0.823971 0.489708 0.610683 0.577987 0.557297 0.936152 0.631027 0.267664 0.586919 0.538450 0.852285 0.843999 0.806793 0.531643 0.300183 0.598427 0.494883 0.811030 0.019664 
0.018212 0.711230 0.327766 0.302138 0.097641 0.228958 0.312327 0.740451 0.261097 0.063264 0.276587 0.703741 0.488487 0.515420 0.703697 0.231981 0.995520 0.898955 0.626649 0.297286 0.416518 0.698400 0.914478 0.963804 0.137490 
0.032752 0.739337 0.230457 0.861313 0.070421 0.177196 0.769208 0.860246 0.535208 0.063172 0.472767 0.549952 0.968208 0.176745 0.881746 0.869663 0.600073 0.275692 0.639570 0.097047 0.137363 0.773055 0.784553 0.320664 0.437891 
0.838709 0.767312 0.675745 0.102841 0.695178 0.793685 0.809302 0.120520 0.267283 0.950132 0.116818 0.414270 0.910704 0.689387 0.115910 0.564111 0.487352 0.613660 0.350697 0.098918 0.836860 0.943150 0.930571 0.799809 0.741524 
0.325379 0.548898 0.134404 0.880839 0.148595 0.939291 0.329039 0.074325 0.460604 0.708322 0.539810 0.949613 0.573263 0.625102 0.242839 0.052174 0.637663 0.809357 0.440273 0.610840 0.962825 0.528181 0.713625 0.498496 0.902243 
0.843789 0.861680 0.828427 0.461508 0.882192 0.724315 0.340174 0.181471 0.575139 0.064718 0.535180 0.689193 0.588876 0.789706 0.730828 0.230862 0.188930 0.742248 0.776149 0.340091 0.683947 0.437404 0.467822 0.884326 0.327589 
0.907969 0.091015 0.826920 0.578145 0.201203 0.726628 0.572334 0.313418 0.614150 0.544589 0.255671 0.095701 0.897925 0.303781 0.345267 0.806524 0.400182 0.065149 0.886936 0.669353 0.879889 0.951420 0.816527 0.358962 0.426929 
0.475628 0.381029 0.833170 0.264871 0.506375 0.971968 0.398490 0.278300 0.458311 0.222537 0.820897 0.388400 0.117399 0.347678 0.850146 0.395221 0.546661 0.712319 0.344354 0.251266 0.942356 0.590030 0.507102 0.348776 0.637502 
0.142071 0.371576 0.924354 0.520014 0.565690 0.814014 0.639929 0.043497 0.682439 0.057879 0.439562 0.974097 0.196431 0.830665 0.874580 0.944726 0.498935 0.741028 0.041838 0.483699 0.641235 0.943317 0.888096 0.194850 0.398933 
0.649634 0.257226 0.239347 0.431750 0.540176 0.104920 0.476144 0.584036 0.220593 0.793885 0.772990 0.732328 0.267476 0.016976 0.846718 0.800869 0.921222 0.187887 0.709130 0.471424 0.352480 0.078419 0.674278 0.134454 0.471580 
0.511559 0.407114 0.134561 0.766253 0.746628 0.617603 0.936313 0.283955 0.042152 0.308412 0.599901 0.255498 0.997613 0.618963 0.179909 0.236775 0.010578 0.088076 0.057088 0.091668 0.780664 0.038688 0.309705 0.434358 0.866964 
0.796681 0.978614 0.584525 0.807354 0.809473 0.046113 0.908859 0.156269 0.818754 0.520220 0.056742 0.227268 0.215854 0.386007 0.426632 0.933363 0.324598 0.295206 0.962927 0.858328 0.396800 0.991382 0.737411 0.219622 0.207775 
0.972120 0.883714 0.395288 0.265007 0.552365 0.402031 0.469254 0.894883 0.880898 0.037959 0.324465 0.424016 0.715479 0.936499 0.890727 0.357012 0.493225 0.220127 0.408776 0.401972 0.188299 0.121292 0.076091 0.821693 0.726679 
0.529549 0.943481 0.197693 0.577790 0.304726 0.998570 0.455445 0.077322 0.634403 0.271863 0.176294 0.514807 0.109993 0.783237 0.965576 0.901344 0.511105 0.838506 0.679778 0.812185 0.298356 0.677820 0.085125 0.905888 0.524184 
0.172976 0.874230 0.244654 0.345539 0.335663 0.092448 0.384211 0.740499 0.463394 0.601036 0.920542 0.964712 0.848987 0.124167 0.449721 0.032238 0.384483 0.779233 0.618285 0.857114 0.485489 0.959157 0.936799 0.921536 0.549762 
0.875081 0.632840 0.792823 0.269667 0.862521 0.932625 0.081957 0.877450 0.033681 0.885416 0.352567 0.079779 0.051723 0.472233 0.023202 0.192120 0.861026 0.394665 0.921025 0.998142 0.850268 0.299796 0.051357 0.270896 0.467629 
0.465262 0.080781 0.485203 0.502668 0.220858 0.643050 0.080132 0.542174 0.468827 0.907798 0.861630 0.396153 0.015038 0.524646 0.070189 0.850117 0.746553 0.487149 0.832113 0.840425 0.026381 0.441102 0.540921 0.337855 0.174801 
0.729662 0.180007 0.147141 0.115800 0.899984 0.354412 0.330285 0.387868 0.797348 0.143047 0.606839 0.808927 0.530290 0.254955 0.834848 0.742493 0.510618 0.400511 0.072881 0.007936 0.581157 0.922325 0.576591 0.505390 0.209093 
0.030215 0.939155 0.559155 0.636170 0.952597 0.353761 0.044655 0.737259 0.511834 0.121549 0.138223 0.837317 0.745030 0.595098 0.682259 0.795395 0.927301 0.793433 0.143772 0.638655 0.673882 0.951707 0.164221 0.559218 0.192374 
0.408753 0.509240 0.532217 0.935038 0.549026 0.960945 0.913861 0.029544 0.516940 0.802041 0.770474 0.978856 0.100096 0.932550 0.881675 0.922697 0.745310 0.267911 0.823924 0.929878 0.306951 0.436373 0.991684 0.279874 0.483674 
0.173598 0.130070 0.951216 0.398440 0.547082 0.096341 0.084018 0.073232 0.537993 0.047726 0.527486 0.662227 0.026405 0.159530 0.456603 0.966713 0.983656 0.787580 0.348397 0.952244 0.328977 0.711898 0.772353 0.094930 0.031027 

0.391284 0.947768 0.659158 1.038557 0.765331 0.575598 0.981730 0.277095 0.483168 0.757528 0.255289 0.876158 0.441913 0.062177 0.334660 0.434542 0.153712 0.981175 0.455887 0.761250 0.693251 1.008565 0.710642 0.912204 0.193977 
1.044990 0.314879 0.122546 0.663261 0.331320 0.355687 0.365397 0.619787 0.192764 0.368405 0.463380 1.053817 1.150149 0.513976 0.281899 0.353036 -0.183222 0.505557 0.614689 1.123354 0.345803 0.049531 0.129352 0.812197 0.323141 
0.074257 -0.011789 0.604933 0.392842 -0.138013 0.534632 0.790070 1.269501 0.095563 0.165264 0.590071 1.270096 0.411309 0.700072 0.412609 -0.087013 -0.106875 -0.004218 0.502737 1.206064 0.359986 0.588282 0.497548 0.688167 0.816256 
0.246357 0.055676 1.104471 0.984747 1.221232 0.736158 -0.024497 0.264199 0.900379 -0.254819 0.497497 0.550120 1.045916 1.024476 0.259085 0.160429 0.348504 1.135959 0.602362 0.174716 0.549329 0.509224 0.261753 0.806886 0.666630 
0.172018 0.881832 0.381234 0.346086 0.134756 0.541117 0.652025 0.620636 0.686718 0.608004 0.314672 1.075412 0.781164 0.388956 0.432885 0.711420 0.617441 1.006468 1.081585 0.594214 0.455082 0.813234 0.630699 0.905528 -0.035046 
0.877560 -1.179925 -0.193146 0.525106 0.010024 0.556727 -0.416481 -1.067599 0.024412 0.427719 0.093214 -1.116778 -0.816083 -0.565070 -0.864175 0.008445 -1.093322 -1.804833 -0.841579 -0.074397 -0.440927 -1.257439 -1.255658 -0.726832 0.270814 
0.242656 -0.684370 -0.502206 -1.230429 -0.234219 0.773254 -1.158069 -1.413723 -0.097551 0.272923 -0.517891 -0.384289 -2.009322 0.788802 -1.648998 -1.174927 -0.650903 0.095797 -0.878708 0.992399 0.669096 -1.087969 -1.210833 -0.212145 -0.069012 
-1.304576 -1.109142 -1.224184 0.708496 -0.813461 -1.822168 -0.943187 -0.194912 -0.292372 -1.571377 0.211613 -0.561952 -1.527832 -1.153070 -0.304535 -0.720280 -0.700970 -1.052339 0.101446 -0.222875 -0.949766 -0.925910 -1.556380 -1.690633 -1.009451 
-0.209513 -1.231265 0.707984 -1.028779 0.565205 -1.539127 -0.538879 0.562384 -0.792160 -0.781930 -0.346650 -1.260740 -0.240139 -0.281716 -0.134505 0.408402 -0.226879 -1.582443 -0.819777 -0.766346 -1.611268 -0.655922 -0.459403 -0.959610 -1.667231 
-1.613312 -1.506242 -1.332986 -0.582531 -1.328891 -0.619778 -0.042294 0.432590 -1.291781 0.424228 -0.736904 -0.814505 -0.805026 -0.709945 -0.312500 0.064556 0.758178 -0.374476 -1.368316 -0.634146 -0.806040 -0.298141 -0.643681 -0.899988 0.029615 
3.628778 1.562310 3.283361 2.170032 0.430743 3.327300 2.712029 2.842537 1.969192 1.942999 1.208732 1.865034 3.606115 1.849879 1.752450 2.537268 1.327773 1.921097 3.476144 2.073917 3.452265 3.851893 3.115146 0.678284 2.435619 
2.286335 2.273997 3.861838 0.686899 1.777822 2.196217 1.790216 1.680285 2.037286 2.154457 2.152512 1.306729 1.362965 0.123872 3.046719 1.387906 2.365586 1.878928 1.409556 1.336978 2.723496 1.539236 1.822142 2.052125 3.205994 
0.384685 0.916652 3.495019 1.219707 1.441355 1.896310 2.834367 1.408910 1.577515 0.647282 1.397670 2.383085 0.407535 3.112687 3.263255 3.247654 1.215826 2.662526 0.925538 1.289352 1.448690 3.126516 2.989632 1.225610 1.315021 
2.113194 1.633289 2.206321 2.257567 2.046415 0.178591 1.331023 1.348852 0.888661 3.299956 1.674367 1.695222 1.705632 0.758247 2.343790 1.737255 1.802451 2.112542 1.777931 1.731167 1.241113 0.760968 1.501722 0.444019 2.677234 
2.331572 2.241449 1.513966 2.455391 3.394253 1.679190 2.009295 0.976026 0.698450 2.010982 1.334443 2.214324 2.989824 2.423921 0.351116 0.423019 0.076745 0.978200 0.414498 0.681336 2.565171 1.992137 1.607005 1.939167 2.348280 
-0.715834 -1.062014 -1.817585 -1.406286 -1.228592 -0.615998 -2.044187 -0.306585 -1.968301 -1.176223 -0.185243 -0.231579 -0.734311 -0.263225 -1.597691 -1.207835 -0.728127 -0.836392 -1.297440 -1.253001 -1.603027 -1.319308 -0.810789 -0.330309 -0.621557 
-0.928562 -1.064594 -0.223346 -0.608892 -1.210659 -1.062470 -0.291626 -2.352965 -0.790032 -0.390273 -0.968621 -0.895164 -1.123576 -1.220986 -1.327934 -1.162195 -1.181919 -0.119462 -1.345261 -0.609805 -1.045669 -0.508871 -1.064689 -1.309595 -2.002554 
-0.970477 -1.169472 -0.680126 -0.680056 -0.291673 -2.009757 -1.175628 -0.006841 -1.296078 -0.024338 -0.719229 -1.083426 -0.573745 -1.801855 -2.078528 -1.811245 -1.153184 -1.660006 -1.655100 -1.671783 -0.537583 -0.734813 -0.989268 -1.760900 -0.919997 
-0.584948 -1.392599 -0.541462 -1.203766 -0.752971 -0.988207 -1.078008 -1.260001 -0.764370 -0.201513 -1.962135 -1.233204 -1.621744 -0.475153 -1.373269 -0.497457 -0.493713 -1.381814 -1.230047 -1.254900 -0.934747 -1.555868 -0.692240 -1.958893 -1.390911 
-1.611421 -1.715802 -1.223090 -0.636833 -2.040795 -1.940480 -0.953736 -1.533705 -0.684777 -1.831727 -0.365206 -0.271733 -0.385199 -0.785074 -0.327257 0.152662 -1.657160 -0.515125 -1.296241 -0.961403 -1.272511 -1.225607 -0.963720 -1.141321 -1.006719 
-0.677225 -0.462382 -0.351239 -0.522679 -0.367956 -1.270782 -2.237643 -0.874990 -1.000653 -1.740366 -1.256141 -0.907237 -1.162637 -0.746037 -0.982702 -2.481567 -0.628592 -0.264881 -1.535611 -1.444482 -1.451822 -1.918383 -1.939922 -0.530583 -1.604445 
-0.236463 0.014408 -0.853014 -1.220185 -0.784639 -1.224781 -0.594863 -0.601037 -0.379879 -1.497031 -0.866814 -2.009569 -0.428217 -1.468406 -1.781827 -1.578901 -1.428173 0.176749 -0.734646 -0.083965 -0.222405 -1.526910 -1.312799 -1.608807 -0.282371 
-1.306326 -0.615851 -0.789362 -0.253291 -1.035920 -1.279019 -1.718818 -0.750715 -0.605326 -0.367482 -1.171956 -1.817236 -1.030480 -1.540133 -1.743649 -1.926645 -0.641832 -1.271414 -1.793346 -1.627543 -0.968645 -0.655515 -1.003616 -0.351492 -1.502237 
-0.856534 -0.206132 -0.419924 -0.501483 -0.444975 -0.184066 -1.786981 -1.788880 -1.460079 -1.704788 -1.793545 -1.098231 -1.129900 -0.075647 -1.818746 -0.932906 -1.854921 -0.766387 -0.810990 -1.144187 -1.709851 -1.152817 -1.685628 -1.377930 -1.212488 
-1.310144 -1.047076 -1.307442 -0.634770 -0.403261 -1.138665 -0.841880 -1.737183 -0.337138 -0.688615 -2.024332 -0.468670 -0.637395 -0.315434 -0.666536 -0.444060 -1.052175 -0.564559 -1.237256 -1.086345 -1.784947 -1.953930 -0.495928 -1.884618 -0.567680 

0 0 0 0 0 0 0 0 0 0 0 0 0 0 0 0 0 0 0 0 0 0 0 0 0 
0 0 0 0 0 0 0 0 0 0 0 0 0 0 0 0 0 0 0 0 0 0 0 0 0 
0 0 0 0 0 0 0 0 0 0 0 0 0 0 0 0 0 0 0 0 0 0 0 0 0 
0 0 0 0 0 0 0 0 0 0 0 0 0 0 0 0 0 0 0 0 0 0 0 0 0 
0 0 0 0 0 0 0 0 0 0 0 0 0 0 0 0 0 0 0 0 0 0 0 0 0 
1 1 1 1 1 1 1 1 1 1 1 1 1 1 1 1 1 1 1 1 1 1 1 1 1 
1 1 1 1 1 1 1 1 1 1 1 1 1 1 1 1 1 1 1 1 1 1 1 1 1 
1 1 1 1 1 1 1 1 1 1 1 1 1 1 1 1 1 1 1 1 1 1 1 1 1 
1 1 1 1 1 1 1 1 1 1 1 1 1 1 1 1 1 1 1 1 1 1 1 1 1 
1 1 1 1 1 1 1 1 1 1 1 1 1 1 1 1 1 1 1 1 1 1 1 1 1 
2 2 2 2 2 2 2 2 2 2 2 2 2 2 2 2 2 2 2 2 2 2 2 2 2 
2 2 2 2 2 2 2 2 2 2 2 2 2 2 2 2 2 2 2 2 2 2 2 2 2 
2 2 2 2 2 2 2 2 2 2 2 2 2 2 2 2 2 2 2 2 2 2 2 2 2 
2 2 2 2 2 2 2 2 2 2 2 2 2 2 2 2 2 2 2 2 2 2 2 2 2 
2 2 2 2 2 2 2 2 2 2 2 2 2 2 2 2 2 2 2 2 2 2 2 2 2 
3 3 3 3 3 3 3 3 3 3 3 3 3 3 3 3 3 3 3 3 3 3 3 3 3 
3 3 3 3 3 3 3 3 3 3 3 3 3 3 3 3 3 3 3 3 3 3 3 3 3 
3 3 3 3 3 3 3 3 3 3 3 3 3 3 3 3 3 3 3 3 3 3 3 3 3 
3 3 3 3 3 3 3 3 3 3 3 3 3 3 3 3 3 3 3 3 3 3 3 3 3 
3 3 3 3 3 3 3 3 3 3 3 3 3 3 3 3 3 3 3 3 3 3 3 3 3 
4 4 4 4 4 4 4 4 4 4 4 4 4 4 4 4 4 4 4 4 4 4 4 4 4 
4 4 4 4 4 4 4 4 4 4 4 4 4 4 4 4 4 4 4 4 4 4 4 4 4 
4 4 4 4 4 4 4 4 4 4 4 4 4 4 4 4 4 4 4 4 4 4 4 4 4 
4 4 4 4 4 4 4 4 4 4 4 4 4 4 4 4 4 4 4 4 4 4 4 4 4 
4 4 4 4 4 4 4 4 4 4 4 4 4 4 4 4 4 4 4 4 4 4 4 4 4 

0.0 0.0 0.0 0.0 0.0 0.0 0.0 0.0 0.0 0.0 0.0 0.0 0.0 0.0 0.0 0.0 0.0 0.0 0.0 0.0 0.0 0.0 0.0 0.0 0.0 
0.0 0.0 0.0 0.0 0.0 0.0 0.0 0.0 0.0 0.0 0.0 0.0 0.0 0.0 0.0 0.0 0.0 0.0 0.0 0.0 0.0 0.0 0.0 0.0 0.0 
0.0 0.0 0.0 0.0 0.0 0.0 0.0 0.0 0.0 0.0 0.0 0.0 0.0 0.0 0.0 0.0 0.0 0.0 0.0 0.0 0.0 0.0 0.0 0.0 0.0 
0.0 0.0 0.0 0.0 0.0 0.0 0.0 0.0 0.0 0.0 0.0 0.0 0.0 0.0 0.0 0.0 0.0 0.0 0.0 0.0 0.0 0.0 0.0 0.0 0.0 
0.0 0.0 0.0 0.0 0.0 0.0 0.0 0.0 0.0 0.0 0.0 0.0 0.0 0.0 0.0 0.0 0.0 0.0 0.0 0.0 0.0 0.0 0.0 0.0 0.0 
1.0 1.0 1.0 1.0 1.0 1.0 1.0 1.0 1.0 1.0 1.0 1.0 1.0 1.0 1.0 1.0 1.0 1.0 1.0 1.0 1.0 1.0 1.0 1.0 1.0 
1.0 1.0 1.0 1.0 1.0 1.0 1.0 1.0 1.0 1.0 1.0 1.0 1.0 1.0 1.0 1.0 1.0 1.0 1.0 1.0 1.0 1.0 1.0 1.0 1.0 
1.0 1.0 1.0 1.0 1.0 1.0 1.0 1.0 1.0 1.0 1.0 1.0 1.0 1.0 1.0 1.0 1.0 1.0 1.0 1.0 1.0 1.0 1.0 1.0 1.0 
1.0 1.0 1.0 1.0 1.0 1.0 1.0 1.0 1.0 1.0 1.0 1.0 1.0 1.0 1.0 1.0 1.0 1.0 1.0 1.0 1.0 1.0 1.0 1.0 1.0 
1.0 1.0 1.0 1.0 1.0 1.0 1.0 1.0 1.0 1.0 1.0 1.0 1.0 1.0 1.0 1.0 1.0 1.0 1.0 1.0 1.0 1.0 1.0 1.0 1.0 
2.0 2.0 2.0 2.0 2.0 2.0 2.0 2.0 2.0 2.0 2.0 2.0 2.0 2.0 2.0 2.0 2.0 2.0 2.0 2.0 2.0 2.0 2.0 2.0 2.0 
2.0 2.0 2.0 2.0 2.0 2.0 2.0 2.0 2.0 2.0 2.0 2.0 2.0 2.0 2.0 2.0 2.0 2.0 2.0 2.0 2.0 2.0 2.0 2.0 2.0 
2.0 2.0 2.0 2.0 2.0 2.0 2.0 2.0 2.0 2.0 2.0 2.0 2.0 2.0 2.0 2.0 2.0 2.0 2.0 2.0 2.0 2.0 2.0 2.0 2.0 
2.0 2.0 2.0 2.0 2.0 2.0 2.0 2.0 2.0 2.0 2.0 2.0 2.0 2.0 2.0 2.0 2.0 2.0 2.0 2.0 2.0 2.0 2.0 2.0 2.0 
2.0 2.0 2.0 2.0 2.0 2.0 2.0 2.0 2.0 2.0 2.0 2.0 2.0 2.0 2.0 2.0 2.0 2.0 2.0 2.0 2.0 2.0 2.0 2.0 2.0 
-1.0 -1.0 -1.0 -1.0 -1.0 -1.0 -1.0 -1.0 -1.0 -1.0 -1.0 -1.0 -1.0 -1.0 -1.0 -1.0 -1.0 -1.0 -1.0 -1.0 -1.0 -1.0 -1.0 -1.0 -1.0 
-1.0 -1.0 -1.0 -1.0 -1.0 -1.0 -1.0 -1.0 -1.0 -1.0 -1.0 -1.0 -1.0 -1.0 -1.0 -1.0 -1.0 -1.0 -1.0 -1.0 -1.0 -1.0 -1.0 -1.0 -1.0 
-1.0 -1.0 -1.0 -1.0 -1.0 -1.0 -1.0 -1.0 -1.0 -1.0 -1.0 -1.0 -1.0 -1.0 -1.0 -1.0 -1.0 -1.0 -1.0 -1.0 -1.0 -1.0 -1.0 -1.0 -1.0 
-1.0 -1.0 -1.0 -1.0 -1.0 -1.0 -1.0 -1.0 -1.0 -1.0 -1.0 -1.0 -1.0 -1.0 -1.0 -1.0 -1.0 -1.0 -1.0 -1.0 -1.0 -1.0 -1.0 -1.0 -1.0 
-1.0 -1.0 -1.0 -1.0 -1.0 -1.0 -1.0 -1.0 -1.0 -1.0 -1.0 -1.0 -1.0 -1.0 -1.0 -1.0 -1.0 -1.0 -1.0 -1.0 -1.0 -1.0 -1.0 -1.0 -1.0 
-2.0 -2.0 -2.0 -2.0 -2.0 -2.0 -2.0 -2.0 -2.0 -2.0 -2.0 -2.0 -2.0 -2.0 -2.0 -2.0 -2.0 -2.0 -2.0 -2.0 -2.0 -2.0 -2.0 -2.0 -2.0 
-2.0 -2.0 -2.0 -2.0 -2.0 -2.0 -2.0 -2.0 -2.0 -2.0 -2.0 -2.0 -2.0 -2.0 -2.0 -2.0 -2.0 -2.0 -2.0 -2.0 -2.0 -2.0 -2.0 -2.0 -2.0 
-2.0 -2.0 -2.0 -2.0 -2.0 -2.0 -2.0 -2.0 -2.0 -2.0 -2.0 -2.0 -2.0 -2.0 -2.0 -2.0 -2.0 -2.0 -2.0 -2.0 -2.0 -2.0 -2.0 -2.0 -2.0 
-2.0 -2.0 -2.0 -2.0 -2.0 -2.0 -2.0 -2.0 -2.0 -2.0 -2.0 -2.0 -2.0 -2.0 -2.0 -2.0 -2.0 -2.0 -2.0 -2.0 -2.0 -2.0 -2.0 -2.0 -2.0 
-2.0 -2.0 -2.0 -2.0 -2.0 -2.0 -2.0 -2.0 -2.0 -2.0 -2.0 -2.0 -2.0 -2.0 -2.0 -2.0 -2.0 -2.0 -2.0 -2.0 -2.0 -2.0 -2.0 -2.0 -2.0 

1.0 1.0 1.0 1.0 1.0 1.0 1.0 1.0 1.0 1.0 1.0 1.0 1.0 1.0 1.0 1.0 1.0 1.0 1.0 1.0 1.0 1.0 1.0 1.0 1.0 
1.0 1.0 1.0 1.0 1.0 1.0 1.0 1.0 1.0 1.0 1.0 1.0 1.0 1.0 1.0 1.0 1.0 1.0 1.0 1.0 1.0 1.0 1.0 1.0 1.0 
1.0 1.0 1.0 1.0 1.0 1.0 1.0 1.0 1.0 1.0 1.0 1.0 1.0 1.0 1.0 1.0 1.0 1.0 1.0 1.0 1.0 1.0 1.0 1.0 1.0 
1.0 1.0 1.0 1.0 1.0 1.0 1.0 1.0 1.0 1.0 1.0 1.0 1.0 1.0 1.0 1.0 1.0 1.0 1.0 1.0 1.0 1.0 1.0 1.0 1.0 
1.0 1.0 1.0 1.0 1.0 1.0 1.0 1.0 1.0 1.0 1.0 1.0 1.0 1.0 1.0 1.0 1.0 1.0 1.0 1.0 1.0 1.0 1.0 1.0 1.0 
-2.0 -2.0 -2.0 -2.0 -2.0 -2.0 -2.0 -2.0 -2.0 -2.0 -2.0 -2.0 -2.0 -2.0 -2.0 -2.0 -2.0 -2.0 -2.0 -2.0 -2.0 -2.0 -2.0 -2.0 -2.0 
-2.0 -2.0 -2.0 -2.0 -2.0 -2.0 -2.0 -2.0 -2.0 -2.0 -2.0 -2.0 -2.0 -2.0 -2.0 -2.0 -2.0 -2.0 -2.0 -2.0 -2.0 -2.0 -2.0 -2.0 -2.0 
-2.0 -2.0 -2.0 -2.0 -2.0 -2.0 -2.0 -2.0 -2.0 -2.0 -2.0 -2.0 -2.0 -2.0 -2.0 -2.0 -2.0 -2.0 -2.0 -2.0 -2.0 -2.0 -2.0 -2.0 -2.0 
-2.0 -2.0 -2.0 -2.0 -2.0 -2.0 -2.0 -2.0 -2.0 -2.0 -2.0 -2.0 -2.0 -2.0 -2.0 -2.0 -2.0 -2.0 -2.0 -2.0 -2.0 -2.0 -2.0 -2.0 -2.0 
-2.0 -2.0 -2.0 -2.0 -2.0 -2.0 -2.0 -2.0 -2.0 -2.0 -2.0 -2.0 -2.0 -2.0 -2.0 -2.0 -2.0 -2.0 -2.0 -2.0 -2.0 -2.0 -2.0 -2.0 -2.0 
2.0 2.0 2.0 2.0 2.0 2.0 2.0 2.0 2.0 2.0 2.0 2.0 2.0 2.0 2.0 2.0 2.0 2.0 2.0 2.0 2.0 2.0 2.0 2.0 2.0 
2.0 2.0 2.0 2.0 2.0 2.0 2.0 2.0 2.0 2.0 2.0 2.0 2.0 2.0 2.0 2.0 2.0 2.0 2.0 2.0 2.0 2.0 2.0 2.0 2.0 
2.0 2.0 2.0 2.0 2.0 2.0 2.0 2.0 2.0 2.0 2.0 2.0 2.0 2.0 2.0 2.0 2.0 2.0 2.0 2.0 2.0 2.0 2.0 2.0 2.0 
2.0 2.0 2.0 2.0 2.0 2.0 2.0 2.0 2.0 2.0 2.0 2.0 2.0 2.0 2.0 2.0 2.0 2.0 2.0 2.0 2.0 2.0 2.0 2.0 2.0 
2.0 2.0 2.0 2.0 2.0 2.0 2.0 2.0 2.0 2.0 2.0 2.0 2.0 2.0 2.0 2.0 2.0 2.0 2.0 2.0 2.0 2.0 2.0 2.0 2.0 
-1.0 -1.0 -1.0 -1.0 -1.0 -1.0 -1.0 -1.0 -1.0 -1.0 -1.0 -1.0 -1.0 -1.0 -1.0 -1.0 -1.0 -1.0 -1.0 -1.0 -1.0 -1.0 -1.0 -1.0 -1.0 
-1.0 -1.0 -1.0 -1.0 -1.0 -1.0 -1.0 -1.0 -1.0 -1.0 -1.0 -1.0 -1.0 -1.0 -1.0 -1.0 -1.0 -1.0 -1.0 -1.0 -1.0 -1.0 -1.0 -1.0 -1.0 
-1.0 -1.0 -1.0 -1.0 -1.0 -1.0 -1.0 -1.0 -1.0 -1.0 -1.0 -1.0 -1.0 -1.0 -1.0 -1.0 -1.0 -1.0 -1.0 -1.0 -1.0 -1.0 -1.0 -1.0 -1.0 
-1.0 -1.0 -1.0 -1.0 -1.0 -1.0 -1.0 -1.0 -1.0 -1.0 -1.0 -1.0 -1.0 -1.0 -1.0 -1.0 -1.0 -1.0 -1.0 -1.0 -1.0 -1.0 -1.0 -1.0 -1.0 
-1.0 -1.0 -1.0 -1.0 -1.0 -1.0 -1.0 -1.0 -1.0 -1.0 -1.0 -1.0 -1.0 -1.0 -1.0 -1.0 -1.0 -1.0 -1.0 -1.0 -1.0 -1.0 -1.0 -1.0 -1.0 
0.0 0.0 0.0 0.0 0.0 0.0 0.0 0.0 0.0 0.0 0.0 0.0 0.0 0.0 0.0 0.0 0.0 0.0 0.0 0.0 0.0 0.0 0.0 0.0 0.0 
0.0 0.0 0.0 0.0 0.0 0.0 0.0 0.0 0.0 0.0 0.0 0.0 0.0 0.0 0.0 0.0 0.0 0.0 0.0 0.0 0.0 0.0 0.0 0.0 0.0 
0.0 0.0 0.0 0.0 0.0 0.0 0.0 0.0 0.0 0.0 0.0 0.0 0.0 0.0 0.0 0.0 0.0 0.0 0.0 0.0 0.0 0.0 0.0 0.0 0.0 
0.0 0.0 0.0 0.0 0.0 0.0 0.0 0.0 0.0 0.0 0.0 0.0 0.0 0.0 0.0 0.0 0.0 0.0 0.0 0.0 0.0 0.0 0.0 0.0 0.0 
0.0 0.0 0.0 0.0 0.0 0.0 0.0 0.0 0.0 0.0 0.0 0.0 0.0 0.0 0.0 0.0 0.0 0.0 0.0 0.0 0.0 0.0 0.0 0.0 0.0 

