0.758279 0.704581 0.036898 0.387773 0.735270 0.068579 0.646924 0.217850 0.376299 0.636962 0.514152 0.725990 0.711972 0.190173 0.563458 0.277216 0.421173 0.675096 0.031208 0.023526 0.852468 0.869704 0.359162 0.948217 0.557345 
0.079251 0.512386 0.477585 0.435885 0.460695 0.625063 0.096607 0.256950 0.023827 0.161284 0.910660 0.938790 0.566798 0.718781 0.786772 0.478504 0.044496 0.236699 0.485642 0.202377 0.953939 0.539442 0.659299 0.628728 0.135759 
0.233760 0.238242 0.078747 0.568472 0.584238 0.102473 0.850105 0.519983 0.451691 0.823225 0.591597 0.429210 0.930652 0.540373 0.602208 0.225901 0.768527 0.849606 0.078182 0.782760 0.513240 0.791641 0.378459 0.287067 0.813577 
0.438770 0.095517 0.442547 0.925114 0.928551 0.896284 0.221974 0.932759 0.270861 0.590910 0.861296 0.925250 0.311571 0.668435 0.339461 0.282508 0.357256 0.560787 0.762429 0.485898 0.202893 0.931372 0.342264 0.139464 0.391367 
0.914729 0.999013 0.481453 0.897389 0.003157 0.814174 0.905139 0.959066 0.370416 0.411644 0.950254 0.954000 0.905866 0.299379 0.575694 0.366714 0.187718 0.154851 0.133498 0.060935 0.874294 0.315977 0.926941 0.222783 0.442732 
0.492278 0.260885 0.631355 0.930486 0.929220 0.438608 0.626787 0.071406 0.745191 0.448368 0.093392 0.008609 0.090586 0.874899 0.678143 0.220843 0.385576 0.947282 0.107763 0.239424 0.741708 0.948350 0.681308 0.218003 0.775475 
0.500551 0.650431 0.121971 0.259468 0.698195 0.492809 0.932419 0.905498 0.045505 0.822657 0.556263 0.868527 0.785968 0.584601 0.350546 0.931645 0.206956 0.221734 0.440205 0.130611 0.052483 0.024837 0.904027 0.440665 0.565794 
0.415696 0.163309 0.624161 0.060399 0.420924 0.408964 0.858218 0.019813 0.070730 0.308315 0.675058 0.643225 0.885831 0.126442 0.362751 0.134124 0.315945 0.290176 0.127062 0.542868 0.210415 0.769016 0.404860 0.181500 0.673066 
0.457933 0.143643 0.691614 0.918455 0.911017 0.801078 0.636482 0.586266 0.094468 0.991188 0.329138 0.935742 0.461907 0.015995 0.968590 0.138369 0.206593 0.701545 0.306196 0.963178 0.506174 0.122401 0.670353 0.817654 0.547600 
0.945795 0.510043 0.280307 0.167056 0.632287 0.302571 0.909208 0.172144 0.221613 0.406659 0.754136 0.633594 0.175729 0.726206 0.656614 0.180553 0.446721 0.253078 0.441605 0.258703 0.883496 0.099690 0.616210 0.827867 0.125412 
0.452057 0.160878 0.813755 0.959697 0.411286 0.226457 0.451054 0.088920 0.551764 0.162906 0.949879 0.842783 0.254524 0.288428 0.179267 0.536431 0.179371 0.851427 0.252912 0.828979 0.097914 0.598314 0.875016 0.523068 0.052924 
0.549223 0.936854 0.347071 0.758864 0.616058 0.762673 0.786019 0.806299 0.064089 0.495388 0.638750 0.539243 0.007938 0.559699 0.844618 0.447942 0.728703 0.073838 0.615851 0.904752 0.396311 0.573416 0.070446 0.394526 0.333748 
0.891196 0.540866 0.691872 0.298398 0.013500 0.812840 0.801819 0.427662 0.965193 0.494245 0.332737 0.317971 0.801446 0.667017 0.430849 0.129981 0.429255 0.372278 0.370498 0.224008 0.359612 0.445359 0.277984 0.552925 0.311115 
0.581496 0.805110 0.842099 0.389948 0.072108 0.751612 0.977839 0.436622 0.954711 0.343595 0.438974 0.275448 0.511745 0.185087 0.218704 0.963794 0.019525 0.182290 0.034040 0.185615 0.729587 0.097929 0.978315 0.748293 0.707113 
0.838818 0.384730 0.739991 0.994877 0.991343 0.465585 0.320798 0.092332 0.373213 0.760411 0.000296 0.320715 0.791684 0.214229 0.017934 0.460465 0.872146 0.878371 0.041781 0.975132 0.755454 0.293985 0.072161 0.951339 0.256718 
0.385672 0.242672 0.572050 0.777284 0.281389 0.868953 0.071364 0.249315 0.410454 0.193324 0.736925 0.557174 0.105662 0.711949 0.527415 0.264265 0.435451 0.771215 0.676018 0.784525 0.678331 0.926723 0.149161 0.185213 0.994396 
0.050731 0.449246 0.247252 0.467960 0.244387 0.074650 0.562054 0.657864 0.563784 0.967678 0.623787 0.495865 0.177363 0.563727 0.274787 0.446728 0.721431 0.641444 0.522296 0.220007 0.347920 0.278059 0.044094 0.179826 0.194931 
0.918061 0.213778 0.805233 0.616843 0.803132 0.843516 0.804302 0.536108 0.007395 0.049645 0.933358 0.958196 0.464651 0.290244 0.046487 0.582509 0.974481 0.787211 0.649874 0.929990 0.449796 0.882011 0.348705 0.318949 0.140576 
0.834708 0.039340 0.376548 0.148954 0.240669 0.317353 0.604199 0.167799 0.977768 0.014428 0.715372 0.906990 0.685643 0.330837 0.319094 0.072296 0.123316 0.453967 0.442448 0.743292 0.428667 0.489141 0.557291 0.288509 0.994569 
0.523396 0.583376 0.592090 0.775624 0.184235 0.434754 0.956269 0.689774 0.995217 0.675122 0.904920 0.050804 0.581888 0.531946 0.143472 0.448631 0.459806 0.697596 0.039766 0.042498 0.872057 0.952849 0.452536 0.131430 0.348986 
0.509714 0.043572 0.392213 0.150522 0.883798 0.219271 0.626748 0.678822 0.672541 0.512215 0.369118 0.432552 0.513418 0.748966 0.397874 0.421239 0.473179 0.557253 0.255049 0.389090 0.597449 0.925738 0.401680 0.344403 0.419252 
0.381924 0.865985 0.571440 0.766851 0.439061 0.883877 0.432458 0.503670 0.995842 0.378898 0.898276 0.236349 0.337202 0.816297 0.168030 0.427400 0.719010 0.529894 0.245290 0.616437 0.952668 0.442520 0.511162 0.746857 0.159033 
0.719100 0.385257 0.172524 0.154667 0.970223 0.244066 0.209534 0.563576 0.392058 0.106047 0.099660 0.961560 0.319120 0.955203 0.276858 0.541659 0.224800 0.113133 0.145610 0.966976 0.687090 0.517740 0.977106 0.293461 0.849122 
0.697762 0.817793 0.433911 0.974579 0.439362 0.672297 0.810396 0.399466 0.757886 0.312306 0.847625 0.035557 0.206944 0.361808 0.671456 0.060127 0.943843 0.178065 0.204078 0.919387 0.876057 0.710760 0.637128 0.201689 0.096077 
0.762959 0.905416 0.518044 0.114505 0.144356 0.958677 0.972668 0.840476 0.010872 0.692620 0.383872 0.771627 0.115484 0.043010 0.548332 0.697659 0.408206 0.132828 0.104517 0.348145 0.712180 0.914300 0.732773 0.872975 0.541597 

0.873990 0.676076 0.648774 0.795892 0.296124 0.877595 0.753476 0.955162 0.672596 0.275320 0.385891 0.848714 0.537225 0.131897 0.531018 0.359013 0.868135 0.050609 0.921978 0.745812 0.279815 0.798996 0.125936 0.098882 0.047041 
0.474470 0.194611 0.134034 0.231748 0.590716 0.818683 0.388986 0.252416 0.297098 0.129772 0.479056 0.606715 0.899419 0.619260 0.663327 0.258291 0.875760 0.110272 0.773700 0.645537 0.329808 0.064074 0.704725 0.355813 0.533229 
0.956835 0.814192 0.056348 0.006762 0.454578 0.190727 0.255139 0.159676 0.099502 0.437633 0.095608 0.204261 0.662110 0.329744 0.543971 0.459484 0.773258 0.220586 0.540657 0.371418 0.923149 0.483489 0.817098 0.127115 0.129641 
0.111576 0.100966 0.357426 0.221131 0.674169 0.429828 0.693348 0.336843 0.513376 0.482630 0.415862 0.773996 0.545899 0.276350 0.637477 0.677746 0.756195 0.210865 0.946336 0.680009 0.602390 0.895282 0.250163 0.975190 0.410833 
0.256891 0.292062 0.626270 0.864375 0.739565 0.630391 0.042618 0.180234 0.670188 0.987429 0.466879 0.532048 0.540544 0.380084 0.739616 0.865085 0.806108 0.458506 0.241846 0.256344 0.729524 0.553570 0.766835 0.940229 0.883577 
0.019630 0.476916 0.570922 0.609325 0.565481 0.339642 0.627289 0.896093 0.455966 0.466636 0.750091 0.961218 0.655479 0.491432 0.719384 0.270880 0.081610 0.382695 0.183682 0.804278 0.851715 0.043689 0.281444 0.171881 0.994664 
0.932825 0.128198 0.166367 0.251170 0.538870 0.031055 0.333621 0.786498 0.187398 0.637920 0.771975 0.821624 0.376968 0.811184 0.638951 0.839398 0.660823 0.035228 0.946747 0.434237 0.635521 0.155255 0.517937 0.208055 0.280083 
0.528342 0.475765 0.247673 0.337503 0.095454 0.909690 0.031593 0.971042 0.920307 0.929117 0.271630 0.403517 0.269039 0.058487 0.028307 0.482764 0.388809 0.482567 0.828924 0.609419 0.188148 0.198821 0.389153 0.551319 0.163858 
0.357248 0.844595 0.426014 0.898579 0.206655 0.919609 0.160108 0.566055 0.758220 0.310742 0.100202 0.872828 0.950395 0.751428 0.770459 0.144333 0.776809 0.692276 0.383683 0.327161 0.880927 0.620524 0.847600 0.656152 0.882387 
0.761430 0.670408 0.533393 0.262020 0.014979 0.916574 0.176856 0.755755 0.340252 0.604802 0.397448 0.692148 0.195984 0.509973 0.231461 0.897359 0.019395 0.695942 0.083620 0.840162 0.514967 0.280152 0.972810 0.192046 0.997115 
0.969434 0.858386 0.881045 0.239704 0.923270 0.087927 0.747053 0.579666 0.581477 0.318700 0.217419 0.806702 0.627522 0.839961 0.356967 0.129081 0.418878 0.768797 0.220749 0.809218 0.338644 0.425134 0.791819 0.235973 0.005391 
0.587966 0.241942 0.320117 0.173034 0.150562 0.632036 0.186643 0.285841 0.264950 0.285769 0.039518 0.577647 0.172942 0.060494 0.339102 0.051958 0.058404 0.480765 0.842219 0.032010 0.754168 0.363441 0.867692 0.231519 0.317375 
0.501084 0.484558 0.460519 0.272565 0.200107 0.577625 0.053838 0.915233 0.981842 0.158918 0.803061 0.997377 0.022113 0.214186 0.047464 0.683749 0.390848 0.287239 0.421598 0.716034 0.381837 0.569697 0.431774 0.731975 0.026969 
0.518815 0.044672 0.142253 0.388019 0.138285 0.813814 0.764437 0.424866 0.755141 0.763627 0.600349 0.514957 0.112867 0.115131 0.126989 0.946686 0.271655 0.281836 0.899970 0.533885 0.381267 0.116930 0.599236 0.947871 0.397172 
0.304591 0.795897 0.874372 0.541698 0.194516 0.789649 0.215241 0.350200 0.777702 0.994048 0.034199 0.358110 0.898992 0.028205 0.868891 0.738401 0.662500 0.877377 0.459605 0.122418 0.394090 0.765104 0.794025 0.709274 0.325693 
0.425620 0.151135 0.063372 0.939200 0.048510 0.944833 0.298957 0.559728 0.256696 0.587364 0.722427 0.170554 0.430234 0.103722 0.221326 0.267941 0.984128 0.103684 0.541905 0.018188 0.623058 0.168814 0.738457 0.425694 0.083561 
0.400560 0.416726 0.953315 0.242057 0.543654 0.526730 0.473518 0.432116 0.899845 0.385527 0.478516 0.945457 0.579293 0.548998 0.308110 0.098740 0.266425 0.238054 0.841894 0.983626 0.890073 0.023443 0.922775 0.633733 0.041399 
0.512694 0.334788 0.526950 0.488818 0.187669 0.831964 0.753597 0.810953 0.713593 0.070222 0.843513 0.881524 0.331886 0.289830 0.667010 0.018672 0.706061 0.574430 0.096085 0.731122 0.232398 0.229842 0.198086 0.284030 0.058420 
0.101706 0.990485 0.066565 0.457593 0.225602 0.273554 0.198713 0.324378 0.146492 0.729088 0.095005 0.733314 0.715300 0.856548 0.521875 0.754687 0.863924 0.724964 0.753980 0.571570 0.443992 0.355041 0.638423 0.964348 0.181649 
0.393321 0.119487 0.404313 0.494868 0.330659 0.386276 0.017668 0.253760 0.719348 0.119123 0.090256 0.787672 0.733704 0.774404 0.697986 0.180578 0.016286 0.756330 0.914981 0.885823 0.742649 0.415625 0.065994 0.225450 0.373403 
0.461254 0.726188 0.146128 0.450695 0.093577 0.881082 0.513392 0.456745 0.078622 0.162745 0.961819 0.828846 0.355121 0.738414 0.277124 0.289932 0.235710 0.193219 0.998213 0.808243 0.630902 0.372114 0.517116 0.948577 0.076324 
0.863094 0.099373 0.467437 0.056404 0.695661 0.909047 0.474151 0.942991 0.859523 0.689009 0.389939 0.882959 0.826782 0.420623 0.757501 0.210616 0.424919 0.800453 0.300697 0.349121 0.483955 0.722092 0.281956 0.320604 0.551388 
0.098055 0.202377 0.149599 0.131276 0.210285 0.396402 0.850468 0.187262 0.425555 0.228485 0.313001 0.646798 0.825831 0.384923 0.255826 0.949956 0.829959 0.366297 0.831344 0.653256 0.980479 0.110745 0.309707 0.157472 0.082629 
0.774639 0.056173 0.657048 0.811006 0.080700 0.934658 0.578740 0.787236 0.264520 0.862271 0.387521 0.920817 0.503906 0.449201 0.471772 0.228262 0.459146 0.115271 0.263621 0.726030 0.186768 0.206237 0.895999 0.969072 0.081995 
0.918038 0.768591 0.053498 0.258784 0.909213 0.504517 0.294262 0.413187 0.782671 0.578417 0.775223 0.158391 0.238132 0.229331 0.959831 0.971612 0.895632 0.059966 0.482749 0.733864 0.549187 0.080525 0.399160 0.541013 0.187850 

-1.552318 -1.285817 -0.177218 -0.596193 -1.306635 -0.015841 -1.232816 -0.368817 -0.769075 -1.386808 -1.136546 -1.346484 -1.489250 -0.404212 -1.033082 -0.701015 -0.665688 -1.253748 -0.021228 -0.040577 -1.778817 -1.778590 -0.922444 -1.686300 -1.131466 
-0.089659 -0.729642 -0.876398 -0.852961 -1.023431 -1.141864 -0.125655 -0.499877 -0.100864 -0.322276 -1.620113 -1.776130 -1.192753 -1.351296 -1.548864 -1.057683 0.000746 -0.688915 -1.047783 -0.281143 -1.907328 -1.078490 -1.318568 -1.196872 -0.344683 
-0.657946 -0.547555 -0.244424 -0.984144 -1.209637 -0.217298 -1.703710 -1.032865 -0.823727 -1.647121 -1.373215 -0.711133 -1.869966 -1.227049 -1.138805 -0.451243 -1.583308 -1.587363 0.006305 -1.628778 -0.995633 -1.425263 -0.709241 -0.619685 -1.464361 
-0.961320 -0.073610 -0.809309 -1.811471 -1.876353 -1.934822 -0.332624 -1.875789 -0.582696 -1.185210 -1.660379 -1.787027 -0.674755 -1.516990 -0.711502 -0.533355 -0.674081 -1.141432 -1.428171 -0.873372 -0.370397 -2.026419 -0.641156 -0.106673 -0.777569 
-1.780368 -1.897226 -1.013540 -1.894402 0.245119 -1.508437 -1.871484 -1.874210 -0.633771 -0.764499 -1.849691 -1.953036 -1.756420 -0.676832 -1.131947 -0.742872 -0.485825 -0.275101 -0.308226 -0.124716 -1.729525 -0.718109 -1.986636 -0.477272 -1.012797 
1.011961 1.393603 2.386538 3.012116 3.009690 1.673398 2.546959 2.129644 2.480793 1.890426 1.516190 1.695449 1.534561 2.450322 2.881521 0.958062 1.140841 2.656018 0.512494 2.128512 3.323937 1.998603 1.973370 0.833695 3.655022 
2.837086 1.592521 0.611977 0.896192 2.430064 1.036662 2.495594 3.444425 0.449619 2.920711 2.636531 3.373412 2.263677 2.931490 2.023782 3.550648 1.891686 0.276895 2.722493 1.088601 1.426901 0.380097 2.844477 1.283093 1.763112 
1.859653 1.319271 1.734057 0.791406 1.117381 2.506347 1.949695 1.990326 1.844197 2.366443 1.794681 2.207621 2.150241 0.397700 0.694345 0.961758 1.564647 1.657437 1.965959 2.326907 0.856791 1.886565 1.624196 1.655788 1.817430 
1.739689 2.027209 2.202723 3.520549 2.212504 3.453531 1.466267 2.218830 1.801206 2.610002 0.789713 3.604798 2.859962 1.550233 3.339261 0.607981 2.057351 3.021399 1.339005 2.417252 2.869675 1.510073 2.926298 2.852201 2.852044 
3.409533 2.305274 1.758238 0.772098 1.438140 2.647043 2.277677 2.010820 1.073860 1.939772 2.101448 2.675386 0.545284 2.321355 1.817046 2.177300 1.032487 1.826911 1.109877 2.206238 2.797137 0.851080 3.287484 2.109151 2.369218 
1.034032 0.860438 0.865394 0.159760 0.824245 0.041038 0.793565 0.525089 0.449995 0.324430 0.216123 0.731292 0.422679 0.938859 0.366143 0.127686 0.471873 0.747848 0.240076 0.723494 0.327583 0.384007 0.830796 0.306588 0.233133 
0.580558 0.253093 0.520477 0.128031 0.180228 0.932727 0.280946 0.334708 0.233172 0.312665 -0.011767 0.538459 0.235662 -0.065999 0.230028 0.127505 -0.063075 0.426918 0.830014 -0.064766 0.731313 0.424895 0.844592 0.232154 0.371118 
0.441786 0.514701 0.554643 0.239430 0.248857 0.447294 -0.066083 0.933430 0.835618 0.257216 0.847774 1.123941 0.127202 0.179408 0.064590 0.664419 0.247602 0.396557 0.425208 0.645142 0.572216 0.402061 0.540313 0.583287 -0.044625 
0.366389 -0.086746 0.129483 0.294860 0.295502 0.883729 0.870492 0.459529 0.772430 0.595069 0.762484 0.186984 0.208916 0.147667 0.028552 0.802062 0.456701 0.340932 0.719589 0.441111 0.325317 0.058682 0.558145 0.968554 0.396182 
0.382689 0.838658 1.062831 0.583364 0.189229 0.774652 0.205972 0.479873 0.710425 0.895106 -0.105818 0.428444 0.925799 -0.221034 0.784097 0.855949 0.562521 0.924400 0.368053 0.161718 0.363007 0.901005 0.879678 0.951247 0.314324 
-0.680431 -0.498825 -0.654181 -1.681910 -0.298090 -1.863721 -0.289917 -0.766873 -0.595044 -0.743492 -1.490220 -0.592022 -0.677447 -0.957662 -0.643029 -0.568394 -1.421192 -1.126815 -1.185651 -0.807186 -1.256957 -1.112097 -0.659804 -0.787193 -1.076907 
-0.577931 -0.896049 -1.277624 -0.661257 -0.848489 -0.630949 -1.112098 -1.014431 -1.502814 -1.522137 -1.108980 -1.438227 -0.816825 -1.116383 -0.614158 -0.568222 -1.071839 -0.800169 -1.461476 -1.264105 -1.206657 -0.286384 -0.914865 -0.849853 -0.329092 
-1.314204 -0.532212 -1.263414 -1.022458 -0.926163 -1.753589 -1.578721 -1.477560 -0.763029 0.050706 -1.869965 -1.873221 -0.596369 -0.536755 -0.519537 -0.528924 -1.601529 -1.328336 -0.625975 -1.633292 -0.948100 -1.222148 -0.526661 -0.573307 -0.183635 
-0.944094 -1.199750 -0.467420 -0.585611 -0.477070 -0.560806 -0.822380 -0.727211 -1.291329 -0.933563 -0.933730 -1.734572 -1.405446 -1.176392 -0.779560 -0.573312 -0.891160 -1.183424 -1.415851 -1.146236 -0.756283 -0.813062 -1.162141 -1.301867 -1.140897 
-0.899146 -0.751658 -0.894120 -1.224755 -0.581015 -0.762469 -1.014695 -0.875264 -1.879347 -0.596426 -0.765568 -0.700239 -1.365455 -1.380638 -0.830425 -0.662580 -0.620537 -1.288114 -0.892018 -0.843842 -1.703962 -1.403190 -0.475281 -0.276923 -0.660511 
-0.281767 -1.361294 0.105362 -0.674916 0.617950 -1.428109 -0.697474 -0.200969 0.403306 0.242205 -1.601196 -1.214631 -0.152588 -0.717396 -0.231698 -0.261463 0.100189 0.316625 -1.847635 -1.254737 -0.607758 0.315277 -0.616131 -1.556988 0.292709 
-1.618529 0.708563 -0.332285 0.543740 -1.009861 -1.041619 -0.460559 -1.269939 -0.604643 -0.843328 0.156961 -1.491159 -1.350943 -0.079780 -1.285228 0.040879 -0.265937 -0.974965 -0.377704 -0.024187 0.044470 -1.075372 0.063320 0.007711 -1.147841 
0.618783 -0.004689 0.020702 -0.059085 0.281322 -0.607015 -1.588657 0.018204 -0.277625 -0.508072 -0.509781 -0.131772 -1.068584 0.042123 -0.340863 -1.429982 -1.459706 -0.487698 -1.547102 -0.455683 -1.330898 0.410169 0.552838 -0.023324 0.698942 
-0.833718 0.534820 -0.678151 -0.669258 0.486987 -1.377351 -0.417914 -1.260460 0.172507 -1.532694 0.110177 -1.790121 -0.802251 -0.576203 -0.245454 -0.510581 0.167873 0.123272 -0.381467 -0.565503 0.418275 0.386535 -1.076614 -1.860050 0.055282 
-0.981049 -0.710569 0.584489 -0.387322 -1.511436 -0.128899 0.453612 -0.080784 -1.548905 -0.547142 -1.131892 0.703021 -0.519707 -0.317743 -1.441430 -1.188899 -1.288518 0.124948 -1.021913 -0.946437 -0.370231 0.660969 -0.271390 -0.161912 -0.050512 

0 0 0 0 0 0 0 0 0 0 0 0 0 0 0 0 0 0 0 0 0 0 0 0 0 
0 0 0 0 0 0 0 0 0 0 0 0 0 0 0 0 0 0 0 0 0 0 0 0 0 
0 0 0 0 0 0 0 0 0 0 0 0 0 0 0 0 0 0 0 0 0 0 0 0 0 
0 0 0 0 0 0 0 0 0 0 0 0 0 0 0 0 0 0 0 0 0 0 0 0 0 
0 0 0 0 0 0 0 0 0 0 0 0 0 0 0 0 0 0 0 0 0 0 0 0 0 
1 1 1 1 1 1 1 1 1 1 1 1 1 1 1 1 1 1 1 1 1 1 1 1 1 
1 1 1 1 1 1 1 1 1 1 1 1 1 1 1 1 1 1 1 1 1 1 1 1 1 
1 1 1 1 1 1 1 1 1 1 1 1 1 1 1 1 1 1 1 1 1 1 1 1 1 
1 1 1 1 1 1 1 1 1 1 1 1 1 1 1 1 1 1 1 1 1 1 1 1 1 
1 1 1 1 1 1 1 1 1 1 1 1 1 1 1 1 1 1 1 1 1 1 1 1 1 
2 2 2 2 2 2 2 2 2 2 2 2 2 2 2 2 2 2 2 2 2 2 2 2 2 
2 2 2 2 2 2 2 2 2 2 2 2 2 2 2 2 2 2 2 2 2 2 2 2 2 
2 2 2 2 2 2 2 2 2 2 2 2 2 2 2 2 2 2 2 2 2 2 2 2 2 
2 2 2 2 2 2 2 2 2 2 2 2 2 2 2 2 2 2 2 2 2 2 2 2 2 
2 2 2 2 2 2 2 2 2 2 2 2 2 2 2 2 2 2 2 2 2 2 2 2 2 
3 3 3 3 3 3 3 3 3 3 3 3 3 3 3 3 3 3 3 3 3 3 3 3 3 
3 3 3 3 3 3 3 3 3 3 3 3 3 3 3 3 3 3 3 3 3 3 3 3 3 
3 3 3 3 3 3 3 3 3 3 3 3 3 3 3 3 3 3 3 3 3 3 3 3 3 
3 3 3 3 3 3 3 3 3 3 3 3 3 3 3 3 3 3 3 3 3 3 3 3 3 
3 3 3 3 3 3 3 3 3 3 3 3 3 3 3 3 3 3 3 3 3 3 3 3 3 
4 4 4 4 4 4 4 4 4 4 4 4 4 4 4 4 4 4 4 4 4 4 4 4 4 
4 4 4 4 4 4 4 4 4 4 4 4 4 4 4 4 4 4 4 4 4 4 4 4 4 
4 4 4 4 4 4 4 4 4 4 4 4 4 4 4 4 4 4 4 4 4 4 4 4 4 
4 4 4 4 4 4 4 4 4 4 4 4 4 4 4 4 4 4 4 4 4 4 4 4 4 
4 4 4 4 4 4 4 4 4 4 4 4 4 4 4 4 4 4 4 4 4 4 4 4 4 

-2.0 -2.0 -2.0 -2.0 -2.0 -2.0 -2.0 -2.0 -2.0 -2.0 -2.0 -2.0 -2.0 -2.0 -2.0 -2.0 -2.0 -2.0 -2.0 -2.0 -2.0 -2.0 -2.0 -2.0 -2.0 
-2.0 -2.0 -2.0 -2.0 -2.0 -2.0 -2.0 -2.0 -2.0 -2.0 -2.0 -2.0 -2.0 -2.0 -2.0 -2.0 -2.0 -2.0 -2.0 -2.0 -2.0 -2.0 -2.0 -2.0 -2.0 
-2.0 -2.0 -2.0 -2.0 -2.0 -2.0 -2.0 -2.0 -2.0 -2.0 -2.0 -2.0 -2.0 -2.0 -2.0 -2.0 -2.0 -2.0 -2.0 -2.0 -2.0 -2.0 -2.0 -2.0 -2.0 
-2.0 -2.0 -2.0 -2.0 -2.0 -2.0 -2.0 -2.0 -2.0 -2.0 -2.0 -2.0 -2.0 -2.0 -2.0 -2.0 -2.0 -2.0 -2.0 -2.0 -2.0 -2.0 -2.0 -2.0 -2.0 
-2.0 -2.0 -2.0 -2.0 -2.0 -2.0 -2.0 -2.0 -2.0 -2.0 -2.0 -2.0 -2.0 -2.0 -2.0 -2.0 -2.0 -2.0 -2.0 -2.0 -2.0 -2.0 -2.0 -2.0 -2.0 
2.0 2.0 2.0 2.0 2.0 2.0 2.0 2.0 2.0 2.0 2.0 2.0 2.0 2.0 2.0 2.0 2.0 2.0 2.0 2.0 2.0 2.0 2.0 2.0 2.0 
2.0 2.0 2.0 2.0 2.0 2.0 2.0 2.0 2.0 2.0 2.0 2.0 2.0 2.0 2.0 2.0 2.0 2.0 2.0 2.0 2.0 2.0 2.0 2.0 2.0 
2.0 2.0 2.0 2.0 2.0 2.0 2.0 2.0 2.0 2.0 2.0 2.0 2.0 2.0 2.0 2.0 2.0 2.0 2.0 2.0 2.0 2.0 2.0 2.0 2.0 
2.0 2.0 2.0 2.0 2.0 2.0 2.0 2.0 2.0 2.0 2.0 2.0 2.0 2.0 2.0 2.0 2.0 2.0 2.0 2.0 2.0 2.0 2.0 2.0 2.0 
2.0 2.0 2.0 2.0 2.0 2.0 2.0 2.0 2.0 2.0 2.0 2.0 2.0 2.0 2.0 2.0 2.0 2.0 2.0 2.0 2.0 2.0 2.0 2.0 2.0 
0.0 0.0 0.0 0.0 0.0 0.0 0.0 0.0 0.0 0.0 0.0 0.0 0.0 0.0 0.0 0.0 0.0 0.0 0.0 0.0 0.0 0.0 0.0 0.0 0.0 
0.0 0.0 0.0 0.0 0.0 0.0 0.0 0.0 0.0 0.0 0.0 0.0 0.0 0.0 0.0 0.0 0.0 0.0 0.0 0.0 0.0 0.0 0.0 0.0 0.0 
0.0 0.0 0.0 0.0 0.0 0.0 0.0 0.0 0.0 0.0 0.0 0.0 0.0 0.0 0.0 0.0 0.0 0.0 0.0 0.0 0.0 0.0 0.0 0.0 0.0 
0.0 0.0 0.0 0.0 0.0 0.0 0.0 0.0 0.0 0.0 0.0 0.0 0.0 0.0 0.0 0.0 0.0 0.0 0.0 0.0 0.0 0.0 0.0 0.0 0.0 
0.0 0.0 0.0 0.0 0.0 0.0 0.0 0.0 0.0 0.0 0.0 0.0 0.0 0.0 0.0 0.0 0.0 0.0 0.0 0.0 0.0 0.0 0.0 0.0 0.0 
-1.0 -1.0 -1.0 -1.0 -1.0 -1.0 -1.0 -1.0 -1.0 -1.0 -1.0 -1.0 -1.0 -1.0 -1.0 -1.0 -1.0 -1.0 -1.0 -1.0 -1.0 -1.0 -1.0 -1.0 -1.0 
-1.0 -1.0 -1.0 -1.0 -1.0 -1.0 -1.0 -1.0 -1.0 -1.0 -1.0 -1.0 -1.0 -1.0 -1.0 -1.0 -1.0 -1.0 -1.0 -1.0 -1.0 -1.0 -1.0 -1.0 -1.0 
-1.0 -1.0 -1.0 -1.0 -1.0 -1.0 -1.0 -1.0 -1.0 -1.0 -1.0 -1.0 -1.0 -1.0 -1.0 -1.0 -1.0 -1.0 -1.0 -1.0 -1.0 -1.0 -1.0 -1.0 -1.0 
-1.0 -1.0 -1.0 -1.0 -1.0 -1.0 -1.0 -1.0 -1.0 -1.0 -1.0 -1.0 -1.0 -1.0 -1.0 -1.0 -1.0 -1.0 -1.0 -1.0 -1.0 -1.0 -1.0 -1.0 -1.0 
-1.0 -1.0 -1.0 -1.0 -1.0 -1.0 -1.0 -1.0 -1.0 -1.0 -1.0 -1.0 -1.0 -1.0 -1.0 -1.0 -1.0 -1.0 -1.0 -1.0 -1.0 -1.0 -1.0 -1.0 -1.0 
1.0 1.0 1.0 1.0 1.0 1.0 1.0 1.0 1.0 1.0 1.0 1.0 1.0 1.0 1.0 1.0 1.0 1.0 1.0 1.0 1.0 1.0 1.0 1.0 1.0 
1.0 1.0 1.0 1.0 1.0 1.0 1.0 1.0 1.0 1.0 1.0 1.0 1.0 1.0 1.0 1.0 1.0 1.0 1.0 1.0 1.0 1.0 1.0 1.0 1.0 
1.0 1.0 1.0 1.0 1.0 1.0 1.0 1.0 1.0 1.0 1.0 1.0 1.0 1.0 1.0 1.0 1.0 1.0 1.0 1.0 1.0 1.0 1.0 1.0 1.0 
1.0 1.0 1.0 1.0 1.0 1.0 1.0 1.0 1.0 1.0 1.0 1.0 1.0 1.0 1.0 1.0 1.0 1.0 1.0 1.0 1.0 1.0 1.0 1.0 1.0 
1.0 1.0 1.0 1.0 1.0 1.0 1.0 1.0 1.0 1.0 1.0 1.0 1.0 1.0 1.0 1.0 1.0 1.0 1.0 1.0 1.0 1.0 1.0 1.0 1.0 

0.0 0.0 0.0 0.0 0.0 0.0 0.0 0.0 0.0 0.0 0.0 0.0 0.0 0.0 0.0 0.0 0.0 0.0 0.0 0.0 0.0 0.0 0.0 0.0 0.0 
0.0 0.0 0.0 0.0 0.0 0.0 0.0 0.0 0.0 0.0 0.0 0.0 0.0 0.0 0.0 0.0 0.0 0.0 0.0 0.0 0.0 0.0 0.0 0.0 0.0 
0.0 0.0 0.0 0.0 0.0 0.0 0.0 0.0 0.0 0.0 0.0 0.0 0.0 0.0 0.0 0.0 0.0 0.0 0.0 0.0 0.0 0.0 0.0 0.0 0.0 
0.0 0.0 0.0 0.0 0.0 0.0 0.0 0.0 0.0 0.0 0.0 0.0 0.0 0.0 0.0 0.0 0.0 0.0 0.0 0.0 0.0 0.0 0.0 0.0 0.0 
0.0 0.0 0.0 0.0 0.0 0.0 0.0 0.0 0.0 0.0 0.0 0.0 0.0 0.0 0.0 0.0 0.0 0.0 0.0 0.0 0.0 0.0 0.0 0.0 0.0 
2.0 2.0 2.0 2.0 2.0 2.0 2.0 2.0 2.0 2.0 2.0 2.0 2.0 2.0 2.0 2.0 2.0 2.0 2.0 2.0 2.0 2.0 2.0 2.0 2.0 
2.0 2.0 2.0 2.0 2.0 2.0 2.0 2.0 2.0 2.0 2.0 2.0 2.0 2.0 2.0 2.0 2.0 2.0 2.0 2.0 2.0 2.0 2.0 2.0 2.0 
2.0 2.0 2.0 2.0 2.0 2.0 2.0 2.0 2.0 2.0 2.0 2.0 2.0 2.0 2.0 2.0 2.0 2.0 2.0 2.0 2.0 2.0 2.0 2.0 2.0 
2.0 2.0 2.0 2.0 2.0 2.0 2.0 2.0 2.0 2.0 2.0 2.0 2.0 2.0 2.0 2.0 2.0 2.0 2.0 2.0 2.0 2.0 2.0 2.0 2.0 
2.0 2.0 2.0 2.0 2.0 2.0 2.0 2.0 2.0 2.0 2.0 2.0 2.0 2.0 2.0 2.0 2.0 2.0 2.0 2.0 2.0 2.0 2.0 2.0 2.0 
1.0 1.0 1.0 1.0 1.0 1.0 1.0 1.0 1.0 1.0 1.0 1.0 1.0 1.0 1.0 1.0 1.0 1.0 1.0 1.0 1.0 1.0 1.0 1.0 1.0 
1.0 1.0 1.0 1.0 1.0 1.0 1.0 1.0 1.0 1.0 1.0 1.0 1.0 1.0 1.0 1.0 1.0 1.0 1.0 1.0 1.0 1.0 1.0 1.0 1.0 
1.0 1.0 1.0 1.0 1.0 1.0 1.0 1.0 1.0 1.0 1.0 1.0 1.0 1.0 1.0 1.0 1.0 1.0 1.0 1.0 1.0 1.0 1.0 1.0 1.0 
1.0 1.0 1.0 1.0 1.0 1.0 1.0 1.0 1.0 1.0 1.0 1.0 1.0 1.0 1.0 1.0 1.0 1.0 1.0 1.0 1.0 1.0 1.0 1.0 1.0 
1.0 1.0 1.0 1.0 1.0 1.0 1.0 1.0 1.0 1.0 1.0 1.0 1.0 1.0 1.0 1.0 1.0 1.0 1.0 1.0 1.0 1.0 1.0 1.0 1.0 
-1.0 -1.0 -1.0 -1.0 -1.0 -1.0 -1.0 -1.0 -1.0 -1.0 -1.0 -1.0 -1.0 -1.0 -1.0 -1.0 -1.0 -1.0 -1.0 -1.0 -1.0 -1.0 -1.0 -1.0 -1.0 
-1.0 -1.0 -1.0 -1.0 -1.0 -1.0 -1.0 -1.0 -1.0 -1.0 -1.0 -1.0 -1.0 -1.0 -1.0 -1.0 -1.0 -1.0 -1.0 -1.0 -1.0 -1.0 -1.0 -1.0 -1.0 
-1.0 -1.0 -1.0 -1.0 -1.0 -1.0 -1.0 -1.0 -1.0 -1.0 -1.0 -1.0 -1.0 -1.0 -1.0 -1.0 -1.0 -1.0 -1.0 -1.0 -1.0 -1.0 -1.0 -1.0 -1.0 
-1.0 -1.0 -1.0 -1.0 -1.0 -1.0 -1.0 -1.0 -1.0 -1.0 -1.0 -1.0 -1.0 -1.0 -1.0 -1.0 -1.0 -1.0 -1.0 -1.0 -1.0 -1.0 -1.0 -1.0 -1.0 
-1.0 -1.0 -1.0 -1.0 -1.0 -1.0 -1.0 -1.0 -1.0 -1.0 -1.0 -1.0 -1.0 -1.0 -1.0 -1.0 -1.0 -1.0 -1.0 -1.0 -1.0 -1.0 -1.0 -1.0 -1.0 
-2.0 -2.0 -2.0 -2.0 -2.0 -2.0 -2.0 -2.0 -2.0 -2.0 -2.0 -2.0 -2.0 -2.0 -2.0 -2.0 -2.0 -2.0 -2.0 -2.0 -2.0 -2.0 -2.0 -2.0 -2.0 
-2.0 -2.0 -2.0 -2.0 -2.0 -2.0 -2.0 -2.0 -2.0 -2.0 -2.0 -2.0 -2.0 -2.0 -2.0 -2.0 -2.0 -2.0 -2.0 -2.0 -2.0 -2.0 -2.0 -2.0 -2.0 
-2.0 -2.0 -2.0 -2.0 -2.0 -2.0 -2.0 -2.0 -2.0 -2.0 -2.0 -2.0 -2.0 -2.0 -2.0 -2.0 -2.0 -2.0 -2.0 -2.0 -2.0 -2.0 -2.0 -2.0 -2.0 
-2.0 -2.0 -2.0 -2.0 -2.0 -2.0 -2.0 -2.0 -2.0 -2.0 -2.0 -2.0 -2.0 -2.0 -2.0 -2.0 -2.0 -2.0 -2.0 -2.0 -2.0 -2.0 -2.0 -2.0 -2.0 
-2.0 -2.0 -2.0 -2.0 -2.0 -2.0 -2.0 -2.0 -2.0 -2.0 -2.0 -2.0 -2.0 -2.0 -2.0 -2.0 -2.0 -2.0 -2.0 -2.0 -2.0 -2.0 -2.0 -2.0 -2.0 

