0.303588 0.461234 0.490455 0.492971 0.660866 0.529627 0.110742 0.756800 0.113017 0.300399 0.113340 0.473189 0.753574 0.313888 0.086014 0.851955 0.750503 0.633545 0.660071 0.800709 0.828948 0.034312 0.945188 0.396887 0.153133 
0.126102 0.160534 0.175738 0.416325 0.774596 0.242089 0.192852 0.551946 0.894360 0.384079 0.178183 0.595253 0.072031 0.095005 0.763096 0.275236 0.764637 0.356456 0.167984 0.448416 0.200042 0.530570 0.963104 0.649253 0.177287 
0.064887 0.875654 0.374473 0.974234 0.620043 0.458563 0.619447 0.831893 0.176399 0.991377 0.899952 0.557648 0.782593 0.783172 0.116618 0.625159 0.558145 0.508958 0.264889 0.701239 0.154496 0.828035 0.927007 0.875067 0.697712 
0.422222 0.988323 0.092850 0.304185 0.801035 0.666809 0.224472 0.509897 0.511462 0.443337 0.137419 0.774775 0.377805 0.393849 0.421592 0.151922 0.936755 0.701408 0.125772 0.873303 0.555902 0.090802 0.677746 0.143598 0.507780 
0.106593 0.011755 0.354997 0.099976 0.152508 0.533511 0.117473 0.766208 0.329137 0.405846 0.709098 0.591391 0.885410 0.224045 0.736841 0.643156 0.629583 0.524469 0.112225 0.222707 0.924489 0.705100 0.387191 0.093426 0.708518 
0.145407 0.874497 0.746491 0.390912 0.624155 0.693364 0.608264 0.272983 0.271980 0.973833 0.708817 0.100273 0.463824 0.913471 0.117501 0.692506 0.204599 0.993792 0.260364 0.934038 0.852810 0.670563 0.089417 0.698576 0.937135 
0.301405 0.310560 0.646785 0.582955 0.955710 0.261725 0.937369 0.327598 0.839766 0.408815 0.747415 0.736094 0.922637 0.855139 0.609092 0.907656 0.701740 0.940423 0.510287 0.579480 0.481243 0.190188 0.320534 0.077096 0.166353 
0.440661 0.331513 0.996195 0.998264 0.837266 0.520134 0.824333 0.013153 0.333295 0.310257 0.581388 0.888718 0.171277 0.331897 0.349376 0.022819 0.974830 0.089638 0.756970 0.811848 0.650194 0.035846 0.305956 0.683811 0.772301 
0.073516 0.436104 0.300135 0.268650 0.844594 0.689523 0.427777 0.429123 0.357834 0.657019 0.331663 0.878971 0.136708 0.672669 0.789828 0.866864 0.284886 0.003151 0.286602 0.300188 0.254284 0.113486 0.583394 0.427828 0.783519 
0.745926 0.435537 0.021748 0.836610 0.732154 0.563930 0.615845 0.725537 0.169386 0.334027 0.506327 0.336764 0.797414 0.133052 0.539971 0.151774 0.101648 0.659472 0.138674 0.515728 0.590715 0.739346 0.752653 0.090960 0.090384 
0.320330 0.553233 0.167078 0.725869 0.788878 0.230385 0.838299 0.612550 0.457808 0.224343 0.138566 0.501569 0.717908 0.452941 0.289506 0.125370 0.643983 0.894269 0.679614 0.755436 0.646331 0.701365 0.397452 0.130775 0.191670 
0.590734 0.832219 0.818108 0.026213 0.685113 0.235858 0.305150 0.968381 0.697589 0.686824 0.946056 0.520882 0.571422 0.812520 0.003734 0.086445 0.458705 0.569956 0.337384 0.553477 0.102349 0.042562 0.648661 0.778859 0.927284 
0.641977 0.132465 0.692418 0.719573 0.613151 0.707069 0.839539 0.437602 0.457218 0.750013 0.397180 0.268908 0.259086 0.041303 0.755510 0.137791 0.655570 0.042589 0.103250 0.686773 0.680935 0.691942 0.641286 0.572218 0.344858 
0.811337 0.223955 0.422348 0.395020 0.389830 0.072095 0.195424 0.268573 0.571585 0.327485 0.942193 0.359739 0.812982 0.038505 0.858034 0.076751 0.985035 0.302660 0.726633 0.659811 0.201210 0.966484 0.226286 0.078789 0.604589 
0.291971 0.787385 0.596033 0.750180 0.678247 0.468614 0.620171 0.554393 0.069751 0.037170 0.542993 0.628627 0.463496 0.850130 0.791478 0.782124 0.779693 0.829991 0.007967 0.244303 0.745778 0.934698 0.780887 0.569018 0.765836 
0.852248 0.309115 0.101575 0.785939 0.560158 0.872528 0.774724 0.492383 0.383527 0.361003 0.262839 0.821749 0.002443 0.724540 0.795072 0.255315 0.453686 0.989844 0.036681 0.465692 0.014331 0.261799 0.458827 0.601191 0.290446 
0.035604 0.936373 0.809292 0.389905 0.417973 0.685943 0.748081 0.232307 0.987569 0.069721 0.115670 0.402989 0.592550 0.980747 0.957830 0.695793 0.555539 0.927344 0.158334 0.339722 0.599594 0.110400 0.932695 0.292976 0.678338 
0.067535 0.304567 0.163766 0.026936 0.513172 0.266116 0.231764 0.473247 0.003200 0.438228 0.663727 0.260319 0.572423 0.535514 0.829690 0.638240 0.385979 0.672544 0.649956 0.235243 0.275723 0.798406 0.918895 0.847805 0.368141 
0.525899 0.651496 0.980610 0.577953 0.865233 0.381109 0.882859 0.006098 0.635975 0.797600 0.447205 0.899979 0.775236 0.348701 0.705615 0.211409 0.091334 0.100392 0.413262 0.064203 0.806157 0.213815 0.948247 0.764953 0.769379 
0.568236 0.396646 0.997620 0.948293 0.296070 0.664151 0.522477 0.023428 0.407138 0.423542 0.873684 0.221406 0.305154 0.292786 0.629466 0.865123 0.739613 0.134970 0.640454 0.262083 0.119795 0.640198 0.678071 0.739184 0.885175 
0.332943 0.603676 0.749113 0.279859 0.598018 0.348787 0.850683 0.396532 0.960807 0.170337 0.008281 0.722998 0.984475 0.947775 0.052509 0.031106 0.205785 0.094336 0.514219 0.876680 0.294223 0.272812 0.143679 0.942065 0.563766 
0.477042 0.332818 0.111330 0.507106 0.229433 0.341708 0.837681 0.257709 0.309275 0.060522 0.581274 0.674444 0.337795 0.618657 0.712774 0.132304 0.013069 0.337931 0.529393 0.223052 0.964673 0.804160 0.957146 0.371547 0.872294 
0.157833 0.960611 0.051094 0.026234 0.429159 0.106547 0.791298 0.406682 0.158787 0.585878 0.610256 0.053165 0.021010 0.111106 0.837914 0.721529 0.127291 0.837884 0.636272 0.179784 0.527759 0.745041 0.335088 0.456599 0.015574 
0.504234 0.987485 0.699408 0.392396 0.912991 0.130612 0.462718 0.539835 0.525163 0.385632 0.284683 0.695855 0.387276 0.268765 0.111350 0.781068 0.949553 0.376481 0.106453 0.871104 0.106345 0.875547 0.425979 0.355112 0.226889 
0.709486 0.135772 0.703598 0.308899 0.520502 0.246303 0.813337 0.393644 0.248629 0.499574 0.676288 0.989718 0.434572 0.678521 0.132627 0.408197 0.905775 0.680715 0.085033 0.742805 0.207803 0.249619 0.502770 0.612926 0.874457 

0.073617 0.666608 0.722029 0.999282 0.331971 0.438451 0.059678 0.652150 0.809087 0.945680 0.196354 0.849825 0.244146 0.121246 0.691909 0.455628 0.175449 0.808737 0.357265 0.142582 0.905725 0.856974 0.320998 0.636167 0.420557 
0.893851 0.293463 0.416532 0.025854 0.450449 0.367989 0.669590 0.921053 0.880861 0.881425 0.459055 0.114566 0.584157 0.626946 0.355703 0.880071 0.106903 0.359265 0.112969 0.017186 0.236489 0.618865 0.909881 0.167532 0.467681 
0.612154 0.522372 0.393988 0.149627 0.735898 0.981333 0.334603 0.178171 0.344729 0.273954 0.119745 0.445161 0.111477 0.710950 0.386704 0.950738 0.292142 0.834626 0.498851 0.430831 0.884759 0.084234 0.557327 0.655772 0.461573 
0.396725 0.733932 0.542690 0.059107 0.094480 0.586940 0.160538 0.035264 0.937124 0.977837 0.564580 0.335518 0.707413 0.179741 0.460052 0.098631 0.367036 0.771367 0.103518 0.794001 0.772297 0.678046 0.930500 0.414233 0.987416 
0.615688 0.096997 0.798332 0.585381 0.627308 0.790279 0.879683 0.351830 0.488764 0.127485 0.888642 0.188097 0.917923 0.881313 0.119248 0.891599 0.753290 0.044160 0.253214 0.859565 0.491432 0.576559 0.860583 0.377436 0.183882 
0.810021 0.767572 0.443176 0.057255 0.027096 0.992196 0.286265 0.299122 0.725999 0.239219 0.615167 0.190792 0.572476 0.352095 0.246704 0.856327 0.280780 0.749675 0.257145 0.570653 0.885998 0.315362 0.273596 0.369604 0.004215 
0.287855 0.798329 0.472607 0.732212 0.368293 0.156344 0.946490 0.636179 0.324445 0.414569 0.841064 0.151487 0.829598 0.702326 0.132311 0.987598 0.029915 0.059840 0.807240 0.270716 0.129069 0.807080 0.552734 0.173887 0.022112 
0.715283 0.775925 0.872914 0.837702 0.561371 0.708097 0.083159 0.033807 0.579698 0.844568 0.037869 0.892232 0.935382 0.942809 0.382889 0.105827 0.042159 0.293968 0.202252 0.990194 0.196216 0.721957 0.680065 0.224295 0.310145 
0.418611 0.070136 0.176339 0.598505 0.271848 0.280698 0.434454 0.583346 0.646948 0.450997 0.248506 0.072430 0.451624 0.597254 0.097264 0.522031 0.137190 0.683288 0.464795 0.409801 0.432140 0.975841 0.145952 0.703812 0.688538 
0.844535 0.416831 0.717434 0.072409 0.292380 0.820329 0.922578 0.104596 0.723550 0.717780 0.953472 0.610417 0.352503 0.697523 0.974013 0.226221 0.815846 0.859383 0.073440 0.104150 0.151403 0.456671 0.302817 0.872048 0.498609 
0.325625 0.174940 0.388244 0.433446 0.179575 0.836624 0.994145 0.839163 0.538514 0.093537 0.017099 0.467781 0.404841 0.678643 0.313215 0.956307 0.158758 0.673804 0.603421 0.910437 0.980639 0.787303 0.191561 0.397307 0.308147 
0.346200 0.516987 0.643251 0.131130 0.509308 0.905749 0.539658 0.098820 0.995789 0.506802 0.548867 0.284243 0.744256 0.914190 0.267869 0.933193 0.017744 0.363798 0.749348 0.094459 0.256438 0.776228 0.757598 0.682276 0.860299 
0.563360 0.466273 0.953580 0.776658 0.812452 0.864000 0.817206 0.319429 0.743116 0.282074 0.900545 0.605048 0.980347 0.481825 0.903912 0.776253 0.382359 0.977801 0.785476 0.428271 0.371520 0.126025 0.883709 0.150056 0.226554 
0.651816 0.336542 0.762407 0.722609 0.310898 0.816415 0.993494 0.490684 0.607701 0.108256 0.850986 0.941944 0.178229 0.945768 0.746730 0.115756 0.840315 0.230364 0.937187 0.238042 0.894405 0.402257 0.790837 0.832339 0.927311 
0.296938 0.617663 0.987123 0.938259 0.331186 0.151746 0.234448 0.604419 0.583243 0.370047 0.866411 0.030333 0.465684 0.206615 0.211445 0.114826 0.875745 0.801231 0.675636 0.103925 0.487916 0.269740 0.173345 0.064329 0.319078 
0.831069 0.245570 0.745484 0.042634 0.077021 0.473339 0.523711 0.584226 0.823909 0.279553 0.625715 0.832274 0.730953 0.816655 0.322970 0.614657 0.665001 0.934943 0.792021 0.223431 0.703871 0.170257 0.882077 0.580167 0.177573 
0.520308 0.718556 0.978288 0.281968 0.193166 0.924100 0.223284 0.391741 0.891358 0.567533 0.731229 0.066563 0.427483 0.352133 0.768747 0.253228 0.210587 0.841984 0.525436 0.480375 0.004339 0.788744 0.951413 0.035363 0.196997 
0.423314 0.326532 0.043564 0.390306 0.556321 0.757843 0.836593 0.572084 0.855111 0.369896 0.068153 0.517699 0.142881 0.429339 0.877870 0.082598 0.962326 0.221544 0.577426 0.370019 0.815724 0.453645 0.150860 0.001536 0.763065 
0.688273 0.913767 0.455746 0.058704 0.889114 0.194726 0.688731 0.082763 0.497955 0.156142 0.643253 0.143787 0.440733 0.773888 0.101971 0.195133 0.987715 0.689978 0.957857 0.477091 0.162377 0.827182 0.154806 0.775462 0.380407 
0.372023 0.482861 0.499061 0.319329 0.840591 0.482449 0.720754 0.999476 0.968787 0.667715 0.365865 0.528708 0.937349 0.196907 0.955213 0.490368 0.424179 0.470814 0.084010 0.758284 0.296607 0.835499 0.191092 0.196724 0.180687 
0.451683 0.018074 0.916435 0.619718 0.183414 0.206009 0.907102 0.891441 0.451239 0.667507 0.159265 0.734984 0.983940 0.078753 0.937683 0.576625 0.534142 0.224899 0.359460 0.650816 0.335785 0.926067 0.177581 0.381200 0.159333 
0.797857 0.982251 0.828427 0.335268 0.291810 0.311720 0.814710 0.695750 0.636876 0.073973 0.153085 0.798340 0.775983 0.340408 0.638287 0.226419 0.150958 0.154090 0.256208 0.500951 0.329359 0.665255 0.734148 0.842125 0.421126 
0.990161 0.728208 0.465486 0.779220 0.212387 0.596773 0.335196 0.116291 0.225646 0.622716 0.107773 0.906875 0.427063 0.661814 0.161338 0.382307 0.484663 0.955305 0.960448 0.502837 0.612964 0.253723 0.309684 0.232311 0.924019 
0.250759 0.098133 0.996295 0.214037 0.146732 0.459118 0.171149 0.140530 0.140644 0.728492 0.996804 0.445574 0.059756 0.099761 0.672231 0.601023 0.465243 0.599642 0.449895 0.835324 0.652948 0.695715 0.630174 0.171511 0.158910 
0.150942 0.015656 0.866722 0.868494 0.542273 0.095162 0.832809 0.159351 0.189146 0.762268 0.936257 0.945165 0.565511 0.078742 0.841312 0.392569 0.486890 0.017744 0.368063 0.755877 0.023936 0.922731 0.192973 0.912168 0.245425 

0.390935 2.365022 2.302418 3.000823 2.331780 1.855900 0.575010 2.974519 1.640078 2.513963 0.835167 2.775788 1.903705 0.480728 0.617732 1.154548 1.331423 1.412151 0.978183 1.101374 1.980300 0.707258 1.159310 1.073921 0.836297 
1.868391 0.925937 1.165863 0.626154 2.561477 1.190669 1.605885 2.778376 3.293036 2.858243 1.206088 1.635582 1.284266 1.525088 2.024307 2.384827 0.990977 0.718276 0.220971 0.441059 0.379741 1.627548 2.079938 0.562647 0.897036 
-0.587797 2.951623 1.525862 2.331489 2.604410 2.874716 1.233171 1.736698 0.962406 2.392174 2.227454 2.075880 2.007511 2.889151 1.120576 2.993527 1.733210 2.319386 0.948749 1.319708 0.920258 0.897955 1.355295 1.334449 0.913600 
-0.787258 -1.725550 1.233552 0.853358 1.536320 2.248407 0.927486 1.273649 2.615689 2.668100 1.555797 2.256819 2.254299 1.202226 1.554360 0.358547 2.745669 3.039727 0.574652 3.328504 1.086197 0.931035 1.524357 0.636449 1.641067 
-0.808437 0.101356 -1.491084 -0.776903 1.757151 2.780879 1.922860 2.471800 1.669829 0.752031 3.017571 1.399731 3.563478 1.913793 1.838669 2.953498 2.612216 1.120572 0.290474 2.301579 2.633201 2.618092 1.166049 0.593692 1.026856 
-0.853732 -1.649399 -1.600997 -0.487247 -1.038666 3.312787 1.268734 1.349567 1.950287 2.976174 2.497356 0.852581 2.150657 2.650009 0.903928 3.056870 0.682713 3.532528 0.804865 3.274444 3.299094 2.087085 0.864833 1.993696 1.021361 
-0.711555 -0.696073 -1.248111 -1.517707 -1.206902 -0.185965 3.902299 2.140811 2.547281 1.700481 3.248459 1.618419 3.702489 2.872495 1.867890 3.980689 1.180957 2.151104 2.643954 1.596469 1.320134 1.409062 1.409988 0.590002 0.581960 
-1.333744 -1.107359 -2.156515 -1.910272 -1.463672 -1.422558 -0.961991 -0.039503 1.772756 2.610097 1.077621 3.742899 2.141509 2.435516 1.108182 0.582179 2.238759 0.527916 1.988969 3.971401 1.376537 1.742511 1.406277 1.389778 2.097429 
-0.389948 -0.740460 -0.507016 -0.971399 -1.145064 -1.211727 -0.770223 -1.238518 -0.586331 1.976395 0.769399 1.945213 1.409438 2.713193 1.615405 3.227852 0.866440 1.393015 1.361733 1.238332 1.194251 2.084567 1.480594 2.297740 2.968032 
-1.547865 -0.835647 -0.758077 -1.081888 -1.085884 -1.486157 -1.349422 -0.716994 -1.106175 -1.312930 2.911358 1.559500 2.198038 2.091795 2.881063 0.395166 1.808653 3.403008 0.308335 1.164436 -1.242338 -2.326429 -2.231146 -2.215749 -1.223036 
-0.539732 -0.872268 -0.211581 -1.402103 -0.767726 -1.072193 -1.832317 -1.219094 -0.590130 -0.547739 0.012145 1.781787 2.093412 -2.310554 -1.750073 -2.456739 -1.845336 -3.280410 -2.550318 -3.027426 -3.475440 -3.086186 -1.278066 -1.004486 -1.263800 
-1.119250 -1.608244 -1.354387 -0.071217 -1.016189 -1.002395 -0.989179 -0.893209 -1.607352 -1.268485 -1.520611 -1.389598 -2.706919 -3.062169 -0.183303 -1.713753 -1.283635 -1.772274 -2.240228 -1.142007 -0.631053 -1.368277 -3.026141 -2.699442 -3.800284 
-1.196042 -0.807848 -1.613965 -1.388621 -1.515733 -1.602330 -1.981621 -1.125237 -0.987802 -0.798539 -1.285153 -1.460443 -2.479547 -1.065221 -3.467588 -1.845892 -2.211338 -2.107246 -1.589204 -2.485983 -2.086772 -1.874447 -2.983145 -1.661394 -1.247546 
-1.772484 -0.138009 -1.452620 -1.000743 -0.742029 -0.717823 -1.545917 -0.825715 -0.900342 -0.084774 -1.666810 -2.523234 -2.096643 -2.269188 -3.082066 -0.376714 -3.930450 -1.073045 -3.198481 -1.875296 -1.953361 -2.607943 -1.821146 -1.763609 -2.913481 
-0.801150 -1.668951 -1.373785 -1.509341 -1.169566 -0.728614 -0.768064 -1.172265 -0.502118 -0.378719 -1.076168 -1.164477 -1.658278 -2.329501 -2.045221 -1.684724 -3.689687 -3.426546 -1.553646 -0.726802 -2.623281 -2.422644 -1.795005 -1.042884 -2.325243 
-2.016654 -0.795957 -1.115761 -0.959502 -0.866349 -1.384701 -1.674990 -1.441459 -1.366896 -0.944796 -0.769937 -3.548682 -1.895798 -2.798951 -2.043260 -1.548381 -2.012210 -3.527224 -1.367889 -1.426774 -0.992568 -0.643641 -2.500100 -2.474614 -1.272010 
-0.410989 -1.435767 -1.346211 -0.974651 -0.448569 -1.544983 -0.909588 -0.711701 -1.717468 -0.770069 -0.802015 -0.495016 -2.010712 -2.769267 -3.801231 -2.260202 -1.691006 -3.302758 -1.378878 -1.677908 -1.247061 -1.425324 -3.426345 -0.821262 -1.477193 
-0.438195 -0.701475 -0.334446 -0.457918 -0.899610 -1.048065 -0.845691 -1.383347 -0.802092 -0.586146 -0.454964 -1.499685 -1.315906 -1.980088 -3.658965 -1.137716 -2.922398 -1.778304 -2.443080 -1.583851 -2.439002 -2.526383 -2.356928 -1.823111 -2.638478 
-0.933653 -1.634403 -1.431991 -0.556176 -1.564589 -0.929900 -1.357607 -0.222334 -1.244778 -1.002614 -1.321165 -2.433860 -2.627065 -2.393711 -1.773935 -0.979152 -2.383883 -1.664801 -2.644884 -0.722019 -1.890705 -2.038036 -2.222473 -3.108913 -2.065607 
-0.936585 -0.973783 -1.539968 -1.316994 -1.189244 -0.964635 -1.020741 -0.721693 -1.310495 -1.082898 -1.075697 -1.282838 -2.696260 -1.013006 -3.477668 -2.932170 -2.561786 -1.202384 -1.571843 -2.509148 -0.753952 -3.062562 -1.763995 -1.628251 -0.194090 
-0.777933 -0.795570 -1.787855 -0.878301 -0.969288 -0.521977 -1.717519 -1.461174 -1.381867 -0.911224 0.049353 -3.016861 -4.013834 -2.170290 -2.226118 -1.296480 -1.304467 -0.978259 -0.099248 0.077019 -0.227282 -0.412441 0.036411 0.184708 0.303197 
-1.613356 -1.242161 -0.968265 -0.968293 -0.447292 -0.693624 -1.769473 -1.195210 -0.850541 -0.406649 -0.496412 -2.755666 0.379156 0.005795 0.002365 0.333564 -0.229393 0.369063 0.141855 0.000300 -0.054311 -0.420908 -0.023301 -0.145425 0.434856 
-1.026826 -1.619080 -0.628395 -0.892114 -0.508464 -0.906024 -1.622148 -0.659040 -0.666878 -0.796371 -0.339637 -0.000229 0.507760 -0.087612 -0.125352 0.112114 0.009976 0.186247 0.135218 -0.085035 -0.325450 0.161062 -0.194015 0.468584 0.441956 
-0.918231 -1.342146 -1.348368 -0.464773 -0.871704 -0.515459 -0.567779 -0.890415 -0.770164 -1.116084 0.146122 -0.019073 0.181909 -0.153094 0.031121 -0.439074 0.379643 0.367147 -0.077939 0.126848 -0.332349 0.103981 0.197471 -0.031411 0.254073 
-0.721118 -0.155967 -1.491338 -0.874060 -1.326459 -0.674133 -1.754933 -0.864713 -0.182417 0.369874 -0.105882 -0.329622 -0.012410 0.151368 -0.016768 0.265913 0.071294 -0.464080 0.238890 0.441731 0.022824 -0.389026 0.311216 0.164927 0.052997 

1 1 1 1 1 1 1 1 1 1 1 1 1 1 0 0 0 0 0 0 0 0 0 0 0 
1 1 1 1 1 1 1 1 1 1 1 1 1 1 1 1 0 0 0 0 0 0 0 0 0 
2 1 1 1 1 1 1 1 1 1 1 1 1 1 1 1 1 1 0 0 0 0 0 0 0 
2 2 1 1 1 1 1 1 1 1 1 1 1 1 1 1 1 1 1 1 0 0 0 0 0 
2 2 2 2 1 1 1 1 1 1 1 1 1 1 1 1 1 1 1 1 1 1 0 0 0 
2 2 2 2 2 1 1 1 1 1 1 1 1 1 1 1 1 1 1 1 1 1 1 1 0 
2 2 2 2 2 2 1 1 1 1 1 1 1 1 1 1 1 1 1 1 1 1 1 1 1 
2 2 2 2 2 2 2 1 1 1 1 1 1 1 1 1 1 1 1 1 1 1 1 1 1 
2 2 2 2 2 2 2 2 2 1 1 1 1 1 1 1 1 1 1 1 1 1 1 1 1 
2 2 2 2 2 2 2 2 2 2 1 1 1 1 1 1 1 1 1 1 4 4 4 4 4 
2 2 2 2 2 2 2 2 2 2 2 1 1 4 4 4 4 4 4 4 4 4 4 4 4 
2 2 2 2 2 2 2 2 2 2 2 4 4 4 4 4 4 4 4 4 4 4 4 4 4 
2 2 2 2 2 2 2 2 2 2 2 4 4 4 4 4 4 4 4 4 4 4 4 4 4 
2 2 2 2 2 2 2 2 2 2 2 4 4 4 4 4 4 4 4 4 4 4 4 4 4 
2 2 2 2 2 2 2 2 2 2 2 4 4 4 4 4 4 4 4 4 4 4 4 4 4 
2 2 2 2 2 2 2 2 2 2 2 4 4 4 4 4 4 4 4 4 4 4 4 4 4 
2 2 2 2 2 2 2 2 2 2 2 4 4 4 4 4 4 4 4 4 4 4 4 4 4 
2 2 2 2 2 2 2 2 2 2 2 4 4 4 4 4 4 4 4 4 4 4 4 4 4 
2 2 2 2 2 2 2 2 2 2 2 4 4 4 4 4 4 4 4 4 4 4 4 4 4 
2 2 2 2 2 2 2 2 2 2 2 4 4 4 4 4 4 4 4 4 4 4 4 4 3 
2 2 2 2 2 2 2 2 2 2 2 4 4 4 4 4 4 4 3 3 3 3 3 3 3 
2 2 2 2 2 2 2 2 2 2 2 4 3 3 3 3 3 3 3 3 3 3 3 3 3 
2 2 2 2 2 2 2 2 2 2 3 3 3 3 3 3 3 3 3 3 3 3 3 3 3 
2 2 2 2 2 2 2 2 2 2 3 3 3 3 3 3 3 3 3 3 3 3 3 3 3 
2 2 2 2 2 2 2 2 2 3 3 3 3 3 3 3 3 3 3 3 3 3 3 3 3 

2.0 2.0 2.0 2.0 2.0 2.0 2.0 2.0 2.0 2.0 2.0 2.0 2.0 2.0 1.0 1.0 1.0 1.0 1.0 1.0 1.0 1.0 1.0 1.0 1.0 
2.0 2.0 2.0 2.0 2.0 2.0 2.0 2.0 2.0 2.0 2.0 2.0 2.0 2.0 2.0 2.0 1.0 1.0 1.0 1.0 1.0 1.0 1.0 1.0 1.0 
-1.0 2.0 2.0 2.0 2.0 2.0 2.0 2.0 2.0 2.0 2.0 2.0 2.0 2.0 2.0 2.0 2.0 2.0 1.0 1.0 1.0 1.0 1.0 1.0 1.0 
-1.0 -1.0 2.0 2.0 2.0 2.0 2.0 2.0 2.0 2.0 2.0 2.0 2.0 2.0 2.0 2.0 2.0 2.0 2.0 2.0 1.0 1.0 1.0 1.0 1.0 
-1.0 -1.0 -1.0 -1.0 2.0 2.0 2.0 2.0 2.0 2.0 2.0 2.0 2.0 2.0 2.0 2.0 2.0 2.0 2.0 2.0 2.0 2.0 1.0 1.0 1.0 
-1.0 -1.0 -1.0 -1.0 -1.0 2.0 2.0 2.0 2.0 2.0 2.0 2.0 2.0 2.0 2.0 2.0 2.0 2.0 2.0 2.0 2.0 2.0 2.0 2.0 1.0 
-1.0 -1.0 -1.0 -1.0 -1.0 -1.0 2.0 2.0 2.0 2.0 2.0 2.0 2.0 2.0 2.0 2.0 2.0 2.0 2.0 2.0 2.0 2.0 2.0 2.0 2.0 
-1.0 -1.0 -1.0 -1.0 -1.0 -1.0 -1.0 2.0 2.0 2.0 2.0 2.0 2.0 2.0 2.0 2.0 2.0 2.0 2.0 2.0 2.0 2.0 2.0 2.0 2.0 
-1.0 -1.0 -1.0 -1.0 -1.0 -1.0 -1.0 -1.0 -1.0 2.0 2.0 2.0 2.0 2.0 2.0 2.0 2.0 2.0 2.0 2.0 2.0 2.0 2.0 2.0 2.0 
-1.0 -1.0 -1.0 -1.0 -1.0 -1.0 -1.0 -1.0 -1.0 -1.0 2.0 2.0 2.0 2.0 2.0 2.0 2.0 2.0 2.0 2.0 -2.0 -2.0 -2.0 -2.0 -2.0 
-1.0 -1.0 -1.0 -1.0 -1.0 -1.0 -1.0 -1.0 -1.0 -1.0 -1.0 2.0 2.0 -2.0 -2.0 -2.0 -2.0 -2.0 -2.0 -2.0 -2.0 -2.0 -2.0 -2.0 -2.0 
-1.0 -1.0 -1.0 -1.0 -1.0 -1.0 -1.0 -1.0 -1.0 -1.0 -1.0 -2.0 -2.0 -2.0 -2.0 -2.0 -2.0 -2.0 -2.0 -2.0 -2.0 -2.0 -2.0 -2.0 -2.0 
-1.0 -1.0 -1.0 -1.0 -1.0 -1.0 -1.0 -1.0 -1.0 -1.0 -1.0 -2.0 -2.0 -2.0 -2.0 -2.0 -2.0 -2.0 -2.0 -2.0 -2.0 -2.0 -2.0 -2.0 -2.0 
-1.0 -1.0 -1.0 -1.0 -1.0 -1.0 -1.0 -1.0 -1.0 -1.0 -1.0 -2.0 -2.0 -2.0 -2.0 -2.0 -2.0 -2.0 -2.0 -2.0 -2.0 -2.0 -2.0 -2.0 -2.0 
-1.0 -1.0 -1.0 -1.0 -1.0 -1.0 -1.0 -1.0 -1.0 -1.0 -1.0 -2.0 -2.0 -2.0 -2.0 -2.0 -2.0 -2.0 -2.0 -2.0 -2.0 -2.0 -2.0 -2.0 -2.0 
-1.0 -1.0 -1.0 -1.0 -1.0 -1.0 -1.0 -1.0 -1.0 -1.0 -1.0 -2.0 -2.0 -2.0 -2.0 -2.0 -2.0 -2.0 -2.0 -2.0 -2.0 -2.0 -2.0 -2.0 -2.0 
-1.0 -1.0 -1.0 -1.0 -1.0 -1.0 -1.0 -1.0 -1.0 -1.0 -1.0 -2.0 -2.0 -2.0 -2.0 -2.0 -2.0 -2.0 -2.0 -2.0 -2.0 -2.0 -2.0 -2.0 -2.0 
-1.0 -1.0 -1.0 -1.0 -1.0 -1.0 -1.0 -1.0 -1.0 -1.0 -1.0 -2.0 -2.0 -2.0 -2.0 -2.0 -2.0 -2.0 -2.0 -2.0 -2.0 -2.0 -2.0 -2.0 -2.0 
-1.0 -1.0 -1.0 -1.0 -1.0 -1.0 -1.0 -1.0 -1.0 -1.0 -1.0 -2.0 -2.0 -2.0 -2.0 -2.0 -2.0 -2.0 -2.0 -2.0 -2.0 -2.0 -2.0 -2.0 -2.0 
-1.0 -1.0 -1.0 -1.0 -1.0 -1.0 -1.0 -1.0 -1.0 -1.0 -1.0 -2.0 -2.0 -2.0 -2.0 -2.0 -2.0 -2.0 -2.0 -2.0 -2.0 -2.0 -2.0 -2.0 0.0 
-1.0 -1.0 -1.0 -1.0 -1.0 -1.0 -1.0 -1.0 -1.0 -1.0 -1.0 -2.0 -2.0 -2.0 -2.0 -2.0 -2.0 -2.0 0.0 0.0 0.0 0.0 0.0 0.0 0.0 
-1.0 -1.0 -1.0 -1.0 -1.0 -1.0 -1.0 -1.0 -1.0 -1.0 -1.0 -2.0 0.0 0.0 0.0 0.0 0.0 0.0 0.0 0.0 0.0 0.0 0.0 0.0 0.0 
-1.0 -1.0 -1.0 -1.0 -1.0 -1.0 -1.0 -1.0 -1.0 -1.0 0.0 0.0 0.0 0.0 0.0 0.0 0.0 0.0 0.0 0.0 0.0 0.0 0.0 0.0 0.0 
-1.0 -1.0 -1.0 -1.0 -1.0 -1.0 -1.0 -1.0 -1.0 -1.0 0.0 0.0 0.0 0.0 0.0 0.0 0.0 0.0 0.0 0.0 0.0 0.0 0.0 0.0 0.0 
-1.0 -1.0 -1.0 -1.0 -1.0 -1.0 -1.0 -1.0 -1.0 0.0 0.0 0.0 0.0 0.0 0.0 0.0 0.0 0.0 0.0 0.0 0.0 0.0 0.0 0.0 0.0 

2.0 2.0 2.0 2.0 2.0 2.0 2.0 2.0 2.0 2.0 2.0 2.0 2.0 2.0 1.0 1.0 1.0 1.0 1.0 1.0 1.0 1.0 1.0 1.0 1.0 
2.0 2.0 2.0 2.0 2.0 2.0 2.0 2.0 2.0 2.0 2.0 2.0 2.0 2.0 2.0 2.0 1.0 1.0 1.0 1.0 1.0 1.0 1.0 1.0 1.0 
-1.0 2.0 2.0 2.0 2.0 2.0 2.0 2.0 2.0 2.0 2.0 2.0 2.0 2.0 2.0 2.0 2.0 2.0 1.0 1.0 1.0 1.0 1.0 1.0 1.0 
-1.0 -1.0 2.0 2.0 2.0 2.0 2.0 2.0 2.0 2.0 2.0 2.0 2.0 2.0 2.0 2.0 2.0 2.0 2.0 2.0 1.0 1.0 1.0 1.0 1.0 
-1.0 -1.0 -1.0 -1.0 2.0 2.0 2.0 2.0 2.0 2.0 2.0 2.0 2.0 2.0 2.0 2.0 2.0 2.0 2.0 2.0 2.0 2.0 1.0 1.0 1.0 
-1.0 -1.0 -1.0 -1.0 -1.0 2.0 2.0 2.0 2.0 2.0 2.0 2.0 2.0 2.0 2.0 2.0 2.0 2.0 2.0 2.0 2.0 2.0 2.0 2.0 1.0 
-1.0 -1.0 -1.0 -1.0 -1.0 -1.0 2.0 2.0 2.0 2.0 2.0 2.0 2.0 2.0 2.0 2.0 2.0 2.0 2.0 2.0 2.0 2.0 2.0 2.0 2.0 
-1.0 -1.0 -1.0 -1.0 -1.0 -1.0 -1.0 2.0 2.0 2.0 2.0 2.0 2.0 2.0 2.0 2.0 2.0 2.0 2.0 2.0 2.0 2.0 2.0 2.0 2.0 
-1.0 -1.0 -1.0 -1.0 -1.0 -1.0 -1.0 -1.0 -1.0 2.0 2.0 2.0 2.0 2.0 2.0 2.0 2.0 2.0 2.0 2.0 2.0 2.0 2.0 2.0 2.0 
-1.0 -1.0 -1.0 -1.0 -1.0 -1.0 -1.0 -1.0 -1.0 -1.0 2.0 2.0 2.0 2.0 2.0 2.0 2.0 2.0 2.0 2.0 -2.0 -2.0 -2.0 -2.0 -2.0 
-1.0 -1.0 -1.0 -1.0 -1.0 -1.0 -1.0 -1.0 -1.0 -1.0 -1.0 2.0 2.0 -2.0 -2.0 -2.0 -2.0 -2.0 -2.0 -2.0 -2.0 -2.0 -2.0 -2.0 -2.0 
-1.0 -1.0 -1.0 -1.0 -1.0 -1.0 -1.0 -1.0 -1.0 -1.0 -1.0 -2.0 -2.0 -2.0 -2.0 -2.0 -2.0 -2.0 -2.0 -2.0 -2.0 -2.0 -2.0 -2.0 -2.0 
-1.0 -1.0 -1.0 -1.0 -1.0 -1.0 -1.0 -1.0 -1.0 -1.0 -1.0 -2.0 -2.0 -2.0 -2.0 -2.0 -2.0 -2.0 -2.0 -2.0 -2.0 -2.0 -2.0 -2.0 -2.0 
-1.0 -1.0 -1.0 -1.0 -1.0 -1.0 -1.0 -1.0 -1.0 -1.0 -1.0 -2.0 -2.0 -2.0 -2.0 -2.0 -2.0 -2.0 -2.0 -2.0 -2.0 -2.0 -2.0 -2.0 -2.0 
-1.0 -1.0 -1.0 -1.0 -1.0 -1.0 -1.0 -1.0 -1.0 -1.0 -1.0 -2.0 -2.0 -2.0 -2.0 -2.0 -2.0 -2.0 -2.0 -2.0 -2.0 -2.0 -2.0 -2.0 -2.0 
-1.0 -1.0 -1.0 -1.0 -1.0 -1.0 -1.0 -1.0 -1.0 -1.0 -1.0 -2.0 -2.0 -2.0 -2.0 -2.0 -2.0 -2.0 -2.0 -2.0 -2.0 -2.0 -2.0 -2.0 -2.0 
-1.0 -1.0 -1.0 -1.0 -1.0 -1.0 -1.0 -1.0 -1.0 -1.0 -1.0 -2.0 -2.0 -2.0 -2.0 -2.0 -2.0 -2.0 -2.0 -2.0 -2.0 -2.0 -2.0 -2.0 -2.0 
-1.0 -1.0 -1.0 -1.0 -1.0 -1.0 -1.0 -1.0 -1.0 -1.0 -1.0 -2.0 -2.0 -2.0 -2.0 -2.0 -2.0 -2.0 -2.0 -2.0 -2.0 -2.0 -2.0 -2.0 -2.0 
-1.0 -1.0 -1.0 -1.0 -1.0 -1.0 -1.0 -1.0 -1.0 -1.0 -1.0 -2.0 -2.0 -2.0 -2.0 -2.0 -2.0 -2.0 -2.0 -2.0 -2.0 -2.0 -2.0 -2.0 -2.0 
-1.0 -1.0 -1.0 -1.0 -1.0 -1.0 -1.0 -1.0 -1.0 -1.0 -1.0 -2.0 -2.0 -2.0 -2.0 -2.0 -2.0 -2.0 -2.0 -2.0 -2.0 -2.0 -2.0 -2.0 0.0 
-1.0 -1.0 -1.0 -1.0 -1.0 -1.0 -1.0 -1.0 -1.0 -1.0 -1.0 -2.0 -2.0 -2.0 -2.0 -2.0 -2.0 -2.0 0.0 0.0 0.0 0.0 0.0 0.0 0.0 
-1.0 -1.0 -1.0 -1.0 -1.0 -1.0 -1.0 -1.0 -1.0 -1.0 -1.0 -2.0 0.0 0.0 0.0 0.0 0.0 0.0 0.0 0.0 0.0 0.0 0.0 0.0 0.0 
-1.0 -1.0 -1.0 -1.0 -1.0 -1.0 -1.0 -1.0 -1.0 -1.0 0.0 0.0 0.0 0.0 0.0 0.0 0.0 0.0 0.0 0.0 0.0 0.0 0.0 0.0 0.0 
-1.0 -1.0 -1.0 -1.0 -1.0 -1.0 -1.0 -1.0 -1.0 -1.0 0.0 0.0 0.0 0.0 0.0 0.0 0.0 0.0 0.0 0.0 0.0 0.0 0.0 0.0 0.0 
-1.0 -1.0 -1.0 -1.0 -1.0 -1.0 -1.0 -1.0 -1.0 0.0 0.0 0.0 0.0 0.0 0.0 0.0 0.0 0.0 0.0 0.0 0.0 0.0 0.0 0.0 0.0 

