0.085781 0.982790 0.431014 0.118348 0.013992 0.067145 0.314842 0.952094 0.055015 0.365892 0.818670 0.016583 0.887728 0.749803 0.054606 0.721854 0.785966 0.715790 0.059846 0.109302 0.808059 0.096802 0.476657 0.813209 0.693971 
0.032983 0.333602 0.499282 0.694071 0.339077 0.936227 0.712475 0.192477 0.220312 0.549603 0.177484 0.303680 0.656907 0.326487 0.970741 0.948444 0.523173 0.383682 0.213390 0.846700 0.356547 0.860381 0.321792 0.596158 0.722627 
0.477562 0.723017 0.114897 0.743585 0.661993 0.582586 0.437475 0.522264 0.974518 0.690270 0.677132 0.892683 0.462695 0.428380 0.593517 0.938356 0.149621 0.066792 0.277591 0.351750 0.301473 0.051347 0.306852 0.527615 0.329227 
0.667770 0.864958 0.152716 0.216055 0.501313 0.296742 0.910947 0.229457 0.619178 0.797762 0.673255 0.560121 0.944676 0.973564 0.414310 0.510307 0.335555 0.615330 0.426107 0.177536 0.382527 0.070999 0.477764 0.864634 0.031850 
0.478093 0.757685 0.427075 0.402735 0.308353 0.273954 0.125323 0.078502 0.500331 0.803248 0.360201 0.180550 0.207181 0.472174 0.038692 0.182044 0.290014 0.222398 0.206260 0.635030 0.476038 0.060187 0.786367 0.525034 0.877395 
0.082283 0.201519 0.129592 0.576200 0.283874 0.395409 0.395000 0.577693 0.669718 0.818256 0.269358 0.182344 0.244743 0.811128 0.300371 0.063546 0.607489 0.595588 0.726745 0.925459 0.799976 0.711543 0.025855 0.796798 0.039178 
0.294056 0.379411 0.314693 0.677490 0.285346 0.112565 0.954433 0.580824 0.548624 0.713126 0.345983 0.523588 0.103246 0.053509 0.268922 0.705398 0.124531 0.011129 0.229093 0.463041 0.591943 0.443013 0.281194 0.927600 0.923529 
0.189743 0.360778 0.560391 0.931545 0.529392 0.759168 0.148323 0.878882 0.757433 0.525986 0.299774 0.233297 0.599999 0.538539 0.696936 0.335474 0.187813 0.588769 0.846062 0.264559 0.297169 0.270005 0.318918 0.311747 0.236025 
0.622409 0.159748 0.707478 0.250683 0.861078 0.959984 0.096713 0.566971 0.686072 0.074944 0.785739 0.431262 0.309292 0.597767 0.667621 0.023620 0.416233 0.531387 0.061450 0.060209 0.256901 0.643116 0.308037 0.428348 0.684652 
0.217166 0.358127 0.193116 0.448022 0.298041 0.557644 0.741309 0.247673 0.148210 0.029387 0.983042 0.698311 0.687018 0.921040 0.124885 0.960486 0.784476 0.365331 0.772251 0.786405 0.358575 0.849777 0.949284 0.852894 0.859757 
0.807823 0.099228 0.675384 0.756118 0.829333 0.492061 0.233120 0.961187 0.721903 0.778184 0.476597 0.288824 0.204187 0.668323 0.239730 0.566245 0.791822 0.585109 0.209555 0.516609 0.070453 0.173243 0.687233 0.784880 0.210260 
0.694774 0.349115 0.581799 0.717464 0.337306 0.384944 0.838548 0.075800 0.511496 0.718814 0.497492 0.738133 0.046355 0.343242 0.856106 0.150096 0.560413 0.220365 0.922051 0.808709 0.916577 0.597585 0.563546 0.665400 0.240878 
0.111380 0.467900 0.033670 0.033754 0.678413 0.091810 0.339035 0.183779 0.865464 0.813390 0.194190 0.868662 0.235731 0.606159 0.696585 0.722577 0.388214 0.984733 0.692923 0.838246 0.575934 0.273383 0.352856 0.588272 0.139690 
0.285196 0.434906 0.220519 0.956660 0.618996 0.872202 0.585351 0.879618 0.577872 0.961305 0.424665 0.059857 0.709747 0.326613 0.332123 0.375169 0.153250 0.423404 0.917263 0.973065 0.027963 0.759412 0.019349 0.521433 0.568712 
0.539171 0.840416 0.594042 0.405185 0.834097 0.546353 0.736192 0.341527 0.063363 0.032647 0.446937 0.764229 0.696429 0.145966 0.425862 0.245305 0.479348 0.621694 0.107271 0.192807 0.461833 0.834237 0.989894 0.398089 0.008886 
0.887448 0.211498 0.669266 0.304313 0.102362 0.560322 0.777927 0.013494 0.424804 0.322419 0.549046 0.813826 0.174757 0.451768 0.668788 0.841181 0.031270 0.687751 0.045186 0.010951 0.097549 0.154734 0.928710 0.372180 0.624272 
0.537624 0.455130 0.938072 0.197132 0.166778 0.967890 0.175578 0.397968 0.298883 0.784129 0.785618 0.814595 0.682344 0.069762 0.796376 0.086876 0.854133 0.653227 0.672537 0.884465 0.499732 0.629189 0.324826 0.452486 0.910719 
0.605988 0.559004 0.894463 0.357095 0.029540 0.477580 0.952485 0.735635 0.211012 0.826280 0.413108 0.647677 0.102265 0.521810 0.682460 0.273906 0.159098 0.200475 0.564492 0.598592 0.428785 0.390580 0.023561 0.942629 0.590829 
0.253287 0.442067 0.382575 0.741144 0.610937 0.241563 0.246880 0.746653 0.025356 0.589623 0.340525 0.321787 0.175612 0.400457 0.654096 0.535816 0.641859 0.069644 0.134979 0.074956 0.755133 0.262457 0.777739 0.157569 0.724321 
0.750885 0.109096 0.047267 0.621367 0.747416 0.747296 0.922130 0.555203 0.514609 0.209020 0.884464 0.363444 0.041234 0.909439 0.590794 0.815561 0.568619 0.593963 0.436251 0.679925 0.094641 0.170716 0.036051 0.995687 0.760890 
0.752877 0.344028 0.286686 0.877750 0.914670 0.286459 0.630137 0.365309 0.889738 0.097654 0.169086 0.766335 0.834774 0.403176 0.567991 0.704141 0.101389 0.446259 0.373109 0.656294 0.513065 0.105445 0.990291 0.682304 0.330724 
0.772884 0.166424 0.956965 0.785561 0.682627 0.200647 0.533567 0.650713 0.304335 0.877919 0.654956 0.367292 0.836622 0.823909 0.083548 0.546265 0.537889 0.695229 0.668493 0.203873 0.757587 0.740919 0.203235 0.294729 0.171327 
0.873082 0.362372 0.143200 0.865600 0.456661 0.448801 0.199221 0.710388 0.737645 0.295809 0.773586 0.753743 0.489811 0.732604 0.910247 0.798735 0.764232 0.997185 0.239778 0.495255 0.612213 0.148867 0.505188 0.778495 0.902799 
0.097605 0.997279 0.524289 0.166022 0.152876 0.613466 0.413277 0.572457 0.545533 0.082714 0.634595 0.448055 0.392923 0.685328 0.713813 0.210096 0.227723 0.428391 0.515722 0.615991 0.239312 0.865683 0.657901 0.602843 0.152256 
0.351116 0.848350 0.140367 0.929162 0.302385 0.962552 0.096783 0.079866 0.182372 0.482440 0.457431 0.076899 0.525340 0.513346 0.298939 0.195837 0.963055 0.570565 0.645709 0.557973 0.962508 0.076083 0.062457 0.175878 0.366391 

0.295949 0.887023 0.250972 0.564054 0.626159 0.155054 0.763356 0.877223 0.536181 0.798332 0.364304 0.335934 0.057323 0.256387 0.984648 0.314046 0.992523 0.485074 0.522047 0.459491 0.767585 0.417657 0.222037 0.818014 0.821610 
0.121008 0.677726 0.612439 0.469380 0.283332 0.230526 0.087615 0.044721 0.397143 0.057248 0.282478 0.914167 0.809618 0.827825 0.596995 0.756301 0.244347 0.164398 0.218769 0.051952 0.206829 0.249467 0.395220 0.531742 0.127675 
0.159201 0.022083 0.117494 0.848695 0.121207 0.236306 0.618083 0.097375 0.743373 0.988838 0.725578 0.929662 0.388254 0.288095 0.970006 0.708803 0.368264 0.275457 0.606360 0.931873 0.345652 0.107800 0.342579 0.574324 0.169721 
0.508601 0.360758 0.441440 0.041236 0.099126 0.691540 0.527254 0.183293 0.012034 0.875410 0.577569 0.794132 0.832897 0.224453 0.014046 0.182419 0.877247 0.350342 0.479168 0.322650 0.129310 0.145773 0.623177 0.750516 0.446307 
0.497338 0.835580 0.644579 0.113722 0.184236 0.501005 0.312566 0.752744 0.277345 0.205203 0.294319 0.979372 0.545821 0.339077 0.072786 0.069265 0.764336 0.388660 0.643625 0.001415 0.483417 0.159705 0.048894 0.315150 0.806926 
0.915376 0.698657 0.739224 0.957558 0.491312 0.073953 0.940335 0.984768 0.970399 0.588009 0.653553 0.649680 0.933132 0.363533 0.384523 0.893920 0.265318 0.583422 0.862030 0.873463 0.248247 0.207711 0.373538 0.838280 0.801925 
0.754419 0.257296 0.989881 0.220700 0.447107 0.012804 0.700384 0.086523 0.262726 0.416758 0.111037 0.410835 0.763429 0.784573 0.038096 0.718477 0.095115 0.819323 0.301574 0.974585 0.715090 0.745374 0.079198 0.783246 0.481534 
0.937422 0.125271 0.188341 0.231558 0.000237 0.352892 0.210166 0.733683 0.868409 0.093002 0.052520 0.667873 0.398386 0.415713 0.711504 0.883688 0.269690 0.106355 0.027610 0.630647 0.610404 0.607854 0.827181 0.713559 0.912487 
0.770443 0.072008 0.144316 0.384753 0.654872 0.197319 0.303408 0.468044 0.198925 0.171103 0.651431 0.955323 0.784345 0.502442 0.660253 0.438466 0.985093 0.891607 0.582574 0.287231 0.955681 0.225525 0.506033 0.408307 0.899064 
0.037959 0.854721 0.316401 0.106775 0.683373 0.803702 0.283932 0.598425 0.110040 0.773607 0.397781 0.136161 0.433563 0.874895 0.503112 0.595315 0.264435 0.796233 0.634530 0.166898 0.754344 0.846677 0.052966 0.761673 0.423951 
0.571689 0.665229 0.271669 0.940525 0.860216 0.917707 0.246995 0.925148 0.084999 0.101191 0.639963 0.267660 0.374574 0.715116 0.201535 0.832624 0.804933 0.804331 0.081011 0.786539 0.112089 0.927944 0.991459 0.822946 0.211097 
0.676329 0.028658 0.959292 0.806516 0.071965 0.079031 0.937445 0.565072 0.918798 0.806230 0.818039 0.507058 0.652876 0.076594 0.423265 0.609209 0.692293 0.924206 0.406417 0.278421 0.330729 0.143579 0.003306 0.895750 0.421517 
0.262686 0.390010 0.850848 0.550045 0.743384 0.831089 0.221340 0.978452 0.360733 0.935446 0.782373 0.075575 0.274921 0.289120 0.087756 0.686079 0.342484 0.991703 0.981199 0.411353 0.307960 0.556381 0.736271 0.563647 0.325744 
0.363384 0.047819 0.770957 0.441355 0.986957 0.468831 0.370980 0.966268 0.904784 0.000677 0.817745 0.220876 0.711384 0.470655 0.159498 0.298919 0.401969 0.281644 0.343308 0.083612 0.163195 0.982743 0.365163 0.193536 0.810797 
0.925204 0.042746 0.665969 0.340652 0.668019 0.275655 0.885634 0.495400 0.365295 0.857472 0.513176 0.382621 0.466134 0.336909 0.100873 0.873923 0.731018 0.286371 0.736760 0.535928 0.089437 0.846005 0.183454 0.542775 0.619629 
0.895162 0.800044 0.688327 0.713706 0.038982 0.090351 0.062491 0.469653 0.957049 0.439671 0.961399 0.450915 0.142844 0.884841 0.231518 0.040145 0.513903 0.109150 0.742858 0.427062 0.260801 0.588104 0.484940 0.929719 0.271436 
0.045443 0.306181 0.173356 0.924680 0.841639 0.005100 0.469210 0.020499 0.506590 0.939563 0.949341 0.120179 0.221212 0.732719 0.143393 0.046216 0.641903 0.552645 0.389210 0.557439 0.897290 0.473151 0.929087 0.710512 0.386898 
0.060444 0.808086 0.449640 0.753284 0.759117 0.665111 0.677843 0.863843 0.044540 0.573496 0.166259 0.100721 0.435221 0.326319 0.275897 0.408147 0.203114 0.239869 0.968918 0.371420 0.906609 0.653452 0.153541 0.763431 0.679541 
0.096196 0.342283 0.474495 0.115079 0.532169 0.161523 0.796816 0.004789 0.521048 0.036587 0.014586 0.777617 0.729841 0.941364 0.705502 0.739649 0.169097 0.551292 0.316426 0.278516 0.559588 0.600634 0.222591 0.659582 0.162022 
0.713093 0.256365 0.747639 0.137085 0.876741 0.505424 0.467439 0.848108 0.750871 0.469000 0.951789 0.343705 0.770580 0.845977 0.862863 0.232685 0.909850 0.790662 0.692239 0.341054 0.562201 0.011472 0.686111 0.925948 0.003195 
0.940696 0.500032 0.480522 0.678441 0.629185 0.749199 0.355279 0.919782 0.220597 0.843218 0.072716 0.826951 0.372264 0.193459 0.773987 0.014181 0.579137 0.441002 0.257522 0.970887 0.868534 0.975337 0.365467 0.641647 0.491542 
0.538572 0.089130 0.352600 0.767552 0.326641 0.590591 0.158278 0.229094 0.951473 0.299678 0.653259 0.075382 0.873644 0.064967 0.936057 0.683118 0.589742 0.526299 0.902363 0.967972 0.535914 0.193262 0.314831 0.470992 0.022894 
0.923351 0.242636 0.172349 0.361854 0.212432 0.713155 0.767803 0.159078 0.840504 0.633709 0.567603 0.181278 0.246919 0.936369 0.548303 0.665567 0.459320 0.624328 0.819590 0.548478 0.318745 0.415958 0.076625 0.509756 0.258148 
0.433252 0.609729 0.628192 0.708909 0.281524 0.600321 0.704309 0.439982 0.664418 0.374241 0.219669 0.370218 0.389051 0.801785 0.480848 0.392178 0.173412 0.421701 0.228527 0.543716 0.348975 0.326324 0.189294 0.302990 0.485401 
0.240417 0.930684 0.076643 0.742708 0.910917 0.223327 0.962454 0.154617 0.840088 0.019366 0.651261 0.285396 0.097872 0.175851 0.209640 0.306486 0.978578 0.963742 0.024400 0.079857 0.081311 0.626379 0.873028 0.132409 0.598615 

-0.004513 -1.385059 -0.444529 -0.161290 -0.214632 0.102843 -0.196187 -1.010142 -0.137826 -0.156856 -0.969231 -0.181619 -0.938627 -1.132101 0.205420 -0.757755 -0.757271 -0.643222 0.280042 -0.400541 -0.752367 0.005209 -0.177509 -0.645875 -0.774444 
0.081080 -0.099672 -0.443925 -0.610187 -0.133154 -0.597367 -0.679595 0.071147 -0.250738 -0.553705 -0.369341 -0.537966 -0.317177 -0.339166 -0.795057 -0.852595 -0.405460 -0.497589 -0.146549 -0.828843 -0.428024 -1.193961 -0.485455 -0.727476 -1.045078 
-0.600873 -0.848815 -0.263054 -0.553494 -0.416030 -0.581182 -0.317291 -0.687146 -1.019004 -0.717807 -0.534129 -0.857196 -0.557284 -0.527373 -0.698713 -0.301518 -0.264663 -0.352026 -0.519620 -0.188181 -0.116694 -0.163145 -0.566699 -0.503249 -0.584320 
-0.523664 -0.750975 -0.211808 -0.400907 -0.771406 -0.482371 -0.824317 0.026696 -0.488616 -0.706278 -0.506401 -0.839990 -0.837112 -0.968011 -0.765954 -0.492399 -0.490309 -0.905371 -0.150020 0.048080 -0.367728 -0.340226 -0.000591 -0.875970 0.319651 
-0.228109 -0.517463 -0.385242 -0.424322 -0.206393 -0.356880 -0.131060 -0.343221 -0.394793 -0.573944 -0.293092 -0.510356 0.190635 -0.480972 0.062031 -0.076250 0.162230 -0.252373 -0.125081 -1.016306 -0.669068 -0.178283 -0.705093 -0.408409 -1.222804 
-1.346389 -1.307705 -0.759931 -2.650787 -1.125920 -0.923732 -1.396355 -2.232911 -2.170366 -1.928475 -0.914167 -0.883428 -1.560788 -1.698765 -0.966559 -1.169574 -1.182994 -1.518664 -1.852576 -2.823721 -1.973343 -1.361540 -0.016636 -2.504877 -0.861660 
-1.459754 -1.228820 -1.803348 -1.303020 -0.766626 -0.098755 -2.401541 -1.478416 -1.345448 -1.573087 -0.820362 -1.422278 -0.748439 -0.906355 -0.794982 -2.117385 -0.125328 -0.809455 -0.994756 -2.287426 -2.204322 -1.559528 -0.620522 -2.299192 -2.505882 
-1.417195 -1.018472 -1.250453 -2.106689 -1.076352 -1.936461 -0.726521 -2.398741 -2.553466 -1.169122 -0.708012 -0.955526 -1.872492 -1.626068 -2.061743 -1.445460 -0.713067 -1.085758 -1.761469 -1.289529 -1.055924 -1.271527 -1.633702 -1.355091 -1.082623 
-1.918327 0.010899 -1.418992 -0.978204 -2.380592 -2.243419 -0.326788 -1.406964 -1.319786 -0.599553 -2.665463 -1.746071 -1.624921 -1.514206 -2.428961 -0.584855 -1.670847 -2.130848 -0.902703 -0.244654 -1.768787 -1.615922 -1.280190 -1.172747 -2.064444 
-0.422372 -1.453746 -0.616393 -0.956254 -1.171439 -2.129755 -2.059437 -0.783438 0.098333 -0.820507 -2.625357 -1.532595 -1.901055 -2.587998 -0.959294 -2.347076 -1.806183 -1.425117 -1.896385 -1.460582 -1.347019 -2.553194 -2.124544 -2.479670 -2.273134 
0.759925 -1.257139 1.021891 -0.408655 -0.352365 -0.773004 0.334661 -0.059854 1.226151 1.307970 -0.629876 0.305029 -0.255760 -0.395412 0.223695 -0.480070 0.263658 -0.710349 0.092109 -0.483231 -0.097350 -1.300011 -0.430636 -0.379953 -0.187439 
0.043373 0.656883 -0.581558 -0.144397 0.360156 0.753896 -0.102598 -1.123125 -0.746124 -0.404589 -0.913081 0.122211 -1.051561 0.851209 0.639672 -1.119869 -0.233130 -1.094013 0.611534 1.125013 1.529317 0.710158 1.195004 -0.798057 -0.394874 
-0.678951 0.320518 -1.479681 -1.054762 -0.019886 -1.770725 -0.004601 -1.495579 0.948721 0.050947 -1.010930 1.470968 0.442694 0.684399 1.192929 -0.274882 0.251242 0.211512 -0.682684 0.749092 0.680887 -0.277215 -0.802436 -0.102656 -0.403753 
-0.271250 1.177320 -0.809280 0.595554 -0.590407 1.254700 0.813085 0.061062 -0.684978 1.860534 -0.309568 -0.163345 0.031045 -0.362043 0.060767 0.122685 -0.721140 0.318070 1.019490 1.953215 -0.367985 -0.530364 -0.707928 0.453042 -0.432525 
-0.710827 1.591885 -0.114279 0.099337 0.252221 0.907981 -0.082967 0.106165 -0.790664 -1.465249 -0.046615 0.590854 0.678431 -0.347500 0.852701 -0.760798 -0.034391 0.690947 -0.991295 -0.483520 1.105763 -0.080986 1.995463 0.150442 -1.348388 
1.271182 0.754912 0.897523 0.917038 -0.235545 0.084336 0.029742 0.598414 0.882541 0.589940 1.049417 0.908540 -0.118759 0.693418 -0.054477 0.085145 0.471508 0.123753 0.581148 0.384795 0.024591 0.746606 0.355332 0.652710 0.250919 
0.186823 0.339752 0.138395 0.960995 1.042869 -0.012159 0.176521 -0.428762 0.900721 1.163694 0.905810 0.587794 0.560543 0.749259 -0.123914 -0.074894 0.736610 0.662858 0.654026 0.902554 0.811779 0.442115 0.783108 0.741177 0.396331 
0.393671 0.746615 0.447864 0.855213 0.590926 0.383328 0.266731 0.931638 -0.149843 0.371835 0.199417 -0.131409 0.367164 0.531990 0.097956 0.319828 0.134833 0.386931 1.216563 0.692048 0.889250 0.782965 -0.223916 0.826417 0.810180 
0.351959 0.309085 0.206939 0.223437 0.371937 0.327618 0.674919 -0.061666 0.753756 -0.186693 -0.159965 1.129858 0.796097 0.772283 0.712282 0.870392 0.663355 0.914047 0.338563 0.123141 0.652657 0.141779 0.212306 0.516472 -0.012210 
0.750616 0.216394 0.413682 0.739775 0.639145 0.249146 0.403679 0.751451 0.639447 0.220119 0.947426 0.375192 0.930564 1.164932 1.139820 0.425865 0.672911 1.029835 1.057461 0.456081 0.726450 -0.018839 0.689133 1.017062 -0.159728 
2.760262 1.336386 1.185436 2.241269 2.260842 1.822888 1.297080 2.062974 0.827714 1.977800 0.406246 2.424534 1.438023 0.350547 2.199246 1.011753 1.107536 1.355549 0.693088 3.034021 2.188949 2.465044 1.711821 1.782392 1.255359 
1.949718 0.826953 1.551884 2.484106 1.400404 1.245519 1.065441 1.289688 2.166369 1.183954 1.911124 0.651277 2.532535 0.737928 1.899919 1.843998 1.819944 1.885628 2.458331 1.798541 1.826133 1.199080 0.764948 1.114021 0.316312 
2.389621 0.890573 0.612842 1.573398 0.300192 1.690193 1.444662 0.943769 2.177615 1.842937 1.709080 0.992455 0.844652 2.533972 1.966731 2.288377 1.619653 2.056526 1.630733 1.804133 1.285563 0.955174 0.556367 1.722545 1.284415 
1.141880 2.304084 1.719390 1.751027 0.644276 1.491164 1.657882 1.303240 1.827906 0.882855 1.220252 0.951370 1.395090 2.269895 1.526314 0.922816 0.734393 1.476116 1.261942 1.848838 1.297021 1.526447 1.209973 1.252716 1.342835 
0.906453 2.925319 0.319846 2.232251 2.316637 1.671985 1.888988 0.602176 1.756466 0.572871 1.588879 0.497443 0.892379 1.006712 0.631786 0.711618 3.065464 2.360394 0.683624 0.480073 1.273307 1.342093 1.820501 0.305680 1.422725 

0 0 0 0 0 0 0 0 0 0 0 0 0 0 0 0 0 0 0 0 0 0 0 0 0 
0 0 0 0 0 0 0 0 0 0 0 0 0 0 0 0 0 0 0 0 0 0 0 0 0 
0 0 0 0 0 0 0 0 0 0 0 0 0 0 0 0 0 0 0 0 0 0 0 0 0 
0 0 0 0 0 0 0 0 0 0 0 0 0 0 0 0 0 0 0 0 0 0 0 0 0 
0 0 0 0 0 0 0 0 0 0 0 0 0 0 0 0 0 0 0 0 0 0 0 0 0 
1 1 1 1 1 1 1 1 1 1 1 1 1 1 1 1 1 1 1 1 1 1 1 1 1 
1 1 1 1 1 1 1 1 1 1 1 1 1 1 1 1 1 1 1 1 1 1 1 1 1 
1 1 1 1 1 1 1 1 1 1 1 1 1 1 1 1 1 1 1 1 1 1 1 1 1 
1 1 1 1 1 1 1 1 1 1 1 1 1 1 1 1 1 1 1 1 1 1 1 1 1 
1 1 1 1 1 1 1 1 1 1 1 1 1 1 1 1 1 1 1 1 1 1 1 1 1 
2 2 2 2 2 2 2 2 2 2 2 2 2 2 2 2 2 2 2 2 2 2 2 2 2 
2 2 2 2 2 2 2 2 2 2 2 2 2 2 2 2 2 2 2 2 2 2 2 2 2 
2 2 2 2 2 2 2 2 2 2 2 2 2 2 2 2 2 2 2 2 2 2 2 2 2 
2 2 2 2 2 2 2 2 2 2 2 2 2 2 2 2 2 2 2 2 2 2 2 2 2 
2 2 2 2 2 2 2 2 2 2 2 2 2 2 2 2 2 2 2 2 2 2 2 2 2 
3 3 3 3 3 3 3 3 3 3 3 3 3 3 3 3 3 3 3 3 3 3 3 3 3 
3 3 3 3 3 3 3 3 3 3 3 3 3 3 3 3 3 3 3 3 3 3 3 3 3 
3 3 3 3 3 3 3 3 3 3 3 3 3 3 3 3 3 3 3 3 3 3 3 3 3 
3 3 3 3 3 3 3 3 3 3 3 3 3 3 3 3 3 3 3 3 3 3 3 3 3 
3 3 3 3 3 3 3 3 3 3 3 3 3 3 3 3 3 3 3 3 3 3 3 3 3 
4 4 4 4 4 4 4 4 4 4 4 4 4 4 4 4 4 4 4 4 4 4 4 4 4 
4 4 4 4 4 4 4 4 4 4 4 4 4 4 4 4 4 4 4 4 4 4 4 4 4 
4 4 4 4 4 4 4 4 4 4 4 4 4 4 4 4 4 4 4 4 4 4 4 4 4 
4 4 4 4 4 4 4 4 4 4 4 4 4 4 4 4 4 4 4 4 4 4 4 4 4 
4 4 4 4 4 4 4 4 4 4 4 4 4 4 4 4 4 4 4 4 4 4 4 4 4 

-1.0 -1.0 -1.0 -1.0 -1.0 -1.0 -1.0 -1.0 -1.0 -1.0 -1.0 -1.0 -1.0 -1.0 -1.0 -1.0 -1.0 -1.0 -1.0 -1.0 -1.0 -1.0 -1.0 -1.0 -1.0 
-1.0 -1.0 -1.0 -1.0 -1.0 -1.0 -1.0 -1.0 -1.0 -1.0 -1.0 -1.0 -1.0 -1.0 -1.0 -1.0 -1.0 -1.0 -1.0 -1.0 -1.0 -1.0 -1.0 -1.0 -1.0 
-1.0 -1.0 -1.0 -1.0 -1.0 -1.0 -1.0 -1.0 -1.0 -1.0 -1.0 -1.0 -1.0 -1.0 -1.0 -1.0 -1.0 -1.0 -1.0 -1.0 -1.0 -1.0 -1.0 -1.0 -1.0 
-1.0 -1.0 -1.0 -1.0 -1.0 -1.0 -1.0 -1.0 -1.0 -1.0 -1.0 -1.0 -1.0 -1.0 -1.0 -1.0 -1.0 -1.0 -1.0 -1.0 -1.0 -1.0 -1.0 -1.0 -1.0 
-1.0 -1.0 -1.0 -1.0 -1.0 -1.0 -1.0 -1.0 -1.0 -1.0 -1.0 -1.0 -1.0 -1.0 -1.0 -1.0 -1.0 -1.0 -1.0 -1.0 -1.0 -1.0 -1.0 -1.0 -1.0 
-2.0 -2.0 -2.0 -2.0 -2.0 -2.0 -2.0 -2.0 -2.0 -2.0 -2.0 -2.0 -2.0 -2.0 -2.0 -2.0 -2.0 -2.0 -2.0 -2.0 -2.0 -2.0 -2.0 -2.0 -2.0 
-2.0 -2.0 -2.0 -2.0 -2.0 -2.0 -2.0 -2.0 -2.0 -2.0 -2.0 -2.0 -2.0 -2.0 -2.0 -2.0 -2.0 -2.0 -2.0 -2.0 -2.0 -2.0 -2.0 -2.0 -2.0 
-2.0 -2.0 -2.0 -2.0 -2.0 -2.0 -2.0 -2.0 -2.0 -2.0 -2.0 -2.0 -2.0 -2.0 -2.0 -2.0 -2.0 -2.0 -2.0 -2.0 -2.0 -2.0 -2.0 -2.0 -2.0 
-2.0 -2.0 -2.0 -2.0 -2.0 -2.0 -2.0 -2.0 -2.0 -2.0 -2.0 -2.0 -2.0 -2.0 -2.0 -2.0 -2.0 -2.0 -2.0 -2.0 -2.0 -2.0 -2.0 -2.0 -2.0 
-2.0 -2.0 -2.0 -2.0 -2.0 -2.0 -2.0 -2.0 -2.0 -2.0 -2.0 -2.0 -2.0 -2.0 -2.0 -2.0 -2.0 -2.0 -2.0 -2.0 -2.0 -2.0 -2.0 -2.0 -2.0 
2.0 2.0 2.0 2.0 2.0 2.0 2.0 2.0 2.0 2.0 2.0 2.0 2.0 2.0 2.0 2.0 2.0 2.0 2.0 2.0 2.0 2.0 2.0 2.0 2.0 
2.0 2.0 2.0 2.0 2.0 2.0 2.0 2.0 2.0 2.0 2.0 2.0 2.0 2.0 2.0 2.0 2.0 2.0 2.0 2.0 2.0 2.0 2.0 2.0 2.0 
2.0 2.0 2.0 2.0 2.0 2.0 2.0 2.0 2.0 2.0 2.0 2.0 2.0 2.0 2.0 2.0 2.0 2.0 2.0 2.0 2.0 2.0 2.0 2.0 2.0 
2.0 2.0 2.0 2.0 2.0 2.0 2.0 2.0 2.0 2.0 2.0 2.0 2.0 2.0 2.0 2.0 2.0 2.0 2.0 2.0 2.0 2.0 2.0 2.0 2.0 
2.0 2.0 2.0 2.0 2.0 2.0 2.0 2.0 2.0 2.0 2.0 2.0 2.0 2.0 2.0 2.0 2.0 2.0 2.0 2.0 2.0 2.0 2.0 2.0 2.0 
0.0 0.0 0.0 0.0 0.0 0.0 0.0 0.0 0.0 0.0 0.0 0.0 0.0 0.0 0.0 0.0 0.0 0.0 0.0 0.0 0.0 0.0 0.0 0.0 0.0 
0.0 0.0 0.0 0.0 0.0 0.0 0.0 0.0 0.0 0.0 0.0 0.0 0.0 0.0 0.0 0.0 0.0 0.0 0.0 0.0 0.0 0.0 0.0 0.0 0.0 
0.0 0.0 0.0 0.0 0.0 0.0 0.0 0.0 0.0 0.0 0.0 0.0 0.0 0.0 0.0 0.0 0.0 0.0 0.0 0.0 0.0 0.0 0.0 0.0 0.0 
0.0 0.0 0.0 0.0 0.0 0.0 0.0 0.0 0.0 0.0 0.0 0.0 0.0 0.0 0.0 0.0 0.0 0.0 0.0 0.0 0.0 0.0 0.0 0.0 0.0 
0.0 0.0 0.0 0.0 0.0 0.0 0.0 0.0 0.0 0.0 0.0 0.0 0.0 0.0 0.0 0.0 0.0 0.0 0.0 0.0 0.0 0.0 0.0 0.0 0.0 
1.0 1.0 1.0 1.0 1.0 1.0 1.0 1.0 1.0 1.0 1.0 1.0 1.0 1.0 1.0 1.0 1.0 1.0 1.0 1.0 1.0 1.0 1.0 1.0 1.0 
1.0 1.0 1.0 1.0 1.0 1.0 1.0 1.0 1.0 1.0 1.0 1.0 1.0 1.0 1.0 1.0 1.0 1.0 1.0 1.0 1.0 1.0 1.0 1.0 1.0 
1.0 1.0 1.0 1.0 1.0 1.0 1.0 1.0 1.0 1.0 1.0 1.0 1.0 1.0 1.0 1.0 1.0 1.0 1.0 1.0 1.0 1.0 1.0 1.0 1.0 
1.0 1.0 1.0 1.0 1.0 1.0 1.0 1.0 1.0 1.0 1.0 1.0 1.0 1.0 1.0 1.0 1.0 1.0 1.0 1.0 1.0 1.0 1.0 1.0 1.0 
1.0 1.0 1.0 1.0 1.0 1.0 1.0 1.0 1.0 1.0 1.0 1.0 1.0 1.0 1.0 1.0 1.0 1.0 1.0 1.0 1.0 1.0 1.0 1.0 1.0 

0.0 0.0 0.0 0.0 0.0 0.0 0.0 0.0 0.0 0.0 0.0 0.0 0.0 0.0 0.0 0.0 0.0 0.0 0.0 0.0 0.0 0.0 0.0 0.0 0.0 
0.0 0.0 0.0 0.0 0.0 0.0 0.0 0.0 0.0 0.0 0.0 0.0 0.0 0.0 0.0 0.0 0.0 0.0 0.0 0.0 0.0 0.0 0.0 0.0 0.0 
0.0 0.0 0.0 0.0 0.0 0.0 0.0 0.0 0.0 0.0 0.0 0.0 0.0 0.0 0.0 0.0 0.0 0.0 0.0 0.0 0.0 0.0 0.0 0.0 0.0 
0.0 0.0 0.0 0.0 0.0 0.0 0.0 0.0 0.0 0.0 0.0 0.0 0.0 0.0 0.0 0.0 0.0 0.0 0.0 0.0 0.0 0.0 0.0 0.0 0.0 
0.0 0.0 0.0 0.0 0.0 0.0 0.0 0.0 0.0 0.0 0.0 0.0 0.0 0.0 0.0 0.0 0.0 0.0 0.0 0.0 0.0 0.0 0.0 0.0 0.0 
-1.0 -1.0 -1.0 -1.0 -1.0 -1.0 -1.0 -1.0 -1.0 -1.0 -1.0 -1.0 -1.0 -1.0 -1.0 -1.0 -1.0 -1.0 -1.0 -1.0 -1.0 -1.0 -1.0 -1.0 -1.0 
-1.0 -1.0 -1.0 -1.0 -1.0 -1.0 -1.0 -1.0 -1.0 -1.0 -1.0 -1.0 -1.0 -1.0 -1.0 -1.0 -1.0 -1.0 -1.0 -1.0 -1.0 -1.0 -1.0 -1.0 -1.0 
-1.0 -1.0 -1.0 -1.0 -1.0 -1.0 -1.0 -1.0 -1.0 -1.0 -1.0 -1.0 -1.0 -1.0 -1.0 -1.0 -1.0 -1.0 -1.0 -1.0 -1.0 -1.0 -1.0 -1.0 -1.0 
-1.0 -1.0 -1.0 -1.0 -1.0 -1.0 -1.0 -1.0 -1.0 -1.0 -1.0 -1.0 -1.0 -1.0 -1.0 -1.0 -1.0 -1.0 -1.0 -1.0 -1.0 -1.0 -1.0 -1.0 -1.0 
-1.0 -1.0 -1.0 -1.0 -1.0 -1.0 -1.0 -1.0 -1.0 -1.0 -1.0 -1.0 -1.0 -1.0 -1.0 -1.0 -1.0 -1.0 -1.0 -1.0 -1.0 -1.0 -1.0 -1.0 -1.0 
-2.0 -2.0 -2.0 -2.0 -2.0 -2.0 -2.0 -2.0 -2.0 -2.0 -2.0 -2.0 -2.0 -2.0 -2.0 -2.0 -2.0 -2.0 -2.0 -2.0 -2.0 -2.0 -2.0 -2.0 -2.0 
-2.0 -2.0 -2.0 -2.0 -2.0 -2.0 -2.0 -2.0 -2.0 -2.0 -2.0 -2.0 -2.0 -2.0 -2.0 -2.0 -2.0 -2.0 -2.0 -2.0 -2.0 -2.0 -2.0 -2.0 -2.0 
-2.0 -2.0 -2.0 -2.0 -2.0 -2.0 -2.0 -2.0 -2.0 -2.0 -2.0 -2.0 -2.0 -2.0 -2.0 -2.0 -2.0 -2.0 -2.0 -2.0 -2.0 -2.0 -2.0 -2.0 -2.0 
-2.0 -2.0 -2.0 -2.0 -2.0 -2.0 -2.0 -2.0 -2.0 -2.0 -2.0 -2.0 -2.0 -2.0 -2.0 -2.0 -2.0 -2.0 -2.0 -2.0 -2.0 -2.0 -2.0 -2.0 -2.0 
-2.0 -2.0 -2.0 -2.0 -2.0 -2.0 -2.0 -2.0 -2.0 -2.0 -2.0 -2.0 -2.0 -2.0 -2.0 -2.0 -2.0 -2.0 -2.0 -2.0 -2.0 -2.0 -2.0 -2.0 -2.0 
1.0 1.0 1.0 1.0 1.0 1.0 1.0 1.0 1.0 1.0 1.0 1.0 1.0 1.0 1.0 1.0 1.0 1.0 1.0 1.0 1.0 1.0 1.0 1.0 1.0 
1.0 1.0 1.0 1.0 1.0 1.0 1.0 1.0 1.0 1.0 1.0 1.0 1.0 1.0 1.0 1.0 1.0 1.0 1.0 1.0 1.0 1.0 1.0 1.0 1.0 
1.0 1.0 1.0 1.0 1.0 1.0 1.0 1.0 1.0 1.0 1.0 1.0 1.0 1.0 1.0 1.0 1.0 1.0 1.0 1.0 1.0 1.0 1.0 1.0 1.0 
1.0 1.0 1.0 1.0 1.0 1.0 1.0 1.0 1.0 1.0 1.0 1.0 1.0 1.0 1.0 1.0 1.0 1.0 1.0 1.0 1.0 1.0 1.0 1.0 1.0 
1.0 1.0 1.0 1.0 1.0 1.0 1.0 1.0 1.0 1.0 1.0 1.0 1.0 1.0 1.0 1.0 1.0 1.0 1.0 1.0 1.0 1.0 1.0 1.0 1.0 
2.0 2.0 2.0 2.0 2.0 2.0 2.0 2.0 2.0 2.0 2.0 2.0 2.0 2.0 2.0 2.0 2.0 2.0 2.0 2.0 2.0 2.0 2.0 2.0 2.0 
2.0 2.0 2.0 2.0 2.0 2.0 2.0 2.0 2.0 2.0 2.0 2.0 2.0 2.0 2.0 2.0 2.0 2.0 2.0 2.0 2.0 2.0 2.0 2.0 2.0 
2.0 2.0 2.0 2.0 2.0 2.0 2.0 2.0 2.0 2.0 2.0 2.0 2.0 2.0 2.0 2.0 2.0 2.0 2.0 2.0 2.0 2.0 2.0 2.0 2.0 
2.0 2.0 2.0 2.0 2.0 2.0 2.0 2.0 2.0 2.0 2.0 2.0 2.0 2.0 2.0 2.0 2.0 2.0 2.0 2.0 2.0 2.0 2.0 2.0 2.0 
2.0 2.0 2.0 2.0 2.0 2.0 2.0 2.0 2.0 2.0 2.0 2.0 2.0 2.0 2.0 2.0 2.0 2.0 2.0 2.0 2.0 2.0 2.0 2.0 2.0 

