0.695482 0.622198 0.719558 0.970825 0.229761 0.061244 0.782392 0.630750 0.992440 0.108552 0.646448 0.885894 0.942527 0.987164 0.874322 0.512379 0.342851 0.898556 0.610599 0.420336 0.934996 0.943827 0.214924 0.931183 0.692393 
0.522358 0.967062 0.028586 0.066785 0.778688 0.874557 0.945026 0.947986 0.784785 0.855710 0.757841 0.793117 0.945841 0.240975 0.591593 0.840860 0.609015 0.248124 0.478285 0.766142 0.812466 0.648456 0.469293 0.916705 0.891505 
0.720643 0.935012 0.847654 0.543008 0.377398 0.142253 0.468587 0.966428 0.242320 0.054829 0.110491 0.908959 0.852564 0.453320 0.196783 0.297856 0.273783 0.681477 0.371676 0.747236 0.327484 0.090387 0.171357 0.497574 0.232746 
0.383689 0.367165 0.964506 0.870198 0.499242 0.471261 0.639223 0.117737 0.769513 0.319312 0.945137 0.352060 0.189948 0.900609 0.351172 0.158250 0.441817 0.790335 0.330235 0.015469 0.910553 0.079072 0.044070 0.030814 0.926740 
0.093857 0.533480 0.475242 0.632086 0.670417 0.293736 0.523248 0.836574 0.963927 0.094067 0.718835 0.941000 0.772693 0.327622 0.952334 0.255354 0.648735 0.034280 0.965108 0.822209 0.059436 0.774534 0.957961 0.303057 0.075619 
0.122012 0.139760 0.018140 0.762747 0.233438 0.529477 0.374768 0.390494 0.579307 0.647676 0.872832 0.327266 0.712362 0.444234 0.162590 0.734354 0.497168 0.170871 0.718053 0.994222 0.164142 0.943714 0.466280 0.461921 0.677350 
0.266625 0.129948 0.567748 0.892628 0.257416 0.450028 0.761687 0.743868 0.877537 0.319614 0.496713 0.803734 0.423019 0.723266 0.169456 0.339499 0.790431 0.603875 0.738499 0.608853 0.724249 0.347950 0.294259 0.775130 0.625788 
0.879498 0.941271 0.520080 0.556072 0.061897 0.842163 0.001375 0.351349 0.023017 0.083538 0.664078 0.112649 0.159162 0.366520 0.640701 0.470108 0.891950 0.920743 0.420622 0.498933 0.502871 0.221862 0.009644 0.476249 0.735538 
0.753465 0.524692 0.279580 0.796916 0.410436 0.921749 0.777290 0.646387 0.493466 0.443082 0.790888 0.648323 0.401374 0.558439 0.571991 0.752255 0.598564 0.106743 0.498980 0.369587 0.384842 0.825293 0.594870 0.348446 0.966565 
0.151682 0.158090 0.454460 0.845278 0.336390 0.354105 0.145785 0.207275 0.272048 0.410570 0.223786 0.668903 0.006111 0.646813 0.843791 0.699618 0.499181 0.432182 0.532303 0.703306 0.159628 0.756026 0.393095 0.390158 0.299985 
0.614997 0.914505 0.904952 0.889116 0.734341 0.467665 0.229837 0.701556 0.136747 0.084051 0.921235 0.178925 0.420639 0.944079 0.080615 0.152845 0.557628 0.554709 0.067467 0.732890 0.872000 0.485944 0.087935 0.986489 0.327583 
0.315537 0.379496 0.030749 0.790490 0.635884 0.067925 0.141903 0.643833 0.355680 0.877484 0.372553 0.247114 0.212498 0.933357 0.698758 0.381926 0.399960 0.139931 0.628578 0.582644 0.478457 0.960871 0.779588 0.430157 0.790780 
0.641426 0.860086 0.926101 0.787375 0.539627 0.630671 0.059888 0.144414 0.982726 0.692632 0.200433 0.389906 0.667077 0.843266 0.567484 0.690853 0.993275 0.525655 0.717455 0.138062 0.089053 0.911856 0.355734 0.787192 0.223174 
0.209354 0.781618 0.144360 0.066312 0.271671 0.744894 0.141397 0.292223 0.708924 0.312117 0.486792 0.230791 0.881105 0.851097 0.363322 0.329352 0.678864 0.929281 0.778858 0.820396 0.509229 0.034092 0.464354 0.094035 0.198437 
0.161310 0.199607 0.898263 0.861075 0.335892 0.108946 0.036752 0.862224 0.964970 0.664750 0.973918 0.502933 0.685903 0.919363 0.942112 0.824012 0.678793 0.315060 0.392453 0.116583 0.793503 0.286490 0.996169 0.599918 0.749819 
0.228301 0.717484 0.451137 0.494005 0.940828 0.296731 0.750831 0.672040 0.493697 0.710893 0.820263 0.876549 0.120913 0.800321 0.453784 0.555889 0.445276 0.931760 0.198214 0.867266 0.360576 0.399103 0.643724 0.980901 0.540786 
0.924233 0.771800 0.164505 0.620352 0.456346 0.790010 0.575404 0.889013 0.915657 0.845509 0.426138 0.408409 0.521563 0.758255 0.647261 0.626903 0.221363 0.037279 0.879550 0.430611 0.957495 0.951169 0.068650 0.789013 0.960129 
0.314120 0.501653 0.533866 0.995143 0.109032 0.778905 0.879802 0.992707 0.613221 0.655850 0.157941 0.211361 0.578003 0.106577 0.345952 0.597242 0.769851 0.038770 0.530748 0.420255 0.558781 0.445486 0.612109 0.257145 0.518202 
0.026365 0.281392 0.897726 0.331642 0.671388 0.161267 0.188430 0.091951 0.414643 0.233493 0.049617 0.991579 0.955337 0.758982 0.610883 0.593781 0.365022 0.394136 0.861334 0.628807 0.271069 0.949384 0.465815 0.417002 0.775828 
0.716128 0.358876 0.339536 0.482796 0.737469 0.997930 0.445249 0.226670 0.051870 0.736270 0.246683 0.859579 0.288591 0.940974 0.447283 0.235215 0.570906 0.185843 0.110693 0.724172 0.025416 0.944468 0.601520 0.528343 0.508851 
0.914400 0.801367 0.732882 0.648274 0.903754 0.684765 0.837769 0.091549 0.727194 0.503669 0.895424 0.533211 0.512154 0.215131 0.458725 0.987904 0.641438 0.027736 0.495805 0.387536 0.600215 0.032515 0.538617 0.970061 0.232053 
0.911459 0.498964 0.393929 0.706203 0.760889 0.923055 0.309231 0.194305 0.356984 0.370937 0.396688 0.537795 0.046384 0.699368 0.307215 0.415225 0.086140 0.182002 0.026923 0.543251 0.437602 0.632508 0.817591 0.785304 0.473600 
0.964342 0.374748 0.578945 0.321251 0.194539 0.910612 0.102182 0.878426 0.291635 0.226162 0.467248 0.880461 0.386347 0.810160 0.849604 0.629640 0.999824 0.864124 0.481219 0.534860 0.223241 0.995872 0.059270 0.813981 0.467425 
0.968442 0.200165 0.441033 0.043816 0.542909 0.720598 0.622962 0.382531 0.301814 0.867793 0.982937 0.763555 0.951741 0.921207 0.151080 0.187862 0.087088 0.509934 0.019073 0.038051 0.608337 0.141334 0.659850 0.155590 0.185636 
0.444481 0.424983 0.073615 0.551261 0.232267 0.253362 0.775018 0.075613 0.236100 0.901503 0.134345 0.079238 0.597842 0.083710 0.547720 0.553811 0.343675 0.966492 0.921425 0.651065 0.850965 0.133813 0.025169 0.223211 0.204380 

0.993584 0.710692 0.311680 0.629378 0.292548 0.409611 0.807636 0.673633 0.382940 0.861525 0.892993 0.822222 0.092154 0.048316 0.024127 0.771594 0.110884 0.582717 0.714974 0.921812 0.420667 0.629857 0.648185 0.627942 0.829706 
0.752432 0.248802 0.788240 0.205813 0.128589 0.452537 0.683792 0.204453 0.724807 0.080726 0.510800 0.892002 0.263324 0.882069 0.362173 0.348510 0.382251 0.388382 0.587025 0.678390 0.189771 0.670280 0.690328 0.018482 0.875355 
0.470655 0.320346 0.608570 0.283671 0.874207 0.543720 0.958597 0.514933 0.523094 0.945184 0.232637 0.331685 0.288616 0.607756 0.429507 0.907765 0.976155 0.426977 0.170682 0.563629 0.339038 0.794442 0.517577 0.607296 0.509391 
0.140588 0.583628 0.816592 0.832452 0.108875 0.866330 0.172109 0.894762 0.724490 0.630759 0.954326 0.656575 0.273318 0.132446 0.940833 0.786102 0.366439 0.444213 0.428292 0.550440 0.073707 0.266292 0.923040 0.914651 0.666367 
0.956360 0.063429 0.109770 0.979801 0.561757 0.812545 0.739071 0.625609 0.454579 0.977740 0.282887 0.397952 0.496865 0.009888 0.724697 0.118764 0.417984 0.709130 0.413549 0.972848 0.854780 0.801684 0.946073 0.353099 0.853461 
0.545524 0.711985 0.587176 0.458822 0.137806 0.231696 0.979857 0.666212 0.027865 0.725647 0.728413 0.040867 0.608336 0.142408 0.155439 0.872266 0.508762 0.595059 0.522598 0.145007 0.803206 0.804826 0.465881 0.022350 0.344743 
0.650558 0.487833 0.346112 0.326929 0.219134 0.861809 0.434779 0.624323 0.647278 0.409673 0.568286 0.091963 0.826515 0.310745 0.812478 0.811567 0.302588 0.579086 0.768446 0.559885 0.634888 0.861876 0.198584 0.665209 0.113796 
0.743535 0.571284 0.580844 0.019687 0.352066 0.216059 0.395909 0.183033 0.253783 0.362349 0.941993 0.059230 0.918739 0.106419 0.513810 0.979475 0.417041 0.881816 0.291102 0.509141 0.274551 0.511258 0.828706 0.678588 0.655139 
0.327212 0.217835 0.858410 0.764287 0.833721 0.729784 0.658438 0.025874 0.619215 0.111982 0.693258 0.415041 0.747945 0.809752 0.077510 0.662933 0.845260 0.877142 0.734741 0.070850 0.796236 0.563949 0.236256 0.167114 0.228389 
0.539094 0.654458 0.394276 0.415903 0.249147 0.664562 0.042874 0.199917 0.550010 0.658341 0.744942 0.092365 0.288260 0.859556 0.650885 0.754395 0.746313 0.319530 0.387633 0.462776 0.457659 0.793307 0.432152 0.575106 0.126958 
0.914412 0.364898 0.814724 0.654829 0.263319 0.259460 0.582359 0.740966 0.585689 0.207218 0.729271 0.967884 0.335323 0.503107 0.010628 0.744468 0.260233 0.650752 0.295066 0.644786 0.809153 0.207977 0.648012 0.331922 0.619788 
0.238073 0.432628 0.223786 0.159416 0.261328 0.249467 0.084655 0.571565 0.358018 0.365249 0.852455 0.186248 0.685940 0.233743 0.800002 0.891218 0.010179 0.214858 0.191277 0.657265 0.879151 0.918154 0.193468 0.816707 0.167629 
0.676359 0.858879 0.425784 0.889583 0.846715 0.834946 0.694358 0.259990 0.637622 0.830424 0.571704 0.292307 0.337777 0.634670 0.441985 0.718354 0.023348 0.400500 0.208897 0.433540 0.759723 0.899854 0.239786 0.967141 0.236164 
0.177128 0.944379 0.460457 0.522529 0.109848 0.695100 0.017870 0.232520 0.682170 0.449651 0.690550 0.680590 0.133380 0.629181 0.205649 0.698504 0.434298 0.421732 0.129035 0.376840 0.613085 0.730358 0.052716 0.068541 0.411712 
0.532771 0.169979 0.615829 0.164444 0.910150 0.861440 0.436590 0.470714 0.391075 0.084340 0.528725 0.131167 0.991189 0.228302 0.967779 0.183828 0.680995 0.930825 0.618030 0.202597 0.483919 0.550207 0.129383 0.404850 0.538564 
0.413935 0.278848 0.582762 0.129181 0.136682 0.611115 0.052049 0.057872 0.141377 0.729322 0.829008 0.555596 0.559611 0.173393 0.458095 0.486651 0.846381 0.953947 0.399959 0.916138 0.240838 0.628078 0.109330 0.518061 0.800650 
0.020238 0.530224 0.970310 0.794877 0.957606 0.983986 0.434260 0.096673 0.876493 0.538576 0.434416 0.914800 0.525426 0.519125 0.650514 0.197141 0.631526 0.817742 0.354678 0.263995 0.041201 0.466670 0.754914 0.394750 0.010030 
0.774953 0.823826 0.213793 0.117208 0.774103 0.646898 0.623529 0.260994 0.814330 0.535651 0.526099 0.884627 0.207174 0.590789 0.309470 0.208510 0.781858 0.240129 0.264514 0.743179 0.694932 0.160176 0.724646 0.608002 0.056243 
0.306559 0.073788 0.866659 0.851895 0.447333 0.700412 0.722775 0.999659 0.123310 0.357029 0.609817 0.354958 0.797013 0.684306 0.084059 0.189350 0.672698 0.725659 0.106788 0.605757 0.829699 0.945152 0.052855 0.805748 0.246710 
0.372722 0.470636 0.497455 0.554302 0.883521 0.066931 0.849517 0.105782 0.606062 0.600566 0.183364 0.397426 0.025776 0.057973 0.361192 0.963757 0.179942 0.243200 0.681943 0.491917 0.821555 0.133901 0.234445 0.644235 0.598575 
0.814855 0.377671 0.856098 0.147993 0.939054 0.466865 0.044547 0.539848 0.603254 0.372774 0.831525 0.506417 0.795379 0.263748 0.858602 0.582940 0.782642 0.744338 0.125755 0.704930 0.618051 0.872670 0.609521 0.835355 0.000413 
0.553968 0.967076 0.717682 0.795986 0.838910 0.754675 0.733940 0.296838 0.793144 0.951929 0.872391 0.961202 0.590320 0.315324 0.562352 0.257086 0.279059 0.406579 0.124036 0.817338 0.619131 0.455471 0.408911 0.883556 0.555568 
0.990875 0.386918 0.547001 0.671279 0.682297 0.109226 0.309536 0.260848 0.541326 0.396392 0.774991 0.591117 0.875360 0.803648 0.573809 0.533987 0.382279 0.948947 0.863158 0.991469 0.854441 0.515856 0.461039 0.493174 0.657817 
0.726688 0.145331 0.525177 0.195666 0.757471 0.197257 0.627437 0.737740 0.437003 0.672388 0.740464 0.437785 0.524610 0.945129 0.108679 0.917175 0.307954 0.581074 0.900215 0.735395 0.633813 0.641405 0.654076 0.066423 0.232378 
0.487152 0.550373 0.115461 0.052394 0.573146 0.969514 0.668643 0.140633 0.352474 0.758782 0.336094 0.902295 0.715000 0.755339 0.999751 0.876504 0.646587 0.361353 0.474102 0.652347 0.767077 0.225467 0.889672 0.573950 0.852144 

0.763832 0.665787 0.366137 0.668590 0.155421 0.414873 0.859774 0.766049 0.204370 0.776828 0.979460 0.875047 0.109656 -0.062857 0.014324 0.751540 0.010944 0.667387 0.860221 0.815464 0.396117 0.672214 0.651298 0.723348 0.705296 
0.879182 0.133887 0.872672 0.123495 0.029318 0.334896 0.705983 0.163010 0.804172 0.123818 0.603946 0.786012 0.273223 0.841437 0.332125 0.393356 0.481812 0.288943 0.426396 0.703852 0.222394 0.525910 0.708229 -0.002387 0.831226 
0.378111 0.304574 0.473674 0.138997 0.888781 0.617444 0.871352 0.670372 0.600426 1.003845 0.234751 0.327023 0.209697 0.670777 0.398409 0.815900 0.958191 0.338421 0.139591 0.417668 0.417026 0.912592 0.513956 0.582409 0.312189 
0.297276 0.537534 0.876766 0.919121 0.189331 0.790615 0.099915 0.976652 0.625648 0.718518 0.810033 0.787688 0.390362 0.157805 0.851030 0.788055 0.274625 0.497995 0.369178 0.314479 0.029313 0.380551 0.804948 1.020400 0.677979 
0.882297 0.126155 0.176514 1.159271 0.376656 0.955236 0.882698 0.748804 0.547446 1.034262 0.184714 0.390373 0.542714 -0.060278 0.780626 0.151224 0.472603 0.562730 0.506031 0.958430 0.695647 0.786984 1.077355 0.349080 0.745166 
-0.995245 -1.328003 -1.238442 -0.118949 -0.131302 0.010356 -1.566854 -0.820918 0.409181 -0.777109 -0.611729 0.350908 -0.286454 -0.005109 -0.042366 -0.997147 -0.336990 -0.989063 -0.324314 0.588182 -1.486237 -0.520116 -0.457679 0.578156 -0.075872 
-0.843724 -0.793201 -0.145195 0.441533 -0.125691 -1.362768 -0.082532 -0.380141 -0.496771 -0.347672 -0.464119 0.719789 -1.409479 0.163994 -1.468305 -1.191472 0.165556 -0.574406 -0.810652 -0.623457 -0.564058 -1.334528 -0.129810 -0.440576 0.400945 
-0.650742 -0.248787 -0.612663 0.638556 -0.546153 0.414841 -0.805264 0.201863 -0.394061 -0.701679 -1.267259 -0.007612 -1.798740 0.209551 -0.562364 -1.511916 -0.005334 -0.711629 -0.011997 -0.435543 -0.119048 -0.654387 -1.535642 -1.079603 -0.556846 
0.163599 0.059320 -1.384332 -0.888865 -1.138189 -0.364534 -0.668231 0.501623 -0.696823 0.067370 -0.542294 -0.118827 -1.082521 -1.093024 0.604864 -0.633585 -1.110999 -1.651756 -1.030619 0.056297 -1.532306 -0.293886 0.034059 -0.147040 0.459042 
-0.875572 -1.248510 -0.297596 0.050688 -0.083136 -0.960564 0.029413 -0.147436 -0.902725 -0.820325 -1.269664 0.449197 -0.479698 -1.176387 -0.407311 -0.874406 -0.927307 -0.155922 -0.414141 -0.091200 -0.775165 -0.696912 -0.404812 -0.713516 0.231472 
2.980979 2.589310 3.540049 3.133166 1.978858 1.374654 1.623220 2.877962 1.369816 0.605503 3.367253 2.385938 1.502937 2.792493 0.151248 1.820014 1.488708 2.538658 0.795151 2.819799 3.317868 1.473471 1.330668 2.509944 2.068765 
1.223975 1.799169 0.591459 1.800599 1.680205 0.620628 0.464629 2.342083 1.635034 2.585839 2.514226 0.785526 1.771035 2.361262 2.864426 2.374543 0.881030 0.507502 1.688355 2.523281 2.765391 3.658070 2.022201 2.513526 2.062704 
2.664204 3.480601 2.605247 3.222478 2.744455 2.739939 1.498386 0.972266 3.149505 3.113677 1.632798 1.327997 2.066335 2.816719 2.023046 2.945121 1.881682 2.027724 1.852584 1.251202 1.632847 3.740926 1.143499 3.571350 0.710944 
0.819527 3.280456 1.198454 1.107031 0.820225 2.817736 0.169601 1.262655 2.845927 1.526816 2.445595 1.840326 2.300420 3.034266 1.054550 1.970322 2.262226 2.772695 1.743736 2.375104 2.237975 1.423666 0.973740 0.282745 1.200585 
1.448740 0.796453 3.096679 2.059805 2.360969 1.980319 0.950962 2.797887 2.786656 1.489045 2.941054 1.168960 3.278161 2.200752 3.839698 1.941160 2.705097 2.525190 1.976567 0.576074 2.527250 1.710581 2.161351 2.007607 2.663792 
-0.668727 -1.035409 -1.128590 -0.693541 -1.077503 -0.946200 -1.020865 -0.814434 -0.683596 -1.330681 -1.596559 -1.493857 -0.659937 -0.762413 -0.958710 -1.079133 -1.152307 -1.914498 -0.670003 -1.849451 -0.480834 -1.006395 -0.700624 -1.443857 -1.324045 
-0.885953 -1.201618 -1.217783 -1.542763 -1.379015 -1.785084 -0.887677 -0.913678 -1.831419 -1.398417 -0.815938 -1.288123 -1.054252 -1.192045 -1.256157 -0.795126 -0.772511 -0.813216 -1.290209 -0.632262 -0.977681 -1.332286 -0.808821 -1.127702 -0.944474 
-1.085882 -1.419723 -0.666000 -1.051745 -0.812821 -1.257606 -1.472538 -1.328969 -1.538437 -1.137300 -0.528144 -1.064041 -0.734806 -0.816694 -0.628099 -0.773443 -1.476291 -0.331891 -0.775632 -1.217427 -1.292843 -0.507126 -1.369680 -0.868934 -0.530690 
-0.337932 -0.286757 -1.865192 -1.191646 -1.187543 -0.684399 -0.901485 -1.093588 -0.467681 -0.532386 -0.624509 -1.356652 -1.922549 -1.455038 -0.611619 -0.700079 -1.081532 -1.236204 -0.988396 -1.171617 -1.236401 -1.844688 -0.463975 -1.059547 -1.220453 
-1.060666 -0.897493 -0.574689 -1.165436 -1.720787 -1.105802 -1.154546 -0.254169 -0.569502 -1.202804 -0.365382 -1.307999 -0.262406 -1.105871 -0.834717 -0.995371 -0.702893 -0.630533 -0.683325 -1.158854 -0.691427 -1.166914 -1.019560 -1.260553 -1.062121 
-1.677600 -1.369217 -1.597086 -1.291647 -1.872588 -1.440247 -1.572999 -0.216115 -1.529604 -1.020560 -1.715304 -0.953089 -1.079658 -0.429867 -0.962260 -2.043648 -1.328407 -0.095265 -0.911473 -0.621388 -1.102813 0.023225 -0.894214 -1.886424 -0.485993 
-1.807297 -0.909844 -0.817450 -1.348234 -1.508148 -1.752567 -0.731762 -0.457430 -0.968354 -0.677278 -0.872619 -1.034204 -0.061304 -1.512563 -0.554136 -0.985286 -0.321821 -0.285926 0.032082 -1.032895 -0.921902 -1.294581 -1.580275 -1.447579 -0.865672 
-1.888479 -0.882423 -1.137487 -0.699540 -0.441562 -1.756279 -0.031134 -1.778306 -0.793119 -0.397504 -0.749718 -1.656809 -0.754063 -1.572160 -1.860703 -1.053397 -1.842712 -1.782108 -0.997428 -1.107889 -0.664873 -2.000052 -0.007045 -1.552126 -0.833421 
-2.049464 -0.285234 -0.894654 -0.141883 -1.193433 -1.629932 -1.246886 -0.719086 -0.609728 -1.873072 -1.929539 -1.503272 -2.052241 -1.843082 -0.219268 -0.355036 -0.319683 -0.877986 0.166065 -0.094747 -1.199253 -0.439813 -1.276403 -0.250128 -0.437938 
-0.919684 -0.848891 -0.166683 -1.203743 -0.515727 -0.472799 -1.616770 -0.048999 -0.497097 -1.787551 -0.210937 0.028051 -1.235849 -0.104887 -1.188539 -1.195284 -0.896625 -2.003490 -1.855520 -1.228723 -1.662985 -0.333551 -0.144424 -0.452982 -0.425311 

0 0 0 0 0 0 0 0 0 0 0 0 0 0 0 0 0 0 0 0 0 0 0 0 0 
0 0 0 0 0 0 0 0 0 0 0 0 0 0 0 0 0 0 0 0 0 0 0 0 0 
0 0 0 0 0 0 0 0 0 0 0 0 0 0 0 0 0 0 0 0 0 0 0 0 0 
0 0 0 0 0 0 0 0 0 0 0 0 0 0 0 0 0 0 0 0 0 0 0 0 0 
0 0 0 0 0 0 0 0 0 0 0 0 0 0 0 0 0 0 0 0 0 0 0 0 0 
1 1 1 1 1 1 1 1 1 1 1 1 1 1 1 1 1 1 1 1 1 1 1 1 1 
1 1 1 1 1 1 1 1 1 1 1 1 1 1 1 1 1 1 1 1 1 1 1 1 1 
1 1 1 1 1 1 1 1 1 1 1 1 1 1 1 1 1 1 1 1 1 1 1 1 1 
1 1 1 1 1 1 1 1 1 1 1 1 1 1 1 1 1 1 1 1 1 1 1 1 1 
1 1 1 1 1 1 1 1 1 1 1 1 1 1 1 1 1 1 1 1 1 1 1 1 1 
2 2 2 2 2 2 2 2 2 2 2 2 2 2 2 2 2 2 2 2 2 2 2 2 2 
2 2 2 2 2 2 2 2 2 2 2 2 2 2 2 2 2 2 2 2 2 2 2 2 2 
2 2 2 2 2 2 2 2 2 2 2 2 2 2 2 2 2 2 2 2 2 2 2 2 2 
2 2 2 2 2 2 2 2 2 2 2 2 2 2 2 2 2 2 2 2 2 2 2 2 2 
2 2 2 2 2 2 2 2 2 2 2 2 2 2 2 2 2 2 2 2 2 2 2 2 2 
3 3 3 3 3 3 3 3 3 3 3 3 3 3 3 3 3 3 3 3 3 3 3 3 3 
3 3 3 3 3 3 3 3 3 3 3 3 3 3 3 3 3 3 3 3 3 3 3 3 3 
3 3 3 3 3 3 3 3 3 3 3 3 3 3 3 3 3 3 3 3 3 3 3 3 3 
3 3 3 3 3 3 3 3 3 3 3 3 3 3 3 3 3 3 3 3 3 3 3 3 3 
3 3 3 3 3 3 3 3 3 3 3 3 3 3 3 3 3 3 3 3 3 3 3 3 3 
4 4 4 4 4 4 4 4 4 4 4 4 4 4 4 4 4 4 4 4 4 4 4 4 4 
4 4 4 4 4 4 4 4 4 4 4 4 4 4 4 4 4 4 4 4 4 4 4 4 4 
4 4 4 4 4 4 4 4 4 4 4 4 4 4 4 4 4 4 4 4 4 4 4 4 4 
4 4 4 4 4 4 4 4 4 4 4 4 4 4 4 4 4 4 4 4 4 4 4 4 4 
4 4 4 4 4 4 4 4 4 4 4 4 4 4 4 4 4 4 4 4 4 4 4 4 4 

0.0 0.0 0.0 0.0 0.0 0.0 0.0 0.0 0.0 0.0 0.0 0.0 0.0 0.0 0.0 0.0 0.0 0.0 0.0 0.0 0.0 0.0 0.0 0.0 0.0 
0.0 0.0 0.0 0.0 0.0 0.0 0.0 0.0 0.0 0.0 0.0 0.0 0.0 0.0 0.0 0.0 0.0 0.0 0.0 0.0 0.0 0.0 0.0 0.0 0.0 
0.0 0.0 0.0 0.0 0.0 0.0 0.0 0.0 0.0 0.0 0.0 0.0 0.0 0.0 0.0 0.0 0.0 0.0 0.0 0.0 0.0 0.0 0.0 0.0 0.0 
0.0 0.0 0.0 0.0 0.0 0.0 0.0 0.0 0.0 0.0 0.0 0.0 0.0 0.0 0.0 0.0 0.0 0.0 0.0 0.0 0.0 0.0 0.0 0.0 0.0 
0.0 0.0 0.0 0.0 0.0 0.0 0.0 0.0 0.0 0.0 0.0 0.0 0.0 0.0 0.0 0.0 0.0 0.0 0.0 0.0 0.0 0.0 0.0 0.0 0.0 
1.0 1.0 1.0 1.0 1.0 1.0 1.0 1.0 1.0 1.0 1.0 1.0 1.0 1.0 1.0 1.0 1.0 1.0 1.0 1.0 1.0 1.0 1.0 1.0 1.0 
1.0 1.0 1.0 1.0 1.0 1.0 1.0 1.0 1.0 1.0 1.0 1.0 1.0 1.0 1.0 1.0 1.0 1.0 1.0 1.0 1.0 1.0 1.0 1.0 1.0 
1.0 1.0 1.0 1.0 1.0 1.0 1.0 1.0 1.0 1.0 1.0 1.0 1.0 1.0 1.0 1.0 1.0 1.0 1.0 1.0 1.0 1.0 1.0 1.0 1.0 
1.0 1.0 1.0 1.0 1.0 1.0 1.0 1.0 1.0 1.0 1.0 1.0 1.0 1.0 1.0 1.0 1.0 1.0 1.0 1.0 1.0 1.0 1.0 1.0 1.0 
1.0 1.0 1.0 1.0 1.0 1.0 1.0 1.0 1.0 1.0 1.0 1.0 1.0 1.0 1.0 1.0 1.0 1.0 1.0 1.0 1.0 1.0 1.0 1.0 1.0 
2.0 2.0 2.0 2.0 2.0 2.0 2.0 2.0 2.0 2.0 2.0 2.0 2.0 2.0 2.0 2.0 2.0 2.0 2.0 2.0 2.0 2.0 2.0 2.0 2.0 
2.0 2.0 2.0 2.0 2.0 2.0 2.0 2.0 2.0 2.0 2.0 2.0 2.0 2.0 2.0 2.0 2.0 2.0 2.0 2.0 2.0 2.0 2.0 2.0 2.0 
2.0 2.0 2.0 2.0 2.0 2.0 2.0 2.0 2.0 2.0 2.0 2.0 2.0 2.0 2.0 2.0 2.0 2.0 2.0 2.0 2.0 2.0 2.0 2.0 2.0 
2.0 2.0 2.0 2.0 2.0 2.0 2.0 2.0 2.0 2.0 2.0 2.0 2.0 2.0 2.0 2.0 2.0 2.0 2.0 2.0 2.0 2.0 2.0 2.0 2.0 
2.0 2.0 2.0 2.0 2.0 2.0 2.0 2.0 2.0 2.0 2.0 2.0 2.0 2.0 2.0 2.0 2.0 2.0 2.0 2.0 2.0 2.0 2.0 2.0 2.0 
-1.0 -1.0 -1.0 -1.0 -1.0 -1.0 -1.0 -1.0 -1.0 -1.0 -1.0 -1.0 -1.0 -1.0 -1.0 -1.0 -1.0 -1.0 -1.0 -1.0 -1.0 -1.0 -1.0 -1.0 -1.0 
-1.0 -1.0 -1.0 -1.0 -1.0 -1.0 -1.0 -1.0 -1.0 -1.0 -1.0 -1.0 -1.0 -1.0 -1.0 -1.0 -1.0 -1.0 -1.0 -1.0 -1.0 -1.0 -1.0 -1.0 -1.0 
-1.0 -1.0 -1.0 -1.0 -1.0 -1.0 -1.0 -1.0 -1.0 -1.0 -1.0 -1.0 -1.0 -1.0 -1.0 -1.0 -1.0 -1.0 -1.0 -1.0 -1.0 -1.0 -1.0 -1.0 -1.0 
-1.0 -1.0 -1.0 -1.0 -1.0 -1.0 -1.0 -1.0 -1.0 -1.0 -1.0 -1.0 -1.0 -1.0 -1.0 -1.0 -1.0 -1.0 -1.0 -1.0 -1.0 -1.0 -1.0 -1.0 -1.0 
-1.0 -1.0 -1.0 -1.0 -1.0 -1.0 -1.0 -1.0 -1.0 -1.0 -1.0 -1.0 -1.0 -1.0 -1.0 -1.0 -1.0 -1.0 -1.0 -1.0 -1.0 -1.0 -1.0 -1.0 -1.0 
-2.0 -2.0 -2.0 -2.0 -2.0 -2.0 -2.0 -2.0 -2.0 -2.0 -2.0 -2.0 -2.0 -2.0 -2.0 -2.0 -2.0 -2.0 -2.0 -2.0 -2.0 -2.0 -2.0 -2.0 -2.0 
-2.0 -2.0 -2.0 -2.0 -2.0 -2.0 -2.0 -2.0 -2.0 -2.0 -2.0 -2.0 -2.0 -2.0 -2.0 -2.0 -2.0 -2.0 -2.0 -2.0 -2.0 -2.0 -2.0 -2.0 -2.0 
-2.0 -2.0 -2.0 -2.0 -2.0 -2.0 -2.0 -2.0 -2.0 -2.0 -2.0 -2.0 -2.0 -2.0 -2.0 -2.0 -2.0 -2.0 -2.0 -2.0 -2.0 -2.0 -2.0 -2.0 -2.0 
-2.0 -2.0 -2.0 -2.0 -2.0 -2.0 -2.0 -2.0 -2.0 -2.0 -2.0 -2.0 -2.0 -2.0 -2.0 -2.0 -2.0 -2.0 -2.0 -2.0 -2.0 -2.0 -2.0 -2.0 -2.0 
-2.0 -2.0 -2.0 -2.0 -2.0 -2.0 -2.0 -2.0 -2.0 -2.0 -2.0 -2.0 -2.0 -2.0 -2.0 -2.0 -2.0 -2.0 -2.0 -2.0 -2.0 -2.0 -2.0 -2.0 -2.0 

1.0 1.0 1.0 1.0 1.0 1.0 1.0 1.0 1.0 1.0 1.0 1.0 1.0 1.0 1.0 1.0 1.0 1.0 1.0 1.0 1.0 1.0 1.0 1.0 1.0 
1.0 1.0 1.0 1.0 1.0 1.0 1.0 1.0 1.0 1.0 1.0 1.0 1.0 1.0 1.0 1.0 1.0 1.0 1.0 1.0 1.0 1.0 1.0 1.0 1.0 
1.0 1.0 1.0 1.0 1.0 1.0 1.0 1.0 1.0 1.0 1.0 1.0 1.0 1.0 1.0 1.0 1.0 1.0 1.0 1.0 1.0 1.0 1.0 1.0 1.0 
1.0 1.0 1.0 1.0 1.0 1.0 1.0 1.0 1.0 1.0 1.0 1.0 1.0 1.0 1.0 1.0 1.0 1.0 1.0 1.0 1.0 1.0 1.0 1.0 1.0 
1.0 1.0 1.0 1.0 1.0 1.0 1.0 1.0 1.0 1.0 1.0 1.0 1.0 1.0 1.0 1.0 1.0 1.0 1.0 1.0 1.0 1.0 1.0 1.0 1.0 
-2.0 -2.0 -2.0 -2.0 -2.0 -2.0 -2.0 -2.0 -2.0 -2.0 -2.0 -2.0 -2.0 -2.0 -2.0 -2.0 -2.0 -2.0 -2.0 -2.0 -2.0 -2.0 -2.0 -2.0 -2.0 
-2.0 -2.0 -2.0 -2.0 -2.0 -2.0 -2.0 -2.0 -2.0 -2.0 -2.0 -2.0 -2.0 -2.0 -2.0 -2.0 -2.0 -2.0 -2.0 -2.0 -2.0 -2.0 -2.0 -2.0 -2.0 
-2.0 -2.0 -2.0 -2.0 -2.0 -2.0 -2.0 -2.0 -2.0 -2.0 -2.0 -2.0 -2.0 -2.0 -2.0 -2.0 -2.0 -2.0 -2.0 -2.0 -2.0 -2.0 -2.0 -2.0 -2.0 
-2.0 -2.0 -2.0 -2.0 -2.0 -2.0 -2.0 -2.0 -2.0 -2.0 -2.0 -2.0 -2.0 -2.0 -2.0 -2.0 -2.0 -2.0 -2.0 -2.0 -2.0 -2.0 -2.0 -2.0 -2.0 
-2.0 -2.0 -2.0 -2.0 -2.0 -2.0 -2.0 -2.0 -2.0 -2.0 -2.0 -2.0 -2.0 -2.0 -2.0 -2.0 -2.0 -2.0 -2.0 -2.0 -2.0 -2.0 -2.0 -2.0 -2.0 
2.0 2.0 2.0 2.0 2.0 2.0 2.0 2.0 2.0 2.0 2.0 2.0 2.0 2.0 2.0 2.0 2.0 2.0 2.0 2.0 2.0 2.0 2.0 2.0 2.0 
2.0 2.0 2.0 2.0 2.0 2.0 2.0 2.0 2.0 2.0 2.0 2.0 2.0 2.0 2.0 2.0 2.0 2.0 2.0 2.0 2.0 2.0 2.0 2.0 2.0 
2.0 2.0 2.0 2.0 2.0 2.0 2.0 2.0 2.0 2.0 2.0 2.0 2.0 2.0 2.0 2.0 2.0 2.0 2.0 2.0 2.0 2.0 2.0 2.0 2.0 
2.0 2.0 2.0 2.0 2.0 2.0 2.0 2.0 2.0 2.0 2.0 2.0 2.0 2.0 2.0 2.0 2.0 2.0 2.0 2.0 2.0 2.0 2.0 2.0 2.0 
2.0 2.0 2.0 2.0 2.0 2.0 2.0 2.0 2.0 2.0 2.0 2.0 2.0 2.0 2.0 2.0 2.0 2.0 2.0 2.0 2.0 2.0 2.0 2.0 2.0 
-1.0 -1.0 -1.0 -1.0 -1.0 -1.0 -1.0 -1.0 -1.0 -1.0 -1.0 -1.0 -1.0 -1.0 -1.0 -1.0 -1.0 -1.0 -1.0 -1.0 -1.0 -1.0 -1.0 -1.0 -1.0 
-1.0 -1.0 -1.0 -1.0 -1.0 -1.0 -1.0 -1.0 -1.0 -1.0 -1.0 -1.0 -1.0 -1.0 -1.0 -1.0 -1.0 -1.0 -1.0 -1.0 -1.0 -1.0 -1.0 -1.0 -1.0 
-1.0 -1.0 -1.0 -1.0 -1.0 -1.0 -1.0 -1.0 -1.0 -1.0 -1.0 -1.0 -1.0 -1.0 -1.0 -1.0 -1.0 -1.0 -1.0 -1.0 -1.0 -1.0 -1.0 -1.0 -1.0 
-1.0 -1.0 -1.0 -1.0 -1.0 -1.0 -1.0 -1.0 -1.0 -1.0 -1.0 -1.0 -1.0 -1.0 -1.0 -1.0 -1.0 -1.0 -1.0 -1.0 -1.0 -1.0 -1.0 -1.0 -1.0 
-1.0 -1.0 -1.0 -1.0 -1.0 -1.0 -1.0 -1.0 -1.0 -1.0 -1.0 -1.0 -1.0 -1.0 -1.0 -1.0 -1.0 -1.0 -1.0 -1.0 -1.0 -1.0 -1.0 -1.0 -1.0 
0.0 0.0 0.0 0.0 0.0 0.0 0.0 0.0 0.0 0.0 0.0 0.0 0.0 0.0 0.0 0.0 0.0 0.0 0.0 0.0 0.0 0.0 0.0 0.0 0.0 
0.0 0.0 0.0 0.0 0.0 0.0 0.0 0.0 0.0 0.0 0.0 0.0 0.0 0.0 0.0 0.0 0.0 0.0 0.0 0.0 0.0 0.0 0.0 0.0 0.0 
0.0 0.0 0.0 0.0 0.0 0.0 0.0 0.0 0.0 0.0 0.0 0.0 0.0 0.0 0.0 0.0 0.0 0.0 0.0 0.0 0.0 0.0 0.0 0.0 0.0 
0.0 0.0 0.0 0.0 0.0 0.0 0.0 0.0 0.0 0.0 0.0 0.0 0.0 0.0 0.0 0.0 0.0 0.0 0.0 0.0 0.0 0.0 0.0 0.0 0.0 
0.0 0.0 0.0 0.0 0.0 0.0 0.0 0.0 0.0 0.0 0.0 0.0 0.0 0.0 0.0 0.0 0.0 0.0 0.0 0.0 0.0 0.0 0.0 0.0 0.0 

