0.926371 0.939110 0.344203 0.952030 0.107727 0.757887 0.882934 0.618013 0.671017 0.260655 0.389250 0.672329 0.182228 0.537312 0.793485 0.978635 0.515322 0.054988 0.322740 0.698898 0.223630 0.842221 0.246275 0.938602 0.435799 
0.257614 0.438158 0.340739 0.706399 0.411118 0.327447 0.975355 0.651878 0.719075 0.766931 0.232751 0.687319 0.374650 0.026434 0.782332 0.723220 0.356560 0.703574 0.550197 0.464408 0.265163 0.891525 0.029623 0.026746 0.200197 
0.624216 0.060411 0.361022 0.749817 0.305644 0.540155 0.595892 0.843972 0.541841 0.199160 0.635190 0.909594 0.863250 0.132304 0.901221 0.030512 0.958954 0.515988 0.568550 0.158245 0.884900 0.550960 0.188867 0.738416 0.733117 
0.410796 0.108345 0.949391 0.389484 0.951537 0.535800 0.038461 0.721048 0.510090 0.420434 0.063587 0.693505 0.063863 0.616109 0.772510 0.914115 0.932299 0.477990 0.210489 0.625466 0.264688 0.394177 0.187861 0.093597 0.317103 
0.458355 0.901506 0.129367 0.175603 0.167820 0.863618 0.063450 0.073672 0.105812 0.914871 0.730016 0.312957 0.073213 0.667900 0.823415 0.580301 0.286777 0.624530 0.906707 0.086143 0.577299 0.504979 0.143587 0.019033 0.377556 
0.127577 0.541695 0.112611 0.188204 0.391727 0.511255 0.281639 0.658520 0.599601 0.183627 0.723958 0.806705 0.659187 0.678533 0.038175 0.119700 0.973808 0.064174 0.158133 0.232715 0.058797 0.143832 0.327730 0.706879 0.865179 
0.666451 0.948461 0.665295 0.965081 0.987444 0.978735 0.836728 0.500143 0.929655 0.878002 0.951502 0.442415 0.412499 0.621152 0.392939 0.433052 0.913081 0.629008 0.674670 0.392107 0.754051 0.034546 0.207658 0.564701 0.510815 
0.099494 0.240614 0.874044 0.437595 0.429807 0.141363 0.322512 0.572327 0.576776 0.436927 0.078797 0.312697 0.867994 0.858973 0.918559 0.740922 0.397035 0.268555 0.573065 0.606487 0.209633 0.991501 0.701916 0.786869 0.701327 
0.736008 0.891246 0.209427 0.879851 0.510886 0.080835 0.744467 0.658777 0.130435 0.910192 0.239888 0.076925 0.712102 0.823111 0.245808 0.210977 0.219735 0.654917 0.225008 0.209894 0.277479 0.582620 0.423583 0.605289 0.385734 
0.953564 0.541303 0.707504 0.952477 0.430207 0.724545 0.382543 0.621191 0.796606 0.866274 0.219771 0.057451 0.993587 0.428564 0.741105 0.630862 0.127517 0.647802 0.168294 0.422099 0.028451 0.435182 0.744373 0.821663 0.435357 
0.719592 0.655719 0.159740 0.301596 0.303793 0.097359 0.672491 0.132624 0.557017 0.440230 0.470650 0.001933 0.118039 0.549635 0.950713 0.015193 0.078072 0.965631 0.948869 0.955479 0.421704 0.762926 0.702734 0.852763 0.919134 
0.250366 0.216973 0.187799 0.648876 0.740043 0.191195 0.214574 0.659513 0.404427 0.684240 0.698725 0.836524 0.669409 0.472947 0.518612 0.910481 0.204446 0.379352 0.979763 0.896522 0.790513 0.272650 0.066679 0.120573 0.667797 
0.363294 0.227771 0.016082 0.793700 0.776644 0.507402 0.410557 0.494335 0.255567 0.700364 0.953704 0.447434 0.071949 0.458956 0.465120 0.191925 0.074186 0.837700 0.345770 0.433413 0.231957 0.658051 0.810802 0.069955 0.953661 
0.670653 0.512511 0.038012 0.009810 0.169244 0.228897 0.366570 0.155906 0.648586 0.490262 0.261645 0.655558 0.637427 0.681425 0.282750 0.441793 0.953521 0.997612 0.855118 0.971472 0.296372 0.283140 0.827514 0.326214 0.826510 
0.987179 0.381761 0.921044 0.992519 0.741159 0.809535 0.851432 0.625568 0.156164 0.358384 0.484271 0.206536 0.037932 0.095416 0.482911 0.994026 0.961583 0.857467 0.639307 0.962096 0.320747 0.553771 0.985191 0.539338 0.784489 
0.387547 0.342862 0.943819 0.294075 0.266701 0.189112 0.111764 0.483079 0.028540 0.428107 0.320740 0.018724 0.195327 0.279817 0.068817 0.468140 0.916415 0.490209 0.605820 0.463373 0.850977 0.043024 0.040696 0.329040 0.867030 
0.536851 0.511074 0.147566 0.857226 0.293063 0.619667 0.669691 0.422989 0.590710 0.444474 0.400450 0.303078 0.241467 0.948605 0.776317 0.669623 0.263635 0.874386 0.496280 0.892017 0.484889 0.657037 0.054770 0.750473 0.674997 
0.697848 0.969406 0.285355 0.863846 0.162879 0.800111 0.467770 0.033728 0.152578 0.704431 0.375780 0.180376 0.168910 0.503722 0.323829 0.137763 0.930477 0.604692 0.080172 0.846153 0.453264 0.426601 0.760477 0.121289 0.420159 
0.463733 0.630088 0.076989 0.626335 0.438159 0.344484 0.621054 0.899794 0.656307 0.649275 0.650776 0.848947 0.495017 0.360003 0.066443 0.065642 0.005531 0.494484 0.110793 0.000313 0.120498 0.757309 0.309750 0.842222 0.771994 
0.062382 0.696399 0.891208 0.246433 0.290028 0.141463 0.569253 0.122465 0.341288 0.947925 0.143620 0.986191 0.342260 0.061519 0.350137 0.785328 0.601897 0.939212 0.970785 0.740275 0.137318 0.598218 0.839048 0.137383 0.182117 
0.986239 0.358288 0.330216 0.648868 0.947217 0.365579 0.128072 0.599457 0.016724 0.275165 0.256218 0.131260 0.044815 0.771254 0.598601 0.920222 0.409063 0.640387 0.038743 0.829639 0.145676 0.609403 0.873742 0.989654 0.377561 
0.610230 0.904201 0.200000 0.544881 0.541263 0.119133 0.818247 0.245891 0.700754 0.558854 0.783856 0.331310 0.178003 0.742468 0.948326 0.251270 0.079817 0.909402 0.719322 0.896220 0.088986 0.008453 0.161572 0.764557 0.079885 
0.027148 0.953275 0.923430 0.518647 0.684780 0.656862 0.135694 0.489351 0.918141 0.962560 0.273806 0.270824 0.254398 0.770963 0.582637 0.911105 0.448241 0.609785 0.357627 0.475015 0.964515 0.782216 0.575143 0.220840 0.558741 
0.584336 0.681794 0.382671 0.151447 0.438949 0.342042 0.875378 0.894970 0.618210 0.860320 0.020583 0.643917 0.292994 0.196594 0.962105 0.909716 0.296508 0.695429 0.197648 0.578269 0.621955 0.030960 0.639265 0.807762 0.267536 
0.574045 0.714251 0.531893 0.734108 0.720736 0.047742 0.379496 0.623012 0.097275 0.471725 0.771012 0.706972 0.931797 0.698653 0.893612 0.126506 0.533512 0.630784 0.745339 0.644372 0.131189 0.072197 0.322195 0.025407 0.426216 

0.543650 0.878120 0.650409 0.546913 0.590001 0.411954 0.703144 0.311754 0.880356 0.569440 0.767630 0.099493 0.333018 0.426239 0.836880 0.259593 0.600680 0.550823 0.402400 0.724291 0.613673 0.843947 0.292135 0.347930 0.876198 
0.409225 0.019024 0.484276 0.523369 0.395192 0.592252 0.799371 0.323228 0.266041 0.207657 0.612121 0.177867 0.190832 0.175853 0.628650 0.998856 0.970786 0.697828 0.923274 0.047468 0.163198 0.515084 0.985771 0.562293 0.344944 
0.251033 0.762934 0.844934 0.712498 0.912818 0.744741 0.535122 0.535634 0.568268 0.565955 0.410042 0.918886 0.343147 0.086912 0.114712 0.749084 0.713651 0.398117 0.906519 0.126103 0.136043 0.110754 0.405018 0.437677 0.631360 
0.349633 0.957766 0.155031 0.368380 0.475619 0.840946 0.377488 0.649895 0.282150 0.286245 0.662226 0.819009 0.837618 0.917860 0.115071 0.253310 0.300918 0.718110 0.584492 0.705004 0.206346 0.386830 0.922554 0.593471 0.934265 
0.315314 0.035683 0.309622 0.626257 0.754724 0.162136 0.192337 0.818727 0.083905 0.292323 0.245157 0.663364 0.897238 0.939505 0.031075 0.250934 0.090372 0.381396 0.907503 0.349669 0.366569 0.483110 0.548819 0.800984 0.930897 
0.572362 0.058139 0.011410 0.607993 0.915128 0.731569 0.669718 0.734094 0.414082 0.631317 0.422127 0.539757 0.953586 0.964347 0.019818 0.586814 0.057440 0.009430 0.378757 0.291915 0.021544 0.031180 0.620018 0.697844 0.111665 
0.443423 0.458068 0.253486 0.148649 0.539985 0.165046 0.537911 0.437724 0.369834 0.387801 0.213614 0.327789 0.013112 0.906154 0.845600 0.022536 0.585396 0.161489 0.186766 0.788871 0.460238 0.037995 0.356462 0.715147 0.317236 
0.405283 0.569620 0.000031 0.944099 0.919198 0.135090 0.253462 0.164795 0.673001 0.057299 0.640203 0.918967 0.218756 0.265804 0.996544 0.367361 0.089860 0.690481 0.469307 0.356424 0.041349 0.584446 0.060250 0.655800 0.425237 
0.204792 0.133958 0.108055 0.989080 0.378911 0.797608 0.402046 0.862276 0.021157 0.804556 0.577662 0.060837 0.735428 0.420813 0.297214 0.196407 0.576942 0.840799 0.144230 0.538018 0.355164 0.607131 0.559855 0.099196 0.179530 
0.577216 0.481166 0.546726 0.545459 0.939840 0.443028 0.171338 0.704065 0.412288 0.357513 0.528964 0.718684 0.592371 0.078697 0.078049 0.340181 0.315868 0.074900 0.935244 0.664651 0.814368 0.237120 0.655035 0.010827 0.551849 
0.775255 0.944207 0.014968 0.111615 0.929163 0.968345 0.700496 0.823044 0.690296 0.182171 0.241042 0.777642 0.752625 0.276568 0.649429 0.845879 0.276814 0.928913 0.336527 0.629064 0.417190 0.796751 0.135695 0.760855 0.778262 
0.553078 0.260625 0.651747 0.462051 0.228659 0.213091 0.597100 0.575580 0.845696 0.819231 0.087991 0.257462 0.464786 0.905465 0.799180 0.277362 0.342282 0.461235 0.102444 0.564678 0.554757 0.962909 0.739391 0.606284 0.447229 
0.106076 0.229750 0.184764 0.377743 0.839518 0.058266 0.424462 0.630511 0.832207 0.671288 0.009810 0.683687 0.819768 0.245722 0.445284 0.828122 0.829377 0.281024 0.641570 0.868233 0.869255 0.073655 0.046360 0.013850 0.510032 
0.620963 0.149016 0.748124 0.716020 0.811129 0.138946 0.568847 0.624249 0.143842 0.891491 0.307377 0.163417 0.355402 0.701121 0.631220 0.957599 0.453454 0.918317 0.178352 0.098383 0.063300 0.285097 0.752171 0.161331 0.899929 
0.806493 0.637661 0.609836 0.148744 0.193887 0.712502 0.279444 0.488678 0.229901 0.377258 0.937307 0.787298 0.917301 0.742071 0.732702 0.761116 0.236673 0.750280 0.293140 0.235534 0.051755 0.917001 0.857851 0.716973 0.374471 
0.812819 0.467808 0.305179 0.133359 0.204967 0.905807 0.646824 0.443805 0.956383 0.418023 0.457373 0.363566 0.844448 0.267588 0.843604 0.448454 0.415104 0.662042 0.547804 0.074830 0.028641 0.823773 0.664825 0.639567 0.445398 
0.487303 0.916553 0.745797 0.067307 0.099387 0.836646 0.300597 0.807173 0.513949 0.173742 0.312184 0.092140 0.953597 0.193524 0.711602 0.195972 0.688262 0.019396 0.172187 0.224458 0.574401 0.957882 0.614086 0.300226 0.869680 
0.227927 0.447742 0.765467 0.253604 0.770741 0.803852 0.953077 0.537079 0.232836 0.841481 0.529191 0.529209 0.740615 0.829878 0.675217 0.109072 0.029462 0.630052 0.237939 0.318566 0.800812 0.779700 0.033753 0.541844 0.488755 
0.229747 0.763386 0.819388 0.598641 0.742973 0.907495 0.337338 0.187130 0.437433 0.545447 0.227170 0.545133 0.075311 0.508629 0.223049 0.276894 0.554262 0.495412 0.230393 0.737531 0.885538 0.162528 0.634051 0.067709 0.138492 
0.546527 0.612151 0.568470 0.518840 0.535183 0.514865 0.293342 0.428664 0.703309 0.288133 0.637883 0.549240 0.906283 0.526687 0.928867 0.872399 0.952314 0.810332 0.335475 0.096576 0.881489 0.171240 0.120957 0.431754 0.390162 
0.733417 0.503180 0.055007 0.864380 0.780008 0.372879 0.821612 0.760277 0.617852 0.679201 0.468396 0.274027 0.795082 0.373043 0.122557 0.984718 0.542856 0.279361 0.876645 0.850268 0.186360 0.743008 0.272183 0.288204 0.324359 
0.492386 0.053221 0.194964 0.349536 0.607398 0.137963 0.735991 0.147812 0.534988 0.271216 0.237665 0.690924 0.368794 0.897332 0.120417 0.813125 0.659507 0.337325 0.540342 0.759738 0.191327 0.905586 0.050002 0.641644 0.918334 
0.968975 0.422295 0.353528 0.205863 0.685642 0.691528 0.160530 0.779674 0.795093 0.242644 0.397262 0.794742 0.903041 0.964053 0.469637 0.249700 0.976236 0.443229 0.533249 0.714085 0.480834 0.862707 0.796490 0.018876 0.219223 
0.555895 0.747095 0.645609 0.137001 0.923003 0.611954 0.630252 0.201475 0.737878 0.611915 0.891277 0.802973 0.575169 0.948105 0.835846 0.208348 0.918700 0.589717 0.819430 0.561876 0.050510 0.607738 0.562541 0.771853 0.835919 
0.449667 0.222175 0.823366 0.863079 0.109015 0.949859 0.463835 0.082478 0.004995 0.331883 0.322652 0.410017 0.748562 0.133541 0.815458 0.255570 0.746227 0.562714 0.391013 0.127066 0.446769 0.833909 0.912015 0.148845 0.265782 

-0.287091 -0.568633 -1.004115 -0.119068 -1.060841 -0.061343 -0.428440 0.000237 -0.921163 -0.881539 -1.212769 0.523500 -0.557594 -0.405526 -0.862099 0.389166 -0.787919 -0.944666 -0.529569 -0.668833 -1.179497 -0.788538 -0.350200 0.233078 -1.502590 
-0.306807 0.172774 -0.655559 -0.293952 -0.451237 -0.873408 -0.746772 -0.132930 0.187965 0.377019 -1.046457 0.322805 0.212890 -0.500619 -0.378050 -1.231956 -1.540798 -0.687706 -1.140536 0.334812 0.033288 -0.158997 -2.005065 -1.115483 -0.572490 
0.187438 -1.419054 -1.267650 -0.835192 -1.515757 -0.899622 -0.323868 -0.203393 -0.654655 -0.779679 -0.254796 -0.988933 0.173824 -0.115206 0.679069 -1.440403 -0.495343 -0.183683 -1.344536 -0.117141 0.543279 0.283868 -0.497918 -0.012501 -0.416983 
-0.313698 -1.838299 0.678106 -0.256000 0.009584 -1.128136 -0.738984 -0.596168 -0.372045 0.053907 -1.285977 -1.004568 -1.538715 -1.389224 0.502867 0.550271 0.393483 -0.970881 -0.905809 -0.852571 -0.180131 -0.353197 -1.817104 -0.846146 -1.655568 
-0.300365 0.761220 -0.431019 -0.951416 -1.211807 0.296149 -0.340846 -1.613853 0.097075 0.383504 0.084618 -1.169574 -1.665987 -1.189255 0.948762 0.254436 0.160327 -0.034053 -0.870846 -0.545139 -0.121584 -0.307397 -0.952371 -1.622429 -1.453970 
0.078046 -0.567338 -0.029133 -0.027686 -0.255179 -0.476439 -0.507517 -0.695177 -0.567119 -0.221510 -0.688925 -0.920208 -0.646090 -0.697732 0.035014 -0.332016 -0.923610 0.004110 -0.251829 -0.309190 -0.078097 -0.036082 -0.420288 -0.811712 -0.860388 
-0.685584 -0.998589 -0.805502 -0.855677 -0.991428 -0.913413 -0.754592 -0.435323 -0.890589 -0.765640 -0.919350 -0.647812 -0.584092 -0.516316 -0.542717 -0.525805 -0.927903 -0.723886 -0.614184 -0.326642 -0.897317 0.084518 -0.153469 -0.512010 -0.590261 
0.060182 -0.303991 -0.758887 -0.557094 -0.381609 -0.239160 -0.367664 -0.644785 -0.510165 -0.403750 0.039431 -0.278540 -0.937271 -0.855917 -0.761534 -0.906897 -0.462658 -0.381626 -0.706721 -0.592611 -0.142901 -0.906580 -0.720012 -0.804003 -0.680280 
-0.610805 -0.752327 -0.236856 -0.827079 -0.469049 0.065620 -0.647047 -0.631197 -0.200905 -1.041946 -0.309093 0.043724 -0.608263 -0.982396 -0.181508 -0.139911 -0.141928 -0.570899 -0.195003 -0.320409 -0.279455 -0.657520 -0.542359 -0.426201 -0.414059 
-0.976753 -0.556606 -0.645197 -1.110005 -0.316259 -0.776598 -0.402873 -0.561088 -0.691727 -0.895784 -0.148056 -0.234701 -0.983936 -0.375118 -0.696702 -0.598046 -0.218239 -0.594284 -0.417833 -0.359348 -0.046242 -0.492420 -0.786732 -0.641565 -0.498763 
-2.032422 -2.366307 -0.321261 -0.607668 -1.551372 -1.154756 -1.942339 -1.029685 -1.742848 -1.202393 -1.262342 -0.704921 -0.781182 -1.436268 -2.575744 -0.969336 -0.214944 -2.646890 -2.133030 -2.421448 -1.248107 -2.188805 -1.522719 -2.433530 -2.610619 
-1.169643 -0.717998 -0.841393 -1.931285 -1.685182 -0.723755 -0.925550 -1.851322 -1.644835 -2.310158 -1.519872 -1.835944 -1.736398 -1.689386 -1.777163 -2.199483 -0.731157 -1.181779 -1.955663 -2.365824 -1.967989 -1.645412 -0.842777 -0.903387 -1.789084 
-0.841546 -0.600878 -0.399319 -2.020858 -2.333583 -1.055879 -1.252612 -1.499178 -1.329870 -1.988877 -1.921327 -1.571534 -0.970368 -0.983676 -1.471721 -1.233640 -0.893533 -1.996012 -1.505266 -1.485198 -1.494923 -1.200324 -1.552700 0.016342 -2.458264 
-1.957508 -1.315363 -0.904265 -0.558840 -1.148655 -0.527053 -1.289389 -0.894733 -1.415481 -1.927019 -0.825774 -1.354697 -1.675146 -2.124942 -1.242136 -1.750314 -2.467602 -3.010273 -1.863919 -2.038641 -0.682451 -0.902490 -2.674595 -0.757313 -2.427531 
-2.846208 -1.376823 -2.429290 -1.904462 -1.808200 -2.399089 -2.030987 -1.755462 -0.575174 -1.155739 -1.977495 -1.285526 -0.946422 -0.766394 -1.771543 -2.777702 -2.005873 -2.464767 -1.558307 -2.203729 -0.642740 -1.967798 -2.970697 -1.790843 -1.908674 
1.777798 0.885825 0.475930 0.293265 0.296089 1.818954 1.331431 0.692158 1.858535 0.885462 1.074027 0.935552 1.716715 0.699843 1.560106 0.584945 0.792983 1.160765 1.000579 0.200604 0.000933 1.780662 1.335218 1.238820 0.815256 
0.870289 1.870914 1.390658 0.144421 0.283606 1.567832 0.536357 1.648537 0.910300 0.269865 0.576813 0.192456 1.740121 0.453169 1.457822 0.596461 1.309732 0.051983 0.300677 0.459704 1.069924 1.969030 1.179086 0.689563 1.777355 
0.399593 0.823294 1.592766 0.567508 1.723995 1.686822 1.977247 1.090168 0.339740 1.653690 0.948317 0.993637 1.549779 1.567865 1.393788 0.252022 0.091896 1.274532 0.471475 0.692687 1.688004 1.510817 -0.138430 0.996436 0.936852 
0.562445 1.465260 1.622511 1.182474 1.548494 1.767399 0.630427 0.533290 0.962590 0.900509 0.601089 1.152462 0.163811 1.043728 0.472686 0.650984 1.190253 0.905401 0.566833 1.383983 1.834629 0.255350 1.270960 0.401784 0.224996 
0.838066 1.265561 0.892971 0.961083 1.086265 1.130222 0.526661 1.061697 1.321302 0.454306 1.240891 1.151162 1.680302 0.941790 1.798085 1.684907 1.629450 1.825751 0.671115 0.397202 1.773278 0.373115 0.153163 0.878314 0.768336 
2.817750 1.282150 0.612521 2.148468 2.691979 1.102923 1.001479 2.024396 0.635673 1.199019 1.001314 0.579684 0.977729 2.074951 1.294542 2.890954 1.266192 1.497997 0.933777 2.501505 0.518129 1.997730 1.894381 2.361077 0.958535 
1.413967 1.761736 0.618296 1.450981 1.691753 0.529296 2.394633 0.559395 1.818501 1.241673 1.831264 1.402521 0.687004 2.251478 1.960149 1.501598 0.744880 2.325509 1.888189 2.645472 0.480614 0.918537 0.508793 1.976408 1.214453 
0.995804 2.324005 1.999107 1.244379 2.290455 1.932399 0.581241 1.792078 2.526000 2.175496 0.929598 1.483805 1.380287 2.476171 1.491239 2.040578 1.948708 1.616092 1.192306 1.554398 2.524986 2.385325 1.885706 0.520039 1.340846 
1.844785 2.135206 1.544893 0.432067 1.812482 1.363064 2.471034 1.778502 2.085071 2.276159 0.792190 2.019160 1.043987 1.210320 2.894607 2.096106 1.543370 2.039819 1.456360 1.603016 1.352021 0.484306 1.868137 2.330706 1.396916 
1.623888 1.667124 1.933604 2.476981 1.568648 0.937972 1.305177 1.302072 0.029056 1.163741 1.864263 1.825908 2.516501 1.449876 2.538569 0.615559 1.765746 1.869727 1.946018 1.404063 0.594634 0.846222 1.553190 -0.003876 1.125247 

0 0 0 0 0 0 0 0 0 0 0 0 0 0 0 0 0 0 0 0 0 0 0 0 0 
0 0 0 0 0 0 0 0 0 0 0 0 0 0 0 0 0 0 0 0 0 0 0 0 0 
0 0 0 0 0 0 0 0 0 0 0 0 0 0 0 0 0 0 0 0 0 0 0 0 0 
0 0 0 0 0 0 0 0 0 0 0 0 0 0 0 0 0 0 0 0 0 0 0 0 0 
0 0 0 0 0 0 0 0 0 0 0 0 0 0 0 0 0 0 0 0 0 0 0 0 0 
1 1 1 1 1 1 1 1 1 1 1 1 1 1 1 1 1 1 1 1 1 1 1 1 1 
1 1 1 1 1 1 1 1 1 1 1 1 1 1 1 1 1 1 1 1 1 1 1 1 1 
1 1 1 1 1 1 1 1 1 1 1 1 1 1 1 1 1 1 1 1 1 1 1 1 1 
1 1 1 1 1 1 1 1 1 1 1 1 1 1 1 1 1 1 1 1 1 1 1 1 1 
1 1 1 1 1 1 1 1 1 1 1 1 1 1 1 1 1 1 1 1 1 1 1 1 1 
2 2 2 2 2 2 2 2 2 2 2 2 2 2 2 2 2 2 2 2 2 2 2 2 2 
2 2 2 2 2 2 2 2 2 2 2 2 2 2 2 2 2 2 2 2 2 2 2 2 2 
2 2 2 2 2 2 2 2 2 2 2 2 2 2 2 2 2 2 2 2 2 2 2 2 2 
2 2 2 2 2 2 2 2 2 2 2 2 2 2 2 2 2 2 2 2 2 2 2 2 2 
2 2 2 2 2 2 2 2 2 2 2 2 2 2 2 2 2 2 2 2 2 2 2 2 2 
3 3 3 3 3 3 3 3 3 3 3 3 3 3 3 3 3 3 3 3 3 3 3 3 3 
3 3 3 3 3 3 3 3 3 3 3 3 3 3 3 3 3 3 3 3 3 3 3 3 3 
3 3 3 3 3 3 3 3 3 3 3 3 3 3 3 3 3 3 3 3 3 3 3 3 3 
3 3 3 3 3 3 3 3 3 3 3 3 3 3 3 3 3 3 3 3 3 3 3 3 3 
3 3 3 3 3 3 3 3 3 3 3 3 3 3 3 3 3 3 3 3 3 3 3 3 3 
4 4 4 4 4 4 4 4 4 4 4 4 4 4 4 4 4 4 4 4 4 4 4 4 4 
4 4 4 4 4 4 4 4 4 4 4 4 4 4 4 4 4 4 4 4 4 4 4 4 4 
4 4 4 4 4 4 4 4 4 4 4 4 4 4 4 4 4 4 4 4 4 4 4 4 4 
4 4 4 4 4 4 4 4 4 4 4 4 4 4 4 4 4 4 4 4 4 4 4 4 4 
4 4 4 4 4 4 4 4 4 4 4 4 4 4 4 4 4 4 4 4 4 4 4 4 4 

1.0 1.0 1.0 1.0 1.0 1.0 1.0 1.0 1.0 1.0 1.0 1.0 1.0 1.0 1.0 1.0 1.0 1.0 1.0 1.0 1.0 1.0 1.0 1.0 1.0 
1.0 1.0 1.0 1.0 1.0 1.0 1.0 1.0 1.0 1.0 1.0 1.0 1.0 1.0 1.0 1.0 1.0 1.0 1.0 1.0 1.0 1.0 1.0 1.0 1.0 
1.0 1.0 1.0 1.0 1.0 1.0 1.0 1.0 1.0 1.0 1.0 1.0 1.0 1.0 1.0 1.0 1.0 1.0 1.0 1.0 1.0 1.0 1.0 1.0 1.0 
1.0 1.0 1.0 1.0 1.0 1.0 1.0 1.0 1.0 1.0 1.0 1.0 1.0 1.0 1.0 1.0 1.0 1.0 1.0 1.0 1.0 1.0 1.0 1.0 1.0 
1.0 1.0 1.0 1.0 1.0 1.0 1.0 1.0 1.0 1.0 1.0 1.0 1.0 1.0 1.0 1.0 1.0 1.0 1.0 1.0 1.0 1.0 1.0 1.0 1.0 
-1.0 -1.0 -1.0 -1.0 -1.0 -1.0 -1.0 -1.0 -1.0 -1.0 -1.0 -1.0 -1.0 -1.0 -1.0 -1.0 -1.0 -1.0 -1.0 -1.0 -1.0 -1.0 -1.0 -1.0 -1.0 
-1.0 -1.0 -1.0 -1.0 -1.0 -1.0 -1.0 -1.0 -1.0 -1.0 -1.0 -1.0 -1.0 -1.0 -1.0 -1.0 -1.0 -1.0 -1.0 -1.0 -1.0 -1.0 -1.0 -1.0 -1.0 
-1.0 -1.0 -1.0 -1.0 -1.0 -1.0 -1.0 -1.0 -1.0 -1.0 -1.0 -1.0 -1.0 -1.0 -1.0 -1.0 -1.0 -1.0 -1.0 -1.0 -1.0 -1.0 -1.0 -1.0 -1.0 
-1.0 -1.0 -1.0 -1.0 -1.0 -1.0 -1.0 -1.0 -1.0 -1.0 -1.0 -1.0 -1.0 -1.0 -1.0 -1.0 -1.0 -1.0 -1.0 -1.0 -1.0 -1.0 -1.0 -1.0 -1.0 
-1.0 -1.0 -1.0 -1.0 -1.0 -1.0 -1.0 -1.0 -1.0 -1.0 -1.0 -1.0 -1.0 -1.0 -1.0 -1.0 -1.0 -1.0 -1.0 -1.0 -1.0 -1.0 -1.0 -1.0 -1.0 
-2.0 -2.0 -2.0 -2.0 -2.0 -2.0 -2.0 -2.0 -2.0 -2.0 -2.0 -2.0 -2.0 -2.0 -2.0 -2.0 -2.0 -2.0 -2.0 -2.0 -2.0 -2.0 -2.0 -2.0 -2.0 
-2.0 -2.0 -2.0 -2.0 -2.0 -2.0 -2.0 -2.0 -2.0 -2.0 -2.0 -2.0 -2.0 -2.0 -2.0 -2.0 -2.0 -2.0 -2.0 -2.0 -2.0 -2.0 -2.0 -2.0 -2.0 
-2.0 -2.0 -2.0 -2.0 -2.0 -2.0 -2.0 -2.0 -2.0 -2.0 -2.0 -2.0 -2.0 -2.0 -2.0 -2.0 -2.0 -2.0 -2.0 -2.0 -2.0 -2.0 -2.0 -2.0 -2.0 
-2.0 -2.0 -2.0 -2.0 -2.0 -2.0 -2.0 -2.0 -2.0 -2.0 -2.0 -2.0 -2.0 -2.0 -2.0 -2.0 -2.0 -2.0 -2.0 -2.0 -2.0 -2.0 -2.0 -2.0 -2.0 
-2.0 -2.0 -2.0 -2.0 -2.0 -2.0 -2.0 -2.0 -2.0 -2.0 -2.0 -2.0 -2.0 -2.0 -2.0 -2.0 -2.0 -2.0 -2.0 -2.0 -2.0 -2.0 -2.0 -2.0 -2.0 
0.0 0.0 0.0 0.0 0.0 0.0 0.0 0.0 0.0 0.0 0.0 0.0 0.0 0.0 0.0 0.0 0.0 0.0 0.0 0.0 0.0 0.0 0.0 0.0 0.0 
0.0 0.0 0.0 0.0 0.0 0.0 0.0 0.0 0.0 0.0 0.0 0.0 0.0 0.0 0.0 0.0 0.0 0.0 0.0 0.0 0.0 0.0 0.0 0.0 0.0 
0.0 0.0 0.0 0.0 0.0 0.0 0.0 0.0 0.0 0.0 0.0 0.0 0.0 0.0 0.0 0.0 0.0 0.0 0.0 0.0 0.0 0.0 0.0 0.0 0.0 
0.0 0.0 0.0 0.0 0.0 0.0 0.0 0.0 0.0 0.0 0.0 0.0 0.0 0.0 0.0 0.0 0.0 0.0 0.0 0.0 0.0 0.0 0.0 0.0 0.0 
0.0 0.0 0.0 0.0 0.0 0.0 0.0 0.0 0.0 0.0 0.0 0.0 0.0 0.0 0.0 0.0 0.0 0.0 0.0 0.0 0.0 0.0 0.0 0.0 0.0 
2.0 2.0 2.0 2.0 2.0 2.0 2.0 2.0 2.0 2.0 2.0 2.0 2.0 2.0 2.0 2.0 2.0 2.0 2.0 2.0 2.0 2.0 2.0 2.0 2.0 
2.0 2.0 2.0 2.0 2.0 2.0 2.0 2.0 2.0 2.0 2.0 2.0 2.0 2.0 2.0 2.0 2.0 2.0 2.0 2.0 2.0 2.0 2.0 2.0 2.0 
2.0 2.0 2.0 2.0 2.0 2.0 2.0 2.0 2.0 2.0 2.0 2.0 2.0 2.0 2.0 2.0 2.0 2.0 2.0 2.0 2.0 2.0 2.0 2.0 2.0 
2.0 2.0 2.0 2.0 2.0 2.0 2.0 2.0 2.0 2.0 2.0 2.0 2.0 2.0 2.0 2.0 2.0 2.0 2.0 2.0 2.0 2.0 2.0 2.0 2.0 
2.0 2.0 2.0 2.0 2.0 2.0 2.0 2.0 2.0 2.0 2.0 2.0 2.0 2.0 2.0 2.0 2.0 2.0 2.0 2.0 2.0 2.0 2.0 2.0 2.0 

-2.0 -2.0 -2.0 -2.0 -2.0 -2.0 -2.0 -2.0 -2.0 -2.0 -2.0 -2.0 -2.0 -2.0 -2.0 -2.0 -2.0 -2.0 -2.0 -2.0 -2.0 -2.0 -2.0 -2.0 -2.0 
-2.0 -2.0 -2.0 -2.0 -2.0 -2.0 -2.0 -2.0 -2.0 -2.0 -2.0 -2.0 -2.0 -2.0 -2.0 -2.0 -2.0 -2.0 -2.0 -2.0 -2.0 -2.0 -2.0 -2.0 -2.0 
-2.0 -2.0 -2.0 -2.0 -2.0 -2.0 -2.0 -2.0 -2.0 -2.0 -2.0 -2.0 -2.0 -2.0 -2.0 -2.0 -2.0 -2.0 -2.0 -2.0 -2.0 -2.0 -2.0 -2.0 -2.0 
-2.0 -2.0 -2.0 -2.0 -2.0 -2.0 -2.0 -2.0 -2.0 -2.0 -2.0 -2.0 -2.0 -2.0 -2.0 -2.0 -2.0 -2.0 -2.0 -2.0 -2.0 -2.0 -2.0 -2.0 -2.0 
-2.0 -2.0 -2.0 -2.0 -2.0 -2.0 -2.0 -2.0 -2.0 -2.0 -2.0 -2.0 -2.0 -2.0 -2.0 -2.0 -2.0 -2.0 -2.0 -2.0 -2.0 -2.0 -2.0 -2.0 -2.0 
0.0 0.0 0.0 0.0 0.0 0.0 0.0 0.0 0.0 0.0 0.0 0.0 0.0 0.0 0.0 0.0 0.0 0.0 0.0 0.0 0.0 0.0 0.0 0.0 0.0 
0.0 0.0 0.0 0.0 0.0 0.0 0.0 0.0 0.0 0.0 0.0 0.0 0.0 0.0 0.0 0.0 0.0 0.0 0.0 0.0 0.0 0.0 0.0 0.0 0.0 
0.0 0.0 0.0 0.0 0.0 0.0 0.0 0.0 0.0 0.0 0.0 0.0 0.0 0.0 0.0 0.0 0.0 0.0 0.0 0.0 0.0 0.0 0.0 0.0 0.0 
0.0 0.0 0.0 0.0 0.0 0.0 0.0 0.0 0.0 0.0 0.0 0.0 0.0 0.0 0.0 0.0 0.0 0.0 0.0 0.0 0.0 0.0 0.0 0.0 0.0 
0.0 0.0 0.0 0.0 0.0 0.0 0.0 0.0 0.0 0.0 0.0 0.0 0.0 0.0 0.0 0.0 0.0 0.0 0.0 0.0 0.0 0.0 0.0 0.0 0.0 
-1.0 -1.0 -1.0 -1.0 -1.0 -1.0 -1.0 -1.0 -1.0 -1.0 -1.0 -1.0 -1.0 -1.0 -1.0 -1.0 -1.0 -1.0 -1.0 -1.0 -1.0 -1.0 -1.0 -1.0 -1.0 
-1.0 -1.0 -1.0 -1.0 -1.0 -1.0 -1.0 -1.0 -1.0 -1.0 -1.0 -1.0 -1.0 -1.0 -1.0 -1.0 -1.0 -1.0 -1.0 -1.0 -1.0 -1.0 -1.0 -1.0 -1.0 
-1.0 -1.0 -1.0 -1.0 -1.0 -1.0 -1.0 -1.0 -1.0 -1.0 -1.0 -1.0 -1.0 -1.0 -1.0 -1.0 -1.0 -1.0 -1.0 -1.0 -1.0 -1.0 -1.0 -1.0 -1.0 
-1.0 -1.0 -1.0 -1.0 -1.0 -1.0 -1.0 -1.0 -1.0 -1.0 -1.0 -1.0 -1.0 -1.0 -1.0 -1.0 -1.0 -1.0 -1.0 -1.0 -1.0 -1.0 -1.0 -1.0 -1.0 
-1.0 -1.0 -1.0 -1.0 -1.0 -1.0 -1.0 -1.0 -1.0 -1.0 -1.0 -1.0 -1.0 -1.0 -1.0 -1.0 -1.0 -1.0 -1.0 -1.0 -1.0 -1.0 -1.0 -1.0 -1.0 
2.0 2.0 2.0 2.0 2.0 2.0 2.0 2.0 2.0 2.0 2.0 2.0 2.0 2.0 2.0 2.0 2.0 2.0 2.0 2.0 2.0 2.0 2.0 2.0 2.0 
2.0 2.0 2.0 2.0 2.0 2.0 2.0 2.0 2.0 2.0 2.0 2.0 2.0 2.0 2.0 2.0 2.0 2.0 2.0 2.0 2.0 2.0 2.0 2.0 2.0 
2.0 2.0 2.0 2.0 2.0 2.0 2.0 2.0 2.0 2.0 2.0 2.0 2.0 2.0 2.0 2.0 2.0 2.0 2.0 2.0 2.0 2.0 2.0 2.0 2.0 
2.0 2.0 2.0 2.0 2.0 2.0 2.0 2.0 2.0 2.0 2.0 2.0 2.0 2.0 2.0 2.0 2.0 2.0 2.0 2.0 2.0 2.0 2.0 2.0 2.0 
2.0 2.0 2.0 2.0 2.0 2.0 2.0 2.0 2.0 2.0 2.0 2.0 2.0 2.0 2.0 2.0 2.0 2.0 2.0 2.0 2.0 2.0 2.0 2.0 2.0 
1.0 1.0 1.0 1.0 1.0 1.0 1.0 1.0 1.0 1.0 1.0 1.0 1.0 1.0 1.0 1.0 1.0 1.0 1.0 1.0 1.0 1.0 1.0 1.0 1.0 
1.0 1.0 1.0 1.0 1.0 1.0 1.0 1.0 1.0 1.0 1.0 1.0 1.0 1.0 1.0 1.0 1.0 1.0 1.0 1.0 1.0 1.0 1.0 1.0 1.0 
1.0 1.0 1.0 1.0 1.0 1.0 1.0 1.0 1.0 1.0 1.0 1.0 1.0 1.0 1.0 1.0 1.0 1.0 1.0 1.0 1.0 1.0 1.0 1.0 1.0 
1.0 1.0 1.0 1.0 1.0 1.0 1.0 1.0 1.0 1.0 1.0 1.0 1.0 1.0 1.0 1.0 1.0 1.0 1.0 1.0 1.0 1.0 1.0 1.0 1.0 
1.0 1.0 1.0 1.0 1.0 1.0 1.0 1.0 1.0 1.0 1.0 1.0 1.0 1.0 1.0 1.0 1.0 1.0 1.0 1.0 1.0 1.0 1.0 1.0 1.0 

