0.283446 0.577454 0.512766 0.524516 0.214472 0.724499 0.944107 0.177770 0.973008 0.054146 0.584803 0.107066 0.151097 0.071715 0.054601 0.118814 0.254984 0.321238 0.956030 0.991579 0.910919 0.122258 0.665879 0.760494 0.041452 
0.582030 0.389620 0.131572 0.712714 0.625433 0.474718 0.615928 0.892874 0.338861 0.763410 0.131403 0.577806 0.749276 0.537431 0.879346 0.699767 0.455395 0.056461 0.809197 0.390180 0.868694 0.213015 0.590311 0.494578 0.112342 
0.498908 0.842131 0.656522 0.857895 0.342652 0.284651 0.258141 0.952210 0.349531 0.448258 0.427744 0.890656 0.328860 0.422760 0.999225 0.212159 0.710451 0.711281 0.832026 0.054509 0.617443 0.949444 0.117123 0.178407 0.460185 
0.388899 0.410878 0.478015 0.000629 0.841844 0.023437 0.268929 0.748814 0.204974 0.105545 0.857889 0.711852 0.450609 0.040842 0.683168 0.937696 0.311097 0.680870 0.469136 0.599532 0.960345 0.332387 0.504727 0.951216 0.242324 
0.503683 0.987921 0.428843 0.646968 0.175193 0.081761 0.868787 0.957013 0.054795 0.344795 0.756485 0.222742 0.853260 0.065393 0.655665 0.105859 0.460656 0.019077 0.915374 0.260832 0.802253 0.876184 0.120365 0.709600 0.187192 
0.674557 0.640746 0.131344 0.231627 0.225200 0.117349 0.978674 0.256801 0.151256 0.661948 0.708434 0.549755 0.193753 0.417314 0.526790 0.598969 0.166383 0.250656 0.153437 0.816212 0.594300 0.492893 0.765631 0.229332 0.109505 
0.229565 0.681957 0.459010 0.078517 0.465843 0.116845 0.384891 0.059337 0.092720 0.612211 0.573733 0.811408 0.528641 0.605859 0.872323 0.083167 0.280022 0.092151 0.639778 0.540014 0.406854 0.620608 0.951970 0.827235 0.295288 
0.041856 0.562380 0.244461 0.352454 0.883641 0.374357 0.472671 0.025924 0.937365 0.656506 0.336406 0.509851 0.753207 0.089275 0.734601 0.738681 0.391447 0.019722 0.464864 0.333487 0.854423 0.737749 0.369729 0.937135 0.750791 
0.313753 0.994378 0.845934 0.516820 0.833609 0.312830 0.225495 0.003869 0.141315 0.040058 0.756365 0.378366 0.693095 0.321816 0.128141 0.916080 0.266795 0.342544 0.538619 0.957624 0.855178 0.341867 0.343422 0.350957 0.882392 
0.498342 0.242717 0.172178 0.244137 0.597864 0.209386 0.770845 0.291083 0.457640 0.821419 0.436684 0.679329 0.964889 0.048635 0.049823 0.723664 0.893055 0.164073 0.414349 0.360082 0.865796 0.232451 0.416165 0.736321 0.300677 
0.776890 0.704054 0.942952 0.417054 0.710593 0.666910 0.601169 0.560074 0.663735 0.466301 0.492880 0.011809 0.671687 0.415966 0.751708 0.548393 0.459452 0.025008 0.940806 0.144605 0.570184 0.888872 0.869548 0.667162 0.275521 
0.486809 0.133597 0.400305 0.340821 0.567575 0.465314 0.158552 0.196319 0.533279 0.589625 0.695180 0.745442 0.765861 0.485581 0.821253 0.116924 0.774101 0.981177 0.932036 0.859101 0.160782 0.825941 0.470023 0.005178 0.481607 
0.077538 0.897736 0.059516 0.814173 0.251199 0.995094 0.267685 0.611753 0.490059 0.300705 0.655884 0.096137 0.807879 0.149533 0.336374 0.185244 0.131927 0.263694 0.414337 0.372274 0.387133 0.396740 0.461870 0.944462 0.398316 
0.807671 0.949919 0.215926 0.627058 0.420321 0.647126 0.856482 0.579238 0.340653 0.395642 0.648475 0.723804 0.705137 0.770109 0.348776 0.478877 0.506293 0.714482 0.857669 0.564508 0.815341 0.937239 0.904351 0.188037 0.909643 
0.982503 0.344656 0.496882 0.349673 0.200888 0.294752 0.235206 0.175320 0.190943 0.095953 0.818833 0.056874 0.988960 0.738887 0.398789 0.333036 0.787701 0.274686 0.561350 0.673742 0.092749 0.992112 0.294687 0.286102 0.859426 
0.461156 0.676529 0.382391 0.008394 0.115346 0.199923 0.580652 0.327169 0.738282 0.227836 0.837076 0.270432 0.103204 0.587808 0.764189 0.745341 0.620461 0.210106 0.672533 0.557792 0.353600 0.627358 0.201474 0.761896 0.760853 
0.420990 0.831236 0.650216 0.298042 0.527398 0.514937 0.975559 0.365478 0.360574 0.672487 0.588044 0.034780 0.566261 0.264236 0.877487 0.774694 0.694169 0.187551 0.062417 0.134302 0.330897 0.273287 0.635091 0.127712 0.564998 
0.894728 0.499121 0.225915 0.113091 0.921278 0.106071 0.499317 0.792084 0.133466 0.749536 0.951646 0.227777 0.661838 0.641988 0.591534 0.042730 0.698969 0.773389 0.201882 0.138139 0.721992 0.573721 0.755572 0.634197 0.453918 
0.511198 0.295034 0.441351 0.961976 0.957535 0.739617 0.881587 0.226823 0.266972 0.839574 0.794793 0.600208 0.344796 0.610569 0.924716 0.688790 0.544958 0.586238 0.287195 0.253856 0.709350 0.544740 0.901744 0.590520 0.688763 
0.959699 0.325853 0.631553 0.109898 0.240740 0.950806 0.737956 0.959348 0.022628 0.837767 0.642459 0.684827 0.884291 0.534405 0.972964 0.632833 0.344741 0.470851 0.952150 0.633933 0.789510 0.694336 0.772665 0.202149 0.511992 
0.027802 0.447284 0.568788 0.999977 0.382817 0.484393 0.681024 0.746641 0.466646 0.047747 0.604130 0.186772 0.272289 0.171446 0.292281 0.674671 0.708021 0.116468 0.634295 0.111495 0.704904 0.982782 0.996554 0.217006 0.292911 
0.597629 0.816313 0.837864 0.581230 0.750673 0.018863 0.867838 0.728139 0.837913 0.047912 0.333459 0.522772 0.120422 0.042182 0.271178 0.476783 0.794924 0.845410 0.685787 0.803446 0.270333 0.316309 0.407831 0.781552 0.563459 
0.650640 0.902394 0.435653 0.862542 0.132403 0.460566 0.813628 0.604500 0.339024 0.173287 0.138184 0.025743 0.066046 0.290761 0.377229 0.937265 0.549783 0.912411 0.128605 0.731380 0.178672 0.526771 0.474391 0.863336 0.898067 
0.336265 0.754991 0.204436 0.903797 0.160249 0.777251 0.509653 0.560450 0.875038 0.070003 0.092536 0.322144 0.202384 0.764166 0.171432 0.182196 0.206958 0.867531 0.449926 0.186219 0.204402 0.863571 0.888035 0.330343 0.656217 
0.352651 0.866282 0.458656 0.164660 0.022090 0.611760 0.102768 0.848448 0.635834 0.361058 0.448806 0.047543 0.031893 0.891644 0.940505 0.697011 0.361297 0.764850 0.784519 0.177911 0.093840 0.709173 0.738479 0.827009 0.914091 

0.456669 0.926765 0.552345 0.739889 0.925866 0.273762 0.589788 0.236158 0.420986 0.024498 0.641861 0.825222 0.044616 0.824116 0.405934 0.439359 0.888048 0.975072 0.224411 0.727494 0.777354 0.708661 0.381840 0.967406 0.453470 
0.748179 0.032934 0.799720 0.636479 0.213276 0.069744 0.887271 0.401275 0.525934 0.569914 0.419787 0.788224 0.478790 0.374648 0.866349 0.047740 0.541028 0.725970 0.864011 0.493193 0.240458 0.270283 0.943223 0.495984 0.759582 
0.246612 0.507369 0.219267 0.580491 0.317400 0.655279 0.264445 0.338833 0.957038 0.868833 0.820403 0.606356 0.674218 0.516544 0.424689 0.394386 0.316537 0.979973 0.060661 0.107927 0.436851 0.416584 0.506761 0.092546 0.215474 
0.193343 0.422400 0.099617 0.415279 0.096466 0.425693 0.078952 0.547137 0.528983 0.537801 0.730360 0.138161 0.239879 0.817250 0.073128 0.667775 0.323571 0.569088 0.555327 0.347534 0.583100 0.816375 0.994349 0.536625 0.400343 
0.875514 0.474959 0.506740 0.830727 0.846318 0.154261 0.885757 0.236658 0.602316 0.480605 0.338101 0.533447 0.437060 0.714569 0.346242 0.895889 0.439582 0.534329 0.795345 0.705034 0.483166 0.657811 0.561198 0.951186 0.288060 
0.260672 0.617646 0.319260 0.040990 0.085324 0.056401 0.911541 0.388207 0.750988 0.405825 0.010867 0.140238 0.174797 0.891360 0.073792 0.027572 0.324160 0.241220 0.736855 0.447369 0.787605 0.350848 0.660368 0.970285 0.157672 
0.631726 0.360545 0.226837 0.085227 0.643051 0.022486 0.343379 0.392470 0.428938 0.822293 0.622748 0.535549 0.290247 0.174135 0.505968 0.408662 0.319768 0.464941 0.740944 0.705763 0.795958 0.716651 0.638830 0.701726 0.593376 
0.430227 0.500065 0.880006 0.151336 0.789091 0.457690 0.428376 0.822904 0.699162 0.769450 0.892814 0.130606 0.803969 0.383836 0.499994 0.042200 0.998840 0.211540 0.661720 0.518197 0.999858 0.290962 0.010163 0.294668 0.787307 
0.910389 0.949232 0.396462 0.257034 0.477347 0.521035 0.692463 0.354145 0.759821 0.745459 0.729607 0.756139 0.160807 0.234457 0.449958 0.969739 0.531977 0.687262 0.473006 0.171741 0.786670 0.021949 0.636419 0.437159 0.024573 
0.371617 0.712762 0.492437 0.910971 0.428411 0.561279 0.809308 0.647866 0.455961 0.214422 0.049855 0.776293 0.157046 0.856414 0.045643 0.696557 0.283629 0.209406 0.064006 0.166884 0.222198 0.871475 0.375953 0.121841 0.704476 
0.745869 0.130464 0.645901 0.365666 0.860697 0.325856 0.555020 0.366601 0.571985 0.300582 0.977003 0.127121 0.549875 0.528318 0.440963 0.641737 0.679123 0.060889 0.539711 0.825814 0.036876 0.565477 0.718999 0.996370 0.951810 
0.703675 0.694466 0.617940 0.331952 0.097276 0.576504 0.304689 0.808599 0.833600 0.801319 0.933310 0.184278 0.162579 0.202769 0.581538 0.167458 0.377815 0.741984 0.084907 0.635030 0.751089 0.643602 0.012324 0.932996 0.735404 
0.924264 0.429303 0.122095 0.325950 0.900774 0.647873 0.439922 0.964867 0.750758 0.605494 0.265466 0.712794 0.336372 0.492400 0.834323 0.273192 0.123696 0.001303 0.251694 0.439938 0.582899 0.302593 0.959736 0.186242 0.936143 
0.245480 0.795861 0.905346 0.238376 0.862427 0.157149 0.021109 0.611119 0.694343 0.459587 0.225971 0.816407 0.218195 0.723256 0.827249 0.686694 0.635046 0.247146 0.118138 0.232587 0.100733 0.202020 0.411075 0.085566 0.591712 
0.014078 0.327918 0.354890 0.198170 0.815825 0.973400 0.450834 0.283601 0.240441 0.004106 0.331299 0.868405 0.075818 0.270299 0.870735 0.387721 0.739374 0.721085 0.215596 0.747791 0.741018 0.350023 0.373791 0.268347 0.457493 
0.945560 0.866893 0.195130 0.262869 0.511495 0.709051 0.270900 0.467665 0.208001 0.055768 0.943800 0.469200 0.497212 0.055767 0.202921 0.214336 0.348543 0.348413 0.836925 0.819670 0.958024 0.931239 0.341483 0.235245 0.874805 
0.476644 0.304649 0.114450 0.466968 0.180242 0.447647 0.201536 0.886677 0.668592 0.099060 0.996730 0.556372 0.365109 0.925721 0.428622 0.290751 0.176132 0.762784 0.618856 0.484860 0.839494 0.465979 0.121101 0.448283 0.038437 
0.525303 0.054484 0.164416 0.979111 0.275243 0.307423 0.797227 0.444930 0.769849 0.813096 0.658142 0.665762 0.965910 0.666797 0.419526 0.941757 0.401460 0.287249 0.203187 0.534989 0.511581 0.531995 0.431551 0.180290 0.709501 
0.237186 0.386824 0.426064 0.883462 0.173251 0.670228 0.573828 0.462394 0.364331 0.708100 0.428051 0.362947 0.122231 0.689583 0.717364 0.344929 0.274842 0.953451 0.625692 0.089852 0.082769 0.323443 0.618120 0.011584 0.041590 
0.999142 0.409371 0.147282 0.845581 0.813189 0.230020 0.837656 0.213587 0.221629 0.182091 0.203660 0.281551 0.031489 0.571742 0.835656 0.875873 0.453815 0.245856 0.003466 0.575117 0.667180 0.590094 0.253049 0.025894 0.585307 
0.283678 0.397204 0.816244 0.210366 0.421985 0.914336 0.506167 0.433456 0.677477 0.440986 0.027636 0.273990 0.933616 0.329835 0.380599 0.838697 0.751751 0.036230 0.472784 0.267826 0.030040 0.794031 0.442045 0.366249 0.401236 
0.643277 0.772924 0.519120 0.014112 0.274769 0.281462 0.222441 0.285469 0.496301 0.429423 0.785905 0.285079 0.421512 0.792706 0.626960 0.890717 0.182790 0.114656 0.683832 0.689940 0.629794 0.527753 0.238723 0.588621 0.695304 
0.531955 0.613594 0.333783 0.992821 0.101169 0.396830 0.523999 0.570340 0.458296 0.136278 0.443493 0.940738 0.661045 0.358740 0.337468 0.277570 0.401780 0.064979 0.850842 0.403610 0.641596 0.838870 0.881404 0.566280 0.970153 
0.284393 0.426475 0.297580 0.197674 0.379614 0.886473 0.855204 0.442092 0.660210 0.231071 0.993359 0.320150 0.664815 0.297943 0.677497 0.848097 0.632074 0.790991 0.975627 0.806254 0.027596 0.563805 0.525410 0.949137 0.832010 
0.389306 0.156480 0.586161 0.935581 0.773479 0.565316 0.973363 0.123962 0.981125 0.264104 0.787179 0.267131 0.685803 0.383065 0.882528 0.137525 0.916995 0.217027 0.729106 0.810274 0.177802 0.431025 0.914533 0.567153 0.627777 

-1.425830 -3.346602 -1.924479 -2.608079 -2.341013 -2.379142 -2.470217 -0.580139 -2.546389 0.203450 -2.867416 -2.068446 0.033112 -1.837834 0.266615 0.119551 -0.086685 0.623709 -1.211081 -0.270579 0.022289 0.460311 -0.378163 0.483665 0.643977 
-3.099957 -0.787933 -1.890838 -2.813500 -1.534324 -1.700325 -3.287800 -2.525694 -1.071061 -2.608930 -0.608307 -2.417511 -1.869594 -1.360537 -0.208087 -0.370131 0.707922 1.314582 -0.172754 -0.198464 -0.814176 0.123571 0.470908 -0.187463 0.917044 
-1.376596 -2.363772 -1.782669 -3.208388 -0.798169 -1.363955 -0.945592 -2.892592 -2.403300 -2.489989 -2.906816 -3.043009 -1.937411 -1.441496 -0.707071 -0.106587 -0.137198 0.318211 -0.688599 -0.279049 -0.144856 -0.338681 0.569154 0.239953 0.343153 
-1.258093 -1.631840 -0.870888 -0.679753 -1.829050 -1.010232 -1.156365 -2.202530 -1.660495 -1.441994 -3.355404 -2.136769 -1.803634 -1.817584 -0.342871 -0.528315 -0.511025 0.135171 -0.178055 -0.331671 -0.491466 0.039714 0.206454 -1.048506 0.489261 
-2.853196 -2.640081 -1.975482 -3.237217 -2.075852 -0.151030 -3.430838 -2.265100 -1.801725 -1.584059 -2.550079 -1.163782 -2.094923 -1.071240 -0.383222 0.373627 -0.400743 0.393582 -0.420644 0.386339 -0.849365 -0.329608 0.742780 0.368905 -0.086764 
-2.016469 -2.650087 -1.564566 -0.794703 -1.085834 -0.007099 -4.214814 -1.441362 -2.081030 -1.715103 -1.669582 -1.255075 -1.023282 -3.071162 -0.446467 -0.645369 0.814801 -0.348861 0.548052 -0.537173 -0.197974 -0.219472 -0.465625 1.047190 -0.433682 
-1.642150 -2.630165 -1.641122 -0.260903 -2.430384 -0.153412 -2.349877 -0.798438 -1.155607 -2.773243 -2.323843 -2.889493 -1.349731 -1.596930 -0.448091 0.320523 -0.433625 0.408857 -0.297446 -0.171704 0.578908 -0.386689 -0.734902 -0.013533 0.358076 
-1.188200 -2.168389 -2.827624 -0.726845 -3.269389 -1.431869 -2.084967 -1.702761 -2.954913 -2.954453 -2.326069 -1.193541 -3.136387 0.251902 -0.137266 -0.583004 0.287909 0.591979 0.344297 -0.428101 0.596284 -0.529527 0.324639 -0.928882 0.214719 
-2.464948 -3.892942 -2.110212 -1.065703 -2.910689 -2.049764 -2.065224 -0.562446 -1.212976 -0.874957 -2.510462 -1.884151 -1.211828 -0.118357 0.195168 -0.109614 0.319466 0.403802 -0.121711 -0.825187 -0.007048 -0.270518 0.135811 0.068627 -0.949365 
-1.858473 -1.415562 -1.552503 -2.216646 -2.379266 -1.345969 -3.400029 -2.401813 -2.486325 -2.581008 -0.500860 -2.689053 -2.070564 0.984262 -0.083159 0.051229 -0.261913 0.177130 -0.211673 -0.738107 -0.903874 0.063765 -0.210739 -0.783327 0.466358 
-3.137207 -1.087702 -3.240536 -1.693461 -3.222152 -2.240602 -2.891667 -1.801669 -2.471393 -1.316237 -2.488886 -0.689846 -2.210947 0.169238 -0.236642 -0.048578 -0.348162 0.195418 -0.520658 0.938375 -0.460010 -0.888032 -0.451478 0.355672 0.642343 
-2.491771 -1.546662 -1.670062 -1.285753 -1.650286 -1.360875 -1.071233 -1.951705 -2.518310 -2.909044 -2.612043 -1.926008 -1.402533 -0.337175 -0.007666 0.317935 -0.658003 0.169134 -0.272504 -0.463466 1.209069 -0.374955 -0.499645 1.075793 0.585152 
-2.739126 -2.377198 -0.385171 -2.213517 -2.423309 -3.158375 -1.383626 2.059989 1.657879 0.739254 0.392508 1.456316 0.349106 0.627528 -0.577527 0.320606 -0.489753 -0.401264 -0.157063 0.275129 0.539126 0.181904 0.603122 -0.958700 0.411547 
0.354497 1.214584 1.739636 0.469835 1.525857 0.193560 -0.437533 1.632480 1.144927 0.899819 0.025074 1.719176 1.267170 -0.056970 -0.672670 -0.487698 -0.339252 0.530066 -0.232276 0.134013 -0.479929 -0.773861 -0.395567 0.837304 1.938338 
-0.442410 0.719563 0.862225 0.459278 1.219745 2.017278 0.930494 0.797260 0.417546 0.005483 0.906203 2.144342 -0.259722 0.890677 -0.640274 -0.432649 0.093071 -0.204875 -0.125631 1.030572 0.218653 2.220893 0.673771 0.212843 1.446479 
1.865369 2.178496 0.300863 0.975542 1.158497 1.582327 0.702249 1.076802 0.315183 0.548069 1.393287 0.734562 1.567499 0.776771 0.781454 0.570747 -0.327587 0.177460 -0.045528 1.175795 0.961116 1.078401 1.037010 1.755639 1.292228 
0.694703 0.468509 0.245541 0.888496 0.568330 0.611310 0.136229 1.648362 1.428649 -0.067930 2.112516 1.388229 0.858568 -0.348457 0.438444 0.526670 0.871188 -0.523555 -0.364103 0.700415 0.707983 0.462663 1.613959 -0.080540 1.017306 
1.310292 0.114828 0.983575 1.614927 0.345390 0.888616 1.867543 1.171169 1.201874 1.518759 1.465633 1.072826 2.531159 -0.152380 0.142042 -0.755690 -0.400239 0.368670 -0.436227 0.484160 2.298214 1.513600 1.460097 1.263342 0.556675 
0.696306 0.596794 0.636985 1.712194 -0.302235 1.639152 1.483668 1.196044 1.068601 1.591609 0.487413 0.341526 0.347949 0.395578 0.026196 0.034632 0.377316 0.230967 -0.495716 0.832820 1.508265 1.032644 1.432073 1.025520 1.315147 
2.065253 0.408699 0.008779 1.703317 1.350142 0.333461 1.484846 0.562758 0.393370 0.284862 0.759798 1.153103 0.457411 -0.264123 0.012565 0.080091 -0.634915 0.619127 0.532780 -0.359800 1.338237 1.099114 1.588735 0.080694 1.008017 
0.462391 0.065503 1.584235 0.314594 0.761336 1.517472 1.182507 1.070167 1.613578 1.341008 -0.190112 0.211215 -0.826680 0.468076 -0.671026 -0.506743 0.495245 0.322070 -0.002722 0.311711 1.861979 1.737050 1.892325 0.434293 0.406471 
1.474248 1.817960 1.026426 -0.187212 0.743754 0.435070 0.167897 0.056209 1.301670 0.397613 1.615440 0.899208 -0.919847 -0.689810 -1.125996 -0.216603 1.002795 0.506976 -0.122684 0.288369 0.555166 0.340419 0.529142 1.549013 1.200042 
0.706214 1.016736 0.501214 1.572958 0.690377 1.436313 1.147075 1.141409 1.004587 0.547182 1.413548 1.882540 -0.894138 0.233870 0.086239 0.876167 0.279467 0.678174 -0.593461 0.265014 0.274008 1.050927 0.885015 1.650391 2.163562 
0.657613 1.003629 0.788431 0.583680 0.883396 1.223109 1.473215 1.028409 1.527400 0.754767 2.409267 0.389475 -0.681397 0.690420 -0.862933 -0.466466 -0.425159 0.352127 -1.185645 -0.702895 0.112455 1.732253 2.289434 0.522495 1.268211 
1.194280 0.106575 1.364250 1.990737 1.563103 1.683980 1.688355 -0.064236 1.478009 0.332895 1.461033 0.869375 -0.453369 0.743132 -0.288191 0.817312 -0.784647 0.252803 0.180812 -0.375589 0.077567 1.776017 1.326353 1.722117 2.662017 

0 0 0 0 0 0 0 0 0 0 0 0 0 0 2 2 2 2 2 2 2 2 2 2 2 
0 0 0 0 0 0 0 0 0 0 0 0 0 0 2 2 2 2 2 2 2 2 2 2 2 
0 0 0 0 0 0 0 0 0 0 0 0 0 0 2 2 2 2 2 2 2 2 2 2 2 
0 0 0 0 0 0 0 0 0 0 0 0 0 0 2 2 2 2 2 2 2 2 2 2 2 
0 0 0 0 0 0 0 0 0 0 0 0 0 0 2 2 2 2 2 2 2 2 2 2 2 
0 0 0 0 0 0 0 0 0 0 0 0 0 0 2 2 2 2 2 2 2 2 2 2 2 
0 0 0 0 0 0 0 0 0 0 0 0 0 0 2 2 2 2 2 2 2 2 2 2 2 
0 0 0 0 0 0 0 0 0 0 0 0 0 2 2 2 2 2 2 2 2 2 2 2 2 
0 0 0 0 0 0 0 0 0 0 0 0 0 2 2 2 2 2 2 2 2 2 2 2 2 
0 0 0 0 0 0 0 0 0 0 0 0 0 2 2 2 2 2 2 2 2 2 2 2 2 
0 0 0 0 0 0 0 0 0 0 0 0 0 2 2 2 2 2 2 2 2 2 2 2 2 
0 0 0 0 0 0 0 0 0 0 0 0 0 2 2 2 2 2 2 2 2 2 2 2 2 
0 0 0 0 0 0 0 3 3 3 3 3 3 3 1 2 2 2 2 2 2 2 2 2 2 
3 3 3 3 3 3 3 3 3 3 3 3 3 1 1 1 1 1 2 2 2 2 2 2 4 
3 3 3 3 3 3 3 3 3 3 3 3 3 1 1 1 1 1 1 4 4 4 4 4 4 
3 3 3 3 3 3 3 3 3 3 3 3 3 1 1 1 1 1 1 4 4 4 4 4 4 
3 3 3 3 3 3 3 3 3 3 3 3 3 1 1 1 1 1 1 4 4 4 4 4 4 
3 3 3 3 3 3 3 3 3 3 3 3 3 1 1 1 1 1 1 4 4 4 4 4 4 
3 3 3 3 3 3 3 3 3 3 3 3 3 1 1 1 1 1 1 4 4 4 4 4 4 
3 3 3 3 3 3 3 3 3 3 3 3 3 1 1 1 1 1 1 1 4 4 4 4 4 
3 3 3 3 3 3 3 3 3 3 3 3 1 1 1 1 1 1 1 1 4 4 4 4 4 
3 3 3 3 3 3 3 3 3 3 3 3 1 1 1 1 1 1 1 1 4 4 4 4 4 
3 3 3 3 3 3 3 3 3 3 3 3 1 1 1 1 1 1 1 1 4 4 4 4 4 
3 3 3 3 3 3 3 3 3 3 3 3 1 1 1 1 1 1 1 1 4 4 4 4 4 
3 3 3 3 3 3 3 3 3 3 3 3 1 1 1 1 1 1 1 1 4 4 4 4 4 

-2.0 -2.0 -2.0 -2.0 -2.0 -2.0 -2.0 -2.0 -2.0 -2.0 -2.0 -2.0 -2.0 -2.0 -1.0 -1.0 -1.0 -1.0 -1.0 -1.0 -1.0 -1.0 -1.0 -1.0 -1.0 
-2.0 -2.0 -2.0 -2.0 -2.0 -2.0 -2.0 -2.0 -2.0 -2.0 -2.0 -2.0 -2.0 -2.0 -1.0 -1.0 -1.0 -1.0 -1.0 -1.0 -1.0 -1.0 -1.0 -1.0 -1.0 
-2.0 -2.0 -2.0 -2.0 -2.0 -2.0 -2.0 -2.0 -2.0 -2.0 -2.0 -2.0 -2.0 -2.0 -1.0 -1.0 -1.0 -1.0 -1.0 -1.0 -1.0 -1.0 -1.0 -1.0 -1.0 
-2.0 -2.0 -2.0 -2.0 -2.0 -2.0 -2.0 -2.0 -2.0 -2.0 -2.0 -2.0 -2.0 -2.0 -1.0 -1.0 -1.0 -1.0 -1.0 -1.0 -1.0 -1.0 -1.0 -1.0 -1.0 
-2.0 -2.0 -2.0 -2.0 -2.0 -2.0 -2.0 -2.0 -2.0 -2.0 -2.0 -2.0 -2.0 -2.0 -1.0 -1.0 -1.0 -1.0 -1.0 -1.0 -1.0 -1.0 -1.0 -1.0 -1.0 
-2.0 -2.0 -2.0 -2.0 -2.0 -2.0 -2.0 -2.0 -2.0 -2.0 -2.0 -2.0 -2.0 -2.0 -1.0 -1.0 -1.0 -1.0 -1.0 -1.0 -1.0 -1.0 -1.0 -1.0 -1.0 
-2.0 -2.0 -2.0 -2.0 -2.0 -2.0 -2.0 -2.0 -2.0 -2.0 -2.0 -2.0 -2.0 -2.0 -1.0 -1.0 -1.0 -1.0 -1.0 -1.0 -1.0 -1.0 -1.0 -1.0 -1.0 
-2.0 -2.0 -2.0 -2.0 -2.0 -2.0 -2.0 -2.0 -2.0 -2.0 -2.0 -2.0 -2.0 -1.0 -1.0 -1.0 -1.0 -1.0 -1.0 -1.0 -1.0 -1.0 -1.0 -1.0 -1.0 
-2.0 -2.0 -2.0 -2.0 -2.0 -2.0 -2.0 -2.0 -2.0 -2.0 -2.0 -2.0 -2.0 -1.0 -1.0 -1.0 -1.0 -1.0 -1.0 -1.0 -1.0 -1.0 -1.0 -1.0 -1.0 
-2.0 -2.0 -2.0 -2.0 -2.0 -2.0 -2.0 -2.0 -2.0 -2.0 -2.0 -2.0 -2.0 -1.0 -1.0 -1.0 -1.0 -1.0 -1.0 -1.0 -1.0 -1.0 -1.0 -1.0 -1.0 
-2.0 -2.0 -2.0 -2.0 -2.0 -2.0 -2.0 -2.0 -2.0 -2.0 -2.0 -2.0 -2.0 -1.0 -1.0 -1.0 -1.0 -1.0 -1.0 -1.0 -1.0 -1.0 -1.0 -1.0 -1.0 
-2.0 -2.0 -2.0 -2.0 -2.0 -2.0 -2.0 -2.0 -2.0 -2.0 -2.0 -2.0 -2.0 -1.0 -1.0 -1.0 -1.0 -1.0 -1.0 -1.0 -1.0 -1.0 -1.0 -1.0 -1.0 
-2.0 -2.0 -2.0 -2.0 -2.0 -2.0 -2.0 0.0 0.0 0.0 0.0 0.0 0.0 0.0 1.0 -1.0 -1.0 -1.0 -1.0 -1.0 -1.0 -1.0 -1.0 -1.0 -1.0 
0.0 0.0 0.0 0.0 0.0 0.0 0.0 0.0 0.0 0.0 0.0 0.0 0.0 1.0 1.0 1.0 1.0 1.0 -1.0 -1.0 -1.0 -1.0 -1.0 -1.0 2.0 
0.0 0.0 0.0 0.0 0.0 0.0 0.0 0.0 0.0 0.0 0.0 0.0 0.0 1.0 1.0 1.0 1.0 1.0 1.0 2.0 2.0 2.0 2.0 2.0 2.0 
0.0 0.0 0.0 0.0 0.0 0.0 0.0 0.0 0.0 0.0 0.0 0.0 0.0 1.0 1.0 1.0 1.0 1.0 1.0 2.0 2.0 2.0 2.0 2.0 2.0 
0.0 0.0 0.0 0.0 0.0 0.0 0.0 0.0 0.0 0.0 0.0 0.0 0.0 1.0 1.0 1.0 1.0 1.0 1.0 2.0 2.0 2.0 2.0 2.0 2.0 
0.0 0.0 0.0 0.0 0.0 0.0 0.0 0.0 0.0 0.0 0.0 0.0 0.0 1.0 1.0 1.0 1.0 1.0 1.0 2.0 2.0 2.0 2.0 2.0 2.0 
0.0 0.0 0.0 0.0 0.0 0.0 0.0 0.0 0.0 0.0 0.0 0.0 0.0 1.0 1.0 1.0 1.0 1.0 1.0 2.0 2.0 2.0 2.0 2.0 2.0 
0.0 0.0 0.0 0.0 0.0 0.0 0.0 0.0 0.0 0.0 0.0 0.0 0.0 1.0 1.0 1.0 1.0 1.0 1.0 1.0 2.0 2.0 2.0 2.0 2.0 
0.0 0.0 0.0 0.0 0.0 0.0 0.0 0.0 0.0 0.0 0.0 0.0 1.0 1.0 1.0 1.0 1.0 1.0 1.0 1.0 2.0 2.0 2.0 2.0 2.0 
0.0 0.0 0.0 0.0 0.0 0.0 0.0 0.0 0.0 0.0 0.0 0.0 1.0 1.0 1.0 1.0 1.0 1.0 1.0 1.0 2.0 2.0 2.0 2.0 2.0 
0.0 0.0 0.0 0.0 0.0 0.0 0.0 0.0 0.0 0.0 0.0 0.0 1.0 1.0 1.0 1.0 1.0 1.0 1.0 1.0 2.0 2.0 2.0 2.0 2.0 
0.0 0.0 0.0 0.0 0.0 0.0 0.0 0.0 0.0 0.0 0.0 0.0 1.0 1.0 1.0 1.0 1.0 1.0 1.0 1.0 2.0 2.0 2.0 2.0 2.0 
0.0 0.0 0.0 0.0 0.0 0.0 0.0 0.0 0.0 0.0 0.0 0.0 1.0 1.0 1.0 1.0 1.0 1.0 1.0 1.0 2.0 2.0 2.0 2.0 2.0 

-2.0 -2.0 -2.0 -2.0 -2.0 -2.0 -2.0 -2.0 -2.0 -2.0 -2.0 -2.0 -2.0 -2.0 1.0 1.0 1.0 1.0 1.0 1.0 1.0 1.0 1.0 1.0 1.0 
-2.0 -2.0 -2.0 -2.0 -2.0 -2.0 -2.0 -2.0 -2.0 -2.0 -2.0 -2.0 -2.0 -2.0 1.0 1.0 1.0 1.0 1.0 1.0 1.0 1.0 1.0 1.0 1.0 
-2.0 -2.0 -2.0 -2.0 -2.0 -2.0 -2.0 -2.0 -2.0 -2.0 -2.0 -2.0 -2.0 -2.0 1.0 1.0 1.0 1.0 1.0 1.0 1.0 1.0 1.0 1.0 1.0 
-2.0 -2.0 -2.0 -2.0 -2.0 -2.0 -2.0 -2.0 -2.0 -2.0 -2.0 -2.0 -2.0 -2.0 1.0 1.0 1.0 1.0 1.0 1.0 1.0 1.0 1.0 1.0 1.0 
-2.0 -2.0 -2.0 -2.0 -2.0 -2.0 -2.0 -2.0 -2.0 -2.0 -2.0 -2.0 -2.0 -2.0 1.0 1.0 1.0 1.0 1.0 1.0 1.0 1.0 1.0 1.0 1.0 
-2.0 -2.0 -2.0 -2.0 -2.0 -2.0 -2.0 -2.0 -2.0 -2.0 -2.0 -2.0 -2.0 -2.0 1.0 1.0 1.0 1.0 1.0 1.0 1.0 1.0 1.0 1.0 1.0 
-2.0 -2.0 -2.0 -2.0 -2.0 -2.0 -2.0 -2.0 -2.0 -2.0 -2.0 -2.0 -2.0 -2.0 1.0 1.0 1.0 1.0 1.0 1.0 1.0 1.0 1.0 1.0 1.0 
-2.0 -2.0 -2.0 -2.0 -2.0 -2.0 -2.0 -2.0 -2.0 -2.0 -2.0 -2.0 -2.0 1.0 1.0 1.0 1.0 1.0 1.0 1.0 1.0 1.0 1.0 1.0 1.0 
-2.0 -2.0 -2.0 -2.0 -2.0 -2.0 -2.0 -2.0 -2.0 -2.0 -2.0 -2.0 -2.0 1.0 1.0 1.0 1.0 1.0 1.0 1.0 1.0 1.0 1.0 1.0 1.0 
-2.0 -2.0 -2.0 -2.0 -2.0 -2.0 -2.0 -2.0 -2.0 -2.0 -2.0 -2.0 -2.0 1.0 1.0 1.0 1.0 1.0 1.0 1.0 1.0 1.0 1.0 1.0 1.0 
-2.0 -2.0 -2.0 -2.0 -2.0 -2.0 -2.0 -2.0 -2.0 -2.0 -2.0 -2.0 -2.0 1.0 1.0 1.0 1.0 1.0 1.0 1.0 1.0 1.0 1.0 1.0 1.0 
-2.0 -2.0 -2.0 -2.0 -2.0 -2.0 -2.0 -2.0 -2.0 -2.0 -2.0 -2.0 -2.0 1.0 1.0 1.0 1.0 1.0 1.0 1.0 1.0 1.0 1.0 1.0 1.0 
-2.0 -2.0 -2.0 -2.0 -2.0 -2.0 -2.0 2.0 2.0 2.0 2.0 2.0 2.0 2.0 -1.0 1.0 1.0 1.0 1.0 1.0 1.0 1.0 1.0 1.0 1.0 
2.0 2.0 2.0 2.0 2.0 2.0 2.0 2.0 2.0 2.0 2.0 2.0 2.0 -1.0 -1.0 -1.0 -1.0 -1.0 1.0 1.0 1.0 1.0 1.0 1.0 0.0 
2.0 2.0 2.0 2.0 2.0 2.0 2.0 2.0 2.0 2.0 2.0 2.0 2.0 -1.0 -1.0 -1.0 -1.0 -1.0 -1.0 0.0 0.0 0.0 0.0 0.0 0.0 
2.0 2.0 2.0 2.0 2.0 2.0 2.0 2.0 2.0 2.0 2.0 2.0 2.0 -1.0 -1.0 -1.0 -1.0 -1.0 -1.0 0.0 0.0 0.0 0.0 0.0 0.0 
2.0 2.0 2.0 2.0 2.0 2.0 2.0 2.0 2.0 2.0 2.0 2.0 2.0 -1.0 -1.0 -1.0 -1.0 -1.0 -1.0 0.0 0.0 0.0 0.0 0.0 0.0 
2.0 2.0 2.0 2.0 2.0 2.0 2.0 2.0 2.0 2.0 2.0 2.0 2.0 -1.0 -1.0 -1.0 -1.0 -1.0 -1.0 0.0 0.0 0.0 0.0 0.0 0.0 
2.0 2.0 2.0 2.0 2.0 2.0 2.0 2.0 2.0 2.0 2.0 2.0 2.0 -1.0 -1.0 -1.0 -1.0 -1.0 -1.0 0.0 0.0 0.0 0.0 0.0 0.0 
2.0 2.0 2.0 2.0 2.0 2.0 2.0 2.0 2.0 2.0 2.0 2.0 2.0 -1.0 -1.0 -1.0 -1.0 -1.0 -1.0 -1.0 0.0 0.0 0.0 0.0 0.0 
2.0 2.0 2.0 2.0 2.0 2.0 2.0 2.0 2.0 2.0 2.0 2.0 -1.0 -1.0 -1.0 -1.0 -1.0 -1.0 -1.0 -1.0 0.0 0.0 0.0 0.0 0.0 
2.0 2.0 2.0 2.0 2.0 2.0 2.0 2.0 2.0 2.0 2.0 2.0 -1.0 -1.0 -1.0 -1.0 -1.0 -1.0 -1.0 -1.0 0.0 0.0 0.0 0.0 0.0 
2.0 2.0 2.0 2.0 2.0 2.0 2.0 2.0 2.0 2.0 2.0 2.0 -1.0 -1.0 -1.0 -1.0 -1.0 -1.0 -1.0 -1.0 0.0 0.0 0.0 0.0 0.0 
2.0 2.0 2.0 2.0 2.0 2.0 2.0 2.0 2.0 2.0 2.0 2.0 -1.0 -1.0 -1.0 -1.0 -1.0 -1.0 -1.0 -1.0 0.0 0.0 0.0 0.0 0.0 
2.0 2.0 2.0 2.0 2.0 2.0 2.0 2.0 2.0 2.0 2.0 2.0 -1.0 -1.0 -1.0 -1.0 -1.0 -1.0 -1.0 -1.0 0.0 0.0 0.0 0.0 0.0 

