0.049108 0.511466 0.326960 0.610835 0.754245 0.680446 0.613972 0.629515 0.237542 0.907437 0.570462 0.094885 0.265890 0.900962 0.644143 0.649965 0.685803 0.047640 0.315517 0.370405 0.361834 0.537112 0.122266 0.657188 0.495652 
0.560196 0.801035 0.910402 0.756215 0.094802 0.318718 0.944743 0.445092 0.160617 0.852445 0.723725 0.802570 0.127720 0.699747 0.094528 0.305366 0.864691 0.176639 0.934309 0.042326 0.211760 0.860319 0.378074 0.880042 0.812637 
0.204553 0.719726 0.978373 0.335469 0.555149 0.530466 0.829547 0.017298 0.218015 0.445512 0.906259 0.023372 0.907916 0.737610 0.443565 0.815508 0.108619 0.783661 0.995404 0.855681 0.512702 0.517378 0.272890 0.665188 0.916976 
0.378376 0.306021 0.535126 0.689050 0.718440 0.166643 0.365693 0.147946 0.919607 0.615804 0.188477 0.478311 0.520411 0.310677 0.465795 0.343723 0.336469 0.403798 0.391851 0.423265 0.983560 0.262981 0.007083 0.419366 0.474857 
0.178909 0.858037 0.889025 0.920957 0.120320 0.731537 0.738476 0.798444 0.679632 0.534677 0.351503 0.624609 0.872137 0.919979 0.095273 0.362153 0.100444 0.892568 0.644447 0.032073 0.179016 0.567589 0.439215 0.832118 0.400909 
0.822602 0.525046 0.549009 0.473217 0.816066 0.575872 0.122344 0.639410 0.272692 0.619261 0.223825 0.237324 0.168157 0.766455 0.219822 0.770056 0.432009 0.592184 0.730439 0.255358 0.806904 0.737556 0.156376 0.392498 0.407287 
0.393010 0.393504 0.773188 0.627147 0.845080 0.608493 0.509798 0.138995 0.246808 0.158718 0.324513 0.898239 0.169806 0.026180 0.760916 0.528868 0.042169 0.678339 0.491147 0.724210 0.703668 0.079473 0.925068 0.983031 0.050695 
0.574263 0.940559 0.878305 0.414108 0.858604 0.881009 0.569337 0.036150 0.123967 0.545991 0.716701 0.110303 0.734912 0.564154 0.877267 0.437121 0.904717 0.154142 0.609429 0.352752 0.882241 0.419213 0.437715 0.148158 0.510677 
0.766903 0.041969 0.218122 0.717887 0.452469 0.346567 0.695826 0.264271 0.285022 0.972159 0.634092 0.816979 0.323913 0.193260 0.416483 0.224599 0.163729 0.980411 0.641384 0.407196 0.116163 0.474453 0.143889 0.410145 0.124425 
0.322696 0.777625 0.653020 0.840075 0.623496 0.763270 0.406322 0.356023 0.497060 0.686417 0.870735 0.989197 0.889345 0.432767 0.200173 0.055350 0.709298 0.396748 0.576095 0.131424 0.626783 0.876899 0.932927 0.930346 0.196592 
0.045177 0.438558 0.961191 0.272617 0.971714 0.510932 0.830864 0.405484 0.236821 0.993296 0.212572 0.927001 0.985056 0.755919 0.768890 0.861896 0.391227 0.751677 0.094481 0.249365 0.296437 0.464620 0.024098 0.568712 0.622777 
0.393005 0.975257 0.873049 0.210495 0.642171 0.977928 0.726309 0.023931 0.702357 0.907925 0.003147 0.120195 0.477127 0.893002 0.629113 0.503495 0.208903 0.774816 0.436207 0.483609 0.205879 0.842974 0.767587 0.239354 0.346505 
0.988039 0.879143 0.142122 0.140421 0.523554 0.869403 0.892693 0.633030 0.239216 0.265723 0.021143 0.295619 0.334078 0.104485 0.455626 0.569032 0.837469 0.282470 0.258968 0.644518 0.809825 0.245614 0.156963 0.605403 0.316679 
0.643238 0.420966 0.388537 0.553943 0.384986 0.711764 0.269015 0.793701 0.706934 0.703589 0.894606 0.390871 0.477508 0.904182 0.731608 0.195846 0.959876 0.796216 0.473962 0.672636 0.781153 0.351797 0.974558 0.613388 0.984634 
0.181206 0.131677 0.300543 0.126360 0.383091 0.813474 0.558058 0.708616 0.450774 0.213626 0.937120 0.899623 0.892017 0.038766 0.605311 0.845867 0.969463 0.800585 0.593000 0.880787 0.788248 0.230622 0.585545 0.346267 0.773135 
0.814256 0.294891 0.596166 0.848770 0.517519 0.711796 0.776194 0.897017 0.454242 0.269250 0.103086 0.666765 0.827245 0.119498 0.342726 0.789334 0.128422 0.175343 0.008525 0.884201 0.164782 0.161165 0.443327 0.070507 0.232408 
0.028160 0.949102 0.478900 0.389419 0.145419 0.118706 0.520404 0.351411 0.707128 0.791869 0.676750 0.513766 0.693243 0.967130 0.163693 0.568259 0.025264 0.859138 0.482664 0.553119 0.519204 0.875259 0.166820 0.522037 0.961333 
0.794838 0.715562 0.817646 0.485526 0.147176 0.988454 0.258483 0.001166 0.761744 0.312269 0.266006 0.516584 0.633964 0.178040 0.194538 0.527202 0.457229 0.569204 0.076460 0.384801 0.307971 0.936714 0.825997 0.098820 0.757846 
0.397256 0.620419 0.185398 0.632336 0.203791 0.112679 0.453241 0.414226 0.361471 0.877313 0.476648 0.216171 0.050284 0.844024 0.923878 0.314264 0.106798 0.846143 0.557910 0.555393 0.908484 0.837135 0.575202 0.105623 0.312482 
0.630106 0.222448 0.708361 0.834938 0.229138 0.470815 0.536305 0.627754 0.511886 0.797111 0.052671 0.309336 0.569697 0.209785 0.838162 0.255794 0.899400 0.865473 0.023837 0.598239 0.321621 0.343793 0.547030 0.579670 0.598363 
0.466104 0.551926 0.385309 0.852707 0.849486 0.002069 0.243058 0.791915 0.510636 0.040179 0.357920 0.986296 0.146233 0.285996 0.299522 0.941419 0.351089 0.327112 0.605720 0.653343 0.575407 0.624817 0.135391 0.262042 0.206844 
0.365791 0.020074 0.858659 0.327762 0.034361 0.846384 0.557523 0.774863 0.542834 0.568511 0.461780 0.101541 0.194358 0.286545 0.352074 0.573216 0.802812 0.620021 0.475801 0.407802 0.123500 0.803405 0.163344 0.747696 0.962315 
0.170924 0.851089 0.686877 0.146476 0.876233 0.230545 0.278684 0.377066 0.329112 0.525669 0.038575 0.157306 0.889389 0.649702 0.969079 0.615951 0.548687 0.269252 0.040779 0.210254 0.352638 0.954554 0.676069 0.066023 0.658236 
0.886800 0.904162 0.158509 0.547197 0.785326 0.719894 0.954307 0.971582 0.184605 0.926560 0.090412 0.575336 0.905160 0.377949 0.809311 0.299347 0.075322 0.735621 0.701479 0.857018 0.957902 0.069249 0.491628 0.052826 0.763337 
0.487673 0.859681 0.693415 0.122369 0.162039 0.385201 0.012843 0.938670 0.319247 0.074368 0.192847 0.485359 0.891711 0.139351 0.643050 0.592740 0.447247 0.115341 0.805488 0.781972 0.747475 0.838179 0.496135 0.405570 0.132301 

0.727536 0.329206 0.512001 0.934299 0.544980 0.270517 0.097481 0.593572 0.797186 0.948977 0.334264 0.984341 0.295393 0.794686 0.973338 0.022359 0.752337 0.843629 0.090789 0.494200 0.360383 0.805064 0.350965 0.629406 0.135391 
0.028653 0.020456 0.788412 0.233930 0.390864 0.794685 0.542412 0.287542 0.773160 0.528188 0.390387 0.783392 0.743398 0.735697 0.140167 0.351480 0.303562 0.611362 0.742867 0.553528 0.124607 0.995124 0.621054 0.052106 0.277636 
0.514108 0.945991 0.506085 0.836558 0.882083 0.696210 0.832774 0.365241 0.780870 0.678585 0.779799 0.010044 0.860583 0.498455 0.047206 0.878821 0.265222 0.620914 0.771816 0.500540 0.995014 0.692166 0.916574 0.514130 0.817797 
0.698982 0.625589 0.599545 0.890128 0.003086 0.182658 0.849770 0.291499 0.945493 0.594308 0.619147 0.285308 0.894005 0.985193 0.877857 0.277103 0.766382 0.195193 0.971735 0.065729 0.686829 0.208664 0.068198 0.062878 0.456818 
0.216565 0.708070 0.272124 0.201382 0.984401 0.249119 0.349516 0.329105 0.937591 0.471409 0.082915 0.914019 0.041781 0.333622 0.662520 0.583056 0.240766 0.912373 0.752643 0.126389 0.131353 0.203886 0.658711 0.229116 0.192394 
0.944605 0.410930 0.488052 0.495864 0.934783 0.229642 0.583189 0.110000 0.245008 0.151134 0.684726 0.873436 0.806593 0.938179 0.531634 0.865266 0.429056 0.525176 0.613601 0.445167 0.317508 0.462140 0.373083 0.106775 0.667650 
0.062511 0.724342 0.699276 0.830216 0.240672 0.034745 0.873523 0.041121 0.598704 0.092575 0.114981 0.477227 0.820778 0.251954 0.255308 0.559043 0.692931 0.266734 0.667867 0.609495 0.222883 0.019331 0.050298 0.035551 0.877210 
0.565422 0.415790 0.711440 0.173363 0.773819 0.862457 0.784269 0.483015 0.315807 0.435216 0.097751 0.285781 0.123920 0.426888 0.277515 0.454461 0.201248 0.310561 0.964177 0.583581 0.494120 0.892276 0.937835 0.541222 0.361155 
0.873419 0.411724 0.692457 0.748206 0.881424 0.509667 0.031628 0.063607 0.530709 0.949071 0.684577 0.269259 0.094514 0.657953 0.037267 0.379946 0.973711 0.167302 0.382112 0.160725 0.412247 0.976300 0.019598 0.439099 0.083279 
0.094964 0.268479 0.920221 0.458145 0.657635 0.496534 0.606450 0.615319 0.434171 0.556657 0.404580 0.281667 0.670830 0.217496 0.860870 0.751857 0.380461 0.829234 0.001600 0.875397 0.015884 0.475588 0.822792 0.657293 0.470654 
0.678636 0.796472 0.970481 0.310289 0.288883 0.264150 0.751378 0.234698 0.477506 0.026644 0.122411 0.315622 0.279046 0.288775 0.598643 0.691276 0.847247 0.727171 0.534839 0.882647 0.279774 0.033715 0.749886 0.855611 0.533274 
0.659779 0.063266 0.278002 0.040871 0.789362 0.566401 0.896620 0.772932 0.870813 0.828834 0.781870 0.907120 0.257327 0.177108 0.172449 0.356865 0.983679 0.766064 0.660877 0.915751 0.474037 0.755382 0.017992 0.040510 0.692907 
0.783731 0.108199 0.042942 0.261521 0.227778 0.621425 0.823040 0.562687 0.714980 0.237519 0.697058 0.189567 0.593971 0.276275 0.148591 0.058717 0.189934 0.147338 0.719347 0.839777 0.190405 0.881918 0.521148 0.663205 0.713776 
0.473248 0.784638 0.944270 0.960681 0.868846 0.800566 0.876810 0.886404 0.665997 0.801289 0.244925 0.059022 0.837940 0.916852 0.655605 0.073472 0.270122 0.928727 0.245636 0.853848 0.991398 0.404095 0.860291 0.110121 0.789111 
0.967352 0.607651 0.223306 0.067546 0.265637 0.158851 0.276466 0.797609 0.270096 0.132501 0.483663 0.861097 0.137301 0.001950 0.164467 0.291591 0.092773 0.839175 0.252991 0.395168 0.677466 0.873418 0.468575 0.530727 0.758900 
0.140767 0.218458 0.893038 0.716253 0.988345 0.079604 0.229495 0.432485 0.455353 0.020667 0.671032 0.644059 0.935678 0.714748 0.756368 0.501999 0.430326 0.477943 0.202430 0.426128 0.450910 0.984919 0.351865 0.504089 0.312934 
0.503481 0.437758 0.193056 0.867345 0.037517 0.119549 0.447883 0.926445 0.335707 0.452464 0.717186 0.154347 0.764812 0.120726 0.278781 0.512743 0.222970 0.918947 0.826271 0.803272 0.923626 0.148549 0.379927 0.463388 0.000173 
0.001483 0.678625 0.932945 0.398352 0.252770 0.005288 0.419496 0.343831 0.325929 0.701531 0.546722 0.951721 0.254816 0.112723 0.390859 0.167024 0.391920 0.731426 0.149915 0.375399 0.840593 0.060365 0.240190 0.578043 0.361872 
0.840653 0.241933 0.816527 0.183052 0.982276 0.527031 0.257851 0.896923 0.841326 0.404919 0.026282 0.418444 0.141025 0.905742 0.498371 0.984845 0.924918 0.111010 0.644650 0.353269 0.394013 0.132860 0.135863 0.553220 0.376494 
0.730129 0.565893 0.505430 0.047347 0.464557 0.395348 0.666705 0.047369 0.196933 0.921644 0.024958 0.758128 0.045427 0.514880 0.084916 0.407683 0.641829 0.079011 0.018985 0.593139 0.572836 0.650871 0.976438 0.453829 0.549568 
0.713260 0.197067 0.585538 0.501231 0.936970 0.073223 0.396942 0.540495 0.252105 0.092357 0.286274 0.647498 0.365647 0.438082 0.801126 0.778205 0.235956 0.902434 0.834949 0.648391 0.495739 0.268319 0.162886 0.937393 0.592673 
0.166932 0.961533 0.232179 0.670246 0.239653 0.065190 0.823182 0.239372 0.254178 0.085576 0.003932 0.702788 0.167619 0.039717 0.275012 0.275772 0.917564 0.369158 0.706795 0.854218 0.989785 0.052201 0.496243 0.254072 0.375615 
0.707292 0.349458 0.834453 0.773014 0.496998 0.609246 0.794799 0.030175 0.802740 0.471122 0.652479 0.184158 0.114903 0.148192 0.014202 0.951616 0.566037 0.777994 0.172545 0.518452 0.663550 0.280869 0.816089 0.847022 0.789789 
0.074720 0.625125 0.060969 0.587347 0.631976 0.526780 0.912880 0.922263 0.858245 0.048807 0.914058 0.960128 0.930784 0.695016 0.748077 0.682102 0.989609 0.977489 0.495763 0.906513 0.748430 0.383375 0.306161 0.351624 0.429429 
0.874921 0.975777 0.433355 0.565873 0.244600 0.269665 0.908589 0.280168 0.611996 0.205213 0.139113 0.589126 0.012782 0.720589 0.210999 0.590483 0.894294 0.566307 0.130849 0.024350 0.310998 0.055325 0.839267 0.775170 0.819346 

1.644594 -0.272219 0.390943 0.658864 -0.471921 -0.979239 -0.949009 -0.068029 1.041555 0.008897 -0.466335 2.095787 0.019491 -0.334784 0.570725 -1.233078 0.014509 1.676090 -0.530892 0.579385 -0.053004 0.695101 0.328050 0.124064 -0.844968 
-1.073948 -1.334521 -0.026758 -1.220094 0.213319 0.802944 -0.762674 -0.260535 1.165569 -0.694651 -0.743333 0.039796 1.531557 0.035776 0.093850 0.120593 -1.077878 1.229060 -0.539517 0.841280 -0.174493 0.298737 0.692033 -1.648414 -0.893310 
0.717860 0.466703 -0.947314 1.064512 0.755720 0.399129 -0.027151 0.647627 1.322598 0.354824 -0.111155 0.099791 -0.363285 -0.244660 -0.990728 0.108612 0.295037 -0.317005 -0.637013 -0.657846 0.771390 0.373256 1.175387 -0.227713 -0.378383 
0.903055 0.620996 0.208165 0.166108 -1.451280 -0.092491 0.703886 0.528193 0.153117 0.334432 1.132030 -0.616125 0.862679 1.366136 1.056377 0.084550 1.108465 -0.485231 1.264165 -0.259764 -0.754523 0.200197 0.423897 -0.908293 0.396367 
0.187890 -0.422235 -1.605147 -1.409232 2.181735 -1.091807 -0.794882 -1.149458 0.301791 0.135305 -0.283033 0.380461 -1.569835 -1.140808 1.123541 0.325752 0.379380 -0.166777 -0.129590 -0.132280 -0.494120 -1.069985 0.332035 -1.299569 -0.532282 
0.302112 -0.204757 -0.135938 0.142997 0.239448 -0.588259 0.420599 -0.437722 -0.084176 -0.439301 0.544429 0.681507 0.637947 0.477218 0.167353 -0.101958 -0.053725 -0.088620 -0.375102 0.168328 -0.542088 -0.074531 -0.007273 -0.082952 0.468690 
0.046465 0.095983 -0.166589 0.460821 -0.515190 -0.434657 0.326791 -0.028695 0.378454 0.216480 -0.152508 -0.488532 0.606729 0.346293 -0.660199 0.152204 0.955052 -0.552134 0.381828 -0.024160 -0.376768 -0.199621 -0.677149 -1.011456 0.671125 
-0.201420 -0.338895 -0.262265 -0.233929 -0.356087 0.022352 0.354639 0.092197 0.282895 -0.020554 -0.493092 0.110717 -0.680107 0.024411 -0.694515 -0.154718 -0.859647 0.086609 0.426848 0.346256 -0.882317 0.472413 0.406854 0.483980 -0.150143 
0.004937 0.426949 0.514865 -0.167776 -0.048038 0.173332 -0.650611 -0.322965 0.225449 0.122317 0.125639 -0.710285 -0.185382 0.127171 -0.481045 0.214445 0.846875 -1.063234 -0.342193 -0.386762 0.122631 0.373882 -0.214789 -0.241446 -0.245909 
-0.018535 -0.513943 0.373788 -0.294233 0.115150 -0.543456 0.047129 0.090842 -0.015337 -0.629180 -0.735751 -0.557546 -0.297748 -0.096922 0.314722 0.888401 -0.280931 0.319394 -0.375879 0.768960 -0.311008 -0.680303 -0.077102 -0.400772 0.514797 
-0.265374 0.086389 -0.220875 0.033807 -0.129097 -0.196316 0.006276 0.015653 0.070951 0.260075 0.125346 -0.148816 -0.117515 -0.070190 -0.098593 0.023368 -0.020360 -0.051769 0.282217 0.080388 -0.236417 -0.119269 -0.054482 0.097298 -0.244244 
0.018377 -0.068558 -0.209227 0.537506 -0.014541 -0.345751 0.144814 0.323543 0.160028 -0.445629 0.087097 -0.192095 0.050212 -0.032502 0.004509 -0.264600 -0.093941 -0.211723 0.023843 0.222755 -0.141550 0.174523 -0.184708 -0.331658 -0.034031 
0.099482 -0.076070 0.439688 0.431683 -0.223038 -0.233615 0.214347 0.078832 0.555846 0.093114 0.043839 0.140940 0.106062 -0.017422 0.022244 0.035231 0.182176 0.339508 0.053895 -0.092982 0.041734 0.156736 -0.056641 0.083423 -0.071259 
-0.144155 0.061033 -0.329225 -0.087847 0.017326 -0.382664 -0.330610 -0.323264 -0.288330 0.131012 -0.232440 -0.055210 0.422891 -0.043125 -0.184619 0.122312 0.013942 -0.024680 0.309766 0.027111 0.207704 -0.176254 -0.377294 0.321427 0.163952 
0.041384 0.008220 0.099305 -0.007677 0.213400 0.232007 -0.129125 0.061289 0.111195 -0.107474 -0.519379 0.301540 -0.277481 0.109896 0.193632 -0.073582 0.005388 -0.245655 0.258016 0.043628 -0.215767 -0.110522 0.417185 0.229496 0.020266 
0.333453 0.235109 -0.345056 0.304210 -0.652552 0.691684 0.427218 0.597604 -0.037725 0.471764 -0.566367 -0.417257 -0.232167 -0.316804 -0.251289 0.369057 -0.429885 -0.575391 -0.104884 0.627275 -0.231723 -0.629656 -0.278686 -0.090092 -0.253807 
-0.297807 0.516524 0.527938 -0.546267 -0.131664 0.025837 0.034106 -0.556291 0.266108 0.132436 -0.107584 0.227792 0.225234 0.729085 -0.085754 -0.005702 -0.530005 -0.264619 -0.177172 -0.317089 -0.197118 1.136861 -0.076390 -0.161287 0.992681 
0.700771 -0.051122 -0.167223 0.031774 0.083834 0.828079 -0.070300 -0.501051 0.606861 -0.398592 -0.399638 -0.583533 0.236812 0.257468 0.000423 0.359586 0.418641 -0.051703 0.167939 0.071826 -0.626656 0.786372 0.805594 -0.062898 0.125712 
-0.475467 0.191310 -0.550498 0.332385 -0.626057 -0.202278 -0.373557 -0.991081 -0.303906 0.456427 0.802759 -0.285048 -0.441750 -0.259793 0.148037 -0.471445 -0.713630 0.521887 -0.532261 -0.026678 0.752711 0.524858 0.643410 -0.393894 -0.330671 
-0.134897 -0.277932 0.273820 0.787947 -0.400818 -0.085726 -0.034044 0.490484 -0.007704 -0.311185 0.400556 -0.403999 0.126706 0.080414 0.649108 0.103240 0.468182 0.775281 0.041276 -0.154149 -0.315004 -0.163267 -0.526686 -0.257449 0.093654 
-0.392864 0.791995 -0.362225 0.467878 -0.083779 0.013649 -0.342315 0.378989 0.527948 -0.288695 -0.187452 0.857805 -0.402189 -0.373927 -1.068072 0.409363 0.579936 -0.947005 -0.294550 0.286955 0.436070 0.819867 0.108417 -1.329163 -1.145445 
0.410568 -1.984398 1.301077 -0.744440 -0.373662 2.039673 -0.445931 1.180813 0.765363 1.154460 1.188721 -1.057532 -0.054387 0.582278 0.505793 0.557874 -0.102934 0.277740 -0.282656 -1.095369 -1.462059 1.481177 -0.590396 1.007712 0.871451 
-1.048359 0.832881 -0.212385 -1.122723 0.977502 -0.737298 -1.232542 0.554262 -0.637757 0.220318 -1.059683 -0.336705 1.827838 1.214298 1.995715 -0.998556 -0.296130 -0.653682 -0.200078 -0.568845 -0.622777 1.301728 -0.383207 -1.914914 -0.502376 
1.754812 0.694846 0.014999 -0.205470 0.652052 0.553583 -0.222459 0.147591 -1.556503 1.744060 -1.890116 -0.633223 -0.322664 -0.704504 0.192021 -1.010710 -2.165112 -0.337931 0.630956 -0.062780 0.587926 -0.146175 -0.101577 -0.845376 0.890173 
-0.708857 -0.401340 0.616991 -0.850065 -0.475238 0.019603 -1.781137 1.042585 -0.726664 -0.379042 0.094972 -0.454918 1.477750 -1.100644 0.760476 0.155494 -0.850677 -0.723564 1.408455 1.807398 0.945639 1.784299 -0.604134 -0.981025 -1.418465 

0 0 0 0 0 0 0 0 0 0 0 0 0 0 0 0 0 0 0 0 0 0 0 0 0 
0 0 0 0 0 0 0 0 0 0 0 0 0 0 0 0 0 0 0 0 0 0 0 0 0 
0 0 0 0 0 0 0 0 0 0 0 0 0 0 0 0 0 0 0 0 0 0 0 0 0 
0 0 0 0 0 0 0 0 0 0 0 0 0 0 0 0 0 0 0 0 0 0 0 0 0 
0 0 0 0 0 0 0 0 0 0 0 0 0 0 0 0 0 0 0 0 0 0 0 0 0 
1 1 1 1 1 1 1 1 1 1 1 1 1 1 1 1 1 1 1 1 1 1 1 1 1 
1 1 1 1 1 1 1 1 1 1 1 1 1 1 1 1 1 1 1 1 1 1 1 1 1 
1 1 1 1 1 1 1 1 1 1 1 1 1 1 1 1 1 1 1 1 1 1 1 1 1 
1 1 1 1 1 1 1 1 1 1 1 1 1 1 1 1 1 1 1 1 1 1 1 1 1 
1 1 1 1 1 1 1 1 1 1 1 1 1 1 1 1 1 1 1 1 1 1 1 1 1 
2 2 2 2 2 2 2 2 2 2 2 2 2 2 2 2 2 2 2 2 2 2 2 2 2 
2 2 2 2 2 2 2 2 2 2 2 2 2 2 2 2 2 2 2 2 2 2 2 2 2 
2 2 2 2 2 2 2 2 2 2 2 2 2 2 2 2 2 2 2 2 2 2 2 2 2 
2 2 2 2 2 2 2 2 2 2 2 2 2 2 2 2 2 2 2 2 2 2 2 2 2 
2 2 2 2 2 2 2 2 2 2 2 2 2 2 2 2 2 2 2 2 2 2 2 2 2 
3 3 3 3 3 3 3 3 3 3 3 3 3 3 3 3 3 3 3 3 3 3 3 3 3 
3 3 3 3 3 3 3 3 3 3 3 3 3 3 3 3 3 3 3 3 3 3 3 3 3 
3 3 3 3 3 3 3 3 3 3 3 3 3 3 3 3 3 3 3 3 3 3 3 3 3 
3 3 3 3 3 3 3 3 3 3 3 3 3 3 3 3 3 3 3 3 3 3 3 3 3 
3 3 3 3 3 3 3 3 3 3 3 3 3 3 3 3 3 3 3 3 3 3 3 3 3 
4 4 4 4 4 4 4 4 4 4 4 4 4 4 4 4 4 4 4 4 4 4 4 4 4 
4 4 4 4 4 4 4 4 4 4 4 4 4 4 4 4 4 4 4 4 4 4 4 4 4 
4 4 4 4 4 4 4 4 4 4 4 4 4 4 4 4 4 4 4 4 4 4 4 4 4 
4 4 4 4 4 4 4 4 4 4 4 4 4 4 4 4 4 4 4 4 4 4 4 4 4 
4 4 4 4 4 4 4 4 4 4 4 4 4 4 4 4 4 4 4 4 4 4 4 4 4 

-2.0 -2.0 -2.0 -2.0 -2.0 -2.0 -2.0 -2.0 -2.0 -2.0 -2.0 -2.0 -2.0 -2.0 -2.0 -2.0 -2.0 -2.0 -2.0 -2.0 -2.0 -2.0 -2.0 -2.0 -2.0 
-2.0 -2.0 -2.0 -2.0 -2.0 -2.0 -2.0 -2.0 -2.0 -2.0 -2.0 -2.0 -2.0 -2.0 -2.0 -2.0 -2.0 -2.0 -2.0 -2.0 -2.0 -2.0 -2.0 -2.0 -2.0 
-2.0 -2.0 -2.0 -2.0 -2.0 -2.0 -2.0 -2.0 -2.0 -2.0 -2.0 -2.0 -2.0 -2.0 -2.0 -2.0 -2.0 -2.0 -2.0 -2.0 -2.0 -2.0 -2.0 -2.0 -2.0 
-2.0 -2.0 -2.0 -2.0 -2.0 -2.0 -2.0 -2.0 -2.0 -2.0 -2.0 -2.0 -2.0 -2.0 -2.0 -2.0 -2.0 -2.0 -2.0 -2.0 -2.0 -2.0 -2.0 -2.0 -2.0 
-2.0 -2.0 -2.0 -2.0 -2.0 -2.0 -2.0 -2.0 -2.0 -2.0 -2.0 -2.0 -2.0 -2.0 -2.0 -2.0 -2.0 -2.0 -2.0 -2.0 -2.0 -2.0 -2.0 -2.0 -2.0 
-1.0 -1.0 -1.0 -1.0 -1.0 -1.0 -1.0 -1.0 -1.0 -1.0 -1.0 -1.0 -1.0 -1.0 -1.0 -1.0 -1.0 -1.0 -1.0 -1.0 -1.0 -1.0 -1.0 -1.0 -1.0 
-1.0 -1.0 -1.0 -1.0 -1.0 -1.0 -1.0 -1.0 -1.0 -1.0 -1.0 -1.0 -1.0 -1.0 -1.0 -1.0 -1.0 -1.0 -1.0 -1.0 -1.0 -1.0 -1.0 -1.0 -1.0 
-1.0 -1.0 -1.0 -1.0 -1.0 -1.0 -1.0 -1.0 -1.0 -1.0 -1.0 -1.0 -1.0 -1.0 -1.0 -1.0 -1.0 -1.0 -1.0 -1.0 -1.0 -1.0 -1.0 -1.0 -1.0 
-1.0 -1.0 -1.0 -1.0 -1.0 -1.0 -1.0 -1.0 -1.0 -1.0 -1.0 -1.0 -1.0 -1.0 -1.0 -1.0 -1.0 -1.0 -1.0 -1.0 -1.0 -1.0 -1.0 -1.0 -1.0 
-1.0 -1.0 -1.0 -1.0 -1.0 -1.0 -1.0 -1.0 -1.0 -1.0 -1.0 -1.0 -1.0 -1.0 -1.0 -1.0 -1.0 -1.0 -1.0 -1.0 -1.0 -1.0 -1.0 -1.0 -1.0 
0.0 0.0 0.0 0.0 0.0 0.0 0.0 0.0 0.0 0.0 0.0 0.0 0.0 0.0 0.0 0.0 0.0 0.0 0.0 0.0 0.0 0.0 0.0 0.0 0.0 
0.0 0.0 0.0 0.0 0.0 0.0 0.0 0.0 0.0 0.0 0.0 0.0 0.0 0.0 0.0 0.0 0.0 0.0 0.0 0.0 0.0 0.0 0.0 0.0 0.0 
0.0 0.0 0.0 0.0 0.0 0.0 0.0 0.0 0.0 0.0 0.0 0.0 0.0 0.0 0.0 0.0 0.0 0.0 0.0 0.0 0.0 0.0 0.0 0.0 0.0 
0.0 0.0 0.0 0.0 0.0 0.0 0.0 0.0 0.0 0.0 0.0 0.0 0.0 0.0 0.0 0.0 0.0 0.0 0.0 0.0 0.0 0.0 0.0 0.0 0.0 
0.0 0.0 0.0 0.0 0.0 0.0 0.0 0.0 0.0 0.0 0.0 0.0 0.0 0.0 0.0 0.0 0.0 0.0 0.0 0.0 0.0 0.0 0.0 0.0 0.0 
1.0 1.0 1.0 1.0 1.0 1.0 1.0 1.0 1.0 1.0 1.0 1.0 1.0 1.0 1.0 1.0 1.0 1.0 1.0 1.0 1.0 1.0 1.0 1.0 1.0 
1.0 1.0 1.0 1.0 1.0 1.0 1.0 1.0 1.0 1.0 1.0 1.0 1.0 1.0 1.0 1.0 1.0 1.0 1.0 1.0 1.0 1.0 1.0 1.0 1.0 
1.0 1.0 1.0 1.0 1.0 1.0 1.0 1.0 1.0 1.0 1.0 1.0 1.0 1.0 1.0 1.0 1.0 1.0 1.0 1.0 1.0 1.0 1.0 1.0 1.0 
1.0 1.0 1.0 1.0 1.0 1.0 1.0 1.0 1.0 1.0 1.0 1.0 1.0 1.0 1.0 1.0 1.0 1.0 1.0 1.0 1.0 1.0 1.0 1.0 1.0 
1.0 1.0 1.0 1.0 1.0 1.0 1.0 1.0 1.0 1.0 1.0 1.0 1.0 1.0 1.0 1.0 1.0 1.0 1.0 1.0 1.0 1.0 1.0 1.0 1.0 
2.0 2.0 2.0 2.0 2.0 2.0 2.0 2.0 2.0 2.0 2.0 2.0 2.0 2.0 2.0 2.0 2.0 2.0 2.0 2.0 2.0 2.0 2.0 2.0 2.0 
2.0 2.0 2.0 2.0 2.0 2.0 2.0 2.0 2.0 2.0 2.0 2.0 2.0 2.0 2.0 2.0 2.0 2.0 2.0 2.0 2.0 2.0 2.0 2.0 2.0 
2.0 2.0 2.0 2.0 2.0 2.0 2.0 2.0 2.0 2.0 2.0 2.0 2.0 2.0 2.0 2.0 2.0 2.0 2.0 2.0 2.0 2.0 2.0 2.0 2.0 
2.0 2.0 2.0 2.0 2.0 2.0 2.0 2.0 2.0 2.0 2.0 2.0 2.0 2.0 2.0 2.0 2.0 2.0 2.0 2.0 2.0 2.0 2.0 2.0 2.0 
2.0 2.0 2.0 2.0 2.0 2.0 2.0 2.0 2.0 2.0 2.0 2.0 2.0 2.0 2.0 2.0 2.0 2.0 2.0 2.0 2.0 2.0 2.0 2.0 2.0 

2.0 2.0 2.0 2.0 2.0 2.0 2.0 2.0 2.0 2.0 2.0 2.0 2.0 2.0 2.0 2.0 2.0 2.0 2.0 2.0 2.0 2.0 2.0 2.0 2.0 
2.0 2.0 2.0 2.0 2.0 2.0 2.0 2.0 2.0 2.0 2.0 2.0 2.0 2.0 2.0 2.0 2.0 2.0 2.0 2.0 2.0 2.0 2.0 2.0 2.0 
2.0 2.0 2.0 2.0 2.0 2.0 2.0 2.0 2.0 2.0 2.0 2.0 2.0 2.0 2.0 2.0 2.0 2.0 2.0 2.0 2.0 2.0 2.0 2.0 2.0 
2.0 2.0 2.0 2.0 2.0 2.0 2.0 2.0 2.0 2.0 2.0 2.0 2.0 2.0 2.0 2.0 2.0 2.0 2.0 2.0 2.0 2.0 2.0 2.0 2.0 
2.0 2.0 2.0 2.0 2.0 2.0 2.0 2.0 2.0 2.0 2.0 2.0 2.0 2.0 2.0 2.0 2.0 2.0 2.0 2.0 2.0 2.0 2.0 2.0 2.0 
1.0 1.0 1.0 1.0 1.0 1.0 1.0 1.0 1.0 1.0 1.0 1.0 1.0 1.0 1.0 1.0 1.0 1.0 1.0 1.0 1.0 1.0 1.0 1.0 1.0 
1.0 1.0 1.0 1.0 1.0 1.0 1.0 1.0 1.0 1.0 1.0 1.0 1.0 1.0 1.0 1.0 1.0 1.0 1.0 1.0 1.0 1.0 1.0 1.0 1.0 
1.0 1.0 1.0 1.0 1.0 1.0 1.0 1.0 1.0 1.0 1.0 1.0 1.0 1.0 1.0 1.0 1.0 1.0 1.0 1.0 1.0 1.0 1.0 1.0 1.0 
1.0 1.0 1.0 1.0 1.0 1.0 1.0 1.0 1.0 1.0 1.0 1.0 1.0 1.0 1.0 1.0 1.0 1.0 1.0 1.0 1.0 1.0 1.0 1.0 1.0 
1.0 1.0 1.0 1.0 1.0 1.0 1.0 1.0 1.0 1.0 1.0 1.0 1.0 1.0 1.0 1.0 1.0 1.0 1.0 1.0 1.0 1.0 1.0 1.0 1.0 
0.0 0.0 0.0 0.0 0.0 0.0 0.0 0.0 0.0 0.0 0.0 0.0 0.0 0.0 0.0 0.0 0.0 0.0 0.0 0.0 0.0 0.0 0.0 0.0 0.0 
0.0 0.0 0.0 0.0 0.0 0.0 0.0 0.0 0.0 0.0 0.0 0.0 0.0 0.0 0.0 0.0 0.0 0.0 0.0 0.0 0.0 0.0 0.0 0.0 0.0 
0.0 0.0 0.0 0.0 0.0 0.0 0.0 0.0 0.0 0.0 0.0 0.0 0.0 0.0 0.0 0.0 0.0 0.0 0.0 0.0 0.0 0.0 0.0 0.0 0.0 
0.0 0.0 0.0 0.0 0.0 0.0 0.0 0.0 0.0 0.0 0.0 0.0 0.0 0.0 0.0 0.0 0.0 0.0 0.0 0.0 0.0 0.0 0.0 0.0 0.0 
0.0 0.0 0.0 0.0 0.0 0.0 0.0 0.0 0.0 0.0 0.0 0.0 0.0 0.0 0.0 0.0 0.0 0.0 0.0 0.0 0.0 0.0 0.0 0.0 0.0 
-1.0 -1.0 -1.0 -1.0 -1.0 -1.0 -1.0 -1.0 -1.0 -1.0 -1.0 -1.0 -1.0 -1.0 -1.0 -1.0 -1.0 -1.0 -1.0 -1.0 -1.0 -1.0 -1.0 -1.0 -1.0 
-1.0 -1.0 -1.0 -1.0 -1.0 -1.0 -1.0 -1.0 -1.0 -1.0 -1.0 -1.0 -1.0 -1.0 -1.0 -1.0 -1.0 -1.0 -1.0 -1.0 -1.0 -1.0 -1.0 -1.0 -1.0 
-1.0 -1.0 -1.0 -1.0 -1.0 -1.0 -1.0 -1.0 -1.0 -1.0 -1.0 -1.0 -1.0 -1.0 -1.0 -1.0 -1.0 -1.0 -1.0 -1.0 -1.0 -1.0 -1.0 -1.0 -1.0 
-1.0 -1.0 -1.0 -1.0 -1.0 -1.0 -1.0 -1.0 -1.0 -1.0 -1.0 -1.0 -1.0 -1.0 -1.0 -1.0 -1.0 -1.0 -1.0 -1.0 -1.0 -1.0 -1.0 -1.0 -1.0 
-1.0 -1.0 -1.0 -1.0 -1.0 -1.0 -1.0 -1.0 -1.0 -1.0 -1.0 -1.0 -1.0 -1.0 -1.0 -1.0 -1.0 -1.0 -1.0 -1.0 -1.0 -1.0 -1.0 -1.0 -1.0 
-2.0 -2.0 -2.0 -2.0 -2.0 -2.0 -2.0 -2.0 -2.0 -2.0 -2.0 -2.0 -2.0 -2.0 -2.0 -2.0 -2.0 -2.0 -2.0 -2.0 -2.0 -2.0 -2.0 -2.0 -2.0 
-2.0 -2.0 -2.0 -2.0 -2.0 -2.0 -2.0 -2.0 -2.0 -2.0 -2.0 -2.0 -2.0 -2.0 -2.0 -2.0 -2.0 -2.0 -2.0 -2.0 -2.0 -2.0 -2.0 -2.0 -2.0 
-2.0 -2.0 -2.0 -2.0 -2.0 -2.0 -2.0 -2.0 -2.0 -2.0 -2.0 -2.0 -2.0 -2.0 -2.0 -2.0 -2.0 -2.0 -2.0 -2.0 -2.0 -2.0 -2.0 -2.0 -2.0 
-2.0 -2.0 -2.0 -2.0 -2.0 -2.0 -2.0 -2.0 -2.0 -2.0 -2.0 -2.0 -2.0 -2.0 -2.0 -2.0 -2.0 -2.0 -2.0 -2.0 -2.0 -2.0 -2.0 -2.0 -2.0 
-2.0 -2.0 -2.0 -2.0 -2.0 -2.0 -2.0 -2.0 -2.0 -2.0 -2.0 -2.0 -2.0 -2.0 -2.0 -2.0 -2.0 -2.0 -2.0 -2.0 -2.0 -2.0 -2.0 -2.0 -2.0 

