0.942249 0.786847 0.384810 0.989134 0.387294 0.174887 0.320441 0.631012 0.551915 0.679920 0.910393 0.374250 0.579176 0.986543 0.332322 0.046006 0.948489 0.891506 0.140996 0.158547 0.384877 0.617263 0.218744 0.788172 0.586151 
0.635165 0.722046 0.116062 0.375031 0.977676 0.000993 0.752579 0.503045 0.889355 0.022386 0.987137 0.598221 0.183013 0.939911 0.631144 0.992384 0.884739 0.774648 0.631918 0.449321 0.409993 0.478334 0.082466 0.736581 0.432001 
0.363125 0.187350 0.068551 0.932430 0.336421 0.852538 0.924182 0.453671 0.207897 0.985874 0.935860 0.582248 0.745659 0.503421 0.120136 0.082371 0.831783 0.684151 0.094054 0.771721 0.407265 0.737204 0.781856 0.584379 0.561897 
0.865657 0.099537 0.583392 0.488094 0.772703 0.596071 0.987522 0.620966 0.958389 0.113313 0.909965 0.024924 0.960019 0.716326 0.447876 0.093655 0.956473 0.636317 0.593438 0.419589 0.056636 0.413159 0.516102 0.790632 0.716675 
0.490578 0.510226 0.734733 0.910065 0.008453 0.667900 0.536103 0.209219 0.575880 0.470936 0.766674 0.211256 0.793574 0.398867 0.868639 0.907756 0.273460 0.324639 0.617358 0.562813 0.700886 0.457016 0.185610 0.125603 0.509386 
0.371208 0.290459 0.145814 0.325135 0.025445 0.879031 0.610587 0.420990 0.695373 0.111669 0.756160 0.859962 0.797982 0.113163 0.629479 0.349026 0.176916 0.805901 0.777209 0.664302 0.773457 0.414813 0.902569 0.779044 0.046641 
0.884927 0.728614 0.013956 0.014904 0.926614 0.253612 0.543296 0.853388 0.405535 0.641477 0.635771 0.486847 0.499344 0.630372 0.403367 0.149104 0.615621 0.746812 0.698904 0.640748 0.453266 0.562307 0.886794 0.644547 0.696917 
0.782779 0.679103 0.084152 0.554994 0.645621 0.714588 0.888221 0.972879 0.525987 0.500579 0.776983 0.196415 0.673091 0.517510 0.495182 0.438673 0.049494 0.307035 0.017684 0.474398 0.806850 0.683244 0.070059 0.880383 0.023333 
0.317705 0.563522 0.083098 0.561295 0.308425 0.025849 0.946921 0.569549 0.045524 0.116872 0.784371 0.886595 0.658191 0.205884 0.083607 0.925300 0.010665 0.598323 0.578860 0.687493 0.747201 0.707215 0.233278 0.146951 0.097054 
0.050972 0.305331 0.487607 0.907837 0.171663 0.547013 0.306185 0.051395 0.202579 0.980790 0.355617 0.423001 0.393269 0.666671 0.477805 0.285898 0.438023 0.177898 0.979150 0.425181 0.426627 0.972812 0.169168 0.874144 0.412096 
0.295951 0.465483 0.153600 0.644422 0.975768 0.880824 0.550864 0.040781 0.658715 0.570463 0.771571 0.331614 0.228243 0.270577 0.936127 0.577205 0.737457 0.888603 0.618145 0.398485 0.829066 0.037511 0.268492 0.751592 0.858850 
0.083210 0.968725 0.026947 0.259387 0.790121 0.724776 0.070411 0.993138 0.924253 0.071756 0.288127 0.893081 0.393219 0.945406 0.803950 0.929510 0.888744 0.679681 0.099600 0.476384 0.838939 0.753122 0.693918 0.394201 0.073372 
0.033569 0.146553 0.852526 0.299653 0.187706 0.015186 0.075093 0.122664 0.211459 0.799491 0.962090 0.426584 0.062936 0.865087 0.319502 0.666878 0.602618 0.423441 0.648094 0.398372 0.210017 0.739128 0.076240 0.331951 0.002915 
0.497602 0.013900 0.924224 0.706317 0.210559 0.530733 0.221100 0.178868 0.569868 0.493502 0.962598 0.202690 0.102254 0.000529 0.397945 0.779976 0.429028 0.743876 0.379912 0.356377 0.601503 0.048105 0.357387 0.186143 0.564761 
0.946659 0.584572 0.609025 0.821611 0.390875 0.846849 0.710693 0.642472 0.838879 0.018624 0.758826 0.192155 0.194325 0.403897 0.442830 0.857282 0.521675 0.236398 0.870376 0.332198 0.041061 0.849480 0.354848 0.349834 0.682828 
0.107351 0.961016 0.572953 0.984373 0.010545 0.472129 0.596623 0.407543 0.173680 0.580697 0.418247 0.226969 0.401322 0.846603 0.345499 0.296600 0.657894 0.698962 0.634315 0.943398 0.944434 0.912350 0.744398 0.202638 0.745864 
0.750985 0.073054 0.539836 0.905430 0.387984 0.915296 0.830087 0.352088 0.094962 0.049647 0.564214 0.823594 0.172977 0.324301 0.192683 0.085345 0.767722 0.531557 0.418290 0.974578 0.399242 0.481111 0.873025 0.812246 0.290713 
0.385556 0.611525 0.701532 0.935699 0.711515 0.832083 0.846718 0.048779 0.403825 0.187672 0.631732 0.394806 0.500441 0.056654 0.604138 0.838070 0.278565 0.384712 0.952231 0.380938 0.845014 0.751102 0.931749 0.665902 0.054965 
0.570406 0.403895 0.842029 0.025804 0.068055 0.527390 0.850104 0.649178 0.101516 0.652713 0.750819 0.609037 0.854478 0.418388 0.585681 0.210728 0.813693 0.246971 0.103690 0.287282 0.495299 0.291236 0.025619 0.364499 0.725662 
0.961904 0.211984 0.975613 0.550979 0.383980 0.040277 0.185826 0.692645 0.718936 0.222828 0.421053 0.192592 0.052662 0.043395 0.761129 0.185549 0.841582 0.668742 0.166842 0.360686 0.209112 0.821513 0.253937 0.262906 0.672293 
0.877601 0.744297 0.780848 0.768317 0.137294 0.507530 0.566137 0.186653 0.642856 0.229115 0.350435 0.792918 0.818729 0.108553 0.182905 0.938731 0.761567 0.546428 0.672931 0.327322 0.941185 0.978531 0.367121 0.962644 0.891091 
0.757964 0.565679 0.684314 0.049038 0.911717 0.983735 0.484188 0.454174 0.298631 0.415655 0.462359 0.033464 0.171605 0.493536 0.693934 0.291136 0.417530 0.272408 0.482057 0.300253 0.521212 0.449665 0.840964 0.947702 0.224188 
0.622727 0.827925 0.699197 0.356343 0.261521 0.175522 0.084704 0.200248 0.111344 0.179285 0.538758 0.340075 0.198319 0.588357 0.393433 0.642930 0.879009 0.825101 0.745802 0.515005 0.393161 0.863668 0.480246 0.181830 0.120587 
0.674227 0.807315 0.344816 0.993151 0.071772 0.997447 0.567448 0.238729 0.911144 0.845605 0.165968 0.514518 0.635261 0.011257 0.817007 0.496390 0.045296 0.473544 0.024541 0.297400 0.206606 0.536090 0.280569 0.013367 0.578507 
0.365951 0.090392 0.479357 0.718668 0.798891 0.141034 0.625892 0.518711 0.389158 0.246665 0.558678 0.697190 0.606335 0.743379 0.486955 0.741344 0.276494 0.357990 0.171974 0.240838 0.496359 0.902311 0.478343 0.171391 0.863732 

0.419228 0.758396 0.775184 0.320298 0.276591 0.323666 0.644444 0.152077 0.500334 0.850472 0.959188 0.521911 0.784176 0.358212 0.898850 0.725407 0.646842 0.700230 0.813878 0.025483 0.594228 0.365501 0.413633 0.287815 0.524191 
0.323257 0.585454 0.105766 0.898143 0.044810 0.979621 0.292809 0.373228 0.774463 0.844501 0.019835 0.293417 0.657729 0.883963 0.200271 0.116788 0.644445 0.277036 0.344946 0.961601 0.298689 0.973664 0.418334 0.183877 0.515105 
0.970330 0.176754 0.637164 0.465491 0.503499 0.142339 0.095029 0.857715 0.721451 0.025853 0.574074 0.665556 0.852164 0.511172 0.021926 0.835014 0.482761 0.648328 0.074204 0.165971 0.973146 0.529784 0.452202 0.470123 0.274424 
0.202700 0.781344 0.082054 0.980798 0.162114 0.308325 0.825101 0.306033 0.280779 0.159361 0.662053 0.048009 0.030750 0.007859 0.272962 0.504856 0.225643 0.856481 0.547827 0.992981 0.345185 0.964941 0.571178 0.985905 0.604694 
0.764975 0.268686 0.746793 0.414351 0.103311 0.694923 0.121473 0.656712 0.567734 0.350017 0.531300 0.163528 0.252221 0.586588 0.516607 0.951184 0.566207 0.474471 0.195128 0.417816 0.785146 0.571937 0.966344 0.729218 0.792746 
0.502753 0.437138 0.497034 0.996452 0.786730 0.963090 0.374002 0.783882 0.857522 0.500294 0.745561 0.119763 0.099162 0.311016 0.456313 0.131253 0.711605 0.405270 0.473777 0.645878 0.854823 0.806804 0.779841 0.627377 0.427866 
0.830958 0.074388 0.457009 0.171033 0.884853 0.348293 0.360810 0.206196 0.215333 0.791994 0.016220 0.428248 0.998026 0.250609 0.910465 0.787976 0.853631 0.403372 0.824801 0.337835 0.686962 0.893721 0.863054 0.147444 0.094929 
0.412582 0.302323 0.106367 0.396487 0.618459 0.701852 0.951919 0.964488 0.392410 0.952001 0.189084 0.341990 0.227813 0.506294 0.710464 0.590726 0.725636 0.058693 0.623597 0.610786 0.778338 0.021636 0.239281 0.194987 0.456199 
0.168307 0.767689 0.627260 0.189893 0.883143 0.362202 0.183468 0.214473 0.956371 0.358465 0.114943 0.536711 0.293585 0.724285 0.997359 0.527829 0.356640 0.649539 0.692214 0.813584 0.886173 0.919732 0.415996 0.415206 0.804029 
0.242847 0.443642 0.892155 0.534648 0.165408 0.169852 0.029514 0.667335 0.646166 0.749088 0.386394 0.031586 0.888476 0.874229 0.520181 0.699674 0.548486 0.938912 0.439409 0.523300 0.828107 0.254866 0.281436 0.983747 0.061710 
0.117967 0.201102 0.134897 0.392117 0.504617 0.668282 0.415976 0.917276 0.508379 0.398507 0.960370 0.665846 0.288337 0.567048 0.731583 0.062530 0.049797 0.660158 0.431153 0.464443 0.642937 0.121251 0.861094 0.445473 0.111756 
0.383503 0.619396 0.616652 0.627964 0.444991 0.179541 0.400041 0.709991 0.231581 0.776916 0.964880 0.658467 0.372662 0.763385 0.255735 0.826574 0.391341 0.761969 0.771935 0.174217 0.439009 0.979454 0.682312 0.203430 0.023076 
0.440927 0.639751 0.461993 0.500772 0.302643 0.006276 0.760506 0.363898 0.783109 0.004995 0.095941 0.389987 0.094445 0.226519 0.835820 0.508089 0.621759 0.403930 0.002957 0.376565 0.707411 0.719218 0.805192 0.854499 0.409951 
0.604767 0.442662 0.944262 0.323901 0.859215 0.859738 0.408646 0.013246 0.056451 0.611140 0.102498 0.320322 0.509558 0.462275 0.195361 0.453887 0.369848 0.041329 0.067368 0.329773 0.774244 0.731797 0.544829 0.859698 0.039003 
0.841238 0.053160 0.467258 0.533613 0.032366 0.616652 0.068054 0.954057 0.011375 0.761742 0.463988 0.312935 0.794532 0.057737 0.536859 0.929813 0.016007 0.881969 0.220168 0.770115 0.873621 0.053980 0.272093 0.338358 0.246928 
0.524371 0.759780 0.908214 0.509229 0.922088 0.010129 0.727684 0.791233 0.400753 0.383540 0.606633 0.392781 0.279014 0.804993 0.595057 0.437550 0.825779 0.634347 0.011489 0.181674 0.407600 0.965698 0.187849 0.815001 0.593739 
0.385720 0.276488 0.894710 0.063756 0.199435 0.237421 0.404531 0.752329 0.731338 0.925754 0.639466 0.258082 0.516119 0.910317 0.187237 0.786439 0.365953 0.545277 0.826630 0.586313 0.430911 0.986679 0.590997 0.666781 0.669054 
0.843794 0.048878 0.462516 0.593310 0.818260 0.951636 0.925337 0.040918 0.865831 0.418104 0.572393 0.071117 0.422416 0.233173 0.316130 0.463478 0.234700 0.020098 0.057988 0.576127 0.703425 0.644165 0.381962 0.025045 0.072296 
0.994440 0.800213 0.770718 0.665877 0.017648 0.933877 0.092041 0.306725 0.398374 0.287378 0.761417 0.357298 0.637828 0.334353 0.647078 0.949404 0.224268 0.462889 0.557269 0.177487 0.191113 0.417508 0.325134 0.618204 0.126966 
0.571868 0.288672 0.764522 0.220386 0.192186 0.433933 0.112325 0.358847 0.231733 0.486842 0.841708 0.667558 0.977339 0.759030 0.117604 0.343604 0.734052 0.278401 0.841582 0.522008 0.922608 0.813170 0.650322 0.358060 0.752666 
0.600421 0.410885 0.302036 0.832976 0.257624 0.440907 0.203762 0.365805 0.324811 0.664058 0.910541 0.663481 0.727841 0.278898 0.413764 0.630533 0.956688 0.920168 0.094102 0.788824 0.233535 0.972396 0.048925 0.711609 0.445469 
0.957978 0.260067 0.869860 0.652298 0.154969 0.353177 0.765089 0.134118 0.742117 0.946835 0.030392 0.331324 0.213366 0.385962 0.616542 0.999282 0.412821 0.631085 0.878504 0.958575 0.738983 0.712114 0.809195 0.466900 0.232752 
0.779421 0.594419 0.453238 0.114775 0.356342 0.097562 0.824001 0.922984 0.200974 0.679951 0.293332 0.553629 0.522346 0.918167 0.909404 0.655709 0.316043 0.002023 0.194982 0.466971 0.040242 0.058587 0.485556 0.521022 0.824099 
0.325061 0.925053 0.941386 0.070946 0.320362 0.242866 0.700992 0.066781 0.316281 0.959375 0.194084 0.899284 0.908064 0.447561 0.451798 0.106654 0.929158 0.961540 0.861121 0.718210 0.282271 0.796925 0.779793 0.060428 0.675473 
0.408676 0.319648 0.482793 0.640275 0.401331 0.486828 0.128479 0.102017 0.310178 0.769817 0.274073 0.770599 0.502789 0.970119 0.934600 0.564230 0.389978 0.013916 0.766166 0.205545 0.467276 0.804013 0.047810 0.967396 0.193109 

0.178918 -0.808257 -1.032762 0.463754 -0.439708 -0.360274 -1.119074 0.531969 -0.952246 -0.740032 -0.913198 -0.335340 -0.754102 -1.123751 -0.244276 0.156159 -0.878065 -0.919006 -0.040142 -0.282488 -0.232461 -0.598526 -0.410452 -0.990944 1.531210 
0.246843 -0.452917 -0.112559 -1.666428 1.032898 -1.799072 0.387493 -0.092899 -0.792593 0.171663 -0.919433 -0.278547 -0.088124 -0.889969 -0.931071 -0.929680 -1.248049 -0.656564 -0.762405 -0.154675 -0.798354 -0.676469 0.900883 0.437774 0.755212 
-1.596207 0.211037 -1.345386 -0.056476 -0.604356 0.445947 0.772912 -1.333424 -0.222231 -1.389769 -0.832439 -0.589742 -0.469247 -0.386679 0.112372 0.006319 -0.876384 -0.135888 -0.242950 -0.466942 -0.092548 -0.552209 -0.704601 1.175857 0.947801 
0.531601 -1.271205 0.496817 -1.175222 0.507786 -0.087782 -0.955332 -1.004027 -0.988002 -0.451044 -0.984847 0.257604 -0.953919 -0.618169 -0.310583 0.222790 -0.858030 -0.518839 -0.459739 -0.365840 -0.415898 -0.489207 -0.414861 1.861445 1.130598 
-1.167596 -0.232043 -0.723771 -0.119813 -0.041323 -0.923796 -0.893641 -0.167514 -0.664130 -0.591416 -1.160226 -0.210064 -0.755464 -0.621929 -1.048030 -0.932249 -0.049624 -0.229363 -0.292000 -0.869712 -0.659335 -0.458421 2.274269 1.503272 1.522224 
-1.028647 -0.370515 -1.061751 -1.645361 -1.634909 -1.057930 -0.265876 -1.625362 -2.103727 -0.092859 -0.758564 -0.916495 -0.589657 0.266435 -0.579119 -0.250439 -0.253467 -0.882934 -0.823312 -0.550574 1.577301 1.824415 1.335511 1.348549 0.942689 
-0.890158 0.630048 -0.873111 -0.393725 -0.472684 -0.693768 -1.500034 -1.965164 -0.923513 -0.784165 -0.771376 -0.491377 -0.668404 -0.663312 -0.358826 -0.119854 -0.669865 -0.551543 -0.419444 -0.565567 1.343159 1.681392 2.072707 0.111120 0.418894 
0.112660 -0.195267 -0.213562 -0.435691 -0.581176 -1.847806 -2.776666 -3.077083 -1.516511 -0.931224 -0.502595 -0.332305 -1.005291 -0.369125 -0.917004 -0.693965 0.053296 -0.306869 -0.414363 -0.826130 -0.791232 -0.093423 0.345837 0.157689 0.885870 
-0.060808 -0.830807 -1.034996 0.224238 -1.633301 -0.263898 -2.144648 -1.497762 -1.039269 -1.018425 -0.614961 -0.786985 -0.627741 -0.033680 0.051320 -1.108380 -0.285634 -0.876106 -0.636429 -0.878418 1.688965 1.693151 0.568970 0.618806 1.716797 
-0.424610 -0.826146 -1.592993 -0.271803 -0.283629 -1.464991 -0.705537 -0.795093 -0.835176 -2.725390 -1.156405 -0.246557 -0.277622 -0.732955 -0.674955 -0.560995 -0.425447 -0.405591 -1.126392 1.008127 1.822641 0.941150 0.477171 1.972855 0.028714 
0.111478 0.213829 -0.049364 -0.270810 -0.216606 -2.305363 -1.858447 -1.153337 -1.815613 -1.461939 -2.645706 -0.866185 -0.421758 -0.140187 -0.510286 -0.396264 -0.483476 -0.195320 0.767479 0.994526 1.377088 0.541320 2.029545 0.970471 0.357691 
-0.710412 -0.419525 -1.055401 -0.878187 -0.557449 -1.508235 -0.286814 -2.717460 -2.120403 -0.974668 -1.391705 -1.041745 -0.106210 -1.039665 1.379835 -0.895445 -1.002233 -0.698375 1.245077 0.266708 0.928547 2.147709 1.648374 0.357088 0.161320 
-1.066238 -1.158520 0.096004 -0.755875 -0.456504 0.237830 -0.668907 -0.798404 -1.321633 -1.720086 -2.086792 -0.439073 0.256330 2.095369 1.519767 1.847351 1.747594 0.846222 1.393000 0.710398 1.516307 1.354186 1.232920 1.748458 0.645208 
-0.832977 -0.620979 -0.980117 0.363710 -1.504891 -2.195199 -0.884645 -0.270728 -1.399278 -1.606652 -1.864544 0.757532 1.002174 0.583104 0.863037 1.953240 1.169117 1.752647 0.883496 0.400970 1.353372 1.483926 1.178180 1.852873 0.228276 
-1.022511 0.414794 -0.173209 0.109646 0.304140 -2.356107 -1.113410 -2.202200 -1.973850 -0.825350 -1.992952 -0.487556 1.187517 1.037691 1.377136 2.315017 1.048848 1.258773 2.039158 1.600160 1.832276 0.240190 0.495524 0.665124 0.739860 
-1.055882 -0.575822 -1.165578 0.533389 -2.075237 -0.924412 -1.977107 -1.738016 -0.617358 -1.299306 -1.783258 0.610992 1.066857 2.523948 1.583032 1.129855 2.114986 2.191811 1.362644 -0.080072 0.880518 2.240394 0.646740 1.701087 1.235592 
-0.453476 -0.432502 -1.615092 1.003307 0.047101 -2.292020 -2.247699 -1.272270 -1.051218 -0.737122 -1.738743 -1.989002 0.947101 1.439321 0.839194 0.828157 1.950221 1.782539 1.749755 1.063878 0.813061 1.815088 1.348032 1.203273 1.177045 
-1.209433 0.293714 -0.188898 -0.184820 -1.023306 -2.508523 -2.434547 0.049032 -1.763248 -0.806998 1.797089 1.357984 1.104601 0.034283 1.484600 2.418428 0.870052 0.834161 2.201330 1.282525 1.372133 1.045315 0.789294 0.089262 0.366741 
-1.515603 -0.810584 -0.929921 -1.629935 -0.115465 -2.011873 -1.733391 -1.748070 -0.350427 -1.579516 2.286754 1.664591 2.715106 0.957578 1.805967 1.120400 1.861417 0.828116 0.413744 0.305764 0.104177 0.637827 0.680792 1.189813 0.483922 
-0.413584 -0.492567 -0.766294 0.286933 0.335345 -0.359541 -0.450209 -1.777707 -1.312937 -0.945037 -1.463643 0.717438 1.321361 0.474615 2.059797 0.824762 2.713380 1.768286 1.069238 1.130386 2.075022 1.365381 1.675332 0.673067 1.552070 
-0.099171 -0.029611 0.335351 -0.782262 -0.209128 -1.721016 -1.048810 -0.780836 -1.804519 -0.673441 -1.658612 2.461497 2.464890 0.919488 0.772015 2.533276 2.290447 1.943833 0.283657 1.542321 0.282478 1.840132 -0.065216 1.362373 1.107013 
-1.097063 -0.302642 -1.113381 -0.845320 -1.852342 -2.564016 -1.929317 -1.318789 -1.333340 -2.155488 -0.889569 0.777392 0.462531 1.477030 1.926085 1.828813 0.857051 1.369701 1.861580 1.805271 1.294608 1.484700 1.635366 0.954087 0.573657 
-0.778745 -0.166944 -0.134205 -0.162100 -0.930949 -0.577027 -0.886761 -1.448873 0.096919 -1.044083 -1.137824 1.340965 0.511475 2.086311 1.662007 1.750408 0.666698 -0.100569 0.572480 0.758403 0.215893 -0.101335 0.792835 0.913698 1.729454 
0.108123 -0.909946 -1.536224 -1.952407 -0.494958 -2.351487 -1.693466 -0.534162 -1.884716 -2.870981 0.588980 1.623746 1.971945 0.843631 2.288066 1.300855 1.006025 1.681813 1.709825 1.479834 0.682441 1.526806 1.610456 -0.356959 1.472236 
-0.635054 -0.452682 -0.515101 -1.885720 -1.926222 -0.805137 -1.401325 -1.632789 -1.147479 -1.355688 1.272131 2.207609 1.689103 2.478708 2.119428 1.623859 0.639896 -0.101542 1.885691 0.753698 0.762788 1.493531 -0.174909 1.709687 0.182177 

4 4 4 4 4 4 4 4 0 0 0 0 0 0 0 0 0 0 0 0 0 0 0 0 3 
4 4 4 4 4 4 4 4 0 0 0 0 0 0 0 0 0 0 0 0 0 0 3 3 3 
4 4 4 4 4 4 4 4 0 0 0 0 0 0 0 0 0 0 0 0 0 0 0 3 3 
4 4 4 4 4 4 0 0 0 0 0 0 0 0 0 0 0 0 0 0 0 0 0 3 3 
4 4 4 4 4 4 0 0 0 0 0 0 0 0 0 0 0 0 0 0 0 0 3 3 3 
4 4 4 4 4 4 4 2 2 0 0 0 0 0 0 0 0 0 0 0 3 3 3 3 3 
4 4 4 4 4 2 2 2 2 0 0 0 0 0 0 0 0 0 0 0 3 3 3 3 3 
4 4 4 4 4 2 2 2 2 0 0 0 0 0 0 0 0 0 0 0 0 3 3 3 3 
4 4 4 4 4 2 2 2 2 2 0 0 0 0 0 0 0 0 0 0 3 3 3 3 3 
4 4 4 4 4 2 2 2 2 2 2 0 0 0 0 0 0 0 0 3 3 3 3 3 3 
4 4 4 4 4 2 2 2 2 2 2 0 0 0 0 0 0 0 3 3 3 3 3 3 3 
4 4 4 4 4 2 2 2 2 2 2 0 0 0 1 0 0 0 3 3 3 3 3 3 3 
4 4 4 4 4 2 2 2 2 2 2 0 1 1 1 1 1 1 1 3 3 3 3 3 3 
4 4 4 4 4 2 2 2 2 2 2 1 1 1 1 1 1 1 1 3 3 3 3 3 3 
4 4 4 4 4 2 2 2 2 2 2 2 1 1 1 1 1 1 1 3 3 3 3 3 3 
4 4 4 4 4 2 2 2 2 2 2 1 1 1 1 1 1 1 1 3 3 3 3 3 3 
4 4 4 4 4 2 2 2 2 2 2 2 1 1 1 1 1 1 1 3 3 3 3 3 3 
4 4 4 4 4 2 2 2 2 2 1 1 1 1 1 1 1 1 1 3 3 3 3 3 3 
4 4 4 4 4 2 2 2 2 2 1 1 1 1 1 1 1 1 1 3 3 3 3 3 3 
4 4 4 4 4 2 2 2 2 2 2 1 1 1 1 1 1 1 1 3 3 3 3 3 3 
4 4 4 4 4 2 2 2 2 2 2 1 1 1 1 1 1 3 3 3 3 3 3 3 3 
4 4 4 4 2 2 2 2 2 2 2 1 1 1 1 1 3 3 3 3 3 3 3 3 3 
4 4 4 4 2 2 2 2 2 2 2 1 1 1 1 1 3 3 3 3 3 3 3 3 3 
4 4 4 2 2 2 2 2 2 2 1 1 1 1 1 1 1 3 3 3 3 3 3 3 3 
4 4 4 2 2 2 2 2 2 2 1 1 1 1 1 1 3 3 3 3 3 3 3 3 3 

1.0 1.0 1.0 1.0 1.0 1.0 1.0 1.0 -1.0 -1.0 -1.0 -1.0 -1.0 -1.0 -1.0 -1.0 -1.0 -1.0 -1.0 -1.0 -1.0 -1.0 -1.0 -1.0 0.0 
1.0 1.0 1.0 1.0 1.0 1.0 1.0 1.0 -1.0 -1.0 -1.0 -1.0 -1.0 -1.0 -1.0 -1.0 -1.0 -1.0 -1.0 -1.0 -1.0 -1.0 0.0 0.0 0.0 
1.0 1.0 1.0 1.0 1.0 1.0 1.0 1.0 -1.0 -1.0 -1.0 -1.0 -1.0 -1.0 -1.0 -1.0 -1.0 -1.0 -1.0 -1.0 -1.0 -1.0 -1.0 0.0 0.0 
1.0 1.0 1.0 1.0 1.0 1.0 -1.0 -1.0 -1.0 -1.0 -1.0 -1.0 -1.0 -1.0 -1.0 -1.0 -1.0 -1.0 -1.0 -1.0 -1.0 -1.0 -1.0 0.0 0.0 
1.0 1.0 1.0 1.0 1.0 1.0 -1.0 -1.0 -1.0 -1.0 -1.0 -1.0 -1.0 -1.0 -1.0 -1.0 -1.0 -1.0 -1.0 -1.0 -1.0 -1.0 0.0 0.0 0.0 
1.0 1.0 1.0 1.0 1.0 1.0 1.0 -2.0 -2.0 -1.0 -1.0 -1.0 -1.0 -1.0 -1.0 -1.0 -1.0 -1.0 -1.0 -1.0 0.0 0.0 0.0 0.0 0.0 
1.0 1.0 1.0 1.0 1.0 -2.0 -2.0 -2.0 -2.0 -1.0 -1.0 -1.0 -1.0 -1.0 -1.0 -1.0 -1.0 -1.0 -1.0 -1.0 0.0 0.0 0.0 0.0 0.0 
1.0 1.0 1.0 1.0 1.0 -2.0 -2.0 -2.0 -2.0 -1.0 -1.0 -1.0 -1.0 -1.0 -1.0 -1.0 -1.0 -1.0 -1.0 -1.0 -1.0 0.0 0.0 0.0 0.0 
1.0 1.0 1.0 1.0 1.0 -2.0 -2.0 -2.0 -2.0 -2.0 -1.0 -1.0 -1.0 -1.0 -1.0 -1.0 -1.0 -1.0 -1.0 -1.0 0.0 0.0 0.0 0.0 0.0 
1.0 1.0 1.0 1.0 1.0 -2.0 -2.0 -2.0 -2.0 -2.0 -2.0 -1.0 -1.0 -1.0 -1.0 -1.0 -1.0 -1.0 -1.0 0.0 0.0 0.0 0.0 0.0 0.0 
1.0 1.0 1.0 1.0 1.0 -2.0 -2.0 -2.0 -2.0 -2.0 -2.0 -1.0 -1.0 -1.0 -1.0 -1.0 -1.0 -1.0 0.0 0.0 0.0 0.0 0.0 0.0 0.0 
1.0 1.0 1.0 1.0 1.0 -2.0 -2.0 -2.0 -2.0 -2.0 -2.0 -1.0 -1.0 -1.0 2.0 -1.0 -1.0 -1.0 0.0 0.0 0.0 0.0 0.0 0.0 0.0 
1.0 1.0 1.0 1.0 1.0 -2.0 -2.0 -2.0 -2.0 -2.0 -2.0 -1.0 2.0 2.0 2.0 2.0 2.0 2.0 2.0 0.0 0.0 0.0 0.0 0.0 0.0 
1.0 1.0 1.0 1.0 1.0 -2.0 -2.0 -2.0 -2.0 -2.0 -2.0 2.0 2.0 2.0 2.0 2.0 2.0 2.0 2.0 0.0 0.0 0.0 0.0 0.0 0.0 
1.0 1.0 1.0 1.0 1.0 -2.0 -2.0 -2.0 -2.0 -2.0 -2.0 -2.0 2.0 2.0 2.0 2.0 2.0 2.0 2.0 0.0 0.0 0.0 0.0 0.0 0.0 
1.0 1.0 1.0 1.0 1.0 -2.0 -2.0 -2.0 -2.0 -2.0 -2.0 2.0 2.0 2.0 2.0 2.0 2.0 2.0 2.0 0.0 0.0 0.0 0.0 0.0 0.0 
1.0 1.0 1.0 1.0 1.0 -2.0 -2.0 -2.0 -2.0 -2.0 -2.0 -2.0 2.0 2.0 2.0 2.0 2.0 2.0 2.0 0.0 0.0 0.0 0.0 0.0 0.0 
1.0 1.0 1.0 1.0 1.0 -2.0 -2.0 -2.0 -2.0 -2.0 2.0 2.0 2.0 2.0 2.0 2.0 2.0 2.0 2.0 0.0 0.0 0.0 0.0 0.0 0.0 
1.0 1.0 1.0 1.0 1.0 -2.0 -2.0 -2.0 -2.0 -2.0 2.0 2.0 2.0 2.0 2.0 2.0 2.0 2.0 2.0 0.0 0.0 0.0 0.0 0.0 0.0 
1.0 1.0 1.0 1.0 1.0 -2.0 -2.0 -2.0 -2.0 -2.0 -2.0 2.0 2.0 2.0 2.0 2.0 2.0 2.0 2.0 0.0 0.0 0.0 0.0 0.0 0.0 
1.0 1.0 1.0 1.0 1.0 -2.0 -2.0 -2.0 -2.0 -2.0 -2.0 2.0 2.0 2.0 2.0 2.0 2.0 0.0 0.0 0.0 0.0 0.0 0.0 0.0 0.0 
1.0 1.0 1.0 1.0 -2.0 -2.0 -2.0 -2.0 -2.0 -2.0 -2.0 2.0 2.0 2.0 2.0 2.0 0.0 0.0 0.0 0.0 0.0 0.0 0.0 0.0 0.0 
1.0 1.0 1.0 1.0 -2.0 -2.0 -2.0 -2.0 -2.0 -2.0 -2.0 2.0 2.0 2.0 2.0 2.0 0.0 0.0 0.0 0.0 0.0 0.0 0.0 0.0 0.0 
1.0 1.0 1.0 -2.0 -2.0 -2.0 -2.0 -2.0 -2.0 -2.0 2.0 2.0 2.0 2.0 2.0 2.0 2.0 0.0 0.0 0.0 0.0 0.0 0.0 0.0 0.0 
1.0 1.0 1.0 -2.0 -2.0 -2.0 -2.0 -2.0 -2.0 -2.0 2.0 2.0 2.0 2.0 2.0 2.0 0.0 0.0 0.0 0.0 0.0 0.0 0.0 0.0 0.0 

-2.0 -2.0 -2.0 -2.0 -2.0 -2.0 -2.0 -2.0 0.0 0.0 0.0 0.0 0.0 0.0 0.0 0.0 0.0 0.0 0.0 0.0 0.0 0.0 0.0 0.0 2.0 
-2.0 -2.0 -2.0 -2.0 -2.0 -2.0 -2.0 -2.0 0.0 0.0 0.0 0.0 0.0 0.0 0.0 0.0 0.0 0.0 0.0 0.0 0.0 0.0 2.0 2.0 2.0 
-2.0 -2.0 -2.0 -2.0 -2.0 -2.0 -2.0 -2.0 0.0 0.0 0.0 0.0 0.0 0.0 0.0 0.0 0.0 0.0 0.0 0.0 0.0 0.0 0.0 2.0 2.0 
-2.0 -2.0 -2.0 -2.0 -2.0 -2.0 0.0 0.0 0.0 0.0 0.0 0.0 0.0 0.0 0.0 0.0 0.0 0.0 0.0 0.0 0.0 0.0 0.0 2.0 2.0 
-2.0 -2.0 -2.0 -2.0 -2.0 -2.0 0.0 0.0 0.0 0.0 0.0 0.0 0.0 0.0 0.0 0.0 0.0 0.0 0.0 0.0 0.0 0.0 2.0 2.0 2.0 
-2.0 -2.0 -2.0 -2.0 -2.0 -2.0 -2.0 -1.0 -1.0 0.0 0.0 0.0 0.0 0.0 0.0 0.0 0.0 0.0 0.0 0.0 2.0 2.0 2.0 2.0 2.0 
-2.0 -2.0 -2.0 -2.0 -2.0 -1.0 -1.0 -1.0 -1.0 0.0 0.0 0.0 0.0 0.0 0.0 0.0 0.0 0.0 0.0 0.0 2.0 2.0 2.0 2.0 2.0 
-2.0 -2.0 -2.0 -2.0 -2.0 -1.0 -1.0 -1.0 -1.0 0.0 0.0 0.0 0.0 0.0 0.0 0.0 0.0 0.0 0.0 0.0 0.0 2.0 2.0 2.0 2.0 
-2.0 -2.0 -2.0 -2.0 -2.0 -1.0 -1.0 -1.0 -1.0 -1.0 0.0 0.0 0.0 0.0 0.0 0.0 0.0 0.0 0.0 0.0 2.0 2.0 2.0 2.0 2.0 
-2.0 -2.0 -2.0 -2.0 -2.0 -1.0 -1.0 -1.0 -1.0 -1.0 -1.0 0.0 0.0 0.0 0.0 0.0 0.0 0.0 0.0 2.0 2.0 2.0 2.0 2.0 2.0 
-2.0 -2.0 -2.0 -2.0 -2.0 -1.0 -1.0 -1.0 -1.0 -1.0 -1.0 0.0 0.0 0.0 0.0 0.0 0.0 0.0 2.0 2.0 2.0 2.0 2.0 2.0 2.0 
-2.0 -2.0 -2.0 -2.0 -2.0 -1.0 -1.0 -1.0 -1.0 -1.0 -1.0 0.0 0.0 0.0 1.0 0.0 0.0 0.0 2.0 2.0 2.0 2.0 2.0 2.0 2.0 
-2.0 -2.0 -2.0 -2.0 -2.0 -1.0 -1.0 -1.0 -1.0 -1.0 -1.0 0.0 1.0 1.0 1.0 1.0 1.0 1.0 1.0 2.0 2.0 2.0 2.0 2.0 2.0 
-2.0 -2.0 -2.0 -2.0 -2.0 -1.0 -1.0 -1.0 -1.0 -1.0 -1.0 1.0 1.0 1.0 1.0 1.0 1.0 1.0 1.0 2.0 2.0 2.0 2.0 2.0 2.0 
-2.0 -2.0 -2.0 -2.0 -2.0 -1.0 -1.0 -1.0 -1.0 -1.0 -1.0 -1.0 1.0 1.0 1.0 1.0 1.0 1.0 1.0 2.0 2.0 2.0 2.0 2.0 2.0 
-2.0 -2.0 -2.0 -2.0 -2.0 -1.0 -1.0 -1.0 -1.0 -1.0 -1.0 1.0 1.0 1.0 1.0 1.0 1.0 1.0 1.0 2.0 2.0 2.0 2.0 2.0 2.0 
-2.0 -2.0 -2.0 -2.0 -2.0 -1.0 -1.0 -1.0 -1.0 -1.0 -1.0 -1.0 1.0 1.0 1.0 1.0 1.0 1.0 1.0 2.0 2.0 2.0 2.0 2.0 2.0 
-2.0 -2.0 -2.0 -2.0 -2.0 -1.0 -1.0 -1.0 -1.0 -1.0 1.0 1.0 1.0 1.0 1.0 1.0 1.0 1.0 1.0 2.0 2.0 2.0 2.0 2.0 2.0 
-2.0 -2.0 -2.0 -2.0 -2.0 -1.0 -1.0 -1.0 -1.0 -1.0 1.0 1.0 1.0 1.0 1.0 1.0 1.0 1.0 1.0 2.0 2.0 2.0 2.0 2.0 2.0 
-2.0 -2.0 -2.0 -2.0 -2.0 -1.0 -1.0 -1.0 -1.0 -1.0 -1.0 1.0 1.0 1.0 1.0 1.0 1.0 1.0 1.0 2.0 2.0 2.0 2.0 2.0 2.0 
-2.0 -2.0 -2.0 -2.0 -2.0 -1.0 -1.0 -1.0 -1.0 -1.0 -1.0 1.0 1.0 1.0 1.0 1.0 1.0 2.0 2.0 2.0 2.0 2.0 2.0 2.0 2.0 
-2.0 -2.0 -2.0 -2.0 -1.0 -1.0 -1.0 -1.0 -1.0 -1.0 -1.0 1.0 1.0 1.0 1.0 1.0 2.0 2.0 2.0 2.0 2.0 2.0 2.0 2.0 2.0 
-2.0 -2.0 -2.0 -2.0 -1.0 -1.0 -1.0 -1.0 -1.0 -1.0 -1.0 1.0 1.0 1.0 1.0 1.0 2.0 2.0 2.0 2.0 2.0 2.0 2.0 2.0 2.0 
-2.0 -2.0 -2.0 -1.0 -1.0 -1.0 -1.0 -1.0 -1.0 -1.0 1.0 1.0 1.0 1.0 1.0 1.0 1.0 2.0 2.0 2.0 2.0 2.0 2.0 2.0 2.0 
-2.0 -2.0 -2.0 -1.0 -1.0 -1.0 -1.0 -1.0 -1.0 -1.0 1.0 1.0 1.0 1.0 1.0 1.0 2.0 2.0 2.0 2.0 2.0 2.0 2.0 2.0 2.0 

