0.728285 0.863432 0.899923 0.052712 0.699356 0.724783 0.104315 0.446456 0.156618 0.883960 0.776803 0.104785 0.117202 0.730232 0.398292 0.783318 0.823171 0.150177 0.705884 0.942199 0.618871 0.699739 0.023763 0.233270 0.345184 
0.372165 0.861391 0.896429 0.083896 0.971220 0.535825 0.242803 0.514209 0.655289 0.830779 0.495211 0.919199 0.178313 0.195904 0.358781 0.681874 0.134327 0.416085 0.310277 0.101529 0.530915 0.149049 0.959866 0.649455 0.117389 
0.469646 0.043900 0.030580 0.252557 0.568535 0.128350 0.493156 0.099098 0.656078 0.545514 0.937539 0.225498 0.784609 0.531703 0.598042 0.387464 0.213290 0.564617 0.510789 0.660014 0.194458 0.497153 0.618242 0.143759 0.849111 
0.679667 0.847195 0.400320 0.989852 0.661223 0.966390 0.899855 0.713628 0.216413 0.195801 0.274881 0.002090 0.149822 0.128705 0.538364 0.157492 0.499578 0.119295 0.496950 0.642159 0.583047 0.667313 0.894593 0.779240 0.679259 
0.866592 0.426257 0.170364 0.246547 0.922477 0.529166 0.842709 0.588257 0.801319 0.485532 0.068922 0.426004 0.302297 0.995706 0.456279 0.752994 0.080801 0.017589 0.993808 0.103431 0.835466 0.194708 0.846360 0.279700 0.263714 
0.953392 0.264485 0.252138 0.939514 0.921092 0.004771 0.734063 0.618447 0.557805 0.312781 0.807259 0.582173 0.273611 0.744991 0.363913 0.016152 0.842136 0.631184 0.492862 0.808740 0.924907 0.986929 0.229760 0.596859 0.875836 
0.156553 0.779588 0.967281 0.037191 0.849270 0.932165 0.887337 0.780243 0.919028 0.708793 0.677677 0.570511 0.661775 0.840985 0.297749 0.064174 0.038688 0.898094 0.911204 0.406611 0.687370 0.468015 0.190652 0.898834 0.680290 
0.718885 0.519886 0.572650 0.143101 0.874898 0.868699 0.043649 0.395960 0.428946 0.958846 0.960364 0.770206 0.912596 0.265698 0.873249 0.019063 0.073115 0.251602 0.489195 0.667900 0.013119 0.704813 0.152689 0.985773 0.005249 
0.309697 0.260312 0.232534 0.463610 0.178209 0.184585 0.972746 0.828469 0.311987 0.258509 0.435389 0.414469 0.636944 0.331435 0.162639 0.369238 0.260338 0.823131 0.407232 0.856042 0.722987 0.211318 0.692193 0.266793 0.540678 
0.130190 0.371170 0.939851 0.120768 0.568553 0.255397 0.209257 0.825397 0.558181 0.600002 0.505547 0.291636 0.064486 0.536108 0.120612 0.384624 0.627202 0.067732 0.557486 0.544895 0.549330 0.152399 0.004292 0.859329 0.697302 
0.944827 0.900333 0.795409 0.080026 0.741432 0.703061 0.348269 0.834992 0.670679 0.298274 0.607748 0.920516 0.440680 0.528453 0.795662 0.313770 0.778953 0.804410 0.931381 0.083454 0.448407 0.163308 0.038351 0.101703 0.926725 
0.311016 0.951146 0.238815 0.322577 0.152288 0.478002 0.094667 0.503332 0.531974 0.884696 0.147091 0.408180 0.349460 0.229743 0.220506 0.257620 0.724427 0.684568 0.914374 0.466136 0.059426 0.957609 0.413220 0.279836 0.158700 
0.652351 0.347531 0.049515 0.507595 0.745742 0.148376 0.451364 0.134160 0.696870 0.642002 0.950002 0.687276 0.956855 0.660940 0.821140 0.997390 0.195340 0.643956 0.769156 0.611009 0.909609 0.257001 0.611094 0.374297 0.986919 
0.004541 0.086981 0.586965 0.641433 0.758491 0.896786 0.254312 0.809898 0.181431 0.037006 0.936216 0.403240 0.367059 0.156764 0.927788 0.140063 0.585233 0.076168 0.284705 0.351823 0.170158 0.517475 0.907404 0.984180 0.206701 
0.926468 0.805730 0.531153 0.220453 0.567004 0.765180 0.416760 0.809231 0.736666 0.935490 0.899477 0.931998 0.176479 0.459561 0.325121 0.897992 0.853733 0.281612 0.417702 0.326027 0.706906 0.999037 0.157681 0.803769 0.622400 
0.545853 0.454332 0.303252 0.439063 0.447753 0.536295 0.693075 0.895913 0.010097 0.211322 0.666275 0.972734 0.038570 0.727775 0.191163 0.792485 0.422107 0.690151 0.495264 0.202020 0.230230 0.490363 0.501892 0.156564 0.543867 
0.916891 0.675761 0.058477 0.346531 0.940701 0.864556 0.514696 0.948677 0.270909 0.946558 0.450855 0.587612 0.565130 0.619438 0.036540 0.561698 0.734068 0.398399 0.379966 0.602679 0.889940 0.437959 0.531855 0.266006 0.883321 
0.526389 0.431838 0.366989 0.711991 0.626216 0.808228 0.527774 0.944098 0.976762 0.535112 0.890624 0.173228 0.146487 0.025572 0.384644 0.517338 0.639692 0.888097 0.530058 0.713321 0.101298 0.454241 0.665300 0.098386 0.054573 
0.175383 0.489786 0.437874 0.053334 0.607270 0.645979 0.987683 0.655261 0.341080 0.758381 0.342572 0.252950 0.098573 0.900291 0.047583 0.717207 0.070176 0.231992 0.177314 0.296758 0.097997 0.912383 0.446438 0.688745 0.573946 
0.034367 0.888641 0.164406 0.710662 0.883554 0.926527 0.016703 0.102271 0.290018 0.783897 0.181202 0.003753 0.026883 0.922190 0.706668 0.294946 0.206492 0.768476 0.768082 0.710771 0.180599 0.491322 0.021837 0.293001 0.212810 
0.065916 0.036092 0.904224 0.615663 0.463860 0.339019 0.850578 0.939064 0.025304 0.383383 0.947641 0.792871 0.724537 0.021131 0.671252 0.695142 0.944086 0.233004 0.722741 0.572495 0.115122 0.915017 0.429273 0.850172 0.940903 
0.092114 0.638270 0.088262 0.474287 0.690236 0.716293 0.614928 0.965645 0.307134 0.481595 0.994692 0.405710 0.528412 0.306076 0.752115 0.946956 0.152932 0.309786 0.104313 0.267744 0.738202 0.401434 0.560935 0.341667 0.481098 
0.190015 0.929623 0.225643 0.374534 0.746873 0.002270 0.294624 0.096857 0.965232 0.713911 0.811484 0.495518 0.523449 0.795384 0.528613 0.390244 0.007719 0.870238 0.022349 0.443260 0.341245 0.287618 0.957516 0.629285 0.075733 
0.040734 0.547701 0.796092 0.082481 0.708309 0.478676 0.369128 0.973900 0.777009 0.146268 0.115568 0.104233 0.039866 0.962020 0.451415 0.523384 0.044877 0.399756 0.158721 0.899679 0.169135 0.491567 0.634491 0.705901 0.929752 
0.625733 0.613404 0.761685 0.403044 0.880211 0.928304 0.351875 0.374965 0.834794 0.465660 0.889561 0.588261 0.021403 0.517198 0.647296 0.058340 0.186852 0.668873 0.142837 0.147833 0.807628 0.927486 0.303637 0.807694 0.435379 

0.658901 0.714581 0.488073 0.960207 0.407991 0.130711 0.518509 0.175412 0.148845 0.160513 0.771263 0.545901 0.912174 0.615600 0.852843 0.682774 0.318512 0.654897 0.878778 0.717310 0.794670 0.475577 0.252811 0.152609 0.132629 
0.998677 0.688713 0.926429 0.375447 0.112686 0.283633 0.146987 0.314568 0.613551 0.645733 0.933009 0.882399 0.110212 0.049419 0.117129 0.976485 0.717630 0.604825 0.122962 0.034935 0.395711 0.137790 0.914392 0.267794 0.274208 
0.954532 0.829960 0.863261 0.244886 0.548857 0.605166 0.638324 0.288613 0.866167 0.354832 0.669715 0.551435 0.702177 0.914824 0.556731 0.209604 0.260742 0.332130 0.611560 0.415774 0.773220 0.502207 0.287231 0.702436 0.951332 
0.109696 0.433060 0.829585 0.239110 0.951489 0.947076 0.600709 0.636211 0.705123 0.078108 0.202314 0.467416 0.808079 0.293026 0.338038 0.235559 0.540986 0.505452 0.200374 0.379075 0.650416 0.434610 0.692167 0.982707 0.275525 
0.361030 0.541663 0.434325 0.155842 0.506005 0.227480 0.999088 0.349736 0.374150 0.354382 0.174041 0.811198 0.627088 0.628059 0.616376 0.603534 0.596273 0.552857 0.084064 0.626903 0.144669 0.904581 0.020406 0.630677 0.604342 
0.060680 0.179997 0.585830 0.594495 0.667620 0.963049 0.121579 0.194927 0.619475 0.769209 0.350264 0.715642 0.481610 0.132322 0.033620 0.967438 0.543480 0.252791 0.005450 0.392667 0.201516 0.943626 0.869265 0.893085 0.227138 
0.485613 0.476899 0.423415 0.056344 0.127899 0.991109 0.561515 0.687988 0.119043 0.732901 0.820915 0.550808 0.932767 0.280091 0.465873 0.545280 0.211530 0.715353 0.789332 0.258916 0.356405 0.565597 0.167059 0.829713 0.598527 
0.789854 0.160610 0.205350 0.618680 0.371702 0.260973 0.370116 0.151686 0.046510 0.375073 0.455754 0.486821 0.996466 0.898661 0.054267 0.041173 0.273448 0.701330 0.856431 0.014310 0.448432 0.300377 0.595727 0.108752 0.243790 
0.435991 0.460817 0.873656 0.291918 0.400494 0.552684 0.048861 0.656294 0.369898 0.818101 0.335622 0.470472 0.973038 0.731655 0.031420 0.760738 0.507369 0.902058 0.605936 0.080899 0.838479 0.216522 0.227045 0.435738 0.182900 
0.440073 0.746996 0.327408 0.853113 0.890276 0.483886 0.420994 0.995095 0.579126 0.054797 0.855855 0.643388 0.187160 0.249930 0.679013 0.882398 0.839448 0.929117 0.001670 0.034748 0.079525 0.006503 0.305053 0.807458 0.321839 
0.131174 0.339146 0.702930 0.685537 0.804063 0.682308 0.732422 0.566857 0.237431 0.053395 0.967175 0.079931 0.309959 0.054455 0.553499 0.490368 0.871281 0.110450 0.464253 0.977104 0.572062 0.412164 0.994057 0.469999 0.966376 
0.490943 0.060500 0.973091 0.902765 0.125299 0.083134 0.434158 0.566264 0.474935 0.091102 0.343491 0.652894 0.555927 0.922117 0.645706 0.737475 0.220879 0.045492 0.633506 0.632814 0.256511 0.518804 0.430060 0.489073 0.310304 
0.770991 0.647171 0.472785 0.533959 0.877343 0.136694 0.730498 0.522743 0.117963 0.671539 0.933630 0.411630 0.377202 0.677047 0.556423 0.113530 0.936159 0.966005 0.184933 0.165524 0.563180 0.258801 0.769193 0.102834 0.318774 
0.890381 0.729190 0.043135 0.327827 0.918077 0.808563 0.359025 0.730328 0.514282 0.822834 0.535229 0.297704 0.294967 0.777836 0.908788 0.328810 0.564726 0.748092 0.524052 0.671789 0.293911 0.316078 0.548517 0.115895 0.243502 
0.721127 0.256788 0.944959 0.860235 0.641072 0.443721 0.712980 0.826965 0.372058 0.663188 0.296124 0.878301 0.680446 0.971584 0.198703 0.619016 0.081137 0.164366 0.729245 0.744086 0.080773 0.398863 0.571138 0.703748 0.540532 
0.781758 0.163241 0.908270 0.078429 0.754974 0.346105 0.153521 0.375136 0.349043 0.859793 0.117172 0.174165 0.990680 0.642958 0.594698 0.362302 0.388385 0.983881 0.673087 0.233005 0.929122 0.025176 0.134525 0.616224 0.719394 
0.640336 0.297001 0.398271 0.109090 0.005153 0.220891 0.053969 0.643560 0.148900 0.122843 0.744577 0.532197 0.849575 0.111835 0.148715 0.287936 0.048475 0.250915 0.461387 0.330251 0.994920 0.977302 0.756097 0.766366 0.904594 
0.640633 0.363685 0.310716 0.111116 0.732126 0.504284 0.566444 0.898550 0.792728 0.241556 0.147062 0.119821 0.893821 0.220522 0.335261 0.495305 0.789204 0.955515 0.346818 0.282403 0.473125 0.220588 0.807092 0.449056 0.760865 
0.481695 0.605994 0.604641 0.592369 0.853298 0.298067 0.600025 0.394917 0.515636 0.949684 0.380870 0.842203 0.327812 0.602837 0.680848 0.245711 0.649516 0.815694 0.806044 0.413629 0.755383 0.080018 0.990664 0.489268 0.679970 
0.308345 0.861814 0.538697 0.397415 0.656721 0.200018 0.287532 0.651881 0.454296 0.304533 0.138054 0.310357 0.024488 0.362727 0.300369 0.088680 0.624363 0.649741 0.931068 0.770818 0.262327 0.650117 0.861944 0.643394 0.767531 
0.535464 0.661372 0.703008 0.878766 0.519572 0.552481 0.409278 0.422838 0.820599 0.641780 0.167520 0.977374 0.402568 0.746631 0.470379 0.043629 0.088649 0.711975 0.109338 0.646631 0.072213 0.095545 0.459040 0.435690 0.369934 
0.664240 0.055065 0.884933 0.652593 0.584095 0.139543 0.664638 0.607235 0.580140 0.906407 0.487893 0.594582 0.625090 0.666617 0.147725 0.100860 0.627533 0.688928 0.617722 0.379322 0.711350 0.861084 0.882384 0.706515 0.488661 
0.250685 0.472200 0.439995 0.348756 0.091533 0.048945 0.377227 0.141258 0.111052 0.154418 0.645974 0.415315 0.737959 0.394354 0.973654 0.598452 0.094717 0.321800 0.462186 0.079079 0.259670 0.813757 0.380815 0.192086 0.923822 
0.547771 0.834303 0.614321 0.720240 0.811788 0.224663 0.947989 0.395762 0.755557 0.586609 0.842558 0.403188 0.361518 0.922714 0.324040 0.568740 0.389492 0.549860 0.236576 0.450801 0.005863 0.539583 0.144054 0.632265 0.722008 
0.643035 0.865070 0.258554 0.398047 0.837900 0.549635 0.878916 0.350357 0.048033 0.396927 0.745030 0.838603 0.707331 0.994190 0.279826 0.056026 0.126901 0.649515 0.584874 0.643027 0.081327 0.665778 0.976650 0.699788 0.135665 

0.907745 0.651344 0.840759 -0.146246 0.602839 0.433670 0.818508 1.237916 0.181184 2.071717 2.150621 0.649436 1.260204 2.160600 1.892221 2.282552 1.873050 1.180523 2.320664 1.201793 1.340591 0.989140 0.194487 0.513170 0.006482 
0.351110 1.089050 0.545342 0.041377 0.957146 0.304228 0.618170 0.934176 1.629774 2.221456 1.803387 2.603032 0.779277 0.453303 0.973771 2.296517 0.942551 1.663377 0.690058 -0.186808 0.808362 0.532317 1.493390 0.566108 0.422503 
0.482092 0.327579 0.110774 0.251924 0.765119 0.023313 0.208040 0.371088 2.290690 1.109073 2.306051 1.077118 2.391561 2.115840 1.571062 1.065523 0.672554 1.701370 1.419732 1.882789 1.593629 1.052779 0.354134 1.564025 2.020616 
0.517094 1.342973 0.331766 0.564882 0.801374 1.194363 0.878202 2.131723 1.367192 0.744647 0.771728 0.596779 1.345854 0.178025 1.628843 0.223846 1.517216 0.411509 1.078531 1.620686 2.085229 1.961421 1.579489 2.154738 0.204532 
1.378490 0.685048 0.254403 0.374918 1.179136 0.466530 2.625273 1.480860 1.928287 1.194852 0.199631 1.468074 1.542891 2.888449 1.813204 2.104435 0.654679 0.770986 1.690742 0.669944 1.778400 1.276888 0.038491 1.135506 1.500316 
1.171623 0.619026 0.170988 0.833236 1.012435 -0.326566 1.379416 1.654590 1.558496 1.380081 1.670504 1.415480 1.117920 1.402061 0.827888 0.931630 2.402415 1.912468 1.169187 2.212608 0.249471 1.864938 1.537716 2.003049 0.659908 
0.441622 0.947915 1.002091 0.306927 0.826059 1.064501 0.900989 2.289720 1.844464 2.013827 2.110441 1.887354 2.030206 1.709507 0.868848 0.624507 0.255522 2.443457 2.485108 1.218544 0.997035 1.237999 0.137802 1.708108 1.447363 
0.824696 0.631167 0.852873 0.194842 0.971819 1.134685 0.015558 0.335662 1.098487 2.298470 2.987770 1.817975 2.376406 1.602221 1.700617 0.096228 0.566782 0.760009 1.858017 1.415147 0.455700 0.621717 1.137099 0.068257 0.522373 
0.310219 0.487300 0.117655 0.607733 0.136435 0.253933 0.987340 1.260690 0.504551 1.511083 1.212602 1.120159 2.314161 1.678449 0.210856 1.505004 1.062948 2.521872 1.310431 2.151239 2.300882 0.718734 0.728928 1.121704 -0.011585 
0.101271 0.193872 0.769461 0.018870 0.547401 0.282369 0.190529 0.922967 -1.880734 -1.194088 -2.631987 1.204512 0.661986 1.141030 0.713276 1.957057 1.974295 1.103400 1.151974 0.146392 0.100408 -0.158567 0.617825 1.369735 0.557972 
1.138391 0.645036 0.587833 0.229963 0.608644 0.885965 0.580176 0.717798 -1.781579 -0.735464 -3.590296 -1.960584 1.741651 1.273554 1.898122 1.273522 2.334902 1.490277 2.589939 2.158429 1.187368 0.651192 1.890063 0.913159 2.127296 
0.265190 0.728359 0.134286 0.658932 -0.041583 0.628638 0.174985 0.259672 0.394884 -1.778713 -1.119321 -2.305362 -1.645811 1.663740 0.613626 0.963647 1.672447 -1.605606 1.302365 1.001234 0.433896 0.844037 0.641816 0.574435 0.885927 
0.671793 0.467203 0.135066 0.947235 0.666513 -0.088849 0.488055 0.143158 -1.869572 -2.369383 -3.880362 -2.226605 2.371290 1.678817 2.062285 1.953312 -2.374913 -3.331016 -2.182122 -1.386108 1.132637 0.577879 1.750299 0.327731 0.516825 
0.159811 0.007430 0.731470 0.604662 0.662394 0.755950 -0.362549 -2.976341 -1.363525 -1.590673 -3.075968 -1.102266 -1.273998 1.138720 2.573291 0.398855 -2.069877 -1.772974 1.025566 1.185526 0.885344 0.679344 1.117289 0.115474 0.546605 
0.824436 0.644981 0.252128 0.070963 -0.005698 0.604634 -0.104378 -3.095911 -2.137910 -3.157015 -2.481733 -3.520486 -2.383131 -2.724398 -1.298202 -3.136295 -1.937640 -1.022304 -2.103575 -2.247305 -1.760048 0.644871 1.291252 1.076065 1.141800 
0.581190 0.059879 0.236011 0.649769 0.086964 0.424967 -1.440480 -2.698766 -1.024551 -2.299974 -1.595855 -2.174497 -2.172063 -2.373168 -1.526338 -2.308167 -1.455099 -3.377360 -1.810975 -0.896638 -2.555685 -0.144132 -0.221320 0.916292 1.238676 
0.672759 0.804298 -0.188179 0.252477 1.105721 1.184015 -1.268425 0.584355 -0.396970 -2.361048 -2.448595 -2.536061 -2.706237 -1.352697 -0.425667 -1.537114 -1.601395 -1.292320 -1.594334 -1.787570 2.014403 2.044583 1.553651 1.442953 1.326041 
0.543316 0.600341 0.304899 0.762983 0.311741 1.060510 0.516480 1.229620 -3.485397 -1.615727 -1.980268 -0.681660 -2.350944 -0.414490 -1.282850 -1.753103 -3.053043 -3.663135 -1.813031 0.375745 0.668538 0.010040 1.705190 1.231431 1.462992 
-0.105602 0.559432 0.674919 -0.154983 0.643552 0.788681 -1.589322 0.713762 -1.698044 -1.626102 -0.986729 -1.501843 -0.973166 -3.617421 -1.465938 -1.966328 -1.449851 -2.130278 1.755835 1.211369 1.015457 0.071611 1.975355 1.163008 1.226461 
-0.028090 0.909160 0.063123 0.623741 1.027422 1.281499 -0.209547 -0.713857 -1.057473 -1.220037 -0.278896 -0.322688 -0.171647 -2.326310 -2.342454 -0.926535 -1.670774 -2.843678 -1.680197 1.599300 0.633150 1.523098 1.594723 1.636559 2.197194 
-0.486399 -0.111929 1.215475 0.265104 0.287007 0.316278 1.011753 -1.460237 -0.819752 -0.879271 -1.075739 -1.675319 -1.151027 -1.771311 -2.313862 -1.393524 -2.217538 -2.056975 -0.821603 0.791506 -0.408676 -0.719700 0.891658 0.610646 0.757384 
-0.774059 -0.606523 -0.886345 -1.127708 0.463147 0.780486 -1.291211 -1.633681 -0.918625 -1.510915 -1.280254 -0.786181 -1.218248 -1.147396 -1.001612 -1.622901 -1.926712 -1.155696 -0.834229 -0.585532 -1.562189 -1.214763 1.321475 1.511481 0.948923 
-0.674239 -1.286780 -0.961295 -0.718309 -0.589769 0.148102 -0.907704 -0.377393 -1.226444 -0.733635 -1.426806 -0.821817 -1.291968 -1.120013 -1.178104 -1.239853 -0.108835 -0.999327 -0.273212 -0.236930 -0.387490 -1.129389 1.012747 0.111608 1.480087 
-0.114860 -1.587945 -1.395274 -0.596871 -1.621060 -1.014856 -1.371192 -1.156890 -1.756201 -0.578647 -0.929459 -0.457553 -0.260613 -1.635279 -0.627547 -0.856231 -0.727925 -1.009512 -0.468764 -0.956742 -0.207597 -1.392412 -1.001892 1.309290 1.288724 
-1.380441 -1.259564 -0.922510 -0.896295 -1.893037 -1.559782 -0.964164 -0.985296 -0.657957 -0.977908 -1.804127 -1.438771 -0.530994 -1.657240 -0.705619 -0.125218 -0.181431 -1.422468 -0.876172 -1.249191 -0.875265 -1.560000 -1.548568 -1.352821 -0.116579 

3 3 3 3 3 3 2 2 2 2 2 2 2 2 2 2 2 2 2 1 1 1 1 1 1 
3 3 3 3 3 3 2 2 2 2 2 2 2 2 2 2 2 2 2 1 1 1 1 1 1 
3 3 3 3 3 3 3 2 2 2 2 2 2 2 2 2 2 2 2 2 1 1 1 1 1 
3 3 3 3 3 3 3 2 2 2 2 2 2 2 2 2 2 2 2 2 2 2 1 1 1 
3 3 3 3 3 3 2 2 2 2 2 2 2 2 2 2 2 2 2 2 2 2 1 1 1 
3 3 3 3 3 3 2 2 2 2 2 2 2 2 2 2 2 2 2 2 1 1 1 1 1 
3 3 3 3 3 3 3 2 2 2 2 2 2 2 2 2 2 2 2 2 1 1 1 1 1 
3 3 3 3 3 3 3 3 2 2 2 2 2 2 2 2 2 2 2 2 2 1 1 1 1 
3 3 3 3 3 3 3 3 2 2 2 2 2 2 2 2 2 2 2 2 2 1 1 1 1 
3 3 3 3 3 3 3 3 4 4 4 2 2 2 2 2 2 2 2 1 1 1 1 1 1 
3 3 3 3 3 3 3 3 4 4 4 4 2 2 2 2 2 2 2 1 1 1 1 1 1 
3 3 3 3 3 3 3 3 3 4 4 4 4 2 2 2 2 4 1 1 1 1 1 1 1 
3 3 3 3 3 3 3 3 4 4 4 4 2 2 2 2 4 4 4 4 1 1 1 1 1 
3 3 3 3 3 3 3 4 4 4 4 4 4 2 2 2 4 4 1 1 1 1 1 1 1 
3 3 3 3 3 3 3 4 4 4 4 4 4 4 4 4 4 4 4 4 4 1 1 1 1 
3 3 3 3 3 3 4 4 4 4 4 4 4 4 4 4 4 4 4 4 4 1 1 1 1 
3 3 3 3 3 3 4 3 4 4 4 4 4 4 4 4 4 4 4 4 1 1 1 1 1 
3 3 3 3 3 3 3 3 4 4 4 4 4 4 4 4 4 4 4 1 1 1 1 1 1 
3 3 3 3 3 3 0 3 4 0 0 0 4 4 4 4 4 4 1 1 1 1 1 1 1 
3 3 3 3 3 3 0 0 0 0 0 0 4 4 4 4 4 4 0 1 1 1 1 1 1 
3 3 3 3 3 3 3 0 0 0 0 0 0 4 4 4 4 4 0 1 0 0 1 1 1 
0 0 0 0 3 3 0 0 0 0 0 0 0 0 0 4 4 0 0 0 0 0 1 1 1 
0 0 0 0 0 0 0 0 0 0 0 0 0 0 0 0 0 0 0 0 0 0 1 1 1 
0 0 0 0 0 0 0 0 0 0 0 0 0 0 0 0 0 0 0 0 0 0 0 1 1 
0 0 0 0 0 0 0 0 0 0 0 0 0 0 0 0 0 0 0 0 0 0 0 0 0 

1.0 1.0 1.0 1.0 1.0 1.0 2.0 2.0 2.0 2.0 2.0 2.0 2.0 2.0 2.0 2.0 2.0 2.0 2.0 0.0 0.0 0.0 0.0 0.0 0.0 
1.0 1.0 1.0 1.0 1.0 1.0 2.0 2.0 2.0 2.0 2.0 2.0 2.0 2.0 2.0 2.0 2.0 2.0 2.0 0.0 0.0 0.0 0.0 0.0 0.0 
1.0 1.0 1.0 1.0 1.0 1.0 1.0 2.0 2.0 2.0 2.0 2.0 2.0 2.0 2.0 2.0 2.0 2.0 2.0 2.0 0.0 0.0 0.0 0.0 0.0 
1.0 1.0 1.0 1.0 1.0 1.0 1.0 2.0 2.0 2.0 2.0 2.0 2.0 2.0 2.0 2.0 2.0 2.0 2.0 2.0 2.0 2.0 0.0 0.0 0.0 
1.0 1.0 1.0 1.0 1.0 1.0 2.0 2.0 2.0 2.0 2.0 2.0 2.0 2.0 2.0 2.0 2.0 2.0 2.0 2.0 2.0 2.0 0.0 0.0 0.0 
1.0 1.0 1.0 1.0 1.0 1.0 2.0 2.0 2.0 2.0 2.0 2.0 2.0 2.0 2.0 2.0 2.0 2.0 2.0 2.0 0.0 0.0 0.0 0.0 0.0 
1.0 1.0 1.0 1.0 1.0 1.0 1.0 2.0 2.0 2.0 2.0 2.0 2.0 2.0 2.0 2.0 2.0 2.0 2.0 2.0 0.0 0.0 0.0 0.0 0.0 
1.0 1.0 1.0 1.0 1.0 1.0 1.0 1.0 2.0 2.0 2.0 2.0 2.0 2.0 2.0 2.0 2.0 2.0 2.0 2.0 2.0 0.0 0.0 0.0 0.0 
1.0 1.0 1.0 1.0 1.0 1.0 1.0 1.0 2.0 2.0 2.0 2.0 2.0 2.0 2.0 2.0 2.0 2.0 2.0 2.0 2.0 0.0 0.0 0.0 0.0 
1.0 1.0 1.0 1.0 1.0 1.0 1.0 1.0 -2.0 -2.0 -2.0 2.0 2.0 2.0 2.0 2.0 2.0 2.0 2.0 0.0 0.0 0.0 0.0 0.0 0.0 
1.0 1.0 1.0 1.0 1.0 1.0 1.0 1.0 -2.0 -2.0 -2.0 -2.0 2.0 2.0 2.0 2.0 2.0 2.0 2.0 0.0 0.0 0.0 0.0 0.0 0.0 
1.0 1.0 1.0 1.0 1.0 1.0 1.0 1.0 1.0 -2.0 -2.0 -2.0 -2.0 2.0 2.0 2.0 2.0 -2.0 0.0 0.0 0.0 0.0 0.0 0.0 0.0 
1.0 1.0 1.0 1.0 1.0 1.0 1.0 1.0 -2.0 -2.0 -2.0 -2.0 2.0 2.0 2.0 2.0 -2.0 -2.0 -2.0 -2.0 0.0 0.0 0.0 0.0 0.0 
1.0 1.0 1.0 1.0 1.0 1.0 1.0 -2.0 -2.0 -2.0 -2.0 -2.0 -2.0 2.0 2.0 2.0 -2.0 -2.0 0.0 0.0 0.0 0.0 0.0 0.0 0.0 
1.0 1.0 1.0 1.0 1.0 1.0 1.0 -2.0 -2.0 -2.0 -2.0 -2.0 -2.0 -2.0 -2.0 -2.0 -2.0 -2.0 -2.0 -2.0 -2.0 0.0 0.0 0.0 0.0 
1.0 1.0 1.0 1.0 1.0 1.0 -2.0 -2.0 -2.0 -2.0 -2.0 -2.0 -2.0 -2.0 -2.0 -2.0 -2.0 -2.0 -2.0 -2.0 -2.0 0.0 0.0 0.0 0.0 
1.0 1.0 1.0 1.0 1.0 1.0 -2.0 1.0 -2.0 -2.0 -2.0 -2.0 -2.0 -2.0 -2.0 -2.0 -2.0 -2.0 -2.0 -2.0 0.0 0.0 0.0 0.0 0.0 
1.0 1.0 1.0 1.0 1.0 1.0 1.0 1.0 -2.0 -2.0 -2.0 -2.0 -2.0 -2.0 -2.0 -2.0 -2.0 -2.0 -2.0 0.0 0.0 0.0 0.0 0.0 0.0 
1.0 1.0 1.0 1.0 1.0 1.0 -1.0 1.0 -2.0 -1.0 -1.0 -1.0 -2.0 -2.0 -2.0 -2.0 -2.0 -2.0 0.0 0.0 0.0 0.0 0.0 0.0 0.0 
1.0 1.0 1.0 1.0 1.0 1.0 -1.0 -1.0 -1.0 -1.0 -1.0 -1.0 -2.0 -2.0 -2.0 -2.0 -2.0 -2.0 -1.0 0.0 0.0 0.0 0.0 0.0 0.0 
1.0 1.0 1.0 1.0 1.0 1.0 1.0 -1.0 -1.0 -1.0 -1.0 -1.0 -1.0 -2.0 -2.0 -2.0 -2.0 -2.0 -1.0 0.0 -1.0 -1.0 0.0 0.0 0.0 
-1.0 -1.0 -1.0 -1.0 1.0 1.0 -1.0 -1.0 -1.0 -1.0 -1.0 -1.0 -1.0 -1.0 -1.0 -2.0 -2.0 -1.0 -1.0 -1.0 -1.0 -1.0 0.0 0.0 0.0 
-1.0 -1.0 -1.0 -1.0 -1.0 -1.0 -1.0 -1.0 -1.0 -1.0 -1.0 -1.0 -1.0 -1.0 -1.0 -1.0 -1.0 -1.0 -1.0 -1.0 -1.0 -1.0 0.0 0.0 0.0 
-1.0 -1.0 -1.0 -1.0 -1.0 -1.0 -1.0 -1.0 -1.0 -1.0 -1.0 -1.0 -1.0 -1.0 -1.0 -1.0 -1.0 -1.0 -1.0 -1.0 -1.0 -1.0 -1.0 0.0 0.0 
-1.0 -1.0 -1.0 -1.0 -1.0 -1.0 -1.0 -1.0 -1.0 -1.0 -1.0 -1.0 -1.0 -1.0 -1.0 -1.0 -1.0 -1.0 -1.0 -1.0 -1.0 -1.0 -1.0 -1.0 -1.0 

0.0 0.0 0.0 0.0 0.0 0.0 1.0 1.0 1.0 1.0 1.0 1.0 1.0 1.0 1.0 1.0 1.0 1.0 1.0 2.0 2.0 2.0 2.0 2.0 2.0 
0.0 0.0 0.0 0.0 0.0 0.0 1.0 1.0 1.0 1.0 1.0 1.0 1.0 1.0 1.0 1.0 1.0 1.0 1.0 2.0 2.0 2.0 2.0 2.0 2.0 
0.0 0.0 0.0 0.0 0.0 0.0 0.0 1.0 1.0 1.0 1.0 1.0 1.0 1.0 1.0 1.0 1.0 1.0 1.0 1.0 2.0 2.0 2.0 2.0 2.0 
0.0 0.0 0.0 0.0 0.0 0.0 0.0 1.0 1.0 1.0 1.0 1.0 1.0 1.0 1.0 1.0 1.0 1.0 1.0 1.0 1.0 1.0 2.0 2.0 2.0 
0.0 0.0 0.0 0.0 0.0 0.0 1.0 1.0 1.0 1.0 1.0 1.0 1.0 1.0 1.0 1.0 1.0 1.0 1.0 1.0 1.0 1.0 2.0 2.0 2.0 
0.0 0.0 0.0 0.0 0.0 0.0 1.0 1.0 1.0 1.0 1.0 1.0 1.0 1.0 1.0 1.0 1.0 1.0 1.0 1.0 2.0 2.0 2.0 2.0 2.0 
0.0 0.0 0.0 0.0 0.0 0.0 0.0 1.0 1.0 1.0 1.0 1.0 1.0 1.0 1.0 1.0 1.0 1.0 1.0 1.0 2.0 2.0 2.0 2.0 2.0 
0.0 0.0 0.0 0.0 0.0 0.0 0.0 0.0 1.0 1.0 1.0 1.0 1.0 1.0 1.0 1.0 1.0 1.0 1.0 1.0 1.0 2.0 2.0 2.0 2.0 
0.0 0.0 0.0 0.0 0.0 0.0 0.0 0.0 1.0 1.0 1.0 1.0 1.0 1.0 1.0 1.0 1.0 1.0 1.0 1.0 1.0 2.0 2.0 2.0 2.0 
0.0 0.0 0.0 0.0 0.0 0.0 0.0 0.0 -2.0 -2.0 -2.0 1.0 1.0 1.0 1.0 1.0 1.0 1.0 1.0 2.0 2.0 2.0 2.0 2.0 2.0 
0.0 0.0 0.0 0.0 0.0 0.0 0.0 0.0 -2.0 -2.0 -2.0 -2.0 1.0 1.0 1.0 1.0 1.0 1.0 1.0 2.0 2.0 2.0 2.0 2.0 2.0 
0.0 0.0 0.0 0.0 0.0 0.0 0.0 0.0 0.0 -2.0 -2.0 -2.0 -2.0 1.0 1.0 1.0 1.0 -2.0 2.0 2.0 2.0 2.0 2.0 2.0 2.0 
0.0 0.0 0.0 0.0 0.0 0.0 0.0 0.0 -2.0 -2.0 -2.0 -2.0 1.0 1.0 1.0 1.0 -2.0 -2.0 -2.0 -2.0 2.0 2.0 2.0 2.0 2.0 
0.0 0.0 0.0 0.0 0.0 0.0 0.0 -2.0 -2.0 -2.0 -2.0 -2.0 -2.0 1.0 1.0 1.0 -2.0 -2.0 2.0 2.0 2.0 2.0 2.0 2.0 2.0 
0.0 0.0 0.0 0.0 0.0 0.0 0.0 -2.0 -2.0 -2.0 -2.0 -2.0 -2.0 -2.0 -2.0 -2.0 -2.0 -2.0 -2.0 -2.0 -2.0 2.0 2.0 2.0 2.0 
0.0 0.0 0.0 0.0 0.0 0.0 -2.0 -2.0 -2.0 -2.0 -2.0 -2.0 -2.0 -2.0 -2.0 -2.0 -2.0 -2.0 -2.0 -2.0 -2.0 2.0 2.0 2.0 2.0 
0.0 0.0 0.0 0.0 0.0 0.0 -2.0 0.0 -2.0 -2.0 -2.0 -2.0 -2.0 -2.0 -2.0 -2.0 -2.0 -2.0 -2.0 -2.0 2.0 2.0 2.0 2.0 2.0 
0.0 0.0 0.0 0.0 0.0 0.0 0.0 0.0 -2.0 -2.0 -2.0 -2.0 -2.0 -2.0 -2.0 -2.0 -2.0 -2.0 -2.0 2.0 2.0 2.0 2.0 2.0 2.0 
0.0 0.0 0.0 0.0 0.0 0.0 -1.0 0.0 -2.0 -1.0 -1.0 -1.0 -2.0 -2.0 -2.0 -2.0 -2.0 -2.0 2.0 2.0 2.0 2.0 2.0 2.0 2.0 
0.0 0.0 0.0 0.0 0.0 0.0 -1.0 -1.0 -1.0 -1.0 -1.0 -1.0 -2.0 -2.0 -2.0 -2.0 -2.0 -2.0 -1.0 2.0 2.0 2.0 2.0 2.0 2.0 
0.0 0.0 0.0 0.0 0.0 0.0 0.0 -1.0 -1.0 -1.0 -1.0 -1.0 -1.0 -2.0 -2.0 -2.0 -2.0 -2.0 -1.0 2.0 -1.0 -1.0 2.0 2.0 2.0 
-1.0 -1.0 -1.0 -1.0 0.0 0.0 -1.0 -1.0 -1.0 -1.0 -1.0 -1.0 -1.0 -1.0 -1.0 -2.0 -2.0 -1.0 -1.0 -1.0 -1.0 -1.0 2.0 2.0 2.0 
-1.0 -1.0 -1.0 -1.0 -1.0 -1.0 -1.0 -1.0 -1.0 -1.0 -1.0 -1.0 -1.0 -1.0 -1.0 -1.0 -1.0 -1.0 -1.0 -1.0 -1.0 -1.0 2.0 2.0 2.0 
-1.0 -1.0 -1.0 -1.0 -1.0 -1.0 -1.0 -1.0 -1.0 -1.0 -1.0 -1.0 -1.0 -1.0 -1.0 -1.0 -1.0 -1.0 -1.0 -1.0 -1.0 -1.0 -1.0 2.0 2.0 
-1.0 -1.0 -1.0 -1.0 -1.0 -1.0 -1.0 -1.0 -1.0 -1.0 -1.0 -1.0 -1.0 -1.0 -1.0 -1.0 -1.0 -1.0 -1.0 -1.0 -1.0 -1.0 -1.0 -1.0 -1.0 

