0.857886 0.734873 0.698674 0.345093 0.501896 0.709127 0.150399 0.981606 0.510271 0.281976 0.654733 0.499736 0.930429 0.667308 0.325256 0.006804 0.032786 0.097377 0.680262 0.449309 0.691979 0.018103 0.904279 0.546837 0.295871 
0.353048 0.460381 0.676485 0.468521 0.476867 0.424277 0.768204 0.039708 0.196871 0.933257 0.954697 0.266128 0.710268 0.486668 0.329432 0.560827 0.887788 0.454299 0.209687 0.857633 0.725388 0.952920 0.542272 0.012217 0.871838 
0.544413 0.161775 0.241429 0.031312 0.345986 0.178014 0.062110 0.475111 0.545444 0.961958 0.820010 0.666179 0.292039 0.696740 0.353685 0.666858 0.377639 0.410571 0.781103 0.200410 0.449349 0.528751 0.682317 0.613963 0.106941 
0.823839 0.540312 0.006054 0.085220 0.895176 0.117255 0.989121 0.298551 0.394154 0.751457 0.175314 0.889443 0.138590 0.633377 0.558373 0.707250 0.851562 0.061892 0.986995 0.954293 0.940019 0.091467 0.500505 0.054380 0.405695 
0.717082 0.542548 0.669862 0.148198 0.541082 0.583128 0.602728 0.348638 0.614324 0.114102 0.947328 0.035374 0.488459 0.491738 0.701246 0.389414 0.845695 0.328616 0.124264 0.571931 0.946317 0.533901 0.334093 0.950641 0.489073 
0.055846 0.012334 0.822885 0.388673 0.691838 0.581558 0.104190 0.891533 0.283207 0.160424 0.989392 0.679928 0.190184 0.852418 0.406852 0.079671 0.065833 0.411752 0.691199 0.051739 0.351573 0.133791 0.443831 0.797417 0.122183 
0.998477 0.956254 0.796586 0.420631 0.722910 0.746078 0.450403 0.629402 0.522079 0.622393 0.525528 0.417686 0.039810 0.412761 0.830399 0.313837 0.601493 0.497330 0.789111 0.801911 0.852798 0.186529 0.372993 0.634322 0.346056 
0.701868 0.386565 0.562598 0.833269 0.311682 0.471017 0.475542 0.118786 0.754791 0.004734 0.807411 0.673064 0.148543 0.915710 0.372315 0.077094 0.193114 0.026662 0.059386 0.508485 0.428529 0.637118 0.228293 0.234253 0.657680 
0.298896 0.343628 0.115119 0.199377 0.790254 0.379844 0.293976 0.356197 0.624684 0.959945 0.923210 0.155549 0.855259 0.356325 0.717275 0.134115 0.259897 0.192625 0.632663 0.396132 0.952190 0.637641 0.506533 0.021290 0.873078 
0.536546 0.001338 0.976563 0.498225 0.766164 0.825456 0.629127 0.572829 0.412245 0.494214 0.273629 0.991323 0.598880 0.624317 0.547695 0.350105 0.128450 0.206586 0.820804 0.020906 0.155998 0.029366 0.218594 0.475637 0.669722 
0.966394 0.341351 0.089638 0.555927 0.596087 0.416986 0.722613 0.277688 0.742486 0.933527 0.085298 0.626465 0.366967 0.963510 0.737097 0.834031 0.692086 0.832776 0.549305 0.487020 0.982156 0.093750 0.489840 0.324284 0.255868 
0.302936 0.644100 0.743892 0.224355 0.626435 0.358385 0.773055 0.218438 0.451060 0.239719 0.582635 0.379779 0.095914 0.920607 0.481868 0.061443 0.711107 0.188738 0.247599 0.639737 0.632931 0.479117 0.001981 0.466182 0.897115 
0.888041 0.676695 0.717559 0.643675 0.155984 0.013881 0.513308 0.646795 0.260994 0.187380 0.297454 0.309886 0.340300 0.043484 0.673799 0.707483 0.356302 0.150551 0.367319 0.844909 0.367900 0.403292 0.166711 0.115399 0.928696 
0.298251 0.478939 0.650251 0.796890 0.035590 0.554841 0.936351 0.313937 0.938975 0.908011 0.112638 0.342298 0.309018 0.386677 0.956782 0.553651 0.721733 0.773203 0.248062 0.719228 0.011154 0.107688 0.601667 0.558134 0.097653 
0.948191 0.421378 0.218472 0.997905 0.940411 0.249283 0.638153 0.397584 0.960628 0.828078 0.808400 0.700417 0.025376 0.967432 0.286573 0.854908 0.798911 0.695648 0.887321 0.812976 0.384325 0.372679 0.806448 0.902257 0.247782 
0.777531 0.028384 0.357854 0.302097 0.317480 0.253368 0.417796 0.426859 0.987257 0.487179 0.735212 0.597086 0.926334 0.933955 0.816299 0.387823 0.183245 0.745169 0.308048 0.768258 0.651201 0.446455 0.859104 0.684115 0.118251 
0.457343 0.868828 0.147864 0.460388 0.095582 0.046659 0.167005 0.102918 0.921543 0.505111 0.045300 0.770437 0.017853 0.938928 0.184298 0.088921 0.180180 0.641056 0.742532 0.884778 0.473027 0.186729 0.207751 0.423272 0.078713 
0.521591 0.998192 0.819138 0.545798 0.251101 0.867258 0.548925 0.310582 0.712457 0.755297 0.640102 0.756407 0.513154 0.346591 0.938347 0.845876 0.322297 0.660919 0.659848 0.720098 0.091035 0.338851 0.951038 0.756367 0.576252 
0.553907 0.734330 0.726629 0.624125 0.347029 0.931655 0.816983 0.898017 0.309807 0.858856 0.051725 0.192865 0.955498 0.420004 0.694319 0.751138 0.037029 0.164729 0.076473 0.294547 0.429339 0.160978 0.766831 0.448579 0.904322 
0.090581 0.351501 0.463865 0.443849 0.647093 0.110763 0.817450 0.455063 0.023294 0.729107 0.063147 0.908971 0.030681 0.366022 0.612028 0.782857 0.920726 0.207936 0.224481 0.010134 0.056712 0.828774 0.699137 0.485580 0.120971 
0.627240 0.432225 0.724439 0.522336 0.584706 0.513874 0.807714 0.602052 0.500487 0.661552 0.461966 0.952645 0.171551 0.393473 0.180008 0.743721 0.263905 0.137057 0.230225 0.703684 0.219666 0.639917 0.112399 0.362563 0.900971 
0.091306 0.801001 0.474118 0.272166 0.408010 0.463112 0.475972 0.476395 0.455034 0.925209 0.710817 0.567785 0.804660 0.422830 0.318034 0.768630 0.639612 0.265071 0.958018 0.751771 0.107531 0.059148 0.733712 0.240836 0.409585 
0.151449 0.635850 0.413708 0.988791 0.720464 0.678742 0.038354 0.535040 0.441708 0.127703 0.685546 0.853074 0.191834 0.602915 0.813523 0.011605 0.462597 0.149846 0.831419 0.817490 0.770836 0.219963 0.757023 0.508816 0.918197 
0.097726 0.237215 0.425005 0.852728 0.972540 0.593480 0.363901 0.766772 0.869659 0.486155 0.525955 0.387881 0.502697 0.423495 0.265760 0.096389 0.433081 0.750835 0.599834 0.592355 0.907204 0.230212 0.000170 0.221863 0.025364 
0.254316 0.254329 0.295853 0.146408 0.730224 0.285239 0.609908 0.102690 0.223088 0.896743 0.404409 0.513908 0.360214 0.734614 0.439494 0.931820 0.154577 0.019233 0.817056 0.195458 0.964218 0.105715 0.828242 0.992536 0.094623 

0.595859 0.923202 0.657512 0.671840 0.312030 0.870687 0.902834 0.377538 0.581658 0.515486 0.554264 0.330403 0.355514 0.251685 0.800633 0.993159 0.895461 0.096397 0.342927 0.230954 0.244919 0.099314 0.680352 0.353443 0.056117 
0.446045 0.409872 0.702704 0.211347 0.094268 0.557004 0.010940 0.936930 0.656945 0.431287 0.818195 0.561645 0.978338 0.517574 0.977054 0.463448 0.114782 0.202374 0.417358 0.595010 0.058488 0.768600 0.331924 0.679259 0.469249 
0.445795 0.806399 0.720608 0.816004 0.666832 0.210345 0.728163 0.770816 0.726593 0.516270 0.992491 0.523660 0.753065 0.541598 0.518817 0.810987 0.743807 0.230211 0.489874 0.080478 0.685987 0.132381 0.408390 0.022957 0.979122 
0.049319 0.558017 0.764548 0.243761 0.064665 0.900333 0.806484 0.251396 0.292818 0.059088 0.129221 0.570715 0.138479 0.827590 0.642035 0.896350 0.319096 0.999750 0.381296 0.210394 0.553307 0.806783 0.155179 0.988640 0.792772 
0.482121 0.496499 0.941299 0.661028 0.452534 0.962472 0.178927 0.151428 0.112173 0.179514 0.696214 0.677691 0.389182 0.071273 0.801048 0.153432 0.244707 0.850097 0.813106 0.457428 0.708610 0.658855 0.095028 0.228031 0.308681 
0.821425 0.811664 0.245985 0.125787 0.484226 0.478082 0.039220 0.389478 0.532622 0.182606 0.827239 0.398296 0.756238 0.566152 0.866635 0.281575 0.146049 0.806272 0.720591 0.859452 0.177365 0.045766 0.662747 0.564594 0.019102 
0.557770 0.128054 0.880992 0.583525 0.215798 0.444117 0.552902 0.709412 0.282423 0.609005 0.528931 0.691176 0.977022 0.550353 0.978081 0.760663 0.019232 0.467267 0.699385 0.600436 0.001231 0.698091 0.887459 0.776308 0.227813 
0.339886 0.595153 0.221082 0.261920 0.485165 0.065869 0.252343 0.639227 0.766913 0.727227 0.739727 0.582253 0.128616 0.997678 0.694164 0.717448 0.913357 0.046123 0.637753 0.945226 0.213654 0.620673 0.815207 0.858003 0.453173 
0.116335 0.457124 0.207216 0.226503 0.006855 0.890754 0.421041 0.006666 0.526180 0.455949 0.176134 0.153331 0.182862 0.945533 0.195045 0.315573 0.410269 0.208362 0.528381 0.053195 0.278690 0.178528 0.418269 0.662599 0.730943 
0.121206 0.639071 0.025664 0.257181 0.627378 0.029664 0.751123 0.961421 0.728078 0.519862 0.903678 0.877236 0.774804 0.436722 0.819908 0.472903 0.104544 0.582950 0.014677 0.092406 0.753777 0.419178 0.395963 0.968011 0.587009 
0.552411 0.515353 0.416762 0.101434 0.020919 0.832889 0.906219 0.889024 0.059775 0.014580 0.082485 0.363574 0.096095 0.927045 0.137660 0.517859 0.597619 0.629013 0.723944 0.909264 0.240727 0.022591 0.550855 0.264039 0.837917 
0.493882 0.582885 0.241328 0.488103 0.272607 0.789472 0.273292 0.698421 0.549184 0.648372 0.826818 0.378888 0.376980 0.956223 0.190902 0.035292 0.422530 0.632956 0.848064 0.760683 0.105514 0.814771 0.586755 0.306397 0.725463 
0.988726 0.842651 0.480264 0.642671 0.161148 0.820109 0.948825 0.375568 0.615900 0.677326 0.005852 0.933075 0.036852 0.966814 0.961241 0.252956 0.588223 0.026434 0.104413 0.101743 0.665766 0.911575 0.966378 0.814405 0.033542 
0.467908 0.055165 0.494728 0.802340 0.628694 0.162317 0.028479 0.286880 0.686536 0.991282 0.537975 0.093677 0.065046 0.384552 0.815958 0.243107 0.425181 0.256553 0.851197 0.581527 0.766380 0.454820 0.211711 0.382749 0.330699 
0.844166 0.742042 0.999054 0.324944 0.138585 0.454341 0.723163 0.113692 0.846482 0.551172 0.875413 0.560647 0.687880 0.854187 0.464025 0.565893 0.557227 0.677229 0.378216 0.486691 0.153030 0.267296 0.528136 0.103738 0.847956 
0.530422 0.185172 0.002433 0.396877 0.875196 0.838478 0.289175 0.739944 0.178576 0.299497 0.293956 0.425218 0.764317 0.678355 0.412843 0.818367 0.515541 0.922307 0.815020 0.410665 0.033983 0.835981 0.361872 0.933193 0.794683 
0.723816 0.315496 0.850948 0.769586 0.325643 0.181982 0.534066 0.219597 0.252632 0.084436 0.422038 0.848495 0.301680 0.345669 0.753725 0.266882 0.764238 0.050194 0.356892 0.948325 0.291078 0.534130 0.994581 0.233833 0.799914 
0.217500 0.260284 0.433390 0.130298 0.971573 0.727908 0.102397 0.235861 0.315691 0.563217 0.259773 0.154087 0.418735 0.110132 0.388085 0.636243 0.835220 0.059947 0.250985 0.463121 0.506973 0.711815 0.483118 0.568654 0.347577 
0.038605 0.874546 0.800620 0.834445 0.041349 0.330546 0.140983 0.210326 0.457590 0.161124 0.362532 0.992673 0.456387 0.272732 0.941327 0.871183 0.531792 0.205696 0.262559 0.987462 0.544791 0.161088 0.728381 0.280463 0.592704 
0.919927 0.816598 0.438630 0.142368 0.888651 0.763512 0.093333 0.878021 0.603478 0.205667 0.634871 0.546168 0.630444 0.829270 0.099512 0.912367 0.424450 0.039761 0.539112 0.561807 0.237833 0.516620 0.873135 0.155561 0.945592 
0.105623 0.414929 0.544339 0.961077 0.994828 0.758193 0.766488 0.469390 0.080607 0.170621 0.272116 0.336785 0.340792 0.521924 0.415887 0.256660 0.132549 0.519172 0.821789 0.869799 0.256327 0.630523 0.614435 0.353364 0.254862 
0.265275 0.397540 0.063862 0.613957 0.411870 0.639870 0.543991 0.467708 0.252964 0.901160 0.743595 0.713579 0.783108 0.872616 0.923274 0.008727 0.466439 0.781181 0.672089 0.779373 0.454753 0.358773 0.862768 0.513476 0.220135 
0.358522 0.192020 0.808086 0.457051 0.365491 0.149149 0.748459 0.926563 0.917222 0.904980 0.989674 0.940891 0.967514 0.671950 0.597043 0.517969 0.018622 0.831476 0.487853 0.468092 0.091746 0.115292 0.431838 0.728487 0.225952 
0.251967 0.496276 0.937288 0.285599 0.750613 0.346188 0.826702 0.080921 0.124877 0.443082 0.010460 0.576460 0.962725 0.245532 0.214160 0.331059 0.936839 0.043376 0.107652 0.887121 0.042302 0.060645 0.574853 0.220185 0.796572 
0.095209 0.594163 0.667447 0.614030 0.686650 0.999464 0.660829 0.859823 0.520404 0.683738 0.480905 0.006485 0.794619 0.532129 0.740179 0.275774 0.462677 0.380023 0.279654 0.339810 0.127628 0.707418 0.740620 0.305124 0.960498 

-0.717991 0.197644 0.287536 0.484696 -0.652775 0.083420 1.358737 2.128115 1.313774 0.242207 -1.532082 -0.545615 -1.133564 -0.715072 -1.219908 -1.901019 -2.045821 0.311438 -1.306816 -0.721893 -0.255602 0.095596 -1.039022 -0.702431 -0.362522 
0.092641 0.216934 -0.146689 -0.777662 -0.790675 0.145355 1.649438 -0.042511 -0.110252 1.676639 1.112336 -0.805238 -2.083420 -1.220204 -1.683201 -1.067327 0.029827 -0.625616 -1.068022 -1.317921 0.192731 -1.768380 -0.326948 0.264957 -0.987478 
-0.691895 1.140937 0.579099 1.295551 0.500529 -0.120827 -1.007436 -0.471732 0.498916 1.754235 -2.107211 -1.168015 -1.833139 -0.716988 -1.123528 -1.406944 -1.169949 -0.308066 -1.248626 -0.491906 -0.519097 0.153072 -0.477717 0.115054 0.076561 
-1.500158 -0.034756 1.735003 -0.111897 -1.878144 -0.501387 0.667968 -0.221067 0.651598 1.018583 0.310710 1.184967 -0.635932 -1.909148 -1.443776 -1.906211 -0.505258 -1.691423 -1.068952 -0.946791 -0.898411 0.001119 -0.602067 0.051406 -0.589834 
-1.201889 0.116648 0.915338 0.609165 0.843963 0.350758 0.623196 0.547919 1.050663 -0.739934 -1.463781 -1.605871 -1.248049 0.138692 -1.351423 0.160989 0.097105 -1.528516 -2.228833 -0.342591 -1.439348 -0.788858 -0.731540 -1.097511 -0.190769 
1.331899 1.430667 -0.813926 -0.452088 -0.953150 0.540722 0.304704 0.540864 0.130977 -0.244591 1.631645 0.767891 -0.680425 -1.742259 -1.414014 -0.081219 -0.482380 -1.720691 -1.670270 -1.513168 -0.645149 -0.251743 -0.279794 -1.044509 -0.423849 
-1.290716 -1.627146 0.432047 0.780731 1.334347 0.550354 0.184771 0.579864 0.425173 1.022568 0.474101 -0.032103 -2.173650 -0.773925 -2.100096 -1.278992 -0.290527 -0.843274 -1.398446 -1.080676 0.475099 0.239487 0.042371 -0.724040 -0.570788 
-0.802414 0.476089 -0.598228 -0.821063 -0.432785 1.544050 0.650633 -0.417538 1.062430 -1.163036 0.627986 1.078169 -0.078562 -1.443877 -1.368223 -1.074777 -1.720990 0.365247 -1.288265 -0.813146 -0.476069 -0.639396 -0.040529 -0.356773 -0.345116 
0.062864 -0.162762 0.233351 0.233319 1.456901 0.417254 0.375604 0.628076 1.070399 1.565599 1.595691 0.168289 1.587606 -1.748167 -0.698317 -0.732731 -0.489958 -0.139814 -0.882803 -0.142700 -0.926053 -0.859699 -0.938255 -0.148591 -0.394159 
-0.737874 1.605254 -1.668325 0.992409 1.094991 1.839725 0.580635 0.956848 -0.395096 -0.013356 -0.193230 1.590448 -1.908150 -0.690657 -1.040383 -0.732849 -0.503964 -1.130280 -0.800189 0.519093 0.132642 0.115336 -0.481769 -0.372930 -1.443572 
-0.973094 0.255025 0.949807 0.742441 1.215017 0.663440 0.846445 -0.509815 1.471344 1.644675 -0.350865 1.208264 -0.249687 -1.331624 -0.401258 -1.501327 -1.454982 -1.032471 -1.732182 -0.159749 -0.640564 -0.493724 -0.522318 -0.781071 -0.779209 
0.590276 0.331011 -1.018757 0.552519 0.793210 -0.923657 1.552486 -0.062367 0.301741 -0.679457 0.100361 0.306409 -0.426601 -1.921319 0.152888 -0.348599 -0.361311 0.201676 0.047779 -0.730390 -0.524535 -0.494436 -0.461348 -0.587756 -0.815954 
0.528815 0.219543 0.016298 1.057400 0.004325 -1.236414 0.061115 0.841777 -0.491489 -0.703494 0.142700 -0.555864 0.676397 -1.422854 -1.674128 0.230792 -1.411697 0.110051 0.013815 -0.952207 -0.217165 -0.303786 -0.261178 -0.991157 -0.821407 
0.694460 -0.770035 -0.349316 -0.069929 0.080737 -0.974708 -2.029560 0.349177 1.481668 1.128511 -0.245197 0.843819 0.038917 0.109496 -1.572712 -0.290308 -0.594130 -0.397951 -0.206021 -0.248115 0.351419 -0.215438 -0.687977 -0.227107 -0.114897 
-0.045949 0.419632 1.989429 1.978973 1.121463 -0.199797 -0.112967 -0.985276 0.635677 1.078978 0.791943 1.239060 -0.428275 1.223875 -1.037683 -1.271039 -0.855598 -1.438389 -0.483827 -0.983358 -0.392626 -0.479081 -0.481808 -0.673895 0.129725 
-0.355060 1.187693 -1.011797 0.342252 0.636384 -0.106884 -0.323513 0.694519 2.258304 0.408228 1.242450 0.837397 1.376023 1.100356 -1.070630 -1.486930 -0.808013 -1.970836 -1.519068 -0.831731 -1.083671 -0.631406 -0.746750 -0.638986 -0.073701 
0.136579 -1.343709 1.264957 0.734037 0.321872 0.586102 0.360426 0.046361 1.274817 0.915409 0.133710 1.579294 0.347934 1.507777 -1.515995 -0.104970 -1.441417 -0.012825 -0.624479 -0.989228 -0.355020 0.168319 -0.294396 -0.044291 -0.336858 
-0.628731 -1.805703 -1.271204 -1.275662 1.493021 -0.109746 -0.616049 0.933137 1.038460 0.641208 1.244481 1.057258 1.432555 0.616169 -0.884601 -1.066825 -1.426818 -0.612818 -0.783361 -1.053318 -0.756826 -0.397816 -0.865071 -0.296889 -0.684957 
-0.986549 0.515729 0.159110 0.378295 -0.476116 -1.442211 -1.518382 1.146449 0.494653 0.792322 0.391187 0.883994 1.657255 0.534850 1.226732 -1.349485 -0.851989 -0.460038 -1.166657 -0.581409 -0.694622 0.040715 -0.541097 0.118310 -0.780155 
1.711202 0.474863 0.325106 -0.622271 0.069143 0.639451 0.609975 1.308000 0.604593 1.362623 0.344192 2.300939 0.816157 1.099934 0.522486 2.181645 0.891020 -0.066676 -0.385390 -0.392594 -0.312551 -0.992516 -0.647492 -0.427495 -0.143567 
-1.268916 -0.092657 -0.644769 0.682522 1.113066 1.444309 1.938992 1.543770 0.753863 1.135125 0.926093 1.380591 1.324837 1.040235 0.672793 0.754350 0.066802 0.295704 -1.121525 -1.007716 -0.437871 -0.516201 0.166548 -0.554671 -1.013056 
0.274188 -0.819216 -0.937536 1.325613 -0.048039 0.418320 1.089662 0.925051 0.642709 1.823150 0.962424 1.280945 1.810344 1.265727 1.355271 0.695825 1.072378 1.009726 2.050968 -1.473012 0.426262 -0.021622 -0.505058 -0.244523 -0.656163 
0.715032 -0.832968 0.196449 -0.741075 -1.239197 1.391065 0.810764 1.064346 1.294744 1.165551 2.054905 2.714998 1.024863 1.167306 2.030119 0.303267 0.199004 1.512315 1.014456 1.011589 -1.023903 0.030110 -0.232055 -0.505150 -1.030679 
0.530234 0.567124 1.555530 -1.175964 2.339955 0.285058 1.808485 1.055207 0.696165 1.030371 0.343061 1.400565 1.138471 0.643887 0.500305 0.747777 1.291744 0.367473 1.363372 1.152589 0.849155 -0.272997 0.229099 0.247875 0.091337 
-1.101533 0.681462 0.205684 0.647855 1.765656 1.482848 1.087266 0.595027 0.659813 1.455629 0.812303 0.213940 0.820847 1.318584 0.956964 1.758719 1.383606 0.288804 0.906618 0.986799 1.718718 1.165321 -0.749455 -1.075641 0.110111 

4 4 4 4 4 4 4 2 2 2 1 1 1 1 1 1 1 1 1 1 1 1 3 3 3 
4 4 4 4 4 4 2 2 2 2 2 1 1 1 1 1 1 1 1 1 1 1 3 3 3 
4 4 4 4 4 4 2 2 2 2 1 1 1 1 1 1 1 1 1 3 3 1 3 3 3 
4 4 4 4 4 2 2 2 2 2 2 2 1 1 1 1 1 1 3 3 3 3 3 3 3 
4 4 4 4 2 2 2 2 2 2 1 1 1 1 1 1 1 1 1 3 3 3 3 3 3 
4 4 4 4 4 2 2 2 2 2 2 2 2 1 1 1 1 1 1 1 3 3 3 3 3 
4 4 4 4 2 2 2 2 2 2 2 2 1 1 1 1 1 1 1 1 1 3 3 3 3 
4 4 4 4 2 2 2 2 2 2 2 2 2 1 1 1 1 1 1 3 3 3 3 3 3 
4 4 4 2 2 2 2 2 2 2 2 2 2 1 1 1 1 1 1 1 3 3 3 3 3 
4 4 4 2 2 2 2 2 2 2 2 2 1 1 1 1 1 1 1 1 3 3 3 3 3 
4 4 4 2 2 2 2 2 2 2 2 2 1 1 1 1 1 1 1 3 3 3 3 3 3 
4 4 4 4 2 2 2 2 2 2 2 2 1 1 1 1 1 3 3 3 3 3 3 3 3 
4 4 4 2 2 2 2 2 2 2 2 2 2 2 1 1 1 3 3 3 3 3 3 3 3 
4 4 4 4 2 4 4 2 2 2 2 2 2 2 1 1 1 1 3 3 3 3 3 3 3 
4 4 4 2 2 2 4 4 2 2 2 2 2 2 1 1 1 1 1 3 3 3 3 3 3 
4 4 4 4 4 2 4 4 2 2 2 2 2 2 1 1 1 1 1 1 3 3 3 3 3 
4 4 4 4 4 4 4 4 0 2 0 0 0 2 1 1 1 1 1 3 3 3 3 3 3 
4 4 4 4 4 4 4 0 0 0 0 0 0 0 1 1 1 1 1 1 3 3 3 3 3 
4 4 4 4 4 4 4 0 0 0 0 0 0 0 0 1 1 1 1 3 3 3 3 3 3 
4 4 4 4 4 0 0 0 0 0 0 0 0 0 0 0 0 1 3 3 3 3 3 3 3 
4 4 4 4 4 0 0 0 0 0 0 0 0 0 0 0 0 0 3 3 3 3 3 3 3 
4 4 4 4 4 0 0 0 0 0 0 0 0 0 0 0 0 0 0 3 3 3 3 3 3 
4 4 4 4 4 0 0 0 0 0 0 0 0 0 0 0 0 0 0 0 3 3 3 3 3 
4 4 4 4 0 0 0 0 0 0 0 0 0 0 0 0 0 0 0 0 0 3 3 3 3 
4 4 4 4 0 0 0 0 0 0 0 0 0 0 0 0 0 0 0 0 0 0 3 3 3 

-2.0 -2.0 -2.0 -2.0 -2.0 -2.0 -2.0 2.0 2.0 2.0 0.0 0.0 0.0 0.0 0.0 0.0 0.0 0.0 0.0 0.0 0.0 0.0 -1.0 -1.0 -1.0 
-2.0 -2.0 -2.0 -2.0 -2.0 -2.0 2.0 2.0 2.0 2.0 2.0 0.0 0.0 0.0 0.0 0.0 0.0 0.0 0.0 0.0 0.0 0.0 -1.0 -1.0 -1.0 
-2.0 -2.0 -2.0 -2.0 -2.0 -2.0 2.0 2.0 2.0 2.0 0.0 0.0 0.0 0.0 0.0 0.0 0.0 0.0 0.0 -1.0 -1.0 0.0 -1.0 -1.0 -1.0 
-2.0 -2.0 -2.0 -2.0 -2.0 2.0 2.0 2.0 2.0 2.0 2.0 2.0 0.0 0.0 0.0 0.0 0.0 0.0 -1.0 -1.0 -1.0 -1.0 -1.0 -1.0 -1.0 
-2.0 -2.0 -2.0 -2.0 2.0 2.0 2.0 2.0 2.0 2.0 0.0 0.0 0.0 0.0 0.0 0.0 0.0 0.0 0.0 -1.0 -1.0 -1.0 -1.0 -1.0 -1.0 
-2.0 -2.0 -2.0 -2.0 -2.0 2.0 2.0 2.0 2.0 2.0 2.0 2.0 2.0 0.0 0.0 0.0 0.0 0.0 0.0 0.0 -1.0 -1.0 -1.0 -1.0 -1.0 
-2.0 -2.0 -2.0 -2.0 2.0 2.0 2.0 2.0 2.0 2.0 2.0 2.0 0.0 0.0 0.0 0.0 0.0 0.0 0.0 0.0 0.0 -1.0 -1.0 -1.0 -1.0 
-2.0 -2.0 -2.0 -2.0 2.0 2.0 2.0 2.0 2.0 2.0 2.0 2.0 2.0 0.0 0.0 0.0 0.0 0.0 0.0 -1.0 -1.0 -1.0 -1.0 -1.0 -1.0 
-2.0 -2.0 -2.0 2.0 2.0 2.0 2.0 2.0 2.0 2.0 2.0 2.0 2.0 0.0 0.0 0.0 0.0 0.0 0.0 0.0 -1.0 -1.0 -1.0 -1.0 -1.0 
-2.0 -2.0 -2.0 2.0 2.0 2.0 2.0 2.0 2.0 2.0 2.0 2.0 0.0 0.0 0.0 0.0 0.0 0.0 0.0 0.0 -1.0 -1.0 -1.0 -1.0 -1.0 
-2.0 -2.0 -2.0 2.0 2.0 2.0 2.0 2.0 2.0 2.0 2.0 2.0 0.0 0.0 0.0 0.0 0.0 0.0 0.0 -1.0 -1.0 -1.0 -1.0 -1.0 -1.0 
-2.0 -2.0 -2.0 -2.0 2.0 2.0 2.0 2.0 2.0 2.0 2.0 2.0 0.0 0.0 0.0 0.0 0.0 -1.0 -1.0 -1.0 -1.0 -1.0 -1.0 -1.0 -1.0 
-2.0 -2.0 -2.0 2.0 2.0 2.0 2.0 2.0 2.0 2.0 2.0 2.0 2.0 2.0 0.0 0.0 0.0 -1.0 -1.0 -1.0 -1.0 -1.0 -1.0 -1.0 -1.0 
-2.0 -2.0 -2.0 -2.0 2.0 -2.0 -2.0 2.0 2.0 2.0 2.0 2.0 2.0 2.0 0.0 0.0 0.0 0.0 -1.0 -1.0 -1.0 -1.0 -1.0 -1.0 -1.0 
-2.0 -2.0 -2.0 2.0 2.0 2.0 -2.0 -2.0 2.0 2.0 2.0 2.0 2.0 2.0 0.0 0.0 0.0 0.0 0.0 -1.0 -1.0 -1.0 -1.0 -1.0 -1.0 
-2.0 -2.0 -2.0 -2.0 -2.0 2.0 -2.0 -2.0 2.0 2.0 2.0 2.0 2.0 2.0 0.0 0.0 0.0 0.0 0.0 0.0 -1.0 -1.0 -1.0 -1.0 -1.0 
-2.0 -2.0 -2.0 -2.0 -2.0 -2.0 -2.0 -2.0 1.0 2.0 1.0 1.0 1.0 2.0 0.0 0.0 0.0 0.0 0.0 -1.0 -1.0 -1.0 -1.0 -1.0 -1.0 
-2.0 -2.0 -2.0 -2.0 -2.0 -2.0 -2.0 1.0 1.0 1.0 1.0 1.0 1.0 1.0 0.0 0.0 0.0 0.0 0.0 0.0 -1.0 -1.0 -1.0 -1.0 -1.0 
-2.0 -2.0 -2.0 -2.0 -2.0 -2.0 -2.0 1.0 1.0 1.0 1.0 1.0 1.0 1.0 1.0 0.0 0.0 0.0 0.0 -1.0 -1.0 -1.0 -1.0 -1.0 -1.0 
-2.0 -2.0 -2.0 -2.0 -2.0 1.0 1.0 1.0 1.0 1.0 1.0 1.0 1.0 1.0 1.0 1.0 1.0 0.0 -1.0 -1.0 -1.0 -1.0 -1.0 -1.0 -1.0 
-2.0 -2.0 -2.0 -2.0 -2.0 1.0 1.0 1.0 1.0 1.0 1.0 1.0 1.0 1.0 1.0 1.0 1.0 1.0 -1.0 -1.0 -1.0 -1.0 -1.0 -1.0 -1.0 
-2.0 -2.0 -2.0 -2.0 -2.0 1.0 1.0 1.0 1.0 1.0 1.0 1.0 1.0 1.0 1.0 1.0 1.0 1.0 1.0 -1.0 -1.0 -1.0 -1.0 -1.0 -1.0 
-2.0 -2.0 -2.0 -2.0 -2.0 1.0 1.0 1.0 1.0 1.0 1.0 1.0 1.0 1.0 1.0 1.0 1.0 1.0 1.0 1.0 -1.0 -1.0 -1.0 -1.0 -1.0 
-2.0 -2.0 -2.0 -2.0 1.0 1.0 1.0 1.0 1.0 1.0 1.0 1.0 1.0 1.0 1.0 1.0 1.0 1.0 1.0 1.0 1.0 -1.0 -1.0 -1.0 -1.0 
-2.0 -2.0 -2.0 -2.0 1.0 1.0 1.0 1.0 1.0 1.0 1.0 1.0 1.0 1.0 1.0 1.0 1.0 1.0 1.0 1.0 1.0 1.0 -1.0 -1.0 -1.0 

2.0 2.0 2.0 2.0 2.0 2.0 2.0 -1.0 -1.0 -1.0 -2.0 -2.0 -2.0 -2.0 -2.0 -2.0 -2.0 -2.0 -2.0 -2.0 -2.0 -2.0 0.0 0.0 0.0 
2.0 2.0 2.0 2.0 2.0 2.0 -1.0 -1.0 -1.0 -1.0 -1.0 -2.0 -2.0 -2.0 -2.0 -2.0 -2.0 -2.0 -2.0 -2.0 -2.0 -2.0 0.0 0.0 0.0 
2.0 2.0 2.0 2.0 2.0 2.0 -1.0 -1.0 -1.0 -1.0 -2.0 -2.0 -2.0 -2.0 -2.0 -2.0 -2.0 -2.0 -2.0 0.0 0.0 -2.0 0.0 0.0 0.0 
2.0 2.0 2.0 2.0 2.0 -1.0 -1.0 -1.0 -1.0 -1.0 -1.0 -1.0 -2.0 -2.0 -2.0 -2.0 -2.0 -2.0 0.0 0.0 0.0 0.0 0.0 0.0 0.0 
2.0 2.0 2.0 2.0 -1.0 -1.0 -1.0 -1.0 -1.0 -1.0 -2.0 -2.0 -2.0 -2.0 -2.0 -2.0 -2.0 -2.0 -2.0 0.0 0.0 0.0 0.0 0.0 0.0 
2.0 2.0 2.0 2.0 2.0 -1.0 -1.0 -1.0 -1.0 -1.0 -1.0 -1.0 -1.0 -2.0 -2.0 -2.0 -2.0 -2.0 -2.0 -2.0 0.0 0.0 0.0 0.0 0.0 
2.0 2.0 2.0 2.0 -1.0 -1.0 -1.0 -1.0 -1.0 -1.0 -1.0 -1.0 -2.0 -2.0 -2.0 -2.0 -2.0 -2.0 -2.0 -2.0 -2.0 0.0 0.0 0.0 0.0 
2.0 2.0 2.0 2.0 -1.0 -1.0 -1.0 -1.0 -1.0 -1.0 -1.0 -1.0 -1.0 -2.0 -2.0 -2.0 -2.0 -2.0 -2.0 0.0 0.0 0.0 0.0 0.0 0.0 
2.0 2.0 2.0 -1.0 -1.0 -1.0 -1.0 -1.0 -1.0 -1.0 -1.0 -1.0 -1.0 -2.0 -2.0 -2.0 -2.0 -2.0 -2.0 -2.0 0.0 0.0 0.0 0.0 0.0 
2.0 2.0 2.0 -1.0 -1.0 -1.0 -1.0 -1.0 -1.0 -1.0 -1.0 -1.0 -2.0 -2.0 -2.0 -2.0 -2.0 -2.0 -2.0 -2.0 0.0 0.0 0.0 0.0 0.0 
2.0 2.0 2.0 -1.0 -1.0 -1.0 -1.0 -1.0 -1.0 -1.0 -1.0 -1.0 -2.0 -2.0 -2.0 -2.0 -2.0 -2.0 -2.0 0.0 0.0 0.0 0.0 0.0 0.0 
2.0 2.0 2.0 2.0 -1.0 -1.0 -1.0 -1.0 -1.0 -1.0 -1.0 -1.0 -2.0 -2.0 -2.0 -2.0 -2.0 0.0 0.0 0.0 0.0 0.0 0.0 0.0 0.0 
2.0 2.0 2.0 -1.0 -1.0 -1.0 -1.0 -1.0 -1.0 -1.0 -1.0 -1.0 -1.0 -1.0 -2.0 -2.0 -2.0 0.0 0.0 0.0 0.0 0.0 0.0 0.0 0.0 
2.0 2.0 2.0 2.0 -1.0 2.0 2.0 -1.0 -1.0 -1.0 -1.0 -1.0 -1.0 -1.0 -2.0 -2.0 -2.0 -2.0 0.0 0.0 0.0 0.0 0.0 0.0 0.0 
2.0 2.0 2.0 -1.0 -1.0 -1.0 2.0 2.0 -1.0 -1.0 -1.0 -1.0 -1.0 -1.0 -2.0 -2.0 -2.0 -2.0 -2.0 0.0 0.0 0.0 0.0 0.0 0.0 
2.0 2.0 2.0 2.0 2.0 -1.0 2.0 2.0 -1.0 -1.0 -1.0 -1.0 -1.0 -1.0 -2.0 -2.0 -2.0 -2.0 -2.0 -2.0 0.0 0.0 0.0 0.0 0.0 
2.0 2.0 2.0 2.0 2.0 2.0 2.0 2.0 1.0 -1.0 1.0 1.0 1.0 -1.0 -2.0 -2.0 -2.0 -2.0 -2.0 0.0 0.0 0.0 0.0 0.0 0.0 
2.0 2.0 2.0 2.0 2.0 2.0 2.0 1.0 1.0 1.0 1.0 1.0 1.0 1.0 -2.0 -2.0 -2.0 -2.0 -2.0 -2.0 0.0 0.0 0.0 0.0 0.0 
2.0 2.0 2.0 2.0 2.0 2.0 2.0 1.0 1.0 1.0 1.0 1.0 1.0 1.0 1.0 -2.0 -2.0 -2.0 -2.0 0.0 0.0 0.0 0.0 0.0 0.0 
2.0 2.0 2.0 2.0 2.0 1.0 1.0 1.0 1.0 1.0 1.0 1.0 1.0 1.0 1.0 1.0 1.0 -2.0 0.0 0.0 0.0 0.0 0.0 0.0 0.0 
2.0 2.0 2.0 2.0 2.0 1.0 1.0 1.0 1.0 1.0 1.0 1.0 1.0 1.0 1.0 1.0 1.0 1.0 0.0 0.0 0.0 0.0 0.0 0.0 0.0 
2.0 2.0 2.0 2.0 2.0 1.0 1.0 1.0 1.0 1.0 1.0 1.0 1.0 1.0 1.0 1.0 1.0 1.0 1.0 0.0 0.0 0.0 0.0 0.0 0.0 
2.0 2.0 2.0 2.0 2.0 1.0 1.0 1.0 1.0 1.0 1.0 1.0 1.0 1.0 1.0 1.0 1.0 1.0 1.0 1.0 0.0 0.0 0.0 0.0 0.0 
2.0 2.0 2.0 2.0 1.0 1.0 1.0 1.0 1.0 1.0 1.0 1.0 1.0 1.0 1.0 1.0 1.0 1.0 1.0 1.0 1.0 0.0 0.0 0.0 0.0 
2.0 2.0 2.0 2.0 1.0 1.0 1.0 1.0 1.0 1.0 1.0 1.0 1.0 1.0 1.0 1.0 1.0 1.0 1.0 1.0 1.0 1.0 0.0 0.0 0.0 

