0.051332 0.129802 0.682967 0.703263 0.171492 0.790604 0.072729 0.749664 0.942427 0.281509 0.983032 0.883385 0.345174 0.195310 0.007382 0.436243 0.344081 0.515453 0.427824 0.805312 0.847400 0.796036 0.025914 0.406109 0.078148 
0.444809 0.702108 0.972177 0.080360 0.148077 0.414296 0.534717 0.249187 0.861912 0.352547 0.196116 0.282934 0.050617 0.526312 0.701636 0.807882 0.878227 0.804334 0.857306 0.093987 0.936798 0.241025 0.248662 0.509373 0.562678 
0.905159 0.757152 0.526696 0.533080 0.818582 0.771273 0.152577 0.425870 0.294713 0.629664 0.191864 0.729679 0.544614 0.972809 0.010196 0.611026 0.690640 0.497405 0.310213 0.679138 0.348199 0.296797 0.747161 0.957283 0.845706 
0.240554 0.367958 0.798717 0.793758 0.330062 0.770153 0.798998 0.022316 0.238391 0.203750 0.102057 0.718982 0.619016 0.659519 0.106612 0.737665 0.443844 0.517789 0.044390 0.019146 0.775404 0.946040 0.916965 0.541815 0.522051 
0.012721 0.151058 0.345038 0.257465 0.088764 0.609481 0.415781 0.141686 0.624936 0.332191 0.500615 0.172071 0.339945 0.287766 0.465848 0.968256 0.521031 0.172270 0.683227 0.349299 0.086749 0.872168 0.283950 0.430635 0.410025 
0.927354 0.284245 0.755060 0.284195 0.381868 0.471287 0.921527 0.210325 0.405567 0.140669 0.618853 0.286334 0.249907 0.834136 0.660046 0.054432 0.811885 0.580619 0.642052 0.273765 0.709553 0.402090 0.573575 0.898516 0.624533 
0.922780 0.592436 0.659166 0.424184 0.972365 0.662425 0.983528 0.772556 0.653171 0.123977 0.155482 0.048055 0.780870 0.079844 0.432817 0.760827 0.900673 0.401654 0.302229 0.103540 0.085066 0.208538 0.363662 0.240569 0.111875 
0.417625 0.961508 0.433551 0.815365 0.364893 0.652575 0.702638 0.412961 0.553787 0.617015 0.324151 0.901494 0.849319 0.857234 0.133576 0.066482 0.288222 0.454812 0.994711 0.980989 0.676346 0.299624 0.762445 0.719846 0.250898 
0.081504 0.516389 0.113116 0.492312 0.437899 0.306088 0.852591 0.172331 0.066748 0.199718 0.639216 0.688196 0.160638 0.587506 0.737732 0.685355 0.964596 0.315028 0.542205 0.746520 0.663133 0.764849 0.453820 0.436078 0.300023 
0.246274 0.542872 0.668434 0.205536 0.719673 0.342851 0.264319 0.452885 0.146156 0.883637 0.288943 0.560863 0.463745 0.873558 0.845267 0.337955 0.795292 0.775182 0.247678 0.571164 0.979436 0.553247 0.173688 0.194706 0.122467 
0.542024 0.797760 0.876850 0.346600 0.675025 0.191398 0.674273 0.770525 0.534851 0.491683 0.123120 0.545856 0.885231 0.776889 0.464024 0.994679 0.742283 0.935958 0.864088 0.095862 0.697100 0.889572 0.228289 0.607983 0.852229 
0.153433 0.036566 0.077973 0.799725 0.225473 0.854849 0.031436 0.197687 0.833744 0.132953 0.998076 0.100716 0.391877 0.478286 0.026402 0.352639 0.581474 0.929422 0.235046 0.049225 0.581780 0.313038 0.368730 0.927016 0.495544 
0.412113 0.347532 0.443684 0.497500 0.032233 0.035635 0.544116 0.338378 0.799000 0.513785 0.151994 0.893875 0.794247 0.467844 0.263879 0.649189 0.593288 0.067997 0.572925 0.029976 0.040213 0.014641 0.774274 0.831492 0.496307 
0.676722 0.579803 0.606906 0.304712 0.793129 0.507607 0.910097 0.504492 0.949859 0.493364 0.409333 0.166022 0.177294 0.622017 0.370358 0.194232 0.837181 0.892418 0.689480 0.561585 0.363337 0.727323 0.851350 0.723327 0.876319 
0.748379 0.343737 0.150064 0.180080 0.644178 0.996386 0.282772 0.107203 0.041400 0.453923 0.580109 0.773982 0.473849 0.076120 0.701634 0.363042 0.243074 0.826283 0.620590 0.400439 0.225067 0.902564 0.900245 0.879966 0.004912 
0.321803 0.261283 0.258789 0.981002 0.525632 0.555759 0.786257 0.996446 0.464912 0.118250 0.724668 0.535758 0.104421 0.839114 0.358320 0.507359 0.001208 0.355109 0.407100 0.028233 0.607818 0.896190 0.590981 0.159523 0.939197 
0.063231 0.427043 0.284235 0.052974 0.744596 0.636517 0.245687 0.535499 0.129896 0.736177 0.928605 0.556225 0.269370 0.575906 0.768441 0.044460 0.694123 0.892371 0.397525 0.549424 0.308268 0.458635 0.844328 0.967411 0.668792 
0.315938 0.476827 0.628705 0.273464 0.809460 0.853038 0.584051 0.753545 0.236086 0.447591 0.691144 0.776005 0.165832 0.963736 0.281168 0.111696 0.815924 0.310586 0.680737 0.442130 0.960706 0.663308 0.966276 0.445831 0.030131 
0.731132 0.960235 0.259357 0.131548 0.734000 0.188795 0.188531 0.975325 0.241057 0.888307 0.795339 0.786914 0.166110 0.363419 0.858098 0.130348 0.496431 0.628849 0.581954 0.791576 0.589454 0.879500 0.739531 0.499424 0.935793 
0.913065 0.343169 0.857297 0.754960 0.951002 0.330230 0.298129 0.495804 0.781626 0.456221 0.275100 0.193357 0.505806 0.440887 0.459457 0.568535 0.644202 0.557136 0.534175 0.092166 0.358195 0.491975 0.147426 0.290173 0.809385 
0.439824 0.060727 0.100644 0.162238 0.362216 0.763133 0.661101 0.893497 0.038051 0.051113 0.935166 0.096078 0.655003 0.521707 0.723451 0.497482 0.659111 0.047883 0.470934 0.232103 0.601774 0.079480 0.225320 0.647119 0.548609 
0.067639 0.856444 0.397673 0.971783 0.036273 0.783318 0.224911 0.373052 0.547946 0.228698 0.676319 0.631301 0.336769 0.402331 0.293634 0.491666 0.806222 0.554709 0.640731 0.584836 0.758726 0.586483 0.383913 0.071661 0.470130 
0.509484 0.454055 0.727195 0.016176 0.539868 0.161230 0.170441 0.556902 0.775310 0.689459 0.981429 0.776404 0.919531 0.145039 0.909785 0.890638 0.802037 0.969405 0.687481 0.521429 0.995051 0.892474 0.711043 0.044583 0.704719 
0.570346 0.884431 0.594823 0.059554 0.665457 0.136853 0.587824 0.885407 0.984437 0.657596 0.782501 0.217900 0.502769 0.721639 0.357743 0.529131 0.321824 0.624674 0.527924 0.400547 0.584406 0.877065 0.555918 0.851579 0.635064 
0.390935 0.075174 0.535793 0.441100 0.607156 0.753606 0.425191 0.713765 0.179244 0.314157 0.166043 0.310272 0.937703 0.952577 0.002644 0.096151 0.461589 0.289938 0.490188 0.506474 0.554055 0.146640 0.305863 0.706160 0.786340 

0.695197 0.133970 0.988942 0.899915 0.177573 0.765155 0.902271 0.382741 0.538305 0.440122 0.759992 0.471531 0.203906 0.587730 0.996287 0.259720 0.009631 0.701301 0.209132 0.907260 0.520908 0.150409 0.827586 0.413850 0.208698 
0.126387 0.542608 0.433814 0.079818 0.584816 0.263817 0.860538 0.450552 0.311049 0.609070 0.808666 0.580751 0.291332 0.157508 0.655632 0.794875 0.092020 0.024440 0.288337 0.567779 0.687897 0.345861 0.071666 0.145020 0.846521 
0.920741 0.687965 0.519682 0.116563 0.655492 0.632544 0.139268 0.604465 0.671050 0.186280 0.101650 0.891425 0.601097 0.667844 0.789316 0.064856 0.074695 0.244710 0.003716 0.365710 0.729949 0.993929 0.223033 0.844879 0.442068 
0.636865 0.241193 0.224810 0.103591 0.589571 0.042301 0.966603 0.444884 0.515087 0.736846 0.797967 0.971203 0.665823 0.947812 0.493293 0.024882 0.296649 0.839989 0.689576 0.395008 0.373863 0.857839 0.274555 0.853076 0.658256 
0.689036 0.105534 0.973256 0.689458 0.298894 0.583831 0.388352 0.849357 0.782882 0.640199 0.122208 0.225263 0.269411 0.724575 0.042775 0.950437 0.556935 0.724971 0.860931 0.178167 0.232551 0.362304 0.394096 0.507674 0.946758 
0.766936 0.069626 0.489515 0.183304 0.020155 0.200054 0.254235 0.110332 0.809108 0.436535 0.275623 0.884272 0.238545 0.962666 0.431309 0.851658 0.289904 0.530722 0.473993 0.343417 0.295208 0.615514 0.490970 0.664242 0.189404 
0.419561 0.706360 0.486764 0.086901 0.324312 0.953069 0.731096 0.872014 0.310085 0.124183 0.975949 0.691505 0.005971 0.755834 0.879789 0.730678 0.556850 0.060918 0.542952 0.870160 0.632358 0.587622 0.181238 0.778627 0.759655 
0.793202 0.347961 0.874832 0.261988 0.397092 0.911072 0.694321 0.550985 0.050445 0.491783 0.961414 0.908176 0.777409 0.439398 0.861602 0.884874 0.985284 0.918770 0.931203 0.811773 0.635959 0.609318 0.531334 0.309118 0.704101 
0.689701 0.858805 0.893482 0.472517 0.930790 0.566842 0.811243 0.032961 0.609443 0.766616 0.840556 0.576278 0.235977 0.426543 0.651293 0.642689 0.944918 0.091666 0.720198 0.302796 0.370262 0.291409 0.316916 0.055627 0.796368 
0.239071 0.361512 0.552431 0.917527 0.744428 0.933050 0.188261 0.688041 0.203652 0.344743 0.154762 0.125858 0.044724 0.036438 0.122978 0.918776 0.325276 0.206538 0.176410 0.978363 0.336780 0.363920 0.650445 0.278887 0.625583 
0.169178 0.720077 0.462759 0.033789 0.937858 0.520199 0.862449 0.554743 0.732049 0.963745 0.877579 0.572082 0.260389 0.326911 0.693671 0.273762 0.551957 0.632229 0.150757 0.041120 0.824855 0.154610 0.757388 0.160803 0.397651 
0.941309 0.350023 0.864072 0.580342 0.842133 0.598435 0.374900 0.828947 0.663554 0.950103 0.329099 0.008779 0.862996 0.121635 0.270976 0.816104 0.544793 0.261728 0.250177 0.487237 0.242454 0.795686 0.565156 0.428003 0.706086 
0.700371 0.528061 0.382769 0.964230 0.622148 0.452041 0.209733 0.318657 0.383257 0.947260 0.700863 0.141997 0.227948 0.018757 0.370505 0.946731 0.347705 0.219386 0.853688 0.961537 0.535598 0.018644 0.966727 0.770721 0.699649 
0.862679 0.126713 0.063007 0.207705 0.322530 0.145142 0.587821 0.254064 0.441798 0.598738 0.941598 0.666487 0.236313 0.769123 0.580648 0.514113 0.761798 0.121041 0.058280 0.801534 0.833851 0.614928 0.046907 0.608685 0.624511 
0.325723 0.082827 0.666331 0.100019 0.929168 0.967642 0.132410 0.513710 0.524338 0.224138 0.865151 0.599444 0.117955 0.919444 0.017144 0.617379 0.340073 0.205706 0.480420 0.463120 0.814395 0.741068 0.537653 0.066314 0.939860 
0.664775 0.050095 0.150787 0.748301 0.169552 0.084330 0.351350 0.695590 0.467902 0.081090 0.036067 0.236657 0.851133 0.121083 0.438550 0.213264 0.622035 0.122915 0.677622 0.252495 0.961114 0.032419 0.621179 0.932306 0.578678 
0.745206 0.096413 0.944588 0.659779 0.097238 0.064435 0.580516 0.890019 0.104061 0.636299 0.021348 0.654348 0.571731 0.730168 0.552635 0.230490 0.963127 0.238610 0.056341 0.415598 0.398292 0.242686 0.751717 0.201880 0.447108 
0.087219 0.646258 0.401974 0.765742 0.804731 0.455196 0.168389 0.651421 0.620658 0.646015 0.509419 0.157601 0.029104 0.034648 0.760487 0.723159 0.517695 0.460972 0.715377 0.324064 0.074012 0.655894 0.852156 0.065990 0.363939 
0.033147 0.216883 0.569296 0.200996 0.250674 0.679317 0.773218 0.563218 0.498623 0.453388 0.391188 0.114098 0.063280 0.192160 0.411093 0.298550 0.196079 0.012175 0.172780 0.580204 0.944946 0.953479 0.986476 0.767106 0.259444 
0.050261 0.083792 0.126507 0.078544 0.987112 0.909603 0.325855 0.499222 0.449791 0.491333 0.977562 0.163236 0.988987 0.344478 0.737552 0.686636 0.450219 0.890606 0.644620 0.780153 0.607895 0.516155 0.905419 0.178792 0.255176 
0.922489 0.792645 0.196494 0.662140 0.566297 0.304651 0.804261 0.143910 0.999906 0.642891 0.609805 0.365096 0.370957 0.924696 0.523763 0.413484 0.445775 0.619135 0.135423 0.163706 0.324954 0.105547 0.477750 0.972728 0.660309 
0.301647 0.948568 0.533583 0.554786 0.120354 0.905873 0.969369 0.483486 0.261255 0.403183 0.756733 0.685302 0.699929 0.144914 0.716697 0.012358 0.397032 0.508306 0.518740 0.242331 0.140572 0.444959 0.145873 0.336261 0.506980 
0.749849 0.371098 0.662299 0.736163 0.559777 0.862054 0.528970 0.764747 0.276917 0.288859 0.137537 0.966995 0.296058 0.360325 0.934289 0.741334 0.187875 0.597621 0.582853 0.664402 0.006095 0.038972 0.308027 0.738770 0.679541 
0.368941 0.662441 0.254974 0.307065 0.368567 0.320707 0.254068 0.512840 0.188466 0.275459 0.090335 0.897941 0.830601 0.547817 0.531168 0.535850 0.750725 0.082767 0.032281 0.009844 0.144239 0.138042 0.182427 0.939703 0.365188 
0.178337 0.881270 0.396404 0.431706 0.168162 0.740919 0.962921 0.255333 0.118484 0.927735 0.722445 0.367467 0.329766 0.712435 0.432501 0.382100 0.349128 0.475546 0.720845 0.234197 0.626319 0.890619 0.269853 0.578932 0.675874 

0.763261 0.103336 1.653373 1.728479 0.373772 1.509406 0.841558 -1.590440 0.972578 0.963567 1.561541 0.917503 0.159535 1.092227 2.011116 0.415199 0.168251 1.402167 0.431704 1.903569 1.080733 0.414199 1.495943 0.847053 0.580744 
0.495498 1.280179 1.312211 0.158098 0.890723 0.706855 1.411463 -1.094532 -1.514253 1.308135 1.800076 1.234425 0.494388 0.483215 1.201589 1.679975 0.175470 0.063211 0.458326 1.175757 1.287435 0.767068 0.156981 0.278032 1.629604 
1.614370 1.423222 1.039221 0.795316 1.546624 1.391448 -0.279196 -1.641567 -1.748826 -1.029279 0.185568 1.614747 1.255343 1.429041 1.601022 0.092612 0.113053 0.448688 -0.013045 0.666856 1.436385 2.025633 0.537208 1.765728 1.008402 
1.070406 0.549089 1.165182 1.048257 0.768411 0.951593 -2.706005 -0.922028 -1.298970 -1.641853 -1.752234 1.811390 1.240886 1.876824 1.000351 0.035802 0.804044 1.808335 1.497293 0.666124 0.576685 1.495155 0.757985 1.614289 1.339738 
0.734733 0.300395 1.252733 0.912583 0.395502 1.121834 -1.056355 -1.667667 -2.229497 -1.436702 -0.906618 -0.613857 0.514829 1.363852 0.200282 1.967903 1.236690 1.435038 1.562848 0.193038 0.553261 0.605539 0.885263 0.986388 1.993371 
1.738033 0.435514 1.408187 0.332563 0.265998 0.926485 -1.377107 -0.259371 -2.023705 -0.963798 -0.992870 -2.049755 -0.465023 1.786412 0.852336 1.811193 0.561981 1.096816 0.926765 0.827832 0.689904 1.035862 1.061760 1.498228 0.308081 
1.379651 1.354833 1.095636 0.571979 1.289411 1.656757 -2.564192 -2.518527 -1.168372 -0.455873 -2.041146 -1.390410 -0.799044 -1.666100 1.877091 1.627936 1.128650 0.058267 0.835323 1.698037 1.226366 1.326993 0.295108 1.575289 1.607153 
1.107320 1.366934 1.466321 0.987907 0.766122 1.667568 -2.182809 -1.486188 -0.672583 -1.601512 -2.277824 -2.830128 -2.384976 -1.734009 -1.891404 1.672145 2.046436 1.776423 1.885218 1.752415 1.492797 1.127122 0.983375 0.698162 1.417472 
0.643611 1.425514 1.136712 1.068683 1.437001 1.127293 -2.373704 -0.318508 -1.201832 -1.661063 -2.194362 -1.763374 -0.616338 -1.609816 -1.903524 -1.993638 1.790865 0.434593 1.365851 0.603847 0.662885 0.598245 0.565197 0.038768 1.557881 
0.479360 0.629238 1.495632 1.165337 1.502470 1.220100 -0.653581 -1.743108 -0.483894 -1.522347 -0.518161 -0.709795 -0.397120 -0.914595 -1.075098 -2.112370 -1.546417 0.248509 0.363366 1.918017 0.825312 0.650281 1.195402 0.404842 -0.068174 
0.725281 1.443848 1.460831 0.373304 1.615026 0.712798 -2.513217 -1.651375 -1.966214 -2.424428 -1.949169 -1.567103 -1.420971 -1.370675 -1.798555 -1.622303 -1.750185 -1.987347 -1.619904 -0.316866 -1.267203 -1.743117 -0.470694 -1.233101 -1.663121 
1.079881 0.163970 0.838818 1.480767 1.092069 1.498924 -0.902891 -1.939760 -2.212557 -1.965662 -1.660889 -0.275532 -2.179325 -0.756630 -0.605654 -1.846434 -1.677691 -1.761567 -0.514875 -0.270687 -1.225641 -0.797791 -0.598343 -2.040991 -0.984673 
1.013943 0.748687 0.951458 1.541915 0.697349 -0.880608 -1.023946 -1.011675 -1.621713 -2.532614 -1.544578 -1.257786 -1.218059 -0.591105 -0.985854 -2.591890 -1.312925 -0.138134 -1.273031 -0.058088 -0.387297 -0.052835 -1.580247 -1.551738 -0.854912 
1.403181 0.600976 0.601840 0.520039 0.991920 -0.762984 -2.198488 -1.130820 -1.836723 -1.709358 -2.132471 -1.521221 -0.650739 -2.205515 -1.581761 -1.118273 -1.789390 -1.809166 -1.382327 -1.109644 -0.790610 -1.868616 -1.599712 -1.540104 -1.571356 
1.064249 0.513669 0.728492 0.312510 1.530230 -2.734328 -0.597679 -1.008690 -1.031835 -0.939860 -2.354238 -1.989139 -0.733218 -1.911782 -0.734203 -1.550013 -0.459107 -1.807956 -1.261110 -0.872722 -0.419948 -1.898169 -1.815061 -1.829047 -0.097761 
0.940060 0.149601 0.455578 1.784692 0.384830 -0.715506 -1.524635 -2.221775 -1.369985 -0.375662 -0.687874 -0.935683 -1.825706 -1.165788 -1.277460 -0.707459 0.085128 -0.409545 -0.938170 -0.019103 -1.161086 -1.643534 -1.531265 -0.219728 -1.735692 
0.936829 0.379145 1.133687 0.641445 0.818864 -0.823735 -1.364055 -2.267987 -0.271788 -2.131372 -0.833099 -1.981233 -1.370707 -2.210891 1.116987 -0.200483 -1.285416 -1.933180 -0.764999 -0.965654 -0.588438 -0.906653 -1.745681 -1.928716 -1.262975 
0.361550 1.187223 0.970501 0.971164 1.609792 -1.764257 -0.811967 -2.153363 -1.425427 -1.780072 -1.621572 1.410824 0.172752 1.827611 -0.172650 -0.658719 1.041239 -0.510464 -1.295839 -0.673276 -2.196265 -1.321508 -1.950197 -0.869374 0.192723 
0.784845 1.193157 0.852097 0.539014 0.954091 -1.600482 -1.728177 -1.993537 -1.308738 1.224044 1.179398 1.571328 0.174105 0.626197 1.393076 -0.023126 0.791439 1.192557 -1.093702 -1.531003 -1.155891 -1.738228 -1.479369 -0.965236 -1.740849 
0.875565 0.324407 1.121498 0.695685 1.969845 -2.143122 -0.961697 0.450059 1.198869 0.467576 -0.367337 0.210254 0.002483 0.536930 0.323019 0.470829 0.868674 0.353118 -1.075097 -0.103641 -0.772334 -1.264580 -0.224448 -0.581041 -1.739123 
1.319333 0.887339 0.495380 0.730103 0.947097 1.426793 0.483716 1.738730 -0.921373 -0.475806 1.249247 -0.140340 0.847683 0.125884 0.911444 0.559635 0.920808 -0.521855 0.898096 -0.614279 -1.080974 0.006762 -0.335637 -1.383974 -1.134224 
0.437541 1.885497 0.949200 1.499401 -0.035573 0.595544 -0.541747 0.260012 0.817715 0.210225 0.648278 0.731668 -0.144011 0.807021 -0.175276 0.915155 1.261019 0.710765 0.586370 1.190613 -1.606944 -1.156329 -0.552585 -0.164886 -0.816345 
1.273344 0.692513 1.482888 -0.668358 0.490665 -0.516761 -0.297598 0.565907 1.330459 0.891509 1.896635 0.495351 1.386709 0.111906 0.868761 0.864528 1.465730 1.559425 0.702098 0.318563 -2.055985 -1.832039 -1.304945 0.010680 -1.439627 
0.924386 1.627071 0.948369 -0.223630 0.950178 -0.087411 0.972681 1.057656 1.714317 0.909545 1.372967 -0.502478 0.389997 0.851671 0.281010 0.485110 -0.388032 1.066784 0.996843 0.790682 0.953166 -1.838652 -1.162056 -1.671504 -1.428353 
0.640997 0.773735 0.633291 0.548898 0.972133 0.795255 -0.272252 1.128175 0.107572 -0.123264 -0.297709 0.287659 1.436243 1.196431 -0.441026 -0.074432 0.505512 0.022534 0.360127 0.979484 0.718874 -0.438812 -0.588887 -1.545350 -1.426328 

0 0 0 0 0 0 0 1 4 4 4 4 4 4 4 4 4 4 4 4 4 4 4 4 4 
0 0 0 0 0 0 0 1 1 4 4 4 4 4 4 4 4 4 4 4 4 4 4 4 4 
0 0 0 0 0 0 1 1 1 1 4 4 4 4 4 4 4 4 4 4 4 4 4 4 4 
0 0 0 0 0 0 1 1 1 1 1 4 4 4 4 4 4 4 4 4 4 4 4 4 4 
0 0 0 0 0 0 1 1 1 1 1 1 4 4 4 4 4 4 4 4 4 4 4 4 4 
0 0 0 0 0 0 1 1 1 1 1 1 1 4 4 4 4 4 4 4 4 4 4 4 4 
0 0 0 0 0 0 1 1 1 1 1 1 1 1 4 4 4 4 4 4 4 4 4 4 4 
0 0 0 0 0 0 1 1 1 1 1 1 1 1 1 4 4 4 4 4 4 4 4 4 4 
0 0 0 0 0 0 1 1 1 1 1 1 1 1 1 1 4 4 4 4 4 4 4 4 4 
0 0 0 0 0 0 1 1 1 1 1 1 1 1 1 1 1 4 4 4 4 4 4 4 2 
0 0 0 0 0 0 1 1 1 1 1 1 1 1 1 1 1 2 2 2 2 2 2 2 2 
0 0 0 0 0 0 1 1 1 1 1 1 1 1 1 1 1 2 2 2 2 2 2 2 2 
0 0 0 0 0 1 1 1 1 1 1 1 1 1 1 1 1 2 2 2 2 2 2 2 2 
0 0 0 0 0 1 1 1 1 1 1 1 1 1 1 1 2 2 2 2 2 2 2 2 2 
0 0 0 0 0 1 1 1 1 1 1 1 1 1 1 1 2 2 2 2 2 2 2 2 2 
0 0 0 0 0 1 1 1 1 1 1 1 1 1 1 1 2 2 2 2 2 2 2 2 2 
0 0 0 0 0 1 1 1 1 1 1 1 1 1 3 3 2 2 2 2 2 2 2 2 2 
0 0 0 0 0 1 1 1 1 1 1 3 3 3 3 3 3 2 2 2 2 2 2 2 2 
0 0 0 0 0 1 1 1 1 3 3 3 3 3 3 3 3 3 2 2 2 2 2 2 2 
0 0 0 0 0 1 1 3 3 3 3 3 3 3 3 3 3 3 2 2 2 2 2 2 2 
0 0 0 0 0 3 3 3 3 3 3 3 3 3 3 3 3 3 3 2 2 2 2 2 2 
0 0 0 0 3 3 3 3 3 3 3 3 3 3 3 3 3 3 3 3 2 2 2 2 2 
0 0 0 3 3 3 3 3 3 3 3 3 3 3 3 3 3 3 3 3 2 2 2 2 2 
0 0 0 3 3 3 3 3 3 3 3 3 3 3 3 3 3 3 3 3 3 2 2 2 2 
0 0 3 3 3 3 3 3 3 3 3 3 3 3 3 3 3 3 3 3 3 3 2 2 2 

1.0 1.0 1.0 1.0 1.0 1.0 1.0 -1.0 0.0 0.0 0.0 0.0 0.0 0.0 0.0 0.0 0.0 0.0 0.0 0.0 0.0 0.0 0.0 0.0 0.0 
1.0 1.0 1.0 1.0 1.0 1.0 1.0 -1.0 -1.0 0.0 0.0 0.0 0.0 0.0 0.0 0.0 0.0 0.0 0.0 0.0 0.0 0.0 0.0 0.0 0.0 
1.0 1.0 1.0 1.0 1.0 1.0 -1.0 -1.0 -1.0 -1.0 0.0 0.0 0.0 0.0 0.0 0.0 0.0 0.0 0.0 0.0 0.0 0.0 0.0 0.0 0.0 
1.0 1.0 1.0 1.0 1.0 1.0 -1.0 -1.0 -1.0 -1.0 -1.0 0.0 0.0 0.0 0.0 0.0 0.0 0.0 0.0 0.0 0.0 0.0 0.0 0.0 0.0 
1.0 1.0 1.0 1.0 1.0 1.0 -1.0 -1.0 -1.0 -1.0 -1.0 -1.0 0.0 0.0 0.0 0.0 0.0 0.0 0.0 0.0 0.0 0.0 0.0 0.0 0.0 
1.0 1.0 1.0 1.0 1.0 1.0 -1.0 -1.0 -1.0 -1.0 -1.0 -1.0 -1.0 0.0 0.0 0.0 0.0 0.0 0.0 0.0 0.0 0.0 0.0 0.0 0.0 
1.0 1.0 1.0 1.0 1.0 1.0 -1.0 -1.0 -1.0 -1.0 -1.0 -1.0 -1.0 -1.0 0.0 0.0 0.0 0.0 0.0 0.0 0.0 0.0 0.0 0.0 0.0 
1.0 1.0 1.0 1.0 1.0 1.0 -1.0 -1.0 -1.0 -1.0 -1.0 -1.0 -1.0 -1.0 -1.0 0.0 0.0 0.0 0.0 0.0 0.0 0.0 0.0 0.0 0.0 
1.0 1.0 1.0 1.0 1.0 1.0 -1.0 -1.0 -1.0 -1.0 -1.0 -1.0 -1.0 -1.0 -1.0 -1.0 0.0 0.0 0.0 0.0 0.0 0.0 0.0 0.0 0.0 
1.0 1.0 1.0 1.0 1.0 1.0 -1.0 -1.0 -1.0 -1.0 -1.0 -1.0 -1.0 -1.0 -1.0 -1.0 -1.0 0.0 0.0 0.0 0.0 0.0 0.0 0.0 -2.0 
1.0 1.0 1.0 1.0 1.0 1.0 -1.0 -1.0 -1.0 -1.0 -1.0 -1.0 -1.0 -1.0 -1.0 -1.0 -1.0 -2.0 -2.0 -2.0 -2.0 -2.0 -2.0 -2.0 -2.0 
1.0 1.0 1.0 1.0 1.0 1.0 -1.0 -1.0 -1.0 -1.0 -1.0 -1.0 -1.0 -1.0 -1.0 -1.0 -1.0 -2.0 -2.0 -2.0 -2.0 -2.0 -2.0 -2.0 -2.0 
1.0 1.0 1.0 1.0 1.0 -1.0 -1.0 -1.0 -1.0 -1.0 -1.0 -1.0 -1.0 -1.0 -1.0 -1.0 -1.0 -2.0 -2.0 -2.0 -2.0 -2.0 -2.0 -2.0 -2.0 
1.0 1.0 1.0 1.0 1.0 -1.0 -1.0 -1.0 -1.0 -1.0 -1.0 -1.0 -1.0 -1.0 -1.0 -1.0 -2.0 -2.0 -2.0 -2.0 -2.0 -2.0 -2.0 -2.0 -2.0 
1.0 1.0 1.0 1.0 1.0 -1.0 -1.0 -1.0 -1.0 -1.0 -1.0 -1.0 -1.0 -1.0 -1.0 -1.0 -2.0 -2.0 -2.0 -2.0 -2.0 -2.0 -2.0 -2.0 -2.0 
1.0 1.0 1.0 1.0 1.0 -1.0 -1.0 -1.0 -1.0 -1.0 -1.0 -1.0 -1.0 -1.0 -1.0 -1.0 -2.0 -2.0 -2.0 -2.0 -2.0 -2.0 -2.0 -2.0 -2.0 
1.0 1.0 1.0 1.0 1.0 -1.0 -1.0 -1.0 -1.0 -1.0 -1.0 -1.0 -1.0 -1.0 2.0 2.0 -2.0 -2.0 -2.0 -2.0 -2.0 -2.0 -2.0 -2.0 -2.0 
1.0 1.0 1.0 1.0 1.0 -1.0 -1.0 -1.0 -1.0 -1.0 -1.0 2.0 2.0 2.0 2.0 2.0 2.0 -2.0 -2.0 -2.0 -2.0 -2.0 -2.0 -2.0 -2.0 
1.0 1.0 1.0 1.0 1.0 -1.0 -1.0 -1.0 -1.0 2.0 2.0 2.0 2.0 2.0 2.0 2.0 2.0 2.0 -2.0 -2.0 -2.0 -2.0 -2.0 -2.0 -2.0 
1.0 1.0 1.0 1.0 1.0 -1.0 -1.0 2.0 2.0 2.0 2.0 2.0 2.0 2.0 2.0 2.0 2.0 2.0 -2.0 -2.0 -2.0 -2.0 -2.0 -2.0 -2.0 
1.0 1.0 1.0 1.0 1.0 2.0 2.0 2.0 2.0 2.0 2.0 2.0 2.0 2.0 2.0 2.0 2.0 2.0 2.0 -2.0 -2.0 -2.0 -2.0 -2.0 -2.0 
1.0 1.0 1.0 1.0 2.0 2.0 2.0 2.0 2.0 2.0 2.0 2.0 2.0 2.0 2.0 2.0 2.0 2.0 2.0 2.0 -2.0 -2.0 -2.0 -2.0 -2.0 
1.0 1.0 1.0 2.0 2.0 2.0 2.0 2.0 2.0 2.0 2.0 2.0 2.0 2.0 2.0 2.0 2.0 2.0 2.0 2.0 -2.0 -2.0 -2.0 -2.0 -2.0 
1.0 1.0 1.0 2.0 2.0 2.0 2.0 2.0 2.0 2.0 2.0 2.0 2.0 2.0 2.0 2.0 2.0 2.0 2.0 2.0 2.0 -2.0 -2.0 -2.0 -2.0 
1.0 1.0 2.0 2.0 2.0 2.0 2.0 2.0 2.0 2.0 2.0 2.0 2.0 2.0 2.0 2.0 2.0 2.0 2.0 2.0 2.0 2.0 -2.0 -2.0 -2.0 

1.0 1.0 1.0 1.0 1.0 1.0 1.0 -2.0 2.0 2.0 2.0 2.0 2.0 2.0 2.0 2.0 2.0 2.0 2.0 2.0 2.0 2.0 2.0 2.0 2.0 
1.0 1.0 1.0 1.0 1.0 1.0 1.0 -2.0 -2.0 2.0 2.0 2.0 2.0 2.0 2.0 2.0 2.0 2.0 2.0 2.0 2.0 2.0 2.0 2.0 2.0 
1.0 1.0 1.0 1.0 1.0 1.0 -2.0 -2.0 -2.0 -2.0 2.0 2.0 2.0 2.0 2.0 2.0 2.0 2.0 2.0 2.0 2.0 2.0 2.0 2.0 2.0 
1.0 1.0 1.0 1.0 1.0 1.0 -2.0 -2.0 -2.0 -2.0 -2.0 2.0 2.0 2.0 2.0 2.0 2.0 2.0 2.0 2.0 2.0 2.0 2.0 2.0 2.0 
1.0 1.0 1.0 1.0 1.0 1.0 -2.0 -2.0 -2.0 -2.0 -2.0 -2.0 2.0 2.0 2.0 2.0 2.0 2.0 2.0 2.0 2.0 2.0 2.0 2.0 2.0 
1.0 1.0 1.0 1.0 1.0 1.0 -2.0 -2.0 -2.0 -2.0 -2.0 -2.0 -2.0 2.0 2.0 2.0 2.0 2.0 2.0 2.0 2.0 2.0 2.0 2.0 2.0 
1.0 1.0 1.0 1.0 1.0 1.0 -2.0 -2.0 -2.0 -2.0 -2.0 -2.0 -2.0 -2.0 2.0 2.0 2.0 2.0 2.0 2.0 2.0 2.0 2.0 2.0 2.0 
1.0 1.0 1.0 1.0 1.0 1.0 -2.0 -2.0 -2.0 -2.0 -2.0 -2.0 -2.0 -2.0 -2.0 2.0 2.0 2.0 2.0 2.0 2.0 2.0 2.0 2.0 2.0 
1.0 1.0 1.0 1.0 1.0 1.0 -2.0 -2.0 -2.0 -2.0 -2.0 -2.0 -2.0 -2.0 -2.0 -2.0 2.0 2.0 2.0 2.0 2.0 2.0 2.0 2.0 2.0 
1.0 1.0 1.0 1.0 1.0 1.0 -2.0 -2.0 -2.0 -2.0 -2.0 -2.0 -2.0 -2.0 -2.0 -2.0 -2.0 2.0 2.0 2.0 2.0 2.0 2.0 2.0 0.0 
1.0 1.0 1.0 1.0 1.0 1.0 -2.0 -2.0 -2.0 -2.0 -2.0 -2.0 -2.0 -2.0 -2.0 -2.0 -2.0 0.0 0.0 0.0 0.0 0.0 0.0 0.0 0.0 
1.0 1.0 1.0 1.0 1.0 1.0 -2.0 -2.0 -2.0 -2.0 -2.0 -2.0 -2.0 -2.0 -2.0 -2.0 -2.0 0.0 0.0 0.0 0.0 0.0 0.0 0.0 0.0 
1.0 1.0 1.0 1.0 1.0 -2.0 -2.0 -2.0 -2.0 -2.0 -2.0 -2.0 -2.0 -2.0 -2.0 -2.0 -2.0 0.0 0.0 0.0 0.0 0.0 0.0 0.0 0.0 
1.0 1.0 1.0 1.0 1.0 -2.0 -2.0 -2.0 -2.0 -2.0 -2.0 -2.0 -2.0 -2.0 -2.0 -2.0 0.0 0.0 0.0 0.0 0.0 0.0 0.0 0.0 0.0 
1.0 1.0 1.0 1.0 1.0 -2.0 -2.0 -2.0 -2.0 -2.0 -2.0 -2.0 -2.0 -2.0 -2.0 -2.0 0.0 0.0 0.0 0.0 0.0 0.0 0.0 0.0 0.0 
1.0 1.0 1.0 1.0 1.0 -2.0 -2.0 -2.0 -2.0 -2.0 -2.0 -2.0 -2.0 -2.0 -2.0 -2.0 0.0 0.0 0.0 0.0 0.0 0.0 0.0 0.0 0.0 
1.0 1.0 1.0 1.0 1.0 -2.0 -2.0 -2.0 -2.0 -2.0 -2.0 -2.0 -2.0 -2.0 -1.0 -1.0 0.0 0.0 0.0 0.0 0.0 0.0 0.0 0.0 0.0 
1.0 1.0 1.0 1.0 1.0 -2.0 -2.0 -2.0 -2.0 -2.0 -2.0 -1.0 -1.0 -1.0 -1.0 -1.0 -1.0 0.0 0.0 0.0 0.0 0.0 0.0 0.0 0.0 
1.0 1.0 1.0 1.0 1.0 -2.0 -2.0 -2.0 -2.0 -1.0 -1.0 -1.0 -1.0 -1.0 -1.0 -1.0 -1.0 -1.0 0.0 0.0 0.0 0.0 0.0 0.0 0.0 
1.0 1.0 1.0 1.0 1.0 -2.0 -2.0 -1.0 -1.0 -1.0 -1.0 -1.0 -1.0 -1.0 -1.0 -1.0 -1.0 -1.0 0.0 0.0 0.0 0.0 0.0 0.0 0.0 
1.0 1.0 1.0 1.0 1.0 -1.0 -1.0 -1.0 -1.0 -1.0 -1.0 -1.0 -1.0 -1.0 -1.0 -1.0 -1.0 -1.0 -1.0 0.0 0.0 0.0 0.0 0.0 0.0 
1.0 1.0 1.0 1.0 -1.0 -1.0 -1.0 -1.0 -1.0 -1.0 -1.0 -1.0 -1.0 -1.0 -1.0 -1.0 -1.0 -1.0 -1.0 -1.0 0.0 0.0 0.0 0.0 0.0 
1.0 1.0 1.0 -1.0 -1.0 -1.0 -1.0 -1.0 -1.0 -1.0 -1.0 -1.0 -1.0 -1.0 -1.0 -1.0 -1.0 -1.0 -1.0 -1.0 0.0 0.0 0.0 0.0 0.0 
1.0 1.0 1.0 -1.0 -1.0 -1.0 -1.0 -1.0 -1.0 -1.0 -1.0 -1.0 -1.0 -1.0 -1.0 -1.0 -1.0 -1.0 -1.0 -1.0 -1.0 0.0 0.0 0.0 0.0 
1.0 1.0 -1.0 -1.0 -1.0 -1.0 -1.0 -1.0 -1.0 -1.0 -1.0 -1.0 -1.0 -1.0 -1.0 -1.0 -1.0 -1.0 -1.0 -1.0 -1.0 -1.0 0.0 0.0 0.0 

