0.854109 0.756213 0.165120 0.571094 0.115689 0.324387 0.035867 0.564478 0.638711 0.929248 0.103445 0.732853 0.464122 0.134051 0.989695 0.426992 0.513651 0.077231 0.155195 0.755492 0.298790 0.207583 0.837605 0.294480 0.281735 
0.968722 0.214136 0.480928 0.264569 0.134547 0.705712 0.530502 0.705804 0.740840 0.061329 0.252953 0.949138 0.957307 0.660538 0.031724 0.672603 0.952062 0.371980 0.693763 0.686573 0.742081 0.437367 0.561223 0.077752 0.090248 
0.376445 0.980346 0.587184 0.955606 0.620675 0.488776 0.993484 0.423503 0.216039 0.825765 0.928651 0.518539 0.789938 0.703837 0.890644 0.661893 0.569059 0.600792 0.643562 0.888885 0.328228 0.964829 0.869328 0.058723 0.139025 
0.265491 0.876381 0.286575 0.354591 0.134291 0.747663 0.476257 0.953148 0.840085 0.173290 0.597022 0.991139 0.654968 0.583624 0.570824 0.401437 0.233765 0.302188 0.234530 0.143579 0.535347 0.814978 0.802884 0.182347 0.028716 
0.346937 0.660444 0.539728 0.114098 0.609379 0.441656 0.325368 0.411958 0.985220 0.701610 0.344571 0.372123 0.940799 0.806397 0.071366 0.437387 0.451058 0.911577 0.386036 0.788336 0.584717 0.012856 0.308576 0.820502 0.408832 
0.567875 0.601460 0.448692 0.423826 0.053596 0.950399 0.396652 0.665254 0.344473 0.117087 0.240379 0.944251 0.230105 0.945212 0.592582 0.718616 0.700633 0.158582 0.468410 0.902251 0.203040 0.352097 0.432631 0.692964 0.748411 
0.658803 0.178479 0.452463 0.650498 0.564885 0.263482 0.690099 0.556850 0.766835 0.364041 0.486800 0.713808 0.863276 0.904357 0.048980 0.778913 0.780867 0.588340 0.266252 0.967384 0.397213 0.982017 0.394917 0.135041 0.605598 
0.360150 0.026454 0.206986 0.335161 0.397325 0.781016 0.537340 0.348925 0.894651 0.455400 0.164178 0.633767 0.574177 0.636721 0.323063 0.102070 0.071266 0.610755 0.828680 0.516218 0.462890 0.861137 0.807593 0.930756 0.854374 
0.048865 0.431563 0.470494 0.685196 0.232264 0.349981 0.507066 0.384888 0.496219 0.719793 0.110701 0.402361 0.045981 0.661416 0.052861 0.416382 0.781825 0.804411 0.457554 0.561178 0.906856 0.805708 0.938378 0.458043 0.305422 
0.456770 0.148126 0.913902 0.292659 0.005349 0.010400 0.809812 0.213052 0.710891 0.658593 0.640104 0.755576 0.973031 0.112648 0.035446 0.785393 0.660321 0.041916 0.935609 0.239729 0.495210 0.294937 0.968277 0.843325 0.732783 
0.483626 0.994556 0.562505 0.494833 0.863424 0.427300 0.702548 0.076128 0.149012 0.732113 0.103552 0.093392 0.079756 0.957549 0.184761 0.667488 0.772396 0.334664 0.528949 0.252973 0.096606 0.592070 0.965238 0.696666 0.284007 
0.885494 0.029964 0.580904 0.778660 0.783485 0.187348 0.666823 0.133351 0.334926 0.345305 0.114680 0.678104 0.237712 0.271986 0.815860 0.933486 0.210260 0.326370 0.112889 0.435561 0.252240 0.206651 0.894370 0.627531 0.762966 
0.203695 0.113588 0.850123 0.497806 0.285017 0.537975 0.398071 0.907774 0.346688 0.838229 0.395574 0.959854 0.138252 0.994276 0.965032 0.823406 0.054777 0.006362 0.001781 0.375745 0.514184 0.344754 0.816315 0.646454 0.166399 
0.914278 0.575025 0.251563 0.805228 0.195167 0.604460 0.714434 0.012862 0.595839 0.379084 0.852165 0.126914 0.021643 0.574230 0.093759 0.102297 0.656836 0.301948 0.803398 0.572817 0.470112 0.462112 0.998618 0.977803 0.977331 
0.750969 0.629495 0.044074 0.283218 0.299588 0.414096 0.135857 0.708320 0.742871 0.471335 0.258620 0.903915 0.211356 0.512313 0.574228 0.433671 0.034698 0.163613 0.194771 0.400769 0.233440 0.118469 0.106773 0.635272 0.566393 
0.378129 0.995644 0.834395 0.378587 0.363373 0.683647 0.835052 0.626966 0.840990 0.372614 0.374501 0.947044 0.705984 0.698174 0.230954 0.839825 0.462159 0.167587 0.856023 0.331585 0.967831 0.201804 0.582738 0.803478 0.926321 
0.363476 0.519546 0.467248 0.324989 0.069936 0.770191 0.221987 0.219476 0.167336 0.416889 0.115954 0.521682 0.282529 0.401422 0.684631 0.650079 0.572745 0.504358 0.581885 0.892004 0.910042 0.157380 0.581603 0.710700 0.189172 
0.038298 0.216781 0.894697 0.169535 0.028463 0.462638 0.181121 0.546467 0.748327 0.409230 0.058007 0.949205 0.923714 0.041050 0.943303 0.533363 0.913660 0.374896 0.864898 0.733165 0.220401 0.800003 0.791741 0.710493 0.212507 
0.730572 0.082302 0.940318 0.263119 0.470548 0.314106 0.829852 0.419240 0.942409 0.967378 0.317001 0.508338 0.253759 0.232202 0.041339 0.991562 0.441146 0.318415 0.532601 0.111612 0.341914 0.129931 0.991939 0.446586 0.515586 
0.217557 0.165401 0.840310 0.110044 0.780664 0.792047 0.610229 0.270380 0.452738 0.084508 0.425055 0.980341 0.759220 0.809346 0.455402 0.823763 0.591545 0.356613 0.974870 0.550333 0.647483 0.930661 0.088073 0.461838 0.248958 
0.862430 0.965608 0.206196 0.005600 0.540059 0.094429 0.535392 0.859737 0.947836 0.239200 0.924886 0.578020 0.265459 0.435293 0.344764 0.669571 0.164815 0.455201 0.830170 0.775945 0.043700 0.983181 0.296946 0.151023 0.027061 
0.046030 0.796345 0.760018 0.551688 0.967041 0.162038 0.932963 0.405415 0.071765 0.388597 0.089839 0.730071 0.898991 0.678338 0.702218 0.050541 0.952949 0.934799 0.659396 0.490835 0.687148 0.057369 0.579851 0.190506 0.089948 
0.163876 0.505728 0.003989 0.980074 0.355912 0.572501 0.572134 0.371446 0.838051 0.586941 0.380090 0.458249 0.007001 0.257402 0.723809 0.160959 0.131481 0.718759 0.753680 0.959576 0.494334 0.410970 0.998512 0.870818 0.661602 
0.291826 0.460949 0.203387 0.793623 0.910313 0.507523 0.189670 0.597924 0.771780 0.289970 0.195850 0.178165 0.926507 0.428549 0.569825 0.611614 0.227844 0.413393 0.933841 0.911523 0.131836 0.300947 0.998053 0.486275 0.258681 
0.002409 0.305707 0.663809 0.815923 0.166147 0.652313 0.889715 0.232987 0.257610 0.179163 0.147317 0.391853 0.714497 0.460785 0.962251 0.979918 0.206107 0.018060 0.971838 0.699168 0.287599 0.529922 0.387079 0.036271 0.285416 

0.224502 0.905916 0.393122 0.931735 0.839488 0.484651 0.758453 0.261526 0.564657 0.622138 0.688465 0.152462 0.637578 0.818095 0.748891 0.681770 0.296382 0.641690 0.606052 0.081315 0.133794 0.818697 0.310305 0.709764 0.271201 
0.871882 0.133243 0.725139 0.580762 0.480278 0.570599 0.018096 0.016632 0.339266 0.745815 0.213286 0.485008 0.466990 0.178826 0.432727 0.432723 0.991786 0.530609 0.287752 0.339524 0.847873 0.914109 0.043219 0.494689 0.687531 
0.319029 0.853591 0.025003 0.503336 0.974601 0.733312 0.267667 0.684673 0.473434 0.574949 0.729955 0.243887 0.162068 0.042383 0.668161 0.654042 0.044714 0.439869 0.166983 0.272117 0.159892 0.304497 0.722331 0.909255 0.154031 
0.187659 0.595158 0.952468 0.592479 0.797352 0.288187 0.925144 0.287794 0.177269 0.962469 0.891777 0.131153 0.634248 0.282921 0.415899 0.446884 0.219326 0.533774 0.663220 0.974564 0.256515 0.791802 0.786121 0.998677 0.688449 
0.876081 0.057614 0.939623 0.735796 0.808065 0.385713 0.901078 0.044136 0.429286 0.833576 0.306457 0.996548 0.733683 0.569342 0.898677 0.752565 0.413059 0.055124 0.130528 0.057020 0.413191 0.492090 0.071432 0.947931 0.711917 
0.695720 0.580969 0.134882 0.118635 0.370552 0.263857 0.205505 0.156808 0.392384 0.718610 0.521527 0.644727 0.631308 0.261688 0.865501 0.317728 0.428018 0.679526 0.813683 0.566036 0.229824 0.004903 0.044186 0.418364 0.886541 
0.219584 0.387436 0.094593 0.447640 0.696052 0.416764 0.273899 0.666608 0.573443 0.655153 0.840747 0.798691 0.387943 0.368355 0.650363 0.795942 0.871670 0.416488 0.245977 0.610093 0.231019 0.100265 0.377222 0.446811 0.955882 
0.109943 0.249091 0.608051 0.982584 0.630560 0.848422 0.773912 0.847706 0.124903 0.690869 0.850357 0.317020 0.287797 0.870016 0.608383 0.024486 0.754960 0.194331 0.238630 0.778298 0.926170 0.581193 0.397006 0.848655 0.983714 
0.862414 0.635035 0.237543 0.364296 0.080405 0.270314 0.808969 0.461191 0.100952 0.158074 0.288225 0.221719 0.951406 0.179259 0.013992 0.934496 0.788552 0.818892 0.401683 0.544188 0.462543 0.572379 0.886991 0.262346 0.092275 
0.670278 0.013889 0.350390 0.803737 0.102760 0.009413 0.158498 0.402657 0.559984 0.270941 0.898906 0.183363 0.762200 0.656992 0.192567 0.570319 0.170432 0.796173 0.079346 0.132925 0.738915 0.318585 0.534187 0.860100 0.379603 
0.524528 0.871789 0.244452 0.996982 0.077954 0.839437 0.462903 0.796760 0.982450 0.332368 0.230860 0.591484 0.337411 0.378457 0.924110 0.209574 0.054163 0.099548 0.919952 0.693462 0.474101 0.993177 0.879416 0.826352 0.589131 
0.579507 0.738776 0.227110 0.254769 0.261787 0.378998 0.400309 0.511670 0.909405 0.696126 0.727791 0.960289 0.195104 0.432494 0.089403 0.582267 0.156760 0.390932 0.967767 0.885857 0.316111 0.122348 0.148308 0.754822 0.989534 
0.036535 0.887197 0.586855 0.675091 0.549602 0.279107 0.292191 0.349747 0.469622 0.535073 0.493682 0.016015 0.089535 0.683919 0.813581 0.502584 0.570679 0.442556 0.188072 0.856093 0.610981 0.806645 0.892098 0.376760 0.632674 
0.234765 0.345458 0.482165 0.184997 0.879636 0.230978 0.247055 0.459633 0.561161 0.307178 0.073495 0.393921 0.814734 0.226260 0.598980 0.196562 0.913963 0.218245 0.421393 0.874354 0.692587 0.178335 0.892028 0.796673 0.757690 
0.456607 0.790108 0.848153 0.713855 0.388275 0.087237 0.375678 0.499751 0.375916 0.456325 0.418359 0.247570 0.987832 0.071768 0.089626 0.936302 0.128131 0.357765 0.897164 0.650596 0.607441 0.881649 0.001795 0.453565 0.997738 
0.500305 0.319778 0.630664 0.004152 0.858850 0.167681 0.567880 0.963688 0.392731 0.904090 0.168777 0.856026 0.152120 0.522058 0.711049 0.390629 0.848915 0.677393 0.916549 0.923647 0.564213 0.491306 0.254633 0.945670 0.163444 
0.952689 0.909370 0.554148 0.460171 0.859279 0.408219 0.197198 0.252220 0.600648 0.651813 0.269325 0.534610 0.214449 0.107886 0.535101 0.292114 0.903283 0.550587 0.003274 0.309279 0.409923 0.848150 0.458349 0.743365 0.244700 
0.896698 0.159946 0.236070 0.405176 0.501101 0.222030 0.570796 0.741357 0.233332 0.650816 0.956262 0.178257 0.507563 0.604786 0.873367 0.297354 0.273130 0.039444 0.420080 0.136891 0.266211 0.711047 0.676510 0.969183 0.092303 
0.674107 0.541727 0.170798 0.612905 0.831101 0.133927 0.705706 0.551260 0.432818 0.391563 0.472152 0.862931 0.574600 0.987658 0.392383 0.522256 0.765548 0.219354 0.123060 0.392757 0.675302 0.527557 0.674645 0.887987 0.492259 
0.554285 0.415893 0.103402 0.036219 0.393871 0.176217 0.450856 0.871428 0.801694 0.089252 0.592420 0.702695 0.799010 0.147435 0.428813 0.375028 0.580147 0.764538 0.218120 0.760717 0.420100 0.040190 0.878553 0.329641 0.310031 
0.145786 0.264499 0.854963 0.271938 0.303349 0.901668 0.976897 0.655397 0.200256 0.612019 0.777932 0.205600 0.806540 0.518227 0.613418 0.119984 0.619214 0.901603 0.024704 0.782415 0.960982 0.689137 0.567185 0.617200 0.154673 
0.985697 0.848786 0.484062 0.144605 0.341007 0.439231 0.889741 0.230605 0.560267 0.036939 0.844657 0.457213 0.616425 0.563661 0.333891 0.133874 0.111978 0.679516 0.035219 0.227178 0.304988 0.511215 0.028303 0.905660 0.140385 
0.848083 0.571772 0.535641 0.329375 0.790487 0.061765 0.249337 0.532573 0.950318 0.061070 0.897495 0.115454 0.115842 0.521310 0.337071 0.902590 0.244894 0.797046 0.739073 0.081565 0.033225 0.861254 0.426728 0.565631 0.568730 
0.193460 0.905723 0.162412 0.350021 0.368480 0.291477 0.357799 0.529922 0.192788 0.225115 0.180731 0.251476 0.368194 0.874141 0.513901 0.118869 0.530917 0.291445 0.045856 0.351524 0.533836 0.369068 0.060567 0.154668 0.892656 
0.499630 0.676777 0.805143 0.589998 0.441934 0.509909 0.182497 0.381550 0.180851 0.441805 0.840964 0.578689 0.270694 0.354038 0.288001 0.385443 0.593288 0.282148 0.299628 0.748658 0.069985 0.490298 0.431712 0.907201 0.893213 

-1.229894 -1.063817 -0.259795 -0.557683 0.019222 -0.190294 -0.255475 -0.559786 -1.145346 -0.597305 0.182087 -0.188986 -0.510276 0.396917 -1.014216 -0.190891 -0.969125 -0.423189 -0.454557 -0.677259 -0.120683 0.170873 -0.436359 -0.319782 0.248379 
-0.479003 0.141644 -0.885990 -0.101006 -0.069410 -0.911350 -0.945546 -0.303566 -0.314195 -0.517641 0.031131 -1.175101 -1.125103 -0.752347 -0.429195 -0.825411 -0.393241 -0.147661 -0.173299 -0.944990 -0.931786 -0.344828 -0.811512 0.365295 -0.114398 
-0.275954 -0.877944 -0.924581 -0.637248 -0.230614 -0.200603 -1.987940 -0.329516 -0.177990 -1.007575 -1.040891 -1.153937 -0.427601 -0.465041 -0.744310 -1.369467 -0.298245 -0.573906 -0.751464 -0.710594 -0.451411 -1.261319 -1.143092 0.301402 -0.357020 
-0.222561 -0.862297 0.085907 -0.987268 -0.314961 -1.807599 0.150411 -2.079862 -0.682037 0.658037 -0.194796 -0.721542 -0.854219 -0.287739 -0.336658 0.049387 0.710518 1.797566 -0.073269 0.279756 -0.374113 -1.303626 -1.541121 0.299866 -0.011752 
-0.713707 -1.105764 0.138974 0.963775 -0.598066 -0.596378 0.238009 -1.197074 -1.426616 -0.948757 -0.532393 -0.278529 -0.790298 -0.667560 2.367736 2.472736 1.607183 1.678937 1.193229 -1.004703 -0.676374 0.000703 -0.602318 -0.644801 -0.109387 
-0.550730 -0.531922 -0.542300 -0.329688 -0.075647 -1.893615 -0.152107 -1.258182 0.017432 0.587062 0.159314 -0.939923 0.396888 -1.061137 2.971366 1.676236 2.005039 1.596043 -0.908843 -0.866028 -0.318781 0.205801 -0.506979 -0.528367 -0.592574 
-1.400314 -0.685870 0.092289 -1.005593 -0.789939 -0.093328 -1.590333 -0.463484 -1.024739 0.088180 -0.391780 -0.939736 -1.311948 -1.305322 1.376945 2.852064 3.541323 1.336936 1.327507 -0.824345 -0.558870 -1.103361 -0.235306 -0.043734 -0.622442 
-0.388297 -0.396691 -1.313954 -1.487630 -0.980044 -2.086418 -0.244666 -1.667309 -1.668593 -1.174631 0.434753 -1.150093 -0.985582 -0.291462 -0.165970 -0.017076 1.323839 0.975034 2.233324 1.962823 -0.056013 2.809678 2.426351 -0.614607 3.057474 
0.278592 -0.990098 -0.140468 -1.167243 -0.329409 -0.396530 -1.582414 -1.012265 0.035920 -0.622644 -0.502878 -0.379321 0.851023 -1.168174 -0.174809 2.846838 3.033658 3.815174 2.163374 2.148579 2.846280 2.261582 3.700559 1.312415 0.904714 
-1.470050 -0.175763 -0.897813 -1.035590 -0.289123 -0.281922 -0.613710 -0.766544 -1.374178 -0.330354 -1.703493 -1.209210 -0.859319 0.698408 -0.212844 2.743170 1.417278 1.490358 2.047291 0.584244 3.060759 1.879280 2.807223 3.406484 1.929920 
-0.843143 -1.246228 -0.613640 -2.184118 0.085460 -2.196683 -0.673452 -2.014951 -2.312805 -0.231307 -0.234390 -1.238911 -0.031541 -1.937246 0.840258 -0.852022 1.839944 1.282656 2.558535 2.197624 0.876371 2.676982 3.755927 2.693266 1.661579 
-1.434244 -1.449187 -0.954418 -0.519050 -1.066669 -0.899952 -0.575721 -0.957038 -1.746641 -1.381523 -1.548683 -0.443545 -0.492229 0.052237 -1.310506 -1.324789 0.736696 1.636670 2.055429 2.992258 0.987179 0.569216 2.006171 3.036515 3.510584 
-0.173041 -2.136771 -1.222298 -1.572648 -1.702945 -0.760984 -0.889634 -0.607729 -1.012300 -1.030589 -0.977911 -1.878590 0.174323 -1.250555 -1.316556 -1.712780 1.015130 0.825712 0.402017 2.524206 1.953808 2.123215 3.222780 1.787105 1.153178 
-0.507149 -0.709936 -0.771394 -0.365800 -1.914047 -0.602373 -0.412568 -0.814290 -1.442519 -0.650741 -0.210341 -0.251373 1.159988 -0.994270 0.210886 -0.100331 3.548050 1.221344 2.263949 2.909928 2.608572 1.062352 3.674777 3.394813 3.313024 
-1.190715 -1.556211 -2.133317 -1.533552 -0.952721 -0.088163 -0.889670 -1.089464 -0.504326 -0.604249 0.036592 -1.712419 0.662188 -1.394944 -0.743673 2.217264 0.401475 0.799565 2.037046 1.613630 2.056817 1.775506 -0.109189 2.692054 2.923102 
-0.823216 -0.712319 -0.742865 0.035380 -1.371232 -0.316275 -1.896845 -1.875199 -0.723175 -0.553944 -0.244180 -0.864086 -1.575261 -1.108439 -0.302589 0.495810 -0.909534 1.489384 3.365918 2.415739 2.986398 1.435035 2.196161 3.350684 2.248507 
-1.357844 -1.436262 -1.022658 -0.780400 -1.737915 -0.803862 -0.787079 -0.064937 -0.701826 -0.584562 0.047289 -0.338858 -0.265036 -0.505492 -0.128011 0.741818 -0.626669 -0.373389 1.053310 2.977458 2.530971 1.701392 2.514869 2.677038 0.926691 
-1.574988 -0.067484 -0.314179 -0.600773 -0.836769 0.231212 -0.582746 0.285803 0.778527 -0.482078 -0.510748 1.002414 -0.838081 0.393551 -1.132412 0.213978 0.297694 0.371153 3.126669 1.304877 0.948435 3.145245 2.893308 3.157585 0.578094 
-1.297178 -0.775822 -0.456207 -1.278689 -1.525209 0.353510 -0.015218 0.694193 1.160448 0.897094 -0.011485 -0.199192 -0.466648 -0.451336 0.325977 0.246937 -0.366750 0.119956 0.261457 -0.676599 2.272459 1.501716 2.547208 2.869170 2.111148 
-0.370888 -0.879233 -0.090573 -0.050164 -0.640931 -0.061387 0.130904 -0.563646 -0.784205 0.199158 -0.023758 0.887104 0.337103 0.824391 -0.372757 0.570616 0.196365 -0.306050 0.161536 -0.282827 1.363914 1.805162 2.035158 1.617465 0.507091 
-0.423586 -0.517179 -1.601333 -0.754489 -0.747556 -0.299399 -0.808673 0.234574 0.958775 -0.449401 -0.207060 0.925558 -0.998189 -0.199219 -0.337429 0.698346 -0.234897 -0.713819 0.947336 -0.089264 2.093110 3.350249 1.772564 1.010805 0.600573 
-2.281217 -1.546725 -1.056394 0.575620 0.103966 0.187387 0.242753 -0.022577 -0.494226 0.452118 -0.897849 0.229798 0.270451 0.255821 0.395369 0.111299 0.948907 0.325443 0.928194 0.716954 2.255118 1.461278 1.727667 2.293580 0.854370 
-0.946853 -0.729055 -0.224336 0.271630 -0.561559 0.338009 0.099529 -0.370607 -0.145130 0.664982 -0.302157 -0.262487 -0.463442 -0.549489 0.160994 -0.579656 0.267598 0.102617 -0.011466 0.879414 1.063443 2.949044 2.549660 2.905165 2.118760 
0.512782 -0.590499 -0.398678 0.178566 0.242427 0.704849 0.229428 -0.218851 0.253692 0.251560 -0.399225 -0.892479 0.718059 0.137222 -0.001132 0.129155 -0.114667 -0.155103 0.935505 0.542922 0.036785 1.493385 2.086896 1.072938 2.175275 
-0.518324 -0.510978 -0.697389 0.239394 -0.334772 0.167373 0.438017 0.042643 -0.035399 -0.012237 -0.646584 -0.249543 0.165472 -0.165024 0.645519 0.472191 0.065408 -0.565668 0.932038 0.079957 0.299193 0.254691 1.375110 1.923534 2.666914 

1 1 1 1 1 1 1 1 1 1 1 1 1 1 1 1 1 1 1 1 1 1 1 1 1 
1 1 1 1 1 4 4 1 1 1 4 1 1 1 1 1 1 1 1 1 1 1 1 1 1 
1 1 4 1 1 4 4 1 1 4 4 4 1 1 1 1 1 1 1 1 1 1 1 1 1 
1 4 4 1 1 4 4 4 4 4 4 1 1 1 1 1 3 3 1 1 1 1 1 1 1 
1 4 4 4 4 4 4 4 4 4 4 4 1 1 3 3 3 3 3 1 1 1 1 1 1 
4 4 4 4 4 4 4 4 4 4 4 4 4 4 3 3 3 3 1 1 1 1 1 1 1 
4 0 0 0 4 4 4 4 4 4 4 4 4 4 3 3 3 3 3 1 1 1 1 1 1 
4 0 0 0 0 0 4 0 4 0 4 4 4 4 4 3 3 3 3 3 1 3 3 1 3 
4 0 0 0 0 0 0 0 0 0 0 0 4 4 4 3 3 3 3 3 3 3 3 3 3 
0 0 0 0 0 0 0 0 0 0 0 4 4 4 4 3 3 3 3 3 3 3 3 3 3 
0 0 0 0 0 0 0 0 0 0 0 0 4 4 4 4 3 3 3 3 3 3 3 3 3 
0 0 0 0 0 0 0 0 0 0 0 4 4 4 4 4 3 3 3 3 3 3 3 3 3 
0 0 0 0 0 0 0 0 0 0 0 4 4 4 4 4 3 3 3 3 3 3 3 3 3 
0 0 0 0 0 0 0 0 0 4 0 4 4 4 4 4 3 3 3 3 3 3 3 3 3 
0 0 0 0 0 0 0 0 0 4 4 4 4 4 4 3 3 3 3 3 3 3 3 3 3 
0 0 0 0 0 0 0 0 0 2 4 4 4 4 4 2 2 3 3 3 3 3 3 3 3 
0 0 0 0 0 0 0 2 2 2 2 4 4 4 2 2 2 2 3 3 3 3 3 3 3 
0 0 0 0 0 2 2 2 2 2 2 2 4 4 4 2 2 2 3 3 3 3 3 3 3 
0 0 0 0 0 2 2 2 2 2 2 2 2 2 4 2 2 2 2 2 3 3 3 3 3 
0 0 0 0 0 2 2 2 2 2 2 2 2 2 2 2 2 2 2 2 3 3 3 3 3 
0 0 0 0 0 2 2 2 2 2 2 2 2 2 2 2 2 2 2 2 3 3 3 3 3 
0 0 0 2 2 2 2 2 2 2 2 2 2 2 2 2 2 2 2 2 3 3 3 3 3 
2 2 2 2 2 2 2 2 2 2 2 2 2 2 2 2 2 2 2 2 3 3 3 3 3 
2 2 2 2 2 2 2 2 2 2 2 2 2 2 2 2 2 2 2 2 2 3 3 3 3 
2 2 2 2 2 2 2 2 2 2 2 2 2 2 2 2 2 2 2 2 2 2 3 3 3 

-1.0 -1.0 -1.0 -1.0 -1.0 -1.0 -1.0 -1.0 -1.0 -1.0 -1.0 -1.0 -1.0 -1.0 -1.0 -1.0 -1.0 -1.0 -1.0 -1.0 -1.0 -1.0 -1.0 -1.0 -1.0 
-1.0 -1.0 -1.0 -1.0 -1.0 -2.0 -2.0 -1.0 -1.0 -1.0 -2.0 -1.0 -1.0 -1.0 -1.0 -1.0 -1.0 -1.0 -1.0 -1.0 -1.0 -1.0 -1.0 -1.0 -1.0 
-1.0 -1.0 -2.0 -1.0 -1.0 -2.0 -2.0 -1.0 -1.0 -2.0 -2.0 -2.0 -1.0 -1.0 -1.0 -1.0 -1.0 -1.0 -1.0 -1.0 -1.0 -1.0 -1.0 -1.0 -1.0 
-1.0 -2.0 -2.0 -1.0 -1.0 -2.0 -2.0 -2.0 -2.0 -2.0 -2.0 -1.0 -1.0 -1.0 -1.0 -1.0 2.0 2.0 -1.0 -1.0 -1.0 -1.0 -1.0 -1.0 -1.0 
-1.0 -2.0 -2.0 -2.0 -2.0 -2.0 -2.0 -2.0 -2.0 -2.0 -2.0 -2.0 -1.0 -1.0 2.0 2.0 2.0 2.0 2.0 -1.0 -1.0 -1.0 -1.0 -1.0 -1.0 
-2.0 -2.0 -2.0 -2.0 -2.0 -2.0 -2.0 -2.0 -2.0 -2.0 -2.0 -2.0 -2.0 -2.0 2.0 2.0 2.0 2.0 -1.0 -1.0 -1.0 -1.0 -1.0 -1.0 -1.0 
-2.0 0.0 0.0 0.0 -2.0 -2.0 -2.0 -2.0 -2.0 -2.0 -2.0 -2.0 -2.0 -2.0 2.0 2.0 2.0 2.0 2.0 -1.0 -1.0 -1.0 -1.0 -1.0 -1.0 
-2.0 0.0 0.0 0.0 0.0 0.0 -2.0 0.0 -2.0 0.0 -2.0 -2.0 -2.0 -2.0 -2.0 2.0 2.0 2.0 2.0 2.0 -1.0 2.0 2.0 -1.0 2.0 
-2.0 0.0 0.0 0.0 0.0 0.0 0.0 0.0 0.0 0.0 0.0 0.0 -2.0 -2.0 -2.0 2.0 2.0 2.0 2.0 2.0 2.0 2.0 2.0 2.0 2.0 
0.0 0.0 0.0 0.0 0.0 0.0 0.0 0.0 0.0 0.0 0.0 -2.0 -2.0 -2.0 -2.0 2.0 2.0 2.0 2.0 2.0 2.0 2.0 2.0 2.0 2.0 
0.0 0.0 0.0 0.0 0.0 0.0 0.0 0.0 0.0 0.0 0.0 0.0 -2.0 -2.0 -2.0 -2.0 2.0 2.0 2.0 2.0 2.0 2.0 2.0 2.0 2.0 
0.0 0.0 0.0 0.0 0.0 0.0 0.0 0.0 0.0 0.0 0.0 -2.0 -2.0 -2.0 -2.0 -2.0 2.0 2.0 2.0 2.0 2.0 2.0 2.0 2.0 2.0 
0.0 0.0 0.0 0.0 0.0 0.0 0.0 0.0 0.0 0.0 0.0 -2.0 -2.0 -2.0 -2.0 -2.0 2.0 2.0 2.0 2.0 2.0 2.0 2.0 2.0 2.0 
0.0 0.0 0.0 0.0 0.0 0.0 0.0 0.0 0.0 -2.0 0.0 -2.0 -2.0 -2.0 -2.0 -2.0 2.0 2.0 2.0 2.0 2.0 2.0 2.0 2.0 2.0 
0.0 0.0 0.0 0.0 0.0 0.0 0.0 0.0 0.0 -2.0 -2.0 -2.0 -2.0 -2.0 -2.0 2.0 2.0 2.0 2.0 2.0 2.0 2.0 2.0 2.0 2.0 
0.0 0.0 0.0 0.0 0.0 0.0 0.0 0.0 0.0 1.0 -2.0 -2.0 -2.0 -2.0 -2.0 1.0 1.0 2.0 2.0 2.0 2.0 2.0 2.0 2.0 2.0 
0.0 0.0 0.0 0.0 0.0 0.0 0.0 1.0 1.0 1.0 1.0 -2.0 -2.0 -2.0 1.0 1.0 1.0 1.0 2.0 2.0 2.0 2.0 2.0 2.0 2.0 
0.0 0.0 0.0 0.0 0.0 1.0 1.0 1.0 1.0 1.0 1.0 1.0 -2.0 -2.0 -2.0 1.0 1.0 1.0 2.0 2.0 2.0 2.0 2.0 2.0 2.0 
0.0 0.0 0.0 0.0 0.0 1.0 1.0 1.0 1.0 1.0 1.0 1.0 1.0 1.0 -2.0 1.0 1.0 1.0 1.0 1.0 2.0 2.0 2.0 2.0 2.0 
0.0 0.0 0.0 0.0 0.0 1.0 1.0 1.0 1.0 1.0 1.0 1.0 1.0 1.0 1.0 1.0 1.0 1.0 1.0 1.0 2.0 2.0 2.0 2.0 2.0 
0.0 0.0 0.0 0.0 0.0 1.0 1.0 1.0 1.0 1.0 1.0 1.0 1.0 1.0 1.0 1.0 1.0 1.0 1.0 1.0 2.0 2.0 2.0 2.0 2.0 
0.0 0.0 0.0 1.0 1.0 1.0 1.0 1.0 1.0 1.0 1.0 1.0 1.0 1.0 1.0 1.0 1.0 1.0 1.0 1.0 2.0 2.0 2.0 2.0 2.0 
1.0 1.0 1.0 1.0 1.0 1.0 1.0 1.0 1.0 1.0 1.0 1.0 1.0 1.0 1.0 1.0 1.0 1.0 1.0 1.0 2.0 2.0 2.0 2.0 2.0 
1.0 1.0 1.0 1.0 1.0 1.0 1.0 1.0 1.0 1.0 1.0 1.0 1.0 1.0 1.0 1.0 1.0 1.0 1.0 1.0 1.0 2.0 2.0 2.0 2.0 
1.0 1.0 1.0 1.0 1.0 1.0 1.0 1.0 1.0 1.0 1.0 1.0 1.0 1.0 1.0 1.0 1.0 1.0 1.0 1.0 1.0 1.0 2.0 2.0 2.0 

0.0 0.0 0.0 0.0 0.0 0.0 0.0 0.0 0.0 0.0 0.0 0.0 0.0 0.0 0.0 0.0 0.0 0.0 0.0 0.0 0.0 0.0 0.0 0.0 0.0 
0.0 0.0 0.0 0.0 0.0 1.0 1.0 0.0 0.0 0.0 1.0 0.0 0.0 0.0 0.0 0.0 0.0 0.0 0.0 0.0 0.0 0.0 0.0 0.0 0.0 
0.0 0.0 1.0 0.0 0.0 1.0 1.0 0.0 0.0 1.0 1.0 1.0 0.0 0.0 0.0 0.0 0.0 0.0 0.0 0.0 0.0 0.0 0.0 0.0 0.0 
0.0 1.0 1.0 0.0 0.0 1.0 1.0 1.0 1.0 1.0 1.0 0.0 0.0 0.0 0.0 0.0 2.0 2.0 0.0 0.0 0.0 0.0 0.0 0.0 0.0 
0.0 1.0 1.0 1.0 1.0 1.0 1.0 1.0 1.0 1.0 1.0 1.0 0.0 0.0 2.0 2.0 2.0 2.0 2.0 0.0 0.0 0.0 0.0 0.0 0.0 
1.0 1.0 1.0 1.0 1.0 1.0 1.0 1.0 1.0 1.0 1.0 1.0 1.0 1.0 2.0 2.0 2.0 2.0 0.0 0.0 0.0 0.0 0.0 0.0 0.0 
1.0 -2.0 -2.0 -2.0 1.0 1.0 1.0 1.0 1.0 1.0 1.0 1.0 1.0 1.0 2.0 2.0 2.0 2.0 2.0 0.0 0.0 0.0 0.0 0.0 0.0 
1.0 -2.0 -2.0 -2.0 -2.0 -2.0 1.0 -2.0 1.0 -2.0 1.0 1.0 1.0 1.0 1.0 2.0 2.0 2.0 2.0 2.0 0.0 2.0 2.0 0.0 2.0 
1.0 -2.0 -2.0 -2.0 -2.0 -2.0 -2.0 -2.0 -2.0 -2.0 -2.0 -2.0 1.0 1.0 1.0 2.0 2.0 2.0 2.0 2.0 2.0 2.0 2.0 2.0 2.0 
-2.0 -2.0 -2.0 -2.0 -2.0 -2.0 -2.0 -2.0 -2.0 -2.0 -2.0 1.0 1.0 1.0 1.0 2.0 2.0 2.0 2.0 2.0 2.0 2.0 2.0 2.0 2.0 
-2.0 -2.0 -2.0 -2.0 -2.0 -2.0 -2.0 -2.0 -2.0 -2.0 -2.0 -2.0 1.0 1.0 1.0 1.0 2.0 2.0 2.0 2.0 2.0 2.0 2.0 2.0 2.0 
-2.0 -2.0 -2.0 -2.0 -2.0 -2.0 -2.0 -2.0 -2.0 -2.0 -2.0 1.0 1.0 1.0 1.0 1.0 2.0 2.0 2.0 2.0 2.0 2.0 2.0 2.0 2.0 
-2.0 -2.0 -2.0 -2.0 -2.0 -2.0 -2.0 -2.0 -2.0 -2.0 -2.0 1.0 1.0 1.0 1.0 1.0 2.0 2.0 2.0 2.0 2.0 2.0 2.0 2.0 2.0 
-2.0 -2.0 -2.0 -2.0 -2.0 -2.0 -2.0 -2.0 -2.0 1.0 -2.0 1.0 1.0 1.0 1.0 1.0 2.0 2.0 2.0 2.0 2.0 2.0 2.0 2.0 2.0 
-2.0 -2.0 -2.0 -2.0 -2.0 -2.0 -2.0 -2.0 -2.0 1.0 1.0 1.0 1.0 1.0 1.0 2.0 2.0 2.0 2.0 2.0 2.0 2.0 2.0 2.0 2.0 
-2.0 -2.0 -2.0 -2.0 -2.0 -2.0 -2.0 -2.0 -2.0 -1.0 1.0 1.0 1.0 1.0 1.0 -1.0 -1.0 2.0 2.0 2.0 2.0 2.0 2.0 2.0 2.0 
-2.0 -2.0 -2.0 -2.0 -2.0 -2.0 -2.0 -1.0 -1.0 -1.0 -1.0 1.0 1.0 1.0 -1.0 -1.0 -1.0 -1.0 2.0 2.0 2.0 2.0 2.0 2.0 2.0 
-2.0 -2.0 -2.0 -2.0 -2.0 -1.0 -1.0 -1.0 -1.0 -1.0 -1.0 -1.0 1.0 1.0 1.0 -1.0 -1.0 -1.0 2.0 2.0 2.0 2.0 2.0 2.0 2.0 
-2.0 -2.0 -2.0 -2.0 -2.0 -1.0 -1.0 -1.0 -1.0 -1.0 -1.0 -1.0 -1.0 -1.0 1.0 -1.0 -1.0 -1.0 -1.0 -1.0 2.0 2.0 2.0 2.0 2.0 
-2.0 -2.0 -2.0 -2.0 -2.0 -1.0 -1.0 -1.0 -1.0 -1.0 -1.0 -1.0 -1.0 -1.0 -1.0 -1.0 -1.0 -1.0 -1.0 -1.0 2.0 2.0 2.0 2.0 2.0 
-2.0 -2.0 -2.0 -2.0 -2.0 -1.0 -1.0 -1.0 -1.0 -1.0 -1.0 -1.0 -1.0 -1.0 -1.0 -1.0 -1.0 -1.0 -1.0 -1.0 2.0 2.0 2.0 2.0 2.0 
-2.0 -2.0 -2.0 -1.0 -1.0 -1.0 -1.0 -1.0 -1.0 -1.0 -1.0 -1.0 -1.0 -1.0 -1.0 -1.0 -1.0 -1.0 -1.0 -1.0 2.0 2.0 2.0 2.0 2.0 
-1.0 -1.0 -1.0 -1.0 -1.0 -1.0 -1.0 -1.0 -1.0 -1.0 -1.0 -1.0 -1.0 -1.0 -1.0 -1.0 -1.0 -1.0 -1.0 -1.0 2.0 2.0 2.0 2.0 2.0 
-1.0 -1.0 -1.0 -1.0 -1.0 -1.0 -1.0 -1.0 -1.0 -1.0 -1.0 -1.0 -1.0 -1.0 -1.0 -1.0 -1.0 -1.0 -1.0 -1.0 -1.0 2.0 2.0 2.0 2.0 
-1.0 -1.0 -1.0 -1.0 -1.0 -1.0 -1.0 -1.0 -1.0 -1.0 -1.0 -1.0 -1.0 -1.0 -1.0 -1.0 -1.0 -1.0 -1.0 -1.0 -1.0 -1.0 2.0 2.0 2.0 

