0.733206 0.995103 0.853790 0.768046 0.077080 0.536718 0.120627 0.176269 0.120300 0.113211 0.366970 0.307688 0.005268 0.143099 0.582606 0.619214 0.986584 0.793729 0.645104 0.859166 0.219496 0.462904 0.682322 0.435193 0.471981 
0.280796 0.041082 0.904752 0.353365 0.670042 0.623344 0.135603 0.472007 0.645014 0.851350 0.539677 0.251456 0.706637 0.132666 0.196573 0.517199 0.152141 0.582509 0.906460 0.091358 0.991101 0.812127 0.979489 0.115752 0.538440 
0.676110 0.500040 0.189154 0.027944 0.343377 0.903204 0.072881 0.385451 0.324732 0.826203 0.610590 0.060145 0.163473 0.925999 0.815708 0.499716 0.360492 0.912124 0.337243 0.354072 0.795385 0.233537 0.431845 0.106579 0.706474 
0.006961 0.295547 0.243728 0.297266 0.116913 0.675166 0.164068 0.899179 0.886009 0.305253 0.627099 0.792889 0.372538 0.786203 0.940267 0.881908 0.719450 0.845971 0.500462 0.215660 0.162507 0.011286 0.433450 0.273205 0.661775 
0.763670 0.284793 0.951640 0.903217 0.994200 0.172387 0.962824 0.477323 0.312019 0.941645 0.257588 0.611883 0.367140 0.702480 0.289763 0.963326 0.488898 0.591130 0.550980 0.105638 0.798973 0.312032 0.402964 0.003835 0.386431 
0.332353 0.868611 0.229542 0.413780 0.196071 0.424495 0.839582 0.040095 0.007227 0.674550 0.231233 0.482905 0.242263 0.584849 0.857893 0.624651 0.531892 0.020344 0.299880 0.401870 0.259072 0.852413 0.357787 0.682318 0.645843 
0.944552 0.457409 0.513306 0.048955 0.820836 0.217915 0.530539 0.647648 0.443074 0.136196 0.983690 0.977605 0.137800 0.904978 0.112167 0.807327 0.942208 0.077896 0.516405 0.654930 0.546494 0.269121 0.808809 0.788615 0.964894 
0.418930 0.677057 0.618075 0.162491 0.647551 0.749761 0.423916 0.658754 0.212669 0.558811 0.153462 0.416365 0.024660 0.515193 0.150205 0.619744 0.312690 0.719506 0.467333 0.005481 0.317668 0.702429 0.224035 0.747032 0.343881 
0.506266 0.106889 0.929303 0.903348 0.955070 0.078122 0.700244 0.454343 0.835866 0.265257 0.621595 0.484310 0.745913 0.748094 0.177417 0.789530 0.853035 0.992456 0.346094 0.894841 0.561742 0.923489 0.602140 0.761267 0.793509 
0.879967 0.750568 0.655420 0.334918 0.717365 0.655060 0.552051 0.566146 0.699971 0.547121 0.985517 0.551511 0.485027 0.601521 0.975148 0.991276 0.188551 0.918960 0.646282 0.408279 0.821842 0.128915 0.447685 0.982969 0.170157 
0.319899 0.669881 0.635679 0.904607 0.826716 0.805098 0.909123 0.920044 0.640863 0.924508 0.792260 0.921454 0.875029 0.360204 0.804245 0.601003 0.902958 0.662160 0.816409 0.678309 0.100880 0.808231 0.358880 0.064732 0.046441 
0.573812 0.314050 0.097700 0.812595 0.742921 0.907970 0.380492 0.083012 0.551028 0.313591 0.781880 0.603217 0.663518 0.322115 0.384086 0.847227 0.527893 0.252749 0.327644 0.849837 0.458609 0.397450 0.757792 0.503205 0.212493 
0.224461 0.794404 0.798931 0.829358 0.220331 0.043171 0.496342 0.275096 0.322383 0.575993 0.374345 0.934189 0.647128 0.757532 0.190474 0.894928 0.920183 0.373130 0.585885 0.287894 0.740398 0.372922 0.952717 0.814287 0.753958 
0.279112 0.657026 0.175925 0.909308 0.518049 0.556625 0.833768 0.089824 0.722060 0.930967 0.492475 0.004225 0.524098 0.601152 0.217721 0.467768 0.954056 0.641158 0.528511 0.270049 0.127880 0.187258 0.753928 0.016562 0.340492 
0.763503 0.351518 0.054347 0.377587 0.108777 0.108280 0.215367 0.241655 0.444323 0.781401 0.688402 0.184212 0.531624 0.956305 0.450731 0.261764 0.884457 0.791211 0.264968 0.275793 0.241746 0.386812 0.409686 0.139756 0.619189 
0.637736 0.485403 0.449015 0.050525 0.734136 0.364234 0.265458 0.737967 0.966361 0.281205 0.329034 0.699416 0.978481 0.131414 0.934907 0.176717 0.534840 0.278938 0.920657 0.580134 0.190396 0.247910 0.801499 0.663061 0.912388 
0.863641 0.431902 0.633430 0.533218 0.911477 0.625270 0.242452 0.046168 0.405045 0.137267 0.770892 0.658871 0.088505 0.725523 0.348250 0.474838 0.552864 0.668529 0.135912 0.744970 0.092878 0.128148 0.844109 0.481810 0.434977 
0.923140 0.669970 0.213687 0.923844 0.613841 0.670612 0.488931 0.526240 0.542618 0.323957 0.240070 0.226890 0.782154 0.112531 0.009288 0.958719 0.279301 0.475312 0.825475 0.079619 0.192727 0.121043 0.529781 0.564151 0.255534 
0.338558 0.701136 0.954144 0.945994 0.392210 0.387279 0.376612 0.979308 0.724462 0.120363 0.309757 0.855085 0.180658 0.925600 0.506589 0.245950 0.016111 0.267465 0.386883 0.603052 0.294726 0.844420 0.958720 0.225662 0.161575 
0.509468 0.193780 0.504813 0.931450 0.903511 0.281334 0.368078 0.347167 0.636638 0.755180 0.564202 0.669531 0.071472 0.124597 0.936936 0.528661 0.490163 0.619399 0.371167 0.507857 0.900651 0.152102 0.229429 0.437605 0.815477 
0.764372 0.303591 0.272839 0.856723 0.167910 0.366928 0.946656 0.968494 0.511594 0.687444 0.120103 0.089090 0.092677 0.888426 0.209182 0.356674 0.027501 0.313185 0.742170 0.258825 0.166121 0.230627 0.100182 0.495737 0.831539 
0.604419 0.586558 0.552197 0.556868 0.400662 0.303247 0.979722 0.086058 0.916453 0.853893 0.130508 0.890052 0.311609 0.718806 0.934450 0.723575 0.418024 0.691092 0.233666 0.858405 0.268581 0.112895 0.643773 0.011505 0.172949 
0.230712 0.778777 0.986869 0.644239 0.816174 0.282569 0.839880 0.783101 0.384462 0.997214 0.784477 0.677131 0.601918 0.188723 0.704406 0.159858 0.327630 0.645642 0.002107 0.380067 0.209996 0.336323 0.896191 0.720312 0.009033 
0.553011 0.759754 0.380836 0.950732 0.575201 0.530395 0.831015 0.007931 0.803549 0.605996 0.894319 0.199314 0.658224 0.099978 0.554650 0.020675 0.491603 0.785385 0.685487 0.959858 0.968787 0.668511 0.255737 0.791910 0.839884 
0.087774 0.605255 0.128707 0.160578 0.247547 0.120268 0.065101 0.694387 0.074926 0.438900 0.546995 0.435913 0.267197 0.156446 0.986747 0.072939 0.549169 0.382289 0.488049 0.931073 0.506932 0.420108 0.855130 0.658677 0.281975 

0.209418 0.459261 0.507137 0.698893 0.499310 0.251139 0.473895 0.410066 0.898726 0.068809 0.712364 0.928785 0.840276 0.582725 0.284088 0.419183 0.349743 0.002250 0.588595 0.529622 0.354624 0.341587 0.570401 0.657460 0.279449 
0.206915 0.991620 0.650213 0.040946 0.848953 0.396731 0.068193 0.205607 0.285939 0.068255 0.202211 0.717959 0.897275 0.826898 0.755158 0.505366 0.242554 0.833660 0.311803 0.373003 0.844690 0.916122 0.157777 0.210153 0.877561 
0.904069 0.135840 0.708521 0.307964 0.948218 0.767314 0.770856 0.022975 0.475217 0.290658 0.211092 0.623466 0.459848 0.966861 0.475989 0.004403 0.923778 0.252513 0.426603 0.435553 0.457184 0.472962 0.381134 0.023505 0.221594 
0.894529 0.001981 0.281344 0.633215 0.463547 0.208544 0.150021 0.657699 0.212713 0.381242 0.477058 0.322355 0.736185 0.756522 0.879670 0.568997 0.782030 0.435480 0.958653 0.595954 0.155439 0.338390 0.100246 0.838138 0.952933 
0.835764 0.914130 0.127539 0.923182 0.046485 0.760784 0.047736 0.752580 0.594888 0.957398 0.972384 0.832331 0.687789 0.693887 0.934642 0.065497 0.979515 0.311846 0.902675 0.839149 0.474267 0.449779 0.003741 0.905788 0.782432 
0.969648 0.853544 0.274569 0.995980 0.099733 0.641052 0.701643 0.750366 0.794688 0.807236 0.919334 0.873842 0.520958 0.874001 0.619794 0.204202 0.030105 0.997518 0.958211 0.677905 0.033020 0.200471 0.623909 0.020388 0.960341 
0.291389 0.061739 0.821118 0.362180 0.641678 0.840954 0.745330 0.826363 0.024310 0.614074 0.190998 0.497884 0.479859 0.255202 0.595522 0.345987 0.510679 0.181251 0.710606 0.370765 0.894125 0.411671 0.795845 0.593057 0.363757 
0.702164 0.906267 0.282665 0.842193 0.446116 0.476686 0.988401 0.907465 0.972804 0.439263 0.666298 0.212217 0.966043 0.422569 0.944352 0.580526 0.569209 0.443855 0.326588 0.815480 0.917494 0.573963 0.336177 0.494840 0.807365 
0.770690 0.920380 0.736501 0.223835 0.820973 0.914651 0.764230 0.792795 0.846778 0.766247 0.094610 0.516105 0.722414 0.127110 0.037336 0.391009 0.509396 0.194763 0.919575 0.999286 0.614242 0.823233 0.983461 0.832906 0.521160 
0.167260 0.997275 0.591247 0.393864 0.767754 0.496145 0.550939 0.058852 0.720732 0.720690 0.612510 0.140581 0.308991 0.026253 0.400655 0.703737 0.202364 0.661494 0.341988 0.907700 0.012807 0.431998 0.695920 0.393523 0.998785 
0.426963 0.602047 0.731557 0.778736 0.116308 0.230529 0.942963 0.626128 0.520635 0.220495 0.469706 0.528132 0.982259 0.300424 0.310914 0.074807 0.599295 0.721606 0.684944 0.211365 0.220107 0.381265 0.059784 0.738789 0.608305 
0.747917 0.550040 0.872859 0.491229 0.389622 0.499690 0.049790 0.134141 0.254052 0.793438 0.268884 0.599408 0.029217 0.546163 0.775237 0.203886 0.348591 0.604255 0.955340 0.158931 0.877582 0.364002 0.365718 0.758813 0.753295 
0.158950 0.440122 0.449551 0.513174 0.297776 0.017279 0.753170 0.105626 0.567281 0.328640 0.196100 0.135153 0.269262 0.758717 0.456168 0.143040 0.099002 0.681742 0.007564 0.749491 0.791820 0.150662 0.032092 0.588179 0.917047 
0.574449 0.916609 0.112778 0.335090 0.012264 0.456610 0.334773 0.223515 0.995090 0.388337 0.444527 0.946021 0.575625 0.820143 0.310478 0.346879 0.378360 0.042167 0.361325 0.485573 0.730852 0.329508 0.527052 0.726967 0.584069 
0.825198 0.995907 0.690089 0.897363 0.344805 0.598350 0.192389 0.165091 0.541682 0.295875 0.178847 0.844527 0.417985 0.372653 0.627603 0.037605 0.917783 0.998423 0.144854 0.815951 0.855169 0.873321 0.174810 0.510628 0.701247 
0.279355 0.268056 0.877778 0.985000 0.456650 0.926431 0.294382 0.176541 0.345304 0.129168 0.694666 0.557846 0.140605 0.406445 0.263309 0.143898 0.569603 0.589651 0.677747 0.766397 0.270071 0.378231 0.059355 0.296915 0.794540 
0.686215 0.990690 0.451326 0.828036 0.922848 0.581266 0.851654 0.756116 0.584941 0.846272 0.313596 0.564712 0.499914 0.818672 0.613953 0.615484 0.240547 0.827757 0.429678 0.255585 0.564253 0.266182 0.437908 0.493942 0.369431 
0.548650 0.087747 0.610971 0.254345 0.606750 0.909215 0.494284 0.973978 0.605424 0.785891 0.456893 0.979690 0.119425 0.367456 0.320711 0.121938 0.280767 0.738825 0.200305 0.228043 0.396194 0.362371 0.946693 0.803308 0.133165 
0.578269 0.116930 0.031808 0.349751 0.449631 0.823561 0.419404 0.279035 0.936683 0.649731 0.351223 0.188633 0.134198 0.245808 0.867550 0.336395 0.220303 0.536978 0.265433 0.029596 0.321239 0.142108 0.617442 0.981313 0.837922 
0.338380 0.161818 0.410773 0.370054 0.313994 0.223064 0.967117 0.571189 0.494267 0.625224 0.273085 0.856685 0.612138 0.448831 0.602414 0.920253 0.744515 0.489976 0.665601 0.924113 0.207817 0.453545 0.332663 0.897281 0.842908 
0.804772 0.409504 0.401905 0.665132 0.076900 0.304556 0.166479 0.724624 0.584480 0.438457 0.377789 0.861230 0.150576 0.597701 0.357028 0.901843 0.012565 0.053714 0.469207 0.052175 0.644210 0.031921 0.005712 0.909488 0.383502 
0.608637 0.432010 0.805681 0.901607 0.911295 0.907604 0.547763 0.013944 0.328357 0.594993 0.510468 0.644419 0.950803 0.121192 0.826513 0.951807 0.433046 0.129856 0.942182 0.874354 0.107061 0.680610 0.328170 0.531958 0.176731 
0.926317 0.013200 0.017476 0.280165 0.260626 0.631843 0.297493 0.197076 0.631991 0.563876 0.654933 0.695447 0.863366 0.155029 0.125999 0.646986 0.945489 0.186678 0.676275 0.027626 0.191752 0.864089 0.436602 0.822860 0.374664 
0.934834 0.388248 0.572255 0.830962 0.556792 0.727430 0.652976 0.352172 0.881900 0.790576 0.373869 0.203433 0.054471 0.531627 0.717531 0.339855 0.678284 0.789140 0.493831 0.174592 0.258511 0.354539 0.509056 0.175979 0.587706 
0.221226 0.110560 0.550742 0.142878 0.850962 0.405840 0.396016 0.252870 0.219772 0.066245 0.220848 0.947733 0.801122 0.609219 0.334024 0.719155 0.176640 0.851660 0.241434 0.747672 0.487107 0.806229 0.103759 0.825568 0.472639 

-0.870038 -1.494635 -1.360412 -1.622644 -0.664296 -1.069631 -0.496532 -0.285523 -1.046753 -0.220245 -1.465610 -1.308152 -0.111137 0.277182 0.444433 -0.257793 -0.125707 -0.101260 -0.131700 -0.075360 0.108237 0.333108 -0.127136 0.158836 -0.385062 
-0.729531 -0.896678 -1.610331 -0.336120 -1.788447 -0.878006 -0.280870 -0.624006 -0.840484 -1.043743 -0.728016 0.446252 -0.218016 0.047917 -0.144479 -0.136711 -0.104422 0.320852 0.003173 -0.158650 -0.046836 -0.058240 -0.043940 -0.119045 -0.010038 
-1.509631 -0.364815 -1.009248 -0.080743 -1.184130 -1.863752 -1.030927 -0.397997 -0.648528 -1.038137 -1.042636 -0.172733 0.256143 -0.159018 0.072222 -0.126780 0.257096 0.125884 0.058481 -0.068224 -0.208491 -0.432371 0.033877 -0.013467 0.272881 
-0.975606 -0.683291 -0.576764 -1.089157 -0.478068 -0.467971 -0.103637 -1.432264 -0.916838 -0.936214 0.308096 -0.144297 -0.011608 0.332171 0.238277 0.044437 -0.128875 -0.158100 -0.242643 0.352456 -0.107282 -0.019447 0.114303 -0.022717 0.247659 
-1.745275 -1.375923 -0.933454 -1.924952 -1.266776 -0.916097 -0.907829 -1.322874 -0.856698 0.165919 0.014015 -0.109292 -0.555562 0.036741 -0.186315 0.290158 0.224746 0.006500 -0.095167 0.160014 -0.119870 0.300466 0.268854 -0.067298 0.930350 
-1.077959 -2.158074 -0.660645 -1.322187 -0.394994 -0.623731 -1.528686 -0.646368 -0.768570 0.307807 -0.050142 -0.206396 -0.210536 -0.271169 -0.012400 0.021710 0.029098 -0.122227 -0.195468 -0.020049 0.287341 -0.007325 0.127885 -1.366936 0.543671 
-1.116136 -0.769005 -1.467505 -0.404512 -1.497129 -0.950643 -1.160479 -1.374772 0.154696 0.143143 0.213125 0.333831 0.265272 0.382065 -0.260786 0.126739 0.091008 -0.177187 -0.022942 -0.287820 -0.103331 -0.237009 0.246114 -0.542870 -1.300697 
1.760353 -1.814982 -0.793658 -0.994979 -1.268996 -0.961369 -1.343374 -1.401132 0.082427 -0.101689 -0.133689 0.290703 -0.201570 0.051811 0.010062 -0.188697 -0.021518 -0.049536 -0.353962 0.252771 0.114325 0.043860 0.159452 -0.151178 1.186448 
1.789412 0.829483 -1.815788 -1.219251 -1.590273 -1.256074 -1.510055 -0.086827 0.188768 0.218776 0.103826 0.235718 -0.170119 -0.117947 0.360133 0.195190 -0.096934 -0.256464 -0.190993 0.087951 -0.273437 -0.000231 0.645468 0.282966 -0.696639 
1.958762 2.230012 1.753811 1.136196 -1.129456 -0.962943 -0.085488 0.177874 0.468838 0.068760 -0.200460 -0.293817 -0.171511 -0.118258 -0.013159 0.146601 -0.130069 -0.223489 0.117397 -0.146959 -2.120290 0.932085 0.464818 -1.215408 1.436066 
1.100264 2.073350 1.833122 2.115859 1.826739 -1.081124 -0.131863 -0.055909 -0.038788 -0.033312 0.286404 -0.026923 -0.368874 -0.229457 0.227700 0.362057 0.138962 0.070229 -0.047690 -0.337501 0.036737 -1.004769 -0.759617 1.439289 0.948226 
1.945803 1.176882 1.014780 1.538239 1.661338 2.499244 0.138013 0.150617 -0.102365 -0.152646 0.063559 -0.209054 -0.169084 -0.041758 0.169401 0.110069 0.218287 0.045720 -0.008822 -1.165994 0.909127 0.083491 -0.925220 0.683819 1.259712 
0.825538 1.955661 1.997592 2.262216 0.516436 0.255608 -0.042419 -0.167699 0.083484 -0.400774 0.515480 -0.166348 0.023670 0.054358 -0.161971 0.238331 -0.069297 -0.227685 -1.012914 0.887008 0.074512 -0.492541 -1.876919 -0.653811 0.344926 
1.620358 2.190202 0.336444 2.112930 1.033264 1.413042 2.295906 0.002818 -0.057436 0.223234 0.017711 0.064100 -0.412912 0.178402 0.266215 0.378988 -0.006144 0.100875 -0.493969 0.627979 1.190352 0.519440 -0.242229 1.158323 0.475813 
2.075835 1.947859 0.721827 1.481582 0.643242 0.667440 0.670130 -0.173448 0.058780 -0.118714 -0.120809 -0.004087 0.060853 -0.010025 0.135962 -0.066630 -0.150398 0.195583 -0.147237 1.268741 1.191446 1.199599 -0.362589 0.343815 0.070833 
1.405664 1.595243 1.732406 1.014658 2.128367 1.682689 -0.586401 0.295681 0.069011 0.098500 -0.065869 0.136297 -0.044163 0.017721 0.019147 0.309227 0.518290 0.509531 -0.778264 0.500952 0.284249 0.080719 -1.610758 -0.995860 -0.539200 
2.573285 1.810366 -0.281719 -1.246492 -1.281987 -0.645377 -1.512437 -1.559741 -1.184588 -0.124609 0.255354 -0.186260 0.260545 0.030011 -0.060914 0.382620 -0.452609 0.829361 0.618819 -1.128609 0.986912 0.307667 -0.849873 0.094945 -0.420182 
-0.165615 0.716726 -0.893418 0.678168 -0.484903 -1.106405 -0.300575 -1.670734 -0.761805 -1.039026 -0.331734 -0.337329 0.047291 0.083936 -0.222150 -1.799519 0.141714 0.812057 -1.539247 0.132750 0.880048 0.277340 0.662199 0.693597 -0.023789 
-1.112656 0.118576 0.765850 0.329842 -0.642008 -1.152744 -0.520867 0.789518 -0.680698 -1.207372 -0.449247 0.238632 -0.253688 -0.148250 0.512441 0.473197 0.432890 0.747784 -0.183873 -1.367706 0.118722 -1.269213 -0.551943 1.363521 1.327404 
0.005792 -0.332017 -0.303402 0.107223 0.131484 -0.030321 -1.249228 -0.932205 -0.775842 -0.230842 -0.291523 -1.309520 -1.304791 0.829194 -0.629117 0.613882 0.558102 -0.505116 0.665266 0.799097 -1.402643 0.658011 0.472698 0.758002 0.101494 
-0.755402 -0.502119 -0.518930 -0.955049 -0.147295 -0.128537 0.433247 -0.256265 -0.631229 -0.275232 -1.023122 -1.676159 -0.040056 -0.549383 0.373796 1.052868 0.040723 -0.262143 -0.636197 -0.299299 1.013591 -0.145270 0.135689 0.813594 -0.741587 
-0.484144 -0.233237 -1.243903 -1.192376 -1.489055 -1.473793 -0.576150 -0.188161 0.363318 0.113361 -1.158017 -0.447636 -1.616785 0.513091 0.096533 0.473621 0.054332 -1.213236 1.574275 0.117758 -0.537460 1.226644 -0.821572 1.221902 -0.493764 
-1.465238 0.602549 0.660250 -0.337457 0.509129 -1.050680 0.550937 0.100572 -0.973196 -0.259790 -0.744461 -0.715908 -0.905224 -0.092825 -1.106622 1.003759 1.693823 -0.810201 1.032368 -0.344541 -0.124792 1.217285 -0.907670 0.051063 0.768754 
-1.319325 -0.106586 -0.836505 -0.706588 -0.974725 -0.810063 -0.747593 -0.347299 -0.808642 -1.118054 -0.262297 0.019801 0.466744 -0.788605 0.451948 0.898957 0.076009 -0.007950 -0.274254 -1.793061 -1.447979 -0.532192 0.214324 -1.500953 -0.257069 
-0.151269 0.376400 -0.890055 -0.118878 -1.158554 -0.816490 -0.796451 0.233275 -0.539618 0.687733 0.279441 -1.549235 -1.482599 -0.942589 -1.279591 1.341081 -0.474324 0.738242 -0.327532 -0.446195 0.122912 0.650881 -1.474512 0.317888 0.677960 

2 2 2 2 2 2 2 2 2 2 2 2 0 0 0 0 0 0 0 0 0 0 0 0 0 
2 2 2 2 2 2 2 2 2 2 2 0 0 0 0 0 0 0 0 0 0 0 0 0 0 
2 2 2 2 2 2 2 2 2 2 2 0 0 0 0 0 0 0 0 0 0 0 0 0 0 
2 2 2 2 2 2 2 2 2 2 0 0 0 0 0 0 0 0 0 0 0 0 0 0 0 
2 2 2 2 2 2 2 2 2 0 0 0 0 0 0 0 0 0 0 0 0 0 0 0 1 
2 2 2 2 2 2 2 2 2 0 0 0 0 0 0 0 0 0 0 0 0 0 0 1 1 
2 2 2 2 2 2 2 2 0 0 0 0 0 0 0 0 0 0 0 0 0 0 0 1 1 
3 2 2 2 2 2 2 2 0 0 0 0 0 0 0 0 0 0 0 0 0 0 1 1 1 
3 3 2 2 2 2 2 0 0 0 0 0 0 0 0 0 0 0 0 0 0 1 1 1 1 
3 3 3 3 2 2 0 0 0 0 0 0 0 0 0 0 0 0 0 0 1 1 1 1 1 
3 3 3 3 3 2 0 0 0 0 0 0 0 0 0 0 0 0 0 0 1 1 1 1 1 
3 3 3 3 3 3 0 0 0 0 0 0 0 0 0 0 0 0 0 1 1 1 1 1 1 
3 3 3 3 3 3 0 0 0 0 0 0 0 0 0 0 0 0 1 1 1 1 1 1 1 
3 3 3 3 3 3 3 0 0 0 0 0 0 0 0 0 0 0 1 1 1 1 1 1 1 
3 3 3 3 3 3 3 0 0 0 0 0 0 0 0 0 0 1 1 1 1 1 1 1 1 
3 3 3 3 3 3 4 4 0 0 0 0 0 0 0 0 1 1 1 1 1 1 1 1 1 
3 3 4 4 4 4 4 4 4 0 0 0 0 0 0 1 1 1 1 1 1 1 1 1 1 
4 4 4 4 4 4 4 4 4 4 4 0 0 0 0 1 1 1 1 1 1 1 1 1 1 
4 4 4 4 4 4 4 4 4 4 4 4 0 0 1 1 1 1 1 1 1 1 1 1 1 
4 4 4 4 4 4 4 4 4 4 4 4 4 1 1 1 1 1 1 1 1 1 1 1 1 
4 4 4 4 4 4 4 4 4 4 4 4 4 4 1 1 1 1 1 1 1 1 1 1 1 
4 4 4 4 4 4 4 4 4 4 4 4 4 4 1 1 1 1 1 1 1 1 1 1 1 
4 4 4 4 4 4 4 4 4 4 4 4 4 4 1 1 1 1 1 1 1 1 1 1 1 
4 4 4 4 4 4 4 4 4 4 4 4 4 4 1 1 1 1 1 1 1 1 1 1 1 
4 4 4 4 4 4 4 4 4 4 4 4 4 4 1 1 1 1 1 1 1 1 1 1 1 

-1.0 -1.0 -1.0 -1.0 -1.0 -1.0 -1.0 -1.0 -1.0 -1.0 -1.0 -1.0 0.0 0.0 0.0 0.0 0.0 0.0 0.0 0.0 0.0 0.0 0.0 0.0 0.0 
-1.0 -1.0 -1.0 -1.0 -1.0 -1.0 -1.0 -1.0 -1.0 -1.0 -1.0 0.0 0.0 0.0 0.0 0.0 0.0 0.0 0.0 0.0 0.0 0.0 0.0 0.0 0.0 
-1.0 -1.0 -1.0 -1.0 -1.0 -1.0 -1.0 -1.0 -1.0 -1.0 -1.0 0.0 0.0 0.0 0.0 0.0 0.0 0.0 0.0 0.0 0.0 0.0 0.0 0.0 0.0 
-1.0 -1.0 -1.0 -1.0 -1.0 -1.0 -1.0 -1.0 -1.0 -1.0 0.0 0.0 0.0 0.0 0.0 0.0 0.0 0.0 0.0 0.0 0.0 0.0 0.0 0.0 0.0 
-1.0 -1.0 -1.0 -1.0 -1.0 -1.0 -1.0 -1.0 -1.0 0.0 0.0 0.0 0.0 0.0 0.0 0.0 0.0 0.0 0.0 0.0 0.0 0.0 0.0 0.0 -2.0 
-1.0 -1.0 -1.0 -1.0 -1.0 -1.0 -1.0 -1.0 -1.0 0.0 0.0 0.0 0.0 0.0 0.0 0.0 0.0 0.0 0.0 0.0 0.0 0.0 0.0 -2.0 -2.0 
-1.0 -1.0 -1.0 -1.0 -1.0 -1.0 -1.0 -1.0 0.0 0.0 0.0 0.0 0.0 0.0 0.0 0.0 0.0 0.0 0.0 0.0 0.0 0.0 0.0 -2.0 -2.0 
2.0 -1.0 -1.0 -1.0 -1.0 -1.0 -1.0 -1.0 0.0 0.0 0.0 0.0 0.0 0.0 0.0 0.0 0.0 0.0 0.0 0.0 0.0 0.0 -2.0 -2.0 -2.0 
2.0 2.0 -1.0 -1.0 -1.0 -1.0 -1.0 0.0 0.0 0.0 0.0 0.0 0.0 0.0 0.0 0.0 0.0 0.0 0.0 0.0 0.0 -2.0 -2.0 -2.0 -2.0 
2.0 2.0 2.0 2.0 -1.0 -1.0 0.0 0.0 0.0 0.0 0.0 0.0 0.0 0.0 0.0 0.0 0.0 0.0 0.0 0.0 -2.0 -2.0 -2.0 -2.0 -2.0 
2.0 2.0 2.0 2.0 2.0 -1.0 0.0 0.0 0.0 0.0 0.0 0.0 0.0 0.0 0.0 0.0 0.0 0.0 0.0 0.0 -2.0 -2.0 -2.0 -2.0 -2.0 
2.0 2.0 2.0 2.0 2.0 2.0 0.0 0.0 0.0 0.0 0.0 0.0 0.0 0.0 0.0 0.0 0.0 0.0 0.0 -2.0 -2.0 -2.0 -2.0 -2.0 -2.0 
2.0 2.0 2.0 2.0 2.0 2.0 0.0 0.0 0.0 0.0 0.0 0.0 0.0 0.0 0.0 0.0 0.0 0.0 -2.0 -2.0 -2.0 -2.0 -2.0 -2.0 -2.0 
2.0 2.0 2.0 2.0 2.0 2.0 2.0 0.0 0.0 0.0 0.0 0.0 0.0 0.0 0.0 0.0 0.0 0.0 -2.0 -2.0 -2.0 -2.0 -2.0 -2.0 -2.0 
2.0 2.0 2.0 2.0 2.0 2.0 2.0 0.0 0.0 0.0 0.0 0.0 0.0 0.0 0.0 0.0 0.0 -2.0 -2.0 -2.0 -2.0 -2.0 -2.0 -2.0 -2.0 
2.0 2.0 2.0 2.0 2.0 2.0 1.0 1.0 0.0 0.0 0.0 0.0 0.0 0.0 0.0 0.0 -2.0 -2.0 -2.0 -2.0 -2.0 -2.0 -2.0 -2.0 -2.0 
2.0 2.0 1.0 1.0 1.0 1.0 1.0 1.0 1.0 0.0 0.0 0.0 0.0 0.0 0.0 -2.0 -2.0 -2.0 -2.0 -2.0 -2.0 -2.0 -2.0 -2.0 -2.0 
1.0 1.0 1.0 1.0 1.0 1.0 1.0 1.0 1.0 1.0 1.0 0.0 0.0 0.0 0.0 -2.0 -2.0 -2.0 -2.0 -2.0 -2.0 -2.0 -2.0 -2.0 -2.0 
1.0 1.0 1.0 1.0 1.0 1.0 1.0 1.0 1.0 1.0 1.0 1.0 0.0 0.0 -2.0 -2.0 -2.0 -2.0 -2.0 -2.0 -2.0 -2.0 -2.0 -2.0 -2.0 
1.0 1.0 1.0 1.0 1.0 1.0 1.0 1.0 1.0 1.0 1.0 1.0 1.0 -2.0 -2.0 -2.0 -2.0 -2.0 -2.0 -2.0 -2.0 -2.0 -2.0 -2.0 -2.0 
1.0 1.0 1.0 1.0 1.0 1.0 1.0 1.0 1.0 1.0 1.0 1.0 1.0 1.0 -2.0 -2.0 -2.0 -2.0 -2.0 -2.0 -2.0 -2.0 -2.0 -2.0 -2.0 
1.0 1.0 1.0 1.0 1.0 1.0 1.0 1.0 1.0 1.0 1.0 1.0 1.0 1.0 -2.0 -2.0 -2.0 -2.0 -2.0 -2.0 -2.0 -2.0 -2.0 -2.0 -2.0 
1.0 1.0 1.0 1.0 1.0 1.0 1.0 1.0 1.0 1.0 1.0 1.0 1.0 1.0 -2.0 -2.0 -2.0 -2.0 -2.0 -2.0 -2.0 -2.0 -2.0 -2.0 -2.0 
1.0 1.0 1.0 1.0 1.0 1.0 1.0 1.0 1.0 1.0 1.0 1.0 1.0 1.0 -2.0 -2.0 -2.0 -2.0 -2.0 -2.0 -2.0 -2.0 -2.0 -2.0 -2.0 
1.0 1.0 1.0 1.0 1.0 1.0 1.0 1.0 1.0 1.0 1.0 1.0 1.0 1.0 -2.0 -2.0 -2.0 -2.0 -2.0 -2.0 -2.0 -2.0 -2.0 -2.0 -2.0 

-1.0 -1.0 -1.0 -1.0 -1.0 -1.0 -1.0 -1.0 -1.0 -1.0 -1.0 -1.0 0.0 0.0 0.0 0.0 0.0 0.0 0.0 0.0 0.0 0.0 0.0 0.0 0.0 
-1.0 -1.0 -1.0 -1.0 -1.0 -1.0 -1.0 -1.0 -1.0 -1.0 -1.0 0.0 0.0 0.0 0.0 0.0 0.0 0.0 0.0 0.0 0.0 0.0 0.0 0.0 0.0 
-1.0 -1.0 -1.0 -1.0 -1.0 -1.0 -1.0 -1.0 -1.0 -1.0 -1.0 0.0 0.0 0.0 0.0 0.0 0.0 0.0 0.0 0.0 0.0 0.0 0.0 0.0 0.0 
-1.0 -1.0 -1.0 -1.0 -1.0 -1.0 -1.0 -1.0 -1.0 -1.0 0.0 0.0 0.0 0.0 0.0 0.0 0.0 0.0 0.0 0.0 0.0 0.0 0.0 0.0 0.0 
-1.0 -1.0 -1.0 -1.0 -1.0 -1.0 -1.0 -1.0 -1.0 0.0 0.0 0.0 0.0 0.0 0.0 0.0 0.0 0.0 0.0 0.0 0.0 0.0 0.0 0.0 2.0 
-1.0 -1.0 -1.0 -1.0 -1.0 -1.0 -1.0 -1.0 -1.0 0.0 0.0 0.0 0.0 0.0 0.0 0.0 0.0 0.0 0.0 0.0 0.0 0.0 0.0 2.0 2.0 
-1.0 -1.0 -1.0 -1.0 -1.0 -1.0 -1.0 -1.0 0.0 0.0 0.0 0.0 0.0 0.0 0.0 0.0 0.0 0.0 0.0 0.0 0.0 0.0 0.0 2.0 2.0 
1.0 -1.0 -1.0 -1.0 -1.0 -1.0 -1.0 -1.0 0.0 0.0 0.0 0.0 0.0 0.0 0.0 0.0 0.0 0.0 0.0 0.0 0.0 0.0 2.0 2.0 2.0 
1.0 1.0 -1.0 -1.0 -1.0 -1.0 -1.0 0.0 0.0 0.0 0.0 0.0 0.0 0.0 0.0 0.0 0.0 0.0 0.0 0.0 0.0 2.0 2.0 2.0 2.0 
1.0 1.0 1.0 1.0 -1.0 -1.0 0.0 0.0 0.0 0.0 0.0 0.0 0.0 0.0 0.0 0.0 0.0 0.0 0.0 0.0 2.0 2.0 2.0 2.0 2.0 
1.0 1.0 1.0 1.0 1.0 -1.0 0.0 0.0 0.0 0.0 0.0 0.0 0.0 0.0 0.0 0.0 0.0 0.0 0.0 0.0 2.0 2.0 2.0 2.0 2.0 
1.0 1.0 1.0 1.0 1.0 1.0 0.0 0.0 0.0 0.0 0.0 0.0 0.0 0.0 0.0 0.0 0.0 0.0 0.0 2.0 2.0 2.0 2.0 2.0 2.0 
1.0 1.0 1.0 1.0 1.0 1.0 0.0 0.0 0.0 0.0 0.0 0.0 0.0 0.0 0.0 0.0 0.0 0.0 2.0 2.0 2.0 2.0 2.0 2.0 2.0 
1.0 1.0 1.0 1.0 1.0 1.0 1.0 0.0 0.0 0.0 0.0 0.0 0.0 0.0 0.0 0.0 0.0 0.0 2.0 2.0 2.0 2.0 2.0 2.0 2.0 
1.0 1.0 1.0 1.0 1.0 1.0 1.0 0.0 0.0 0.0 0.0 0.0 0.0 0.0 0.0 0.0 0.0 2.0 2.0 2.0 2.0 2.0 2.0 2.0 2.0 
1.0 1.0 1.0 1.0 1.0 1.0 -2.0 -2.0 0.0 0.0 0.0 0.0 0.0 0.0 0.0 0.0 2.0 2.0 2.0 2.0 2.0 2.0 2.0 2.0 2.0 
1.0 1.0 -2.0 -2.0 -2.0 -2.0 -2.0 -2.0 -2.0 0.0 0.0 0.0 0.0 0.0 0.0 2.0 2.0 2.0 2.0 2.0 2.0 2.0 2.0 2.0 2.0 
-2.0 -2.0 -2.0 -2.0 -2.0 -2.0 -2.0 -2.0 -2.0 -2.0 -2.0 0.0 0.0 0.0 0.0 2.0 2.0 2.0 2.0 2.0 2.0 2.0 2.0 2.0 2.0 
-2.0 -2.0 -2.0 -2.0 -2.0 -2.0 -2.0 -2.0 -2.0 -2.0 -2.0 -2.0 0.0 0.0 2.0 2.0 2.0 2.0 2.0 2.0 2.0 2.0 2.0 2.0 2.0 
-2.0 -2.0 -2.0 -2.0 -2.0 -2.0 -2.0 -2.0 -2.0 -2.0 -2.0 -2.0 -2.0 2.0 2.0 2.0 2.0 2.0 2.0 2.0 2.0 2.0 2.0 2.0 2.0 
-2.0 -2.0 -2.0 -2.0 -2.0 -2.0 -2.0 -2.0 -2.0 -2.0 -2.0 -2.0 -2.0 -2.0 2.0 2.0 2.0 2.0 2.0 2.0 2.0 2.0 2.0 2.0 2.0 
-2.0 -2.0 -2.0 -2.0 -2.0 -2.0 -2.0 -2.0 -2.0 -2.0 -2.0 -2.0 -2.0 -2.0 2.0 2.0 2.0 2.0 2.0 2.0 2.0 2.0 2.0 2.0 2.0 
-2.0 -2.0 -2.0 -2.0 -2.0 -2.0 -2.0 -2.0 -2.0 -2.0 -2.0 -2.0 -2.0 -2.0 2.0 2.0 2.0 2.0 2.0 2.0 2.0 2.0 2.0 2.0 2.0 
-2.0 -2.0 -2.0 -2.0 -2.0 -2.0 -2.0 -2.0 -2.0 -2.0 -2.0 -2.0 -2.0 -2.0 2.0 2.0 2.0 2.0 2.0 2.0 2.0 2.0 2.0 2.0 2.0 
-2.0 -2.0 -2.0 -2.0 -2.0 -2.0 -2.0 -2.0 -2.0 -2.0 -2.0 -2.0 -2.0 -2.0 2.0 2.0 2.0 2.0 2.0 2.0 2.0 2.0 2.0 2.0 2.0 

