0.364641 0.483419 0.389960 0.541976 0.399256 0.011909 0.267285 0.649038 0.153976 0.735254 0.375197 0.445482 0.010423 0.855297 0.491411 0.495903 0.788705 0.013470 0.192123 0.883600 0.656719 0.411932 0.519555 0.835099 0.627278 
0.961719 0.150444 0.121832 0.660351 0.113968 0.924885 0.830291 0.805960 0.874274 0.199881 0.237013 0.692581 0.155782 0.908392 0.118046 0.155397 0.033791 0.337751 0.305870 0.832214 0.907591 0.472900 0.233995 0.296491 0.116979 
0.711310 0.527385 0.986642 0.952421 0.905801 0.925452 0.102473 0.092777 0.836114 0.359801 0.701258 0.864509 0.350208 0.768441 0.094952 0.428991 0.382482 0.884068 0.621457 0.821121 0.564902 0.776361 0.230838 0.312151 0.076711 
0.460075 0.212414 0.725412 0.249156 0.566791 0.815635 0.958934 0.785604 0.844812 0.304736 0.802241 0.951416 0.750212 0.149241 0.004090 0.159529 0.778975 0.802878 0.818962 0.929290 0.365001 0.289122 0.043914 0.162156 0.161148 
0.063167 0.209459 0.092282 0.393363 0.137536 0.844425 0.668015 0.536636 0.356897 0.201470 0.677097 0.185696 0.873468 0.958388 0.939074 0.574237 0.789247 0.808383 0.419715 0.714641 0.112617 0.990320 0.232738 0.826546 0.536229 
0.636141 0.746065 0.483168 0.413474 0.838222 0.682092 0.504483 0.462577 0.938301 0.701234 0.363481 0.326666 0.259331 0.288870 0.064950 0.669669 0.670461 0.324184 0.764114 0.513058 0.137225 0.902537 0.211157 0.668661 0.030810 
0.530384 0.649779 0.492244 0.762598 0.891419 0.398012 0.443158 0.483452 0.406938 0.587220 0.670603 0.100877 0.294531 0.307434 0.129514 0.645151 0.859131 0.075229 0.172955 0.156971 0.017210 0.999279 0.661747 0.273332 0.920702 
0.657317 0.772585 0.953550 0.847787 0.951832 0.748895 0.961940 0.504482 0.494059 0.852965 0.776334 0.658838 0.392299 0.513436 0.291218 0.626818 0.897386 0.458516 0.490605 0.663436 0.088578 0.798112 0.883030 0.176808 0.653992 
0.315321 0.865171 0.723184 0.703577 0.511077 0.703101 0.544531 0.781724 0.622632 0.746076 0.803517 0.710102 0.845569 0.514569 0.701386 0.609476 0.112980 0.708222 0.621712 0.198811 0.456637 0.245558 0.494934 0.765945 0.062183 
0.406342 0.897962 0.578616 0.905654 0.903061 0.238128 0.347092 0.209946 0.073825 0.993237 0.822690 0.284936 0.097030 0.644658 0.786632 0.656064 0.412153 0.254480 0.964283 0.180987 0.568049 0.515367 0.327351 0.454741 0.771602 
0.280339 0.970158 0.480550 0.189785 0.470232 0.590999 0.848696 0.640402 0.771614 0.262396 0.301252 0.317418 0.229192 0.119220 0.416988 0.858828 0.063419 0.059295 0.474790 0.366428 0.317308 0.844681 0.257662 0.861382 0.997128 
0.922909 0.248542 0.232164 0.236862 0.221828 0.425702 0.026794 0.892215 0.264973 0.320988 0.599724 0.284171 0.703380 0.033126 0.500639 0.161718 0.617951 0.847269 0.230422 0.545937 0.280152 0.021468 0.101753 0.894942 0.183778 
0.778413 0.979705 0.947794 0.416925 0.340729 0.527597 0.682846 0.316411 0.495309 0.532965 0.160500 0.913758 0.522456 0.157760 0.504100 0.237271 0.312186 0.162754 0.564073 0.856348 0.849642 0.395648 0.569096 0.740923 0.358950 
0.856417 0.741603 0.464166 0.164719 0.130540 0.249367 0.199607 0.653244 0.672398 0.624487 0.509137 0.472568 0.311574 0.236758 0.622124 0.440497 0.887063 0.788132 0.850177 0.464861 0.071744 0.256440 0.025247 0.725588 0.346526 
0.245620 0.494347 0.814171 0.532559 0.587236 0.710881 0.379041 0.149609 0.185207 0.506322 0.989702 0.434299 0.304291 0.791245 0.047366 0.404632 0.416914 0.671504 0.336802 0.045308 0.562774 0.289650 0.064805 0.905146 0.137026 
0.825880 0.037015 0.050062 0.625983 0.423028 0.239679 0.257582 0.979597 0.947622 0.796671 0.323637 0.048699 0.557809 0.167541 0.709294 0.760888 0.349137 0.842372 0.322467 0.622449 0.441690 0.818121 0.636329 0.773855 0.106423 
0.429618 0.678903 0.631192 0.909595 0.790466 0.575609 0.235419 0.262336 0.311948 0.756623 0.471426 0.809992 0.101718 0.873305 0.425091 0.998209 0.187915 0.688162 0.449507 0.891721 0.024787 0.537148 0.357127 0.701703 0.268121 
0.765651 0.997913 0.669933 0.265141 0.024599 0.037259 0.950861 0.986395 0.605483 0.291039 0.566730 0.110493 0.260445 0.960255 0.148692 0.264820 0.372411 0.173269 0.118967 0.295093 0.222442 0.668264 0.636756 0.185426 0.789061 
0.908483 0.173871 0.841213 0.489095 0.800025 0.960037 0.583386 0.158730 0.850502 0.880474 0.155459 0.429766 0.237554 0.143278 0.981627 0.052429 0.686697 0.485679 0.823755 0.738689 0.301581 0.093462 0.809469 0.259830 0.808741 
0.376197 0.227137 0.970349 0.117645 0.755435 0.490862 0.270585 0.199206 0.080903 0.045269 0.982792 0.106282 0.394486 0.119014 0.830493 0.388334 0.217542 0.261523 0.834513 0.552378 0.976560 0.227932 0.225114 0.538583 0.927297 
0.762889 0.370150 0.013297 0.710944 0.984356 0.256495 0.912462 0.153251 0.092890 0.676848 0.939358 0.495053 0.394836 0.687726 0.608907 0.075337 0.318738 0.596351 0.227527 0.608800 0.448603 0.537088 0.939905 0.084903 0.981810 
0.111818 0.248722 0.525694 0.621852 0.408192 0.989925 0.453219 0.752066 0.561102 0.629724 0.542794 0.459343 0.942969 0.830222 0.189621 0.200125 0.903771 0.670433 0.333510 0.863738 0.718162 0.081918 0.379444 0.041892 0.075603 
0.872592 0.973951 0.578083 0.374295 0.353638 0.167887 0.067799 0.623907 0.877385 0.324194 0.784527 0.270735 0.667851 0.895827 0.368892 0.758472 0.519044 0.089598 0.322594 0.485039 0.993388 0.746071 0.213602 0.239596 0.295292 
0.304217 0.893231 0.795571 0.444880 0.046018 0.421063 0.480906 0.129608 0.636659 0.921942 0.684225 0.577191 0.115823 0.113372 0.641411 0.298186 0.947890 0.112095 0.256236 0.533575 0.718431 0.019325 0.717683 0.063793 0.659484 
0.742634 0.892290 0.065564 0.407143 0.645950 0.329676 0.885619 0.944220 0.760410 0.609758 0.911404 0.681519 0.693104 0.525426 0.171849 0.873663 0.673741 0.233157 0.235059 0.007347 0.474987 0.237042 0.035899 0.332253 0.751631 

0.652201 0.468290 0.490266 0.429630 0.269133 0.809887 0.017194 0.468699 0.930209 0.849619 0.133548 0.120486 0.747492 0.877099 0.635590 0.186590 0.103419 0.553785 0.600859 0.356043 0.049626 0.204979 0.838704 0.164974 0.017862 
0.110044 0.956130 0.294011 0.118573 0.972722 0.029210 0.142222 0.491357 0.850585 0.631866 0.919727 0.036792 0.353346 0.512795 0.444651 0.187289 0.214330 0.983534 0.591596 0.615355 0.355533 0.476948 0.485511 0.892602 0.869651 
0.932317 0.957147 0.309938 0.974713 0.580588 0.541839 0.453190 0.047819 0.585164 0.145733 0.726039 0.526357 0.070994 0.148765 0.809331 0.303538 0.249706 0.853487 0.527859 0.804646 0.381178 0.931932 0.756882 0.858162 0.400211 
0.328554 0.981068 0.498235 0.587501 0.525455 0.295016 0.262165 0.292175 0.865948 0.023386 0.316755 0.252520 0.648768 0.516255 0.809929 0.413599 0.063722 0.281428 0.321333 0.411512 0.231456 0.918278 0.534864 0.762242 0.683699 
0.823693 0.324761 0.334639 0.854319 0.078943 0.257017 0.348602 0.984746 0.060214 0.202885 0.391973 0.270377 0.936034 0.686772 0.722669 0.181788 0.089588 0.098204 0.508279 0.714428 0.721498 0.664204 0.001619 0.959474 0.759316 
0.336277 0.201992 0.857708 0.049587 0.343387 0.702999 0.794723 0.123305 0.319223 0.173827 0.117814 0.773999 0.683049 0.318845 0.226766 0.272340 0.916952 0.386647 0.056431 0.160606 0.231899 0.550815 0.281258 0.975004 0.481297 
0.074629 0.205236 0.181395 0.325687 0.105718 0.494674 0.700328 0.583048 0.357922 0.190960 0.974432 0.565428 0.951361 0.648352 0.964419 0.849767 0.423940 0.502743 0.694658 0.669437 0.729352 0.601541 0.690067 0.161953 0.791023 
0.435749 0.617161 0.320230 0.300530 0.583676 0.257394 0.201942 0.831805 0.428768 0.722175 0.665245 0.137993 0.123950 0.116073 0.465060 0.808240 0.007238 0.736368 0.232517 0.798300 0.633879 0.699198 0.729372 0.113727 0.205746 
0.600250 0.700053 0.778228 0.668584 0.989540 0.533775 0.761950 0.790358 0.405898 0.975190 0.771723 0.177295 0.312189 0.514842 0.933793 0.985707 0.541784 0.152279 0.174515 0.016832 0.219674 0.871570 0.796313 0.767922 0.861895 
0.517938 0.621570 0.102476 0.357657 0.880411 0.453592 0.574131 0.567193 0.436307 0.030203 0.769710 0.077019 0.374361 0.917107 0.255177 0.353784 0.395940 0.759786 0.557425 0.671795 0.693428 0.925872 0.970738 0.484818 0.122910 
0.712869 0.454648 0.028916 0.167217 0.361609 0.801099 0.754173 0.596959 0.472598 0.964782 0.095803 0.713189 0.388769 0.820039 0.900358 0.152815 0.204333 0.531105 0.621072 0.033539 0.284935 0.295425 0.748602 0.988499 0.132851 
0.182094 0.870385 0.895014 0.579742 0.954240 0.160435 0.262030 0.372635 0.189177 0.300405 0.162746 0.024440 0.612399 0.338506 0.724071 0.691027 0.838816 0.309998 0.926284 0.186090 0.158933 0.595343 0.729146 0.699539 0.429995 
0.111227 0.343908 0.404091 0.210151 0.070710 0.698522 0.915757 0.655911 0.753106 0.235835 0.530224 0.037126 0.886007 0.986198 0.682567 0.729834 0.170978 0.306273 0.574854 0.095201 0.425454 0.893621 0.223654 0.031547 0.970988 
0.725199 0.372880 0.096184 0.890451 0.149166 0.476129 0.483258 0.126928 0.322415 0.682050 0.918696 0.685831 0.235696 0.023195 0.937885 0.154371 0.467450 0.875072 0.527090 0.066960 0.904974 0.373613 0.967400 0.338600 0.867831 
0.106384 0.435630 0.600213 0.352090 0.292623 0.057110 0.044221 0.781222 0.645389 0.502509 0.116624 0.602239 0.273010 0.362468 0.341106 0.951779 0.112790 0.073045 0.106741 0.182663 0.242855 0.790133 0.923197 0.568583 0.613562 
0.280257 0.890321 0.558254 0.489919 0.962783 0.233474 0.173454 0.732985 0.535566 0.755875 0.035265 0.063674 0.622874 0.117176 0.446789 0.812777 0.124049 0.640765 0.063630 0.626369 0.079324 0.468731 0.775304 0.272393 0.687831 
0.523311 0.572100 0.481408 0.996295 0.140766 0.075411 0.955569 0.990807 0.633161 0.973608 0.118095 0.033901 0.075280 0.725855 0.811969 0.162327 0.903896 0.054472 0.473750 0.566354 0.022434 0.199806 0.600652 0.905870 0.079167 
0.424279 0.763932 0.228276 0.686465 0.027517 0.381388 0.569417 0.290039 0.840427 0.498415 0.231181 0.032103 0.003989 0.016967 0.695610 0.101802 0.350478 0.909089 0.014479 0.543945 0.338074 0.229495 0.726367 0.883262 0.345668 
0.771900 0.814264 0.650109 0.963013 0.589683 0.708957 0.878936 0.303907 0.245584 0.852663 0.673065 0.017501 0.441868 0.277982 0.581999 0.692659 0.504296 0.704116 0.083635 0.764037 0.886447 0.124337 0.753682 0.151976 0.456407 
0.504471 0.195372 0.486077 0.993676 0.667020 0.979275 0.315792 0.763050 0.181946 0.148294 0.863769 0.152022 0.445617 0.563453 0.247382 0.503180 0.342665 0.502645 0.619570 0.510265 0.935082 0.810587 0.841650 0.077772 0.251018 
0.294151 0.786107 0.057386 0.413131 0.157135 0.511686 0.040011 0.376964 0.229269 0.686434 0.789574 0.283740 0.527528 0.567213 0.146000 0.483998 0.158749 0.410109 0.484488 0.983005 0.278756 0.320371 0.819443 0.012082 0.628007 
0.100844 0.617986 0.238583 0.354330 0.999194 0.833323 0.055525 0.418465 0.326187 0.282861 0.306827 0.745187 0.938961 0.905940 0.741265 0.500237 0.045146 0.669377 0.054094 0.142152 0.682950 0.405047 0.744241 0.806710 0.530952 
0.759032 0.393711 0.813643 0.159608 0.667019 0.238858 0.940547 0.724206 0.365055 0.612938 0.203650 0.277046 0.408758 0.205477 0.487097 0.700290 0.014331 0.110086 0.593172 0.646304 0.798972 0.066553 0.347113 0.183601 0.055884 
0.752373 0.544742 0.378278 0.172891 0.658633 0.876499 0.963475 0.831565 0.474375 0.749297 0.274673 0.269853 0.855723 0.929704 0.904975 0.323865 0.657253 0.259916 0.634883 0.054643 0.052441 0.344813 0.715523 0.275693 0.440121 
0.947262 0.076136 0.340222 0.668938 0.811941 0.152257 0.601492 0.994873 0.658506 0.923857 0.869128 0.659333 0.474587 0.097834 0.403464 0.751613 0.963048 0.338270 0.947426 0.913102 0.693209 0.964193 0.535419 0.165055 0.355654 

-0.629204 -0.212398 -0.295488 0.816440 -0.112951 -1.450555 0.434376 -0.027792 -1.404094 -0.210994 0.872144 1.200428 -1.516958 -0.068396 -0.060152 1.148644 0.927354 -1.135220 -1.153196 1.492809 1.362197 0.497178 -0.833738 1.632622 1.387399 
2.385014 -1.408194 -0.369859 1.168882 -1.627078 2.290862 1.646839 0.526285 0.151706 -0.584815 -1.251771 0.854759 -0.303908 0.949832 -0.812545 -0.083309 -0.687728 -1.316410 -1.172294 0.616290 1.471900 0.063178 -0.435436 -1.185173 -1.070955 
-0.656210 -1.107705 1.227138 0.433172 1.044931 0.651712 -1.115792 0.107131 -0.071932 0.111089 -0.172651 0.466203 0.779734 1.531830 -1.170200 0.403821 -0.388271 0.188267 -0.112321 0.528871 0.152700 0.246974 -1.262413 -1.616749 -0.366733 
0.032929 -1.633628 0.200126 -0.630398 0.303466 1.002399 1.550353 1.415351 -0.044954 0.835268 0.899318 1.331851 0.051700 -0.489506 -1.908212 -0.108206 1.551236 1.273434 1.137959 0.795323 -0.288642 -1.007280 -0.774656 -1.066525 -1.612850 
-1.624065 0.541078 -0.045320 -0.931873 0.708115 1.560378 0.564630 -0.272859 0.572299 -0.015121 0.744284 -0.519685 -0.099609 0.408002 0.815642 0.221500 1.371499 1.836167 -0.821953 0.235447 -1.136989 0.943357 0.912367 -0.555278 -0.645213 
-0.371360 -1.225969 0.966800 -0.355522 -0.972628 0.445156 0.660558 -0.513050 -1.191677 -1.400971 0.005084 0.675804 0.935086 0.113462 -0.114893 -0.414335 0.314690 0.276238 -1.855967 -1.047534 -0.038868 -0.582695 -0.128449 0.735103 1.225813 
-0.177986 -0.461054 -0.938087 -1.634104 -1.804703 0.447782 1.008494 0.224402 -0.204130 -0.781123 0.920615 0.422848 1.430505 0.016806 1.624938 0.396460 -0.886607 1.342251 0.464190 1.206498 1.337495 -1.254710 -0.111815 -0.308613 -0.180458 
-0.781604 -0.123933 -1.270706 -0.662319 -0.431904 -0.770218 -1.522837 0.146051 0.149425 -0.067986 -0.692975 -0.699012 -0.589314 -0.918225 0.558129 0.475242 -1.372158 0.801259 -0.512293 0.097494 0.868290 -0.494086 -0.625043 -0.252486 -0.949111 
0.649411 -0.125245 0.514631 0.029290 0.555558 -0.759095 0.473441 -0.011228 -0.789209 0.792575 0.304256 -1.209747 -0.926925 -0.206787 -0.419574 0.496880 0.897957 -1.542812 -0.612051 -0.587128 -0.700048 1.506465 0.502720 -0.732507 1.318950 
-0.056701 -0.411339 -0.709734 -0.535366 -0.478716 0.452795 0.332288 0.914256 0.802838 -2.071096 0.121618 -0.471140 1.164490 0.385399 -1.059997 -0.141903 -0.031488 0.405243 -0.995939 1.515352 -0.079130 0.762199 0.977778 -0.186525 -0.761596 
-0.645208 0.323985 -0.169636 0.546456 0.366873 -0.631871 0.235799 0.320142 0.603742 -1.605403 -0.082990 -0.373869 -0.631587 -0.453455 -0.903663 0.454526 -0.262606 -0.578470 -0.266990 0.665723 -0.217578 0.071599 -0.511689 -0.325380 0.517880 
1.025510 -0.345502 -0.831503 -0.490388 -0.455778 -0.381101 -0.652454 0.628854 -0.168222 -0.023983 0.865761 0.393782 -0.080207 -0.024860 -0.475445 -0.468334 -0.422782 0.657301 -0.602320 0.257215 -0.234663 -0.003133 -0.976693 0.688342 -0.520515 
0.890362 0.834494 0.140544 -0.250575 -0.052256 -0.584928 0.272557 -0.475681 -0.143036 -0.014301 -0.577956 0.321159 -0.446310 -0.610301 -0.203976 -0.733086 0.465408 0.126259 -0.234974 1.070724 0.493765 -0.602422 0.170624 1.077115 -0.692474 
-0.253984 0.387545 0.528699 -0.674073 -0.279021 0.021471 -0.057070 1.008546 0.262318 0.090818 -0.826870 0.070537 -0.046182 0.179505 -0.094965 0.379702 0.190026 -0.024944 0.530223 0.131589 -0.919201 0.224820 -0.813962 0.249927 -0.377401 
-0.375519 -0.398840 0.464376 -0.178997 -0.210645 1.005797 0.214370 -0.188882 -0.139134 0.057441 1.053626 0.005644 0.304987 0.570829 -0.097728 -0.913575 0.505139 0.853540 -0.222382 -0.333454 -0.009715 -0.301976 -0.262315 0.595988 0.053262 
0.463617 -0.094762 0.398666 -0.175326 -0.438273 -0.118377 0.057182 0.067260 -0.465783 0.332918 0.743446 -0.051598 -0.434316 -0.079455 -0.072640 -0.109546 -0.257323 0.230867 -0.339904 -0.080652 -0.021326 -0.081257 -0.033188 0.228821 -0.153803 
-0.203383 0.059436 -0.384673 -0.281431 0.099916 0.265596 -0.203921 0.016012 0.070540 -0.007904 -0.199737 -0.470827 0.291635 0.450144 -0.078873 0.461215 -0.432217 0.107517 -0.080801 0.240146 -0.068635 -0.158890 0.338415 0.258483 0.068641 
-0.247247 -0.551173 0.094888 0.058095 -0.320915 -0.059783 0.060605 -0.088600 0.003659 -0.211948 -0.059697 0.357691 0.355948 -0.312162 -0.014388 0.092447 -0.357150 0.385543 -0.080139 0.475059 -0.116410 0.016120 0.205707 -0.292859 0.311793 
-0.080345 0.226042 -0.066142 0.272162 -0.033027 0.110338 -0.164247 0.442319 -0.797930 -0.534997 0.087971 -0.131761 0.348089 -0.037884 -0.081573 -0.018813 0.391641 -0.361737 0.314195 -0.326244 -0.073439 0.278853 -0.376821 0.268605 0.279664 
-0.014175 -0.284429 -0.033162 -0.452657 0.269157 0.359756 0.104420 -0.231501 0.077867 0.092265 -0.276053 -0.391745 0.185919 -0.028114 0.038495 0.119123 -0.177968 0.359403 0.296815 -0.167377 0.363252 0.249566 0.397530 0.099615 -0.313105 
-0.823769 0.004530 0.047205 0.068479 -0.806865 0.418767 -0.959706 0.237064 -0.089178 -0.153813 -0.083843 -0.845356 -0.008395 0.263270 -0.614346 0.067584 -0.026873 -0.786180 0.214183 0.726856 -0.153505 -0.248529 -0.197085 0.011354 -0.275875 
-0.216410 0.486642 -0.436916 0.222399 0.843211 -0.243680 -0.484715 -0.380320 -0.520173 -0.364880 -0.233265 0.142847 0.079609 0.190429 0.216974 0.300537 -0.373762 -0.209287 -0.643168 -1.121321 -0.058437 0.124499 0.908462 0.524157 0.703195 
-0.609449 -0.586418 0.352878 -0.321309 0.291600 0.340459 0.897299 -0.163842 -0.526084 0.579698 -0.539602 -0.272408 0.425865 -0.653683 -0.285006 -0.235692 -0.168499 0.194295 0.910809 0.672928 -0.163032 -0.139452 0.296610 -0.424776 -0.179757 
0.492968 -0.556237 -1.173820 -0.662177 0.680138 1.140474 0.458476 0.511939 0.363973 -0.372404 -0.272516 -0.076150 0.456260 0.941069 0.486397 -0.143363 -0.248914 0.386229 -0.342591 -0.162516 -0.271735 0.332447 0.148701 0.006182 -0.712070 
0.275158 -1.242130 0.137571 0.462875 0.389500 -0.353620 -0.656255 0.044259 -0.279186 -0.010825 -0.106335 0.012018 -0.657957 -0.731062 0.087922 0.250057 0.553378 0.270991 0.717454 1.341808 0.522108 0.780074 0.318666 -0.021720 -0.302424 

0 0 0 0 0 0 0 0 0 0 0 0 0 0 0 0 0 0 0 0 0 0 0 0 0 
0 0 0 0 0 0 0 0 0 0 0 0 0 0 0 0 0 0 0 0 0 0 0 0 0 
0 0 0 0 0 0 0 0 0 0 0 0 0 0 0 0 0 0 0 0 0 0 0 0 0 
0 0 0 0 0 0 0 0 0 0 0 0 0 0 0 0 0 0 0 0 0 0 0 0 0 
0 0 0 0 0 0 0 0 0 0 0 0 0 0 0 0 0 0 0 0 0 0 0 0 0 
1 1 1 1 1 1 1 1 1 1 1 1 1 1 1 1 1 1 1 1 1 1 1 1 1 
1 1 1 1 1 1 1 1 1 1 1 1 1 1 1 1 1 1 1 1 1 1 1 1 1 
1 1 1 1 1 1 1 1 1 1 1 1 1 1 1 1 1 1 1 1 1 1 1 1 1 
1 1 1 1 1 1 1 1 1 1 1 1 1 1 1 1 1 1 1 1 1 1 1 1 1 
1 1 1 1 1 1 1 1 1 1 1 1 1 1 1 1 1 1 1 1 1 1 1 1 1 
2 2 2 2 2 2 2 2 2 2 2 2 2 2 2 2 2 2 2 2 2 2 2 2 2 
2 2 2 2 2 2 2 2 2 2 2 2 2 2 2 2 2 2 2 2 2 2 2 2 2 
2 2 2 2 2 2 2 2 2 2 2 2 2 2 2 2 2 2 2 2 2 2 2 2 2 
2 2 2 2 2 2 2 2 2 2 2 2 2 2 2 2 2 2 2 2 2 2 2 2 2 
2 2 2 2 2 2 2 2 2 2 2 2 2 2 2 2 2 2 2 2 2 2 2 2 2 
3 3 3 3 3 3 3 3 3 3 3 3 3 3 3 3 3 3 3 3 3 3 3 3 3 
3 3 3 3 3 3 3 3 3 3 3 3 3 3 3 3 3 3 3 3 3 3 3 3 3 
3 3 3 3 3 3 3 3 3 3 3 3 3 3 3 3 3 3 3 3 3 3 3 3 3 
3 3 3 3 3 3 3 3 3 3 3 3 3 3 3 3 3 3 3 3 3 3 3 3 3 
3 3 3 3 3 3 3 3 3 3 3 3 3 3 3 3 3 3 3 3 3 3 3 3 3 
4 4 4 4 4 4 4 4 4 4 4 4 4 4 4 4 4 4 4 4 4 4 4 4 4 
4 4 4 4 4 4 4 4 4 4 4 4 4 4 4 4 4 4 4 4 4 4 4 4 4 
4 4 4 4 4 4 4 4 4 4 4 4 4 4 4 4 4 4 4 4 4 4 4 4 4 
4 4 4 4 4 4 4 4 4 4 4 4 4 4 4 4 4 4 4 4 4 4 4 4 4 
4 4 4 4 4 4 4 4 4 4 4 4 4 4 4 4 4 4 4 4 4 4 4 4 4 

2.0 2.0 2.0 2.0 2.0 2.0 2.0 2.0 2.0 2.0 2.0 2.0 2.0 2.0 2.0 2.0 2.0 2.0 2.0 2.0 2.0 2.0 2.0 2.0 2.0 
2.0 2.0 2.0 2.0 2.0 2.0 2.0 2.0 2.0 2.0 2.0 2.0 2.0 2.0 2.0 2.0 2.0 2.0 2.0 2.0 2.0 2.0 2.0 2.0 2.0 
2.0 2.0 2.0 2.0 2.0 2.0 2.0 2.0 2.0 2.0 2.0 2.0 2.0 2.0 2.0 2.0 2.0 2.0 2.0 2.0 2.0 2.0 2.0 2.0 2.0 
2.0 2.0 2.0 2.0 2.0 2.0 2.0 2.0 2.0 2.0 2.0 2.0 2.0 2.0 2.0 2.0 2.0 2.0 2.0 2.0 2.0 2.0 2.0 2.0 2.0 
2.0 2.0 2.0 2.0 2.0 2.0 2.0 2.0 2.0 2.0 2.0 2.0 2.0 2.0 2.0 2.0 2.0 2.0 2.0 2.0 2.0 2.0 2.0 2.0 2.0 
-2.0 -2.0 -2.0 -2.0 -2.0 -2.0 -2.0 -2.0 -2.0 -2.0 -2.0 -2.0 -2.0 -2.0 -2.0 -2.0 -2.0 -2.0 -2.0 -2.0 -2.0 -2.0 -2.0 -2.0 -2.0 
-2.0 -2.0 -2.0 -2.0 -2.0 -2.0 -2.0 -2.0 -2.0 -2.0 -2.0 -2.0 -2.0 -2.0 -2.0 -2.0 -2.0 -2.0 -2.0 -2.0 -2.0 -2.0 -2.0 -2.0 -2.0 
-2.0 -2.0 -2.0 -2.0 -2.0 -2.0 -2.0 -2.0 -2.0 -2.0 -2.0 -2.0 -2.0 -2.0 -2.0 -2.0 -2.0 -2.0 -2.0 -2.0 -2.0 -2.0 -2.0 -2.0 -2.0 
-2.0 -2.0 -2.0 -2.0 -2.0 -2.0 -2.0 -2.0 -2.0 -2.0 -2.0 -2.0 -2.0 -2.0 -2.0 -2.0 -2.0 -2.0 -2.0 -2.0 -2.0 -2.0 -2.0 -2.0 -2.0 
-2.0 -2.0 -2.0 -2.0 -2.0 -2.0 -2.0 -2.0 -2.0 -2.0 -2.0 -2.0 -2.0 -2.0 -2.0 -2.0 -2.0 -2.0 -2.0 -2.0 -2.0 -2.0 -2.0 -2.0 -2.0 
1.0 1.0 1.0 1.0 1.0 1.0 1.0 1.0 1.0 1.0 1.0 1.0 1.0 1.0 1.0 1.0 1.0 1.0 1.0 1.0 1.0 1.0 1.0 1.0 1.0 
1.0 1.0 1.0 1.0 1.0 1.0 1.0 1.0 1.0 1.0 1.0 1.0 1.0 1.0 1.0 1.0 1.0 1.0 1.0 1.0 1.0 1.0 1.0 1.0 1.0 
1.0 1.0 1.0 1.0 1.0 1.0 1.0 1.0 1.0 1.0 1.0 1.0 1.0 1.0 1.0 1.0 1.0 1.0 1.0 1.0 1.0 1.0 1.0 1.0 1.0 
1.0 1.0 1.0 1.0 1.0 1.0 1.0 1.0 1.0 1.0 1.0 1.0 1.0 1.0 1.0 1.0 1.0 1.0 1.0 1.0 1.0 1.0 1.0 1.0 1.0 
1.0 1.0 1.0 1.0 1.0 1.0 1.0 1.0 1.0 1.0 1.0 1.0 1.0 1.0 1.0 1.0 1.0 1.0 1.0 1.0 1.0 1.0 1.0 1.0 1.0 
0.0 0.0 0.0 0.0 0.0 0.0 0.0 0.0 0.0 0.0 0.0 0.0 0.0 0.0 0.0 0.0 0.0 0.0 0.0 0.0 0.0 0.0 0.0 0.0 0.0 
0.0 0.0 0.0 0.0 0.0 0.0 0.0 0.0 0.0 0.0 0.0 0.0 0.0 0.0 0.0 0.0 0.0 0.0 0.0 0.0 0.0 0.0 0.0 0.0 0.0 
0.0 0.0 0.0 0.0 0.0 0.0 0.0 0.0 0.0 0.0 0.0 0.0 0.0 0.0 0.0 0.0 0.0 0.0 0.0 0.0 0.0 0.0 0.0 0.0 0.0 
0.0 0.0 0.0 0.0 0.0 0.0 0.0 0.0 0.0 0.0 0.0 0.0 0.0 0.0 0.0 0.0 0.0 0.0 0.0 0.0 0.0 0.0 0.0 0.0 0.0 
0.0 0.0 0.0 0.0 0.0 0.0 0.0 0.0 0.0 0.0 0.0 0.0 0.0 0.0 0.0 0.0 0.0 0.0 0.0 0.0 0.0 0.0 0.0 0.0 0.0 
-1.0 -1.0 -1.0 -1.0 -1.0 -1.0 -1.0 -1.0 -1.0 -1.0 -1.0 -1.0 -1.0 -1.0 -1.0 -1.0 -1.0 -1.0 -1.0 -1.0 -1.0 -1.0 -1.0 -1.0 -1.0 
-1.0 -1.0 -1.0 -1.0 -1.0 -1.0 -1.0 -1.0 -1.0 -1.0 -1.0 -1.0 -1.0 -1.0 -1.0 -1.0 -1.0 -1.0 -1.0 -1.0 -1.0 -1.0 -1.0 -1.0 -1.0 
-1.0 -1.0 -1.0 -1.0 -1.0 -1.0 -1.0 -1.0 -1.0 -1.0 -1.0 -1.0 -1.0 -1.0 -1.0 -1.0 -1.0 -1.0 -1.0 -1.0 -1.0 -1.0 -1.0 -1.0 -1.0 
-1.0 -1.0 -1.0 -1.0 -1.0 -1.0 -1.0 -1.0 -1.0 -1.0 -1.0 -1.0 -1.0 -1.0 -1.0 -1.0 -1.0 -1.0 -1.0 -1.0 -1.0 -1.0 -1.0 -1.0 -1.0 
-1.0 -1.0 -1.0 -1.0 -1.0 -1.0 -1.0 -1.0 -1.0 -1.0 -1.0 -1.0 -1.0 -1.0 -1.0 -1.0 -1.0 -1.0 -1.0 -1.0 -1.0 -1.0 -1.0 -1.0 -1.0 

-2.0 -2.0 -2.0 -2.0 -2.0 -2.0 -2.0 -2.0 -2.0 -2.0 -2.0 -2.0 -2.0 -2.0 -2.0 -2.0 -2.0 -2.0 -2.0 -2.0 -2.0 -2.0 -2.0 -2.0 -2.0 
-2.0 -2.0 -2.0 -2.0 -2.0 -2.0 -2.0 -2.0 -2.0 -2.0 -2.0 -2.0 -2.0 -2.0 -2.0 -2.0 -2.0 -2.0 -2.0 -2.0 -2.0 -2.0 -2.0 -2.0 -2.0 
-2.0 -2.0 -2.0 -2.0 -2.0 -2.0 -2.0 -2.0 -2.0 -2.0 -2.0 -2.0 -2.0 -2.0 -2.0 -2.0 -2.0 -2.0 -2.0 -2.0 -2.0 -2.0 -2.0 -2.0 -2.0 
-2.0 -2.0 -2.0 -2.0 -2.0 -2.0 -2.0 -2.0 -2.0 -2.0 -2.0 -2.0 -2.0 -2.0 -2.0 -2.0 -2.0 -2.0 -2.0 -2.0 -2.0 -2.0 -2.0 -2.0 -2.0 
-2.0 -2.0 -2.0 -2.0 -2.0 -2.0 -2.0 -2.0 -2.0 -2.0 -2.0 -2.0 -2.0 -2.0 -2.0 -2.0 -2.0 -2.0 -2.0 -2.0 -2.0 -2.0 -2.0 -2.0 -2.0 
2.0 2.0 2.0 2.0 2.0 2.0 2.0 2.0 2.0 2.0 2.0 2.0 2.0 2.0 2.0 2.0 2.0 2.0 2.0 2.0 2.0 2.0 2.0 2.0 2.0 
2.0 2.0 2.0 2.0 2.0 2.0 2.0 2.0 2.0 2.0 2.0 2.0 2.0 2.0 2.0 2.0 2.0 2.0 2.0 2.0 2.0 2.0 2.0 2.0 2.0 
2.0 2.0 2.0 2.0 2.0 2.0 2.0 2.0 2.0 2.0 2.0 2.0 2.0 2.0 2.0 2.0 2.0 2.0 2.0 2.0 2.0 2.0 2.0 2.0 2.0 
2.0 2.0 2.0 2.0 2.0 2.0 2.0 2.0 2.0 2.0 2.0 2.0 2.0 2.0 2.0 2.0 2.0 2.0 2.0 2.0 2.0 2.0 2.0 2.0 2.0 
2.0 2.0 2.0 2.0 2.0 2.0 2.0 2.0 2.0 2.0 2.0 2.0 2.0 2.0 2.0 2.0 2.0 2.0 2.0 2.0 2.0 2.0 2.0 2.0 2.0 
-1.0 -1.0 -1.0 -1.0 -1.0 -1.0 -1.0 -1.0 -1.0 -1.0 -1.0 -1.0 -1.0 -1.0 -1.0 -1.0 -1.0 -1.0 -1.0 -1.0 -1.0 -1.0 -1.0 -1.0 -1.0 
-1.0 -1.0 -1.0 -1.0 -1.0 -1.0 -1.0 -1.0 -1.0 -1.0 -1.0 -1.0 -1.0 -1.0 -1.0 -1.0 -1.0 -1.0 -1.0 -1.0 -1.0 -1.0 -1.0 -1.0 -1.0 
-1.0 -1.0 -1.0 -1.0 -1.0 -1.0 -1.0 -1.0 -1.0 -1.0 -1.0 -1.0 -1.0 -1.0 -1.0 -1.0 -1.0 -1.0 -1.0 -1.0 -1.0 -1.0 -1.0 -1.0 -1.0 
-1.0 -1.0 -1.0 -1.0 -1.0 -1.0 -1.0 -1.0 -1.0 -1.0 -1.0 -1.0 -1.0 -1.0 -1.0 -1.0 -1.0 -1.0 -1.0 -1.0 -1.0 -1.0 -1.0 -1.0 -1.0 
-1.0 -1.0 -1.0 -1.0 -1.0 -1.0 -1.0 -1.0 -1.0 -1.0 -1.0 -1.0 -1.0 -1.0 -1.0 -1.0 -1.0 -1.0 -1.0 -1.0 -1.0 -1.0 -1.0 -1.0 -1.0 
0.0 0.0 0.0 0.0 0.0 0.0 0.0 0.0 0.0 0.0 0.0 0.0 0.0 0.0 0.0 0.0 0.0 0.0 0.0 0.0 0.0 0.0 0.0 0.0 0.0 
0.0 0.0 0.0 0.0 0.0 0.0 0.0 0.0 0.0 0.0 0.0 0.0 0.0 0.0 0.0 0.0 0.0 0.0 0.0 0.0 0.0 0.0 0.0 0.0 0.0 
0.0 0.0 0.0 0.0 0.0 0.0 0.0 0.0 0.0 0.0 0.0 0.0 0.0 0.0 0.0 0.0 0.0 0.0 0.0 0.0 0.0 0.0 0.0 0.0 0.0 
0.0 0.0 0.0 0.0 0.0 0.0 0.0 0.0 0.0 0.0 0.0 0.0 0.0 0.0 0.0 0.0 0.0 0.0 0.0 0.0 0.0 0.0 0.0 0.0 0.0 
0.0 0.0 0.0 0.0 0.0 0.0 0.0 0.0 0.0 0.0 0.0 0.0 0.0 0.0 0.0 0.0 0.0 0.0 0.0 0.0 0.0 0.0 0.0 0.0 0.0 
1.0 1.0 1.0 1.0 1.0 1.0 1.0 1.0 1.0 1.0 1.0 1.0 1.0 1.0 1.0 1.0 1.0 1.0 1.0 1.0 1.0 1.0 1.0 1.0 1.0 
1.0 1.0 1.0 1.0 1.0 1.0 1.0 1.0 1.0 1.0 1.0 1.0 1.0 1.0 1.0 1.0 1.0 1.0 1.0 1.0 1.0 1.0 1.0 1.0 1.0 
1.0 1.0 1.0 1.0 1.0 1.0 1.0 1.0 1.0 1.0 1.0 1.0 1.0 1.0 1.0 1.0 1.0 1.0 1.0 1.0 1.0 1.0 1.0 1.0 1.0 
1.0 1.0 1.0 1.0 1.0 1.0 1.0 1.0 1.0 1.0 1.0 1.0 1.0 1.0 1.0 1.0 1.0 1.0 1.0 1.0 1.0 1.0 1.0 1.0 1.0 
1.0 1.0 1.0 1.0 1.0 1.0 1.0 1.0 1.0 1.0 1.0 1.0 1.0 1.0 1.0 1.0 1.0 1.0 1.0 1.0 1.0 1.0 1.0 1.0 1.0 

