0.087347 0.028776 0.096721 0.265548 0.889207 0.729837 0.713247 0.423853 0.451784 0.957414 0.627345 0.634072 0.053273 0.704259 0.067795 0.392663 0.182486 0.410039 0.172966 0.950543 0.811673 0.711000 0.597146 0.245304 0.647144 
0.054989 0.587828 0.448685 0.854987 0.953553 0.016373 0.012207 0.207520 0.004751 0.778848 0.124457 0.337640 0.417966 0.997649 0.760031 0.841838 0.017890 0.458387 0.469646 0.634562 0.816919 0.462487 0.276556 0.663433 0.308926 
0.177700 0.382793 0.230832 0.680236 0.933780 0.397309 0.433501 0.753356 0.766182 0.575467 0.924493 0.395424 0.502803 0.951220 0.106540 0.740676 0.570856 0.998710 0.384700 0.970747 0.481942 0.219364 0.964097 0.307252 0.748153 
0.409208 0.610082 0.559287 0.105028 0.127655 0.569506 0.209786 0.616195 0.649983 0.588130 0.930971 0.406524 0.641383 0.928867 0.059458 0.391173 0.758594 0.128886 0.683761 0.203051 0.872289 0.974885 0.517825 0.182719 0.694655 
0.663003 0.874632 0.607105 0.299592 0.597675 0.765001 0.483807 0.249865 0.657570 0.947722 0.491478 0.332207 0.319136 0.860168 0.300165 0.983286 0.571883 0.881882 0.801819 0.267835 0.983552 0.877327 0.108763 0.745646 0.096155 
0.940616 0.260425 0.736228 0.949439 0.303166 0.424585 0.912187 0.593577 0.084791 0.634699 0.951318 0.240974 0.763844 0.742182 0.756876 0.084960 0.380331 0.835220 0.056040 0.462898 0.160325 0.842977 0.365364 0.231206 0.112947 
0.640341 0.522884 0.847031 0.915855 0.498717 0.396792 0.721076 0.956158 0.128492 0.846378 0.160580 0.006812 0.638062 0.558309 0.156761 0.978538 0.331038 0.866934 0.992026 0.589579 0.944141 0.795676 0.974938 0.301977 0.509465 
0.924321 0.648174 0.416681 0.618666 0.675876 0.281938 0.237647 0.894444 0.315294 0.496689 0.374438 0.393561 0.627082 0.073706 0.655443 0.375588 0.713358 0.098149 0.193451 0.753105 0.089233 0.965983 0.902146 0.330300 0.407542 
0.800151 0.939516 0.906863 0.915851 0.872646 0.647528 0.277227 0.166702 0.626041 0.774878 0.808197 0.812463 0.557199 0.745760 0.402800 0.244860 0.776910 0.697712 0.083426 0.842943 0.550940 0.689342 0.410822 0.297415 0.113900 
0.576323 0.034616 0.249283 0.752987 0.819443 0.788362 0.758242 0.050458 0.612396 0.417852 0.496557 0.612726 0.633060 0.468813 0.315233 0.876335 0.338247 0.560336 0.059135 0.418564 0.446135 0.872349 0.498213 0.048519 0.221172 
0.691530 0.707204 0.458094 0.576366 0.483204 0.201259 0.773350 0.947657 0.030607 0.782784 0.822158 0.391423 0.018789 0.207971 0.212576 0.151873 0.076773 0.657546 0.038325 0.656238 0.290636 0.364300 0.586424 0.571461 0.193243 
0.777437 0.882348 0.098026 0.350786 0.977482 0.376528 0.690264 0.462875 0.863432 0.729172 0.071666 0.816405 0.632243 0.274944 0.840586 0.371472 0.687363 0.359000 0.427777 0.802229 0.721877 0.418282 0.535514 0.638504 0.391146 
0.247651 0.814904 0.391800 0.356121 0.583123 0.457923 0.039970 0.740994 0.694975 0.439312 0.974348 0.026246 0.891892 0.839659 0.498823 0.033008 0.558007 0.824007 0.768647 0.655118 0.726754 0.081683 0.415942 0.968141 0.975868 
0.120361 0.685486 0.581813 0.735666 0.936551 0.315756 0.423289 0.823759 0.481645 0.838588 0.187783 0.479175 0.154687 0.365255 0.726734 0.558958 0.804198 0.611729 0.598036 0.858434 0.009872 0.185838 0.144334 0.074333 0.655216 
0.613675 0.736899 0.050934 0.910836 0.373660 0.836436 0.718144 0.616568 0.329595 0.108489 0.603371 0.727087 0.046016 0.468499 0.259374 0.397064 0.181184 0.053224 0.655806 0.186226 0.381979 0.232940 0.157976 0.084877 0.189372 
0.539539 0.386874 0.312956 0.687078 0.817309 0.425399 0.298328 0.554019 0.961664 0.105694 0.033123 0.558416 0.514258 0.292654 0.602052 0.953644 0.800628 0.610332 0.623117 0.932952 0.727140 0.949920 0.617703 0.038748 0.666450 
0.150810 0.488724 0.308471 0.770482 0.429155 0.022042 0.791832 0.882198 0.960632 0.215912 0.563465 0.452719 0.004561 0.886524 0.576638 0.020065 0.888139 0.244902 0.228841 0.048937 0.712292 0.930411 0.072431 0.200970 0.786322 
0.128651 0.218897 0.921171 0.132314 0.500130 0.708529 0.073976 0.498276 0.639721 0.757181 0.807596 0.272471 0.269756 0.783780 0.246795 0.321154 0.313822 0.349464 0.680661 0.571782 0.531687 0.759661 0.763913 0.586481 0.095634 
0.838895 0.824915 0.153317 0.407162 0.879000 0.085765 0.297758 0.527485 0.666171 0.179245 0.697771 0.540864 0.539051 0.027461 0.939245 0.710002 0.728565 0.327098 0.188566 0.655294 0.927931 0.732468 0.386882 0.951660 0.420536 
0.185887 0.474685 0.765555 0.352308 0.020102 0.616029 0.520557 0.277001 0.529174 0.850179 0.623711 0.068088 0.563676 0.142181 0.559458 0.977523 0.049004 0.562223 0.677499 0.988070 0.437618 0.847304 0.370433 0.262557 0.580681 
0.361229 0.646168 0.001608 0.763147 0.330723 0.897116 0.029936 0.687125 0.135957 0.731128 0.378319 0.376925 0.903904 0.329193 0.409359 0.867747 0.602466 0.158972 0.784166 0.313893 0.370933 0.283010 0.484956 0.990994 0.803025 
0.332042 0.019211 0.680857 0.734770 0.817123 0.286805 0.780647 0.947654 0.923080 0.093492 0.222260 0.768152 0.733500 0.771726 0.396655 0.503370 0.667183 0.836497 0.987544 0.739497 0.778600 0.531914 0.743936 0.873981 0.003264 
0.679011 0.142829 0.213150 0.268277 0.284510 0.810662 0.767564 0.203884 0.270709 0.151705 0.268067 0.828123 0.710813 0.225819 0.449153 0.679831 0.507826 0.101432 0.018985 0.564962 0.370700 0.840298 0.105295 0.401335 0.218466 
0.419139 0.338125 0.669626 0.217694 0.816239 0.560839 0.631825 0.539158 0.332753 0.177058 0.686108 0.257384 0.946053 0.275436 0.508018 0.467245 0.934218 0.535239 0.500194 0.236874 0.681306 0.422744 0.152366 0.258468 0.304938 
0.594475 0.235174 0.859173 0.428296 0.323629 0.699543 0.574767 0.807005 0.493845 0.296408 0.580429 0.777118 0.984060 0.383712 0.121390 0.274668 0.188206 0.551583 0.006838 0.201358 0.719960 0.228910 0.648476 0.888883 0.142128 

0.505812 0.023711 0.397295 0.429371 0.063498 0.771797 0.026656 0.685244 0.679027 0.988070 0.619878 0.828988 0.632944 0.446353 0.550137 0.005856 0.202033 0.400063 0.598292 0.462457 0.369966 0.333599 0.458819 0.981479 0.916584 
0.359485 0.768033 0.565310 0.858049 0.176704 0.045998 0.229581 0.771163 0.668766 0.082326 0.510381 0.515547 0.967684 0.080247 0.956329 0.076474 0.303219 0.504991 0.524045 0.578782 0.631366 0.612542 0.614076 0.606190 0.301234 
0.159480 0.628090 0.412052 0.512788 0.374688 0.689300 0.179245 0.359457 0.140788 0.494887 0.915352 0.541516 0.775614 0.844890 0.498597 0.621627 0.777121 0.039998 0.915940 0.157401 0.799409 0.625477 0.335864 0.542784 0.169616 
0.313016 0.988532 0.522144 0.133369 0.135896 0.792168 0.473681 0.881752 0.058309 0.316092 0.659463 0.496811 0.552941 0.532206 0.950403 0.630775 0.095594 0.144762 0.060000 0.186087 0.259204 0.995976 0.457426 0.384909 0.693994 
0.540973 0.919421 0.418073 0.413823 0.335680 0.320403 0.365825 0.810308 0.738946 0.532668 0.734549 0.593356 0.927128 0.767982 0.722963 0.566876 0.245711 0.005952 0.643366 0.681140 0.020548 0.847839 0.748127 0.232078 0.829521 
0.212985 0.848255 0.809117 0.470838 0.998116 0.110322 0.742590 0.261491 0.693141 0.284624 0.214042 0.060433 0.818079 0.233332 0.977855 0.855914 0.086155 0.940307 0.975852 0.768744 0.402328 0.302939 0.108076 0.933480 0.759300 
0.972791 0.929945 0.818032 0.232718 0.052344 0.951283 0.332618 0.442018 0.078463 0.740142 0.419587 0.934777 0.511375 0.281180 0.280163 0.586888 0.147620 0.688692 0.478453 0.738386 0.040469 0.046110 0.095109 0.132843 0.595940 
0.201786 0.510322 0.529969 0.501582 0.150717 0.079948 0.885968 0.982528 0.045726 0.469473 0.832701 0.284806 0.064655 0.499345 0.435498 0.332814 0.900504 0.643614 0.407543 0.700736 0.423241 0.530736 0.015021 0.888533 0.231154 
0.350777 0.004759 0.107684 0.074099 0.181111 0.957188 0.248857 0.932686 0.668787 0.725775 0.055305 0.728836 0.689043 0.517885 0.074024 0.059495 0.913258 0.284254 0.788035 0.104174 0.958785 0.107803 0.219134 0.349664 0.663244 
0.346350 0.386433 0.469339 0.634401 0.246334 0.405602 0.979191 0.365128 0.563845 0.472487 0.674773 0.701188 0.744119 0.302410 0.898845 0.245181 0.910966 0.144511 0.770965 0.963963 0.124549 0.574278 0.091568 0.562330 0.820164 
0.356503 0.919343 0.100287 0.006374 0.790127 0.753882 0.690750 0.485235 0.586686 0.101582 0.532425 0.281557 0.466216 0.613900 0.687039 0.207479 0.932584 0.690263 0.800764 0.956820 0.274709 0.002184 0.053827 0.291369 0.732778 
0.801907 0.132737 0.072103 0.060306 0.677606 0.393551 0.309238 0.811984 0.608185 0.729962 0.881901 0.960364 0.013995 0.454071 0.339631 0.673061 0.499788 0.423570 0.109124 0.053334 0.000791 0.183941 0.281292 0.940510 0.914874 
0.080125 0.485069 0.671915 0.717314 0.269095 0.519894 0.462062 0.012535 0.084379 0.152752 0.348604 0.073471 0.858276 0.333179 0.389221 0.505499 0.118807 0.324242 0.564385 0.560960 0.626661 0.307822 0.739538 0.784197 0.147304 
0.503247 0.457582 0.019584 0.200374 0.673581 0.487598 0.083466 0.414627 0.781007 0.185510 0.120850 0.139459 0.792497 0.468107 0.760889 0.888011 0.199908 0.926742 0.940758 0.229208 0.652127 0.810283 0.285925 0.986489 0.324052 
0.721893 0.139920 0.686596 0.681009 0.574789 0.926465 0.058274 0.950201 0.624544 0.677763 0.536322 0.466457 0.091150 0.624038 0.169598 0.080047 0.501769 0.218993 0.358822 0.088290 0.490820 0.846575 0.671347 0.273788 0.626998 
0.402036 0.671148 0.880427 0.288710 0.217649 0.318812 0.370962 0.362115 0.442609 0.226260 0.698295 0.608470 0.401786 0.805952 0.611287 0.688898 0.925908 0.038292 0.533967 0.293908 0.122141 0.949329 0.268606 0.932895 0.005410 
0.329947 0.618725 0.519031 0.207442 0.692861 0.523629 0.518035 0.494680 0.940241 0.089824 0.095783 0.965959 0.303665 0.224210 0.964719 0.142769 0.731661 0.875407 0.329608 0.824485 0.777751 0.547025 0.324035 0.580328 0.051871 
0.517867 0.450310 0.000990 0.436710 0.499310 0.154168 0.188334 0.681518 0.449044 0.458764 0.480756 0.043395 0.979433 0.064185 0.361990 0.850234 0.023893 0.358310 0.390502 0.973593 0.506791 0.242450 0.034730 0.498711 0.663374 
0.966089 0.426814 0.662023 0.929165 0.855226 0.047549 0.601091 0.229610 0.027857 0.960830 0.879687 0.108605 0.502312 0.244480 0.434048 0.777403 0.001666 0.597504 0.642042 0.459688 0.774497 0.367854 0.016108 0.152829 0.858102 
0.883358 0.977603 0.770108 0.774006 0.638907 0.610879 0.739325 0.943119 0.785370 0.252204 0.105839 0.006007 0.706732 0.187782 0.330141 0.782504 0.160751 0.478788 0.760877 0.660573 0.631648 0.713049 0.326242 0.818746 0.741148 
0.563284 0.974024 0.831583 0.821909 0.640619 0.255099 0.962829 0.301803 0.146682 0.807066 0.574732 0.222326 0.945639 0.283668 0.053829 0.405497 0.104948 0.264684 0.805230 0.762550 0.939335 0.227935 0.559909 0.046584 0.963810 
0.876361 0.928481 0.466130 0.565354 0.350226 0.642279 0.872874 0.002517 0.750623 0.028149 0.402556 0.309638 0.031906 0.732123 0.785185 0.234670 0.826594 0.796355 0.433990 0.669942 0.235830 0.128294 0.122563 0.231097 0.099169 
0.099573 0.097106 0.281858 0.616895 0.219392 0.637457 0.246283 0.024612 0.966135 0.941814 0.322640 0.869142 0.714250 0.354615 0.499404 0.595127 0.112377 0.377185 0.763737 0.654526 0.371943 0.268858 0.963587 0.966997 0.499029 
0.416657 0.917714 0.436760 0.160300 0.282352 0.384433 0.774943 0.995978 0.445281 0.041095 0.720704 0.223983 0.385421 0.246548 0.723280 0.312593 0.879229 0.848744 0.646834 0.351020 0.427362 0.296423 0.143880 0.801150 0.880606 
0.315011 0.397097 0.933656 0.708206 0.243544 0.456860 0.918551 0.292575 0.083247 0.471563 0.508748 0.188991 0.529893 0.920146 0.025917 0.970610 0.580758 0.086495 0.222293 0.544020 0.568086 0.182727 0.369214 0.991494 0.262140 

0.041916 -0.068291 0.044913 -0.369185 -0.810634 -0.754959 -0.737071 -0.454442 -0.582153 -1.084137 -0.639456 -0.542303 -0.157465 -0.856824 -0.045922 -0.353008 -0.136983 -0.326586 -0.156632 -1.009184 -1.079972 -0.679970 -0.686756 -0.160991 -0.708299 
0.025597 -0.508514 -0.426178 -0.840322 -0.928512 0.071883 0.038280 -0.206121 -0.045933 -0.510135 -0.093030 -0.361238 -0.355590 -0.972408 -0.696671 -0.837496 -0.105489 -0.493980 -0.327595 -0.859104 -0.932301 -0.419028 -0.452889 -0.747449 -0.412362 
-0.272140 -0.450256 -0.141266 -0.644328 -0.984959 -0.362628 -0.463798 -0.750606 -0.876120 -0.691319 -0.837315 -0.453998 -0.425488 -1.143757 -0.154058 -0.701914 -0.485485 -0.886678 -0.495943 -0.806811 -0.423230 -0.168097 -0.821604 -0.533177 -0.797699 
-0.390889 -0.529748 -0.506692 -0.003629 -0.163784 -0.625924 -0.241821 -0.649063 -0.723221 -0.667051 -1.031147 -0.320038 -0.715398 -0.866724 0.024984 -0.442707 -0.763568 -0.237719 -0.734203 -0.183476 -0.864957 -0.867258 -0.492898 -0.094443 -0.707915 
-0.775787 -0.909084 -0.579847 -0.255156 -0.540017 -0.610933 -0.351752 -0.284902 -0.577307 -0.863279 -0.582976 -0.380794 -0.257931 -0.779782 -0.362790 -1.147438 -0.604136 -0.929371 -0.948375 -0.243944 -0.988697 -0.912152 -0.038422 -0.644166 -0.189732 
-2.137549 -1.209659 -2.210129 -2.225051 -1.574619 -1.024389 -2.399749 -1.534667 -0.872699 -1.458039 -2.055798 -0.574186 -2.504370 -1.735207 -2.371661 -1.146584 -0.881480 -2.495789 -1.117137 -1.509315 -0.808496 -1.979281 -0.959371 -1.453455 -0.928573 
-2.183759 -1.798315 -2.651185 -1.932846 -1.123932 -1.700171 -1.855829 -2.363969 -0.319403 -2.678730 -0.902602 -0.778729 -1.732540 -1.428588 -0.716821 -2.516716 -0.724480 -2.414383 -2.502831 -1.882028 -1.902008 -1.708558 -2.095104 -0.814775 -1.691268 
-2.049861 -1.671728 -1.129516 -1.604093 -1.529674 -0.781134 -1.394651 -2.732094 -0.790958 -1.512008 -1.557737 -1.009215 -1.227420 -0.425599 -1.700141 -1.082697 -2.161936 -0.764882 -0.853577 -2.284349 -0.798136 -2.570105 -1.723005 -1.563613 -1.242207 
-2.075047 -1.809328 -2.070828 -2.062407 -1.910993 -2.222791 -0.925910 -1.264574 -1.939531 -2.426851 -1.697350 -2.295121 -1.652999 -2.006455 -1.034734 -0.577360 -2.493743 -1.864892 -1.160586 -1.817467 -2.045998 -1.473945 -1.114334 -0.856488 -1.063374 
-1.674337 -0.415752 -0.829019 -2.037892 -1.909975 -2.036006 -2.619602 -0.485163 -1.548851 -1.328465 -1.727606 -1.928270 -1.862891 -1.016141 -1.542714 -2.075143 -1.499046 -1.390151 -0.857176 -1.886292 -1.022827 -2.543929 -1.129101 -0.676307 -1.058968 
0.923904 -0.490085 0.733764 1.328717 -0.664554 -1.006194 0.247127 0.846086 -1.014064 1.471531 0.701848 0.280789 -0.892335 -0.880257 -0.922230 -0.113951 -1.678923 0.001323 -1.571452 -0.612589 -0.041610 0.664231 1.184974 0.660718 -1.061943 
-0.089193 1.517019 0.065135 0.615162 0.513696 -0.059552 0.800479 -0.686454 0.463556 -0.073822 -1.556199 -0.434355 1.135281 -0.207009 1.235835 -0.540402 0.368937 -0.091335 0.620671 1.404453 1.405997 0.472798 0.568866 -0.604484 -1.243446 
0.435241 0.618513 -0.572181 -0.723184 0.541723 0.113627 -0.785352 1.443255 1.112466 0.620096 1.121719 -0.198147 0.323428 1.115232 0.328094 -0.965560 0.760566 1.176767 0.728024 0.280805 0.281717 -0.451318 -0.750049 0.394534 1.465744 
-0.804744 0.426574 0.990504 0.995538 0.577139 -0.391070 0.532895 0.937358 -0.555712 1.341123 0.063550 0.609470 -1.379765 -0.134078 0.055943 -0.405561 1.240094 -0.575203 -0.549841 1.090973 -1.274152 -1.223932 -0.405672 -1.759351 0.714438 
-0.249685 1.164842 -1.293266 0.453527 -0.445613 -0.071327 1.293593 -0.792582 -0.670179 -1.176569 0.130148 0.679142 -0.227050 -0.284730 0.134428 0.768020 -0.554831 -0.387482 0.573663 0.147668 -0.169910 -1.192588 -1.009253 -0.436904 -0.711514 
0.607877 0.817524 0.871096 0.146312 0.289201 0.249641 0.506301 0.196845 0.570663 -0.001853 0.794784 0.786522 0.346205 0.982727 0.621624 0.711209 0.941647 0.191001 0.688933 0.254194 0.187970 1.016787 0.207645 1.014034 0.045565 
0.222051 0.761861 0.619779 0.313547 0.736511 0.586141 0.493123 0.512535 1.072238 -0.131238 0.180229 0.860359 0.305430 0.380244 0.915785 0.186528 0.647174 0.768430 0.506203 0.748801 0.689222 0.780274 0.249311 0.484190 0.106048 
0.522647 0.472234 0.138898 0.418041 0.521386 0.003837 0.324455 0.593097 0.461438 0.439139 0.653008 0.007637 1.002066 -0.047420 0.337315 0.931879 0.112551 0.183906 0.398976 0.960593 0.523765 0.238889 0.151004 0.528035 0.754534 
0.858823 0.475059 0.677575 0.966688 0.860105 0.160444 0.587189 0.218828 0.098329 0.873155 0.990954 0.067174 0.546740 0.322405 0.360960 0.663375 -0.010951 0.699612 0.502872 0.515591 0.765001 0.374389 -0.033666 0.241667 0.829041 
0.864133 1.086235 0.669457 0.799831 0.638645 0.596126 0.624814 0.848704 0.871444 0.249458 0.164968 0.164720 0.803457 0.175843 0.332573 0.777637 0.102139 0.530981 0.836592 0.768419 0.590865 0.850810 0.243371 0.909678 0.807586 
1.566114 2.702815 1.464050 2.489927 1.509829 1.654687 1.787647 1.381280 0.637240 2.384752 1.619601 0.980922 2.712463 0.792013 0.494885 1.713760 0.762986 0.683030 2.430835 1.790662 2.460604 0.783218 1.551374 1.055451 2.714578 
2.043156 1.769772 1.688984 1.823824 1.537241 1.546875 2.785934 0.967924 2.421281 0.123665 1.086015 1.563384 0.863818 2.239817 2.029539 0.925816 2.346986 2.631812 1.700229 1.797789 1.145567 0.611081 0.831978 1.227931 0.261593 
0.996119 0.152538 0.694695 1.487104 0.835923 2.238593 1.019150 0.341836 2.284202 2.075435 0.856635 2.557227 2.192402 1.037233 1.452651 1.675723 0.754736 0.843498 1.528990 2.008599 1.212436 1.350967 2.175265 2.309896 1.254090 
1.169941 2.082913 1.364610 0.762610 1.565628 1.389980 2.128993 2.418761 1.097649 0.447886 2.065742 0.740807 1.834897 0.637771 2.037623 1.100700 2.528806 2.120547 1.863285 0.911329 1.588148 1.020899 0.374179 2.064017 2.132726 
1.160256 0.799919 2.763643 1.999710 0.661515 1.595588 2.184181 1.384753 0.542940 1.143270 1.649417 1.256314 2.183315 2.124257 0.116230 2.010575 1.348822 0.552688 0.353466 1.346255 1.721307 0.677748 1.374361 2.742455 0.657422 

0 0 0 0 0 0 0 0 0 0 0 0 0 0 0 0 0 0 0 0 0 0 0 0 0 
0 0 0 0 0 0 0 0 0 0 0 0 0 0 0 0 0 0 0 0 0 0 0 0 0 
0 0 0 0 0 0 0 0 0 0 0 0 0 0 0 0 0 0 0 0 0 0 0 0 0 
0 0 0 0 0 0 0 0 0 0 0 0 0 0 0 0 0 0 0 0 0 0 0 0 0 
0 0 0 0 0 0 0 0 0 0 0 0 0 0 0 0 0 0 0 0 0 0 0 0 0 
1 1 1 1 1 1 1 1 1 1 1 1 1 1 1 1 1 1 1 1 1 1 1 1 1 
1 1 1 1 1 1 1 1 1 1 1 1 1 1 1 1 1 1 1 1 1 1 1 1 1 
1 1 1 1 1 1 1 1 1 1 1 1 1 1 1 1 1 1 1 1 1 1 1 1 1 
1 1 1 1 1 1 1 1 1 1 1 1 1 1 1 1 1 1 1 1 1 1 1 1 1 
1 1 1 1 1 1 1 1 1 1 1 1 1 1 1 1 1 1 1 1 1 1 1 1 1 
2 2 2 2 2 2 2 2 2 2 2 2 2 2 2 2 2 2 2 2 2 2 2 2 2 
2 2 2 2 2 2 2 2 2 2 2 2 2 2 2 2 2 2 2 2 2 2 2 2 2 
2 2 2 2 2 2 2 2 2 2 2 2 2 2 2 2 2 2 2 2 2 2 2 2 2 
2 2 2 2 2 2 2 2 2 2 2 2 2 2 2 2 2 2 2 2 2 2 2 2 2 
2 2 2 2 2 2 2 2 2 2 2 2 2 2 2 2 2 2 2 2 2 2 2 2 2 
3 3 3 3 3 3 3 3 3 3 3 3 3 3 3 3 3 3 3 3 3 3 3 3 3 
3 3 3 3 3 3 3 3 3 3 3 3 3 3 3 3 3 3 3 3 3 3 3 3 3 
3 3 3 3 3 3 3 3 3 3 3 3 3 3 3 3 3 3 3 3 3 3 3 3 3 
3 3 3 3 3 3 3 3 3 3 3 3 3 3 3 3 3 3 3 3 3 3 3 3 3 
3 3 3 3 3 3 3 3 3 3 3 3 3 3 3 3 3 3 3 3 3 3 3 3 3 
4 4 4 4 4 4 4 4 4 4 4 4 4 4 4 4 4 4 4 4 4 4 4 4 4 
4 4 4 4 4 4 4 4 4 4 4 4 4 4 4 4 4 4 4 4 4 4 4 4 4 
4 4 4 4 4 4 4 4 4 4 4 4 4 4 4 4 4 4 4 4 4 4 4 4 4 
4 4 4 4 4 4 4 4 4 4 4 4 4 4 4 4 4 4 4 4 4 4 4 4 4 
4 4 4 4 4 4 4 4 4 4 4 4 4 4 4 4 4 4 4 4 4 4 4 4 4 

-1.0 -1.0 -1.0 -1.0 -1.0 -1.0 -1.0 -1.0 -1.0 -1.0 -1.0 -1.0 -1.0 -1.0 -1.0 -1.0 -1.0 -1.0 -1.0 -1.0 -1.0 -1.0 -1.0 -1.0 -1.0 
-1.0 -1.0 -1.0 -1.0 -1.0 -1.0 -1.0 -1.0 -1.0 -1.0 -1.0 -1.0 -1.0 -1.0 -1.0 -1.0 -1.0 -1.0 -1.0 -1.0 -1.0 -1.0 -1.0 -1.0 -1.0 
-1.0 -1.0 -1.0 -1.0 -1.0 -1.0 -1.0 -1.0 -1.0 -1.0 -1.0 -1.0 -1.0 -1.0 -1.0 -1.0 -1.0 -1.0 -1.0 -1.0 -1.0 -1.0 -1.0 -1.0 -1.0 
-1.0 -1.0 -1.0 -1.0 -1.0 -1.0 -1.0 -1.0 -1.0 -1.0 -1.0 -1.0 -1.0 -1.0 -1.0 -1.0 -1.0 -1.0 -1.0 -1.0 -1.0 -1.0 -1.0 -1.0 -1.0 
-1.0 -1.0 -1.0 -1.0 -1.0 -1.0 -1.0 -1.0 -1.0 -1.0 -1.0 -1.0 -1.0 -1.0 -1.0 -1.0 -1.0 -1.0 -1.0 -1.0 -1.0 -1.0 -1.0 -1.0 -1.0 
-2.0 -2.0 -2.0 -2.0 -2.0 -2.0 -2.0 -2.0 -2.0 -2.0 -2.0 -2.0 -2.0 -2.0 -2.0 -2.0 -2.0 -2.0 -2.0 -2.0 -2.0 -2.0 -2.0 -2.0 -2.0 
-2.0 -2.0 -2.0 -2.0 -2.0 -2.0 -2.0 -2.0 -2.0 -2.0 -2.0 -2.0 -2.0 -2.0 -2.0 -2.0 -2.0 -2.0 -2.0 -2.0 -2.0 -2.0 -2.0 -2.0 -2.0 
-2.0 -2.0 -2.0 -2.0 -2.0 -2.0 -2.0 -2.0 -2.0 -2.0 -2.0 -2.0 -2.0 -2.0 -2.0 -2.0 -2.0 -2.0 -2.0 -2.0 -2.0 -2.0 -2.0 -2.0 -2.0 
-2.0 -2.0 -2.0 -2.0 -2.0 -2.0 -2.0 -2.0 -2.0 -2.0 -2.0 -2.0 -2.0 -2.0 -2.0 -2.0 -2.0 -2.0 -2.0 -2.0 -2.0 -2.0 -2.0 -2.0 -2.0 
-2.0 -2.0 -2.0 -2.0 -2.0 -2.0 -2.0 -2.0 -2.0 -2.0 -2.0 -2.0 -2.0 -2.0 -2.0 -2.0 -2.0 -2.0 -2.0 -2.0 -2.0 -2.0 -2.0 -2.0 -2.0 
2.0 2.0 2.0 2.0 2.0 2.0 2.0 2.0 2.0 2.0 2.0 2.0 2.0 2.0 2.0 2.0 2.0 2.0 2.0 2.0 2.0 2.0 2.0 2.0 2.0 
2.0 2.0 2.0 2.0 2.0 2.0 2.0 2.0 2.0 2.0 2.0 2.0 2.0 2.0 2.0 2.0 2.0 2.0 2.0 2.0 2.0 2.0 2.0 2.0 2.0 
2.0 2.0 2.0 2.0 2.0 2.0 2.0 2.0 2.0 2.0 2.0 2.0 2.0 2.0 2.0 2.0 2.0 2.0 2.0 2.0 2.0 2.0 2.0 2.0 2.0 
2.0 2.0 2.0 2.0 2.0 2.0 2.0 2.0 2.0 2.0 2.0 2.0 2.0 2.0 2.0 2.0 2.0 2.0 2.0 2.0 2.0 2.0 2.0 2.0 2.0 
2.0 2.0 2.0 2.0 2.0 2.0 2.0 2.0 2.0 2.0 2.0 2.0 2.0 2.0 2.0 2.0 2.0 2.0 2.0 2.0 2.0 2.0 2.0 2.0 2.0 
0.0 0.0 0.0 0.0 0.0 0.0 0.0 0.0 0.0 0.0 0.0 0.0 0.0 0.0 0.0 0.0 0.0 0.0 0.0 0.0 0.0 0.0 0.0 0.0 0.0 
0.0 0.0 0.0 0.0 0.0 0.0 0.0 0.0 0.0 0.0 0.0 0.0 0.0 0.0 0.0 0.0 0.0 0.0 0.0 0.0 0.0 0.0 0.0 0.0 0.0 
0.0 0.0 0.0 0.0 0.0 0.0 0.0 0.0 0.0 0.0 0.0 0.0 0.0 0.0 0.0 0.0 0.0 0.0 0.0 0.0 0.0 0.0 0.0 0.0 0.0 
0.0 0.0 0.0 0.0 0.0 0.0 0.0 0.0 0.0 0.0 0.0 0.0 0.0 0.0 0.0 0.0 0.0 0.0 0.0 0.0 0.0 0.0 0.0 0.0 0.0 
0.0 0.0 0.0 0.0 0.0 0.0 0.0 0.0 0.0 0.0 0.0 0.0 0.0 0.0 0.0 0.0 0.0 0.0 0.0 0.0 0.0 0.0 0.0 0.0 0.0 
1.0 1.0 1.0 1.0 1.0 1.0 1.0 1.0 1.0 1.0 1.0 1.0 1.0 1.0 1.0 1.0 1.0 1.0 1.0 1.0 1.0 1.0 1.0 1.0 1.0 
1.0 1.0 1.0 1.0 1.0 1.0 1.0 1.0 1.0 1.0 1.0 1.0 1.0 1.0 1.0 1.0 1.0 1.0 1.0 1.0 1.0 1.0 1.0 1.0 1.0 
1.0 1.0 1.0 1.0 1.0 1.0 1.0 1.0 1.0 1.0 1.0 1.0 1.0 1.0 1.0 1.0 1.0 1.0 1.0 1.0 1.0 1.0 1.0 1.0 1.0 
1.0 1.0 1.0 1.0 1.0 1.0 1.0 1.0 1.0 1.0 1.0 1.0 1.0 1.0 1.0 1.0 1.0 1.0 1.0 1.0 1.0 1.0 1.0 1.0 1.0 
1.0 1.0 1.0 1.0 1.0 1.0 1.0 1.0 1.0 1.0 1.0 1.0 1.0 1.0 1.0 1.0 1.0 1.0 1.0 1.0 1.0 1.0 1.0 1.0 1.0 

0.0 0.0 0.0 0.0 0.0 0.0 0.0 0.0 0.0 0.0 0.0 0.0 0.0 0.0 0.0 0.0 0.0 0.0 0.0 0.0 0.0 0.0 0.0 0.0 0.0 
0.0 0.0 0.0 0.0 0.0 0.0 0.0 0.0 0.0 0.0 0.0 0.0 0.0 0.0 0.0 0.0 0.0 0.0 0.0 0.0 0.0 0.0 0.0 0.0 0.0 
0.0 0.0 0.0 0.0 0.0 0.0 0.0 0.0 0.0 0.0 0.0 0.0 0.0 0.0 0.0 0.0 0.0 0.0 0.0 0.0 0.0 0.0 0.0 0.0 0.0 
0.0 0.0 0.0 0.0 0.0 0.0 0.0 0.0 0.0 0.0 0.0 0.0 0.0 0.0 0.0 0.0 0.0 0.0 0.0 0.0 0.0 0.0 0.0 0.0 0.0 
0.0 0.0 0.0 0.0 0.0 0.0 0.0 0.0 0.0 0.0 0.0 0.0 0.0 0.0 0.0 0.0 0.0 0.0 0.0 0.0 0.0 0.0 0.0 0.0 0.0 
-1.0 -1.0 -1.0 -1.0 -1.0 -1.0 -1.0 -1.0 -1.0 -1.0 -1.0 -1.0 -1.0 -1.0 -1.0 -1.0 -1.0 -1.0 -1.0 -1.0 -1.0 -1.0 -1.0 -1.0 -1.0 
-1.0 -1.0 -1.0 -1.0 -1.0 -1.0 -1.0 -1.0 -1.0 -1.0 -1.0 -1.0 -1.0 -1.0 -1.0 -1.0 -1.0 -1.0 -1.0 -1.0 -1.0 -1.0 -1.0 -1.0 -1.0 
-1.0 -1.0 -1.0 -1.0 -1.0 -1.0 -1.0 -1.0 -1.0 -1.0 -1.0 -1.0 -1.0 -1.0 -1.0 -1.0 -1.0 -1.0 -1.0 -1.0 -1.0 -1.0 -1.0 -1.0 -1.0 
-1.0 -1.0 -1.0 -1.0 -1.0 -1.0 -1.0 -1.0 -1.0 -1.0 -1.0 -1.0 -1.0 -1.0 -1.0 -1.0 -1.0 -1.0 -1.0 -1.0 -1.0 -1.0 -1.0 -1.0 -1.0 
-1.0 -1.0 -1.0 -1.0 -1.0 -1.0 -1.0 -1.0 -1.0 -1.0 -1.0 -1.0 -1.0 -1.0 -1.0 -1.0 -1.0 -1.0 -1.0 -1.0 -1.0 -1.0 -1.0 -1.0 -1.0 
-2.0 -2.0 -2.0 -2.0 -2.0 -2.0 -2.0 -2.0 -2.0 -2.0 -2.0 -2.0 -2.0 -2.0 -2.0 -2.0 -2.0 -2.0 -2.0 -2.0 -2.0 -2.0 -2.0 -2.0 -2.0 
-2.0 -2.0 -2.0 -2.0 -2.0 -2.0 -2.0 -2.0 -2.0 -2.0 -2.0 -2.0 -2.0 -2.0 -2.0 -2.0 -2.0 -2.0 -2.0 -2.0 -2.0 -2.0 -2.0 -2.0 -2.0 
-2.0 -2.0 -2.0 -2.0 -2.0 -2.0 -2.0 -2.0 -2.0 -2.0 -2.0 -2.0 -2.0 -2.0 -2.0 -2.0 -2.0 -2.0 -2.0 -2.0 -2.0 -2.0 -2.0 -2.0 -2.0 
-2.0 -2.0 -2.0 -2.0 -2.0 -2.0 -2.0 -2.0 -2.0 -2.0 -2.0 -2.0 -2.0 -2.0 -2.0 -2.0 -2.0 -2.0 -2.0 -2.0 -2.0 -2.0 -2.0 -2.0 -2.0 
-2.0 -2.0 -2.0 -2.0 -2.0 -2.0 -2.0 -2.0 -2.0 -2.0 -2.0 -2.0 -2.0 -2.0 -2.0 -2.0 -2.0 -2.0 -2.0 -2.0 -2.0 -2.0 -2.0 -2.0 -2.0 
1.0 1.0 1.0 1.0 1.0 1.0 1.0 1.0 1.0 1.0 1.0 1.0 1.0 1.0 1.0 1.0 1.0 1.0 1.0 1.0 1.0 1.0 1.0 1.0 1.0 
1.0 1.0 1.0 1.0 1.0 1.0 1.0 1.0 1.0 1.0 1.0 1.0 1.0 1.0 1.0 1.0 1.0 1.0 1.0 1.0 1.0 1.0 1.0 1.0 1.0 
1.0 1.0 1.0 1.0 1.0 1.0 1.0 1.0 1.0 1.0 1.0 1.0 1.0 1.0 1.0 1.0 1.0 1.0 1.0 1.0 1.0 1.0 1.0 1.0 1.0 
1.0 1.0 1.0 1.0 1.0 1.0 1.0 1.0 1.0 1.0 1.0 1.0 1.0 1.0 1.0 1.0 1.0 1.0 1.0 1.0 1.0 1.0 1.0 1.0 1.0 
1.0 1.0 1.0 1.0 1.0 1.0 1.0 1.0 1.0 1.0 1.0 1.0 1.0 1.0 1.0 1.0 1.0 1.0 1.0 1.0 1.0 1.0 1.0 1.0 1.0 
2.0 2.0 2.0 2.0 2.0 2.0 2.0 2.0 2.0 2.0 2.0 2.0 2.0 2.0 2.0 2.0 2.0 2.0 2.0 2.0 2.0 2.0 2.0 2.0 2.0 
2.0 2.0 2.0 2.0 2.0 2.0 2.0 2.0 2.0 2.0 2.0 2.0 2.0 2.0 2.0 2.0 2.0 2.0 2.0 2.0 2.0 2.0 2.0 2.0 2.0 
2.0 2.0 2.0 2.0 2.0 2.0 2.0 2.0 2.0 2.0 2.0 2.0 2.0 2.0 2.0 2.0 2.0 2.0 2.0 2.0 2.0 2.0 2.0 2.0 2.0 
2.0 2.0 2.0 2.0 2.0 2.0 2.0 2.0 2.0 2.0 2.0 2.0 2.0 2.0 2.0 2.0 2.0 2.0 2.0 2.0 2.0 2.0 2.0 2.0 2.0 
2.0 2.0 2.0 2.0 2.0 2.0 2.0 2.0 2.0 2.0 2.0 2.0 2.0 2.0 2.0 2.0 2.0 2.0 2.0 2.0 2.0 2.0 2.0 2.0 2.0 

