0.923035 0.711325 0.804820 0.603237 0.614508 0.372520 0.250630 0.914570 0.138861 0.305038 0.388572 0.808577 0.147793 0.471734 0.774964 0.944772 0.898824 0.785660 0.657324 0.505012 0.157044 0.693431 0.452753 0.131420 0.367287 
0.548887 0.342957 0.236735 0.959374 0.114764 0.639063 0.689456 0.322579 0.786294 0.351905 0.242285 0.486536 0.865524 0.234537 0.443796 0.377021 0.946460 0.623954 0.189107 0.090929 0.751109 0.326435 0.523920 0.875615 0.275769 
0.220161 0.920147 0.312421 0.932864 0.221042 0.115272 0.367475 0.238604 0.446690 0.427725 0.279828 0.335042 0.776315 0.445446 0.056978 0.771511 0.330357 0.055517 0.819101 0.801822 0.775783 0.737872 0.406225 0.048815 0.493306 
0.251349 0.536757 0.029524 0.334741 0.948800 0.520212 0.879200 0.992448 0.164279 0.417030 0.317910 0.039801 0.510709 0.087531 0.213878 0.356704 0.325847 0.346989 0.360399 0.545720 0.045484 0.221012 0.255145 0.379842 0.487468 
0.015837 0.598648 0.013062 0.176555 0.979494 0.863598 0.730297 0.211536 0.750677 0.911799 0.710931 0.702550 0.390407 0.159622 0.076761 0.074151 0.700936 0.713877 0.633196 0.389537 0.752086 0.887567 0.841022 0.806489 0.457591 
0.310719 0.890586 0.132851 0.750547 0.476225 0.937975 0.043866 0.220077 0.898869 0.611834 0.778066 0.996908 0.730001 0.938024 0.742563 0.909904 0.427672 0.451569 0.389358 0.869117 0.878507 0.497484 0.390640 0.130449 0.889159 
0.913661 0.982403 0.967091 0.451862 0.623808 0.838752 0.192008 0.710817 0.416070 0.146464 0.029508 0.949942 0.699218 0.366192 0.481192 0.043588 0.049652 0.558576 0.567386 0.456910 0.582719 0.935338 0.778978 0.651705 0.747661 
0.713457 0.580969 0.044265 0.632566 0.501117 0.581205 0.593486 0.596668 0.567630 0.124982 0.837043 0.639143 0.203825 0.228592 0.519784 0.955271 0.012755 0.937699 0.333555 0.289967 0.116781 0.905342 0.436009 0.490806 0.321901 
0.163040 0.448340 0.403581 0.686375 0.594014 0.391984 0.946447 0.015094 0.657375 0.116086 0.643047 0.907074 0.305382 0.311855 0.879997 0.437380 0.815467 0.458121 0.858030 0.681358 0.157301 0.126213 0.593633 0.678314 0.941058 
0.575321 0.057790 0.984450 0.729324 0.075688 0.444963 0.358462 0.257016 0.116523 0.820862 0.885512 0.676474 0.431548 0.239014 0.054784 0.723729 0.554340 0.594592 0.299384 0.599329 0.294796 0.527040 0.670344 0.245824 0.611637 
0.534497 0.602194 0.191640 0.897988 0.988731 0.000115 0.285635 0.208859 0.189495 0.440650 0.767418 0.610389 0.255639 0.227608 0.534318 0.598202 0.364941 0.189723 0.892069 0.952530 0.416215 0.926213 0.714109 0.182870 0.657680 
0.083999 0.356578 0.041461 0.675389 0.338243 0.377883 0.850906 0.953729 0.973725 0.270266 0.125738 0.257855 0.715037 0.927197 0.066593 0.388682 0.695329 0.762015 0.858962 0.026387 0.948926 0.401688 0.143134 0.056252 0.334866 
0.326024 0.090359 0.287250 0.708882 0.183172 0.964553 0.445960 0.959197 0.875172 0.574569 0.732065 0.989752 0.684513 0.888896 0.502182 0.251218 0.043477 0.909758 0.832844 0.788875 0.891148 0.012679 0.969427 0.434363 0.269667 
0.147370 0.648491 0.292657 0.033972 0.532085 0.197900 0.220556 0.121723 0.822758 0.520941 0.754876 0.641850 0.527026 0.705608 0.896715 0.059311 0.284312 0.970010 0.440257 0.937975 0.844010 0.141217 0.551994 0.527989 0.672813 
0.125440 0.645361 0.113202 0.717303 0.327595 0.742798 0.244450 0.875368 0.984937 0.281150 0.887356 0.161689 0.340713 0.226113 0.838583 0.411957 0.155653 0.669657 0.145976 0.792818 0.591979 0.620641 0.998423 0.789252 0.455368 
0.963113 0.385512 0.629464 0.930694 0.193309 0.474187 0.617419 0.560950 0.368260 0.571411 0.845150 0.766614 0.201181 0.062575 0.889356 0.374262 0.310735 0.231402 0.123146 0.509469 0.555972 0.312128 0.203047 0.666602 0.952105 
0.309878 0.034023 0.478193 0.489576 0.905904 0.261806 0.147430 0.045022 0.172098 0.466141 0.999864 0.585918 0.429059 0.927555 0.703859 0.144913 0.721786 0.777959 0.340079 0.297804 0.688776 0.472067 0.860215 0.502553 0.655895 
0.287094 0.425930 0.602542 0.182836 0.598228 0.547191 0.197688 0.795153 0.409661 0.615804 0.037751 0.116702 0.697696 0.079154 0.467815 0.542725 0.664683 0.988455 0.970176 0.863191 0.016615 0.819487 0.228613 0.261002 0.914347 
0.752252 0.498312 0.525492 0.826377 0.691555 0.937937 0.604480 0.527640 0.973924 0.883341 0.857381 0.337367 0.770067 0.208611 0.471997 0.415472 0.614720 0.516949 0.728606 0.351217 0.116296 0.057587 0.748577 0.274348 0.434001 
0.642106 0.790504 0.089218 0.234344 0.983087 0.050088 0.792854 0.143872 0.514458 0.692682 0.193953 0.166845 0.830556 0.665167 0.249132 0.094524 0.807318 0.297312 0.442634 0.813487 0.406929 0.175197 0.727153 0.360581 0.838386 
0.515336 0.655245 0.691135 0.620751 0.403885 0.910971 0.709774 0.789862 0.518756 0.692114 0.733987 0.512577 0.679805 0.535480 0.679613 0.921802 0.504612 0.937007 0.868773 0.918218 0.187162 0.500506 0.306698 0.606290 0.776677 
0.837548 0.750841 0.762805 0.487680 0.597739 0.891572 0.813610 0.112788 0.568057 0.404372 0.313941 0.396690 0.412361 0.013601 0.282874 0.340470 0.969579 0.182652 0.772570 0.684038 0.943678 0.131218 0.845008 0.204832 0.961781 
0.513614 0.584630 0.655941 0.986989 0.831427 0.952716 0.544842 0.308254 0.379258 0.596454 0.419079 0.013242 0.544951 0.715073 0.543010 0.122861 0.263475 0.148463 0.689890 0.052086 0.948389 0.162117 0.926652 0.146199 0.363457 
0.654395 0.588653 0.422485 0.578664 0.068625 0.411726 0.708679 0.823462 0.336075 0.738830 0.608865 0.438593 0.742174 0.310251 0.179170 0.342708 0.311787 0.480375 0.119402 0.156491 0.243068 0.392089 0.516016 0.497494 0.531552 
0.287264 0.676366 0.576265 0.838013 0.115389 0.406588 0.697305 0.307362 0.294510 0.439491 0.638561 0.876974 0.753336 0.904158 0.273748 0.267459 0.856957 0.410630 0.378080 0.604638 0.782719 0.477359 0.139307 0.471237 0.225964 

0.949842 0.465330 0.721017 0.337531 0.561797 0.846414 0.091502 0.012766 0.628674 0.408995 0.544941 0.510878 0.621838 0.993441 0.526724 0.995049 0.559510 0.975979 0.284628 0.534041 0.027591 0.383420 0.872297 0.194203 0.949410 
0.708270 0.188419 0.925237 0.348461 0.229809 0.917416 0.476167 0.253395 0.607697 0.344688 0.361883 0.480355 0.095852 0.020429 0.567696 0.219773 0.757586 0.902120 0.863611 0.247469 0.264903 0.690991 0.005205 0.373752 0.477700 
0.819966 0.176816 0.250214 0.286508 0.695154 0.743740 0.580559 0.843452 0.819505 0.068533 0.221759 0.292208 0.367373 0.158768 0.241391 0.852606 0.863662 0.805127 0.091196 0.816015 0.683850 0.016985 0.226593 0.578856 0.610254 
0.345173 0.452891 0.985954 0.145070 0.043122 0.399435 0.099283 0.953063 0.962727 0.384809 0.774975 0.840573 0.508940 0.241589 0.891320 0.101535 0.915536 0.822548 0.895907 0.824582 0.995417 0.085986 0.752530 0.526086 0.403721 
0.584623 0.678942 0.601701 0.533735 0.843186 0.709082 0.915423 0.848147 0.221148 0.732796 0.912388 0.621121 0.728596 0.076933 0.873659 0.421823 0.441163 0.600363 0.871911 0.998569 0.904912 0.673492 0.042812 0.942831 0.723653 
0.974307 0.482835 0.439739 0.421257 0.528190 0.663581 0.493706 0.074714 0.282619 0.768885 0.209265 0.292002 0.880406 0.832703 0.343286 0.379318 0.754556 0.740953 0.365613 0.242710 0.714858 0.903375 0.855316 0.651557 0.818449 
0.246947 0.618951 0.937336 0.746300 0.095622 0.768559 0.155979 0.416491 0.525550 0.690206 0.660106 0.780108 0.065372 0.015177 0.715126 0.248594 0.776113 0.787352 0.010308 0.859755 0.617588 0.263350 0.141551 0.025321 0.089918 
0.362644 0.468408 0.522852 0.476737 0.572188 0.973160 0.051626 0.887329 0.048558 0.352269 0.921372 0.397988 0.716336 0.571333 0.480754 0.750245 0.348870 0.178513 0.991288 0.744483 0.035248 0.943223 0.474276 0.517556 0.767511 
0.775817 0.589392 0.383570 0.345298 0.524232 0.107325 0.995146 0.226422 0.575087 0.206228 0.498838 0.858649 0.288054 0.704198 0.817461 0.389083 0.492063 0.910553 0.781203 0.577619 0.995314 0.307903 0.434983 0.041618 0.771346 
0.285769 0.979670 0.644691 0.826538 0.705667 0.615903 0.583623 0.006914 0.867777 0.265989 0.370574 0.224307 0.475640 0.643047 0.242115 0.872933 0.131174 0.647899 0.456873 0.334177 0.792668 0.775995 0.417394 0.923498 0.054530 
0.886270 0.565527 0.024437 0.629554 0.775852 0.611116 0.932009 0.347712 0.296123 0.635222 0.957941 0.992859 0.954127 0.922200 0.026260 0.384157 0.555409 0.191194 0.396464 0.844390 0.030574 0.161573 0.238649 0.491601 0.315289 
0.888486 0.301197 0.549556 0.005756 0.768836 0.094864 0.712275 0.879437 0.737992 0.047568 0.882710 0.537716 0.875793 0.128812 0.595818 0.072772 0.873577 0.948576 0.653936 0.962249 0.771856 0.303152 0.259430 0.335486 0.145908 
0.046516 0.788325 0.929928 0.825070 0.488891 0.287055 0.719997 0.646838 0.310656 0.881548 0.469769 0.715062 0.722205 0.479885 0.260457 0.933284 0.710595 0.382065 0.171864 0.288261 0.733032 0.674735 0.676202 0.520622 0.363926 
0.228029 0.168550 0.827086 0.134020 0.353092 0.857289 0.912385 0.430439 0.103434 0.825047 0.580917 0.946615 0.314034 0.011207 0.244411 0.130848 0.362457 0.684618 0.945370 0.583324 0.050625 0.288131 0.434231 0.224201 0.581779 
0.418020 0.728698 0.225091 0.770945 0.408457 0.103452 0.488358 0.285313 0.312487 0.144797 0.452174 0.634887 0.329091 0.692123 0.461449 0.137506 0.106365 0.471133 0.324051 0.178711 0.412068 0.036509 0.622868 0.840676 0.326860 
0.869152 0.336390 0.795083 0.478037 0.515462 0.017898 0.779293 0.893570 0.664466 0.548108 0.590248 0.736804 0.303551 0.175592 0.179230 0.353085 0.965820 0.259453 0.145121 0.126299 0.034403 0.873657 0.163782 0.375483 0.082159 
0.705339 0.444432 0.831178 0.334597 0.127448 0.930855 0.769394 0.203400 0.325332 0.259521 0.971216 0.418505 0.290190 0.530644 0.582420 0.982851 0.756660 0.380865 0.278618 0.059916 0.233623 0.409360 0.703849 0.375227 0.825331 
0.826215 0.584965 0.347798 0.140555 0.122331 0.442625 0.815808 0.486880 0.604420 0.030040 0.189573 0.844612 0.929367 0.320494 0.369443 0.334502 0.701169 0.662092 0.059665 0.545071 0.026708 0.524153 0.865014 0.414383 0.390853 
0.907922 0.007730 0.487054 0.379535 0.199327 0.131923 0.591350 0.528471 0.706355 0.324112 0.030016 0.153757 0.704350 0.266138 0.514314 0.929510 0.569006 0.542844 0.147607 0.837785 0.223901 0.556853 0.088122 0.441376 0.226602 
0.869474 0.836287 0.302052 0.179960 0.168150 0.726910 0.444274 0.162273 0.252607 0.480266 0.728729 0.818538 0.020454 0.655363 0.274605 0.417876 0.260154 0.372796 0.728614 0.906905 0.652963 0.098343 0.833968 0.900363 0.243816 
0.032167 0.541629 0.138303 0.632464 0.740849 0.974584 0.424494 0.430217 0.203561 0.898459 0.417641 0.650955 0.992114 0.556294 0.913155 0.531860 0.754714 0.311709 0.361185 0.503112 0.188414 0.977998 0.146598 0.242463 0.348853 
0.777746 0.703878 0.137628 0.794846 0.739892 0.792085 0.400288 0.422585 0.922522 0.084283 0.331904 0.370074 0.946414 0.946114 0.098895 0.703441 0.919765 0.295433 0.639263 0.194660 0.826468 0.693765 0.463901 0.150603 0.407668 
0.631263 0.517984 0.693860 0.007918 0.312879 0.293976 0.132824 0.076788 0.811699 0.802375 0.089807 0.931260 0.207532 0.046680 0.612468 0.636500 0.370906 0.901985 0.703255 0.072081 0.761848 0.965360 0.787049 0.939516 0.037964 
0.287973 0.372494 0.631059 0.470401 0.885989 0.533002 0.838431 0.033937 0.681050 0.783411 0.925749 0.525805 0.438080 0.980852 0.724338 0.264567 0.504799 0.651293 0.537125 0.545950 0.348692 0.563210 0.238438 0.212770 0.218753 
0.894803 0.619995 0.938993 0.916341 0.288088 0.000593 0.896514 0.462265 0.239532 0.335973 0.620148 0.877345 0.147674 0.324871 0.307573 0.547477 0.937713 0.150800 0.238369 0.809424 0.230342 0.577585 0.456027 0.747823 0.816498 

-1.554238 -0.319590 0.171040 -0.508461 1.193067 1.369086 -0.072736 -0.780411 1.243827 0.995836 0.331916 0.301602 1.569187 1.785746 0.203288 0.835842 0.266424 1.809783 -0.028685 -0.246223 -0.123585 -0.033918 1.004056 0.036711 1.362141 
-0.641594 0.147180 -1.833043 0.450870 -0.655231 1.445393 -0.188403 -0.190140 0.450967 0.745547 0.580454 0.438576 -0.610527 -0.111088 0.564389 0.266148 0.603462 1.136838 1.866926 0.427266 -0.368242 0.955301 -0.324411 -0.183401 0.894852 
-1.498881 -0.162010 -0.439065 0.544316 -1.196726 -1.375667 -0.646441 1.332517 1.203835 -0.335223 -0.301502 -0.046103 0.192748 -0.041039 0.829510 1.117622 1.718213 1.783969 -0.662518 1.461457 0.387467 -1.225711 0.520458 0.929293 -0.188648 
-0.996295 -0.465346 -2.080687 0.049056 0.751637 -0.433328 0.066270 -0.982166 -2.379209 0.518497 1.444430 1.418782 0.658149 0.290891 2.069910 -0.507121 1.336734 0.873105 1.217875 0.551294 1.439681 0.485250 -0.167444 -0.689083 -0.468291 
-1.361206 -0.526661 -1.024352 -0.687939 -0.457611 -0.341128 -1.009469 -1.131849 0.194167 -0.654001 -0.993979 0.630370 1.117831 0.405459 1.645149 0.864424 0.165953 0.526393 0.004702 1.039255 -0.746633 -0.746516 -1.983824 -0.284882 -0.257800 
-1.393684 -0.719559 -0.806648 0.574874 -0.354877 -0.269906 -1.083579 -0.026713 0.663538 -0.449289 0.243540 0.274070 -0.196191 1.074516 0.027004 -0.519884 0.804277 1.310008 -0.244225 -1.580095 -1.515654 -0.252068 0.229342 0.357340 -1.078346 
0.192876 -0.330872 -1.013772 -1.748829 0.485402 -0.983648 0.030655 -0.118462 -1.209403 -1.380283 -1.723833 -0.654304 0.504893 0.086472 -0.603890 0.870987 0.816486 -0.051521 -1.399669 -0.370439 -0.282988 -1.394708 -0.928757 -1.066237 -1.426284 
0.086523 -0.274963 -0.807285 -0.614552 -0.379572 -1.039177 0.499740 -1.089081 0.756323 -0.888269 -1.420689 0.173407 -0.977005 -0.636271 -0.368507 -0.716805 0.487274 -1.538413 0.238074 0.617416 -0.390158 -0.816201 -0.532847 -0.064319 0.145946 
-1.370108 -0.520498 -0.007616 -0.303992 -0.372768 1.137639 -1.626634 -0.401088 -0.565868 -0.400411 -0.220083 -0.620678 -0.695559 -1.562132 -1.098901 -0.395670 -1.244840 -0.156597 -0.855887 -0.610842 0.821205 0.010384 -0.593597 -1.132993 -1.223456 
-0.194488 -1.577700 0.116992 -0.783925 -1.444971 -0.956602 -1.103437 0.349628 -1.971799 0.670778 0.190426 0.341368 -0.747907 -0.568517 -0.258633 -0.770076 -1.440580 -0.196950 -0.386758 -1.263464 -0.245322 -0.231545 -1.399224 0.842285 -1.119235 
-1.572666 -0.362564 0.312558 -0.379965 -0.692321 -0.622702 -2.202556 0.012402 -0.154613 -0.670457 -0.997120 -1.807920 -1.516364 -0.983310 0.556602 -0.616709 -0.420848 -0.340189 -1.222207 -1.146758 -0.738800 -1.449874 -1.371541 0.303088 -0.837838 
-2.323516 0.169634 -0.683425 0.417079 -0.668382 0.317379 -0.893601 -0.440455 -0.366191 -0.121635 -0.975825 -0.959194 -1.110032 0.562611 -1.428818 0.642369 -0.580336 -0.779962 -1.182253 0.490321 -1.020841 -0.749977 -0.058584 -0.013280 -0.643535 
0.221308 -1.580088 -1.287551 -0.473553 -0.155199 -0.116211 -0.927740 -0.744478 0.922770 -1.654957 0.081727 0.138305 -1.145355 -0.570230 -0.090749 -1.800298 0.428178 -1.753896 -1.361998 -1.115793 -0.718621 0.861050 -1.285652 -0.395268 -0.139094 
-0.100430 -0.068458 -0.802107 -0.777077 -0.036417 -1.875664 -1.723322 -0.997697 0.990741 -0.768551 -0.851292 -0.900901 -0.044762 0.857895 0.576458 0.164722 0.355164 -1.237473 0.185352 -1.414554 -1.779529 -0.787642 -0.459706 -0.763883 0.249140 
-1.178535 -0.714781 -0.052380 -0.548176 -0.572031 0.689443 -0.460027 0.821176 0.696730 -0.499399 -0.311192 -1.210318 -0.024373 -1.044403 1.239568 0.888373 -0.411499 0.707268 0.041507 0.249618 -0.069889 -0.060164 0.019703 0.127220 0.310822 
-0.795006 -0.488111 -1.261589 -0.019552 -0.850734 0.499342 -0.818201 -0.873626 -1.505623 -0.931123 -0.296264 -0.876557 0.338832 -0.297791 1.753871 0.695753 -0.458662 0.018183 0.168095 0.226926 0.473990 0.174778 0.084027 0.028508 -0.149985 
-1.208369 -1.110012 -1.262035 -0.302644 0.230561 -1.334722 -1.173383 -0.513745 -0.825315 0.048004 -1.279376 0.865097 0.260959 1.630959 1.409444 -0.996976 0.932874 1.473089 0.223696 0.068829 -0.243087 -0.387031 0.340210 -0.602228 -0.126308 
-0.933953 -0.977704 0.153353 -0.173404 0.254060 -0.558611 -1.281332 0.192751 -0.795372 0.505445 -0.049908 -0.843620 0.512339 -0.332130 0.753951 0.937015 0.606504 1.358872 1.791888 0.558044 0.206899 -0.125618 0.027515 -0.244404 -0.237112 
-1.072737 0.426400 -0.215764 0.711635 0.596480 0.287291 -0.713866 -1.288740 1.195329 1.418311 2.022705 0.910919 0.103863 0.510546 1.028207 -0.021735 0.474253 0.628501 1.544538 -0.305051 -0.714473 0.397740 0.141353 -0.109348 0.675754 
-1.417444 -0.593240 0.005659 -0.250931 0.169501 -1.203060 -0.245552 0.042624 0.749082 0.737629 0.243322 -0.712262 1.663441 0.467353 0.129050 0.092774 1.803094 0.184956 0.382303 0.092701 0.482375 0.220900 0.008039 0.448345 -0.264822 
0.750151 -0.428995 0.288538 -0.817976 -1.022234 -0.643105 0.988655 1.129801 0.427401 0.440420 1.044339 0.482026 0.495909 0.041960 0.122843 1.814337 0.514074 1.339978 1.035121 0.083963 0.208758 0.062152 0.232997 -0.201952 -0.205010 
0.097671 -0.238268 0.027001 -1.118084 0.072544 0.805936 1.173488 -0.691817 0.337660 1.141205 0.405975 0.078171 0.185173 -1.064095 -0.194867 -0.244879 0.542370 0.146749 0.737464 0.910241 0.005077 0.134933 -0.066964 0.054878 -0.636092 
-0.537774 -0.165238 -1.156682 2.516026 1.386094 1.467327 0.980965 0.836295 0.212123 0.873424 0.810743 -1.027084 0.615669 1.594314 0.170663 -0.010711 0.304430 -0.146801 0.654705 0.366874 -0.225678 -0.351258 0.304756 -0.422011 -0.159088 
-0.093331 -0.758619 0.598173 0.879263 -1.184682 -0.163261 0.652455 1.450905 -0.405371 0.571292 0.386643 0.311101 0.951867 -0.607444 -0.525384 0.431851 -0.187448 -0.301076 -0.546586 -0.085713 -0.648445 -0.523753 0.075130 -0.298867 -0.093043 
-0.465000 1.044633 0.137399 0.076350 0.130415 1.096083 0.569682 0.260132 0.298502 0.317075 0.314310 0.442508 1.077671 1.976615 -0.370394 0.163918 0.497141 1.384671 0.587331 0.528684 -0.253599 0.406022 -0.089619 0.317031 -0.309624 

0 0 0 4 4 4 4 4 4 4 4 4 4 4 4 4 4 4 4 4 4 4 4 4 4 
0 0 0 0 0 4 4 4 4 4 4 4 4 4 4 4 4 4 4 4 4 4 4 4 4 
0 0 0 0 0 0 0 4 4 4 4 4 4 4 4 4 4 4 4 4 4 4 4 4 2 
0 0 0 0 0 0 0 0 0 4 4 4 4 4 4 4 4 4 4 4 4 4 2 2 2 
0 0 0 0 0 0 0 0 0 0 0 4 4 4 4 4 4 4 4 4 2 2 2 2 2 
0 0 0 0 0 0 0 0 0 0 0 0 0 4 4 4 4 4 2 2 2 2 2 2 2 
0 0 0 0 0 0 0 0 0 0 0 0 0 0 0 4 2 2 2 2 2 2 2 2 2 
0 0 0 0 0 0 0 0 0 0 0 0 0 0 0 0 2 2 2 2 2 2 2 2 2 
0 0 0 0 0 0 0 0 0 0 0 0 0 0 0 0 2 2 2 2 2 2 2 2 2 
0 0 0 0 0 0 0 0 0 0 0 0 0 0 0 0 2 2 2 2 2 2 2 2 2 
0 0 0 0 0 0 0 0 0 0 0 0 0 0 0 0 2 2 2 2 2 2 2 2 2 
0 0 0 0 0 0 0 0 0 0 0 0 0 0 0 0 2 2 2 2 2 2 2 2 2 
0 0 0 0 0 0 0 0 0 0 0 0 0 0 0 0 2 2 2 2 2 2 2 2 2 
0 0 0 0 0 0 0 0 0 0 0 0 0 0 0 3 2 2 2 2 2 2 2 2 1 
0 0 0 0 0 0 0 0 0 0 0 0 0 0 3 3 3 3 1 1 1 1 1 1 1 
0 0 0 0 0 0 0 0 0 0 0 0 3 3 3 3 3 3 1 1 1 1 1 1 1 
0 0 0 0 0 0 0 0 0 0 0 3 3 3 3 3 3 3 3 1 1 1 1 1 1 
0 0 0 0 0 0 0 0 0 0 3 3 3 3 3 3 3 3 3 1 1 1 1 1 1 
0 0 0 0 0 0 0 0 3 3 3 3 3 3 3 3 3 3 3 1 1 1 1 1 1 
0 0 0 0 0 0 0 3 3 3 3 3 3 3 3 3 3 3 3 1 1 1 1 1 1 
0 0 0 0 0 0 3 3 3 3 3 3 3 3 3 3 3 3 3 1 1 1 1 1 1 
0 0 0 0 3 3 3 3 3 3 3 3 3 3 3 3 3 3 3 3 1 1 1 1 1 
0 0 0 3 3 3 3 3 3 3 3 3 3 3 3 3 3 3 3 3 1 1 1 1 1 
0 0 3 3 3 3 3 3 3 3 3 3 3 3 3 3 3 3 3 3 1 1 1 1 1 
3 3 3 3 3 3 3 3 3 3 3 3 3 3 3 3 3 3 3 3 1 1 1 1 1 

1.0 1.0 1.0 -1.0 -1.0 -1.0 -1.0 -1.0 -1.0 -1.0 -1.0 -1.0 -1.0 -1.0 -1.0 -1.0 -1.0 -1.0 -1.0 -1.0 -1.0 -1.0 -1.0 -1.0 -1.0 
1.0 1.0 1.0 1.0 1.0 -1.0 -1.0 -1.0 -1.0 -1.0 -1.0 -1.0 -1.0 -1.0 -1.0 -1.0 -1.0 -1.0 -1.0 -1.0 -1.0 -1.0 -1.0 -1.0 -1.0 
1.0 1.0 1.0 1.0 1.0 1.0 1.0 -1.0 -1.0 -1.0 -1.0 -1.0 -1.0 -1.0 -1.0 -1.0 -1.0 -1.0 -1.0 -1.0 -1.0 -1.0 -1.0 -1.0 -2.0 
1.0 1.0 1.0 1.0 1.0 1.0 1.0 1.0 1.0 -1.0 -1.0 -1.0 -1.0 -1.0 -1.0 -1.0 -1.0 -1.0 -1.0 -1.0 -1.0 -1.0 -2.0 -2.0 -2.0 
1.0 1.0 1.0 1.0 1.0 1.0 1.0 1.0 1.0 1.0 1.0 -1.0 -1.0 -1.0 -1.0 -1.0 -1.0 -1.0 -1.0 -1.0 -2.0 -2.0 -2.0 -2.0 -2.0 
1.0 1.0 1.0 1.0 1.0 1.0 1.0 1.0 1.0 1.0 1.0 1.0 1.0 -1.0 -1.0 -1.0 -1.0 -1.0 -2.0 -2.0 -2.0 -2.0 -2.0 -2.0 -2.0 
1.0 1.0 1.0 1.0 1.0 1.0 1.0 1.0 1.0 1.0 1.0 1.0 1.0 1.0 1.0 -1.0 -2.0 -2.0 -2.0 -2.0 -2.0 -2.0 -2.0 -2.0 -2.0 
1.0 1.0 1.0 1.0 1.0 1.0 1.0 1.0 1.0 1.0 1.0 1.0 1.0 1.0 1.0 1.0 -2.0 -2.0 -2.0 -2.0 -2.0 -2.0 -2.0 -2.0 -2.0 
1.0 1.0 1.0 1.0 1.0 1.0 1.0 1.0 1.0 1.0 1.0 1.0 1.0 1.0 1.0 1.0 -2.0 -2.0 -2.0 -2.0 -2.0 -2.0 -2.0 -2.0 -2.0 
1.0 1.0 1.0 1.0 1.0 1.0 1.0 1.0 1.0 1.0 1.0 1.0 1.0 1.0 1.0 1.0 -2.0 -2.0 -2.0 -2.0 -2.0 -2.0 -2.0 -2.0 -2.0 
1.0 1.0 1.0 1.0 1.0 1.0 1.0 1.0 1.0 1.0 1.0 1.0 1.0 1.0 1.0 1.0 -2.0 -2.0 -2.0 -2.0 -2.0 -2.0 -2.0 -2.0 -2.0 
1.0 1.0 1.0 1.0 1.0 1.0 1.0 1.0 1.0 1.0 1.0 1.0 1.0 1.0 1.0 1.0 -2.0 -2.0 -2.0 -2.0 -2.0 -2.0 -2.0 -2.0 -2.0 
1.0 1.0 1.0 1.0 1.0 1.0 1.0 1.0 1.0 1.0 1.0 1.0 1.0 1.0 1.0 1.0 -2.0 -2.0 -2.0 -2.0 -2.0 -2.0 -2.0 -2.0 -2.0 
1.0 1.0 1.0 1.0 1.0 1.0 1.0 1.0 1.0 1.0 1.0 1.0 1.0 1.0 1.0 2.0 -2.0 -2.0 -2.0 -2.0 -2.0 -2.0 -2.0 -2.0 0.0 
1.0 1.0 1.0 1.0 1.0 1.0 1.0 1.0 1.0 1.0 1.0 1.0 1.0 1.0 2.0 2.0 2.0 2.0 0.0 0.0 0.0 0.0 0.0 0.0 0.0 
1.0 1.0 1.0 1.0 1.0 1.0 1.0 1.0 1.0 1.0 1.0 1.0 2.0 2.0 2.0 2.0 2.0 2.0 0.0 0.0 0.0 0.0 0.0 0.0 0.0 
1.0 1.0 1.0 1.0 1.0 1.0 1.0 1.0 1.0 1.0 1.0 2.0 2.0 2.0 2.0 2.0 2.0 2.0 2.0 0.0 0.0 0.0 0.0 0.0 0.0 
1.0 1.0 1.0 1.0 1.0 1.0 1.0 1.0 1.0 1.0 2.0 2.0 2.0 2.0 2.0 2.0 2.0 2.0 2.0 0.0 0.0 0.0 0.0 0.0 0.0 
1.0 1.0 1.0 1.0 1.0 1.0 1.0 1.0 2.0 2.0 2.0 2.0 2.0 2.0 2.0 2.0 2.0 2.0 2.0 0.0 0.0 0.0 0.0 0.0 0.0 
1.0 1.0 1.0 1.0 1.0 1.0 1.0 2.0 2.0 2.0 2.0 2.0 2.0 2.0 2.0 2.0 2.0 2.0 2.0 0.0 0.0 0.0 0.0 0.0 0.0 
1.0 1.0 1.0 1.0 1.0 1.0 2.0 2.0 2.0 2.0 2.0 2.0 2.0 2.0 2.0 2.0 2.0 2.0 2.0 0.0 0.0 0.0 0.0 0.0 0.0 
1.0 1.0 1.0 1.0 2.0 2.0 2.0 2.0 2.0 2.0 2.0 2.0 2.0 2.0 2.0 2.0 2.0 2.0 2.0 2.0 0.0 0.0 0.0 0.0 0.0 
1.0 1.0 1.0 2.0 2.0 2.0 2.0 2.0 2.0 2.0 2.0 2.0 2.0 2.0 2.0 2.0 2.0 2.0 2.0 2.0 0.0 0.0 0.0 0.0 0.0 
1.0 1.0 2.0 2.0 2.0 2.0 2.0 2.0 2.0 2.0 2.0 2.0 2.0 2.0 2.0 2.0 2.0 2.0 2.0 2.0 0.0 0.0 0.0 0.0 0.0 
2.0 2.0 2.0 2.0 2.0 2.0 2.0 2.0 2.0 2.0 2.0 2.0 2.0 2.0 2.0 2.0 2.0 2.0 2.0 2.0 0.0 0.0 0.0 0.0 0.0 

-2.0 -2.0 -2.0 2.0 2.0 2.0 2.0 2.0 2.0 2.0 2.0 2.0 2.0 2.0 2.0 2.0 2.0 2.0 2.0 2.0 2.0 2.0 2.0 2.0 2.0 
-2.0 -2.0 -2.0 -2.0 -2.0 2.0 2.0 2.0 2.0 2.0 2.0 2.0 2.0 2.0 2.0 2.0 2.0 2.0 2.0 2.0 2.0 2.0 2.0 2.0 2.0 
-2.0 -2.0 -2.0 -2.0 -2.0 -2.0 -2.0 2.0 2.0 2.0 2.0 2.0 2.0 2.0 2.0 2.0 2.0 2.0 2.0 2.0 2.0 2.0 2.0 2.0 1.0 
-2.0 -2.0 -2.0 -2.0 -2.0 -2.0 -2.0 -2.0 -2.0 2.0 2.0 2.0 2.0 2.0 2.0 2.0 2.0 2.0 2.0 2.0 2.0 2.0 1.0 1.0 1.0 
-2.0 -2.0 -2.0 -2.0 -2.0 -2.0 -2.0 -2.0 -2.0 -2.0 -2.0 2.0 2.0 2.0 2.0 2.0 2.0 2.0 2.0 2.0 1.0 1.0 1.0 1.0 1.0 
-2.0 -2.0 -2.0 -2.0 -2.0 -2.0 -2.0 -2.0 -2.0 -2.0 -2.0 -2.0 -2.0 2.0 2.0 2.0 2.0 2.0 1.0 1.0 1.0 1.0 1.0 1.0 1.0 
-2.0 -2.0 -2.0 -2.0 -2.0 -2.0 -2.0 -2.0 -2.0 -2.0 -2.0 -2.0 -2.0 -2.0 -2.0 2.0 1.0 1.0 1.0 1.0 1.0 1.0 1.0 1.0 1.0 
-2.0 -2.0 -2.0 -2.0 -2.0 -2.0 -2.0 -2.0 -2.0 -2.0 -2.0 -2.0 -2.0 -2.0 -2.0 -2.0 1.0 1.0 1.0 1.0 1.0 1.0 1.0 1.0 1.0 
-2.0 -2.0 -2.0 -2.0 -2.0 -2.0 -2.0 -2.0 -2.0 -2.0 -2.0 -2.0 -2.0 -2.0 -2.0 -2.0 1.0 1.0 1.0 1.0 1.0 1.0 1.0 1.0 1.0 
-2.0 -2.0 -2.0 -2.0 -2.0 -2.0 -2.0 -2.0 -2.0 -2.0 -2.0 -2.0 -2.0 -2.0 -2.0 -2.0 1.0 1.0 1.0 1.0 1.0 1.0 1.0 1.0 1.0 
-2.0 -2.0 -2.0 -2.0 -2.0 -2.0 -2.0 -2.0 -2.0 -2.0 -2.0 -2.0 -2.0 -2.0 -2.0 -2.0 1.0 1.0 1.0 1.0 1.0 1.0 1.0 1.0 1.0 
-2.0 -2.0 -2.0 -2.0 -2.0 -2.0 -2.0 -2.0 -2.0 -2.0 -2.0 -2.0 -2.0 -2.0 -2.0 -2.0 1.0 1.0 1.0 1.0 1.0 1.0 1.0 1.0 1.0 
-2.0 -2.0 -2.0 -2.0 -2.0 -2.0 -2.0 -2.0 -2.0 -2.0 -2.0 -2.0 -2.0 -2.0 -2.0 -2.0 1.0 1.0 1.0 1.0 1.0 1.0 1.0 1.0 1.0 
-2.0 -2.0 -2.0 -2.0 -2.0 -2.0 -2.0 -2.0 -2.0 -2.0 -2.0 -2.0 -2.0 -2.0 -2.0 -1.0 1.0 1.0 1.0 1.0 1.0 1.0 1.0 1.0 0.0 
-2.0 -2.0 -2.0 -2.0 -2.0 -2.0 -2.0 -2.0 -2.0 -2.0 -2.0 -2.0 -2.0 -2.0 -1.0 -1.0 -1.0 -1.0 0.0 0.0 0.0 0.0 0.0 0.0 0.0 
-2.0 -2.0 -2.0 -2.0 -2.0 -2.0 -2.0 -2.0 -2.0 -2.0 -2.0 -2.0 -1.0 -1.0 -1.0 -1.0 -1.0 -1.0 0.0 0.0 0.0 0.0 0.0 0.0 0.0 
-2.0 -2.0 -2.0 -2.0 -2.0 -2.0 -2.0 -2.0 -2.0 -2.0 -2.0 -1.0 -1.0 -1.0 -1.0 -1.0 -1.0 -1.0 -1.0 0.0 0.0 0.0 0.0 0.0 0.0 
-2.0 -2.0 -2.0 -2.0 -2.0 -2.0 -2.0 -2.0 -2.0 -2.0 -1.0 -1.0 -1.0 -1.0 -1.0 -1.0 -1.0 -1.0 -1.0 0.0 0.0 0.0 0.0 0.0 0.0 
-2.0 -2.0 -2.0 -2.0 -2.0 -2.0 -2.0 -2.0 -1.0 -1.0 -1.0 -1.0 -1.0 -1.0 -1.0 -1.0 -1.0 -1.0 -1.0 0.0 0.0 0.0 0.0 0.0 0.0 
-2.0 -2.0 -2.0 -2.0 -2.0 -2.0 -2.0 -1.0 -1.0 -1.0 -1.0 -1.0 -1.0 -1.0 -1.0 -1.0 -1.0 -1.0 -1.0 0.0 0.0 0.0 0.0 0.0 0.0 
-2.0 -2.0 -2.0 -2.0 -2.0 -2.0 -1.0 -1.0 -1.0 -1.0 -1.0 -1.0 -1.0 -1.0 -1.0 -1.0 -1.0 -1.0 -1.0 0.0 0.0 0.0 0.0 0.0 0.0 
-2.0 -2.0 -2.0 -2.0 -1.0 -1.0 -1.0 -1.0 -1.0 -1.0 -1.0 -1.0 -1.0 -1.0 -1.0 -1.0 -1.0 -1.0 -1.0 -1.0 0.0 0.0 0.0 0.0 0.0 
-2.0 -2.0 -2.0 -1.0 -1.0 -1.0 -1.0 -1.0 -1.0 -1.0 -1.0 -1.0 -1.0 -1.0 -1.0 -1.0 -1.0 -1.0 -1.0 -1.0 0.0 0.0 0.0 0.0 0.0 
-2.0 -2.0 -1.0 -1.0 -1.0 -1.0 -1.0 -1.0 -1.0 -1.0 -1.0 -1.0 -1.0 -1.0 -1.0 -1.0 -1.0 -1.0 -1.0 -1.0 0.0 0.0 0.0 0.0 0.0 
-1.0 -1.0 -1.0 -1.0 -1.0 -1.0 -1.0 -1.0 -1.0 -1.0 -1.0 -1.0 -1.0 -1.0 -1.0 -1.0 -1.0 -1.0 -1.0 -1.0 0.0 0.0 0.0 0.0 0.0 

