0.184835 0.562241 0.087830 0.390425 0.664990 0.288820 0.664277 0.879338 0.660181 0.242883 0.458209 0.869722 0.803899 0.031147 0.871140 0.627665 0.439428 0.934642 0.431351 0.288187 0.898841 0.799560 0.684703 0.184554 0.263882 
0.530173 0.239042 0.336480 0.330196 0.323139 0.940684 0.179355 0.033422 0.674624 0.738378 0.785898 0.854376 0.455370 0.711770 0.427287 0.651151 0.736305 0.776036 0.084251 0.988255 0.601812 0.127701 0.877110 0.787483 0.011515 
0.068073 0.321415 0.503185 0.568810 0.182254 0.248116 0.728440 0.560579 0.484085 0.490643 0.261992 0.035534 0.818443 0.537336 0.374299 0.188078 0.544500 0.877457 0.559707 0.026829 0.138148 0.742205 0.215545 0.902281 0.085158 
0.945511 0.395947 0.426428 0.346401 0.629405 0.894956 0.406261 0.427529 0.075986 0.839405 0.937167 0.567939 0.089525 0.972441 0.752172 0.677122 0.673139 0.498877 0.455992 0.961311 0.655622 0.832302 0.788802 0.668185 0.043443 
0.776057 0.079783 0.261211 0.439451 0.850855 0.276112 0.443829 0.223441 0.489721 0.345420 0.715339 0.533447 0.403407 0.606437 0.302253 0.189827 0.619348 0.741625 0.489865 0.839552 0.840795 0.632753 0.956827 0.282278 0.559719 
0.399134 0.683953 0.847001 0.289622 0.469474 0.521467 0.524777 0.603808 0.239586 0.028768 0.746575 0.153316 0.844859 0.462907 0.241502 0.899041 0.078690 0.166137 0.237269 0.669733 0.204162 0.044655 0.906185 0.645384 0.718628 
0.094429 0.643307 0.678046 0.429965 0.528602 0.914257 0.430170 0.039820 0.065088 0.601832 0.640348 0.565588 0.546484 0.935126 0.559639 0.738193 0.853410 0.706804 0.038771 0.458426 0.378047 0.038381 0.563758 0.944345 0.909964 
0.847617 0.876248 0.938399 0.122307 0.592148 0.430508 0.401830 0.263589 0.269271 0.842680 0.571183 0.343609 0.742741 0.500533 0.628928 0.848183 0.957439 0.402265 0.482750 0.423104 0.255438 0.107625 0.651747 0.053686 0.528416 
0.534455 0.550189 0.750709 0.459147 0.104923 0.818640 0.884246 0.855721 0.654980 0.914391 0.742287 0.032645 0.902265 0.973285 0.758102 0.297802 0.930310 0.176375 0.218358 0.925478 0.076934 0.632396 0.257336 0.030377 0.560161 
0.554697 0.601074 0.996128 0.231734 0.586015 0.087658 0.297381 0.828402 0.539930 0.813465 0.563989 0.245375 0.142160 0.898080 0.573503 0.299700 0.152849 0.523966 0.624455 0.756802 0.260262 0.815678 0.723710 0.255526 0.809200 
0.420542 0.601578 0.153357 0.377459 0.297934 0.492291 0.807714 0.814982 0.022887 0.310735 0.056422 0.669940 0.233175 0.746335 0.083583 0.108254 0.240097 0.512110 0.099508 0.757143 0.891831 0.437307 0.924833 0.268493 0.677730 
0.414677 0.190572 0.788006 0.497600 0.064921 0.488736 0.150657 0.365704 0.046899 0.227249 0.616967 0.151557 0.540235 0.965804 0.916644 0.949660 0.952287 0.627240 0.080886 0.103287 0.783117 0.618758 0.343406 0.004423 0.984712 
0.842226 0.887557 0.693112 0.315275 0.914745 0.221986 0.687670 0.255621 0.599621 0.424169 0.072525 0.298020 0.967802 0.614077 0.216193 0.382435 0.630581 0.804995 0.953150 0.613285 0.586427 0.105233 0.811395 0.518154 0.729687 
0.209527 0.545259 0.636358 0.908706 0.684878 0.584113 0.808182 0.143955 0.857455 0.248811 0.178375 0.839772 0.492542 0.086517 0.830175 0.849192 0.741057 0.296520 0.301286 0.491014 0.936828 0.224577 0.429904 0.195128 0.127492 
0.701238 0.804217 0.302683 0.714356 0.895217 0.178183 0.709619 0.231251 0.898510 0.792717 0.559065 0.435833 0.563634 0.254566 0.661738 0.221536 0.803674 0.293474 0.587915 0.600570 0.796518 0.772163 0.766018 0.949927 0.412183 
0.929372 0.287521 0.316567 0.829677 0.777093 0.480907 0.381310 0.929069 0.240689 0.779320 0.044687 0.616960 0.445572 0.068540 0.342625 0.505712 0.702098 0.759396 0.008608 0.233909 0.282141 0.323908 0.789916 0.037914 0.364563 
0.836121 0.491221 0.170159 0.689650 0.088751 0.565161 0.121805 0.501900 0.552614 0.371082 0.412519 0.372594 0.046199 0.511300 0.349996 0.286818 0.209947 0.144497 0.883391 0.570854 0.116471 0.797271 0.550950 0.124955 0.311486 
0.199823 0.992837 0.904179 0.060140 0.034736 0.147727 0.765393 0.875791 0.028589 0.038081 0.364356 0.867807 0.777807 0.076863 0.353324 0.567778 0.132605 0.277229 0.809949 0.146620 0.552645 0.600462 0.268734 0.144195 0.284263 
0.809919 0.460781 0.502836 0.541388 0.328805 0.922197 0.700611 0.607228 0.004474 0.484227 0.493120 0.257874 0.515528 0.491979 0.744347 0.404246 0.892860 0.400002 0.913368 0.383375 0.184144 0.788392 0.556193 0.721472 0.597551 
0.350364 0.645181 0.751990 0.781327 0.446701 0.901595 0.727740 0.001787 0.820958 0.794900 0.030960 0.771815 0.196033 0.172021 0.147044 0.724432 0.766440 0.834129 0.204202 0.806246 0.553991 0.821814 0.405492 0.502790 0.533365 
0.437035 0.593405 0.056782 0.824727 0.592434 0.331626 0.971162 0.932664 0.581019 0.330997 0.574416 0.867465 0.212530 0.233150 0.704311 0.083327 0.378749 0.549924 0.282591 0.886295 0.793416 0.221558 0.975199 0.227022 0.924093 
0.510163 0.589813 0.386822 0.957361 0.797312 0.623044 0.575928 0.395667 0.202059 0.369215 0.914144 0.569335 0.839138 0.771849 0.951784 0.379851 0.771042 0.712292 0.564012 0.635213 0.923870 0.315350 0.804456 0.838169 0.031437 
0.833621 0.472395 0.760585 0.455285 0.610177 0.762186 0.493016 0.431827 0.373164 0.555091 0.788269 0.587931 0.844885 0.693026 0.688053 0.430092 0.670729 0.709935 0.787559 0.843817 0.958710 0.196019 0.791437 0.137306 0.190020 
0.665345 0.401681 0.799655 0.004987 0.990700 0.886169 0.807935 0.761542 0.131587 0.692991 0.630962 0.282325 0.241658 0.139464 0.413866 0.951727 0.078651 0.108451 0.405747 0.661625 0.809907 0.916940 0.162368 0.559029 0.954491 
0.514865 0.859945 0.596574 0.548096 0.127057 0.028212 0.105626 0.574738 0.002050 0.759549 0.917011 0.234052 0.597484 0.928163 0.839632 0.205853 0.317432 0.836291 0.321447 0.893773 0.742986 0.582137 0.028087 0.569891 0.414880 

0.285379 0.698290 0.158828 0.904334 0.456363 0.723793 0.057852 0.859733 0.606751 0.189139 0.395937 0.903435 0.852443 0.994376 0.665861 0.339666 0.176411 0.286725 0.702050 0.780767 0.733163 0.994695 0.326926 0.210677 0.391782 
0.332400 0.745937 0.848719 0.637505 0.461425 0.826275 0.399522 0.130472 0.569881 0.492741 0.627216 0.805754 0.539487 0.072219 0.511033 0.461754 0.559048 0.685114 0.435611 0.162945 0.924120 0.913180 0.890391 0.388031 0.674767 
0.763244 0.563444 0.701950 0.628606 0.725259 0.753557 0.037500 0.656883 0.873114 0.360574 0.729128 0.033340 0.405946 0.989794 0.402674 0.255289 0.050587 0.262770 0.651718 0.262020 0.729936 0.040710 0.538251 0.602283 0.442870 
0.830656 0.625968 0.887535 0.994457 0.171372 0.400176 0.499941 0.492830 0.910471 0.974777 0.103373 0.683529 0.147298 0.470082 0.616730 0.304186 0.666136 0.218240 0.107788 0.216317 0.961866 0.117779 0.907174 0.109600 0.447795 
0.312786 0.218252 0.334316 0.410416 0.088391 0.276346 0.067629 0.910946 0.823128 0.404992 0.884320 0.795460 0.020378 0.701210 0.497231 0.425651 0.267072 0.848500 0.140997 0.093706 0.628765 0.911191 0.476220 0.288747 0.192447 
0.331807 0.504712 0.662491 0.245974 0.678447 0.061298 0.118119 0.731992 0.194244 0.713293 0.028652 0.923084 0.997636 0.292998 0.230504 0.609379 0.120615 0.471414 0.210997 0.778447 0.450160 0.295905 0.615347 0.285670 0.973044 
0.794454 0.667500 0.568822 0.337461 0.427791 0.791564 0.122495 0.423210 0.733335 0.874895 0.576694 0.888519 0.247543 0.276381 0.449432 0.711263 0.776215 0.123958 0.388872 0.710539 0.619284 0.270548 0.485017 0.242323 0.113534 
0.621559 0.500012 0.548570 0.842432 0.702026 0.183026 0.510704 0.839691 0.203025 0.042982 0.903098 0.856026 0.336128 0.740776 0.196957 0.182102 0.752902 0.695384 0.564068 0.023678 0.258337 0.773271 0.443586 0.255103 0.239388 
0.854377 0.007167 0.901656 0.650757 0.193380 0.407819 0.404906 0.793124 0.809155 0.614760 0.996635 0.771839 0.003790 0.182438 0.681442 0.493488 0.921541 0.515527 0.925642 0.431554 0.421807 0.579193 0.291287 0.466533 0.739971 
0.927242 0.091434 0.295653 0.842707 0.940594 0.853097 0.881367 0.434145 0.149906 0.885062 0.182602 0.950216 0.656225 0.653729 0.205773 0.237826 0.017967 0.717543 0.765942 0.090712 0.209618 0.941268 0.410223 0.489156 0.747359 
0.348962 0.346277 0.234110 0.182825 0.753466 0.158814 0.189711 0.189075 0.513263 0.035910 0.981737 0.704224 0.323059 0.207107 0.856349 0.954772 0.329454 0.587242 0.548858 0.650045 0.417940 0.314006 0.547510 0.183612 0.593250 
0.004966 0.323281 0.032487 0.978667 0.744398 0.510769 0.150700 0.695222 0.375048 0.624750 0.651845 0.688786 0.144359 0.353684 0.379844 0.339049 0.830779 0.360659 0.291749 0.623528 0.251417 0.435939 0.375130 0.203340 0.213810 
0.914823 0.544748 0.996194 0.686548 0.284509 0.127399 0.827211 0.949476 0.249848 0.498787 0.326671 0.299009 0.505988 0.716034 0.352581 0.239849 0.420669 0.274233 0.119413 0.679082 0.902687 0.127833 0.742650 0.935137 0.229358 
0.327575 0.042471 0.558426 0.468230 0.034088 0.238027 0.151807 0.623624 0.412873 0.402217 0.995954 0.491596 0.933565 0.608152 0.824735 0.594968 0.731075 0.055300 0.332779 0.743439 0.644672 0.088880 0.174501 0.464747 0.267961 
0.519040 0.618834 0.031681 0.412860 0.000161 0.813391 0.465572 0.983224 0.399270 0.640077 0.718650 0.036091 0.228738 0.482515 0.322648 0.688920 0.256181 0.852468 0.557715 0.092835 0.980477 0.388661 0.732603 0.928502 0.524866 
0.948960 0.641319 0.953846 0.243706 0.542902 0.695620 0.671459 0.406603 0.393341 0.310147 0.670444 0.497937 0.609380 0.213956 0.831643 0.114923 0.497399 0.729738 0.003814 0.815379 0.030512 0.384336 0.292677 0.300106 0.985034 
0.900757 0.350523 0.654020 0.184976 0.952576 0.588407 0.747063 0.484820 0.310513 0.440107 0.028990 0.600018 0.576400 0.951961 0.975861 0.101873 0.140404 0.157496 0.218217 0.229535 0.606092 0.348921 0.390833 0.330741 0.525726 
0.824301 0.094757 0.976142 0.476299 0.464664 0.730764 0.370984 0.685881 0.104108 0.600466 0.316606 0.225665 0.029505 0.910548 0.927153 0.320744 0.112537 0.116177 0.012220 0.377663 0.038747 0.232757 0.509579 0.863926 0.633538 
0.490803 0.360032 0.393676 0.969568 0.612011 0.488075 0.985109 0.087025 0.822529 0.302830 0.874475 0.010591 0.246683 0.499229 0.402834 0.318018 0.492356 0.020969 0.137445 0.492437 0.368463 0.814304 0.290710 0.783096 0.754187 
0.984296 0.653737 0.756258 0.500327 0.119920 0.633048 0.314403 0.951183 0.845810 0.054691 0.830184 0.177633 0.681431 0.957572 0.083993 0.771631 0.372653 0.772896 0.543441 0.845415 0.846017 0.372319 0.046266 0.056216 0.741599 
0.558051 0.696298 0.450421 0.991603 0.429627 0.266457 0.238437 0.377921 0.327893 0.139697 0.911594 0.279020 0.551576 0.135425 0.472077 0.396933 0.232746 0.425242 0.778485 0.538453 0.311353 0.809231 0.129398 0.697644 0.300168 
0.200336 0.038407 0.051989 0.853003 0.509460 0.275990 0.583081 0.987515 0.935394 0.974934 0.184631 0.090941 0.264830 0.742793 0.071877 0.429306 0.355471 0.938901 0.375399 0.674437 0.696134 0.055888 0.319783 0.958655 0.450280 
0.759160 0.992087 0.128680 0.589790 0.488485 0.651240 0.471047 0.929044 0.908930 0.902073 0.432473 0.479599 0.974362 0.139972 0.939192 0.246291 0.518498 0.353921 0.849997 0.360512 0.325900 0.590392 0.246609 0.142978 0.064754 
0.263463 0.597146 0.015194 0.456049 0.064847 0.527868 0.650827 0.584834 0.939034 0.597565 0.927578 0.865860 0.193613 0.891757 0.658733 0.497966 0.665785 0.972910 0.029322 0.273307 0.331753 0.352846 0.136000 0.215538 0.074424 
0.668622 0.372355 0.187976 0.637598 0.409385 0.057459 0.507518 0.450940 0.523966 0.547269 0.230073 0.841717 0.138209 0.218008 0.263904 0.841435 0.528679 0.050456 0.776426 0.964526 0.855859 0.555687 0.955411 0.328928 0.253044 

-0.464939 -1.811634 -0.266073 -1.594307 -1.610753 -1.300066 -1.442310 -2.327707 -1.944718 -0.702162 -1.451642 -2.748088 -2.478379 -0.956669 -2.719403 -1.497888 -0.800419 -2.232885 -1.981422 -0.881000 -2.715638 -2.521831 -1.477429 -0.368568 -1.115166 
-1.188353 -1.476057 -1.766860 -1.369035 -0.964366 -2.999473 -0.455969 -0.280941 -1.517932 -1.810418 -2.171573 -2.728913 -1.494639 -1.821755 -1.142835 -2.193146 -1.989362 -2.073104 -0.668116 -2.177621 -2.292363 -1.072945 -2.713459 -1.860451 -1.019247 
-0.622835 -1.104333 -1.541521 -1.702641 -1.005610 -1.392081 -1.335807 -1.741093 -1.767726 -1.475639 -1.366418 -0.347917 -1.917054 -2.553584 -0.955753 -0.534824 -0.937449 -2.039786 -1.981853 -0.307263 -1.077768 -1.551039 -0.805941 -2.421430 -0.580479 
1.414348 -1.443680 -1.764345 -1.880031 -1.096294 -2.264980 -1.364723 -1.864087 -0.964783 -2.578768 -2.208688 -1.750513 -0.372426 -2.383197 -2.084594 -1.829392 -2.198017 -1.303481 -0.811694 -1.819196 -2.245138 -1.537171 -2.779404 -1.533157 -0.510100 
1.260332 -0.310358 -0.829762 -1.450566 -1.849193 -0.729456 -1.126126 -1.707225 -1.695170 -0.881129 -2.406774 -1.932648 -0.860953 -1.951937 -1.130254 -0.900180 -1.851090 -2.251004 -0.885604 -1.683007 -2.213722 -2.344148 -2.272007 -0.937466 -1.044875 
0.437335 1.160755 -2.474356 -0.727682 -1.581113 -1.252283 -1.086964 -2.085334 -0.719384 -0.872440 -1.508024 -0.959518 -2.868528 -1.378960 -0.833868 -2.124616 -0.680111 -0.873810 -0.807049 -2.563194 -0.784353 -0.365640 -2.421425 -1.485243 -2.401924 
0.595316 1.404680 -1.841453 -1.123859 -1.099758 -2.382386 -1.348865 -0.395575 -0.728581 -2.145174 -1.815040 -2.100580 -1.396498 -2.186901 -1.242167 -2.094934 -2.557470 -1.927422 -0.386235 -1.760312 -0.999320 -0.758773 -1.900470 -2.603092 -2.119464 
1.601803 1.188034 1.506281 -1.008667 -2.041872 -0.986978 -1.237845 -1.382673 -0.558689 -1.930338 -2.353493 -1.835254 -2.204418 -1.521898 -1.031939 -1.757321 -2.594840 -1.570971 -1.321165 -0.405532 -0.894851 -1.139779 -1.771340 -0.336523 -1.624922 
1.220636 0.580635 1.808206 -1.434359 -0.341072 -1.919359 -2.110592 -2.581843 -2.356288 -2.443133 -2.505134 -0.678355 -1.986874 -2.254085 -1.954318 -1.113081 -2.848418 -1.063879 -0.954934 -2.125961 -0.194537 -1.678624 -0.951959 -0.867533 -1.482493 
1.479411 0.931539 1.535713 1.298289 -2.406247 -1.056165 -1.256969 -1.925543 -1.242590 -2.160410 -1.419598 -1.452628 -0.917468 -2.509918 -1.235300 -1.119459 -0.349455 -1.892200 -1.904223 -1.784729 -0.425808 -2.636742 -1.762508 -0.871040 -2.647548 
0.838323 1.068524 0.497053 0.633681 -1.177897 -1.085790 -1.463994 -1.954500 -0.550651 -0.886288 -1.152649 -2.016210 -0.686317 -1.651634 -1.120993 -1.330522 -0.849965 -1.638561 -1.090177 -2.289230 -1.759346 -1.208409 -2.534261 -0.476636 -2.087938 
0.311093 0.518619 1.082928 1.379163 0.694946 -1.484593 -0.663543 -1.395488 -0.578161 -1.163810 -2.017998 -1.059533 -1.057155 -2.241401 -2.297914 -2.115456 -2.618318 -1.799823 -0.305529 -0.457150 -1.614466 -1.526165 -1.188240 -0.369718 -2.459541 
1.950592 1.343233 1.942469 1.184967 1.581091 -0.141877 -2.327894 -1.404816 -1.447261 -1.246179 -0.221633 -0.786704 -2.339995 -1.907106 -0.869735 -1.185996 -1.828280 -2.089112 -1.981729 -1.714117 -1.988244 -0.640151 -2.360408 -2.068607 -1.689692 
0.635839 0.735763 1.183478 1.727111 0.492738 0.310029 -1.460647 -1.005592 -2.143102 -1.020358 -1.533417 -2.034386 -2.107419 -0.714055 -2.608415 -2.245348 -2.412270 -0.470336 -0.741562 -1.657975 -2.728794 -0.307270 -1.199562 -0.508037 0.163435 
1.309241 1.559233 0.198370 1.392472 0.941511 1.222172 0.917300 -1.931137 -2.265170 -2.137016 -2.086157 -0.993648 -1.352135 -1.012657 -1.500218 -1.122247 -2.324334 -1.576039 -2.014611 -1.407410 -2.556513 -2.314515 -2.086918 -0.037609 0.264003 
1.984240 0.719312 1.624409 1.390683 1.533729 1.444976 -0.143320 0.908721 -0.528359 1.188796 -1.303473 0.222867 -0.092120 -0.335525 -0.701382 -1.248310 -2.020826 -2.086202 -0.128895 -1.348960 -0.394529 -0.115623 -0.123721 0.136938 -0.333705 
1.643055 0.779305 0.724125 0.877538 1.242174 1.060460 -1.402647 0.000622 0.296944 0.155707 0.678162 -0.369815 -1.109726 -0.611540 -1.294487 0.613518 -0.081523 0.007302 0.934531 0.069442 0.434412 -0.232024 0.160505 -0.312625 0.084725 
0.896753 1.217000 1.999742 0.690648 0.358473 0.653351 0.764436 0.177151 -0.308435 -1.286274 0.361646 1.031355 1.539102 -1.689556 -0.789860 0.931066 -0.009511 0.381380 1.542246 -0.221986 -0.322721 0.209842 0.114076 -0.436705 0.256049 
1.312875 0.658885 0.873879 1.522412 0.967128 1.310889 -0.594944 0.617102 -1.519424 0.285264 -0.417195 0.607576 0.400700 -0.057026 0.386968 0.023629 0.911401 0.082270 -0.056688 -0.234068 0.142581 -0.001918 0.070063 -0.244862 0.072543 
1.338230 1.275588 1.478530 1.374855 0.334769 1.733229 1.062102 -1.670316 0.332981 1.264332 -1.498757 1.358592 -0.802391 -1.829815 0.278715 0.669339 -0.261061 0.657366 0.013949 -0.110377 0.020463 0.079205 -0.174720 0.038701 -0.336528 
1.006752 1.278597 0.277218 1.678764 1.172760 0.233968 1.733963 1.062623 0.701313 0.634919 -0.607229 1.202855 -0.917779 0.117193 0.131070 0.212646 -0.152909 0.488248 0.272971 -0.330663 -0.051942 -0.379110 0.332360 0.056049 0.231975 
0.657152 0.771942 0.462809 1.936267 1.383459 1.098756 -0.001364 -1.220161 -1.406050 -0.886656 1.393298 0.987370 -0.117974 0.623818 -0.706533 0.486701 -0.166956 1.251282 -0.139619 -0.016652 -0.547560 -0.276165 -0.014317 0.066026 0.113009 
1.584986 1.479684 0.933268 1.015580 1.327560 1.413105 -0.061492 -0.982098 -0.939499 -0.798955 0.058049 0.313839 1.012487 -0.711913 1.543689 -0.097741 0.069734 -0.059619 -0.330625 0.019713 0.172267 0.341141 -0.136766 0.040583 -0.215780 
0.818792 0.799568 1.117653 0.503083 1.211789 1.398053 0.521554 0.407554 -1.902571 0.910123 1.366797 1.213740 0.320239 1.829630 0.703805 0.085236 1.257527 -0.172624 0.067699 0.041571 -0.241042 -0.192256 0.034826 -0.120573 -0.107198 
1.016582 1.047911 0.370681 0.893215 0.653202 -0.242830 -0.937962 0.305250 0.899587 0.255875 -0.502853 1.419993 -0.463784 -0.416771 -0.178173 1.312456 0.740583 0.273980 0.209884 -0.242388 -0.069442 0.223279 0.061806 -0.001585 -0.139845 

0 0 0 0 0 0 0 0 0 0 0 0 0 0 0 0 0 0 0 0 0 0 0 0 0 
0 0 0 0 0 0 0 0 0 0 0 0 0 0 0 0 0 0 0 0 0 0 0 0 0 
0 0 0 0 0 0 0 0 0 0 0 0 0 0 0 0 0 0 0 0 0 0 0 0 0 
2 0 0 0 0 0 0 0 0 0 0 0 0 0 0 0 0 0 0 0 0 0 0 0 0 
2 0 0 0 0 0 0 0 0 0 0 0 0 0 0 0 0 0 0 0 0 0 0 0 0 
2 2 0 0 0 0 0 0 0 0 0 0 0 0 0 0 0 0 0 0 0 0 0 0 0 
2 2 0 0 0 0 0 0 0 0 0 0 0 0 0 0 0 0 0 0 0 0 0 0 0 
2 2 2 0 0 0 0 0 0 0 0 0 0 0 0 0 0 0 0 0 0 0 0 0 0 
2 2 2 0 0 0 0 0 0 0 0 0 0 0 0 0 0 0 0 0 0 0 0 0 0 
2 2 2 2 0 0 0 0 0 0 0 0 0 0 0 0 0 0 0 0 0 0 0 0 0 
2 2 2 2 0 0 0 0 0 0 0 0 0 0 0 0 0 0 0 0 0 0 0 0 0 
2 2 2 2 2 0 0 0 0 0 0 0 0 0 0 0 0 0 0 0 0 0 0 0 0 
2 2 2 2 2 0 0 0 0 0 0 0 0 0 0 0 0 0 0 0 0 0 0 0 0 
2 2 2 2 2 2 0 0 0 0 0 0 0 0 0 0 0 0 0 0 0 0 0 0 4 
2 2 2 2 2 2 3 3 0 0 0 0 0 0 0 0 0 0 0 0 0 0 0 4 4 
2 2 2 2 2 2 3 3 3 3 3 3 3 3 3 0 0 0 0 0 0 4 4 4 4 
2 2 2 2 2 2 3 3 3 3 3 3 3 3 3 3 3 3 3 4 4 4 4 4 4 
2 2 2 2 2 2 3 3 3 3 3 3 3 3 3 3 3 3 3 4 4 4 4 4 4 
2 2 2 2 2 2 3 3 3 3 3 3 3 3 3 3 3 1 4 4 4 4 4 4 4 
2 2 2 2 2 2 3 3 3 3 3 3 3 3 3 1 1 1 4 4 4 4 4 4 4 
2 2 2 2 2 2 3 3 3 3 3 3 3 3 1 1 1 1 4 4 4 4 4 4 4 
2 2 2 2 2 2 3 3 3 3 3 3 1 1 1 1 1 1 4 4 4 4 4 4 4 
2 2 2 2 2 2 3 3 3 3 1 1 1 1 1 1 1 4 4 4 4 4 4 4 4 
2 2 2 2 2 2 3 3 3 1 1 1 1 1 1 1 1 4 4 4 4 4 4 4 4 
2 2 2 2 2 3 3 1 1 1 1 1 1 1 1 1 1 4 4 4 4 4 4 4 4 

-2.0 -2.0 -2.0 -2.0 -2.0 -2.0 -2.0 -2.0 -2.0 -2.0 -2.0 -2.0 -2.0 -2.0 -2.0 -2.0 -2.0 -2.0 -2.0 -2.0 -2.0 -2.0 -2.0 -2.0 -2.0 
-2.0 -2.0 -2.0 -2.0 -2.0 -2.0 -2.0 -2.0 -2.0 -2.0 -2.0 -2.0 -2.0 -2.0 -2.0 -2.0 -2.0 -2.0 -2.0 -2.0 -2.0 -2.0 -2.0 -2.0 -2.0 
-2.0 -2.0 -2.0 -2.0 -2.0 -2.0 -2.0 -2.0 -2.0 -2.0 -2.0 -2.0 -2.0 -2.0 -2.0 -2.0 -2.0 -2.0 -2.0 -2.0 -2.0 -2.0 -2.0 -2.0 -2.0 
1.0 -2.0 -2.0 -2.0 -2.0 -2.0 -2.0 -2.0 -2.0 -2.0 -2.0 -2.0 -2.0 -2.0 -2.0 -2.0 -2.0 -2.0 -2.0 -2.0 -2.0 -2.0 -2.0 -2.0 -2.0 
1.0 -2.0 -2.0 -2.0 -2.0 -2.0 -2.0 -2.0 -2.0 -2.0 -2.0 -2.0 -2.0 -2.0 -2.0 -2.0 -2.0 -2.0 -2.0 -2.0 -2.0 -2.0 -2.0 -2.0 -2.0 
1.0 1.0 -2.0 -2.0 -2.0 -2.0 -2.0 -2.0 -2.0 -2.0 -2.0 -2.0 -2.0 -2.0 -2.0 -2.0 -2.0 -2.0 -2.0 -2.0 -2.0 -2.0 -2.0 -2.0 -2.0 
1.0 1.0 -2.0 -2.0 -2.0 -2.0 -2.0 -2.0 -2.0 -2.0 -2.0 -2.0 -2.0 -2.0 -2.0 -2.0 -2.0 -2.0 -2.0 -2.0 -2.0 -2.0 -2.0 -2.0 -2.0 
1.0 1.0 1.0 -2.0 -2.0 -2.0 -2.0 -2.0 -2.0 -2.0 -2.0 -2.0 -2.0 -2.0 -2.0 -2.0 -2.0 -2.0 -2.0 -2.0 -2.0 -2.0 -2.0 -2.0 -2.0 
1.0 1.0 1.0 -2.0 -2.0 -2.0 -2.0 -2.0 -2.0 -2.0 -2.0 -2.0 -2.0 -2.0 -2.0 -2.0 -2.0 -2.0 -2.0 -2.0 -2.0 -2.0 -2.0 -2.0 -2.0 
1.0 1.0 1.0 1.0 -2.0 -2.0 -2.0 -2.0 -2.0 -2.0 -2.0 -2.0 -2.0 -2.0 -2.0 -2.0 -2.0 -2.0 -2.0 -2.0 -2.0 -2.0 -2.0 -2.0 -2.0 
1.0 1.0 1.0 1.0 -2.0 -2.0 -2.0 -2.0 -2.0 -2.0 -2.0 -2.0 -2.0 -2.0 -2.0 -2.0 -2.0 -2.0 -2.0 -2.0 -2.0 -2.0 -2.0 -2.0 -2.0 
1.0 1.0 1.0 1.0 1.0 -2.0 -2.0 -2.0 -2.0 -2.0 -2.0 -2.0 -2.0 -2.0 -2.0 -2.0 -2.0 -2.0 -2.0 -2.0 -2.0 -2.0 -2.0 -2.0 -2.0 
1.0 1.0 1.0 1.0 1.0 -2.0 -2.0 -2.0 -2.0 -2.0 -2.0 -2.0 -2.0 -2.0 -2.0 -2.0 -2.0 -2.0 -2.0 -2.0 -2.0 -2.0 -2.0 -2.0 -2.0 
1.0 1.0 1.0 1.0 1.0 1.0 -2.0 -2.0 -2.0 -2.0 -2.0 -2.0 -2.0 -2.0 -2.0 -2.0 -2.0 -2.0 -2.0 -2.0 -2.0 -2.0 -2.0 -2.0 0.0 
1.0 1.0 1.0 1.0 1.0 1.0 2.0 2.0 -2.0 -2.0 -2.0 -2.0 -2.0 -2.0 -2.0 -2.0 -2.0 -2.0 -2.0 -2.0 -2.0 -2.0 -2.0 0.0 0.0 
1.0 1.0 1.0 1.0 1.0 1.0 2.0 2.0 2.0 2.0 2.0 2.0 2.0 2.0 2.0 -2.0 -2.0 -2.0 -2.0 -2.0 -2.0 0.0 0.0 0.0 0.0 
1.0 1.0 1.0 1.0 1.0 1.0 2.0 2.0 2.0 2.0 2.0 2.0 2.0 2.0 2.0 2.0 2.0 2.0 2.0 0.0 0.0 0.0 0.0 0.0 0.0 
1.0 1.0 1.0 1.0 1.0 1.0 2.0 2.0 2.0 2.0 2.0 2.0 2.0 2.0 2.0 2.0 2.0 2.0 2.0 0.0 0.0 0.0 0.0 0.0 0.0 
1.0 1.0 1.0 1.0 1.0 1.0 2.0 2.0 2.0 2.0 2.0 2.0 2.0 2.0 2.0 2.0 2.0 -1.0 0.0 0.0 0.0 0.0 0.0 0.0 0.0 
1.0 1.0 1.0 1.0 1.0 1.0 2.0 2.0 2.0 2.0 2.0 2.0 2.0 2.0 2.0 -1.0 -1.0 -1.0 0.0 0.0 0.0 0.0 0.0 0.0 0.0 
1.0 1.0 1.0 1.0 1.0 1.0 2.0 2.0 2.0 2.0 2.0 2.0 2.0 2.0 -1.0 -1.0 -1.0 -1.0 0.0 0.0 0.0 0.0 0.0 0.0 0.0 
1.0 1.0 1.0 1.0 1.0 1.0 2.0 2.0 2.0 2.0 2.0 2.0 -1.0 -1.0 -1.0 -1.0 -1.0 -1.0 0.0 0.0 0.0 0.0 0.0 0.0 0.0 
1.0 1.0 1.0 1.0 1.0 1.0 2.0 2.0 2.0 2.0 -1.0 -1.0 -1.0 -1.0 -1.0 -1.0 -1.0 0.0 0.0 0.0 0.0 0.0 0.0 0.0 0.0 
1.0 1.0 1.0 1.0 1.0 1.0 2.0 2.0 2.0 -1.0 -1.0 -1.0 -1.0 -1.0 -1.0 -1.0 -1.0 0.0 0.0 0.0 0.0 0.0 0.0 0.0 0.0 
1.0 1.0 1.0 1.0 1.0 2.0 2.0 -1.0 -1.0 -1.0 -1.0 -1.0 -1.0 -1.0 -1.0 -1.0 -1.0 0.0 0.0 0.0 0.0 0.0 0.0 0.0 0.0 

-1.0 -1.0 -1.0 -1.0 -1.0 -1.0 -1.0 -1.0 -1.0 -1.0 -1.0 -1.0 -1.0 -1.0 -1.0 -1.0 -1.0 -1.0 -1.0 -1.0 -1.0 -1.0 -1.0 -1.0 -1.0 
-1.0 -1.0 -1.0 -1.0 -1.0 -1.0 -1.0 -1.0 -1.0 -1.0 -1.0 -1.0 -1.0 -1.0 -1.0 -1.0 -1.0 -1.0 -1.0 -1.0 -1.0 -1.0 -1.0 -1.0 -1.0 
-1.0 -1.0 -1.0 -1.0 -1.0 -1.0 -1.0 -1.0 -1.0 -1.0 -1.0 -1.0 -1.0 -1.0 -1.0 -1.0 -1.0 -1.0 -1.0 -1.0 -1.0 -1.0 -1.0 -1.0 -1.0 
1.0 -1.0 -1.0 -1.0 -1.0 -1.0 -1.0 -1.0 -1.0 -1.0 -1.0 -1.0 -1.0 -1.0 -1.0 -1.0 -1.0 -1.0 -1.0 -1.0 -1.0 -1.0 -1.0 -1.0 -1.0 
1.0 -1.0 -1.0 -1.0 -1.0 -1.0 -1.0 -1.0 -1.0 -1.0 -1.0 -1.0 -1.0 -1.0 -1.0 -1.0 -1.0 -1.0 -1.0 -1.0 -1.0 -1.0 -1.0 -1.0 -1.0 
1.0 1.0 -1.0 -1.0 -1.0 -1.0 -1.0 -1.0 -1.0 -1.0 -1.0 -1.0 -1.0 -1.0 -1.0 -1.0 -1.0 -1.0 -1.0 -1.0 -1.0 -1.0 -1.0 -1.0 -1.0 
1.0 1.0 -1.0 -1.0 -1.0 -1.0 -1.0 -1.0 -1.0 -1.0 -1.0 -1.0 -1.0 -1.0 -1.0 -1.0 -1.0 -1.0 -1.0 -1.0 -1.0 -1.0 -1.0 -1.0 -1.0 
1.0 1.0 1.0 -1.0 -1.0 -1.0 -1.0 -1.0 -1.0 -1.0 -1.0 -1.0 -1.0 -1.0 -1.0 -1.0 -1.0 -1.0 -1.0 -1.0 -1.0 -1.0 -1.0 -1.0 -1.0 
1.0 1.0 1.0 -1.0 -1.0 -1.0 -1.0 -1.0 -1.0 -1.0 -1.0 -1.0 -1.0 -1.0 -1.0 -1.0 -1.0 -1.0 -1.0 -1.0 -1.0 -1.0 -1.0 -1.0 -1.0 
1.0 1.0 1.0 1.0 -1.0 -1.0 -1.0 -1.0 -1.0 -1.0 -1.0 -1.0 -1.0 -1.0 -1.0 -1.0 -1.0 -1.0 -1.0 -1.0 -1.0 -1.0 -1.0 -1.0 -1.0 
1.0 1.0 1.0 1.0 -1.0 -1.0 -1.0 -1.0 -1.0 -1.0 -1.0 -1.0 -1.0 -1.0 -1.0 -1.0 -1.0 -1.0 -1.0 -1.0 -1.0 -1.0 -1.0 -1.0 -1.0 
1.0 1.0 1.0 1.0 1.0 -1.0 -1.0 -1.0 -1.0 -1.0 -1.0 -1.0 -1.0 -1.0 -1.0 -1.0 -1.0 -1.0 -1.0 -1.0 -1.0 -1.0 -1.0 -1.0 -1.0 
1.0 1.0 1.0 1.0 1.0 -1.0 -1.0 -1.0 -1.0 -1.0 -1.0 -1.0 -1.0 -1.0 -1.0 -1.0 -1.0 -1.0 -1.0 -1.0 -1.0 -1.0 -1.0 -1.0 -1.0 
1.0 1.0 1.0 1.0 1.0 1.0 -1.0 -1.0 -1.0 -1.0 -1.0 -1.0 -1.0 -1.0 -1.0 -1.0 -1.0 -1.0 -1.0 -1.0 -1.0 -1.0 -1.0 -1.0 0.0 
1.0 1.0 1.0 1.0 1.0 1.0 -2.0 -2.0 -1.0 -1.0 -1.0 -1.0 -1.0 -1.0 -1.0 -1.0 -1.0 -1.0 -1.0 -1.0 -1.0 -1.0 -1.0 0.0 0.0 
1.0 1.0 1.0 1.0 1.0 1.0 -2.0 -2.0 -2.0 -2.0 -2.0 -2.0 -2.0 -2.0 -2.0 -1.0 -1.0 -1.0 -1.0 -1.0 -1.0 0.0 0.0 0.0 0.0 
1.0 1.0 1.0 1.0 1.0 1.0 -2.0 -2.0 -2.0 -2.0 -2.0 -2.0 -2.0 -2.0 -2.0 -2.0 -2.0 -2.0 -2.0 0.0 0.0 0.0 0.0 0.0 0.0 
1.0 1.0 1.0 1.0 1.0 1.0 -2.0 -2.0 -2.0 -2.0 -2.0 -2.0 -2.0 -2.0 -2.0 -2.0 -2.0 -2.0 -2.0 0.0 0.0 0.0 0.0 0.0 0.0 
1.0 1.0 1.0 1.0 1.0 1.0 -2.0 -2.0 -2.0 -2.0 -2.0 -2.0 -2.0 -2.0 -2.0 -2.0 -2.0 2.0 0.0 0.0 0.0 0.0 0.0 0.0 0.0 
1.0 1.0 1.0 1.0 1.0 1.0 -2.0 -2.0 -2.0 -2.0 -2.0 -2.0 -2.0 -2.0 -2.0 2.0 2.0 2.0 0.0 0.0 0.0 0.0 0.0 0.0 0.0 
1.0 1.0 1.0 1.0 1.0 1.0 -2.0 -2.0 -2.0 -2.0 -2.0 -2.0 -2.0 -2.0 2.0 2.0 2.0 2.0 0.0 0.0 0.0 0.0 0.0 0.0 0.0 
1.0 1.0 1.0 1.0 1.0 1.0 -2.0 -2.0 -2.0 -2.0 -2.0 -2.0 2.0 2.0 2.0 2.0 2.0 2.0 0.0 0.0 0.0 0.0 0.0 0.0 0.0 
1.0 1.0 1.0 1.0 1.0 1.0 -2.0 -2.0 -2.0 -2.0 2.0 2.0 2.0 2.0 2.0 2.0 2.0 0.0 0.0 0.0 0.0 0.0 0.0 0.0 0.0 
1.0 1.0 1.0 1.0 1.0 1.0 -2.0 -2.0 -2.0 2.0 2.0 2.0 2.0 2.0 2.0 2.0 2.0 0.0 0.0 0.0 0.0 0.0 0.0 0.0 0.0 
1.0 1.0 1.0 1.0 1.0 -2.0 -2.0 2.0 2.0 2.0 2.0 2.0 2.0 2.0 2.0 2.0 2.0 0.0 0.0 0.0 0.0 0.0 0.0 0.0 0.0 

