0.851056 0.387070 0.661190 0.200447 0.472318 0.136849 0.681843 0.830102 0.977206 0.460604 0.667089 0.784220 0.646295 0.433665 0.362089 0.771089 0.341740 0.543489 0.511094 0.120453 0.467580 0.812110 0.454930 0.937631 0.602650 
0.221330 0.380054 0.336059 0.627113 0.774037 0.426456 0.637940 0.653457 0.590720 0.028320 0.098644 0.217432 0.844844 0.473366 0.557829 0.234840 0.176488 0.601748 0.752745 0.846209 0.806524 0.225059 0.503536 0.885948 0.840286 
0.343307 0.533632 0.225751 0.743413 0.166212 0.839350 0.680123 0.828570 0.772007 0.024557 0.670518 0.260498 0.917973 0.617603 0.380442 0.199391 0.331615 0.508908 0.340399 0.846293 0.301686 0.150916 0.794776 0.551019 0.847996 
0.064393 0.920173 0.151920 0.484418 0.682508 0.239581 0.373650 0.296336 0.718477 0.801604 0.354060 0.941496 0.826276 0.120969 0.296830 0.438034 0.227189 0.460674 0.317900 0.885350 0.661589 0.824961 0.865098 0.692444 0.366483 
0.703100 0.466311 0.164851 0.530262 0.865974 0.929339 0.836360 0.924003 0.146031 0.993340 0.787029 0.735323 0.686770 0.739293 0.935224 0.121220 0.403290 0.612107 0.150707 0.274848 0.086098 0.611210 0.122130 0.148260 0.153679 
0.876752 0.917900 0.124335 0.792294 0.233562 0.600741 0.175517 0.283807 0.266117 0.084188 0.399444 0.580036 0.611580 0.306388 0.650683 0.609278 0.275752 0.019373 0.843605 0.022023 0.187419 0.879915 0.148556 0.792475 0.107852 
0.257381 0.685793 0.198146 0.449039 0.478942 0.204056 0.817848 0.055493 0.385246 0.008888 0.294677 0.733224 0.638946 0.953111 0.659794 0.105960 0.839480 0.027497 0.091041 0.629012 0.083720 0.619202 0.362928 0.585592 0.111066 
0.960906 0.187948 0.761426 0.905546 0.771118 0.926257 0.477723 0.615572 0.329186 0.088902 0.954358 0.672858 0.391674 0.909197 0.573996 0.481339 0.548087 0.458868 0.512970 0.132118 0.748498 0.964988 0.936537 0.327849 0.799119 
0.089856 0.763276 0.593144 0.516182 0.291869 0.605007 0.935245 0.532953 0.096248 0.296665 0.182314 0.781474 0.465737 0.438257 0.299438 0.126453 0.195478 0.528461 0.691962 0.171851 0.546783 0.023135 0.006012 0.574914 0.922000 
0.437267 0.623646 0.893096 0.474164 0.255420 0.220606 0.518045 0.927998 0.538648 0.840492 0.300276 0.201877 0.485741 0.676702 0.987812 0.477117 0.363557 0.720824 0.342852 0.074437 0.210942 0.295343 0.419832 0.793546 0.857586 
0.513803 0.428283 0.644532 0.035067 0.717806 0.125039 0.768240 0.737755 0.438156 0.127882 0.751631 0.819661 0.740338 0.883119 0.613713 0.615332 0.302091 0.271446 0.726290 0.543498 0.529760 0.038217 0.844985 0.593314 0.125834 
0.002679 0.159612 0.702114 0.568990 0.526419 0.934958 0.706305 0.815674 0.391767 0.215485 0.043516 0.461565 0.633103 0.988108 0.377123 0.742761 0.493275 0.425386 0.216100 0.371422 0.705885 0.313986 0.655608 0.859908 0.441770 
0.325377 0.069708 0.090172 0.126636 0.098298 0.176467 0.866156 0.662505 0.336207 0.197432 0.573957 0.721120 0.627975 0.621501 0.576828 0.061342 0.166880 0.554306 0.673793 0.018510 0.702249 0.614225 0.343307 0.204669 0.509873 
0.789952 0.458588 0.943847 0.391558 0.636753 0.008088 0.355692 0.076168 0.020557 0.292879 0.505347 0.241820 0.165092 0.710701 0.705904 0.839809 0.586428 0.769051 0.866711 0.146984 0.949979 0.642686 0.578292 0.521127 0.878844 
0.580486 0.548171 0.105339 0.060891 0.331986 0.919275 0.427992 0.298677 0.539817 0.962551 0.732899 0.687101 0.152129 0.636553 0.021134 0.767171 0.949390 0.651886 0.736930 0.993705 0.697070 0.840649 0.865073 0.424263 0.925636 
0.346858 0.689239 0.070755 0.309916 0.454260 0.233289 0.780767 0.874912 0.491670 0.767053 0.980030 0.757825 0.900987 0.984292 0.638530 0.094538 0.073263 0.396726 0.682030 0.978192 0.909953 0.009022 0.493876 0.387456 0.364199 
0.373108 0.381035 0.748693 0.310554 0.553647 0.378789 0.195583 0.533174 0.203655 0.833516 0.253486 0.193419 0.197317 0.028868 0.468104 0.322631 0.831729 0.154916 0.653614 0.053695 0.569614 0.860956 0.705439 0.486237 0.891353 
0.140162 0.116850 0.083026 0.609916 0.404876 0.044389 0.988971 0.538056 0.464975 0.725431 0.736074 0.753810 0.217259 0.444538 0.531485 0.611626 0.970351 0.114931 0.908902 0.741442 0.660347 0.061266 0.329403 0.082099 0.862174 
0.177894 0.595556 0.751798 0.937537 0.461966 0.747396 0.995249 0.902450 0.537571 0.939288 0.276894 0.959951 0.542422 0.039599 0.380867 0.094645 0.053429 0.685693 0.308390 0.043054 0.275110 0.290314 0.139397 0.285691 0.611594 
0.217495 0.383159 0.752306 0.463626 0.462252 0.572119 0.014391 0.251144 0.623177 0.914715 0.468547 0.319509 0.570485 0.214673 0.818216 0.419753 0.636935 0.158404 0.588351 0.654106 0.268127 0.325912 0.685053 0.369121 0.096247 
0.071050 0.801861 0.420098 0.890702 0.680651 0.375405 0.982262 0.888979 0.651341 0.965441 0.908538 0.804489 0.170592 0.633643 0.947743 0.474938 0.530243 0.732566 0.905913 0.062100 0.343613 0.644987 0.290566 0.300515 0.543247 
0.772028 0.624103 0.336224 0.292666 0.545173 0.667199 0.040615 0.028213 0.515287 0.026016 0.746188 0.916473 0.998064 0.554198 0.798801 0.055227 0.213179 0.436201 0.419124 0.430437 0.839904 0.023850 0.009386 0.155339 0.934927 
0.449059 0.622777 0.902506 0.137956 0.198515 0.043675 0.122560 0.029107 0.863556 0.978248 0.933763 0.323988 0.392239 0.917037 0.797271 0.838898 0.001507 0.626859 0.617248 0.553384 0.606537 0.637628 0.961129 0.681939 0.734185 
0.363889 0.526728 0.223685 0.370227 0.681203 0.433075 0.045177 0.576190 0.037642 0.760563 0.299523 0.468945 0.882165 0.704929 0.584412 0.508041 0.198834 0.077979 0.346658 0.177551 0.360203 0.434506 0.993363 0.555040 0.184677 
0.299799 0.392266 0.888267 0.733008 0.411555 0.641213 0.937286 0.773545 0.944200 0.423954 0.505380 0.370231 0.634022 0.649952 0.614485 0.827033 0.676771 0.662771 0.845850 0.266180 0.370017 0.096515 0.894179 0.129378 0.232145 

0.171059 0.212598 0.904138 0.719736 0.142367 0.136929 0.561746 0.542237 0.553352 0.326586 0.420928 0.181895 0.337141 0.626763 0.682049 0.291254 0.882489 0.387122 0.048807 0.483055 0.724550 0.674400 0.956044 0.750257 0.232049 
0.535920 0.208656 0.569944 0.935295 0.760091 0.995241 0.704072 0.244872 0.145600 0.981538 0.334968 0.549507 0.755368 0.844301 0.134591 0.151008 0.649327 0.179453 0.872944 0.836141 0.507203 0.981010 0.940642 0.679811 0.476437 
0.345356 0.236813 0.868659 0.693300 0.272380 0.640359 0.902757 0.066946 0.905990 0.672143 0.184079 0.520318 0.079543 0.410556 0.665826 0.008543 0.045834 0.720395 0.649332 0.874254 0.143239 0.059545 0.719957 0.554353 0.164831 
0.868559 0.872112 0.797558 0.645030 0.891621 0.596126 0.451146 0.615996 0.663176 0.608123 0.734167 0.366516 0.012206 0.700993 0.188904 0.952303 0.176183 0.560807 0.101767 0.562020 0.734705 0.068327 0.846146 0.362092 0.429016 
0.515038 0.272313 0.243121 0.423687 0.680976 0.802946 0.544207 0.817014 0.492616 0.194682 0.451223 0.916026 0.241954 0.524882 0.048587 0.906943 0.539887 0.047924 0.180977 0.577341 0.990566 0.589178 0.112648 0.747442 0.653451 
0.451989 0.600098 0.547800 0.670361 0.372509 0.802309 0.905271 0.221711 0.593489 0.930390 0.826127 0.940337 0.015886 0.035483 0.052762 0.202377 0.272051 0.624496 0.303358 0.086087 0.182851 0.954490 0.455954 0.172382 0.324396 
0.252246 0.760809 0.318264 0.916676 0.158572 0.260326 0.315602 0.371737 0.506553 0.934714 0.825789 0.102043 0.792987 0.677603 0.560228 0.300716 0.201066 0.010708 0.160860 0.947136 0.062332 0.886671 0.466695 0.324636 0.891271 
0.702323 0.583479 0.148508 0.052568 0.029790 0.370987 0.635900 0.588505 0.918312 0.041530 0.444451 0.979039 0.471465 0.153215 0.214359 0.825382 0.199524 0.761139 0.813545 0.054619 0.684187 0.129929 0.600305 0.786298 0.390948 
0.008648 0.210906 0.617891 0.991975 0.585613 0.749697 0.728481 0.744905 0.451573 0.706039 0.623294 0.614269 0.205885 0.835824 0.675727 0.601584 0.815721 0.411889 0.859713 0.295993 0.199617 0.668572 0.977927 0.559300 0.205290 
0.276189 0.672783 0.668343 0.206393 0.257819 0.987362 0.000636 0.996133 0.602005 0.615174 0.790639 0.220270 0.706807 0.573093 0.304921 0.363231 0.889311 0.666367 0.614028 0.763607 0.790266 0.663659 0.354905 0.840173 0.704827 
0.991531 0.834314 0.040800 0.712672 0.437379 0.788272 0.919385 0.469655 0.472396 0.034105 0.258438 0.596520 0.576791 0.944170 0.714085 0.931217 0.799477 0.091484 0.661743 0.637294 0.578702 0.613015 0.958493 0.922256 0.777900 
0.774198 0.918055 0.154071 0.456550 0.044640 0.631660 0.025149 0.724607 0.904340 0.423861 0.562339 0.477513 0.204867 0.137835 0.432974 0.377628 0.972255 0.695738 0.220444 0.244920 0.277037 0.672326 0.934668 0.736104 0.223959 
0.078185 0.683939 0.897864 0.123485 0.816766 0.100484 0.210450 0.902464 0.891846 0.070195 0.132721 0.401434 0.858041 0.541513 0.593712 0.865161 0.675307 0.442859 0.642928 0.649963 0.612069 0.753942 0.603883 0.875511 0.722642 
0.152209 0.850165 0.314307 0.174452 0.365189 0.405763 0.033922 0.915924 0.612864 0.162671 0.877994 0.176390 0.908103 0.139856 0.692497 0.432996 0.854774 0.139076 0.102051 0.818811 0.430036 0.722800 0.483910 0.421308 0.540232 
0.636299 0.007685 0.512244 0.710810 0.428038 0.901844 0.286908 0.248577 0.155864 0.343816 0.803642 0.531779 0.277182 0.113001 0.596631 0.010595 0.290849 0.086376 0.205263 0.028363 0.423213 0.472697 0.495781 0.373291 0.306330 
0.114031 0.674245 0.248976 0.786693 0.602466 0.897236 0.388570 0.817111 0.753766 0.966232 0.739509 0.248902 0.717359 0.274895 0.593217 0.849920 0.837793 0.541771 0.556886 0.273141 0.517770 0.500978 0.516900 0.578460 0.743074 
0.053440 0.006307 0.118754 0.849536 0.629846 0.904914 0.107310 0.376662 0.794071 0.123118 0.073024 0.896030 0.472054 0.204068 0.986936 0.756196 0.170463 0.968973 0.962526 0.053323 0.850614 0.333821 0.653118 0.620125 0.536649 
0.977094 0.005594 0.945233 0.475080 0.808116 0.517924 0.824261 0.531756 0.564570 0.711385 0.949662 0.262693 0.880177 0.827870 0.982327 0.590940 0.324210 0.843846 0.192374 0.850657 0.602603 0.318647 0.579226 0.746235 0.715180 
0.190966 0.415631 0.718975 0.666639 0.046234 0.303172 0.445893 0.455859 0.262266 0.044286 0.952273 0.284517 0.425587 0.509450 0.232473 0.132265 0.002911 0.472731 0.646230 0.055668 0.648136 0.311362 0.894962 0.783931 0.391819 
0.162013 0.508175 0.095521 0.067131 0.142297 0.121675 0.006114 0.423345 0.936112 0.112994 0.325827 0.482030 0.670044 0.774849 0.839375 0.894366 0.004676 0.255718 0.993439 0.465494 0.268224 0.791623 0.104807 0.920879 0.889573 
0.814652 0.474242 0.552893 0.882782 0.937730 0.899808 0.073094 0.240046 0.011568 0.309028 0.524667 0.155104 0.517274 0.304308 0.297138 0.548422 0.073240 0.660699 0.881185 0.376409 0.338420 0.900270 0.569377 0.531386 0.661341 
0.333649 0.982666 0.063198 0.255287 0.881106 0.781932 0.234979 0.291412 0.551905 0.543189 0.712947 0.316658 0.788471 0.824664 0.396576 0.944487 0.678700 0.846064 0.775298 0.413219 0.652900 0.829797 0.273251 0.423588 0.361642 
0.731411 0.058696 0.931754 0.124711 0.446743 0.486407 0.724924 0.555230 0.066534 0.357561 0.311065 0.260380 0.122562 0.154925 0.240211 0.502637 0.887678 0.171668 0.012169 0.171295 0.177805 0.522085 0.341229 0.196063 0.115660 
0.554111 0.692705 0.245413 0.617082 0.667293 0.814375 0.429649 0.179697 0.079825 0.284565 0.709775 0.734941 0.707390 0.167136 0.765103 0.482661 0.879506 0.766263 0.476104 0.194161 0.325505 0.354215 0.306896 0.859792 0.530156 
0.222373 0.484333 0.978914 0.745759 0.702094 0.895003 0.410015 0.741802 0.392080 0.061517 0.122756 0.882460 0.011028 0.433180 0.845670 0.098840 0.153658 0.547229 0.976452 0.834613 0.291847 0.650355 0.913673 0.803945 0.638369 

1.132837 0.127207 -0.507874 -1.123193 0.801221 -0.142220 0.193514 0.564639 0.845284 0.189875 0.348355 1.324713 0.632741 -0.761784 -0.617576 0.761426 -0.938041 0.518578 1.031846 -0.553605 -0.478477 0.577480 -0.745309 0.304457 1.086088 
-0.749419 0.366612 -0.501453 -0.361258 -0.224396 -0.958563 -0.531377 0.728720 1.214815 -1.920194 -0.696360 -0.716785 0.242406 -0.650084 0.830720 0.175623 -1.289485 0.970441 -0.367707 0.033401 0.868703 -1.205955 -0.909623 0.986774 0.665506 
-0.213270 0.646366 -1.249079 0.198152 -0.475577 0.207474 -0.716663 1.488924 -0.352300 -1.146811 1.049848 -0.650258 1.407430 0.411210 -0.454883 0.523461 0.580255 -0.783602 -0.516726 0.048200 0.582282 -0.069741 0.145112 -0.072975 1.463976 
-1.392356 0.093422 -1.067241 -0.350924 -0.722757 -0.678739 0.007616 -0.682668 0.017346 0.264947 -1.024159 1.437213 1.590096 -1.139913 0.011850 -1.359886 0.102830 -0.000738 0.053069 0.719957 -0.221105 1.419188 -0.136890 0.478216 -0.174317 
0.476846 0.513896 -0.253138 0.069812 0.225320 0.424906 0.362253 0.522427 -0.739801 1.267075 0.499265 -0.762575 0.640204 0.456723 1.739779 -1.665109 -0.157576 0.755708 0.001130 -0.355941 -1.981102 0.205059 -0.270836 -1.462424 -0.823138 
-0.878176 -0.548897 0.930333 -0.358039 0.512285 0.389442 1.754948 -0.287710 0.411661 1.638442 0.778852 0.993969 -1.117103 -0.806231 -1.102030 -0.556014 0.010326 0.882403 -1.023001 0.280474 -0.203812 -0.153090 0.603726 -1.212303 0.246214 
-0.118024 -0.049360 0.186975 0.856943 -0.568081 -0.073591 -1.024524 0.613340 -0.127255 1.832852 1.081028 -0.989561 -0.175315 -0.644545 -0.102400 0.123096 -1.438288 0.025517 0.010425 0.847844 -0.299637 0.345936 0.316485 -0.437100 1.564354 
-0.390178 0.738912 -1.177850 -1.482851 -1.637968 -1.115200 0.193908 -0.016230 1.113876 -0.068824 -0.701024 0.651838 0.176201 -1.824000 -0.829866 0.615693 -0.563695 0.629128 0.526821 -0.476047 -0.114299 -2.149203 -0.679470 0.880586 -0.851645 
-0.555644 -0.970047 -0.101151 1.026107 0.690769 0.691049 -0.507640 0.178866 0.586421 1.077422 1.182662 -0.226786 -0.758518 0.852259 1.050631 1.039794 1.591457 -0.608637 0.232039 0.594737 -0.672527 1.375377 1.943293 0.110478 -1.554702 
-0.203088 -0.104293 -0.474663 -0.475173 0.084370 1.512917 -1.261310 0.053913 0.233685 -0.480081 0.860590 0.282424 0.252510 -0.225677 -1.426887 -0.230165 1.114637 -0.068412 0.533689 1.401343 1.496190 0.818059 0.268055 0.245747 -0.418309 
-0.391026 -0.219529 0.791012 -0.561150 0.494869 -0.742613 -0.005690 0.030226 -0.247109 0.405950 0.360313 0.317239 -0.173677 0.058982 -0.187084 -0.260147 -0.587685 0.180033 -0.085104 -0.132713 -0.022937 -0.732314 -0.414579 -0.435146 -0.522953 
-0.472386 -0.716134 0.685129 0.246675 0.419702 0.327194 0.646292 -0.104403 -0.186651 -0.210923 -0.024207 -0.366289 0.450495 1.121476 -0.034939 0.487673 -0.614097 -0.104524 -0.052982 0.348856 0.422917 -0.592443 -0.078144 0.112975 -0.012894 
0.387570 -0.691095 -0.797927 -0.398372 -0.808521 0.036925 0.620131 -0.095126 -0.713522 0.122367 0.336695 0.805014 -0.119000 0.033073 -0.197050 -0.919517 -0.347401 0.294182 -0.046559 -0.784291 0.093178 -0.411926 -0.450028 -0.756289 -0.305912 
0.547289 -0.193777 0.874760 0.282621 0.250588 -0.319054 0.158452 -0.837496 -0.340454 0.220329 -0.576900 0.655647 -0.467249 0.249721 -0.077981 0.271375 -0.068357 0.903964 0.824303 -0.426401 0.566714 -0.338753 0.435116 0.264643 0.911540 
0.063745 0.599936 -0.694673 -0.648034 -0.089916 0.217902 -0.024817 0.106534 0.408159 0.583053 -0.075635 0.092923 -0.224983 0.993942 -0.702753 0.702363 0.638692 0.709370 0.539215 0.791585 0.653176 0.593426 0.521959 0.026088 0.459904 
-0.200206 0.096072 -0.022540 -0.026777 -0.219229 0.353282 -0.094206 0.003173 0.023659 0.208394 0.175236 -0.348429 0.000462 0.190459 -0.080335 -0.280864 0.134805 -0.012885 0.071126 0.045095 0.364081 0.204872 0.138242 -0.079635 -0.074649 
0.370963 0.171361 -0.289693 -0.360585 0.326151 0.073284 -0.252980 -0.040991 0.317556 0.135722 0.191083 0.236706 0.051277 0.315589 -0.293447 0.202977 0.062553 0.205617 0.011466 -0.054156 0.255473 -0.141462 -0.181579 -0.209855 -0.144244 
-0.139266 0.243232 -0.318421 0.154313 -0.072873 0.009147 -0.126265 0.047337 0.030543 -0.195351 -0.125725 0.202276 -0.004249 -0.318334 -0.276482 -0.029449 -0.237915 0.045636 -0.066165 0.209344 0.014404 0.001947 0.116671 0.022555 -0.054430 
0.325529 0.116895 0.253958 -0.198994 0.159701 0.178792 0.141078 -0.138391 0.026580 -0.350145 0.172249 0.085526 0.113685 -0.226777 0.034158 0.177639 -0.116876 -0.456498 0.034744 0.044566 -0.171559 0.317523 0.157897 0.159353 0.279865 
0.079572 -0.100584 -0.140504 0.003359 0.052733 -0.076344 0.305872 -0.016135 0.008382 0.073323 0.266590 -0.066800 -0.150587 0.189785 -0.158802 -0.200299 0.128398 0.396747 -0.417343 0.084447 0.169576 0.258773 -0.208038 0.291249 -0.203183 
0.338170 -0.320053 0.312003 -0.116002 0.223391 0.717123 -1.133192 -0.537555 -0.533462 -0.443569 -0.704826 -0.814453 0.372726 -0.397013 -0.616975 0.617127 -0.290744 0.248518 -0.439743 0.118226 -0.385746 -0.167517 0.383176 0.103896 0.121569 
-0.260349 0.479759 0.194125 -0.053733 0.174500 0.043339 0.196626 0.180696 0.251321 0.548896 0.089062 -1.031051 -0.428340 0.461635 -0.215169 0.683434 0.749525 0.093509 0.361095 -0.161838 -0.392735 0.762647 0.214931 0.331678 -0.536917 
0.306405 -0.195583 0.157156 -0.148305 0.150171 0.504182 0.466531 0.212688 -0.700722 -0.446270 -0.426526 -0.018925 -0.319925 -0.734605 -0.536901 -0.313024 0.783309 -0.360039 -0.669558 -0.734070 -0.310110 0.267896 -0.774472 -0.475006 -0.361615 
-0.258832 -0.128327 -0.080277 0.208128 0.060777 0.548504 0.203167 -0.577554 -0.020621 -0.719142 0.591072 0.135902 -0.246225 -0.144901 -0.072864 -0.045590 1.092661 0.856285 0.192155 0.130766 -0.069056 -0.095457 -0.726051 0.200892 0.467930 
-0.252979 0.233288 -0.034736 0.081353 0.065390 -0.033305 -0.316081 0.215002 -0.375257 -0.250400 -0.422677 0.729339 -0.576689 -0.161271 0.561123 -0.527009 -0.866659 -0.385279 -0.277676 0.586431 -0.083120 0.571601 -0.069779 0.978738 0.230193 

0 0 0 0 0 0 0 0 0 0 0 0 0 0 0 0 0 0 0 0 0 0 0 0 0 
0 0 0 0 0 0 0 0 0 0 0 0 0 0 0 0 0 0 0 0 0 0 0 0 0 
0 0 0 0 0 0 0 0 0 0 0 0 0 0 0 0 0 0 0 0 0 0 0 0 0 
0 0 0 0 0 0 0 0 0 0 0 0 0 0 0 0 0 0 0 0 0 0 0 0 0 
0 0 0 0 0 0 0 0 0 0 0 0 0 0 0 0 0 0 0 0 0 0 0 0 0 
1 1 1 1 1 1 1 1 1 1 1 1 1 1 1 1 1 1 1 1 1 1 1 1 1 
1 1 1 1 1 1 1 1 1 1 1 1 1 1 1 1 1 1 1 1 1 1 1 1 1 
1 1 1 1 1 1 1 1 1 1 1 1 1 1 1 1 1 1 1 1 1 1 1 1 1 
1 1 1 1 1 1 1 1 1 1 1 1 1 1 1 1 1 1 1 1 1 1 1 1 1 
1 1 1 1 1 1 1 1 1 1 1 1 1 1 1 1 1 1 1 1 1 1 1 1 1 
2 2 2 2 2 2 2 2 2 2 2 2 2 2 2 2 2 2 2 2 2 2 2 2 2 
2 2 2 2 2 2 2 2 2 2 2 2 2 2 2 2 2 2 2 2 2 2 2 2 2 
2 2 2 2 2 2 2 2 2 2 2 2 2 2 2 2 2 2 2 2 2 2 2 2 2 
2 2 2 2 2 2 2 2 2 2 2 2 2 2 2 2 2 2 2 2 2 2 2 2 2 
2 2 2 2 2 2 2 2 2 2 2 2 2 2 2 2 2 2 2 2 2 2 2 2 2 
3 3 3 3 3 3 3 3 3 3 3 3 3 3 3 3 3 3 3 3 3 3 3 3 3 
3 3 3 3 3 3 3 3 3 3 3 3 3 3 3 3 3 3 3 3 3 3 3 3 3 
3 3 3 3 3 3 3 3 3 3 3 3 3 3 3 3 3 3 3 3 3 3 3 3 3 
3 3 3 3 3 3 3 3 3 3 3 3 3 3 3 3 3 3 3 3 3 3 3 3 3 
3 3 3 3 3 3 3 3 3 3 3 3 3 3 3 3 3 3 3 3 3 3 3 3 3 
4 4 4 4 4 4 4 4 4 4 4 4 4 4 4 4 4 4 4 4 4 4 4 4 4 
4 4 4 4 4 4 4 4 4 4 4 4 4 4 4 4 4 4 4 4 4 4 4 4 4 
4 4 4 4 4 4 4 4 4 4 4 4 4 4 4 4 4 4 4 4 4 4 4 4 4 
4 4 4 4 4 4 4 4 4 4 4 4 4 4 4 4 4 4 4 4 4 4 4 4 4 
4 4 4 4 4 4 4 4 4 4 4 4 4 4 4 4 4 4 4 4 4 4 4 4 4 

2.0 2.0 2.0 2.0 2.0 2.0 2.0 2.0 2.0 2.0 2.0 2.0 2.0 2.0 2.0 2.0 2.0 2.0 2.0 2.0 2.0 2.0 2.0 2.0 2.0 
2.0 2.0 2.0 2.0 2.0 2.0 2.0 2.0 2.0 2.0 2.0 2.0 2.0 2.0 2.0 2.0 2.0 2.0 2.0 2.0 2.0 2.0 2.0 2.0 2.0 
2.0 2.0 2.0 2.0 2.0 2.0 2.0 2.0 2.0 2.0 2.0 2.0 2.0 2.0 2.0 2.0 2.0 2.0 2.0 2.0 2.0 2.0 2.0 2.0 2.0 
2.0 2.0 2.0 2.0 2.0 2.0 2.0 2.0 2.0 2.0 2.0 2.0 2.0 2.0 2.0 2.0 2.0 2.0 2.0 2.0 2.0 2.0 2.0 2.0 2.0 
2.0 2.0 2.0 2.0 2.0 2.0 2.0 2.0 2.0 2.0 2.0 2.0 2.0 2.0 2.0 2.0 2.0 2.0 2.0 2.0 2.0 2.0 2.0 2.0 2.0 
-2.0 -2.0 -2.0 -2.0 -2.0 -2.0 -2.0 -2.0 -2.0 -2.0 -2.0 -2.0 -2.0 -2.0 -2.0 -2.0 -2.0 -2.0 -2.0 -2.0 -2.0 -2.0 -2.0 -2.0 -2.0 
-2.0 -2.0 -2.0 -2.0 -2.0 -2.0 -2.0 -2.0 -2.0 -2.0 -2.0 -2.0 -2.0 -2.0 -2.0 -2.0 -2.0 -2.0 -2.0 -2.0 -2.0 -2.0 -2.0 -2.0 -2.0 
-2.0 -2.0 -2.0 -2.0 -2.0 -2.0 -2.0 -2.0 -2.0 -2.0 -2.0 -2.0 -2.0 -2.0 -2.0 -2.0 -2.0 -2.0 -2.0 -2.0 -2.0 -2.0 -2.0 -2.0 -2.0 
-2.0 -2.0 -2.0 -2.0 -2.0 -2.0 -2.0 -2.0 -2.0 -2.0 -2.0 -2.0 -2.0 -2.0 -2.0 -2.0 -2.0 -2.0 -2.0 -2.0 -2.0 -2.0 -2.0 -2.0 -2.0 
-2.0 -2.0 -2.0 -2.0 -2.0 -2.0 -2.0 -2.0 -2.0 -2.0 -2.0 -2.0 -2.0 -2.0 -2.0 -2.0 -2.0 -2.0 -2.0 -2.0 -2.0 -2.0 -2.0 -2.0 -2.0 
1.0 1.0 1.0 1.0 1.0 1.0 1.0 1.0 1.0 1.0 1.0 1.0 1.0 1.0 1.0 1.0 1.0 1.0 1.0 1.0 1.0 1.0 1.0 1.0 1.0 
1.0 1.0 1.0 1.0 1.0 1.0 1.0 1.0 1.0 1.0 1.0 1.0 1.0 1.0 1.0 1.0 1.0 1.0 1.0 1.0 1.0 1.0 1.0 1.0 1.0 
1.0 1.0 1.0 1.0 1.0 1.0 1.0 1.0 1.0 1.0 1.0 1.0 1.0 1.0 1.0 1.0 1.0 1.0 1.0 1.0 1.0 1.0 1.0 1.0 1.0 
1.0 1.0 1.0 1.0 1.0 1.0 1.0 1.0 1.0 1.0 1.0 1.0 1.0 1.0 1.0 1.0 1.0 1.0 1.0 1.0 1.0 1.0 1.0 1.0 1.0 
1.0 1.0 1.0 1.0 1.0 1.0 1.0 1.0 1.0 1.0 1.0 1.0 1.0 1.0 1.0 1.0 1.0 1.0 1.0 1.0 1.0 1.0 1.0 1.0 1.0 
0.0 0.0 0.0 0.0 0.0 0.0 0.0 0.0 0.0 0.0 0.0 0.0 0.0 0.0 0.0 0.0 0.0 0.0 0.0 0.0 0.0 0.0 0.0 0.0 0.0 
0.0 0.0 0.0 0.0 0.0 0.0 0.0 0.0 0.0 0.0 0.0 0.0 0.0 0.0 0.0 0.0 0.0 0.0 0.0 0.0 0.0 0.0 0.0 0.0 0.0 
0.0 0.0 0.0 0.0 0.0 0.0 0.0 0.0 0.0 0.0 0.0 0.0 0.0 0.0 0.0 0.0 0.0 0.0 0.0 0.0 0.0 0.0 0.0 0.0 0.0 
0.0 0.0 0.0 0.0 0.0 0.0 0.0 0.0 0.0 0.0 0.0 0.0 0.0 0.0 0.0 0.0 0.0 0.0 0.0 0.0 0.0 0.0 0.0 0.0 0.0 
0.0 0.0 0.0 0.0 0.0 0.0 0.0 0.0 0.0 0.0 0.0 0.0 0.0 0.0 0.0 0.0 0.0 0.0 0.0 0.0 0.0 0.0 0.0 0.0 0.0 
-1.0 -1.0 -1.0 -1.0 -1.0 -1.0 -1.0 -1.0 -1.0 -1.0 -1.0 -1.0 -1.0 -1.0 -1.0 -1.0 -1.0 -1.0 -1.0 -1.0 -1.0 -1.0 -1.0 -1.0 -1.0 
-1.0 -1.0 -1.0 -1.0 -1.0 -1.0 -1.0 -1.0 -1.0 -1.0 -1.0 -1.0 -1.0 -1.0 -1.0 -1.0 -1.0 -1.0 -1.0 -1.0 -1.0 -1.0 -1.0 -1.0 -1.0 
-1.0 -1.0 -1.0 -1.0 -1.0 -1.0 -1.0 -1.0 -1.0 -1.0 -1.0 -1.0 -1.0 -1.0 -1.0 -1.0 -1.0 -1.0 -1.0 -1.0 -1.0 -1.0 -1.0 -1.0 -1.0 
-1.0 -1.0 -1.0 -1.0 -1.0 -1.0 -1.0 -1.0 -1.0 -1.0 -1.0 -1.0 -1.0 -1.0 -1.0 -1.0 -1.0 -1.0 -1.0 -1.0 -1.0 -1.0 -1.0 -1.0 -1.0 
-1.0 -1.0 -1.0 -1.0 -1.0 -1.0 -1.0 -1.0 -1.0 -1.0 -1.0 -1.0 -1.0 -1.0 -1.0 -1.0 -1.0 -1.0 -1.0 -1.0 -1.0 -1.0 -1.0 -1.0 -1.0 

-2.0 -2.0 -2.0 -2.0 -2.0 -2.0 -2.0 -2.0 -2.0 -2.0 -2.0 -2.0 -2.0 -2.0 -2.0 -2.0 -2.0 -2.0 -2.0 -2.0 -2.0 -2.0 -2.0 -2.0 -2.0 
-2.0 -2.0 -2.0 -2.0 -2.0 -2.0 -2.0 -2.0 -2.0 -2.0 -2.0 -2.0 -2.0 -2.0 -2.0 -2.0 -2.0 -2.0 -2.0 -2.0 -2.0 -2.0 -2.0 -2.0 -2.0 
-2.0 -2.0 -2.0 -2.0 -2.0 -2.0 -2.0 -2.0 -2.0 -2.0 -2.0 -2.0 -2.0 -2.0 -2.0 -2.0 -2.0 -2.0 -2.0 -2.0 -2.0 -2.0 -2.0 -2.0 -2.0 
-2.0 -2.0 -2.0 -2.0 -2.0 -2.0 -2.0 -2.0 -2.0 -2.0 -2.0 -2.0 -2.0 -2.0 -2.0 -2.0 -2.0 -2.0 -2.0 -2.0 -2.0 -2.0 -2.0 -2.0 -2.0 
-2.0 -2.0 -2.0 -2.0 -2.0 -2.0 -2.0 -2.0 -2.0 -2.0 -2.0 -2.0 -2.0 -2.0 -2.0 -2.0 -2.0 -2.0 -2.0 -2.0 -2.0 -2.0 -2.0 -2.0 -2.0 
2.0 2.0 2.0 2.0 2.0 2.0 2.0 2.0 2.0 2.0 2.0 2.0 2.0 2.0 2.0 2.0 2.0 2.0 2.0 2.0 2.0 2.0 2.0 2.0 2.0 
2.0 2.0 2.0 2.0 2.0 2.0 2.0 2.0 2.0 2.0 2.0 2.0 2.0 2.0 2.0 2.0 2.0 2.0 2.0 2.0 2.0 2.0 2.0 2.0 2.0 
2.0 2.0 2.0 2.0 2.0 2.0 2.0 2.0 2.0 2.0 2.0 2.0 2.0 2.0 2.0 2.0 2.0 2.0 2.0 2.0 2.0 2.0 2.0 2.0 2.0 
2.0 2.0 2.0 2.0 2.0 2.0 2.0 2.0 2.0 2.0 2.0 2.0 2.0 2.0 2.0 2.0 2.0 2.0 2.0 2.0 2.0 2.0 2.0 2.0 2.0 
2.0 2.0 2.0 2.0 2.0 2.0 2.0 2.0 2.0 2.0 2.0 2.0 2.0 2.0 2.0 2.0 2.0 2.0 2.0 2.0 2.0 2.0 2.0 2.0 2.0 
-1.0 -1.0 -1.0 -1.0 -1.0 -1.0 -1.0 -1.0 -1.0 -1.0 -1.0 -1.0 -1.0 -1.0 -1.0 -1.0 -1.0 -1.0 -1.0 -1.0 -1.0 -1.0 -1.0 -1.0 -1.0 
-1.0 -1.0 -1.0 -1.0 -1.0 -1.0 -1.0 -1.0 -1.0 -1.0 -1.0 -1.0 -1.0 -1.0 -1.0 -1.0 -1.0 -1.0 -1.0 -1.0 -1.0 -1.0 -1.0 -1.0 -1.0 
-1.0 -1.0 -1.0 -1.0 -1.0 -1.0 -1.0 -1.0 -1.0 -1.0 -1.0 -1.0 -1.0 -1.0 -1.0 -1.0 -1.0 -1.0 -1.0 -1.0 -1.0 -1.0 -1.0 -1.0 -1.0 
-1.0 -1.0 -1.0 -1.0 -1.0 -1.0 -1.0 -1.0 -1.0 -1.0 -1.0 -1.0 -1.0 -1.0 -1.0 -1.0 -1.0 -1.0 -1.0 -1.0 -1.0 -1.0 -1.0 -1.0 -1.0 
-1.0 -1.0 -1.0 -1.0 -1.0 -1.0 -1.0 -1.0 -1.0 -1.0 -1.0 -1.0 -1.0 -1.0 -1.0 -1.0 -1.0 -1.0 -1.0 -1.0 -1.0 -1.0 -1.0 -1.0 -1.0 
0.0 0.0 0.0 0.0 0.0 0.0 0.0 0.0 0.0 0.0 0.0 0.0 0.0 0.0 0.0 0.0 0.0 0.0 0.0 0.0 0.0 0.0 0.0 0.0 0.0 
0.0 0.0 0.0 0.0 0.0 0.0 0.0 0.0 0.0 0.0 0.0 0.0 0.0 0.0 0.0 0.0 0.0 0.0 0.0 0.0 0.0 0.0 0.0 0.0 0.0 
0.0 0.0 0.0 0.0 0.0 0.0 0.0 0.0 0.0 0.0 0.0 0.0 0.0 0.0 0.0 0.0 0.0 0.0 0.0 0.0 0.0 0.0 0.0 0.0 0.0 
0.0 0.0 0.0 0.0 0.0 0.0 0.0 0.0 0.0 0.0 0.0 0.0 0.0 0.0 0.0 0.0 0.0 0.0 0.0 0.0 0.0 0.0 0.0 0.0 0.0 
0.0 0.0 0.0 0.0 0.0 0.0 0.0 0.0 0.0 0.0 0.0 0.0 0.0 0.0 0.0 0.0 0.0 0.0 0.0 0.0 0.0 0.0 0.0 0.0 0.0 
1.0 1.0 1.0 1.0 1.0 1.0 1.0 1.0 1.0 1.0 1.0 1.0 1.0 1.0 1.0 1.0 1.0 1.0 1.0 1.0 1.0 1.0 1.0 1.0 1.0 
1.0 1.0 1.0 1.0 1.0 1.0 1.0 1.0 1.0 1.0 1.0 1.0 1.0 1.0 1.0 1.0 1.0 1.0 1.0 1.0 1.0 1.0 1.0 1.0 1.0 
1.0 1.0 1.0 1.0 1.0 1.0 1.0 1.0 1.0 1.0 1.0 1.0 1.0 1.0 1.0 1.0 1.0 1.0 1.0 1.0 1.0 1.0 1.0 1.0 1.0 
1.0 1.0 1.0 1.0 1.0 1.0 1.0 1.0 1.0 1.0 1.0 1.0 1.0 1.0 1.0 1.0 1.0 1.0 1.0 1.0 1.0 1.0 1.0 1.0 1.0 
1.0 1.0 1.0 1.0 1.0 1.0 1.0 1.0 1.0 1.0 1.0 1.0 1.0 1.0 1.0 1.0 1.0 1.0 1.0 1.0 1.0 1.0 1.0 1.0 1.0 

