0.614446 0.853486 0.810662 0.792473 0.016409 0.272098 0.323546 0.991169 0.010340 0.283397 0.169095 0.545186 0.082916 0.622147 0.151426 0.785702 0.340234 0.721801 0.425129 0.151899 0.744291 0.556786 0.580448 0.831932 0.733516 
0.718155 0.041986 0.934007 0.834938 0.733384 0.845811 0.790655 0.101610 0.593325 0.537563 0.765130 0.581408 0.658554 0.977231 0.073222 0.817345 0.326273 0.402543 0.933769 0.199310 0.700803 0.876028 0.546187 0.990626 0.302751 
0.606592 0.315121 0.883935 0.168519 0.694206 0.651841 0.811686 0.985730 0.846026 0.614033 0.625544 0.161809 0.598803 0.004787 0.263675 0.750919 0.350140 0.868899 0.003752 0.893315 0.279278 0.291430 0.963473 0.561933 0.307667 
0.094683 0.632926 0.181236 0.670470 0.287035 0.711389 0.324243 0.726661 0.310043 0.028583 0.647430 0.214350 0.543170 0.470848 0.350065 0.438722 0.150486 0.056333 0.661188 0.315622 0.418992 0.631331 0.483172 0.980487 0.701836 
0.414815 0.422968 0.992604 0.798938 0.544033 0.259125 0.553490 0.930902 0.044538 0.552706 0.356185 0.174189 0.140793 0.592980 0.451386 0.873653 0.704176 0.866638 0.015832 0.814355 0.216977 0.454631 0.290855 0.496266 0.432620 
0.519061 0.244131 0.673993 0.515749 0.767162 0.721873 0.390777 0.833883 0.457850 0.460962 0.067231 0.562905 0.431890 0.920660 0.040397 0.561420 0.589704 0.487368 0.171450 0.824939 0.909575 0.731248 0.819636 0.865072 0.430609 
0.617930 0.245290 0.440914 0.274251 0.541675 0.809050 0.821924 0.711043 0.747924 0.040708 0.710500 0.178704 0.029494 0.719494 0.503037 0.757253 0.580969 0.662991 0.926367 0.261962 0.816208 0.636003 0.162142 0.516746 0.988492 
0.997392 0.578178 0.357723 0.374447 0.893429 0.706205 0.777747 0.660701 0.609991 0.909932 0.013238 0.895310 0.305437 0.059736 0.827642 0.036503 0.895259 0.178250 0.348385 0.309692 0.326725 0.934582 0.908100 0.319325 0.090489 
0.179171 0.908111 0.990084 0.167767 0.817150 0.724070 0.739246 0.296827 0.783944 0.935646 0.191529 0.120378 0.464710 0.415784 0.996164 0.458094 0.810642 0.515136 0.236577 0.744944 0.101456 0.690277 0.369570 0.961010 0.622599 
0.763740 0.085622 0.443286 0.960919 0.414242 0.955340 0.734834 0.118958 0.133602 0.480498 0.617895 0.827461 0.308197 0.370048 0.187123 0.589021 0.587925 0.006617 0.446109 0.530186 0.484150 0.934300 0.683699 0.230245 0.834038 
0.463550 0.490792 0.574827 0.890469 0.258024 0.098701 0.682718 0.222402 0.403845 0.178255 0.549123 0.437940 0.898170 0.512352 0.386879 0.719059 0.573482 0.542305 0.011795 0.526623 0.534290 0.476308 0.744287 0.642434 0.384493 
0.803211 0.767253 0.660865 0.982904 0.480087 0.651417 0.189670 0.145807 0.101578 0.546650 0.842991 0.516445 0.379117 0.632956 0.382027 0.249929 0.002677 0.798230 0.534915 0.458773 0.441830 0.927692 0.624779 0.592246 0.894518 
0.079361 0.740388 0.566440 0.232504 0.841960 0.492080 0.589061 0.788516 0.863369 0.570220 0.976117 0.505959 0.598061 0.748344 0.710943 0.984141 0.147858 0.140910 0.205248 0.975502 0.627042 0.744836 0.953785 0.982552 0.621463 
0.088526 0.409217 0.190689 0.900877 0.206039 0.667910 0.612768 0.363665 0.676453 0.261500 0.211788 0.156060 0.595819 0.648326 0.313758 0.262650 0.186021 0.892988 0.171769 0.063279 0.375908 0.656290 0.463176 0.256432 0.090576 
0.892180 0.372326 0.080438 0.959440 0.413734 0.264789 0.787971 0.867922 0.382455 0.729424 0.055465 0.785658 0.488437 0.840474 0.940020 0.307120 0.261336 0.830934 0.671653 0.404367 0.964345 0.125226 0.870395 0.322388 0.858582 
0.857182 0.434159 0.773532 0.839297 0.302184 0.628286 0.568015 0.104337 0.006395 0.113033 0.637561 0.094145 0.079018 0.291780 0.615651 0.737276 0.411047 0.068629 0.924917 0.772734 0.717728 0.493548 0.836702 0.533909 0.614254 
0.094565 0.117692 0.731722 0.584983 0.860259 0.572698 0.199220 0.070803 0.558273 0.400487 0.531441 0.745186 0.104060 0.240005 0.389318 0.278066 0.252498 0.552370 0.637602 0.783734 0.713792 0.484952 0.334974 0.836287 0.960891 
0.593550 0.361177 0.077117 0.077609 0.822876 0.745850 0.912961 0.688352 0.792633 0.854630 0.189529 0.848437 0.832313 0.359829 0.477208 0.077758 0.387473 0.462003 0.373201 0.105006 0.493789 0.134681 0.089178 0.989407 0.378294 
0.935931 0.876053 0.439289 0.277957 0.150533 0.320561 0.328809 0.696603 0.451432 0.099697 0.288872 0.841369 0.549899 0.286084 0.819387 0.595816 0.232156 0.566653 0.695027 0.208580 0.697852 0.455572 0.261621 0.639420 0.918963 
0.926815 0.757955 0.014974 0.119177 0.977452 0.461134 0.806021 0.015759 0.687231 0.859386 0.249165 0.342224 0.570677 0.723397 0.701330 0.493674 0.392715 0.909419 0.311645 0.730972 0.316272 0.524227 0.799567 0.315050 0.134049 
0.309560 0.737111 0.909279 0.422089 0.160127 0.740279 0.410117 0.533496 0.218330 0.927568 0.038091 0.913824 0.876756 0.349195 0.730556 0.825203 0.365360 0.936763 0.388452 0.565229 0.111545 0.307132 0.578403 0.388319 0.445903 
0.894020 0.385540 0.294511 0.722800 0.948250 0.396106 0.419390 0.641855 0.114772 0.758948 0.429368 0.728017 0.978006 0.119966 0.730694 0.814805 0.104176 0.156199 0.919778 0.241458 0.145287 0.033469 0.631456 0.845723 0.803131 
0.059983 0.886906 0.194911 0.383034 0.381619 0.385292 0.880646 0.703422 0.706872 0.038958 0.198978 0.018557 0.889383 0.067582 0.245675 0.844868 0.146353 0.074380 0.255622 0.935140 0.649828 0.475502 0.351919 0.065275 0.933450 
0.792191 0.581954 0.550585 0.589650 0.154710 0.289499 0.080603 0.518125 0.235262 0.201821 0.228998 0.425372 0.402069 0.635013 0.892446 0.856112 0.983732 0.592409 0.462594 0.397438 0.600448 0.196105 0.776982 0.268675 0.673934 
0.433938 0.072643 0.842261 0.924971 0.713090 0.537196 0.609446 0.395060 0.304826 0.029855 0.437687 0.196033 0.906379 0.982844 0.377830 0.517018 0.476248 0.112478 0.481968 0.667641 0.704810 0.385834 0.595305 0.647516 0.612307 

0.681907 0.050406 0.712523 0.964347 0.857415 0.156466 0.167490 0.222418 0.200892 0.714394 0.423563 0.246834 0.984557 0.021039 0.313382 0.926345 0.487757 0.903785 0.869090 0.108451 0.934465 0.089076 0.211440 0.924422 0.305128 
0.360167 0.753582 0.120362 0.387387 0.623808 0.074786 0.078628 0.202714 0.575776 0.023872 0.754068 0.271375 0.717524 0.931423 0.733256 0.075274 0.503160 0.369023 0.888759 0.700363 0.326911 0.306777 0.853632 0.927281 0.840740 
0.571794 0.201246 0.781558 0.168031 0.498667 0.094628 0.770009 0.985672 0.015528 0.961621 0.718028 0.908423 0.308058 0.122985 0.042914 0.911591 0.723292 0.240660 0.885632 0.784923 0.934325 0.346482 0.429866 0.440585 0.176048 
0.665646 0.849819 0.848084 0.812306 0.449514 0.322156 0.891645 0.423099 0.204603 0.979999 0.213763 0.435892 0.022245 0.012658 0.371212 0.963527 0.691268 0.272191 0.532033 0.162774 0.149193 0.332926 0.970565 0.457055 0.537919 
0.346116 0.467185 0.195019 0.487115 0.879303 0.942878 0.249800 0.399896 0.081148 0.446342 0.339436 0.063665 0.921680 0.836835 0.762605 0.651333 0.234708 0.566513 0.516777 0.626292 0.577585 0.128850 0.892111 0.453685 0.237748 
0.935298 0.865226 0.132487 0.093021 0.015313 0.152609 0.912701 0.706089 0.580719 0.429797 0.690988 0.866507 0.065727 0.461211 0.996787 0.584057 0.060667 0.620176 0.057035 0.904078 0.043135 0.195096 0.703769 0.145370 0.627972 
0.905254 0.042075 0.430769 0.949146 0.250211 0.323159 0.378487 0.772864 0.592781 0.060015 0.722752 0.897518 0.808735 0.728797 0.030342 0.524722 0.388605 0.920188 0.059247 0.109791 0.293155 0.775675 0.332127 0.770384 0.195460 
0.434292 0.384299 0.816284 0.631961 0.773058 0.497149 0.902943 0.348953 0.427730 0.031387 0.508140 0.694184 0.817550 0.157468 0.627064 0.754445 0.803842 0.148316 0.255333 0.667113 0.386955 0.846336 0.679746 0.926279 0.644099 
0.144501 0.918547 0.441830 0.183077 0.811179 0.396421 0.516394 0.692469 0.511529 0.898662 0.718221 0.221474 0.458260 0.961045 0.398646 0.139163 0.339946 0.272568 0.932179 0.870227 0.068415 0.654314 0.614872 0.365823 0.825994 
0.870844 0.315623 0.870485 0.665147 0.620084 0.396661 0.453532 0.487501 0.585284 0.644276 0.572634 0.638660 0.444114 0.745349 0.139933 0.742873 0.920570 0.279068 0.329287 0.735227 0.916461 0.016392 0.705895 0.004356 0.143991 
0.837011 0.861058 0.506128 0.264641 0.372514 0.769916 0.820311 0.342550 0.615469 0.849783 0.375917 0.116097 0.034718 0.658877 0.506893 0.160260 0.727355 0.059393 0.668951 0.375032 0.966411 0.957046 0.332490 0.215949 0.361724 
0.255439 0.899914 0.605073 0.154702 0.007955 0.904338 0.392636 0.288611 0.335968 0.778957 0.072456 0.304182 0.502344 0.629303 0.343024 0.698764 0.872082 0.244803 0.206857 0.157382 0.785717 0.379890 0.888658 0.610050 0.814732 
0.339648 0.815366 0.343581 0.241650 0.517591 0.873022 0.170127 0.096643 0.414009 0.621761 0.926601 0.302892 0.569342 0.605868 0.739544 0.661586 0.036527 0.019808 0.627241 0.256956 0.659970 0.166016 0.624697 0.220595 0.988758 
0.077308 0.093383 0.294100 0.511966 0.272108 0.960480 0.831471 0.459212 0.074765 0.215274 0.053746 0.763658 0.898870 0.657791 0.244089 0.864694 0.495802 0.883728 0.773242 0.431499 0.112238 0.751904 0.395370 0.196833 0.186924 
0.094785 0.707576 0.154650 0.097387 0.980639 0.228013 0.393250 0.790950 0.396107 0.723469 0.062150 0.890339 0.213084 0.171612 0.344170 0.803392 0.764203 0.357228 0.377530 0.603147 0.336221 0.600781 0.069066 0.494116 0.866887 
0.438146 0.435859 0.427108 0.468292 0.394225 0.087212 0.120882 0.901839 0.823436 0.512190 0.227675 0.797486 0.365852 0.693677 0.531072 0.600310 0.036302 0.342096 0.902174 0.391620 0.382272 0.449267 0.041066 0.105925 0.080782 
0.455126 0.432648 0.960372 0.309515 0.739364 0.153935 0.784811 0.699454 0.376565 0.277124 0.341221 0.410897 0.722997 0.632861 0.822541 0.084064 0.178862 0.781997 0.735553 0.240490 0.190976 0.932813 0.037356 0.893255 0.372344 
0.535191 0.057887 0.651759 0.702198 0.152131 0.466679 0.238839 0.628672 0.255946 0.495517 0.795555 0.482456 0.050926 0.223340 0.336295 0.464321 0.696846 0.006052 0.945338 0.299930 0.468659 0.115787 0.963210 0.870866 0.609245 
0.348293 0.149384 0.970260 0.791865 0.519401 0.631613 0.706026 0.250207 0.580344 0.930232 0.954312 0.882387 0.059749 0.074214 0.480940 0.772764 0.468019 0.111437 0.931323 0.540628 0.054577 0.675930 0.519820 0.623432 0.184043 
0.298461 0.297210 0.587075 0.749668 0.728081 0.718979 0.865610 0.169183 0.346073 0.807502 0.336893 0.257653 0.742379 0.875655 0.620321 0.628354 0.312672 0.948293 0.411484 0.340391 0.418480 0.126120 0.683004 0.354116 0.011440 
0.830829 0.005379 0.836890 0.220751 0.204171 0.656809 0.932821 0.618519 0.895105 0.993505 0.098197 0.739643 0.889436 0.873083 0.754053 0.240004 0.891087 0.377899 0.920042 0.126166 0.240874 0.257393 0.676100 0.573894 0.424116 
0.627959 0.924888 0.899081 0.746435 0.091262 0.183905 0.890561 0.798246 0.815331 0.220537 0.451827 0.814742 0.109596 0.759995 0.237796 0.285424 0.240116 0.846276 0.671310 0.946242 0.756592 0.220406 0.022234 0.176060 0.573828 
0.423609 0.024429 0.551513 0.897590 0.992016 0.634952 0.146715 0.331730 0.381914 0.213966 0.840302 0.848053 0.388251 0.744486 0.952967 0.389496 0.963968 0.905207 0.911921 0.641436 0.699768 0.761667 0.414972 0.853609 0.679975 
0.810044 0.450589 0.940139 0.771854 0.466238 0.463279 0.733860 0.225206 0.790242 0.264610 0.930999 0.806367 0.537191 0.394615 0.952522 0.634291 0.104331 0.260150 0.374073 0.063092 0.159493 0.649401 0.647405 0.669781 0.714555 
0.692525 0.324134 0.965862 0.459337 0.762708 0.969153 0.176664 0.312524 0.331372 0.363035 0.091276 0.245905 0.989139 0.074930 0.378291 0.737796 0.320869 0.111271 0.319818 0.828139 0.474608 0.021870 0.396522 0.296068 0.909375 

-1.973450 -0.641255 -2.383343 -2.679464 -1.736571 -0.808444 -0.583432 -1.369752 -0.575722 -1.722946 -1.195163 -1.362954 -1.791155 -0.857079 -0.783151 -2.784307 -1.091368 -2.497322 1.737608 -0.122801 1.547400 0.351196 0.377693 1.890469 0.424425 
-1.424850 -1.232289 -1.312949 -1.647999 -1.907323 -0.727409 -0.894525 -0.307164 -1.737926 -0.558688 -2.245114 -0.906781 -2.404060 -3.254340 -1.700502 -1.072373 -1.644245 -1.290909 -2.924174 1.241537 0.716293 1.064810 1.509478 2.108818 1.940405 
-1.313643 -0.444298 -2.907012 -0.309765 -1.603660 -0.996538 -2.266452 -3.421726 -1.154412 -2.758844 -2.272410 -2.007326 -1.205235 -0.167646 -0.190313 -2.168171 -1.828992 -1.577837 -1.763209 1.519572 1.968149 0.205393 0.783171 1.181215 0.803035 
-1.240667 -2.541979 -2.214523 -2.077521 -1.178867 -1.178499 -2.147286 -1.840034 -0.462577 -2.037478 -1.011533 -1.333756 -0.225003 -0.476306 -1.282094 -2.514576 -1.150498 -0.385344 -1.831813 0.434583 0.301648 0.516113 1.982109 1.040454 1.356448 
-0.893528 -1.635173 -1.044285 -1.795901 -2.349299 -2.377017 -1.016641 -1.403064 0.065571 -1.451044 -0.941391 -0.177448 -1.967824 -2.136563 -1.895094 -1.863920 -0.925850 -1.865693 1.470381 1.105544 0.942795 0.599349 1.741623 1.056740 0.410389 
-2.777711 -1.704565 -0.974655 -0.455551 -0.999200 -0.996051 -2.138904 -2.205616 -1.634122 -1.533805 -1.360277 -2.414798 -0.688795 -1.660755 -1.888963 1.199698 -0.611069 1.376815 0.164138 1.478020 0.094929 0.014711 1.469110 0.521529 1.493132 
-2.729342 -0.253394 -1.186004 -2.459372 -0.688535 -1.124651 -1.330892 -2.294924 -1.719412 0.023142 -2.322621 -2.094239 -1.470744 -2.002117 -0.012884 0.971773 -1.625482 2.074287 0.295351 0.357634 0.914456 1.397739 0.603635 1.799471 0.512832 
-1.606164 -1.566063 -2.275390 -1.611825 -2.707861 -1.928851 -2.087501 -1.262776 -1.311902 -0.986407 -1.246040 -2.066397 -1.840669 0.433289 1.487043 1.580697 1.115307 0.526568 0.704020 1.419740 0.932538 1.796464 1.202064 1.814681 1.145481 
-0.408739 -2.897812 -1.744105 -0.904647 -2.384309 -1.599367 -1.459240 -1.707546 -1.526112 -2.599690 -1.614631 -0.783258 -1.561074 -2.226966 0.419732 0.341804 0.827634 0.459926 1.839384 1.502011 0.355278 1.107817 1.176539 0.602342 1.505124 
-1.473884 -0.501256 -2.220192 -2.150141 -1.974952 -1.719406 -1.874640 -1.113524 -1.400491 -1.946165 -1.493498 -2.335787 -1.331220 -1.876639 0.177700 1.234472 1.802440 0.611090 0.563395 1.559364 1.792804 0.029781 1.141025 0.141590 0.552459 
-0.880398 -0.966269 -1.260908 -1.380249 -1.145246 -0.004992 -1.447368 -0.729537 -1.588100 -1.546123 -1.202775 -0.597815 0.573823 -1.976887 0.878262 0.400545 1.386163 0.179630 1.281663 0.691181 2.193849 2.016674 0.290055 0.275110 0.650712 
-1.607828 -1.503655 -1.449428 -1.622095 -0.473759 -0.997108 -1.064471 -0.769028 -0.987401 -2.160121 -1.440567 -0.943025 -0.429467 0.065488 0.898684 1.267229 1.700553 0.197190 0.226551 0.396121 1.590154 0.674422 1.828640 1.110715 1.956987 
-0.041949 -1.276598 -1.257862 -0.406474 -1.980417 -1.272704 -1.131419 -1.074299 -1.636622 -1.139487 -1.886147 0.169941 0.057088 -0.125454 1.168759 1.328981 0.343732 0.176145 1.003947 0.713180 0.997367 0.543157 1.009727 0.559393 2.247108 
-0.161719 -0.835432 -0.259103 -1.427803 -0.414693 -1.349088 -1.187959 -0.571592 -1.378314 -0.255566 0.409149 -0.527753 -0.439756 0.431286 -0.319070 1.635905 0.968571 1.491859 1.310311 0.703122 -0.003530 1.461549 0.603622 0.173976 0.484322 
-1.722142 -0.482088 -0.409722 -2.132271 -0.780224 -0.379690 -1.636581 -1.733989 -0.738783 -2.056247 -0.022858 -0.301244 0.485634 0.710583 0.609104 -0.699860 1.280673 0.752625 0.902363 1.052759 0.713410 1.322320 0.274062 0.926579 1.897702 
-1.775661 -0.962056 -1.972228 -2.322760 -0.618654 -0.942009 -1.229322 -0.383557 -0.487109 -0.184488 0.436468 -0.805775 -0.391850 -0.772057 0.013421 0.519456 0.430801 0.930963 1.628969 0.587508 0.201057 0.348053 0.372381 0.226255 0.437484 
-0.193029 -0.159045 -1.357996 -1.092102 -1.730863 -1.089328 -0.590015 0.039120 -1.467461 0.031994 0.257690 0.250808 -0.945222 -0.290035 -0.596827 0.191980 0.129265 0.101756 1.966374 0.310707 0.360123 2.079571 0.055831 1.795066 0.663119 
-1.460085 -0.843166 -0.202080 -0.373302 -1.744081 -1.412372 -1.652551 -1.335710 -1.622833 0.409987 -0.394791 0.436297 0.668192 0.260369 0.145039 -0.205861 0.000685 -0.175607 1.872602 0.625096 1.228132 0.228468 2.275898 1.704330 1.318525 
-2.100923 -1.849789 -0.724635 -0.612634 -0.050288 -0.582429 -0.887097 -1.234170 -0.335107 -0.396397 -0.734373 -0.044488 0.879971 0.387932 0.275455 -0.459076 -0.255442 0.174112 1.970937 0.834938 0.590459 1.337151 1.093585 1.194727 0.168750 
-1.785211 -1.475162 0.142060 -0.201822 -1.431805 -1.011332 -1.902939 -0.242306 -1.050212 -1.630129 -0.199244 -0.039197 -0.476320 -0.263587 -0.047765 -0.318899 -0.020483 -0.136709 0.396525 0.527114 0.946289 -0.043517 1.193695 1.049258 0.041382 
-0.954187 -0.975852 -1.912761 -0.805597 -0.277419 -1.342489 -0.989840 -0.952088 -0.421606 -1.781880 -0.232413 -2.128826 -0.111400 -0.315506 -0.052532 0.770567 -0.585611 0.691689 -0.451036 0.313219 0.272581 0.493436 1.881768 1.537669 1.694372 
-1.524406 -0.710596 -0.901606 -1.726285 -1.874593 -0.922826 -0.595438 -1.211466 -0.922569 -1.606719 -0.174115 0.111534 1.169141 -0.379314 0.677251 0.588824 0.011242 -0.385270 0.231671 2.014270 1.501104 0.231293 1.399894 1.814535 2.304415 
-0.429274 -1.674631 -0.624756 -0.872485 -0.498658 -1.243022 -2.013696 -0.130328 0.610438 -0.308271 -0.206000 -0.814891 0.322650 -0.846502 -0.686485 0.665692 -1.155173 -0.841848 -0.904346 0.609007 0.050314 1.795410 1.429813 1.104463 2.631863 
-1.508670 -1.159702 -1.074903 -1.185777 -0.301893 -0.648852 -0.131907 -0.005679 -0.639302 -0.362488 -0.609533 0.052592 -0.196660 0.267223 0.073884 0.075292 0.719805 0.291768 0.274428 0.871414 1.149242 0.669883 2.333129 1.015802 2.464556 
-1.104217 -0.160015 -1.609039 -2.011067 -1.848098 -0.867234 -1.288136 0.088516 -0.185992 -0.297957 0.458173 0.195224 -0.253327 0.982333 0.011709 -0.180202 0.326632 -0.028540 0.563937 2.223747 2.096999 0.894166 1.507210 1.052806 2.521395 

2 2 2 2 2 2 2 2 2 2 2 2 2 2 2 2 2 2 0 0 0 0 0 0 0 
2 2 2 2 2 2 2 2 2 2 2 2 2 2 2 2 2 2 2 0 0 0 0 0 0 
2 2 2 2 2 2 2 2 2 2 2 2 2 2 2 2 2 2 2 0 0 0 0 0 0 
2 2 2 2 2 2 2 2 2 2 2 2 2 2 2 2 2 2 2 0 0 0 0 0 0 
2 2 2 2 2 2 2 2 2 2 2 2 2 2 2 2 2 2 0 0 0 0 0 0 0 
2 2 2 2 2 2 2 2 2 2 2 2 2 2 2 0 2 0 0 0 0 0 0 0 0 
2 2 2 2 2 2 2 2 2 2 2 2 2 2 0 0 2 0 0 0 0 0 0 0 0 
2 2 2 2 2 2 2 2 2 2 2 2 2 0 0 0 0 0 0 0 0 0 0 0 0 
4 2 2 2 2 2 2 2 2 2 2 2 2 2 0 0 0 0 0 0 0 0 0 0 0 
4 2 2 2 2 2 2 2 2 2 2 2 2 2 0 0 0 0 0 0 0 0 0 0 0 
4 4 4 2 2 4 4 2 2 2 2 2 1 2 0 0 0 0 0 0 0 0 0 0 0 
4 4 4 2 2 4 2 2 2 2 4 4 1 1 0 0 0 0 0 0 0 0 0 0 0 
4 4 4 4 4 4 4 2 2 4 4 1 1 1 0 0 0 0 0 0 0 0 0 0 0 
4 4 4 4 4 4 4 4 4 4 1 1 1 1 1 0 0 0 0 0 0 0 0 0 0 
4 4 4 4 4 4 4 4 4 4 1 1 1 1 1 1 0 0 0 0 0 0 0 0 0 
4 4 4 4 4 4 4 4 4 4 1 1 1 1 1 1 1 0 0 0 0 0 0 0 0 
4 4 4 4 4 4 4 4 4 1 1 1 1 1 1 1 1 1 0 0 0 0 0 0 0 
4 4 4 4 4 4 4 4 4 1 1 1 1 1 1 1 1 0 0 0 0 0 0 0 0 
4 4 4 4 4 4 4 4 4 4 1 1 1 1 1 1 1 0 0 0 0 0 0 0 0 
4 4 4 4 4 4 4 4 4 4 1 1 1 1 1 1 1 1 1 1 0 0 0 3 3 
4 4 4 4 4 4 4 4 4 4 4 4 1 1 1 1 1 1 1 0 0 0 3 3 3 
4 4 4 4 4 4 4 4 1 4 1 1 1 1 1 1 1 1 1 0 0 3 3 3 3 
4 4 4 4 4 4 4 1 1 1 1 1 1 1 1 1 1 1 1 1 1 3 3 3 3 
4 4 4 4 4 4 4 1 1 1 1 1 1 1 1 1 1 1 1 3 3 3 3 3 3 
4 4 4 4 4 4 4 1 1 1 1 1 1 1 1 1 1 1 1 3 3 3 3 3 3 

-1.0 -1.0 -1.0 -1.0 -1.0 -1.0 -1.0 -1.0 -1.0 -1.0 -1.0 -1.0 -1.0 -1.0 -1.0 -1.0 -1.0 -1.0 0.0 0.0 0.0 0.0 0.0 0.0 0.0 
-1.0 -1.0 -1.0 -1.0 -1.0 -1.0 -1.0 -1.0 -1.0 -1.0 -1.0 -1.0 -1.0 -1.0 -1.0 -1.0 -1.0 -1.0 -1.0 0.0 0.0 0.0 0.0 0.0 0.0 
-1.0 -1.0 -1.0 -1.0 -1.0 -1.0 -1.0 -1.0 -1.0 -1.0 -1.0 -1.0 -1.0 -1.0 -1.0 -1.0 -1.0 -1.0 -1.0 0.0 0.0 0.0 0.0 0.0 0.0 
-1.0 -1.0 -1.0 -1.0 -1.0 -1.0 -1.0 -1.0 -1.0 -1.0 -1.0 -1.0 -1.0 -1.0 -1.0 -1.0 -1.0 -1.0 -1.0 0.0 0.0 0.0 0.0 0.0 0.0 
-1.0 -1.0 -1.0 -1.0 -1.0 -1.0 -1.0 -1.0 -1.0 -1.0 -1.0 -1.0 -1.0 -1.0 -1.0 -1.0 -1.0 -1.0 0.0 0.0 0.0 0.0 0.0 0.0 0.0 
-1.0 -1.0 -1.0 -1.0 -1.0 -1.0 -1.0 -1.0 -1.0 -1.0 -1.0 -1.0 -1.0 -1.0 -1.0 0.0 -1.0 0.0 0.0 0.0 0.0 0.0 0.0 0.0 0.0 
-1.0 -1.0 -1.0 -1.0 -1.0 -1.0 -1.0 -1.0 -1.0 -1.0 -1.0 -1.0 -1.0 -1.0 0.0 0.0 -1.0 0.0 0.0 0.0 0.0 0.0 0.0 0.0 0.0 
-1.0 -1.0 -1.0 -1.0 -1.0 -1.0 -1.0 -1.0 -1.0 -1.0 -1.0 -1.0 -1.0 0.0 0.0 0.0 0.0 0.0 0.0 0.0 0.0 0.0 0.0 0.0 0.0 
-2.0 -1.0 -1.0 -1.0 -1.0 -1.0 -1.0 -1.0 -1.0 -1.0 -1.0 -1.0 -1.0 -1.0 0.0 0.0 0.0 0.0 0.0 0.0 0.0 0.0 0.0 0.0 0.0 
-2.0 -1.0 -1.0 -1.0 -1.0 -1.0 -1.0 -1.0 -1.0 -1.0 -1.0 -1.0 -1.0 -1.0 0.0 0.0 0.0 0.0 0.0 0.0 0.0 0.0 0.0 0.0 0.0 
-2.0 -2.0 -2.0 -1.0 -1.0 -2.0 -2.0 -1.0 -1.0 -1.0 -1.0 -1.0 1.0 -1.0 0.0 0.0 0.0 0.0 0.0 0.0 0.0 0.0 0.0 0.0 0.0 
-2.0 -2.0 -2.0 -1.0 -1.0 -2.0 -1.0 -1.0 -1.0 -1.0 -2.0 -2.0 1.0 1.0 0.0 0.0 0.0 0.0 0.0 0.0 0.0 0.0 0.0 0.0 0.0 
-2.0 -2.0 -2.0 -2.0 -2.0 -2.0 -2.0 -1.0 -1.0 -2.0 -2.0 1.0 1.0 1.0 0.0 0.0 0.0 0.0 0.0 0.0 0.0 0.0 0.0 0.0 0.0 
-2.0 -2.0 -2.0 -2.0 -2.0 -2.0 -2.0 -2.0 -2.0 -2.0 1.0 1.0 1.0 1.0 1.0 0.0 0.0 0.0 0.0 0.0 0.0 0.0 0.0 0.0 0.0 
-2.0 -2.0 -2.0 -2.0 -2.0 -2.0 -2.0 -2.0 -2.0 -2.0 1.0 1.0 1.0 1.0 1.0 1.0 0.0 0.0 0.0 0.0 0.0 0.0 0.0 0.0 0.0 
-2.0 -2.0 -2.0 -2.0 -2.0 -2.0 -2.0 -2.0 -2.0 -2.0 1.0 1.0 1.0 1.0 1.0 1.0 1.0 0.0 0.0 0.0 0.0 0.0 0.0 0.0 0.0 
-2.0 -2.0 -2.0 -2.0 -2.0 -2.0 -2.0 -2.0 -2.0 1.0 1.0 1.0 1.0 1.0 1.0 1.0 1.0 1.0 0.0 0.0 0.0 0.0 0.0 0.0 0.0 
-2.0 -2.0 -2.0 -2.0 -2.0 -2.0 -2.0 -2.0 -2.0 1.0 1.0 1.0 1.0 1.0 1.0 1.0 1.0 0.0 0.0 0.0 0.0 0.0 0.0 0.0 0.0 
-2.0 -2.0 -2.0 -2.0 -2.0 -2.0 -2.0 -2.0 -2.0 -2.0 1.0 1.0 1.0 1.0 1.0 1.0 1.0 0.0 0.0 0.0 0.0 0.0 0.0 0.0 0.0 
-2.0 -2.0 -2.0 -2.0 -2.0 -2.0 -2.0 -2.0 -2.0 -2.0 1.0 1.0 1.0 1.0 1.0 1.0 1.0 1.0 1.0 1.0 0.0 0.0 0.0 2.0 2.0 
-2.0 -2.0 -2.0 -2.0 -2.0 -2.0 -2.0 -2.0 -2.0 -2.0 -2.0 -2.0 1.0 1.0 1.0 1.0 1.0 1.0 1.0 0.0 0.0 0.0 2.0 2.0 2.0 
-2.0 -2.0 -2.0 -2.0 -2.0 -2.0 -2.0 -2.0 1.0 -2.0 1.0 1.0 1.0 1.0 1.0 1.0 1.0 1.0 1.0 0.0 0.0 2.0 2.0 2.0 2.0 
-2.0 -2.0 -2.0 -2.0 -2.0 -2.0 -2.0 1.0 1.0 1.0 1.0 1.0 1.0 1.0 1.0 1.0 1.0 1.0 1.0 1.0 1.0 2.0 2.0 2.0 2.0 
-2.0 -2.0 -2.0 -2.0 -2.0 -2.0 -2.0 1.0 1.0 1.0 1.0 1.0 1.0 1.0 1.0 1.0 1.0 1.0 1.0 2.0 2.0 2.0 2.0 2.0 2.0 
-2.0 -2.0 -2.0 -2.0 -2.0 -2.0 -2.0 1.0 1.0 1.0 1.0 1.0 1.0 1.0 1.0 1.0 1.0 1.0 1.0 2.0 2.0 2.0 2.0 2.0 2.0 

-2.0 -2.0 -2.0 -2.0 -2.0 -2.0 -2.0 -2.0 -2.0 -2.0 -2.0 -2.0 -2.0 -2.0 -2.0 -2.0 -2.0 -2.0 2.0 2.0 2.0 2.0 2.0 2.0 2.0 
-2.0 -2.0 -2.0 -2.0 -2.0 -2.0 -2.0 -2.0 -2.0 -2.0 -2.0 -2.0 -2.0 -2.0 -2.0 -2.0 -2.0 -2.0 -2.0 2.0 2.0 2.0 2.0 2.0 2.0 
-2.0 -2.0 -2.0 -2.0 -2.0 -2.0 -2.0 -2.0 -2.0 -2.0 -2.0 -2.0 -2.0 -2.0 -2.0 -2.0 -2.0 -2.0 -2.0 2.0 2.0 2.0 2.0 2.0 2.0 
-2.0 -2.0 -2.0 -2.0 -2.0 -2.0 -2.0 -2.0 -2.0 -2.0 -2.0 -2.0 -2.0 -2.0 -2.0 -2.0 -2.0 -2.0 -2.0 2.0 2.0 2.0 2.0 2.0 2.0 
-2.0 -2.0 -2.0 -2.0 -2.0 -2.0 -2.0 -2.0 -2.0 -2.0 -2.0 -2.0 -2.0 -2.0 -2.0 -2.0 -2.0 -2.0 2.0 2.0 2.0 2.0 2.0 2.0 2.0 
-2.0 -2.0 -2.0 -2.0 -2.0 -2.0 -2.0 -2.0 -2.0 -2.0 -2.0 -2.0 -2.0 -2.0 -2.0 2.0 -2.0 2.0 2.0 2.0 2.0 2.0 2.0 2.0 2.0 
-2.0 -2.0 -2.0 -2.0 -2.0 -2.0 -2.0 -2.0 -2.0 -2.0 -2.0 -2.0 -2.0 -2.0 2.0 2.0 -2.0 2.0 2.0 2.0 2.0 2.0 2.0 2.0 2.0 
-2.0 -2.0 -2.0 -2.0 -2.0 -2.0 -2.0 -2.0 -2.0 -2.0 -2.0 -2.0 -2.0 2.0 2.0 2.0 2.0 2.0 2.0 2.0 2.0 2.0 2.0 2.0 2.0 
0.0 -2.0 -2.0 -2.0 -2.0 -2.0 -2.0 -2.0 -2.0 -2.0 -2.0 -2.0 -2.0 -2.0 2.0 2.0 2.0 2.0 2.0 2.0 2.0 2.0 2.0 2.0 2.0 
0.0 -2.0 -2.0 -2.0 -2.0 -2.0 -2.0 -2.0 -2.0 -2.0 -2.0 -2.0 -2.0 -2.0 2.0 2.0 2.0 2.0 2.0 2.0 2.0 2.0 2.0 2.0 2.0 
0.0 0.0 0.0 -2.0 -2.0 0.0 0.0 -2.0 -2.0 -2.0 -2.0 -2.0 -1.0 -2.0 2.0 2.0 2.0 2.0 2.0 2.0 2.0 2.0 2.0 2.0 2.0 
0.0 0.0 0.0 -2.0 -2.0 0.0 -2.0 -2.0 -2.0 -2.0 0.0 0.0 -1.0 -1.0 2.0 2.0 2.0 2.0 2.0 2.0 2.0 2.0 2.0 2.0 2.0 
0.0 0.0 0.0 0.0 0.0 0.0 0.0 -2.0 -2.0 0.0 0.0 -1.0 -1.0 -1.0 2.0 2.0 2.0 2.0 2.0 2.0 2.0 2.0 2.0 2.0 2.0 
0.0 0.0 0.0 0.0 0.0 0.0 0.0 0.0 0.0 0.0 -1.0 -1.0 -1.0 -1.0 -1.0 2.0 2.0 2.0 2.0 2.0 2.0 2.0 2.0 2.0 2.0 
0.0 0.0 0.0 0.0 0.0 0.0 0.0 0.0 0.0 0.0 -1.0 -1.0 -1.0 -1.0 -1.0 -1.0 2.0 2.0 2.0 2.0 2.0 2.0 2.0 2.0 2.0 
0.0 0.0 0.0 0.0 0.0 0.0 0.0 0.0 0.0 0.0 -1.0 -1.0 -1.0 -1.0 -1.0 -1.0 -1.0 2.0 2.0 2.0 2.0 2.0 2.0 2.0 2.0 
0.0 0.0 0.0 0.0 0.0 0.0 0.0 0.0 0.0 -1.0 -1.0 -1.0 -1.0 -1.0 -1.0 -1.0 -1.0 -1.0 2.0 2.0 2.0 2.0 2.0 2.0 2.0 
0.0 0.0 0.0 0.0 0.0 0.0 0.0 0.0 0.0 -1.0 -1.0 -1.0 -1.0 -1.0 -1.0 -1.0 -1.0 2.0 2.0 2.0 2.0 2.0 2.0 2.0 2.0 
0.0 0.0 0.0 0.0 0.0 0.0 0.0 0.0 0.0 0.0 -1.0 -1.0 -1.0 -1.0 -1.0 -1.0 -1.0 2.0 2.0 2.0 2.0 2.0 2.0 2.0 2.0 
0.0 0.0 0.0 0.0 0.0 0.0 0.0 0.0 0.0 0.0 -1.0 -1.0 -1.0 -1.0 -1.0 -1.0 -1.0 -1.0 -1.0 -1.0 2.0 2.0 2.0 1.0 1.0 
0.0 0.0 0.0 0.0 0.0 0.0 0.0 0.0 0.0 0.0 0.0 0.0 -1.0 -1.0 -1.0 -1.0 -1.0 -1.0 -1.0 2.0 2.0 2.0 1.0 1.0 1.0 
0.0 0.0 0.0 0.0 0.0 0.0 0.0 0.0 -1.0 0.0 -1.0 -1.0 -1.0 -1.0 -1.0 -1.0 -1.0 -1.0 -1.0 2.0 2.0 1.0 1.0 1.0 1.0 
0.0 0.0 0.0 0.0 0.0 0.0 0.0 -1.0 -1.0 -1.0 -1.0 -1.0 -1.0 -1.0 -1.0 -1.0 -1.0 -1.0 -1.0 -1.0 -1.0 1.0 1.0 1.0 1.0 
0.0 0.0 0.0 0.0 0.0 0.0 0.0 -1.0 -1.0 -1.0 -1.0 -1.0 -1.0 -1.0 -1.0 -1.0 -1.0 -1.0 -1.0 1.0 1.0 1.0 1.0 1.0 1.0 
0.0 0.0 0.0 0.0 0.0 0.0 0.0 -1.0 -1.0 -1.0 -1.0 -1.0 -1.0 -1.0 -1.0 -1.0 -1.0 -1.0 -1.0 1.0 1.0 1.0 1.0 1.0 1.0 

