0.906878 0.900610 0.249229 0.393221 0.122736 0.592584 0.189096 0.688565 0.900867 0.087918 0.023982 0.300373 0.756644 0.152256 0.129505 0.997997 0.048858 0.623839 0.732021 0.220722 0.433190 0.706775 0.278548 0.408631 0.759856 
0.651388 0.295291 0.867002 0.897933 0.275489 0.984127 0.847706 0.585593 0.705377 0.977376 0.083262 0.808843 0.241166 0.209163 0.580877 0.800321 0.901811 0.327114 0.517598 0.850360 0.743952 0.045912 0.713402 0.513023 0.150755 
0.081017 0.540318 0.582362 0.824404 0.441784 0.658962 0.782148 0.253386 0.287093 0.564000 0.769851 0.971561 0.237888 0.061193 0.829424 0.747792 0.289131 0.958233 0.360980 0.605870 0.457438 0.467884 0.855492 0.948967 0.472292 
0.799205 0.872562 0.049101 0.973950 0.503720 0.717092 0.802717 0.785145 0.606865 0.481604 0.831140 0.683472 0.974022 0.393456 0.618390 0.988970 0.874674 0.383999 0.461374 0.966448 0.441699 0.500582 0.218458 0.671933 0.866041 
0.077101 0.314454 0.565826 0.734267 0.066330 0.383059 0.165643 0.927751 0.894602 0.359510 0.959936 0.618805 0.770467 0.434459 0.798308 0.899147 0.184200 0.292965 0.030020 0.049227 0.108614 0.665296 0.383526 0.532447 0.734566 
0.771655 0.823133 0.081328 0.899652 0.044957 0.993627 0.043964 0.354238 0.720778 0.611249 0.490496 0.514059 0.955413 0.201730 0.010106 0.277362 0.701868 0.348828 0.225139 0.201362 0.259009 0.051016 0.631466 0.184023 0.630547 
0.257475 0.846184 0.039217 0.915630 0.935632 0.299044 0.532083 0.126704 0.497354 0.841136 0.582191 0.574842 0.065930 0.305617 0.341031 0.452696 0.670333 0.152402 0.939330 0.667659 0.704912 0.972569 0.204105 0.488961 0.019595 
0.409788 0.053802 0.304631 0.575029 0.734808 0.916020 0.558766 0.268801 0.488175 0.252371 0.499011 0.154050 0.432897 0.181736 0.701493 0.362376 0.832468 0.893477 0.829765 0.786762 0.971048 0.050293 0.854979 0.147057 0.636575 
0.637091 0.109712 0.907487 0.735970 0.901216 0.298917 0.911521 0.338836 0.531301 0.995435 0.895409 0.190851 0.173003 0.978028 0.806097 0.903593 0.043213 0.871436 0.034980 0.950149 0.190065 0.262519 0.855012 0.818306 0.538339 
0.748995 0.640576 0.673761 0.092960 0.363385 0.576149 0.553008 0.090868 0.227636 0.289231 0.567372 0.027957 0.218575 0.352086 0.038940 0.625617 0.387399 0.489789 0.717412 0.416375 0.276694 0.930380 0.181930 0.893261 0.423085 
0.389387 0.155972 0.963609 0.444980 0.868612 0.252855 0.337717 0.133826 0.406382 0.339215 0.162214 0.931152 0.147949 0.049351 0.852629 0.869129 0.316287 0.163149 0.287810 0.116212 0.001600 0.051356 0.682405 0.290842 0.660568 
0.045048 0.252876 0.704242 0.621692 0.110361 0.246578 0.545778 0.809265 0.072133 0.265743 0.252162 0.264867 0.186784 0.084310 0.540840 0.457562 0.702526 0.114798 0.041442 0.591700 0.006227 0.568187 0.514332 0.059794 0.890924 
0.669643 0.171046 0.594545 0.312681 0.879679 0.245864 0.961026 0.116286 0.373860 0.914628 0.706291 0.306832 0.260478 0.928698 0.873930 0.783226 0.301572 0.298533 0.169552 0.934081 0.852318 0.269549 0.412549 0.649929 0.812802 
0.299420 0.085485 0.335565 0.904323 0.638439 0.756092 0.765073 0.675390 0.815830 0.694520 0.931922 0.383913 0.426501 0.292274 0.198604 0.645657 0.597896 0.810303 0.017917 0.367483 0.973918 0.602200 0.976297 0.361637 0.285513 
0.054125 0.177056 0.060112 0.608151 0.035467 0.704083 0.742070 0.563937 0.654605 0.255171 0.930774 0.156172 0.463597 0.793977 0.803308 0.909350 0.137153 0.541228 0.779251 0.253587 0.726029 0.538606 0.540239 0.614677 0.051111 
0.625482 0.303997 0.967642 0.979596 0.980327 0.411155 0.377253 0.129903 0.196075 0.613259 0.615711 0.612606 0.882701 0.360285 0.518926 0.549335 0.067522 0.164127 0.303064 0.955719 0.553707 0.310063 0.537616 0.892847 0.287757 
0.117901 0.202736 0.995575 0.795329 0.229528 0.175247 0.814562 0.597799 0.051056 0.443319 0.223222 0.571725 0.623489 0.516896 0.587647 0.540681 0.047513 0.217051 0.017702 0.304322 0.842958 0.302845 0.090816 0.657304 0.494355 
0.196651 0.969977 0.701883 0.492363 0.581594 0.410413 0.323229 0.126756 0.332198 0.409607 0.741713 0.225242 0.195923 0.977262 0.152675 0.556315 0.944429 0.109267 0.625555 0.834144 0.445109 0.859395 0.867630 0.644470 0.374547 
0.443357 0.785088 0.202641 0.861214 0.659478 0.635658 0.269415 0.022120 0.928115 0.943384 0.385558 0.673707 0.398841 0.717010 0.397056 0.421418 0.811043 0.504367 0.888943 0.408547 0.839945 0.715098 0.632615 0.659223 0.741896 
0.348343 0.018012 0.181307 0.440513 0.197714 0.095328 0.309162 0.887584 0.594416 0.764514 0.616182 0.519031 0.977056 0.340605 0.675221 0.229747 0.476690 0.998104 0.477487 0.153167 0.491706 0.039338 0.061450 0.286351 0.051808 
0.803660 0.151852 0.686098 0.171360 0.570910 0.407379 0.043953 0.348921 0.274318 0.554576 0.494044 0.911494 0.320912 0.401709 0.980096 0.402300 0.279307 0.341839 0.116122 0.072534 0.841782 0.717814 0.733644 0.849233 0.463243 
0.791152 0.977687 0.781007 0.845138 0.742761 0.814146 0.582753 0.223378 0.617051 0.236015 0.424848 0.815868 0.268947 0.663003 0.012794 0.471254 0.700033 0.865396 0.698732 0.899038 0.498942 0.591867 0.345209 0.568270 0.544308 
0.396908 0.305356 0.079478 0.435726 0.232208 0.850060 0.133548 0.537447 0.691967 0.326924 0.263866 0.502447 0.819216 0.246177 0.597040 0.290865 0.140383 0.989076 0.257313 0.964025 0.655422 0.907779 0.150576 0.435451 0.473619 
0.626638 0.972925 0.559507 0.594176 0.199016 0.458467 0.943982 0.941627 0.586672 0.730583 0.118702 0.450577 0.662449 0.761354 0.267793 0.323210 0.186940 0.048884 0.357431 0.283954 0.397562 0.053272 0.759483 0.205693 0.775853 
0.337590 0.631511 0.728007 0.854045 0.597832 0.991752 0.995102 0.597502 0.585967 0.332805 0.767557 0.994052 0.548108 0.039559 0.010546 0.634088 0.943532 0.745638 0.705906 0.286025 0.656064 0.199997 0.898464 0.669379 0.573943 

0.621061 0.629822 0.565348 0.027504 0.255470 0.730031 0.750177 0.907226 0.734603 0.799641 0.224082 0.156884 0.678650 0.598721 0.793446 0.366326 0.439939 0.413046 0.995688 0.367864 0.577558 0.460061 0.134745 0.106076 0.213418 
0.857879 0.564082 0.531266 0.770153 0.495112 0.044986 0.120567 0.469508 0.013868 0.613637 0.655491 0.452070 0.184450 0.427578 0.841321 0.147972 0.742489 0.562385 0.732526 0.424385 0.605656 0.838354 0.475782 0.405432 0.889306 
0.940529 0.901683 0.078490 0.014803 0.219971 0.932738 0.446690 0.708867 0.866085 0.839708 0.401542 0.605777 0.792918 0.383608 0.815362 0.068801 0.980040 0.168616 0.521091 0.141707 0.388368 0.024863 0.352148 0.588176 0.602836 
0.408618 0.387945 0.912336 0.448864 0.454068 0.908981 0.112294 0.886570 0.632354 0.748749 0.901479 0.763457 0.720668 0.658308 0.607537 0.752964 0.394989 0.515848 0.371532 0.480472 0.103644 0.148988 0.535659 0.272332 0.632501 
0.615884 0.335681 0.804194 0.080983 0.787601 0.549205 0.724764 0.251757 0.078177 0.251763 0.988612 0.993472 0.945862 0.321266 0.500237 0.607309 0.002861 0.060560 0.212790 0.630167 0.966137 0.953913 0.195352 0.817720 0.954166 
0.498702 0.386941 0.943574 0.637044 0.003648 0.903005 0.113892 0.713430 0.040798 0.641215 0.023782 0.743580 0.048236 0.710674 0.804765 0.315592 0.569912 0.304221 0.060535 0.260833 0.691944 0.965878 0.151252 0.618517 0.161893 
0.246095 0.137577 0.141321 0.829690 0.254348 0.998730 0.186078 0.641165 0.941474 0.399151 0.182842 0.080882 0.031771 0.627185 0.836746 0.186550 0.754530 0.124709 0.060072 0.475988 0.358314 0.073149 0.959212 0.445611 0.952400 
0.154947 0.863482 0.639544 0.263833 0.778535 0.776807 0.496168 0.565142 0.738447 0.087162 0.811500 0.403635 0.359309 0.775131 0.990809 0.034988 0.374958 0.016875 0.187328 0.764785 0.607948 0.410226 0.284267 0.200780 0.994857 
0.129945 0.550019 0.885806 0.901974 0.354716 0.878274 0.788791 0.470062 0.358403 0.967163 0.584111 0.887132 0.928652 0.113604 0.872617 0.587482 0.308644 0.150783 0.982657 0.524436 0.753204 0.625207 0.333477 0.549811 0.815071 
0.175394 0.347021 0.096523 0.047324 0.312946 0.079917 0.815046 0.956452 0.952359 0.882108 0.913230 0.170088 0.676191 0.128984 0.620471 0.362648 0.811449 0.758644 0.212732 0.262489 0.512383 0.261734 0.562644 0.023256 0.624813 
0.575145 0.301442 0.155979 0.779485 0.204140 0.621707 0.438173 0.433214 0.902536 0.424150 0.971007 0.339469 0.582040 0.864781 0.567080 0.340641 0.426814 0.726855 0.308815 0.580334 0.068030 0.263390 0.260406 0.344045 0.355563 
0.166398 0.418878 0.053888 0.131464 0.322847 0.711797 0.629290 0.803108 0.781623 0.586856 0.412107 0.607669 0.362248 0.713954 0.006746 0.994667 0.445985 0.911786 0.485072 0.283798 0.879358 0.269012 0.429102 0.629609 0.730118 
0.387135 0.118407 0.243742 0.744155 0.673457 0.978137 0.692532 0.944736 0.555500 0.917737 0.092858 0.860910 0.110178 0.086167 0.365331 0.084710 0.226117 0.127976 0.028519 0.245712 0.225686 0.899771 0.139849 0.843759 0.919429 
0.417906 0.539310 0.847081 0.115425 0.212147 0.330891 0.262586 0.852909 0.933843 0.060934 0.145871 0.067089 0.289402 0.484271 0.745525 0.366545 0.978171 0.593959 0.920556 0.256168 0.737344 0.208935 0.606998 0.062437 0.156926 
0.443139 0.984512 0.488948 0.757897 0.434473 0.422917 0.753821 0.583985 0.222054 0.414186 0.297010 0.389202 0.467259 0.604911 0.646236 0.958408 0.788637 0.467523 0.455380 0.493704 0.640844 0.105607 0.607901 0.470574 0.733102 
0.941705 0.966961 0.468220 0.406322 0.467208 0.393512 0.213970 0.109166 0.361732 0.704122 0.918589 0.723615 0.088972 0.911167 0.784565 0.258357 0.382451 0.600230 0.431447 0.487759 0.425677 0.353560 0.469375 0.948566 0.984128 
0.445015 0.223135 0.380529 0.713669 0.457236 0.657121 0.654676 0.928445 0.390243 0.537870 0.786074 0.398732 0.267475 0.052470 0.274937 0.492970 0.292104 0.350360 0.490397 0.979209 0.767418 0.833484 0.119293 0.265725 0.299159 
0.073873 0.122681 0.306680 0.384754 0.174795 0.551827 0.928821 0.280585 0.744259 0.452769 0.555248 0.229922 0.227753 0.706968 0.991398 0.321428 0.220754 0.555407 0.005918 0.883484 0.854643 0.936937 0.757406 0.574147 0.424041 
0.574968 0.422333 0.799731 0.135406 0.682115 0.723245 0.225117 0.170339 0.290267 0.517708 0.428048 0.465568 0.056987 0.483349 0.012057 0.165012 0.784409 0.764373 0.761423 0.697612 0.242378 0.910785 0.213797 0.225212 0.068333 
0.253432 0.037576 0.793758 0.270552 0.676594 0.972035 0.896041 0.845263 0.084777 0.495495 0.818738 0.146373 0.245046 0.169592 0.529045 0.648105 0.841050 0.638689 0.923581 0.574922 0.787524 0.893769 0.952014 0.147436 0.162609 
0.198442 0.967508 0.588840 0.870497 0.561951 0.702420 0.581396 0.829219 0.655957 0.708120 0.770529 0.248324 0.838680 0.534016 0.844390 0.425954 0.508909 0.043736 0.157010 0.390772 0.710509 0.800045 0.411109 0.519722 0.816975 
0.371034 0.202375 0.867305 0.748689 0.421518 0.229753 0.166726 0.036763 0.309966 0.743745 0.515544 0.146716 0.327865 0.315590 0.988220 0.249821 0.623264 0.132001 0.212021 0.747362 0.532378 0.806409 0.017188 0.484305 0.443619 
0.685410 0.407172 0.081636 0.428191 0.279212 0.582926 0.676727 0.716079 0.485682 0.420759 0.545111 0.310846 0.054522 0.317444 0.690770 0.648681 0.022544 0.564650 0.897528 0.133035 0.358769 0.707867 0.587377 0.850482 0.153389 
0.142903 0.883873 0.616521 0.718390 0.103598 0.345407 0.574207 0.885366 0.150750 0.357924 0.037359 0.625366 0.466305 0.889824 0.326460 0.253194 0.156483 0.316249 0.787820 0.557342 0.144331 0.944180 0.327473 0.840093 0.996599 
0.461336 0.129495 0.380128 0.625638 0.055907 0.769525 0.268174 0.555312 0.019798 0.939165 0.947055 0.262321 0.615055 0.924635 0.650642 0.592877 0.906439 0.059798 0.401628 0.754846 0.609388 0.760433 0.814118 0.890238 0.016446 

-1.039773 -0.875409 -0.170301 -0.147379 -0.201859 -0.696027 -0.200441 -0.471304 -0.903525 0.195470 -0.160702 -0.331225 -0.597480 -0.038292 0.259624 -1.866338 0.289299 1.832231 2.549359 0.845488 1.423894 1.849721 0.602713 0.313313 1.345950 
-0.574916 -0.178095 -1.008224 -0.961243 -0.252928 -0.909034 -0.728085 -0.667016 -0.618464 -1.172828 -0.251451 -0.857369 -0.060637 -0.255896 -0.572533 -1.358485 -1.069279 1.229467 2.028785 2.132700 2.107111 1.695625 1.340331 1.568617 1.929256 
-0.275088 -0.612576 -0.798444 -1.269810 -0.694920 -0.696209 -0.938972 -0.149140 0.020228 -0.564265 -0.825317 -1.013189 0.066395 0.282675 -0.620048 -1.516308 0.356338 1.332186 1.730730 0.772968 1.071854 0.430100 1.682776 2.090316 1.754236 
-0.698926 -0.633322 -0.089260 -0.877385 -0.473661 -0.838547 -0.899012 -0.783703 -0.653274 -0.511976 -0.799822 -0.322670 -1.353266 -0.139891 -0.457857 -1.214637 -1.640430 1.572110 1.221333 1.820093 0.434127 0.862385 1.452985 1.097649 2.128202 
-0.007859 -0.365410 -0.179096 -1.022965 -0.233557 -0.492430 -0.036154 -0.800408 -0.815681 -0.598015 -1.199163 -0.282387 -0.759605 -0.748389 -0.903867 -1.258294 -0.653846 0.556359 0.628912 1.261704 2.003107 2.694559 0.575449 2.015065 2.687492 
-0.640756 -0.867685 -0.302295 -0.984399 -0.105121 -0.888835 0.111723 -0.577949 -0.736095 -0.705442 -1.124767 -0.289478 -2.004949 0.419978 0.252243 -0.481756 -0.789985 0.916216 0.534372 0.901027 1.585187 2.128983 1.037717 1.753335 1.015802 
0.070757 -0.726088 -0.300503 -1.039393 -0.666709 -0.386347 -0.587503 0.022635 -0.374917 -1.362993 -1.152267 -0.705299 0.042962 0.119314 -0.043317 -0.729782 -0.179779 0.716901 0.890634 1.278579 1.001341 1.260892 2.325488 1.312756 2.121262 
-0.224166 -0.170926 -0.378546 -0.487438 -0.942302 -1.021671 -0.332084 -0.090387 -0.272945 -0.273417 -0.540509 0.195839 -0.599769 0.379412 -0.495898 -0.944338 -1.299438 0.834379 1.339946 2.141406 2.187883 0.959757 1.339124 0.455805 2.414380 
-0.625618 -0.174197 -1.061969 -1.051266 -0.915324 -0.595864 -1.055013 -0.233029 -0.779167 -1.165284 -0.973812 0.703823 0.254940 -1.673752 -0.964723 -1.422080 -0.059625 1.579632 2.382956 2.063030 1.479966 1.873963 1.693070 1.458842 2.116908 
-0.931224 -0.381496 -0.101205 -0.241503 0.024278 -0.622764 -0.278064 0.850619 0.865768 0.489174 -0.205992 0.148244 -0.163369 -0.487474 0.384963 -0.715427 0.148615 0.159131 1.384313 1.021626 0.989137 1.501454 1.284595 0.768395 1.738450 
-0.219788 0.136611 -1.222273 -0.877401 -0.605957 -0.212156 -0.366736 0.377652 0.173096 -0.230977 0.884370 -1.621273 0.433719 0.779848 -1.123828 -1.412919 0.421056 -0.182305 0.059335 1.169309 0.063997 0.671431 0.937504 0.770031 1.038023 
-0.118844 -0.163420 -0.611995 -0.569369 -0.319802 0.252369 -0.593175 -0.634998 0.395528 0.290396 -0.194698 0.442274 -0.011792 0.744157 -0.454601 -0.210381 0.754725 -0.860607 -0.622019 0.961748 1.724331 1.269692 1.604623 1.293016 2.070901 
-0.624862 -0.338152 -1.064966 -0.088054 -0.857723 0.510298 -1.070715 0.712839 0.184990 -0.830354 -1.572629 -0.216827 -0.051169 -1.622306 1.147486 1.317980 0.633158 0.655785 0.142911 1.608206 1.401325 2.242416 0.983933 2.687199 2.802799 
-0.730288 0.089682 -0.034220 -1.719644 -1.130171 -1.325116 -1.237268 -0.275876 -0.564960 -1.439799 -1.389214 -0.719241 -0.235077 -0.370358 -0.201205 0.829486 0.310137 1.006513 -0.908350 0.429931 1.362756 1.235165 2.212698 0.679784 0.537797 
0.187534 -2.145362 -0.819147 -1.203357 -0.779894 -1.184962 -1.472869 -0.640129 -0.904150 -0.171118 -1.690709 0.442194 -0.696444 0.866661 0.849555 0.828246 -0.855056 0.608564 1.215380 -0.075846 0.844415 0.880425 1.658003 1.460281 1.606195 
-1.774411 -2.236080 -0.780335 -1.001376 -1.159811 -0.841255 -0.960978 -0.017082 -0.401484 -1.560799 -2.085008 -1.639974 -0.197024 -0.244391 0.238365 1.061522 -0.265294 -0.133368 -0.077515 1.509466 0.700402 0.216327 0.749431 2.719603 1.967402 
-1.028057 -0.542895 -0.718343 -1.604277 -0.791858 -1.301048 -1.378258 -2.168522 -0.515886 -0.977706 -1.544127 -0.579251 -0.718571 -0.321568 1.039049 0.566300 -0.228770 0.209456 -0.260604 -0.409397 0.754390 -0.346752 0.032519 1.118399 1.020601 
-0.429543 -0.515996 -0.550776 -0.517756 -0.641854 -1.280049 -2.080160 -0.715603 -1.778665 -0.812078 -1.007440 -0.333512 -0.409872 -1.453627 -2.001691 1.068202 1.673415 -0.522879 1.548553 0.822971 0.418194 0.948173 1.205050 0.692339 0.045626 
-0.941386 -0.946781 -1.627113 -0.486693 -1.596008 -1.607683 -0.563435 -0.314610 -0.528256 -0.917609 -0.725709 -1.393486 -0.185143 -0.977164 0.193418 -0.010565 0.942901 0.249931 1.029163 0.214455 1.335409 0.404592 1.510327 0.876072 1.747593 
-0.665724 -0.037331 -1.666678 -0.263923 -1.159358 -1.998484 -1.658445 -1.989171 -0.390441 -0.914990 -1.466713 -0.579895 -0.144701 -0.300234 -1.080456 -1.490032 -1.773765 1.449113 -0.001387 0.157628 0.203834 -0.960590 -0.991574 0.564903 -0.257208 
-0.258036 -1.909094 -1.191418 -1.750112 -1.115265 -1.516947 -0.537904 -2.045817 -1.359531 -1.583826 -1.350070 -0.735162 -1.683179 -1.268063 -1.425726 -0.608241 -1.236212 -0.001604 -0.393132 -0.099042 0.931702 0.510321 0.900630 1.332182 0.181525 
-1.057023 -0.446736 -1.965461 -1.381545 -0.976717 -0.538622 -0.254439 -0.163506 -0.506376 -1.609739 -1.536105 -0.443228 -0.589730 -0.806981 -2.153530 -0.444901 -1.377311 -0.409899 -0.429769 -1.272627 0.759131 0.394947 0.423763 0.586516 -0.067418 
-1.188827 -0.493872 -0.363194 -0.816891 -0.829059 -1.237631 -1.360321 -1.428740 -1.090259 -0.604270 -1.200110 -0.671349 -0.135703 -0.305897 -1.162190 -1.522684 -0.177864 -1.233173 -1.673327 -0.632465 -1.013663 0.967686 -0.531059 -0.315232 0.262556 
-0.310887 -1.712733 -1.522811 -1.487936 -0.214046 -0.743438 -1.361891 -1.925273 -0.455832 -0.709428 -0.504233 -1.073461 -0.591044 -1.958775 -0.681291 -0.346747 -0.154091 -0.470035 -1.306752 -1.156659 -0.202073 -2.059610 1.178870 -0.181752 0.661035 
-0.977455 -0.510582 -0.905715 -1.232245 0.081327 -1.777409 -0.411828 -1.144279 -0.079395 -1.987409 -1.689637 -0.643809 -1.335076 -1.715683 -1.288241 -1.118896 -1.576298 0.126417 -0.884343 -1.391782 -1.249928 -1.818241 -1.729888 0.592381 1.088879 

2 2 2 2 2 2 2 2 2 2 2 2 2 2 4 4 4 0 0 0 0 0 0 0 0 
2 2 2 2 2 2 2 2 2 2 2 2 2 4 4 4 4 0 0 0 0 0 0 0 0 
2 2 2 2 2 2 2 2 2 2 2 2 4 4 4 4 4 0 0 0 0 0 0 0 0 
2 2 2 2 2 2 2 2 2 2 2 2 4 4 4 4 4 0 0 0 0 0 0 0 0 
2 2 2 2 2 2 2 2 2 2 2 4 4 4 4 4 4 0 0 0 0 0 0 0 0 
2 2 2 2 2 2 2 2 2 2 4 4 4 4 4 4 4 0 0 0 0 0 0 0 0 
2 2 2 2 2 2 2 2 2 4 4 4 4 4 4 4 4 0 0 0 0 0 0 0 0 
2 2 2 2 2 2 2 2 4 4 4 4 4 4 4 4 4 0 0 0 0 0 0 0 0 
2 2 2 2 2 2 2 4 4 4 4 4 4 4 4 4 4 3 0 0 0 0 0 0 0 
2 2 2 2 2 2 4 4 4 4 4 4 4 4 4 4 4 3 0 0 0 0 0 0 0 
2 2 2 2 2 2 4 4 4 4 4 4 4 4 4 4 3 3 3 0 0 0 0 0 0 
2 2 2 2 2 4 4 4 4 4 4 4 4 4 4 3 3 3 3 3 0 0 0 0 0 
2 2 2 2 4 4 4 4 4 4 4 4 4 4 3 3 3 3 3 3 3 0 0 0 0 
2 2 2 4 4 4 4 4 4 4 4 4 4 3 3 3 3 3 3 3 3 3 0 0 0 
2 1 1 1 1 1 1 4 4 4 4 4 4 3 3 3 3 3 3 3 3 3 0 0 0 
1 1 1 1 1 1 1 1 1 1 1 1 1 3 3 3 3 3 3 3 3 3 3 0 0 
1 1 1 1 1 1 1 1 1 1 1 1 1 1 3 3 3 3 3 3 3 3 3 3 0 
1 1 1 1 1 1 1 1 1 1 1 1 1 1 1 3 3 3 3 3 3 3 3 3 3 
1 1 1 1 1 1 1 1 1 1 1 1 1 1 1 1 3 3 3 3 3 3 3 3 3 
1 1 1 1 1 1 1 1 1 1 1 1 1 1 1 1 1 3 3 3 3 3 3 3 3 
1 1 1 1 1 1 1 1 1 1 1 1 1 1 1 1 1 1 1 3 3 3 3 3 3 
1 1 1 1 1 1 1 1 1 1 1 1 1 1 1 1 1 1 1 1 3 3 3 3 3 
1 1 1 1 1 1 1 1 1 1 1 1 1 1 1 1 1 1 1 1 1 3 3 3 3 
1 1 1 1 1 1 1 1 1 1 1 1 1 1 1 1 1 1 1 1 1 1 3 3 3 
1 1 1 1 1 1 1 1 1 1 1 1 1 1 1 1 1 1 1 1 1 1 1 3 3 

-1.0 -1.0 -1.0 -1.0 -1.0 -1.0 -1.0 -1.0 -1.0 -1.0 -1.0 -1.0 -1.0 -1.0 -2.0 -2.0 -2.0 1.0 1.0 1.0 1.0 1.0 1.0 1.0 1.0 
-1.0 -1.0 -1.0 -1.0 -1.0 -1.0 -1.0 -1.0 -1.0 -1.0 -1.0 -1.0 -1.0 -2.0 -2.0 -2.0 -2.0 1.0 1.0 1.0 1.0 1.0 1.0 1.0 1.0 
-1.0 -1.0 -1.0 -1.0 -1.0 -1.0 -1.0 -1.0 -1.0 -1.0 -1.0 -1.0 -2.0 -2.0 -2.0 -2.0 -2.0 1.0 1.0 1.0 1.0 1.0 1.0 1.0 1.0 
-1.0 -1.0 -1.0 -1.0 -1.0 -1.0 -1.0 -1.0 -1.0 -1.0 -1.0 -1.0 -2.0 -2.0 -2.0 -2.0 -2.0 1.0 1.0 1.0 1.0 1.0 1.0 1.0 1.0 
-1.0 -1.0 -1.0 -1.0 -1.0 -1.0 -1.0 -1.0 -1.0 -1.0 -1.0 -2.0 -2.0 -2.0 -2.0 -2.0 -2.0 1.0 1.0 1.0 1.0 1.0 1.0 1.0 1.0 
-1.0 -1.0 -1.0 -1.0 -1.0 -1.0 -1.0 -1.0 -1.0 -1.0 -2.0 -2.0 -2.0 -2.0 -2.0 -2.0 -2.0 1.0 1.0 1.0 1.0 1.0 1.0 1.0 1.0 
-1.0 -1.0 -1.0 -1.0 -1.0 -1.0 -1.0 -1.0 -1.0 -2.0 -2.0 -2.0 -2.0 -2.0 -2.0 -2.0 -2.0 1.0 1.0 1.0 1.0 1.0 1.0 1.0 1.0 
-1.0 -1.0 -1.0 -1.0 -1.0 -1.0 -1.0 -1.0 -2.0 -2.0 -2.0 -2.0 -2.0 -2.0 -2.0 -2.0 -2.0 1.0 1.0 1.0 1.0 1.0 1.0 1.0 1.0 
-1.0 -1.0 -1.0 -1.0 -1.0 -1.0 -1.0 -2.0 -2.0 -2.0 -2.0 -2.0 -2.0 -2.0 -2.0 -2.0 -2.0 2.0 1.0 1.0 1.0 1.0 1.0 1.0 1.0 
-1.0 -1.0 -1.0 -1.0 -1.0 -1.0 -2.0 -2.0 -2.0 -2.0 -2.0 -2.0 -2.0 -2.0 -2.0 -2.0 -2.0 2.0 1.0 1.0 1.0 1.0 1.0 1.0 1.0 
-1.0 -1.0 -1.0 -1.0 -1.0 -1.0 -2.0 -2.0 -2.0 -2.0 -2.0 -2.0 -2.0 -2.0 -2.0 -2.0 2.0 2.0 2.0 1.0 1.0 1.0 1.0 1.0 1.0 
-1.0 -1.0 -1.0 -1.0 -1.0 -2.0 -2.0 -2.0 -2.0 -2.0 -2.0 -2.0 -2.0 -2.0 -2.0 2.0 2.0 2.0 2.0 2.0 1.0 1.0 1.0 1.0 1.0 
-1.0 -1.0 -1.0 -1.0 -2.0 -2.0 -2.0 -2.0 -2.0 -2.0 -2.0 -2.0 -2.0 -2.0 2.0 2.0 2.0 2.0 2.0 2.0 2.0 1.0 1.0 1.0 1.0 
-1.0 -1.0 -1.0 -2.0 -2.0 -2.0 -2.0 -2.0 -2.0 -2.0 -2.0 -2.0 -2.0 2.0 2.0 2.0 2.0 2.0 2.0 2.0 2.0 2.0 1.0 1.0 1.0 
-1.0 0.0 0.0 0.0 0.0 0.0 0.0 -2.0 -2.0 -2.0 -2.0 -2.0 -2.0 2.0 2.0 2.0 2.0 2.0 2.0 2.0 2.0 2.0 1.0 1.0 1.0 
0.0 0.0 0.0 0.0 0.0 0.0 0.0 0.0 0.0 0.0 0.0 0.0 0.0 2.0 2.0 2.0 2.0 2.0 2.0 2.0 2.0 2.0 2.0 1.0 1.0 
0.0 0.0 0.0 0.0 0.0 0.0 0.0 0.0 0.0 0.0 0.0 0.0 0.0 0.0 2.0 2.0 2.0 2.0 2.0 2.0 2.0 2.0 2.0 2.0 1.0 
0.0 0.0 0.0 0.0 0.0 0.0 0.0 0.0 0.0 0.0 0.0 0.0 0.0 0.0 0.0 2.0 2.0 2.0 2.0 2.0 2.0 2.0 2.0 2.0 2.0 
0.0 0.0 0.0 0.0 0.0 0.0 0.0 0.0 0.0 0.0 0.0 0.0 0.0 0.0 0.0 0.0 2.0 2.0 2.0 2.0 2.0 2.0 2.0 2.0 2.0 
0.0 0.0 0.0 0.0 0.0 0.0 0.0 0.0 0.0 0.0 0.0 0.0 0.0 0.0 0.0 0.0 0.0 2.0 2.0 2.0 2.0 2.0 2.0 2.0 2.0 
0.0 0.0 0.0 0.0 0.0 0.0 0.0 0.0 0.0 0.0 0.0 0.0 0.0 0.0 0.0 0.0 0.0 0.0 0.0 2.0 2.0 2.0 2.0 2.0 2.0 
0.0 0.0 0.0 0.0 0.0 0.0 0.0 0.0 0.0 0.0 0.0 0.0 0.0 0.0 0.0 0.0 0.0 0.0 0.0 0.0 2.0 2.0 2.0 2.0 2.0 
0.0 0.0 0.0 0.0 0.0 0.0 0.0 0.0 0.0 0.0 0.0 0.0 0.0 0.0 0.0 0.0 0.0 0.0 0.0 0.0 0.0 2.0 2.0 2.0 2.0 
0.0 0.0 0.0 0.0 0.0 0.0 0.0 0.0 0.0 0.0 0.0 0.0 0.0 0.0 0.0 0.0 0.0 0.0 0.0 0.0 0.0 0.0 2.0 2.0 2.0 
0.0 0.0 0.0 0.0 0.0 0.0 0.0 0.0 0.0 0.0 0.0 0.0 0.0 0.0 0.0 0.0 0.0 0.0 0.0 0.0 0.0 0.0 0.0 2.0 2.0 

0.0 0.0 0.0 0.0 0.0 0.0 0.0 0.0 0.0 0.0 0.0 0.0 0.0 0.0 1.0 1.0 1.0 2.0 2.0 2.0 2.0 2.0 2.0 2.0 2.0 
0.0 0.0 0.0 0.0 0.0 0.0 0.0 0.0 0.0 0.0 0.0 0.0 0.0 1.0 1.0 1.0 1.0 2.0 2.0 2.0 2.0 2.0 2.0 2.0 2.0 
0.0 0.0 0.0 0.0 0.0 0.0 0.0 0.0 0.0 0.0 0.0 0.0 1.0 1.0 1.0 1.0 1.0 2.0 2.0 2.0 2.0 2.0 2.0 2.0 2.0 
0.0 0.0 0.0 0.0 0.0 0.0 0.0 0.0 0.0 0.0 0.0 0.0 1.0 1.0 1.0 1.0 1.0 2.0 2.0 2.0 2.0 2.0 2.0 2.0 2.0 
0.0 0.0 0.0 0.0 0.0 0.0 0.0 0.0 0.0 0.0 0.0 1.0 1.0 1.0 1.0 1.0 1.0 2.0 2.0 2.0 2.0 2.0 2.0 2.0 2.0 
0.0 0.0 0.0 0.0 0.0 0.0 0.0 0.0 0.0 0.0 1.0 1.0 1.0 1.0 1.0 1.0 1.0 2.0 2.0 2.0 2.0 2.0 2.0 2.0 2.0 
0.0 0.0 0.0 0.0 0.0 0.0 0.0 0.0 0.0 1.0 1.0 1.0 1.0 1.0 1.0 1.0 1.0 2.0 2.0 2.0 2.0 2.0 2.0 2.0 2.0 
0.0 0.0 0.0 0.0 0.0 0.0 0.0 0.0 1.0 1.0 1.0 1.0 1.0 1.0 1.0 1.0 1.0 2.0 2.0 2.0 2.0 2.0 2.0 2.0 2.0 
0.0 0.0 0.0 0.0 0.0 0.0 0.0 1.0 1.0 1.0 1.0 1.0 1.0 1.0 1.0 1.0 1.0 -1.0 2.0 2.0 2.0 2.0 2.0 2.0 2.0 
0.0 0.0 0.0 0.0 0.0 0.0 1.0 1.0 1.0 1.0 1.0 1.0 1.0 1.0 1.0 1.0 1.0 -1.0 2.0 2.0 2.0 2.0 2.0 2.0 2.0 
0.0 0.0 0.0 0.0 0.0 0.0 1.0 1.0 1.0 1.0 1.0 1.0 1.0 1.0 1.0 1.0 -1.0 -1.0 -1.0 2.0 2.0 2.0 2.0 2.0 2.0 
0.0 0.0 0.0 0.0 0.0 1.0 1.0 1.0 1.0 1.0 1.0 1.0 1.0 1.0 1.0 -1.0 -1.0 -1.0 -1.0 -1.0 2.0 2.0 2.0 2.0 2.0 
0.0 0.0 0.0 0.0 1.0 1.0 1.0 1.0 1.0 1.0 1.0 1.0 1.0 1.0 -1.0 -1.0 -1.0 -1.0 -1.0 -1.0 -1.0 2.0 2.0 2.0 2.0 
0.0 0.0 0.0 1.0 1.0 1.0 1.0 1.0 1.0 1.0 1.0 1.0 1.0 -1.0 -1.0 -1.0 -1.0 -1.0 -1.0 -1.0 -1.0 -1.0 2.0 2.0 2.0 
0.0 -2.0 -2.0 -2.0 -2.0 -2.0 -2.0 1.0 1.0 1.0 1.0 1.0 1.0 -1.0 -1.0 -1.0 -1.0 -1.0 -1.0 -1.0 -1.0 -1.0 2.0 2.0 2.0 
-2.0 -2.0 -2.0 -2.0 -2.0 -2.0 -2.0 -2.0 -2.0 -2.0 -2.0 -2.0 -2.0 -1.0 -1.0 -1.0 -1.0 -1.0 -1.0 -1.0 -1.0 -1.0 -1.0 2.0 2.0 
-2.0 -2.0 -2.0 -2.0 -2.0 -2.0 -2.0 -2.0 -2.0 -2.0 -2.0 -2.0 -2.0 -2.0 -1.0 -1.0 -1.0 -1.0 -1.0 -1.0 -1.0 -1.0 -1.0 -1.0 2.0 
-2.0 -2.0 -2.0 -2.0 -2.0 -2.0 -2.0 -2.0 -2.0 -2.0 -2.0 -2.0 -2.0 -2.0 -2.0 -1.0 -1.0 -1.0 -1.0 -1.0 -1.0 -1.0 -1.0 -1.0 -1.0 
-2.0 -2.0 -2.0 -2.0 -2.0 -2.0 -2.0 -2.0 -2.0 -2.0 -2.0 -2.0 -2.0 -2.0 -2.0 -2.0 -1.0 -1.0 -1.0 -1.0 -1.0 -1.0 -1.0 -1.0 -1.0 
-2.0 -2.0 -2.0 -2.0 -2.0 -2.0 -2.0 -2.0 -2.0 -2.0 -2.0 -2.0 -2.0 -2.0 -2.0 -2.0 -2.0 -1.0 -1.0 -1.0 -1.0 -1.0 -1.0 -1.0 -1.0 
-2.0 -2.0 -2.0 -2.0 -2.0 -2.0 -2.0 -2.0 -2.0 -2.0 -2.0 -2.0 -2.0 -2.0 -2.0 -2.0 -2.0 -2.0 -2.0 -1.0 -1.0 -1.0 -1.0 -1.0 -1.0 
-2.0 -2.0 -2.0 -2.0 -2.0 -2.0 -2.0 -2.0 -2.0 -2.0 -2.0 -2.0 -2.0 -2.0 -2.0 -2.0 -2.0 -2.0 -2.0 -2.0 -1.0 -1.0 -1.0 -1.0 -1.0 
-2.0 -2.0 -2.0 -2.0 -2.0 -2.0 -2.0 -2.0 -2.0 -2.0 -2.0 -2.0 -2.0 -2.0 -2.0 -2.0 -2.0 -2.0 -2.0 -2.0 -2.0 -1.0 -1.0 -1.0 -1.0 
-2.0 -2.0 -2.0 -2.0 -2.0 -2.0 -2.0 -2.0 -2.0 -2.0 -2.0 -2.0 -2.0 -2.0 -2.0 -2.0 -2.0 -2.0 -2.0 -2.0 -2.0 -2.0 -1.0 -1.0 -1.0 
-2.0 -2.0 -2.0 -2.0 -2.0 -2.0 -2.0 -2.0 -2.0 -2.0 -2.0 -2.0 -2.0 -2.0 -2.0 -2.0 -2.0 -2.0 -2.0 -2.0 -2.0 -2.0 -2.0 -1.0 -1.0 

