0.503687 0.638025 0.448255 0.424797 0.926606 0.993828 0.526914 0.383467 0.539309 0.140152 0.455047 0.918508 0.239871 0.033549 0.424375 0.878673 0.935567 0.294520 0.826608 0.099519 0.179650 0.939129 0.417790 0.977542 0.014301 
0.046613 0.537582 0.457564 0.443518 0.572588 0.256387 0.423639 0.237945 0.102295 0.726724 0.097887 0.176486 0.379925 0.957740 0.406916 0.118155 0.931603 0.139565 0.243115 0.970711 0.146408 0.599457 0.650381 0.847823 0.658621 
0.791065 0.813473 0.807900 0.861434 0.538177 0.304722 0.673297 0.263336 0.478395 0.518459 0.261232 0.483830 0.354806 0.784528 0.224596 0.840746 0.107186 0.830958 0.986022 0.856561 0.161293 0.800607 0.958266 0.648202 0.802031 
0.675518 0.610519 0.867677 0.727400 0.083254 0.027877 0.876457 0.276235 0.105863 0.745500 0.863997 0.586279 0.399742 0.323660 0.116678 0.592881 0.241717 0.403247 0.285514 0.145566 0.848977 0.688367 0.029402 0.555078 0.478480 
0.851867 0.343458 0.980989 0.870014 0.514397 0.106696 0.697850 0.444566 0.934959 0.697096 0.161235 0.472364 0.366868 0.957572 0.857357 0.162557 0.545030 0.831377 0.840052 0.490487 0.572675 0.655192 0.464335 0.834068 0.416888 
0.969592 0.469663 0.492410 0.086679 0.528365 0.098098 0.405245 0.147866 0.763852 0.237304 0.430981 0.919386 0.084073 0.440142 0.074184 0.453226 0.725754 0.973089 0.493312 0.642918 0.524885 0.758842 0.920900 0.118804 0.128605 
0.718029 0.674832 0.961900 0.548267 0.610778 0.884873 0.618394 0.562195 0.368567 0.657206 0.888194 0.143440 0.024094 0.989177 0.489425 0.493817 0.788218 0.230978 0.555821 0.833997 0.996289 0.117961 0.410494 0.475729 0.379212 
0.239356 0.702002 0.065208 0.764272 0.334766 0.775086 0.615132 0.183060 0.252215 0.718949 0.259787 0.942660 0.107063 0.269058 0.683332 0.135912 0.778842 0.184322 0.321527 0.710413 0.384818 0.994002 0.313323 0.343557 0.300921 
0.414947 0.832954 0.291828 0.925227 0.996226 0.823498 0.977130 0.705379 0.712190 0.706651 0.884909 0.115964 0.027452 0.239657 0.827742 0.629498 0.781062 0.679891 0.465607 0.424413 0.673819 0.837636 0.196247 0.701548 0.529021 
0.630171 0.023987 0.908471 0.822475 0.324649 0.720866 0.917168 0.702900 0.296435 0.462627 0.922387 0.287515 0.327326 0.611141 0.929728 0.450412 0.466177 0.899569 0.029344 0.529777 0.907304 0.769767 0.830042 0.433758 0.291766 
0.459162 0.874650 0.036602 0.411571 0.303746 0.300572 0.069063 0.094800 0.606548 0.643411 0.955733 0.557862 0.948804 0.970503 0.706877 0.636815 0.706707 0.203915 0.671905 0.507579 0.600113 0.350561 0.105208 0.265466 0.372982 
0.295727 0.054169 0.634794 0.101598 0.401129 0.604264 0.916917 0.210576 0.258333 0.494410 0.565165 0.312592 0.722559 0.260308 0.315371 0.715080 0.534805 0.220196 0.480390 0.553880 0.880401 0.239872 0.615202 0.347731 0.731560 
0.330965 0.236676 0.721302 0.794159 0.462957 0.777267 0.122638 0.482887 0.864352 0.209058 0.385799 0.471730 0.811373 0.366783 0.275383 0.091065 0.615899 0.737082 0.403340 0.719915 0.967177 0.533292 0.758107 0.093178 0.777525 
0.302022 0.706801 0.289315 0.908000 0.724852 0.608851 0.666584 0.761968 0.197940 0.436423 0.345020 0.974489 0.318858 0.651106 0.616606 0.422770 0.207250 0.614473 0.004939 0.960273 0.683922 0.851223 0.603545 0.762396 0.985904 
0.124958 0.855765 0.375975 0.820397 0.172560 0.153105 0.598837 0.271158 0.901175 0.173342 0.660695 0.710731 0.308798 0.157472 0.529285 0.720937 0.171765 0.602011 0.043656 0.009443 0.314051 0.497832 0.737291 0.899731 0.521896 
0.804079 0.131030 0.841417 0.346226 0.151924 0.449998 0.128377 0.309281 0.917646 0.362878 0.343308 0.516324 0.654329 0.694491 0.889603 0.207780 0.994801 0.654901 0.036583 0.535128 0.397929 0.737818 0.897197 0.800167 0.870240 
0.863035 0.331076 0.006113 0.313425 0.987193 0.009416 0.764314 0.078631 0.510272 0.086809 0.852516 0.876934 0.127702 0.251752 0.431868 0.126811 0.032835 0.044910 0.619788 0.295026 0.881839 0.731872 0.191830 0.216439 0.765675 
0.067977 0.053038 0.934503 0.666345 0.890428 0.446816 0.172179 0.346175 0.178386 0.137408 0.628776 0.211863 0.448369 0.119857 0.383259 0.634976 0.286719 0.587016 0.374948 0.943184 0.942809 0.341354 0.922351 0.016711 0.302380 
0.829297 0.774025 0.199949 0.239389 0.832297 0.780748 0.476121 0.861327 0.413319 0.444010 0.914511 0.550276 0.805310 0.236262 0.538347 0.642361 0.704536 0.272792 0.680232 0.998865 0.660653 0.064364 0.719966 0.068903 0.576024 
0.949716 0.904161 0.280571 0.699266 0.595821 0.978883 0.103629 0.180440 0.851360 0.169737 0.635037 0.549704 0.820457 0.849524 0.911504 0.992721 0.359843 0.983128 0.927161 0.493880 0.476974 0.045221 0.171946 0.810258 0.778199 
0.397064 0.306630 0.634004 0.646124 0.089938 0.219832 0.804556 0.611106 0.002941 0.057621 0.355180 0.980875 0.511904 0.626163 0.779704 0.146939 0.903381 0.944857 0.985082 0.464972 0.350558 0.496961 0.362079 0.226284 0.372943 
0.764915 0.211102 0.956554 0.034266 0.402004 0.250981 0.337134 0.261030 0.288224 0.401291 0.040668 0.052899 0.978012 0.454648 0.614453 0.102734 0.360039 0.889631 0.678210 0.441961 0.894671 0.222425 0.921295 0.876889 0.573367 
0.705451 0.876452 0.085775 0.625148 0.349560 0.604105 0.431101 0.829256 0.548563 0.487418 0.262003 0.221744 0.832978 0.490459 0.557881 0.936597 0.751117 0.485419 0.649795 0.522650 0.204638 0.683842 0.567518 0.025025 0.578868 
0.752802 0.827024 0.911320 0.272339 0.728916 0.034218 0.730741 0.336276 0.464616 0.376959 0.193209 0.907024 0.520584 0.877141 0.422220 0.440927 0.813539 0.833986 0.853618 0.688946 0.728042 0.905623 0.571323 0.194783 0.650436 
0.758610 0.891917 0.924980 0.099133 0.515714 0.841013 0.788628 0.479815 0.327597 0.074980 0.050960 0.744445 0.559874 0.547631 0.616752 0.419264 0.233650 0.754222 0.629809 0.388819 0.210529 0.430468 0.513360 0.568555 0.584401 

0.978029 0.445753 0.719808 0.021720 0.736703 0.521355 0.594216 0.769296 0.380544 0.962409 0.489679 0.713267 0.895652 0.150888 0.061924 0.424814 0.958352 0.499616 0.135581 0.156623 0.726991 0.990280 0.841755 0.944491 0.123442 
0.737031 0.009049 0.805504 0.808296 0.404124 0.722864 0.175011 0.891619 0.482980 0.837452 0.254804 0.325029 0.853688 0.985811 0.296196 0.746950 0.530101 0.813707 0.756940 0.292129 0.576063 0.170460 0.800316 0.810151 0.279997 
0.855055 0.607681 0.657275 0.280951 0.926708 0.059681 0.323886 0.459060 0.262231 0.754234 0.445490 0.763489 0.881341 0.293551 0.186624 0.134769 0.058545 0.887403 0.017001 0.255136 0.568709 0.374392 0.651759 0.908793 0.134840 
0.746546 0.006191 0.041268 0.263662 0.426849 0.634738 0.923968 0.453741 0.319520 0.345645 0.709317 0.621885 0.899389 0.561133 0.267369 0.785335 0.896799 0.166830 0.998317 0.738637 0.216405 0.152938 0.685764 0.601981 0.933566 
0.280735 0.345322 0.556819 0.502385 0.244375 0.451525 0.152447 0.656758 0.849455 0.128802 0.333795 0.702761 0.261800 0.717456 0.317125 0.972742 0.060565 0.361226 0.491262 0.935354 0.779717 0.361113 0.549514 0.689963 0.547441 
0.744756 0.303162 0.846315 0.876155 0.338381 0.253621 0.651045 0.046750 0.165831 0.515869 0.482732 0.423130 0.549798 0.931967 0.279813 0.765964 0.777741 0.204710 0.979514 0.203234 0.051874 0.112525 0.800724 0.951902 0.210163 
0.134440 0.934642 0.635188 0.631719 0.706527 0.829797 0.407980 0.975004 0.531679 0.582602 0.702543 0.367177 0.969569 0.444840 0.666957 0.640405 0.649607 0.466435 0.297735 0.402007 0.870261 0.472885 0.900013 0.812373 0.056050 
0.542872 0.861468 0.490150 0.732127 0.977499 0.444009 0.922812 0.094122 0.808911 0.640409 0.460597 0.303278 0.596886 0.298513 0.273388 0.286510 0.891303 0.337836 0.523626 0.052175 0.603100 0.819162 0.367021 0.245163 0.865229 
0.429654 0.551853 0.147103 0.406578 0.805959 0.629707 0.255949 0.688558 0.306397 0.080679 0.588842 0.852192 0.419614 0.831974 0.434696 0.838441 0.470455 0.882970 0.225986 0.212182 0.975522 0.996285 0.851925 0.196688 0.514781 
0.825702 0.258960 0.999196 0.435540 0.793007 0.312406 0.991807 0.907775 0.034908 0.762317 0.824673 0.068726 0.106242 0.426243 0.030472 0.618833 0.997278 0.782898 0.497946 0.611724 0.710218 0.053782 0.668515 0.526193 0.357752 
0.917876 0.511967 0.873680 0.333086 0.494370 0.593811 0.580611 0.333999 0.068219 0.671502 0.420341 0.700800 0.995704 0.342176 0.709752 0.363508 0.476219 0.380161 0.593636 0.442203 0.075846 0.102763 0.973246 0.134096 0.582604 
0.385656 0.062165 0.589091 0.910656 0.190782 0.809226 0.482517 0.496640 0.912274 0.417916 0.450408 0.320078 0.884821 0.132782 0.882374 0.157719 0.933267 0.541668 0.914629 0.886479 0.801238 0.613122 0.930495 0.787773 0.621712 
0.307165 0.286213 0.567996 0.905236 0.714960 0.952876 0.817094 0.199520 0.455515 0.468572 0.462080 0.727780 0.911467 0.342756 0.902963 0.300322 0.413728 0.314929 0.688697 0.850249 0.498407 0.305482 0.277701 0.480114 0.861840 
0.430701 0.655552 0.790566 0.901099 0.581376 0.191326 0.412967 0.984331 0.284348 0.239752 0.888642 0.697175 0.938218 0.145527 0.441171 0.832673 0.688184 0.659613 0.133361 0.941203 0.488251 0.319790 0.082498 0.767104 0.944247 
0.846423 0.448367 0.918835 0.458886 0.345563 0.767504 0.276854 0.944326 0.173290 0.208190 0.039335 0.203486 0.266625 0.894063 0.986358 0.888404 0.098414 0.046262 0.777904 0.458780 0.246692 0.592628 0.619413 0.405975 0.343419 
0.760171 0.556596 0.373187 0.458703 0.702468 0.192196 0.771018 0.610594 0.118989 0.776706 0.884266 0.159065 0.478308 0.682501 0.056365 0.015811 0.531240 0.453619 0.341961 0.196843 0.574589 0.553706 0.202294 0.256291 0.724879 
0.671868 0.278001 0.518628 0.821251 0.748588 0.699526 0.189036 0.624850 0.816040 0.505815 0.845379 0.892837 0.170933 0.790001 0.706168 0.376253 0.793196 0.394815 0.854380 0.609373 0.696166 0.049082 0.208434 0.350912 0.576384 
0.442051 0.776089 0.507209 0.257222 0.714636 0.632172 0.960480 0.560499 0.148165 0.168516 0.801094 0.853778 0.092279 0.718648 0.665722 0.993058 0.833731 0.059929 0.553772 0.024709 0.146634 0.334909 0.996657 0.717975 0.876731 
0.356438 0.919961 0.839817 0.546086 0.018356 0.358351 0.622817 0.608962 0.180181 0.352615 0.179590 0.141113 0.612557 0.836383 0.489191 0.006159 0.775673 0.691399 0.791030 0.335253 0.306353 0.416316 0.895072 0.539132 0.391132 
0.733865 0.298938 0.667669 0.997498 0.611292 0.256430 0.844140 0.662083 0.576524 0.325545 0.581906 0.940567 0.912548 0.255879 0.747936 0.386461 0.854662 0.337646 0.060990 0.973784 0.628929 0.398765 0.420281 0.212510 0.609704 
0.658329 0.397454 0.403305 0.908951 0.312828 0.418683 0.286725 0.037841 0.771414 0.766089 0.299691 0.817764 0.310111 0.275680 0.130742 0.630915 0.383296 0.938361 0.552385 0.315325 0.926980 0.407899 0.242739 0.739675 0.568015 
0.756726 0.898503 0.615242 0.380424 0.427025 0.167660 0.853885 0.304406 0.581981 0.968850 0.883740 0.942845 0.796265 0.732935 0.181423 0.910935 0.613781 0.642619 0.601246 0.258429 0.685225 0.286599 0.542883 0.739407 0.426888 
0.553822 0.576756 0.216503 0.114424 0.023696 0.824257 0.332276 0.605171 0.713211 0.132600 0.980850 0.441235 0.965606 0.205197 0.763475 0.734135 0.129766 0.673358 0.286260 0.243769 0.940801 0.433531 0.368012 0.092216 0.286834 
0.505378 0.430305 0.066289 0.773184 0.396995 0.566870 0.957476 0.891684 0.594261 0.794536 0.368297 0.456570 0.363796 0.838194 0.873556 0.581558 0.039451 0.694431 0.283714 0.295021 0.446636 0.872886 0.924767 0.889265 0.978770 
0.420343 0.263154 0.204155 0.276572 0.835422 0.719759 0.901315 0.075438 0.531626 0.569924 0.562572 0.132208 0.831195 0.048987 0.010005 0.664593 0.500095 0.229376 0.835973 0.575803 0.219261 0.676783 0.742545 0.855567 0.541925 

0.189415 -1.050224 -0.443253 -1.134842 -0.951412 -1.688373 0.158032 -0.344856 -0.560277 0.593159 -0.137230 -0.881170 0.543884 -0.164500 -0.875313 -1.632044 -1.488975 0.254198 -2.017730 -0.101731 0.218639 -1.475583 -0.103240 -1.344886 -0.279232 
0.831760 -1.133394 -0.516212 0.154800 -0.785674 0.237210 -0.750000 0.222452 0.390015 -0.141589 -0.223350 -0.206567 0.137659 -0.585823 -0.167670 0.613157 -1.506944 0.475866 -0.102361 -2.085366 0.213891 -1.157036 -0.171237 -1.116638 -0.699462 
-0.576534 -1.167549 -1.098646 -0.999421 -0.475704 -0.607285 -1.080115 -0.332474 -0.721673 0.038059 -0.137892 -0.077847 -0.467477 -1.103293 -0.174891 -1.244378 -0.374900 -0.980774 -1.775274 -1.786782 0.614153 -1.297234 -1.588351 -0.206533 -1.100359 
-0.527570 -1.504411 -1.154485 -1.610241 0.302401 0.956921 -0.708392 0.043412 0.200868 -1.280891 -1.142388 -0.382084 0.328083 -0.562106 0.208918 -0.203694 0.420869 -0.760235 0.218500 0.257077 -1.911619 -1.640287 0.446204 -1.133395 -0.376175 
-1.343333 -0.579397 -1.268295 -1.206377 -0.424709 0.267744 -1.063624 0.014478 -0.755891 -1.438941 0.277241 -0.194086 -0.443556 -0.725921 -1.073213 0.464370 -0.646292 -1.334223 -1.307941 -0.548808 -0.364078 -0.506032 -0.701252 -0.520468 0.219982 
-1.467622 -0.667537 -1.599887 -2.248183 -0.612174 -0.241447 -0.930125 -0.191457 0.127489 -1.368275 -1.229854 -0.983576 -1.304074 -1.987604 -0.757153 -1.741753 -1.477130 -0.278821 -2.232509 -0.284051 -0.319953 -0.108454 -1.779737 -2.019097 -0.941872 
0.031487 -2.072111 -1.042477 -1.312197 -1.502024 -1.065978 -0.619173 -2.415000 -0.857161 -1.056381 -1.004971 -0.714821 -1.942003 -0.308123 -1.231771 -1.625645 -1.441259 -0.438424 -0.369711 -1.295969 -1.709966 -0.213379 -2.389710 -1.366373 -0.248925 
-0.975998 -2.596854 -1.191992 -2.050389 -2.129508 -1.007660 -1.749003 -0.043930 -1.285001 -1.140182 -0.985970 -0.078237 -1.283436 -0.487363 -0.836587 -0.362949 -1.917455 -0.732673 -0.240272 -0.098433 -1.263323 -1.328479 -0.857612 -0.328695 -2.079429 
-0.805096 -1.005434 0.483115 -0.711176 -1.028162 -1.153445 -0.647438 -0.742793 -0.472117 -0.143849 -1.074003 -1.682626 -1.069692 -1.293702 -0.698114 -1.540273 -1.231001 -1.727330 -0.929746 -0.133184 -2.215312 -2.704612 -1.956381 -0.246958 -1.443453 
-1.487941 -0.070087 -2.339977 -1.029906 -1.269224 -0.567809 -1.149069 -1.389341 -0.340347 -1.822627 -1.875476 -0.387372 -0.317473 -0.249330 -0.071924 -1.771244 -1.740784 -1.141412 -0.713074 -1.449272 -2.159290 0.088695 -1.051403 -0.713220 -0.950331 
-0.539303 0.637551 -0.909708 -0.420266 -0.250848 -0.029264 -0.416270 -0.362864 0.582078 -0.138359 0.369779 0.126463 -0.421440 0.388737 -0.021356 0.312253 0.240570 0.372488 -0.607872 0.086078 0.511557 0.204252 -1.090631 0.047560 -0.330649 
0.258814 -0.493030 -0.254305 -0.301843 -0.025735 -0.744274 0.278802 -0.707775 -0.494688 0.229044 0.257084 0.303066 -0.011296 0.075374 -0.666499 1.083430 -0.400641 -0.738308 -0.757965 -0.730516 -0.497054 -0.926338 -0.581209 -0.128776 0.191704 
0.013456 0.194463 0.248426 -0.665485 -0.550223 0.160240 -0.392982 -0.118903 0.333956 -0.326948 0.104435 -0.490946 -0.457074 0.284140 -1.177067 -0.140029 0.447115 0.068768 0.125735 -0.736318 0.283216 0.220140 0.642546 -0.569656 -0.025541 
0.112409 0.024473 -0.414877 -0.086787 -0.126024 0.436842 0.191544 -0.781356 -0.060155 -0.107533 -0.211540 0.354979 -1.275265 0.485981 0.226863 -0.551343 -0.505623 -0.337696 0.410744 -0.264908 0.799387 0.337326 0.573447 -0.031735 0.060645 
-0.791260 0.094921 -0.775126 0.223316 -0.466243 -0.617046 0.467887 -1.435619 0.892481 -0.505991 0.058414 1.223870 -0.096820 -1.252721 -0.285740 -0.477227 -0.107630 0.739345 -0.270660 -0.367713 0.268376 -0.282856 0.324914 1.032124 0.318346 
1.045864 0.839134 -0.512248 0.462846 0.931214 -0.103539 1.785895 0.814066 -0.484470 1.158525 1.157134 -0.533420 0.230830 0.531758 -0.556616 0.214825 0.080090 0.056197 0.092713 -0.415831 0.939322 0.468576 -0.517103 -0.426943 0.525236 
0.509353 0.180175 1.340177 0.758706 0.703357 1.691216 -0.622840 1.088371 1.060475 1.020781 0.935252 0.584011 0.209557 1.150769 1.618069 0.736496 1.394539 0.871775 1.156613 1.148632 0.560695 -0.921077 -0.002333 0.497206 -0.072631 
0.611430 1.419971 0.023384 -0.549917 0.366713 0.945051 1.301158 0.913015 0.159942 0.251528 1.380917 1.385115 -0.154447 1.672412 0.990571 1.530894 1.241183 -0.233496 0.589232 -0.259101 -0.936117 0.741284 1.711550 2.015201 1.196941 
0.289708 1.163320 1.217153 0.952119 -0.456847 -0.136012 1.112395 0.444962 0.248664 0.234781 -0.057488 -0.159673 0.433398 1.806211 0.484721 -0.684224 0.660361 1.600065 1.053385 -0.621033 -0.197435 0.319404 1.028095 0.691625 0.473838 
0.500186 0.638196 1.108379 1.421767 0.748534 -0.766995 1.296344 0.812386 0.076569 0.837973 0.202900 0.950809 1.496149 0.046852 0.106478 -0.248380 0.998756 -0.430172 -0.494370 1.570671 0.945623 1.343177 0.371153 -0.164277 -0.045710 
0.915397 0.373697 1.395608 1.440014 0.740055 0.573818 1.608951 1.738007 0.154713 0.392477 1.115239 1.858615 0.893980 1.248962 1.657750 0.111484 2.084839 1.971384 2.219628 1.611443 0.485176 0.741546 0.754402 -0.059423 0.529917 
1.369442 -0.111192 1.559414 0.277826 0.359128 0.517343 0.726855 0.504043 0.562622 0.802164 0.127881 0.167434 1.807535 0.528417 0.977254 -0.107110 0.622825 1.587270 1.317729 0.989484 1.943141 -0.023540 1.553481 2.063555 1.357004 
1.224745 2.007120 -0.078067 1.299170 1.036519 0.805221 1.242919 1.127671 0.643959 1.356929 0.333606 1.224873 1.950357 0.790273 0.336133 1.753952 1.543880 1.150910 0.744882 0.380212 -0.021856 1.133007 1.204674 -0.090381 1.220982 
1.431406 1.098552 1.809413 -0.101778 1.423311 0.264692 1.409509 0.351778 0.999627 0.776613 0.978560 2.406211 0.984145 1.839154 0.586827 0.474939 1.434903 1.283681 2.052528 0.889602 1.260469 1.754723 1.092456 0.913542 1.317397 
1.117915 1.825362 2.124706 0.090657 0.743038 2.304993 1.193031 0.818608 0.769640 0.303149 0.337488 1.376532 1.489000 1.505496 1.586278 0.830358 0.501407 1.580438 1.428270 0.782114 0.788145 0.973040 0.604930 1.058169 1.273669 

0 0 0 0 0 0 0 0 0 0 0 0 0 0 0 0 0 0 0 0 0 0 0 0 0 
0 0 0 0 0 0 0 0 0 0 0 0 0 0 0 0 0 0 0 0 0 0 0 0 0 
0 0 0 0 0 0 0 0 0 0 0 0 0 0 0 0 0 0 0 0 0 0 0 0 0 
0 0 0 0 0 0 0 0 0 0 0 0 0 0 0 0 0 0 0 0 0 0 0 0 0 
0 0 0 0 0 0 0 0 0 0 0 0 0 0 0 0 0 0 0 0 0 0 0 0 0 
1 1 1 1 1 1 1 1 1 1 1 1 1 1 1 1 1 1 1 1 1 1 1 1 1 
1 1 1 1 1 1 1 1 1 1 1 1 1 1 1 1 1 1 1 1 1 1 1 1 1 
1 1 1 1 1 1 1 1 1 1 1 1 1 1 1 1 1 1 1 1 1 1 1 1 1 
1 1 1 1 1 1 1 1 1 1 1 1 1 1 1 1 1 1 1 1 1 1 1 1 1 
1 1 1 1 1 1 1 1 1 1 1 1 1 1 1 1 1 1 1 1 1 1 1 1 1 
2 2 2 2 2 2 2 2 2 2 2 2 2 2 2 2 2 2 2 2 2 2 2 2 2 
2 2 2 2 2 2 2 2 2 2 2 2 2 2 2 2 2 2 2 2 2 2 2 2 2 
2 2 2 2 2 2 2 2 2 2 2 2 2 2 2 2 2 2 2 2 2 2 2 2 2 
2 2 2 2 2 2 2 2 2 2 2 2 2 2 2 2 2 2 2 2 2 2 2 2 2 
2 2 2 2 2 2 2 2 2 2 2 2 2 2 2 2 2 2 2 2 2 2 2 2 2 
3 3 3 3 3 3 3 3 3 3 3 3 3 3 3 3 3 3 3 3 3 3 3 3 3 
3 3 3 3 3 3 3 3 3 3 3 3 3 3 3 3 3 3 3 3 3 3 3 3 3 
3 3 3 3 3 3 3 3 3 3 3 3 3 3 3 3 3 3 3 3 3 3 3 3 3 
3 3 3 3 3 3 3 3 3 3 3 3 3 3 3 3 3 3 3 3 3 3 3 3 3 
3 3 3 3 3 3 3 3 3 3 3 3 3 3 3 3 3 3 3 3 3 3 3 3 3 
4 4 4 4 4 4 4 4 4 4 4 4 4 4 4 4 4 4 4 4 4 4 4 4 4 
4 4 4 4 4 4 4 4 4 4 4 4 4 4 4 4 4 4 4 4 4 4 4 4 4 
4 4 4 4 4 4 4 4 4 4 4 4 4 4 4 4 4 4 4 4 4 4 4 4 4 
4 4 4 4 4 4 4 4 4 4 4 4 4 4 4 4 4 4 4 4 4 4 4 4 4 
4 4 4 4 4 4 4 4 4 4 4 4 4 4 4 4 4 4 4 4 4 4 4 4 4 

-2.0 -2.0 -2.0 -2.0 -2.0 -2.0 -2.0 -2.0 -2.0 -2.0 -2.0 -2.0 -2.0 -2.0 -2.0 -2.0 -2.0 -2.0 -2.0 -2.0 -2.0 -2.0 -2.0 -2.0 -2.0 
-2.0 -2.0 -2.0 -2.0 -2.0 -2.0 -2.0 -2.0 -2.0 -2.0 -2.0 -2.0 -2.0 -2.0 -2.0 -2.0 -2.0 -2.0 -2.0 -2.0 -2.0 -2.0 -2.0 -2.0 -2.0 
-2.0 -2.0 -2.0 -2.0 -2.0 -2.0 -2.0 -2.0 -2.0 -2.0 -2.0 -2.0 -2.0 -2.0 -2.0 -2.0 -2.0 -2.0 -2.0 -2.0 -2.0 -2.0 -2.0 -2.0 -2.0 
-2.0 -2.0 -2.0 -2.0 -2.0 -2.0 -2.0 -2.0 -2.0 -2.0 -2.0 -2.0 -2.0 -2.0 -2.0 -2.0 -2.0 -2.0 -2.0 -2.0 -2.0 -2.0 -2.0 -2.0 -2.0 
-2.0 -2.0 -2.0 -2.0 -2.0 -2.0 -2.0 -2.0 -2.0 -2.0 -2.0 -2.0 -2.0 -2.0 -2.0 -2.0 -2.0 -2.0 -2.0 -2.0 -2.0 -2.0 -2.0 -2.0 -2.0 
0.0 0.0 0.0 0.0 0.0 0.0 0.0 0.0 0.0 0.0 0.0 0.0 0.0 0.0 0.0 0.0 0.0 0.0 0.0 0.0 0.0 0.0 0.0 0.0 0.0 
0.0 0.0 0.0 0.0 0.0 0.0 0.0 0.0 0.0 0.0 0.0 0.0 0.0 0.0 0.0 0.0 0.0 0.0 0.0 0.0 0.0 0.0 0.0 0.0 0.0 
0.0 0.0 0.0 0.0 0.0 0.0 0.0 0.0 0.0 0.0 0.0 0.0 0.0 0.0 0.0 0.0 0.0 0.0 0.0 0.0 0.0 0.0 0.0 0.0 0.0 
0.0 0.0 0.0 0.0 0.0 0.0 0.0 0.0 0.0 0.0 0.0 0.0 0.0 0.0 0.0 0.0 0.0 0.0 0.0 0.0 0.0 0.0 0.0 0.0 0.0 
0.0 0.0 0.0 0.0 0.0 0.0 0.0 0.0 0.0 0.0 0.0 0.0 0.0 0.0 0.0 0.0 0.0 0.0 0.0 0.0 0.0 0.0 0.0 0.0 0.0 
1.0 1.0 1.0 1.0 1.0 1.0 1.0 1.0 1.0 1.0 1.0 1.0 1.0 1.0 1.0 1.0 1.0 1.0 1.0 1.0 1.0 1.0 1.0 1.0 1.0 
1.0 1.0 1.0 1.0 1.0 1.0 1.0 1.0 1.0 1.0 1.0 1.0 1.0 1.0 1.0 1.0 1.0 1.0 1.0 1.0 1.0 1.0 1.0 1.0 1.0 
1.0 1.0 1.0 1.0 1.0 1.0 1.0 1.0 1.0 1.0 1.0 1.0 1.0 1.0 1.0 1.0 1.0 1.0 1.0 1.0 1.0 1.0 1.0 1.0 1.0 
1.0 1.0 1.0 1.0 1.0 1.0 1.0 1.0 1.0 1.0 1.0 1.0 1.0 1.0 1.0 1.0 1.0 1.0 1.0 1.0 1.0 1.0 1.0 1.0 1.0 
1.0 1.0 1.0 1.0 1.0 1.0 1.0 1.0 1.0 1.0 1.0 1.0 1.0 1.0 1.0 1.0 1.0 1.0 1.0 1.0 1.0 1.0 1.0 1.0 1.0 
-1.0 -1.0 -1.0 -1.0 -1.0 -1.0 -1.0 -1.0 -1.0 -1.0 -1.0 -1.0 -1.0 -1.0 -1.0 -1.0 -1.0 -1.0 -1.0 -1.0 -1.0 -1.0 -1.0 -1.0 -1.0 
-1.0 -1.0 -1.0 -1.0 -1.0 -1.0 -1.0 -1.0 -1.0 -1.0 -1.0 -1.0 -1.0 -1.0 -1.0 -1.0 -1.0 -1.0 -1.0 -1.0 -1.0 -1.0 -1.0 -1.0 -1.0 
-1.0 -1.0 -1.0 -1.0 -1.0 -1.0 -1.0 -1.0 -1.0 -1.0 -1.0 -1.0 -1.0 -1.0 -1.0 -1.0 -1.0 -1.0 -1.0 -1.0 -1.0 -1.0 -1.0 -1.0 -1.0 
-1.0 -1.0 -1.0 -1.0 -1.0 -1.0 -1.0 -1.0 -1.0 -1.0 -1.0 -1.0 -1.0 -1.0 -1.0 -1.0 -1.0 -1.0 -1.0 -1.0 -1.0 -1.0 -1.0 -1.0 -1.0 
-1.0 -1.0 -1.0 -1.0 -1.0 -1.0 -1.0 -1.0 -1.0 -1.0 -1.0 -1.0 -1.0 -1.0 -1.0 -1.0 -1.0 -1.0 -1.0 -1.0 -1.0 -1.0 -1.0 -1.0 -1.0 
2.0 2.0 2.0 2.0 2.0 2.0 2.0 2.0 2.0 2.0 2.0 2.0 2.0 2.0 2.0 2.0 2.0 2.0 2.0 2.0 2.0 2.0 2.0 2.0 2.0 
2.0 2.0 2.0 2.0 2.0 2.0 2.0 2.0 2.0 2.0 2.0 2.0 2.0 2.0 2.0 2.0 2.0 2.0 2.0 2.0 2.0 2.0 2.0 2.0 2.0 
2.0 2.0 2.0 2.0 2.0 2.0 2.0 2.0 2.0 2.0 2.0 2.0 2.0 2.0 2.0 2.0 2.0 2.0 2.0 2.0 2.0 2.0 2.0 2.0 2.0 
2.0 2.0 2.0 2.0 2.0 2.0 2.0 2.0 2.0 2.0 2.0 2.0 2.0 2.0 2.0 2.0 2.0 2.0 2.0 2.0 2.0 2.0 2.0 2.0 2.0 
2.0 2.0 2.0 2.0 2.0 2.0 2.0 2.0 2.0 2.0 2.0 2.0 2.0 2.0 2.0 2.0 2.0 2.0 2.0 2.0 2.0 2.0 2.0 2.0 2.0 

1.0 1.0 1.0 1.0 1.0 1.0 1.0 1.0 1.0 1.0 1.0 1.0 1.0 1.0 1.0 1.0 1.0 1.0 1.0 1.0 1.0 1.0 1.0 1.0 1.0 
1.0 1.0 1.0 1.0 1.0 1.0 1.0 1.0 1.0 1.0 1.0 1.0 1.0 1.0 1.0 1.0 1.0 1.0 1.0 1.0 1.0 1.0 1.0 1.0 1.0 
1.0 1.0 1.0 1.0 1.0 1.0 1.0 1.0 1.0 1.0 1.0 1.0 1.0 1.0 1.0 1.0 1.0 1.0 1.0 1.0 1.0 1.0 1.0 1.0 1.0 
1.0 1.0 1.0 1.0 1.0 1.0 1.0 1.0 1.0 1.0 1.0 1.0 1.0 1.0 1.0 1.0 1.0 1.0 1.0 1.0 1.0 1.0 1.0 1.0 1.0 
1.0 1.0 1.0 1.0 1.0 1.0 1.0 1.0 1.0 1.0 1.0 1.0 1.0 1.0 1.0 1.0 1.0 1.0 1.0 1.0 1.0 1.0 1.0 1.0 1.0 
-2.0 -2.0 -2.0 -2.0 -2.0 -2.0 -2.0 -2.0 -2.0 -2.0 -2.0 -2.0 -2.0 -2.0 -2.0 -2.0 -2.0 -2.0 -2.0 -2.0 -2.0 -2.0 -2.0 -2.0 -2.0 
-2.0 -2.0 -2.0 -2.0 -2.0 -2.0 -2.0 -2.0 -2.0 -2.0 -2.0 -2.0 -2.0 -2.0 -2.0 -2.0 -2.0 -2.0 -2.0 -2.0 -2.0 -2.0 -2.0 -2.0 -2.0 
-2.0 -2.0 -2.0 -2.0 -2.0 -2.0 -2.0 -2.0 -2.0 -2.0 -2.0 -2.0 -2.0 -2.0 -2.0 -2.0 -2.0 -2.0 -2.0 -2.0 -2.0 -2.0 -2.0 -2.0 -2.0 
-2.0 -2.0 -2.0 -2.0 -2.0 -2.0 -2.0 -2.0 -2.0 -2.0 -2.0 -2.0 -2.0 -2.0 -2.0 -2.0 -2.0 -2.0 -2.0 -2.0 -2.0 -2.0 -2.0 -2.0 -2.0 
-2.0 -2.0 -2.0 -2.0 -2.0 -2.0 -2.0 -2.0 -2.0 -2.0 -2.0 -2.0 -2.0 -2.0 -2.0 -2.0 -2.0 -2.0 -2.0 -2.0 -2.0 -2.0 -2.0 -2.0 -2.0 
-1.0 -1.0 -1.0 -1.0 -1.0 -1.0 -1.0 -1.0 -1.0 -1.0 -1.0 -1.0 -1.0 -1.0 -1.0 -1.0 -1.0 -1.0 -1.0 -1.0 -1.0 -1.0 -1.0 -1.0 -1.0 
-1.0 -1.0 -1.0 -1.0 -1.0 -1.0 -1.0 -1.0 -1.0 -1.0 -1.0 -1.0 -1.0 -1.0 -1.0 -1.0 -1.0 -1.0 -1.0 -1.0 -1.0 -1.0 -1.0 -1.0 -1.0 
-1.0 -1.0 -1.0 -1.0 -1.0 -1.0 -1.0 -1.0 -1.0 -1.0 -1.0 -1.0 -1.0 -1.0 -1.0 -1.0 -1.0 -1.0 -1.0 -1.0 -1.0 -1.0 -1.0 -1.0 -1.0 
-1.0 -1.0 -1.0 -1.0 -1.0 -1.0 -1.0 -1.0 -1.0 -1.0 -1.0 -1.0 -1.0 -1.0 -1.0 -1.0 -1.0 -1.0 -1.0 -1.0 -1.0 -1.0 -1.0 -1.0 -1.0 
-1.0 -1.0 -1.0 -1.0 -1.0 -1.0 -1.0 -1.0 -1.0 -1.0 -1.0 -1.0 -1.0 -1.0 -1.0 -1.0 -1.0 -1.0 -1.0 -1.0 -1.0 -1.0 -1.0 -1.0 -1.0 
2.0 2.0 2.0 2.0 2.0 2.0 2.0 2.0 2.0 2.0 2.0 2.0 2.0 2.0 2.0 2.0 2.0 2.0 2.0 2.0 2.0 2.0 2.0 2.0 2.0 
2.0 2.0 2.0 2.0 2.0 2.0 2.0 2.0 2.0 2.0 2.0 2.0 2.0 2.0 2.0 2.0 2.0 2.0 2.0 2.0 2.0 2.0 2.0 2.0 2.0 
2.0 2.0 2.0 2.0 2.0 2.0 2.0 2.0 2.0 2.0 2.0 2.0 2.0 2.0 2.0 2.0 2.0 2.0 2.0 2.0 2.0 2.0 2.0 2.0 2.0 
2.0 2.0 2.0 2.0 2.0 2.0 2.0 2.0 2.0 2.0 2.0 2.0 2.0 2.0 2.0 2.0 2.0 2.0 2.0 2.0 2.0 2.0 2.0 2.0 2.0 
2.0 2.0 2.0 2.0 2.0 2.0 2.0 2.0 2.0 2.0 2.0 2.0 2.0 2.0 2.0 2.0 2.0 2.0 2.0 2.0 2.0 2.0 2.0 2.0 2.0 
0.0 0.0 0.0 0.0 0.0 0.0 0.0 0.0 0.0 0.0 0.0 0.0 0.0 0.0 0.0 0.0 0.0 0.0 0.0 0.0 0.0 0.0 0.0 0.0 0.0 
0.0 0.0 0.0 0.0 0.0 0.0 0.0 0.0 0.0 0.0 0.0 0.0 0.0 0.0 0.0 0.0 0.0 0.0 0.0 0.0 0.0 0.0 0.0 0.0 0.0 
0.0 0.0 0.0 0.0 0.0 0.0 0.0 0.0 0.0 0.0 0.0 0.0 0.0 0.0 0.0 0.0 0.0 0.0 0.0 0.0 0.0 0.0 0.0 0.0 0.0 
0.0 0.0 0.0 0.0 0.0 0.0 0.0 0.0 0.0 0.0 0.0 0.0 0.0 0.0 0.0 0.0 0.0 0.0 0.0 0.0 0.0 0.0 0.0 0.0 0.0 
0.0 0.0 0.0 0.0 0.0 0.0 0.0 0.0 0.0 0.0 0.0 0.0 0.0 0.0 0.0 0.0 0.0 0.0 0.0 0.0 0.0 0.0 0.0 0.0 0.0 

