0.484962 0.349617 0.861850 0.359129 0.900270 0.905400 0.215534 0.237594 0.401377 0.032118 0.478511 0.576111 0.238575 0.546089 0.005646 0.077118 0.659717 0.556309 0.820416 0.816821 0.863569 0.465461 0.951388 0.849140 0.987620 
0.400060 0.494775 0.302389 0.521200 0.173291 0.006488 0.662230 0.648742 0.926919 0.852983 0.324727 0.212559 0.249329 0.403325 0.060685 0.199299 0.635117 0.383938 0.918287 0.411361 0.846486 0.704074 0.751308 0.520297 0.913992 
0.106056 0.572841 0.851061 0.508200 0.570964 0.735720 0.946337 0.431234 0.368045 0.711064 0.932804 0.620905 0.497174 0.865878 0.388911 0.200160 0.544302 0.052089 0.307731 0.430088 0.224716 0.502271 0.088578 0.047936 0.183249 
0.559705 0.288917 0.833134 0.656131 0.686107 0.174464 0.941313 0.737966 0.730986 0.275733 0.783032 0.011846 0.598865 0.284809 0.830246 0.573290 0.172490 0.617890 0.794387 0.234848 0.679610 0.182993 0.941680 0.007271 0.940240 
0.499123 0.990615 0.536330 0.008418 0.488093 0.489979 0.592036 0.103858 0.749590 0.087949 0.577324 0.453805 0.797961 0.651396 0.951176 0.891211 0.193084 0.227278 0.536672 0.420080 0.588252 0.441362 0.194554 0.699756 0.274839 
0.367453 0.446160 0.703620 0.161560 0.785491 0.744826 0.058991 0.052789 0.966391 0.227093 0.583209 0.867973 0.257139 0.781029 0.142242 0.223654 0.743873 0.544017 0.918183 0.207997 0.162923 0.155131 0.628334 0.393693 0.788887 
0.901548 0.567149 0.080018 0.617920 0.667645 0.263164 0.517965 0.411303 0.336571 0.814662 0.310618 0.002646 0.295535 0.741094 0.468867 0.783640 0.073624 0.708406 0.085910 0.746815 0.264281 0.611311 0.882222 0.424129 0.760310 
0.056940 0.633798 0.839721 0.887525 0.529741 0.032987 0.884294 0.515232 0.403559 0.499123 0.727396 0.074144 0.835621 0.824463 0.922182 0.599044 0.055510 0.630123 0.865207 0.929658 0.438544 0.512778 0.891760 0.923185 0.712060 
0.485580 0.480504 0.701709 0.222690 0.586090 0.632456 0.534065 0.339557 0.118176 0.084995 0.036543 0.558826 0.368440 0.388262 0.706118 0.353585 0.742974 0.445660 0.598831 0.353745 0.422402 0.568323 0.310410 0.032907 0.972023 
0.938131 0.405402 0.805030 0.144092 0.621186 0.111620 0.542300 0.249815 0.588547 0.270245 0.927510 0.104983 0.795009 0.500756 0.695937 0.875661 0.395108 0.690279 0.443028 0.130750 0.728497 0.473243 0.130910 0.791803 0.945670 
0.856751 0.761968 0.194948 0.045342 0.341719 0.841867 0.931180 0.328545 0.076037 0.097978 0.692604 0.004155 0.042095 0.533428 0.936172 0.314947 0.741526 0.511773 0.088269 0.262258 0.765305 0.651829 0.533749 0.712099 0.974094 
0.961681 0.210812 0.576165 0.644888 0.298788 0.845719 0.733044 0.827256 0.508222 0.288765 0.492261 0.561568 0.812999 0.168589 0.137923 0.290798 0.767215 0.135267 0.437162 0.798901 0.428481 0.481342 0.247281 0.766942 0.954709 
0.540186 0.771708 0.793545 0.583463 0.000577 0.206967 0.386736 0.812465 0.224729 0.206322 0.864619 0.823049 0.926658 0.980580 0.126344 0.734007 0.706352 0.036619 0.774768 0.700769 0.629973 0.133698 0.745475 0.043795 0.072334 
0.263068 0.708692 0.351068 0.831242 0.021828 0.927385 0.573981 0.714091 0.029306 0.460396 0.483171 0.543934 0.272870 0.074338 0.197094 0.373463 0.078323 0.092571 0.322510 0.723867 0.312786 0.025279 0.636181 0.343757 0.392483 
0.844971 0.971546 0.105841 0.485132 0.457196 0.914921 0.709138 0.662781 0.644296 0.585389 0.004053 0.112086 0.830320 0.039314 0.482897 0.950149 0.945807 0.241808 0.984540 0.039299 0.307732 0.519096 0.896290 0.243192 0.535643 
0.690719 0.181684 0.948624 0.101303 0.536501 0.135565 0.134874 0.455766 0.512676 0.085682 0.297904 0.674923 0.171003 0.027628 0.739220 0.056323 0.683172 0.625189 0.758095 0.897001 0.393013 0.075569 0.273750 0.936896 0.909764 
0.043965 0.225257 0.860403 0.942861 0.815592 0.014841 0.312704 0.559769 0.915850 0.316476 0.684952 0.779328 0.745822 0.842896 0.350726 0.599033 0.550361 0.062146 0.434528 0.647696 0.428252 0.249027 0.495957 0.735075 0.485009 
0.299788 0.228589 0.334687 0.721822 0.302117 0.366038 0.932867 0.761829 0.906072 0.935972 0.118853 0.957145 0.119719 0.195609 0.123455 0.399158 0.237436 0.508517 0.023185 0.118806 0.720968 0.016800 0.995398 0.423039 0.835413 
0.496685 0.337133 0.151821 0.546270 0.786235 0.218740 0.606020 0.123178 0.208493 0.065497 0.461277 0.287139 0.609504 0.906526 0.958575 0.917074 0.736715 0.076049 0.632185 0.301820 0.012590 0.726489 0.899576 0.473568 0.252755 
0.786732 0.824220 0.678565 0.332538 0.968234 0.074095 0.816890 0.699436 0.086197 0.857552 0.622457 0.333015 0.456714 0.749868 0.892345 0.463978 0.133003 0.897913 0.577031 0.458685 0.426312 0.015401 0.347802 0.868717 0.690045 
0.721834 0.865476 0.832466 0.352814 0.605931 0.891943 0.117448 0.251618 0.433317 0.279688 0.122318 0.883316 0.397454 0.190747 0.487780 0.958750 0.056885 0.486553 0.995614 0.875339 0.888719 0.953309 0.691317 0.792810 0.454274 
0.772913 0.863459 0.984200 0.820105 0.741383 0.060151 0.091070 0.236891 0.006797 0.270237 0.516437 0.585292 0.592813 0.704605 0.421591 0.525905 0.960118 0.955904 0.993061 0.002662 0.780915 0.261740 0.171028 0.013694 0.521075 
0.706418 0.871422 0.909249 0.072294 0.353709 0.207085 0.736174 0.650589 0.591977 0.486671 0.451323 0.934614 0.327762 0.320494 0.035154 0.715668 0.652321 0.481870 0.986933 0.953287 0.356119 0.733740 0.894665 0.877079 0.342632 
0.029879 0.213079 0.556095 0.179227 0.799138 0.267121 0.247301 0.471782 0.514199 0.929034 0.790408 0.246730 0.395331 0.536304 0.597348 0.601352 0.287791 0.370831 0.080264 0.489394 0.993065 0.955254 0.066584 0.847677 0.656891 
0.992032 0.765557 0.294353 0.080671 0.985300 0.173987 0.012237 0.145453 0.284627 0.649713 0.271556 0.623655 0.914942 0.188175 0.215246 0.667454 0.222718 0.577357 0.673916 0.548131 0.142352 0.638557 0.693789 0.009392 0.883769 

0.926298 0.330700 0.380140 0.119510 0.821179 0.093226 0.530154 0.323290 0.866791 0.711957 0.868817 0.068317 0.443236 0.912981 0.005335 0.070648 0.589548 0.623075 0.577061 0.879481 0.158610 0.104016 0.279435 0.859948 0.609626 
0.734727 0.599450 0.583133 0.231631 0.545946 0.519908 0.516834 0.972995 0.651781 0.893850 0.247818 0.369880 0.850080 0.133350 0.233171 0.119964 0.468874 0.146083 0.890668 0.773085 0.329716 0.112975 0.602787 0.363036 0.538461 
0.595804 0.988019 0.910407 0.829916 0.114758 0.302239 0.866640 0.224306 0.646864 0.812032 0.661772 0.748280 0.024783 0.060310 0.714399 0.430881 0.942899 0.359459 0.118736 0.700937 0.739691 0.701158 0.525495 0.776140 0.886542 
0.443499 0.503759 0.408695 0.327922 0.729814 0.414058 0.532125 0.016848 0.231082 0.044321 0.431110 0.070922 0.630021 0.967568 0.112592 0.072953 0.762565 0.188387 0.893218 0.808946 0.143702 0.615332 0.464029 0.519053 0.556288 
0.102023 0.392473 0.152410 0.413285 0.496676 0.970482 0.413209 0.010354 0.593751 0.119552 0.286326 0.905090 0.102323 0.966142 0.239223 0.438777 0.328022 0.415944 0.108476 0.990697 0.210633 0.765841 0.089011 0.161990 0.352655 
0.073001 0.068250 0.784662 0.553089 0.121085 0.989264 0.578608 0.094682 0.415005 0.809056 0.290896 0.767516 0.050278 0.925564 0.441827 0.233395 0.048039 0.311432 0.697339 0.466169 0.538430 0.808056 0.599259 0.204836 0.569712 
0.333438 0.801582 0.157947 0.897776 0.985001 0.078929 0.524085 0.211823 0.950569 0.794178 0.058145 0.455815 0.264411 0.429127 0.705587 0.862053 0.925968 0.951271 0.805297 0.140701 0.738319 0.814896 0.882002 0.753682 0.341801 
0.174730 0.200189 0.992983 0.370215 0.973766 0.206454 0.713947 0.638268 0.157346 0.649973 0.432588 0.117239 0.614048 0.891878 0.661431 0.527051 0.035805 0.257121 0.190579 0.420770 0.050988 0.405503 0.209217 0.217555 0.642367 
0.530000 0.028265 0.832312 0.284498 0.664732 0.410567 0.660407 0.101946 0.117083 0.754072 0.802314 0.015716 0.804499 0.958011 0.367966 0.981570 0.497709 0.232824 0.497646 0.980309 0.565227 0.865105 0.262228 0.501586 0.931421 
0.825100 0.582987 0.753914 0.253872 0.613726 0.230369 0.472427 0.728333 0.685463 0.875860 0.575091 0.343841 0.843028 0.148015 0.156344 0.247608 0.688458 0.475972 0.140906 0.666567 0.179862 0.279979 0.229950 0.116571 0.079382 
0.855214 0.081018 0.017772 0.829939 0.655083 0.542950 0.572372 0.576901 0.866071 0.364609 0.020024 0.578551 0.344611 0.348510 0.199861 0.285152 0.662784 0.749570 0.052342 0.642746 0.584059 0.512601 0.145617 0.150059 0.869268 
0.406350 0.119775 0.369989 0.556304 0.156958 0.207129 0.865232 0.705367 0.230326 0.405384 0.334521 0.859715 0.527675 0.706794 0.592728 0.998737 0.777235 0.937283 0.539366 0.976561 0.059784 0.889871 0.832755 0.510558 0.920441 
0.925622 0.649760 0.882910 0.460054 0.410186 0.602315 0.585401 0.224672 0.972932 0.480453 0.935071 0.556840 0.725911 0.996801 0.456454 0.845798 0.744072 0.731113 0.036771 0.018500 0.858722 0.223033 0.573286 0.009701 0.953990 
0.338436 0.650540 0.093980 0.199650 0.016271 0.406481 0.257764 0.394639 0.809414 0.767052 0.942757 0.978907 0.762520 0.723592 0.826723 0.102207 0.817529 0.050141 0.063803 0.688901 0.000503 0.851850 0.677883 0.273873 0.642167 
0.063249 0.884961 0.520492 0.128854 0.762520 0.550230 0.775988 0.083211 0.698795 0.051890 0.123739 0.788949 0.955853 0.824254 0.128750 0.303523 0.420038 0.024947 0.953118 0.073589 0.132967 0.049301 0.141298 0.025776 0.101662 
0.223951 0.738601 0.644431 0.279020 0.802507 0.337710 0.876020 0.562489 0.960146 0.891033 0.172720 0.024586 0.957522 0.936599 0.738633 0.850852 0.507996 0.510582 0.993956 0.897083 0.563710 0.516085 0.360887 0.731108 0.744857 
0.434500 0.032404 0.172503 0.538059 0.384403 0.054773 0.606397 0.367558 0.880786 0.202858 0.842511 0.960517 0.719764 0.767896 0.964459 0.077286 0.940019 0.619100 0.681154 0.801974 0.534036 0.351802 0.449793 0.780390 0.801203 
0.320242 0.377452 0.785012 0.459675 0.728747 0.553936 0.292200 0.481663 0.128849 0.658974 0.924584 0.263904 0.930762 0.595075 0.008637 0.418291 0.002396 0.601640 0.863403 0.774642 0.825188 0.017682 0.730062 0.504423 0.755012 
0.808861 0.833876 0.695520 0.107356 0.640557 0.931092 0.000457 0.231896 0.482786 0.410042 0.840814 0.162999 0.941809 0.577744 0.802028 0.698535 0.620494 0.899512 0.569647 0.946994 0.850212 0.651754 0.339675 0.967323 0.208873 
0.942854 0.105365 0.455234 0.144158 0.637259 0.992495 0.712222 0.593901 0.883508 0.812060 0.513589 0.573170 0.578590 0.562967 0.196384 0.261661 0.916210 0.644325 0.754173 0.307170 0.195740 0.132855 0.256016 0.557683 0.290676 
0.776504 0.252877 0.859852 0.226472 0.957426 0.749220 0.012703 0.709061 0.887819 0.056095 0.693953 0.977175 0.258926 0.120103 0.824461 0.484034 0.173700 0.105878 0.891607 0.371525 0.791581 0.560419 0.242009 0.408974 0.831403 
0.517814 0.723612 0.319447 0.200042 0.669600 0.580832 0.784908 0.492149 0.281333 0.021443 0.365251 0.851901 0.087051 0.782507 0.003583 0.123941 0.618188 0.466436 0.315252 0.975513 0.869881 0.416876 0.236132 0.406250 0.065463 
0.110834 0.752653 0.899222 0.208358 0.240193 0.374571 0.644336 0.071810 0.040267 0.228470 0.606148 0.953025 0.711729 0.727021 0.845171 0.032920 0.913928 0.781689 0.927296 0.850279 0.987491 0.928065 0.716473 0.525706 0.751339 
0.981817 0.405936 0.890004 0.599648 0.881932 0.953064 0.288731 0.699320 0.067839 0.685749 0.149291 0.371167 0.859367 0.381116 0.426406 0.109788 0.670309 0.347549 0.788297 0.658863 0.072015 0.177175 0.264940 0.844608 0.300008 
0.964836 0.801047 0.837272 0.511587 0.532798 0.500761 0.030797 0.609093 0.742020 0.420973 0.632436 0.806302 0.412435 0.394504 0.839350 0.792078 0.611997 0.883233 0.932229 0.841073 0.198993 0.479232 0.537748 0.563889 0.162217 

0.451022 -0.538942 -0.916431 -0.821587 -0.694200 -1.537349 -0.021220 0.046351 0.158845 1.174348 -0.549749 0.149227 0.161996 0.717734 0.402522 0.281296 0.200638 0.418591 0.355728 -0.009983 1.318138 1.019028 1.373813 0.084186 0.888541 
0.415418 0.131596 0.242881 -0.729513 0.325679 0.636104 -0.994709 -0.519574 -1.325348 -0.683251 -0.072772 -0.412027 -0.227934 -0.068901 0.083388 -0.103929 -0.400875 -0.518982 0.003060 -0.794785 0.769166 1.148379 -0.175384 0.316122 0.581116 
0.266507 -0.024780 -0.129823 -0.103281 -1.070868 -1.365652 -1.087027 -0.979920 -0.159601 -0.773839 -0.243811 -0.178736 -0.182617 -0.429402 0.149750 0.481743 0.116647 0.078146 0.375678 -0.414156 -0.814608 -0.267578 -0.287146 -1.954994 -1.466344 
-0.940567 0.049294 -1.209773 -0.729464 -0.151052 0.229658 -1.250019 -0.938479 -1.061393 -0.387029 0.435676 0.377073 0.041255 -0.131782 0.011343 -0.128571 0.700467 0.225896 -0.180161 -1.335772 1.012453 -0.916478 0.889882 -1.158234 0.901950 
-0.893192 -1.462900 -1.419118 0.158071 -0.458843 0.166271 -0.279693 0.423253 -1.092692 0.178848 -0.052695 -0.166678 -0.086662 0.474956 0.062779 -0.083355 0.176862 0.145842 1.060739 -1.182138 0.179028 -0.756152 0.382834 1.296101 -0.275874 
-1.177186 -0.923936 -0.661383 0.391241 -1.210977 -0.554184 0.447688 0.375924 -0.986349 -0.574436 -0.663476 -0.448189 0.033349 -0.224193 0.190390 0.245978 -0.537628 0.703550 0.328604 -0.902515 -0.622378 -1.351128 0.010237 0.350183 0.454184 
-1.375910 -0.330526 0.339155 -0.609771 0.010017 -0.590174 -0.869972 -0.812093 0.292517 -0.934796 0.265620 -0.186968 0.335647 -0.235045 0.275026 -0.119710 -0.662658 0.010845 -0.680806 0.891486 -0.974241 -0.386787 -0.425223 -0.742989 1.181743 
-0.616023 -1.290278 -0.597959 -1.091734 0.178608 0.093747 -1.257500 -0.307360 -0.372834 -0.827250 -0.805381 -0.210393 -0.659247 -0.059904 0.060102 -0.413921 -0.224596 -0.589118 -1.352693 0.642089 0.224381 0.293791 1.441523 1.714466 -0.006207 
-0.598418 -0.749941 -0.763852 -0.370548 -0.443587 -1.681442 -0.091300 -0.787722 0.469355 0.513688 -0.078389 0.098118 0.040978 -0.056013 -0.544025 -0.081241 0.499446 -0.439007 -1.327624 -1.310204 0.017848 -0.706315 -0.047328 -0.965361 0.304326 
-1.219892 -0.126697 -0.338392 0.007081 -0.516664 -0.179993 -0.260111 -0.250425 -0.321099 -0.068192 -0.954046 -0.367734 -0.286436 -0.063559 -0.281510 -0.553852 0.421119 -1.238634 -0.704893 -0.650249 1.111112 0.704231 -0.009427 1.619441 1.594935 
-0.956107 -1.473183 -0.301037 1.052831 0.411843 -1.135139 -1.093916 -0.119260 0.669920 -0.147297 -0.030979 0.082864 0.616779 0.342033 0.010698 0.156559 -0.081439 -0.762230 0.184631 -0.722288 0.443297 0.392392 1.012576 1.169177 -0.330307 
-1.202597 -0.266893 -0.965977 -0.942085 -0.849824 -1.626796 -0.839626 -1.248222 -0.974483 -0.438068 -0.092478 0.337959 0.624566 -0.382169 -0.297622 0.267194 0.542366 -1.420719 -0.954306 -0.823884 0.537263 -0.875639 -1.533900 0.812168 0.263515 
-0.653624 -1.110241 -0.766901 -0.524722 -0.105930 -0.076627 0.285138 -1.236316 0.516166 0.532481 -0.262109 -0.168507 0.006130 0.211377 -0.256094 0.257661 0.179766 -0.641784 -0.087948 -0.527505 -0.398252 -0.636641 0.613840 0.196694 -2.036459 
-0.274798 -0.651688 -0.859345 -1.551653 0.334795 -1.401861 -0.893306 -0.779991 1.030409 0.084927 -0.025590 -0.025183 -0.050780 -0.105024 0.153644 0.315998 -1.102254 -0.601967 -0.515294 -1.413380 0.080826 -2.007540 -0.199637 -0.027957 -0.906998 
-1.870668 -0.779924 -0.179462 -1.350929 0.473527 -1.704424 -0.333658 -0.877839 -0.868636 -0.759295 -0.040912 0.201025 -0.007162 -0.005877 -0.216745 0.202299 -1.718435 0.095774 -1.756454 0.000654 0.771410 1.540960 1.702161 0.711855 0.866807 
-0.884973 0.390576 -1.149613 0.391909 -0.353482 -0.033244 0.800062 -0.615723 -0.269902 0.694798 -0.218189 -0.310736 -0.154560 0.141643 -0.136894 -0.245507 -1.207165 -1.152302 -2.055891 -1.342460 -0.069906 -0.948855 0.608012 0.524923 0.352141 
0.002153 -0.427007 -1.610625 -1.589733 -1.589114 -0.275598 -0.270569 -0.481050 -1.176663 -0.680779 0.281261 0.165921 0.433169 0.001807 0.094373 0.080385 -1.158790 -0.759471 -0.800900 -1.512262 -0.570301 0.404799 -0.069704 0.003799 -0.670091 
-0.180523 -0.341982 0.367422 -0.891483 0.460324 -0.211761 -1.439659 -0.652109 -1.375193 -1.408767 0.173600 -0.141071 -0.497763 0.299932 0.108782 0.016899 -0.034383 -1.125384 -0.915347 -1.004131 -1.788506 0.053671 0.449746 -0.560584 -0.174716 
-0.353925 0.672840 0.558914 -0.970540 -0.944287 0.451006 -0.932486 -0.326462 0.161497 0.124944 -0.585580 -0.531534 0.048236 0.042491 -0.088767 2.772363 2.038590 -1.176587 -1.223932 -1.850048 -1.100872 0.054481 1.218237 -1.139411 0.140530 
-0.567365 -1.421456 -0.937229 -0.783420 -1.148267 1.130605 -0.482728 -0.865769 0.583744 -1.217514 -0.146508 0.396745 0.358169 0.402460 0.743740 0.445492 1.683320 -1.709868 -1.387235 -0.759241 -0.794570 0.194707 -0.719814 0.252897 0.918799 
-0.506336 -1.740174 -0.884091 -0.371118 -0.283724 -1.431590 -0.157790 0.147204 -0.540217 -0.580414 0.035101 -0.439198 -0.027895 0.468732 1.852385 1.912615 0.470859 0.962765 -2.165231 -1.520630 -1.420184 0.543752 1.036311 1.042245 -0.857101 
-0.930743 -1.104698 -1.844038 -1.461595 -0.522484 0.426748 1.136329 0.428622 0.545805 -0.690895 -0.085118 -0.213513 -0.468304 0.029787 -0.074657 0.557111 1.891176 1.763704 -1.537522 -1.143443 -1.452256 -0.457577 -0.405967 -0.775064 0.758586 
-1.494320 -1.490614 -0.688640 0.005090 -0.445842 -0.310402 -1.045468 -1.439839 -1.065980 -0.171106 -0.292072 0.014768 0.230396 1.830334 1.314522 0.328897 2.610119 1.917867 2.901506 -1.886542 -0.998291 -1.373683 0.354284 0.748137 -1.215472 
1.049879 0.386757 0.051799 0.733898 -0.663976 0.343110 -0.307198 -0.204203 -0.416587 -1.535730 0.067092 -0.035148 0.304575 1.778302 1.308233 1.035485 1.075221 1.034986 1.224465 -1.066738 -0.857076 -1.656867 -0.680671 -0.255394 0.508568 
-1.012196 -1.252263 -0.009665 0.608781 -1.037402 -0.277601 -0.650487 0.660200 0.268434 -0.855997 -0.034171 -0.031478 1.568548 1.244682 2.017000 2.327888 1.853204 2.282092 2.570389 2.560266 -0.391435 -0.649439 0.152619 -1.021995 1.300665 

0 0 0 0 0 0 0 0 0 0 2 2 2 2 2 2 2 2 3 3 3 3 3 3 3 
0 0 0 0 0 0 0 0 0 0 2 2 2 2 2 2 2 2 3 3 3 3 3 3 3 
0 0 0 0 0 0 0 0 0 0 2 2 2 2 2 2 2 2 3 3 3 3 3 3 3 
0 0 0 0 0 0 0 0 0 0 2 2 2 2 2 2 2 2 3 3 3 3 3 3 3 
0 0 0 0 0 0 0 0 0 0 2 2 2 2 2 2 2 2 3 3 3 3 3 3 3 
0 0 0 0 0 0 0 0 0 0 2 2 2 2 2 2 2 2 3 3 3 3 3 3 3 
0 0 0 0 0 0 0 0 0 0 2 2 2 2 2 2 2 2 1 3 3 3 3 3 3 
0 0 0 0 0 0 0 0 0 0 2 2 2 2 2 2 2 1 1 3 3 3 3 3 3 
0 0 0 0 0 0 0 0 0 0 2 2 2 2 2 2 2 1 1 3 3 3 3 3 3 
0 0 0 0 0 0 0 0 0 0 2 2 2 2 2 2 2 1 1 3 3 3 3 3 3 
0 0 0 0 0 0 0 0 0 0 2 2 2 2 2 2 2 1 1 3 3 3 3 3 3 
0 0 0 0 0 0 0 0 0 0 2 2 2 2 2 2 2 1 1 1 3 3 3 3 3 
0 0 0 0 0 0 0 0 0 0 2 2 2 2 2 2 2 1 1 1 3 3 3 3 3 
0 0 0 0 0 0 0 0 0 0 2 2 2 2 2 2 1 1 1 1 3 3 3 3 3 
0 0 0 0 0 0 0 0 0 0 2 2 2 2 2 2 1 1 1 1 3 3 3 3 3 
0 0 0 0 0 0 0 0 0 0 2 2 2 2 2 2 1 1 1 1 3 3 3 3 3 
0 0 0 0 0 0 0 0 0 0 2 2 2 2 2 2 1 1 1 1 1 3 3 3 3 
0 0 0 0 0 0 0 0 0 0 2 2 2 2 2 2 1 1 1 1 1 3 3 3 3 
0 0 0 0 0 0 0 0 0 0 2 2 2 2 2 4 4 1 1 1 1 3 3 3 3 
0 0 0 0 0 0 0 0 0 0 2 2 2 2 2 4 4 1 1 1 1 3 3 3 3 
0 0 0 0 0 0 0 0 0 0 2 2 2 2 4 4 4 4 1 1 1 3 3 3 3 
0 0 0 0 0 0 0 0 0 0 2 2 2 2 4 4 4 4 1 1 1 1 3 3 3 
0 0 0 0 0 0 0 0 0 0 2 2 2 4 4 4 4 4 4 1 1 1 3 3 3 
0 0 0 0 0 0 0 0 0 0 2 2 2 4 4 4 4 4 4 1 1 1 3 3 3 
0 0 0 0 0 0 0 0 0 0 2 2 4 4 4 4 4 4 4 4 1 1 3 3 3 

-2.0 -2.0 -2.0 -2.0 -2.0 -2.0 -2.0 -2.0 -2.0 -2.0 0.0 0.0 0.0 0.0 0.0 0.0 0.0 0.0 2.0 2.0 2.0 2.0 2.0 2.0 2.0 
-2.0 -2.0 -2.0 -2.0 -2.0 -2.0 -2.0 -2.0 -2.0 -2.0 0.0 0.0 0.0 0.0 0.0 0.0 0.0 0.0 2.0 2.0 2.0 2.0 2.0 2.0 2.0 
-2.0 -2.0 -2.0 -2.0 -2.0 -2.0 -2.0 -2.0 -2.0 -2.0 0.0 0.0 0.0 0.0 0.0 0.0 0.0 0.0 2.0 2.0 2.0 2.0 2.0 2.0 2.0 
-2.0 -2.0 -2.0 -2.0 -2.0 -2.0 -2.0 -2.0 -2.0 -2.0 0.0 0.0 0.0 0.0 0.0 0.0 0.0 0.0 2.0 2.0 2.0 2.0 2.0 2.0 2.0 
-2.0 -2.0 -2.0 -2.0 -2.0 -2.0 -2.0 -2.0 -2.0 -2.0 0.0 0.0 0.0 0.0 0.0 0.0 0.0 0.0 2.0 2.0 2.0 2.0 2.0 2.0 2.0 
-2.0 -2.0 -2.0 -2.0 -2.0 -2.0 -2.0 -2.0 -2.0 -2.0 0.0 0.0 0.0 0.0 0.0 0.0 0.0 0.0 2.0 2.0 2.0 2.0 2.0 2.0 2.0 
-2.0 -2.0 -2.0 -2.0 -2.0 -2.0 -2.0 -2.0 -2.0 -2.0 0.0 0.0 0.0 0.0 0.0 0.0 0.0 0.0 -1.0 2.0 2.0 2.0 2.0 2.0 2.0 
-2.0 -2.0 -2.0 -2.0 -2.0 -2.0 -2.0 -2.0 -2.0 -2.0 0.0 0.0 0.0 0.0 0.0 0.0 0.0 -1.0 -1.0 2.0 2.0 2.0 2.0 2.0 2.0 
-2.0 -2.0 -2.0 -2.0 -2.0 -2.0 -2.0 -2.0 -2.0 -2.0 0.0 0.0 0.0 0.0 0.0 0.0 0.0 -1.0 -1.0 2.0 2.0 2.0 2.0 2.0 2.0 
-2.0 -2.0 -2.0 -2.0 -2.0 -2.0 -2.0 -2.0 -2.0 -2.0 0.0 0.0 0.0 0.0 0.0 0.0 0.0 -1.0 -1.0 2.0 2.0 2.0 2.0 2.0 2.0 
-2.0 -2.0 -2.0 -2.0 -2.0 -2.0 -2.0 -2.0 -2.0 -2.0 0.0 0.0 0.0 0.0 0.0 0.0 0.0 -1.0 -1.0 2.0 2.0 2.0 2.0 2.0 2.0 
-2.0 -2.0 -2.0 -2.0 -2.0 -2.0 -2.0 -2.0 -2.0 -2.0 0.0 0.0 0.0 0.0 0.0 0.0 0.0 -1.0 -1.0 -1.0 2.0 2.0 2.0 2.0 2.0 
-2.0 -2.0 -2.0 -2.0 -2.0 -2.0 -2.0 -2.0 -2.0 -2.0 0.0 0.0 0.0 0.0 0.0 0.0 0.0 -1.0 -1.0 -1.0 2.0 2.0 2.0 2.0 2.0 
-2.0 -2.0 -2.0 -2.0 -2.0 -2.0 -2.0 -2.0 -2.0 -2.0 0.0 0.0 0.0 0.0 0.0 0.0 -1.0 -1.0 -1.0 -1.0 2.0 2.0 2.0 2.0 2.0 
-2.0 -2.0 -2.0 -2.0 -2.0 -2.0 -2.0 -2.0 -2.0 -2.0 0.0 0.0 0.0 0.0 0.0 0.0 -1.0 -1.0 -1.0 -1.0 2.0 2.0 2.0 2.0 2.0 
-2.0 -2.0 -2.0 -2.0 -2.0 -2.0 -2.0 -2.0 -2.0 -2.0 0.0 0.0 0.0 0.0 0.0 0.0 -1.0 -1.0 -1.0 -1.0 2.0 2.0 2.0 2.0 2.0 
-2.0 -2.0 -2.0 -2.0 -2.0 -2.0 -2.0 -2.0 -2.0 -2.0 0.0 0.0 0.0 0.0 0.0 0.0 -1.0 -1.0 -1.0 -1.0 -1.0 2.0 2.0 2.0 2.0 
-2.0 -2.0 -2.0 -2.0 -2.0 -2.0 -2.0 -2.0 -2.0 -2.0 0.0 0.0 0.0 0.0 0.0 0.0 -1.0 -1.0 -1.0 -1.0 -1.0 2.0 2.0 2.0 2.0 
-2.0 -2.0 -2.0 -2.0 -2.0 -2.0 -2.0 -2.0 -2.0 -2.0 0.0 0.0 0.0 0.0 0.0 1.0 1.0 -1.0 -1.0 -1.0 -1.0 2.0 2.0 2.0 2.0 
-2.0 -2.0 -2.0 -2.0 -2.0 -2.0 -2.0 -2.0 -2.0 -2.0 0.0 0.0 0.0 0.0 0.0 1.0 1.0 -1.0 -1.0 -1.0 -1.0 2.0 2.0 2.0 2.0 
-2.0 -2.0 -2.0 -2.0 -2.0 -2.0 -2.0 -2.0 -2.0 -2.0 0.0 0.0 0.0 0.0 1.0 1.0 1.0 1.0 -1.0 -1.0 -1.0 2.0 2.0 2.0 2.0 
-2.0 -2.0 -2.0 -2.0 -2.0 -2.0 -2.0 -2.0 -2.0 -2.0 0.0 0.0 0.0 0.0 1.0 1.0 1.0 1.0 -1.0 -1.0 -1.0 -1.0 2.0 2.0 2.0 
-2.0 -2.0 -2.0 -2.0 -2.0 -2.0 -2.0 -2.0 -2.0 -2.0 0.0 0.0 0.0 1.0 1.0 1.0 1.0 1.0 1.0 -1.0 -1.0 -1.0 2.0 2.0 2.0 
-2.0 -2.0 -2.0 -2.0 -2.0 -2.0 -2.0 -2.0 -2.0 -2.0 0.0 0.0 0.0 1.0 1.0 1.0 1.0 1.0 1.0 -1.0 -1.0 -1.0 2.0 2.0 2.0 
-2.0 -2.0 -2.0 -2.0 -2.0 -2.0 -2.0 -2.0 -2.0 -2.0 0.0 0.0 1.0 1.0 1.0 1.0 1.0 1.0 1.0 1.0 -1.0 -1.0 2.0 2.0 2.0 

1.0 1.0 1.0 1.0 1.0 1.0 1.0 1.0 1.0 1.0 0.0 0.0 0.0 0.0 0.0 0.0 0.0 0.0 -2.0 -2.0 -2.0 -2.0 -2.0 -2.0 -2.0 
1.0 1.0 1.0 1.0 1.0 1.0 1.0 1.0 1.0 1.0 0.0 0.0 0.0 0.0 0.0 0.0 0.0 0.0 -2.0 -2.0 -2.0 -2.0 -2.0 -2.0 -2.0 
1.0 1.0 1.0 1.0 1.0 1.0 1.0 1.0 1.0 1.0 0.0 0.0 0.0 0.0 0.0 0.0 0.0 0.0 -2.0 -2.0 -2.0 -2.0 -2.0 -2.0 -2.0 
1.0 1.0 1.0 1.0 1.0 1.0 1.0 1.0 1.0 1.0 0.0 0.0 0.0 0.0 0.0 0.0 0.0 0.0 -2.0 -2.0 -2.0 -2.0 -2.0 -2.0 -2.0 
1.0 1.0 1.0 1.0 1.0 1.0 1.0 1.0 1.0 1.0 0.0 0.0 0.0 0.0 0.0 0.0 0.0 0.0 -2.0 -2.0 -2.0 -2.0 -2.0 -2.0 -2.0 
1.0 1.0 1.0 1.0 1.0 1.0 1.0 1.0 1.0 1.0 0.0 0.0 0.0 0.0 0.0 0.0 0.0 0.0 -2.0 -2.0 -2.0 -2.0 -2.0 -2.0 -2.0 
1.0 1.0 1.0 1.0 1.0 1.0 1.0 1.0 1.0 1.0 0.0 0.0 0.0 0.0 0.0 0.0 0.0 0.0 -1.0 -2.0 -2.0 -2.0 -2.0 -2.0 -2.0 
1.0 1.0 1.0 1.0 1.0 1.0 1.0 1.0 1.0 1.0 0.0 0.0 0.0 0.0 0.0 0.0 0.0 -1.0 -1.0 -2.0 -2.0 -2.0 -2.0 -2.0 -2.0 
1.0 1.0 1.0 1.0 1.0 1.0 1.0 1.0 1.0 1.0 0.0 0.0 0.0 0.0 0.0 0.0 0.0 -1.0 -1.0 -2.0 -2.0 -2.0 -2.0 -2.0 -2.0 
1.0 1.0 1.0 1.0 1.0 1.0 1.0 1.0 1.0 1.0 0.0 0.0 0.0 0.0 0.0 0.0 0.0 -1.0 -1.0 -2.0 -2.0 -2.0 -2.0 -2.0 -2.0 
1.0 1.0 1.0 1.0 1.0 1.0 1.0 1.0 1.0 1.0 0.0 0.0 0.0 0.0 0.0 0.0 0.0 -1.0 -1.0 -2.0 -2.0 -2.0 -2.0 -2.0 -2.0 
1.0 1.0 1.0 1.0 1.0 1.0 1.0 1.0 1.0 1.0 0.0 0.0 0.0 0.0 0.0 0.0 0.0 -1.0 -1.0 -1.0 -2.0 -2.0 -2.0 -2.0 -2.0 
1.0 1.0 1.0 1.0 1.0 1.0 1.0 1.0 1.0 1.0 0.0 0.0 0.0 0.0 0.0 0.0 0.0 -1.0 -1.0 -1.0 -2.0 -2.0 -2.0 -2.0 -2.0 
1.0 1.0 1.0 1.0 1.0 1.0 1.0 1.0 1.0 1.0 0.0 0.0 0.0 0.0 0.0 0.0 -1.0 -1.0 -1.0 -1.0 -2.0 -2.0 -2.0 -2.0 -2.0 
1.0 1.0 1.0 1.0 1.0 1.0 1.0 1.0 1.0 1.0 0.0 0.0 0.0 0.0 0.0 0.0 -1.0 -1.0 -1.0 -1.0 -2.0 -2.0 -2.0 -2.0 -2.0 
1.0 1.0 1.0 1.0 1.0 1.0 1.0 1.0 1.0 1.0 0.0 0.0 0.0 0.0 0.0 0.0 -1.0 -1.0 -1.0 -1.0 -2.0 -2.0 -2.0 -2.0 -2.0 
1.0 1.0 1.0 1.0 1.0 1.0 1.0 1.0 1.0 1.0 0.0 0.0 0.0 0.0 0.0 0.0 -1.0 -1.0 -1.0 -1.0 -1.0 -2.0 -2.0 -2.0 -2.0 
1.0 1.0 1.0 1.0 1.0 1.0 1.0 1.0 1.0 1.0 0.0 0.0 0.0 0.0 0.0 0.0 -1.0 -1.0 -1.0 -1.0 -1.0 -2.0 -2.0 -2.0 -2.0 
1.0 1.0 1.0 1.0 1.0 1.0 1.0 1.0 1.0 1.0 0.0 0.0 0.0 0.0 0.0 2.0 2.0 -1.0 -1.0 -1.0 -1.0 -2.0 -2.0 -2.0 -2.0 
1.0 1.0 1.0 1.0 1.0 1.0 1.0 1.0 1.0 1.0 0.0 0.0 0.0 0.0 0.0 2.0 2.0 -1.0 -1.0 -1.0 -1.0 -2.0 -2.0 -2.0 -2.0 
1.0 1.0 1.0 1.0 1.0 1.0 1.0 1.0 1.0 1.0 0.0 0.0 0.0 0.0 2.0 2.0 2.0 2.0 -1.0 -1.0 -1.0 -2.0 -2.0 -2.0 -2.0 
1.0 1.0 1.0 1.0 1.0 1.0 1.0 1.0 1.0 1.0 0.0 0.0 0.0 0.0 2.0 2.0 2.0 2.0 -1.0 -1.0 -1.0 -1.0 -2.0 -2.0 -2.0 
1.0 1.0 1.0 1.0 1.0 1.0 1.0 1.0 1.0 1.0 0.0 0.0 0.0 2.0 2.0 2.0 2.0 2.0 2.0 -1.0 -1.0 -1.0 -2.0 -2.0 -2.0 
1.0 1.0 1.0 1.0 1.0 1.0 1.0 1.0 1.0 1.0 0.0 0.0 0.0 2.0 2.0 2.0 2.0 2.0 2.0 -1.0 -1.0 -1.0 -2.0 -2.0 -2.0 
1.0 1.0 1.0 1.0 1.0 1.0 1.0 1.0 1.0 1.0 0.0 0.0 2.0 2.0 2.0 2.0 2.0 2.0 2.0 2.0 -1.0 -1.0 -2.0 -2.0 -2.0 

