0.089027 0.960885 0.447188 0.458992 0.427315 0.424260 0.574507 0.114520 0.239636 0.496402 0.431498 0.248637 0.179621 0.856294 0.890697 0.117454 0.450746 0.504446 0.298403 0.958113 0.503741 0.944534 0.331625 0.800699 0.206036 
0.193317 0.669025 0.181408 0.451732 0.651356 0.298759 0.403651 0.458187 0.776151 0.008318 0.147057 0.514625 0.413830 0.922142 0.048973 0.569364 0.704841 0.899892 0.680202 0.696381 0.140206 0.814234 0.666677 0.022670 0.977399 
0.444602 0.658948 0.764774 0.650121 0.079508 0.143808 0.388228 0.350576 0.870750 0.004545 0.938262 0.179189 0.600616 0.380028 0.715648 0.657580 0.778568 0.710609 0.337175 0.392057 0.957163 0.974636 0.076328 0.608566 0.047670 
0.412403 0.712952 0.237762 0.323397 0.391996 0.860873 0.225255 0.076695 0.639424 0.267567 0.653516 0.058842 0.897235 0.636690 0.194016 0.865570 0.326655 0.420073 0.960149 0.088718 0.423106 0.971973 0.629819 0.813814 0.248456 
0.658314 0.551691 0.106630 0.790975 0.205562 0.746339 0.584357 0.255039 0.146199 0.091382 0.456126 0.530733 0.416148 0.836990 0.678387 0.699299 0.586773 0.940313 0.037401 0.544257 0.128884 0.341637 0.183284 0.410496 0.292951 
0.547592 0.587078 0.191582 0.469034 0.764730 0.203696 0.012624 0.028154 0.981858 0.748248 0.889902 0.400451 0.810740 0.785951 0.573135 0.151373 0.065377 0.534710 0.478719 0.323515 0.495993 0.927261 0.764825 0.026258 0.665150 
0.025958 0.129049 0.702923 0.765569 0.437233 0.946178 0.785874 0.030614 0.588811 0.758694 0.108767 0.883807 0.911115 0.673451 0.352596 0.247992 0.348006 0.773866 0.317790 0.144302 0.828166 0.481659 0.200849 0.543514 0.814040 
0.193725 0.433994 0.446903 0.339274 0.952098 0.859725 0.259686 0.857998 0.007749 0.501728 0.150015 0.854581 0.031962 0.526925 0.690212 0.780412 0.046453 0.632669 0.012881 0.393471 0.644231 0.870564 0.683390 0.146199 0.498530 
0.186731 0.225108 0.474322 0.804652 0.212174 0.222503 0.126502 0.307214 0.154070 0.858692 0.612689 0.320763 0.925393 0.052714 0.270676 0.228316 0.267742 0.049721 0.533450 0.396156 0.756919 0.623973 0.486270 0.533499 0.523723 
0.742703 0.017052 0.029225 0.858141 0.057285 0.850230 0.597322 0.136388 0.152403 0.768577 0.315257 0.731213 0.886988 0.353892 0.954729 0.515439 0.028609 0.854370 0.681089 0.886976 0.376912 0.363657 0.450234 0.454087 0.280937 
0.966287 0.757385 0.489740 0.350723 0.243707 0.742596 0.144488 0.088144 0.132516 0.308635 0.615119 0.878772 0.155968 0.855835 0.928375 0.856764 0.821844 0.545486 0.931083 0.773385 0.151235 0.606333 0.929413 0.145494 0.803155 
0.850225 0.315891 0.232943 0.529821 0.687635 0.818539 0.370441 0.921560 0.021783 0.690567 0.966235 0.365297 0.960632 0.266761 0.828691 0.437844 0.998040 0.231159 0.963139 0.161764 0.123541 0.392187 0.320005 0.880984 0.723756 
0.081895 0.988580 0.566891 0.148425 0.012289 0.959159 0.022224 0.992124 0.329155 0.986985 0.334228 0.592609 0.377810 0.720714 0.240488 0.829913 0.828275 0.884313 0.560665 0.910700 0.011630 0.538296 0.914626 0.372375 0.885337 
0.940852 0.707399 0.044380 0.999728 0.494615 0.456877 0.381881 0.641159 0.529048 0.684051 0.651541 0.574999 0.070914 0.559791 0.263444 0.636726 0.500141 0.885677 0.695847 0.170205 0.243282 0.846793 0.444687 0.860621 0.802427 
0.585841 0.934016 0.584444 0.622315 0.599695 0.841113 0.511310 0.284899 0.138303 0.047741 0.934074 0.665905 0.222011 0.912527 0.323683 0.415007 0.732966 0.070860 0.253848 0.063903 0.666684 0.210437 0.295862 0.459108 0.481770 
0.822040 0.349943 0.995433 0.303094 0.698573 0.394477 0.981073 0.377824 0.824390 0.801687 0.619565 0.585257 0.480092 0.755865 0.241610 0.951025 0.065552 0.584042 0.769983 0.666289 0.518541 0.701916 0.608991 0.155225 0.401332 
0.368112 0.764663 0.577929 0.054052 0.208698 0.784345 0.369337 0.662952 0.717120 0.190156 0.432692 0.637633 0.788762 0.528730 0.464745 0.604238 0.765828 0.788793 0.796916 0.488250 0.974252 0.288064 0.242744 0.912163 0.030211 
0.879364 0.971198 0.574808 0.599268 0.892566 0.675045 0.366591 0.051714 0.914642 0.762316 0.346894 0.769438 0.372500 0.715355 0.778883 0.336905 0.493958 0.842796 0.469428 0.308595 0.724422 0.339390 0.348039 0.898022 0.662386 
0.626276 0.513671 0.840525 0.469883 0.690912 0.799986 0.398059 0.367319 0.659185 0.120653 0.663733 0.930771 0.698545 0.974720 0.090361 0.047649 0.889585 0.858082 0.833212 0.422987 0.909393 0.213292 0.698456 0.948393 0.324077 
0.240901 0.572441 0.668844 0.783853 0.228371 0.721309 0.170941 0.792813 0.273171 0.757326 0.674427 0.133627 0.597341 0.807084 0.067249 0.014649 0.646114 0.481918 0.488179 0.508006 0.636883 0.799153 0.954611 0.297366 0.063213 
0.161696 0.127517 0.454445 0.855777 0.252450 0.333846 0.018923 0.604403 0.208034 0.745506 0.888280 0.818457 0.756866 0.179834 0.304532 0.173090 0.811048 0.361596 0.285688 0.992048 0.195873 0.842196 0.387155 0.998268 0.038488 
0.347521 0.268241 0.282639 0.369201 0.327129 0.828288 0.885048 0.447847 0.590536 0.398428 0.108933 0.053521 0.194933 0.246239 0.311268 0.297884 0.134586 0.826199 0.456292 0.654552 0.394079 0.377119 0.765089 0.366936 0.660171 
0.543801 0.456061 0.609584 0.539496 0.223917 0.199629 0.860042 0.943735 0.066785 0.328798 0.909489 0.431017 0.985100 0.933741 0.129550 0.305661 0.187084 0.333706 0.115085 0.670570 0.220710 0.587810 0.559223 0.926670 0.692333 
0.883642 0.435596 0.687167 0.107277 0.998822 0.070535 0.244795 0.710536 0.909563 0.475612 0.456643 0.509543 0.136768 0.451320 0.777268 0.523083 0.714371 0.837500 0.578106 0.640857 0.303919 0.364057 0.611552 0.328993 0.774147 
0.828235 0.251153 0.823632 0.380996 0.882220 0.561438 0.875882 0.710127 0.864996 0.014980 0.933960 0.595209 0.981988 0.640070 0.154897 0.583879 0.776076 0.780696 0.341876 0.465730 0.574018 0.440792 0.843264 0.546958 0.608866 

0.487872 0.466546 0.472641 0.108703 0.597877 0.030449 0.851708 0.932579 0.443404 0.389364 0.400015 0.832209 0.774647 0.915580 0.553078 0.982397 0.920738 0.280399 0.247128 0.944658 0.681045 0.915074 0.726257 0.524210 0.474008 
0.810734 0.883936 0.404239 0.934839 0.775479 0.297564 0.306289 0.110486 0.507400 0.375056 0.917925 0.048566 0.899611 0.178524 0.710947 0.918274 0.363717 0.045821 0.215108 0.317660 0.885831 0.728246 0.931645 0.477095 0.209987 
0.282201 0.765403 0.898165 0.477729 0.993048 0.412482 0.403986 0.166256 0.177774 0.418546 0.466834 0.527740 0.804905 0.616122 0.358963 0.318794 0.600567 0.118947 0.303660 0.106904 0.619966 0.964724 0.905598 0.654907 0.604785 
0.848924 0.362012 0.608679 0.736260 0.289604 0.192376 0.400284 0.136109 0.528522 0.868085 0.639429 0.698912 0.201690 0.124649 0.621058 0.150075 0.870306 0.279797 0.891389 0.561067 0.830268 0.628924 0.805843 0.571674 0.162513 
0.758281 0.976571 0.248440 0.317191 0.670458 0.681048 0.224526 0.861806 0.024701 0.457868 0.186012 0.236731 0.259166 0.962115 0.118000 0.507952 0.659085 0.980229 0.854397 0.679369 0.756854 0.750807 0.006671 0.948051 0.334950 
0.747075 0.222268 0.594881 0.655294 0.135758 0.567209 0.663310 0.031763 0.870197 0.935242 0.297868 0.373629 0.919480 0.021767 0.423530 0.811088 0.430422 0.933895 0.534367 0.038225 0.203169 0.565688 0.420973 0.761434 0.980642 
0.379987 0.300268 0.674386 0.107524 0.513042 0.941341 0.614565 0.619962 0.874223 0.290422 0.039376 0.840858 0.276964 0.208246 0.157304 0.652430 0.846723 0.289334 0.699618 0.483318 0.604275 0.910745 0.376570 0.823993 0.977934 
0.457511 0.815301 0.503894 0.875018 0.126661 0.925663 0.350122 0.282815 0.994218 0.852870 0.667711 0.129700 0.967569 0.647531 0.665286 0.212939 0.687152 0.267063 0.486085 0.842227 0.759607 0.986167 0.680489 0.525513 0.857330 
0.851280 0.884038 0.404376 0.917416 0.437162 0.517632 0.506420 0.143738 0.786513 0.666961 0.722945 0.404970 0.669036 0.928281 0.469161 0.415513 0.145036 0.740742 0.807768 0.976635 0.031189 0.292307 0.675259 0.780018 0.965467 
0.976333 0.002310 0.638389 0.672886 0.470968 0.078170 0.793042 0.420185 0.297723 0.722078 0.923792 0.929506 0.282451 0.283671 0.336111 0.733045 0.780352 0.585139 0.875589 0.881258 0.792207 0.583276 0.415743 0.469611 0.746084 
0.967927 0.519845 0.117658 0.342149 0.586437 0.034532 0.940101 0.017819 0.010686 0.826260 0.755992 0.965262 0.927524 0.129040 0.471042 0.990352 0.574134 0.552975 0.995669 0.369275 0.629216 0.280076 0.262608 0.038789 0.834072 
0.129550 0.132995 0.742137 0.402174 0.665006 0.095728 0.080009 0.688240 0.851508 0.350967 0.690955 0.549672 0.519601 0.689024 0.733706 0.896025 0.795858 0.340652 0.784167 0.827827 0.193857 0.671907 0.026501 0.496652 0.013914 
0.189009 0.046596 0.121138 0.376152 0.615078 0.746881 0.861521 0.025687 0.237124 0.454777 0.851295 0.691417 0.837772 0.790330 0.162552 0.559043 0.548969 0.299518 0.677160 0.304239 0.569369 0.042909 0.546450 0.415275 0.470448 
0.547167 0.232878 0.176424 0.074352 0.415944 0.313453 0.459130 0.087222 0.527382 0.869626 0.204857 0.912192 0.760791 0.220635 0.456577 0.117951 0.550450 0.383398 0.695428 0.941222 0.450379 0.627391 0.018556 0.177517 0.289762 
0.732505 0.363767 0.666117 0.034155 0.596042 0.021805 0.783804 0.534366 0.665426 0.098548 0.945149 0.772994 0.093660 0.783296 0.923076 0.368602 0.419412 0.378447 0.642325 0.969438 0.956977 0.921075 0.067969 0.164511 0.970168 
0.361556 0.944294 0.479635 0.156133 0.689198 0.811360 0.204886 0.588008 0.371656 0.400999 0.071544 0.428957 0.282310 0.121973 0.946651 0.555960 0.327262 0.124572 0.772545 0.238819 0.329927 0.821026 0.163083 0.777537 0.352792 
0.551421 0.256002 0.272667 0.883534 0.125949 0.752906 0.824240 0.695973 0.350555 0.329327 0.963242 0.547858 0.761160 0.834803 0.692539 0.496929 0.688520 0.995058 0.153451 0.435855 0.759982 0.978625 0.405136 0.252751 0.174901 
0.180032 0.169866 0.332709 0.858184 0.577367 0.217002 0.258505 0.358003 0.353359 0.880966 0.134738 0.246927 0.992448 0.704717 0.648955 0.022060 0.115620 0.739120 0.423923 0.576104 0.849803 0.564903 0.417193 0.882993 0.893402 
0.750111 0.467481 0.501255 0.567880 0.355472 0.315723 0.577047 0.732011 0.983980 0.050014 0.789988 0.070397 0.969991 0.166302 0.023190 0.878519 0.082853 0.446622 0.535312 0.826251 0.075564 0.706557 0.811628 0.827440 0.112832 
0.786128 0.127725 0.709418 0.617159 0.343544 0.091230 0.529593 0.862573 0.191968 0.115460 0.054592 0.151272 0.765625 0.377564 0.535123 0.528250 0.753996 0.613804 0.699035 0.000398 0.525851 0.723159 0.832594 0.444826 0.293539 
0.489131 0.101507 0.304096 0.992929 0.473404 0.703941 0.999860 0.354772 0.228383 0.389361 0.031666 0.208678 0.703192 0.983015 0.466406 0.330106 0.296568 0.651185 0.457867 0.002006 0.614196 0.888530 0.084590 0.594164 0.426402 
0.599362 0.062619 0.949498 0.062956 0.634960 0.649538 0.552741 0.831291 0.041439 0.241066 0.104539 0.635897 0.613433 0.924402 0.550475 0.810914 0.189329 0.072145 0.664807 0.469479 0.147189 0.557266 0.014537 0.789918 0.661741 
0.602076 0.464101 0.232421 0.032853 0.585248 0.723719 0.272525 0.322075 0.285338 0.376867 0.813228 0.514124 0.569509 0.261767 0.104036 0.099139 0.689017 0.738195 0.688864 0.454061 0.330345 0.564251 0.417476 0.864217 0.774831 
0.443405 0.563936 0.908635 0.803568 0.523950 0.393806 0.225626 0.986938 0.310909 0.032209 0.874465 0.363192 0.548940 0.686871 0.076321 0.695713 0.347375 0.826251 0.646693 0.691766 0.441724 0.444188 0.413425 0.138241 0.632636 
0.677976 0.025811 0.057576 0.752768 0.376256 0.949027 0.954593 0.871719 0.693401 0.283859 0.482140 0.084365 0.443778 0.211189 0.245833 0.529144 0.829478 0.781734 0.185377 0.644029 0.120214 0.029959 0.295279 0.040252 0.512574 

0.324673 -1.759405 -0.425830 -1.327715 -0.358687 0.723977 -0.721414 -1.664757 -1.022677 0.194009 -0.042354 -1.855191 -1.492496 -0.924305 -0.151017 -2.093903 -1.296451 -0.341704 0.155754 -1.436519 -0.822732 -1.672590 -1.274300 -0.132791 -0.739047 
0.355975 -0.341990 -0.089545 0.242648 -0.236090 -0.374720 -0.440674 -0.241698 -0.709824 -0.705046 -1.489747 1.050667 -0.947498 1.051451 -1.642329 -1.431438 0.058947 0.953521 0.138311 0.717844 -1.606395 -0.496439 -1.581828 -1.074736 0.243867 
-0.637897 -0.448423 -0.728144 -0.875951 0.936100 0.288730 -0.392819 0.179678 0.608888 -0.671634 0.056007 -0.915590 -1.227633 -0.140134 -0.548616 0.073279 -0.235181 0.428033 -0.111716 0.337844 0.283472 -0.516572 -1.773003 -0.933093 -1.567905 
-0.101623 -1.217204 0.015889 -0.630935 -0.007145 -1.893022 -0.234238 0.291811 -1.035039 -1.688664 -0.474468 -1.564609 0.771565 0.332611 -0.710820 0.669598 -1.440955 0.053731 -1.034417 -0.804334 -1.046719 -0.467198 -0.699896 -0.197780 -0.524272 
-1.020442 -0.230130 0.354646 -1.453524 0.800587 -0.841039 -1.447933 0.252683 -0.852069 0.181965 -0.059031 0.338791 0.221450 -1.014054 0.634070 -0.387474 -0.689337 -0.762634 -1.267533 -1.398410 -1.292507 -0.532782 0.074095 -1.654832 -0.392284 
-0.156635 -1.021570 0.121046 -0.128633 -1.763592 0.597846 0.018437 0.482570 -0.764969 -1.007361 -1.374244 -0.126638 -1.035717 1.128733 0.007799 -1.874533 -0.523629 -1.535892 -1.132635 0.170523 0.652561 -0.380667 -0.495017 -1.524485 -1.020117 
-0.146698 -0.219802 -0.588401 -1.350411 0.182642 -1.148963 -0.895064 0.175380 -0.215824 -1.260694 0.229324 -0.732160 0.370845 0.656480 -0.145566 -1.335949 -1.808712 0.176842 -1.290090 -0.650717 -0.098346 -1.419608 -0.960578 -0.653950 -1.021852 
0.174109 0.220961 -0.227108 0.513806 -1.159994 -0.764889 -0.568248 -1.693747 0.895913 -0.299851 0.807847 -0.944797 0.910675 -0.225012 -0.205345 0.476258 -1.754352 -0.915082 -0.475182 -1.845226 -0.861898 -1.683727 -1.311967 -0.533799 -1.518541 
0.924954 0.612933 -0.640904 -0.653402 0.179485 0.455049 0.289435 -0.460472 0.715484 -1.012238 -0.276048 0.240917 -1.256286 1.338348 -0.656811 -0.814702 -0.285895 -1.017095 -1.118974 -1.336212 -0.797940 -0.946362 -1.001442 -1.272723 -1.682476 
-0.476858 -0.384193 0.689144 -0.891573 0.766242 -1.127030 -0.114762 -0.199342 -0.202654 -0.484764 -0.053642 -0.140038 -1.672693 -0.684811 -1.617989 -1.156507 -0.925677 -1.892389 -1.417531 -1.703346 -1.294965 -0.716032 -0.976011 -1.345041 -0.804248 
-1.269811 -1.361974 -0.879844 -0.531721 0.091945 -1.166415 1.349798 0.140962 0.110852 0.656480 -0.709537 1.712648 -1.111529 -1.063940 -1.416867 -1.693910 -1.517643 -1.023453 -1.632451 -0.934739 -0.702425 -0.656597 -1.227784 -0.354095 -1.554218 
-1.798783 -0.664837 -0.037637 -0.705506 -0.434683 -1.160725 -1.378113 -0.701389 0.055068 1.203051 2.405484 0.723014 -1.698796 -1.085083 -1.424900 -1.304831 -1.900522 -0.771651 -1.775828 -1.354960 -0.323962 -1.283512 0.153533 -1.505719 -0.808694 
0.188762 -1.410397 -0.806080 0.042018 0.315264 1.792686 0.507914 2.389882 0.597787 2.046525 0.613528 1.159241 -0.865996 -1.566424 -0.513739 -1.315818 -0.924968 -1.362665 -1.226555 -1.323200 -0.896683 -0.885450 -1.434528 -1.314791 -0.900985 
-1.670968 -1.064096 0.124919 2.458923 0.597174 1.434972 1.098847 1.843256 0.808928 1.294435 1.350676 1.716527 -1.124877 -0.776922 -0.640638 -1.309583 -0.913149 -0.997537 -1.018812 -0.745086 -0.841856 -0.629710 -0.184038 -1.200923 -0.857349 
1.549561 1.453892 1.319533 1.177929 0.502147 1.327215 1.092648 0.029446 0.487219 0.197983 1.824224 1.610111 -0.654121 -1.824838 -0.975820 -0.970518 -1.026280 0.199269 -0.557102 -1.129919 -2.010210 -0.979707 -0.935112 0.027234 -2.001404 
1.559925 0.416130 2.280654 0.691534 1.337921 0.876672 1.706194 0.059822 1.615036 1.501317 0.152580 -0.864290 -0.809569 -0.844068 -1.296901 -1.022801 -0.273027 -0.690543 -1.610525 -1.529267 -1.680656 -1.979182 -1.028214 -0.849461 0.126918 
0.505116 1.089138 1.120882 -0.289021 0.028669 1.744434 1.469220 1.605129 1.215261 0.470444 0.703494 -1.442887 -1.925071 -1.483274 -1.672801 -1.251240 -1.426114 -1.864084 -0.901349 -0.976470 -0.881773 -1.214212 -0.561843 -0.890024 -0.349707 
0.651138 0.697741 1.004424 1.364236 1.218626 2.089451 0.766270 0.150234 1.653265 1.289794 0.427255 -1.291429 -1.240485 -1.452534 -1.496121 -0.344676 -0.488081 -1.439242 -0.445062 -0.822862 -1.728010 -0.839150 -1.065540 -2.087450 -0.918091 
2.437557 0.706211 1.510584 1.629459 1.294732 1.430648 1.334197 0.895808 1.327265 0.007921 0.566665 -0.649497 -1.650089 -1.232229 -0.196228 -0.773369 -0.964166 -0.817060 -1.110241 -0.791254 -0.869564 -0.374801 -1.607851 -1.965970 -0.415810 
1.867409 0.544013 1.065551 0.966804 0.888394 0.977820 0.510413 1.272515 0.260231 1.275858 1.435166 -0.391923 -1.898332 -1.264350 -0.685084 0.090641 -1.477857 -0.933970 -1.093912 -0.153606 -1.521362 -0.955495 -1.485035 -0.945280 -0.477832 
1.313885 0.492706 0.245274 2.230085 0.884907 1.058332 1.878569 0.492933 0.091735 1.298279 1.480627 -1.017814 -1.203528 -1.526879 -0.797914 -1.016176 -0.807443 -0.787632 -0.428715 -1.051428 -0.726073 -1.806171 -0.503405 -1.610601 -0.255208 
1.040092 -0.363470 1.786819 0.514249 1.121281 0.937023 1.245120 1.517800 0.066736 1.001020 -0.552440 -0.284059 -1.127768 -1.252947 -1.157974 -1.091652 -0.322140 -0.904204 -1.207686 -1.017752 -0.777904 -0.807496 -0.483705 -1.598303 -1.451696 
1.365056 0.694690 1.248225 -0.096675 0.621394 1.275570 0.197940 0.507520 0.378244 0.924264 1.367522 -1.218108 -1.522690 -1.108945 -0.285458 -0.517823 -0.552853 -0.912576 -0.722376 -0.933951 -0.719770 -0.964892 -0.979839 -2.061788 -1.586049 
0.706302 0.923479 2.196479 1.729277 1.406982 1.211557 0.418179 1.529452 1.063603 0.230307 1.582724 1.108804 -0.567455 -1.084983 -0.727731 -0.998156 -0.799262 -1.610577 -0.887926 -0.806346 -0.849181 -0.598783 -1.027901 -0.442748 -1.272577 
0.949379 -0.010965 -0.072283 2.097208 1.128792 1.778512 1.844548 1.899424 1.588227 0.880048 1.031857 0.368704 0.558914 -1.226066 -0.739042 -0.510840 -1.983113 -1.733701 -0.801653 -1.323467 -0.757919 -0.211246 -1.451708 -0.757138 -1.074895 

1 1 1 1 2 2 2 2 2 2 2 2 2 2 2 2 2 2 2 2 2 2 2 2 2 
1 1 1 1 1 1 2 2 2 2 2 2 2 2 2 2 2 2 2 2 2 2 2 2 2 
1 1 1 1 1 1 1 2 2 2 2 2 2 2 2 2 2 2 2 2 2 2 2 2 2 
1 1 1 1 1 1 1 1 2 2 2 2 2 2 2 2 2 2 2 2 2 2 2 2 2 
1 1 1 1 1 1 1 1 1 1 2 2 2 2 2 2 2 2 2 2 2 2 2 2 2 
1 1 1 1 1 1 1 1 1 1 1 2 2 2 2 2 2 2 2 2 2 2 2 2 2 
1 1 1 1 1 1 1 1 1 1 1 1 2 2 2 2 2 2 2 2 2 2 2 2 2 
1 1 1 1 1 1 1 1 1 1 1 1 1 1 2 2 2 3 3 3 3 3 3 3 3 
1 1 1 1 1 1 1 1 1 1 1 1 1 1 3 3 3 3 3 3 3 3 3 3 3 
1 1 1 1 1 1 1 1 1 1 1 1 1 3 3 3 3 3 3 3 3 3 3 3 3 
1 1 1 1 1 1 1 1 1 1 1 4 3 3 3 3 3 3 3 3 3 3 3 3 3 
1 1 1 1 1 1 1 1 4 4 4 4 3 3 3 3 3 3 3 3 3 3 3 3 3 
1 1 1 1 1 4 4 4 4 4 4 4 3 3 3 3 3 3 3 3 3 3 3 3 3 
1 1 4 4 4 4 4 4 4 4 4 4 3 3 3 3 3 3 3 3 3 3 3 3 3 
4 4 4 4 4 4 4 4 4 4 4 4 3 3 3 3 3 3 3 3 3 3 3 3 3 
4 4 4 4 4 4 4 4 4 4 4 3 3 3 3 3 3 3 3 3 3 3 3 3 3 
4 4 4 4 4 4 4 4 4 4 4 3 3 3 3 3 3 3 3 3 3 3 3 3 3 
0 0 4 4 4 4 4 4 4 4 4 3 3 3 3 3 3 3 3 3 3 3 3 3 3 
0 0 0 0 4 4 4 4 4 4 4 3 3 3 3 3 3 3 3 3 3 3 3 3 3 
0 0 0 0 0 0 4 4 4 4 4 3 3 3 3 3 3 3 3 3 3 3 3 3 3 
0 0 0 0 0 0 0 0 4 4 4 3 3 3 3 3 3 3 3 3 3 3 3 3 3 
0 0 0 0 0 0 0 0 0 0 3 3 3 3 3 3 3 3 3 3 3 3 3 3 3 
0 0 0 0 0 0 0 0 0 0 0 3 3 3 3 3 3 3 3 3 3 3 3 3 3 
0 0 0 0 0 0 0 0 0 0 0 0 3 3 3 3 3 3 3 3 3 3 3 3 3 
0 0 0 0 0 0 0 0 0 0 0 0 0 3 3 3 3 3 3 3 3 3 3 3 3 

-2.0 -2.0 -2.0 -2.0 1.0 1.0 1.0 1.0 1.0 1.0 1.0 1.0 1.0 1.0 1.0 1.0 1.0 1.0 1.0 1.0 1.0 1.0 1.0 1.0 1.0 
-2.0 -2.0 -2.0 -2.0 -2.0 -2.0 1.0 1.0 1.0 1.0 1.0 1.0 1.0 1.0 1.0 1.0 1.0 1.0 1.0 1.0 1.0 1.0 1.0 1.0 1.0 
-2.0 -2.0 -2.0 -2.0 -2.0 -2.0 -2.0 1.0 1.0 1.0 1.0 1.0 1.0 1.0 1.0 1.0 1.0 1.0 1.0 1.0 1.0 1.0 1.0 1.0 1.0 
-2.0 -2.0 -2.0 -2.0 -2.0 -2.0 -2.0 -2.0 1.0 1.0 1.0 1.0 1.0 1.0 1.0 1.0 1.0 1.0 1.0 1.0 1.0 1.0 1.0 1.0 1.0 
-2.0 -2.0 -2.0 -2.0 -2.0 -2.0 -2.0 -2.0 -2.0 -2.0 1.0 1.0 1.0 1.0 1.0 1.0 1.0 1.0 1.0 1.0 1.0 1.0 1.0 1.0 1.0 
-2.0 -2.0 -2.0 -2.0 -2.0 -2.0 -2.0 -2.0 -2.0 -2.0 -2.0 1.0 1.0 1.0 1.0 1.0 1.0 1.0 1.0 1.0 1.0 1.0 1.0 1.0 1.0 
-2.0 -2.0 -2.0 -2.0 -2.0 -2.0 -2.0 -2.0 -2.0 -2.0 -2.0 -2.0 1.0 1.0 1.0 1.0 1.0 1.0 1.0 1.0 1.0 1.0 1.0 1.0 1.0 
-2.0 -2.0 -2.0 -2.0 -2.0 -2.0 -2.0 -2.0 -2.0 -2.0 -2.0 -2.0 -2.0 -2.0 1.0 1.0 1.0 -1.0 -1.0 -1.0 -1.0 -1.0 -1.0 -1.0 -1.0 
-2.0 -2.0 -2.0 -2.0 -2.0 -2.0 -2.0 -2.0 -2.0 -2.0 -2.0 -2.0 -2.0 -2.0 -1.0 -1.0 -1.0 -1.0 -1.0 -1.0 -1.0 -1.0 -1.0 -1.0 -1.0 
-2.0 -2.0 -2.0 -2.0 -2.0 -2.0 -2.0 -2.0 -2.0 -2.0 -2.0 -2.0 -2.0 -1.0 -1.0 -1.0 -1.0 -1.0 -1.0 -1.0 -1.0 -1.0 -1.0 -1.0 -1.0 
-2.0 -2.0 -2.0 -2.0 -2.0 -2.0 -2.0 -2.0 -2.0 -2.0 -2.0 2.0 -1.0 -1.0 -1.0 -1.0 -1.0 -1.0 -1.0 -1.0 -1.0 -1.0 -1.0 -1.0 -1.0 
-2.0 -2.0 -2.0 -2.0 -2.0 -2.0 -2.0 -2.0 2.0 2.0 2.0 2.0 -1.0 -1.0 -1.0 -1.0 -1.0 -1.0 -1.0 -1.0 -1.0 -1.0 -1.0 -1.0 -1.0 
-2.0 -2.0 -2.0 -2.0 -2.0 2.0 2.0 2.0 2.0 2.0 2.0 2.0 -1.0 -1.0 -1.0 -1.0 -1.0 -1.0 -1.0 -1.0 -1.0 -1.0 -1.0 -1.0 -1.0 
-2.0 -2.0 2.0 2.0 2.0 2.0 2.0 2.0 2.0 2.0 2.0 2.0 -1.0 -1.0 -1.0 -1.0 -1.0 -1.0 -1.0 -1.0 -1.0 -1.0 -1.0 -1.0 -1.0 
2.0 2.0 2.0 2.0 2.0 2.0 2.0 2.0 2.0 2.0 2.0 2.0 -1.0 -1.0 -1.0 -1.0 -1.0 -1.0 -1.0 -1.0 -1.0 -1.0 -1.0 -1.0 -1.0 
2.0 2.0 2.0 2.0 2.0 2.0 2.0 2.0 2.0 2.0 2.0 -1.0 -1.0 -1.0 -1.0 -1.0 -1.0 -1.0 -1.0 -1.0 -1.0 -1.0 -1.0 -1.0 -1.0 
2.0 2.0 2.0 2.0 2.0 2.0 2.0 2.0 2.0 2.0 2.0 -1.0 -1.0 -1.0 -1.0 -1.0 -1.0 -1.0 -1.0 -1.0 -1.0 -1.0 -1.0 -1.0 -1.0 
0.0 0.0 2.0 2.0 2.0 2.0 2.0 2.0 2.0 2.0 2.0 -1.0 -1.0 -1.0 -1.0 -1.0 -1.0 -1.0 -1.0 -1.0 -1.0 -1.0 -1.0 -1.0 -1.0 
0.0 0.0 0.0 0.0 2.0 2.0 2.0 2.0 2.0 2.0 2.0 -1.0 -1.0 -1.0 -1.0 -1.0 -1.0 -1.0 -1.0 -1.0 -1.0 -1.0 -1.0 -1.0 -1.0 
0.0 0.0 0.0 0.0 0.0 0.0 2.0 2.0 2.0 2.0 2.0 -1.0 -1.0 -1.0 -1.0 -1.0 -1.0 -1.0 -1.0 -1.0 -1.0 -1.0 -1.0 -1.0 -1.0 
0.0 0.0 0.0 0.0 0.0 0.0 0.0 0.0 2.0 2.0 2.0 -1.0 -1.0 -1.0 -1.0 -1.0 -1.0 -1.0 -1.0 -1.0 -1.0 -1.0 -1.0 -1.0 -1.0 
0.0 0.0 0.0 0.0 0.0 0.0 0.0 0.0 0.0 0.0 -1.0 -1.0 -1.0 -1.0 -1.0 -1.0 -1.0 -1.0 -1.0 -1.0 -1.0 -1.0 -1.0 -1.0 -1.0 
0.0 0.0 0.0 0.0 0.0 0.0 0.0 0.0 0.0 0.0 0.0 -1.0 -1.0 -1.0 -1.0 -1.0 -1.0 -1.0 -1.0 -1.0 -1.0 -1.0 -1.0 -1.0 -1.0 
0.0 0.0 0.0 0.0 0.0 0.0 0.0 0.0 0.0 0.0 0.0 0.0 -1.0 -1.0 -1.0 -1.0 -1.0 -1.0 -1.0 -1.0 -1.0 -1.0 -1.0 -1.0 -1.0 
0.0 0.0 0.0 0.0 0.0 0.0 0.0 0.0 0.0 0.0 0.0 0.0 0.0 -1.0 -1.0 -1.0 -1.0 -1.0 -1.0 -1.0 -1.0 -1.0 -1.0 -1.0 -1.0 

1.0 1.0 1.0 1.0 -2.0 -2.0 -2.0 -2.0 -2.0 -2.0 -2.0 -2.0 -2.0 -2.0 -2.0 -2.0 -2.0 -2.0 -2.0 -2.0 -2.0 -2.0 -2.0 -2.0 -2.0 
1.0 1.0 1.0 1.0 1.0 1.0 -2.0 -2.0 -2.0 -2.0 -2.0 -2.0 -2.0 -2.0 -2.0 -2.0 -2.0 -2.0 -2.0 -2.0 -2.0 -2.0 -2.0 -2.0 -2.0 
1.0 1.0 1.0 1.0 1.0 1.0 1.0 -2.0 -2.0 -2.0 -2.0 -2.0 -2.0 -2.0 -2.0 -2.0 -2.0 -2.0 -2.0 -2.0 -2.0 -2.0 -2.0 -2.0 -2.0 
1.0 1.0 1.0 1.0 1.0 1.0 1.0 1.0 -2.0 -2.0 -2.0 -2.0 -2.0 -2.0 -2.0 -2.0 -2.0 -2.0 -2.0 -2.0 -2.0 -2.0 -2.0 -2.0 -2.0 
1.0 1.0 1.0 1.0 1.0 1.0 1.0 1.0 1.0 1.0 -2.0 -2.0 -2.0 -2.0 -2.0 -2.0 -2.0 -2.0 -2.0 -2.0 -2.0 -2.0 -2.0 -2.0 -2.0 
1.0 1.0 1.0 1.0 1.0 1.0 1.0 1.0 1.0 1.0 1.0 -2.0 -2.0 -2.0 -2.0 -2.0 -2.0 -2.0 -2.0 -2.0 -2.0 -2.0 -2.0 -2.0 -2.0 
1.0 1.0 1.0 1.0 1.0 1.0 1.0 1.0 1.0 1.0 1.0 1.0 -2.0 -2.0 -2.0 -2.0 -2.0 -2.0 -2.0 -2.0 -2.0 -2.0 -2.0 -2.0 -2.0 
1.0 1.0 1.0 1.0 1.0 1.0 1.0 1.0 1.0 1.0 1.0 1.0 1.0 1.0 -2.0 -2.0 -2.0 -1.0 -1.0 -1.0 -1.0 -1.0 -1.0 -1.0 -1.0 
1.0 1.0 1.0 1.0 1.0 1.0 1.0 1.0 1.0 1.0 1.0 1.0 1.0 1.0 -1.0 -1.0 -1.0 -1.0 -1.0 -1.0 -1.0 -1.0 -1.0 -1.0 -1.0 
1.0 1.0 1.0 1.0 1.0 1.0 1.0 1.0 1.0 1.0 1.0 1.0 1.0 -1.0 -1.0 -1.0 -1.0 -1.0 -1.0 -1.0 -1.0 -1.0 -1.0 -1.0 -1.0 
1.0 1.0 1.0 1.0 1.0 1.0 1.0 1.0 1.0 1.0 1.0 0.0 -1.0 -1.0 -1.0 -1.0 -1.0 -1.0 -1.0 -1.0 -1.0 -1.0 -1.0 -1.0 -1.0 
1.0 1.0 1.0 1.0 1.0 1.0 1.0 1.0 0.0 0.0 0.0 0.0 -1.0 -1.0 -1.0 -1.0 -1.0 -1.0 -1.0 -1.0 -1.0 -1.0 -1.0 -1.0 -1.0 
1.0 1.0 1.0 1.0 1.0 0.0 0.0 0.0 0.0 0.0 0.0 0.0 -1.0 -1.0 -1.0 -1.0 -1.0 -1.0 -1.0 -1.0 -1.0 -1.0 -1.0 -1.0 -1.0 
1.0 1.0 0.0 0.0 0.0 0.0 0.0 0.0 0.0 0.0 0.0 0.0 -1.0 -1.0 -1.0 -1.0 -1.0 -1.0 -1.0 -1.0 -1.0 -1.0 -1.0 -1.0 -1.0 
0.0 0.0 0.0 0.0 0.0 0.0 0.0 0.0 0.0 0.0 0.0 0.0 -1.0 -1.0 -1.0 -1.0 -1.0 -1.0 -1.0 -1.0 -1.0 -1.0 -1.0 -1.0 -1.0 
0.0 0.0 0.0 0.0 0.0 0.0 0.0 0.0 0.0 0.0 0.0 -1.0 -1.0 -1.0 -1.0 -1.0 -1.0 -1.0 -1.0 -1.0 -1.0 -1.0 -1.0 -1.0 -1.0 
0.0 0.0 0.0 0.0 0.0 0.0 0.0 0.0 0.0 0.0 0.0 -1.0 -1.0 -1.0 -1.0 -1.0 -1.0 -1.0 -1.0 -1.0 -1.0 -1.0 -1.0 -1.0 -1.0 
2.0 2.0 0.0 0.0 0.0 0.0 0.0 0.0 0.0 0.0 0.0 -1.0 -1.0 -1.0 -1.0 -1.0 -1.0 -1.0 -1.0 -1.0 -1.0 -1.0 -1.0 -1.0 -1.0 
2.0 2.0 2.0 2.0 0.0 0.0 0.0 0.0 0.0 0.0 0.0 -1.0 -1.0 -1.0 -1.0 -1.0 -1.0 -1.0 -1.0 -1.0 -1.0 -1.0 -1.0 -1.0 -1.0 
2.0 2.0 2.0 2.0 2.0 2.0 0.0 0.0 0.0 0.0 0.0 -1.0 -1.0 -1.0 -1.0 -1.0 -1.0 -1.0 -1.0 -1.0 -1.0 -1.0 -1.0 -1.0 -1.0 
2.0 2.0 2.0 2.0 2.0 2.0 2.0 2.0 0.0 0.0 0.0 -1.0 -1.0 -1.0 -1.0 -1.0 -1.0 -1.0 -1.0 -1.0 -1.0 -1.0 -1.0 -1.0 -1.0 
2.0 2.0 2.0 2.0 2.0 2.0 2.0 2.0 2.0 2.0 -1.0 -1.0 -1.0 -1.0 -1.0 -1.0 -1.0 -1.0 -1.0 -1.0 -1.0 -1.0 -1.0 -1.0 -1.0 
2.0 2.0 2.0 2.0 2.0 2.0 2.0 2.0 2.0 2.0 2.0 -1.0 -1.0 -1.0 -1.0 -1.0 -1.0 -1.0 -1.0 -1.0 -1.0 -1.0 -1.0 -1.0 -1.0 
2.0 2.0 2.0 2.0 2.0 2.0 2.0 2.0 2.0 2.0 2.0 2.0 -1.0 -1.0 -1.0 -1.0 -1.0 -1.0 -1.0 -1.0 -1.0 -1.0 -1.0 -1.0 -1.0 
2.0 2.0 2.0 2.0 2.0 2.0 2.0 2.0 2.0 2.0 2.0 2.0 2.0 -1.0 -1.0 -1.0 -1.0 -1.0 -1.0 -1.0 -1.0 -1.0 -1.0 -1.0 -1.0 

