0.256032 0.067104 0.434929 0.636276 0.139201 0.574151 0.960544 0.324417 0.721092 0.301235 0.957174 0.027810 0.072458 0.047506 0.553594 0.241932 0.140046 0.671858 0.856890 0.629434 0.105177 0.845327 0.234682 0.430831 0.420159 
0.711470 0.132443 0.141334 0.354567 0.222328 0.817866 0.042641 0.510237 0.869171 0.450201 0.092677 0.522138 0.789044 0.659939 0.664651 0.437418 0.108398 0.577366 0.183231 0.167748 0.901166 0.284828 0.535808 0.072531 0.263818 
0.532905 0.115957 0.636662 0.014175 0.516306 0.179806 0.090231 0.296076 0.775705 0.174040 0.932217 0.121904 0.054761 0.555120 0.199054 0.061434 0.433584 0.119602 0.400725 0.644553 0.479345 0.845580 0.305607 0.500494 0.832718 
0.779302 0.205282 0.435704 0.840236 0.640631 0.775843 0.546102 0.018153 0.789484 0.709573 0.297080 0.106315 0.484329 0.710842 0.825550 0.573605 0.348949 0.492821 0.398450 0.071890 0.717830 0.346316 0.577266 0.645909 0.666432 
0.423225 0.797640 0.400053 0.227223 0.569005 0.141527 0.179332 0.673255 0.667587 0.941871 0.487741 0.632223 0.225066 0.278284 0.391847 0.805102 0.798056 0.314138 0.441432 0.413820 0.951267 0.140136 0.674971 0.928182 0.600139 
0.101182 0.407656 0.996658 0.286231 0.825471 0.739881 0.778715 0.030700 0.715221 0.417099 0.033518 0.673093 0.060202 0.447096 0.308853 0.142509 0.103897 0.376882 0.401039 0.649254 0.370268 0.227885 0.532861 0.880310 0.130587 
0.628216 0.852416 0.748307 0.432227 0.951079 0.844064 0.363043 0.873141 0.502629 0.844196 0.209214 0.123068 0.425394 0.347059 0.271639 0.068815 0.829574 0.064740 0.895378 0.421053 0.908745 0.538479 0.469116 0.048108 0.147333 
0.565305 0.707124 0.289070 0.535410 0.366207 0.363649 0.632847 0.259388 0.609484 0.213263 0.887331 0.898590 0.967832 0.045610 0.951581 0.435048 0.428157 0.718225 0.272087 0.563467 0.060978 0.048964 0.677976 0.695614 0.009296 
0.470792 0.395431 0.215428 0.342277 0.101321 0.069470 0.467193 0.704134 0.382008 0.568348 0.674410 0.403765 0.110823 0.755645 0.004655 0.524349 0.156375 0.739316 0.744808 0.484179 0.992758 0.747180 0.218900 0.405587 0.883116 
0.026329 0.646737 0.124311 0.538779 0.093243 0.975044 0.302542 0.151087 0.287243 0.440461 0.304500 0.993651 0.458961 0.448669 0.608500 0.448740 0.407332 0.782281 0.295589 0.569784 0.234778 0.214122 0.500122 0.543371 0.810832 
0.477651 0.067360 0.233814 0.075686 0.042148 0.312804 0.272018 0.512461 0.689052 0.688280 0.398393 0.357184 0.481242 0.480234 0.158419 0.255859 0.470332 0.100222 0.465363 0.298719 0.230800 0.529694 0.017157 0.077442 0.082474 
0.383228 0.886112 0.716080 0.664139 0.809670 0.126215 0.294608 0.486154 0.581042 0.099737 0.847265 0.505929 0.024325 0.423826 0.896820 0.217477 0.857509 0.197193 0.022240 0.988149 0.609355 0.605150 0.694853 0.613664 0.952861 
0.220707 0.495513 0.798453 0.517778 0.081833 0.076596 0.030408 0.979160 0.871616 0.668531 0.796910 0.115366 0.364665 0.320727 0.370625 0.309567 0.338770 0.676156 0.146313 0.656925 0.805913 0.497139 0.224924 0.585283 0.855250 
0.405949 0.917088 0.021967 0.679067 0.718760 0.438648 0.332974 0.221514 0.244464 0.135962 0.223632 0.580886 0.857847 0.706783 0.716304 0.542955 0.176687 0.913453 0.364705 0.612489 0.147270 0.288639 0.009898 0.698746 0.714977 
0.135573 0.764819 0.497897 0.297676 0.373617 0.201338 0.968217 0.762210 0.295441 0.888405 0.273290 0.737838 0.899162 0.407260 0.958691 0.171265 0.621821 0.222589 0.551581 0.121101 0.755417 0.964714 0.856875 0.531820 0.598704 
0.026095 0.327891 0.830828 0.862556 0.745309 0.760796 0.373069 0.636856 0.823784 0.429571 0.861770 0.090452 0.688999 0.893484 0.494448 0.833908 0.645806 0.324664 0.798630 0.418895 0.380868 0.906735 0.336574 0.750185 0.118905 
0.449695 0.861791 0.771498 0.804858 0.668130 0.684546 0.277913 0.787374 0.776457 0.193030 0.982956 0.608173 0.259309 0.209282 0.231985 0.750389 0.189056 0.421313 0.425608 0.319704 0.680909 0.839308 0.487636 0.008407 0.681497 
0.345161 0.148028 0.105542 0.852981 0.784683 0.507065 0.849694 0.003720 0.094044 0.806468 0.128508 0.812449 0.984448 0.836197 0.121557 0.443516 0.624368 0.068750 0.929470 0.227644 0.716065 0.968191 0.647423 0.114428 0.905874 
0.159762 0.469563 0.103832 0.165761 0.621917 0.864362 0.910232 0.311897 0.991606 0.147612 0.379126 0.654418 0.127349 0.772653 0.311684 0.456426 0.333150 0.926380 0.556382 0.143425 0.723219 0.951708 0.576815 0.272615 0.643631 
0.448927 0.779039 0.576058 0.084232 0.816935 0.696440 0.963501 0.234618 0.432727 0.550960 0.994150 0.166956 0.300487 0.601297 0.235824 0.109035 0.856364 0.735548 0.749929 0.681389 0.623514 0.603123 0.054265 0.950343 0.110533 
0.578563 0.060398 0.189502 0.506705 0.251155 0.397399 0.052855 0.301448 0.416337 0.580556 0.204400 0.916073 0.536114 0.153430 0.458999 0.352571 0.739050 0.703672 0.073535 0.191178 0.574634 0.716123 0.599865 0.173831 0.270300 
0.669165 0.672032 0.558191 0.704962 0.388458 0.793414 0.705997 0.598393 0.011003 0.261552 0.446391 0.941072 0.515435 0.845571 0.255741 0.734993 0.621165 0.357420 0.239487 0.413711 0.956302 0.023455 0.735441 0.000787 0.087453 
0.382044 0.404139 0.935190 0.037392 0.143286 0.788034 0.376485 0.096572 0.285532 0.579408 0.519428 0.259243 0.133932 0.245877 0.703256 0.098216 0.228184 0.373743 0.468642 0.833350 0.459474 0.733888 0.372612 0.695009 0.075255 
0.867147 0.430574 0.153470 0.290518 0.243089 0.333226 0.724771 0.629444 0.224236 0.755272 0.114296 0.859545 0.994913 0.479488 0.470404 0.471221 0.688072 0.299706 0.020033 0.778253 0.141671 0.154388 0.390185 0.178844 0.933621 
0.477505 0.577911 0.415180 0.059668 0.222818 0.744881 0.501461 0.788982 0.265083 0.552358 0.531860 0.894314 0.750272 0.781827 0.927323 0.642961 0.144091 0.242289 0.115431 0.110029 0.763396 0.548674 0.124797 0.089871 0.794051 

0.879134 0.367953 0.769836 0.445620 0.821105 0.316323 0.407354 0.140653 0.481089 0.673872 0.758615 0.456311 0.901947 0.408661 0.915816 0.387230 0.270484 0.308488 0.889271 0.309893 0.232090 0.764421 0.207968 0.363646 0.425342 
0.566707 0.530675 0.791597 0.046413 0.751392 0.515269 0.562829 0.739926 0.771185 0.310296 0.326465 0.174399 0.111947 0.743671 0.433994 0.949081 0.985528 0.497500 0.065010 0.869066 0.301327 0.832905 0.661707 0.015583 0.533052 
0.773035 0.807769 0.978864 0.300355 0.179281 0.812642 0.218216 0.615914 0.606616 0.329811 0.350662 0.293987 0.138906 0.145912 0.133435 0.281192 0.993785 0.174033 0.531995 0.221884 0.876895 0.219787 0.580192 0.319827 0.342081 
0.068677 0.095453 0.203592 0.257357 0.585772 0.616655 0.470294 0.897486 0.289189 0.080457 0.804755 0.431656 0.088536 0.813551 0.764717 0.649968 0.792157 0.718095 0.341873 0.389335 0.878140 0.647838 0.041715 0.269609 0.499901 
0.445592 0.860566 0.109667 0.008668 0.265801 0.743805 0.642899 0.314347 0.312559 0.791513 0.725954 0.752830 0.100571 0.708786 0.809221 0.457897 0.014468 0.501317 0.687064 0.118690 0.173582 0.296524 0.359550 0.238201 0.683068 
0.284406 0.815514 0.064619 0.102442 0.509656 0.418692 0.946265 0.941009 0.605156 0.999440 0.166183 0.479329 0.374986 0.247609 0.031370 0.061287 0.831193 0.663761 0.571184 0.048554 0.785797 0.359726 0.133289 0.661407 0.526044 
0.946804 0.457675 0.929766 0.644226 0.955546 0.421491 0.876450 0.408153 0.142129 0.939230 0.040608 0.387337 0.029611 0.352054 0.082774 0.444822 0.016025 0.021659 0.175817 0.954057 0.557965 0.915906 0.175564 0.029350 0.627792 
0.033102 0.470462 0.236867 0.154849 0.861250 0.048687 0.349560 0.384451 0.641941 0.417330 0.637810 0.165006 0.931474 0.369608 0.255102 0.367202 0.346038 0.575933 0.835583 0.076096 0.693539 0.130423 0.517033 0.282322 0.104552 
0.055794 0.415276 0.748614 0.402570 0.165338 0.149559 0.997245 0.363715 0.248428 0.911014 0.019492 0.238878 0.750988 0.572383 0.185332 0.635108 0.297410 0.798045 0.951580 0.207149 0.527722 0.620067 0.890371 0.509420 0.325841 
0.980620 0.128155 0.777051 0.252000 0.756043 0.367096 0.422576 0.029563 0.736654 0.039741 0.105902 0.992117 0.055890 0.156400 0.296049 0.840839 0.402523 0.634755 0.448314 0.988338 0.873175 0.553810 0.770777 0.988248 0.091217 
0.578541 0.577815 0.500721 0.320366 0.519468 0.824141 0.537864 0.331318 0.519268 0.696223 0.572925 0.521844 0.461049 0.137199 0.071270 0.291789 0.645034 0.897055 0.571261 0.535211 0.541339 0.853820 0.661421 0.468306 0.734939 
0.795134 0.403614 0.187796 0.349192 0.801786 0.097700 0.270628 0.305627 0.739686 0.192285 0.650988 0.564906 0.316040 0.456364 0.941807 0.205574 0.354799 0.083402 0.500892 0.477579 0.623515 0.514427 0.053828 0.568244 0.542200 
0.266572 0.962382 0.260475 0.698228 0.188461 0.737049 0.822371 0.073222 0.305754 0.553974 0.150016 0.132299 0.684919 0.265796 0.026528 0.234580 0.950965 0.507580 0.932115 0.282646 0.600357 0.524349 0.400715 0.845305 0.801804 
0.356871 0.585491 0.084078 0.699848 0.039710 0.604312 0.690846 0.629540 0.043933 0.439497 0.667368 0.837536 0.721459 0.932562 0.887676 0.957508 0.301764 0.580513 0.439154 0.559426 0.080473 0.638995 0.902931 0.614103 0.811208 
0.289041 0.310043 0.772419 0.793755 0.278563 0.369564 0.924586 0.469423 0.398554 0.568838 0.644700 0.908074 0.558479 0.639887 0.384045 0.372488 0.788714 0.294532 0.504394 0.579283 0.653020 0.686673 0.113012 0.997255 0.824945 
0.437194 0.645252 0.959641 0.796464 0.348427 0.737145 0.462171 0.856893 0.045394 0.716256 0.313040 0.799958 0.946863 0.963051 0.765615 0.847471 0.635691 0.875807 0.845149 0.603106 0.614415 0.307241 0.202570 0.709002 0.598295 
0.871648 0.824800 0.051322 0.358547 0.536614 0.828083 0.439457 0.995591 0.905446 0.573442 0.782406 0.732919 0.184357 0.155490 0.212742 0.945173 0.492878 0.731325 0.880385 0.934247 0.516292 0.224006 0.978338 0.268571 0.668158 
0.980486 0.932642 0.505313 0.847026 0.826235 0.735879 0.619574 0.618535 0.807826 0.962150 0.100506 0.886121 0.380296 0.693125 0.983887 0.403308 0.159791 0.401237 0.758847 0.043861 0.095277 0.604255 0.624144 0.605870 0.097922 
0.908593 0.532462 0.369849 0.224189 0.255626 0.234513 0.921850 0.236288 0.139620 0.033195 0.087169 0.089729 0.991030 0.909161 0.709823 0.105088 0.360199 0.936251 0.592867 0.921418 0.882358 0.774508 0.499984 0.492064 0.157756 
0.915500 0.239447 0.429964 0.079227 0.717974 0.354676 0.734008 0.260033 0.151694 0.538200 0.938249 0.929720 0.602470 0.746034 0.212712 0.934286 0.850375 0.242544 0.373385 0.599175 0.767925 0.255819 0.541079 0.003189 0.041455 
0.186690 0.527849 0.537269 0.733234 0.967652 0.034285 0.107363 0.267712 0.050964 0.392057 0.980398 0.430303 0.247771 0.309928 0.250677 0.335625 0.854681 0.852367 0.216642 0.339615 0.335018 0.322098 0.182349 0.171497 0.427497 
0.947295 0.000847 0.035642 0.108333 0.332297 0.611385 0.558828 0.523018 0.190693 0.587429 0.822650 0.852037 0.031750 0.825340 0.949757 0.907361 0.127888 0.828008 0.759114 0.827030 0.041287 0.139344 0.798856 0.796051 0.625374 
0.902743 0.347111 0.773861 0.443044 0.889750 0.526172 0.679853 0.997898 0.884650 0.428913 0.905094 0.372898 0.948869 0.656984 0.807074 0.516156 0.989309 0.053711 0.342233 0.334227 0.547458 0.517039 0.456118 0.409181 0.268920 
0.632043 0.507033 0.640717 0.651668 0.674445 0.699594 0.899581 0.169456 0.837762 0.115189 0.090076 0.191293 0.239980 0.702421 0.328413 0.184099 0.832687 0.798662 0.635624 0.766751 0.884606 0.618341 0.732041 0.781232 0.959783 
0.258854 0.954154 0.028322 0.600545 0.010005 0.528984 0.974093 0.556310 0.484557 0.263531 0.383888 0.826549 0.565006 0.184125 0.059047 0.791337 0.998116 0.973540 0.114016 0.623158 0.158577 0.884325 0.444791 0.501893 0.015068 

1.267256 0.541756 0.609516 -0.298876 1.508077 -0.514993 -1.138883 0.547380 0.942460 -0.069508 -1.490318 -0.866347 -2.009730 -0.799054 -1.977378 -0.895149 -0.759925 -0.585401 -1.821982 -0.524368 -0.404987 -1.637497 -0.430519 -0.456389 -0.410196 
-0.464918 0.723843 1.391392 -0.802269 0.863498 -0.683106 -0.479584 0.257598 1.083323 0.639816 -0.110210 -0.429812 -0.227004 -1.393314 -0.976468 -1.869747 -1.949939 -0.975865 -0.212857 -1.775815 -0.656640 -1.788246 -0.551308 0.013967 -0.213426 
0.658067 1.460384 0.688813 0.406548 -0.634118 1.409134 -0.071254 0.065149 0.983207 -0.009363 -0.728920 -0.771385 -0.306315 -0.466748 -0.218848 -0.471036 -2.082045 -0.411871 -1.255888 -0.665641 -0.527119 -0.753026 -0.270856 -0.473763 -0.824313 
-1.450591 -0.153777 -0.641776 -1.271225 -0.058924 0.962412 0.672086 -0.901279 1.216374 1.445128 -0.173638 -0.314214 -0.162486 -1.835785 -1.529418 -1.267705 -1.696975 -1.526895 -0.254565 -0.009408 -0.718910 -0.316514 -0.439500 -0.648294 -0.575596 
0.089041 -0.085877 -0.716503 -0.512713 0.858814 -0.623951 -0.257566 1.048732 0.979212 1.079934 -1.462533 -1.584285 -0.232663 -1.447448 -1.665406 -0.932237 0.074997 -1.008193 -1.358835 -0.499737 -1.018365 -0.104022 -0.687904 -0.714413 -0.414788 
0.483522 0.776748 -1.841021 -0.566179 -0.475248 1.031305 0.516781 -0.887810 0.803599 -0.355363 0.037406 0.896458 -0.245210 -0.527444 -0.329296 -0.197728 -1.620104 -1.294132 -1.041600 0.047767 -0.236366 -0.152702 -0.456216 -0.812740 -0.252144 
0.528763 -0.707468 0.377443 0.273984 1.040660 1.301586 -0.175853 1.395888 0.639095 0.620494 0.319477 -0.086589 -0.000002 -0.843498 -0.188288 -0.997219 -0.045188 -0.179895 -0.290684 -1.809766 -1.130906 -0.533454 -0.386574 -0.245319 0.032438 
-1.124933 -0.427422 -0.066030 -0.836550 -0.133709 0.651136 0.954077 0.255297 0.490301 0.108385 1.234027 1.564623 1.069247 -0.614427 -0.604633 -0.921540 -0.760647 -1.090132 -1.641554 -0.444992 -0.099169 -0.105871 -0.722985 -0.587843 -0.054063 
-0.791226 0.385213 1.060388 0.372295 0.174229 -0.171616 -0.106975 1.051233 0.573942 0.374207 1.217874 0.527980 -0.486095 -1.155544 -0.420527 -1.393830 -0.575069 -1.534672 -1.946500 -0.516188 -1.050216 -0.815999 -0.321629 -0.396180 -0.975109 
1.849526 -1.095626 1.367587 0.682862 -0.559344 1.467323 0.236442 0.241283 -0.235511 0.975431 0.193347 1.149711 -0.173501 -0.344601 -0.482748 -1.609527 -0.671044 -1.292967 -0.791013 -2.002515 -0.378513 -0.082595 -0.524060 -0.540697 -0.804019 
0.239206 1.067107 0.577774 -0.029380 -0.563790 -0.349990 -0.122744 0.736664 0.911789 0.811915 0.188159 0.334551 -1.037590 -0.380251 -0.046333 -0.641138 -1.378929 -1.768837 -1.239112 -0.346040 -0.554380 -0.486336 0.079248 0.043502 0.051988 
0.756954 -0.893737 -0.978012 -0.666344 0.879819 0.080524 0.347883 0.611154 0.458782 0.014262 1.126143 0.404434 -0.581152 -0.881793 -1.854250 -0.496531 -0.643578 -0.144689 0.007726 -0.908469 -0.581695 -0.632705 -0.777571 -0.686148 -0.961445 
-0.085231 0.854233 -0.989950 0.156279 0.003173 -0.512800 -0.705292 1.770752 1.536508 0.764603 1.554669 0.247102 0.045600 0.261170 -0.010021 -0.445009 -1.943731 -0.567872 -0.117255 -0.665476 -0.739917 -0.525756 -0.266876 -0.443372 -0.938294 
-0.190022 -0.633265 0.055662 -0.041197 1.515313 0.224160 0.769673 -0.201220 0.387925 -0.086220 -0.144075 0.403876 1.034546 0.406535 -1.880828 -1.828324 -0.512682 -0.961913 -0.443701 -0.524166 -0.083144 -0.234942 -0.064873 -0.622229 -0.676608 
0.332328 -0.953428 0.475741 -0.120026 0.497848 0.052708 -0.080153 -0.452353 0.214403 1.197032 0.044678 0.646335 1.434935 0.060490 -0.696335 -0.744095 -1.581647 -0.557956 -1.141409 0.022387 -0.654389 -0.841389 -0.685321 -0.520778 -0.666707 
0.806268 0.789803 0.218356 -0.010233 -0.781450 0.740748 0.174418 0.521368 1.474273 0.209599 1.609871 -0.603924 0.277815 0.812692 -1.750446 -1.621355 -1.415120 -1.652162 -1.649700 -1.221761 -0.593294 -0.949939 -0.477178 -0.645107 -0.297366 
0.930577 -0.079659 -1.483110 -0.872365 -0.292336 0.220341 0.236231 0.430651 1.807930 -0.113037 1.869954 1.390792 0.530311 0.236054 -0.335072 -2.031164 -1.147650 -1.285371 -1.888431 -0.291016 -0.753942 -0.813038 -0.491109 0.040700 -0.638672 
1.205218 1.753638 0.869344 -0.114757 0.255627 0.551003 -0.405358 0.458919 1.008637 1.880665 0.152544 1.690886 1.481991 1.739841 -1.862973 -0.810772 -0.209626 -0.698240 -1.515869 -0.206788 -0.741508 -0.996671 -0.727527 -0.298565 -0.884185 
1.523107 0.055635 0.596003 0.247920 -0.745653 -1.121607 -0.008999 0.540055 1.285864 0.077227 0.383371 0.660203 1.182430 1.771908 0.982655 -0.158945 -0.786793 -1.896351 -1.172943 -0.193574 -0.663516 -0.988078 -0.594522 -0.252132 -0.479969 
0.898448 -1.124574 -0.348608 -0.084401 -0.160974 1.147581 1.633030 0.409478 0.490128 1.265743 1.853911 1.058233 0.811486 1.403586 0.498560 1.117534 1.654188 -0.457565 -0.602066 -0.618195 -0.647094 -0.638970 -0.026229 -1.015796 -0.304869 
-0.830411 0.799605 0.631218 0.424842 1.418616 0.384770 0.369777 0.369223 0.416898 1.083865 1.240196 1.336283 0.844140 0.424734 0.585401 0.774144 1.639948 1.579938 -0.016312 -0.130767 -0.635655 -0.855216 -0.564891 -0.096468 -0.238913 
0.655870 -1.266740 -0.971862 -1.144227 -0.233133 1.438490 1.311886 1.215209 0.208656 0.961901 1.150208 1.843946 0.572587 1.847289 1.136893 1.629810 0.705945 1.342050 0.949102 -0.359669 -1.229305 -0.069181 -0.695600 0.038324 -0.081687 
1.034819 -0.172138 -0.082764 0.714391 1.550991 1.410328 1.132101 1.023684 1.052191 1.087880 1.347068 0.600988 1.096561 0.819839 1.496499 0.608638 1.245425 0.503000 0.970317 1.364047 -0.367366 -0.924530 -0.397435 -0.683379 0.095280 
-0.402368 0.176308 0.852624 0.473382 0.864723 0.892327 1.648698 0.749789 0.894301 1.005436 0.164135 1.072846 1.343739 1.037155 0.918441 0.579701 1.447726 1.074219 0.654500 1.534882 1.003205 -0.405542 -0.522040 -0.228349 -1.061745 
-0.537727 1.018250 -0.809400 1.203277 0.347664 1.381419 1.446734 1.399555 0.770905 0.830234 1.011665 1.659766 1.393436 0.850420 1.024461 1.405230 1.243534 1.341270 0.026481 0.828535 0.838256 1.565756 -0.197922 -0.174706 -0.589728 

4 4 4 4 4 4 4 2 2 2 1 1 1 1 1 1 1 1 1 1 1 1 3 3 3 
4 4 4 4 4 4 2 2 2 2 2 1 1 1 1 1 1 1 1 1 1 1 3 3 3 
4 4 4 4 4 4 2 2 2 2 1 1 1 1 1 1 1 1 1 3 3 1 3 3 3 
4 4 4 4 4 2 2 2 2 2 2 2 1 1 1 1 1 1 3 3 3 3 3 3 3 
4 4 4 4 2 2 2 2 2 2 1 1 1 1 1 1 1 1 1 3 3 3 3 3 3 
4 4 4 4 4 2 2 2 2 2 2 2 2 1 1 1 1 1 1 1 3 3 3 3 3 
4 4 4 4 2 2 2 2 2 2 2 2 1 1 1 1 1 1 1 1 1 3 3 3 3 
4 4 4 4 2 2 2 2 2 2 2 2 2 1 1 1 1 1 1 3 3 3 3 3 3 
4 4 4 2 2 2 2 2 2 2 2 2 2 1 1 1 1 1 1 1 3 3 3 3 3 
4 4 4 2 2 2 2 2 2 2 2 2 1 1 1 1 1 1 1 1 3 3 3 3 3 
4 4 4 2 2 2 2 2 2 2 2 2 1 1 1 1 1 1 1 3 3 3 3 3 3 
4 4 4 4 2 2 2 2 2 2 2 2 1 1 1 1 1 3 3 3 3 3 3 3 3 
4 4 4 2 2 2 2 2 2 2 2 2 2 2 1 1 1 3 3 3 3 3 3 3 3 
4 4 4 4 2 4 4 2 2 2 2 2 2 2 1 1 1 1 3 3 3 3 3 3 3 
4 4 4 2 2 2 4 4 2 2 2 2 2 2 1 1 1 1 1 3 3 3 3 3 3 
4 4 4 4 4 2 4 4 2 2 2 2 2 2 1 1 1 1 1 1 3 3 3 3 3 
4 4 4 4 4 4 4 4 0 2 0 0 0 2 1 1 1 1 1 3 3 3 3 3 3 
4 4 4 4 4 4 4 0 0 0 0 0 0 0 1 1 1 1 1 1 3 3 3 3 3 
4 4 4 4 4 4 4 0 0 0 0 0 0 0 0 1 1 1 1 3 3 3 3 3 3 
4 4 4 4 4 0 0 0 0 0 0 0 0 0 0 0 0 1 3 3 3 3 3 3 3 
4 4 4 4 4 0 0 0 0 0 0 0 0 0 0 0 0 0 3 3 3 3 3 3 3 
4 4 4 4 4 0 0 0 0 0 0 0 0 0 0 0 0 0 0 3 3 3 3 3 3 
4 4 4 4 4 0 0 0 0 0 0 0 0 0 0 0 0 0 0 0 3 3 3 3 3 
4 4 4 4 0 0 0 0 0 0 0 0 0 0 0 0 0 0 0 0 0 3 3 3 3 
4 4 4 4 0 0 0 0 0 0 0 0 0 0 0 0 0 0 0 0 0 0 3 3 3 

-2.0 -2.0 -2.0 -2.0 -2.0 -2.0 -2.0 2.0 2.0 2.0 0.0 0.0 0.0 0.0 0.0 0.0 0.0 0.0 0.0 0.0 0.0 0.0 -1.0 -1.0 -1.0 
-2.0 -2.0 -2.0 -2.0 -2.0 -2.0 2.0 2.0 2.0 2.0 2.0 0.0 0.0 0.0 0.0 0.0 0.0 0.0 0.0 0.0 0.0 0.0 -1.0 -1.0 -1.0 
-2.0 -2.0 -2.0 -2.0 -2.0 -2.0 2.0 2.0 2.0 2.0 0.0 0.0 0.0 0.0 0.0 0.0 0.0 0.0 0.0 -1.0 -1.0 0.0 -1.0 -1.0 -1.0 
-2.0 -2.0 -2.0 -2.0 -2.0 2.0 2.0 2.0 2.0 2.0 2.0 2.0 0.0 0.0 0.0 0.0 0.0 0.0 -1.0 -1.0 -1.0 -1.0 -1.0 -1.0 -1.0 
-2.0 -2.0 -2.0 -2.0 2.0 2.0 2.0 2.0 2.0 2.0 0.0 0.0 0.0 0.0 0.0 0.0 0.0 0.0 0.0 -1.0 -1.0 -1.0 -1.0 -1.0 -1.0 
-2.0 -2.0 -2.0 -2.0 -2.0 2.0 2.0 2.0 2.0 2.0 2.0 2.0 2.0 0.0 0.0 0.0 0.0 0.0 0.0 0.0 -1.0 -1.0 -1.0 -1.0 -1.0 
-2.0 -2.0 -2.0 -2.0 2.0 2.0 2.0 2.0 2.0 2.0 2.0 2.0 0.0 0.0 0.0 0.0 0.0 0.0 0.0 0.0 0.0 -1.0 -1.0 -1.0 -1.0 
-2.0 -2.0 -2.0 -2.0 2.0 2.0 2.0 2.0 2.0 2.0 2.0 2.0 2.0 0.0 0.0 0.0 0.0 0.0 0.0 -1.0 -1.0 -1.0 -1.0 -1.0 -1.0 
-2.0 -2.0 -2.0 2.0 2.0 2.0 2.0 2.0 2.0 2.0 2.0 2.0 2.0 0.0 0.0 0.0 0.0 0.0 0.0 0.0 -1.0 -1.0 -1.0 -1.0 -1.0 
-2.0 -2.0 -2.0 2.0 2.0 2.0 2.0 2.0 2.0 2.0 2.0 2.0 0.0 0.0 0.0 0.0 0.0 0.0 0.0 0.0 -1.0 -1.0 -1.0 -1.0 -1.0 
-2.0 -2.0 -2.0 2.0 2.0 2.0 2.0 2.0 2.0 2.0 2.0 2.0 0.0 0.0 0.0 0.0 0.0 0.0 0.0 -1.0 -1.0 -1.0 -1.0 -1.0 -1.0 
-2.0 -2.0 -2.0 -2.0 2.0 2.0 2.0 2.0 2.0 2.0 2.0 2.0 0.0 0.0 0.0 0.0 0.0 -1.0 -1.0 -1.0 -1.0 -1.0 -1.0 -1.0 -1.0 
-2.0 -2.0 -2.0 2.0 2.0 2.0 2.0 2.0 2.0 2.0 2.0 2.0 2.0 2.0 0.0 0.0 0.0 -1.0 -1.0 -1.0 -1.0 -1.0 -1.0 -1.0 -1.0 
-2.0 -2.0 -2.0 -2.0 2.0 -2.0 -2.0 2.0 2.0 2.0 2.0 2.0 2.0 2.0 0.0 0.0 0.0 0.0 -1.0 -1.0 -1.0 -1.0 -1.0 -1.0 -1.0 
-2.0 -2.0 -2.0 2.0 2.0 2.0 -2.0 -2.0 2.0 2.0 2.0 2.0 2.0 2.0 0.0 0.0 0.0 0.0 0.0 -1.0 -1.0 -1.0 -1.0 -1.0 -1.0 
-2.0 -2.0 -2.0 -2.0 -2.0 2.0 -2.0 -2.0 2.0 2.0 2.0 2.0 2.0 2.0 0.0 0.0 0.0 0.0 0.0 0.0 -1.0 -1.0 -1.0 -1.0 -1.0 
-2.0 -2.0 -2.0 -2.0 -2.0 -2.0 -2.0 -2.0 1.0 2.0 1.0 1.0 1.0 2.0 0.0 0.0 0.0 0.0 0.0 -1.0 -1.0 -1.0 -1.0 -1.0 -1.0 
-2.0 -2.0 -2.0 -2.0 -2.0 -2.0 -2.0 1.0 1.0 1.0 1.0 1.0 1.0 1.0 0.0 0.0 0.0 0.0 0.0 0.0 -1.0 -1.0 -1.0 -1.0 -1.0 
-2.0 -2.0 -2.0 -2.0 -2.0 -2.0 -2.0 1.0 1.0 1.0 1.0 1.0 1.0 1.0 1.0 0.0 0.0 0.0 0.0 -1.0 -1.0 -1.0 -1.0 -1.0 -1.0 
-2.0 -2.0 -2.0 -2.0 -2.0 1.0 1.0 1.0 1.0 1.0 1.0 1.0 1.0 1.0 1.0 1.0 1.0 0.0 -1.0 -1.0 -1.0 -1.0 -1.0 -1.0 -1.0 
-2.0 -2.0 -2.0 -2.0 -2.0 1.0 1.0 1.0 1.0 1.0 1.0 1.0 1.0 1.0 1.0 1.0 1.0 1.0 -1.0 -1.0 -1.0 -1.0 -1.0 -1.0 -1.0 
-2.0 -2.0 -2.0 -2.0 -2.0 1.0 1.0 1.0 1.0 1.0 1.0 1.0 1.0 1.0 1.0 1.0 1.0 1.0 1.0 -1.0 -1.0 -1.0 -1.0 -1.0 -1.0 
-2.0 -2.0 -2.0 -2.0 -2.0 1.0 1.0 1.0 1.0 1.0 1.0 1.0 1.0 1.0 1.0 1.0 1.0 1.0 1.0 1.0 -1.0 -1.0 -1.0 -1.0 -1.0 
-2.0 -2.0 -2.0 -2.0 1.0 1.0 1.0 1.0 1.0 1.0 1.0 1.0 1.0 1.0 1.0 1.0 1.0 1.0 1.0 1.0 1.0 -1.0 -1.0 -1.0 -1.0 
-2.0 -2.0 -2.0 -2.0 1.0 1.0 1.0 1.0 1.0 1.0 1.0 1.0 1.0 1.0 1.0 1.0 1.0 1.0 1.0 1.0 1.0 1.0 -1.0 -1.0 -1.0 

2.0 2.0 2.0 2.0 2.0 2.0 2.0 -1.0 -1.0 -1.0 -2.0 -2.0 -2.0 -2.0 -2.0 -2.0 -2.0 -2.0 -2.0 -2.0 -2.0 -2.0 0.0 0.0 0.0 
2.0 2.0 2.0 2.0 2.0 2.0 -1.0 -1.0 -1.0 -1.0 -1.0 -2.0 -2.0 -2.0 -2.0 -2.0 -2.0 -2.0 -2.0 -2.0 -2.0 -2.0 0.0 0.0 0.0 
2.0 2.0 2.0 2.0 2.0 2.0 -1.0 -1.0 -1.0 -1.0 -2.0 -2.0 -2.0 -2.0 -2.0 -2.0 -2.0 -2.0 -2.0 0.0 0.0 -2.0 0.0 0.0 0.0 
2.0 2.0 2.0 2.0 2.0 -1.0 -1.0 -1.0 -1.0 -1.0 -1.0 -1.0 -2.0 -2.0 -2.0 -2.0 -2.0 -2.0 0.0 0.0 0.0 0.0 0.0 0.0 0.0 
2.0 2.0 2.0 2.0 -1.0 -1.0 -1.0 -1.0 -1.0 -1.0 -2.0 -2.0 -2.0 -2.0 -2.0 -2.0 -2.0 -2.0 -2.0 0.0 0.0 0.0 0.0 0.0 0.0 
2.0 2.0 2.0 2.0 2.0 -1.0 -1.0 -1.0 -1.0 -1.0 -1.0 -1.0 -1.0 -2.0 -2.0 -2.0 -2.0 -2.0 -2.0 -2.0 0.0 0.0 0.0 0.0 0.0 
2.0 2.0 2.0 2.0 -1.0 -1.0 -1.0 -1.0 -1.0 -1.0 -1.0 -1.0 -2.0 -2.0 -2.0 -2.0 -2.0 -2.0 -2.0 -2.0 -2.0 0.0 0.0 0.0 0.0 
2.0 2.0 2.0 2.0 -1.0 -1.0 -1.0 -1.0 -1.0 -1.0 -1.0 -1.0 -1.0 -2.0 -2.0 -2.0 -2.0 -2.0 -2.0 0.0 0.0 0.0 0.0 0.0 0.0 
2.0 2.0 2.0 -1.0 -1.0 -1.0 -1.0 -1.0 -1.0 -1.0 -1.0 -1.0 -1.0 -2.0 -2.0 -2.0 -2.0 -2.0 -2.0 -2.0 0.0 0.0 0.0 0.0 0.0 
2.0 2.0 2.0 -1.0 -1.0 -1.0 -1.0 -1.0 -1.0 -1.0 -1.0 -1.0 -2.0 -2.0 -2.0 -2.0 -2.0 -2.0 -2.0 -2.0 0.0 0.0 0.0 0.0 0.0 
2.0 2.0 2.0 -1.0 -1.0 -1.0 -1.0 -1.0 -1.0 -1.0 -1.0 -1.0 -2.0 -2.0 -2.0 -2.0 -2.0 -2.0 -2.0 0.0 0.0 0.0 0.0 0.0 0.0 
2.0 2.0 2.0 2.0 -1.0 -1.0 -1.0 -1.0 -1.0 -1.0 -1.0 -1.0 -2.0 -2.0 -2.0 -2.0 -2.0 0.0 0.0 0.0 0.0 0.0 0.0 0.0 0.0 
2.0 2.0 2.0 -1.0 -1.0 -1.0 -1.0 -1.0 -1.0 -1.0 -1.0 -1.0 -1.0 -1.0 -2.0 -2.0 -2.0 0.0 0.0 0.0 0.0 0.0 0.0 0.0 0.0 
2.0 2.0 2.0 2.0 -1.0 2.0 2.0 -1.0 -1.0 -1.0 -1.0 -1.0 -1.0 -1.0 -2.0 -2.0 -2.0 -2.0 0.0 0.0 0.0 0.0 0.0 0.0 0.0 
2.0 2.0 2.0 -1.0 -1.0 -1.0 2.0 2.0 -1.0 -1.0 -1.0 -1.0 -1.0 -1.0 -2.0 -2.0 -2.0 -2.0 -2.0 0.0 0.0 0.0 0.0 0.0 0.0 
2.0 2.0 2.0 2.0 2.0 -1.0 2.0 2.0 -1.0 -1.0 -1.0 -1.0 -1.0 -1.0 -2.0 -2.0 -2.0 -2.0 -2.0 -2.0 0.0 0.0 0.0 0.0 0.0 
2.0 2.0 2.0 2.0 2.0 2.0 2.0 2.0 1.0 -1.0 1.0 1.0 1.0 -1.0 -2.0 -2.0 -2.0 -2.0 -2.0 0.0 0.0 0.0 0.0 0.0 0.0 
2.0 2.0 2.0 2.0 2.0 2.0 2.0 1.0 1.0 1.0 1.0 1.0 1.0 1.0 -2.0 -2.0 -2.0 -2.0 -2.0 -2.0 0.0 0.0 0.0 0.0 0.0 
2.0 2.0 2.0 2.0 2.0 2.0 2.0 1.0 1.0 1.0 1.0 1.0 1.0 1.0 1.0 -2.0 -2.0 -2.0 -2.0 0.0 0.0 0.0 0.0 0.0 0.0 
2.0 2.0 2.0 2.0 2.0 1.0 1.0 1.0 1.0 1.0 1.0 1.0 1.0 1.0 1.0 1.0 1.0 -2.0 0.0 0.0 0.0 0.0 0.0 0.0 0.0 
2.0 2.0 2.0 2.0 2.0 1.0 1.0 1.0 1.0 1.0 1.0 1.0 1.0 1.0 1.0 1.0 1.0 1.0 0.0 0.0 0.0 0.0 0.0 0.0 0.0 
2.0 2.0 2.0 2.0 2.0 1.0 1.0 1.0 1.0 1.0 1.0 1.0 1.0 1.0 1.0 1.0 1.0 1.0 1.0 0.0 0.0 0.0 0.0 0.0 0.0 
2.0 2.0 2.0 2.0 2.0 1.0 1.0 1.0 1.0 1.0 1.0 1.0 1.0 1.0 1.0 1.0 1.0 1.0 1.0 1.0 0.0 0.0 0.0 0.0 0.0 
2.0 2.0 2.0 2.0 1.0 1.0 1.0 1.0 1.0 1.0 1.0 1.0 1.0 1.0 1.0 1.0 1.0 1.0 1.0 1.0 1.0 0.0 0.0 0.0 0.0 
2.0 2.0 2.0 2.0 1.0 1.0 1.0 1.0 1.0 1.0 1.0 1.0 1.0 1.0 1.0 1.0 1.0 1.0 1.0 1.0 1.0 1.0 0.0 0.0 0.0 

