0.545279 0.004283 0.304445 0.972261 0.322737 0.569354 0.328114 0.699621 0.134505 0.381951 0.055273 0.741471 0.202060 0.753764 0.241168 0.070994 0.833233 0.556375 0.963844 0.070988 0.773564 0.164936 0.001102 0.887843 0.920336 
0.285196 0.935647 0.006108 0.851853 0.641850 0.941091 0.932975 0.640305 0.669768 0.169861 0.104122 0.407680 0.692037 0.734149 0.041948 0.888404 0.545619 0.842409 0.143005 0.685409 0.830206 0.619373 0.752723 0.681194 0.629843 
0.077448 0.386285 0.728409 0.235906 0.929647 0.194093 0.210001 0.086867 0.420972 0.889406 0.927677 0.965745 0.464169 0.128576 0.678588 0.371341 0.492008 0.908646 0.347955 0.667779 0.331397 0.892939 0.268868 0.494693 0.311064 
0.315757 0.247451 0.220477 0.507304 0.804245 0.175618 0.432425 0.683774 0.843707 0.446263 0.887690 0.679471 0.353943 0.406612 0.152307 0.077469 0.330607 0.423359 0.182730 0.995795 0.706761 0.627497 0.361239 0.070117 0.087545 
0.646183 0.290084 0.353537 0.288524 0.605720 0.924907 0.623584 0.950650 0.772691 0.536096 0.554792 0.771081 0.065365 0.726308 0.240782 0.611672 0.098226 0.111950 0.113477 0.548326 0.644508 0.119584 0.454264 0.549207 0.425632 
0.503665 0.638026 0.388309 0.347893 0.600875 0.090229 0.532963 0.924627 0.926369 0.400937 0.744286 0.470010 0.870676 0.072469 0.851504 0.691178 0.169752 0.064424 0.183414 0.976559 0.414588 0.664479 0.917726 0.588481 0.784245 
0.660519 0.477734 0.354194 0.613562 0.332875 0.699863 0.029219 0.802044 0.786536 0.373741 0.419238 0.266905 0.161957 0.333605 0.439154 0.797849 0.732502 0.844535 0.686771 0.942128 0.205315 0.196312 0.025868 0.895065 0.423763 
0.413421 0.348328 0.303134 0.640493 0.079438 0.392651 0.001721 0.932049 0.089167 0.746687 0.347772 0.839935 0.180634 0.009967 0.829187 0.619675 0.013911 0.659880 0.210272 0.926923 0.909279 0.074855 0.490640 0.727310 0.384978 
0.869873 0.117335 0.752181 0.765891 0.699748 0.812142 0.460563 0.095790 0.355555 0.037197 0.360555 0.919082 0.640814 0.293148 0.435297 0.856081 0.661266 0.484694 0.817447 0.427392 0.406662 0.226016 0.892011 0.627310 0.501266 
0.176777 0.474159 0.258651 0.210906 0.730720 0.370300 0.851646 0.421399 0.094505 0.718745 0.398987 0.024057 0.242103 0.306616 0.993016 0.045144 0.542469 0.995887 0.208792 0.722631 0.444692 0.824779 0.366721 0.415422 0.357660 
0.006996 0.957992 0.167799 0.998566 0.150822 0.596594 0.606462 0.209902 0.045587 0.323266 0.554696 0.311332 0.467484 0.555515 0.215625 0.130250 0.267961 0.621229 0.433697 0.634101 0.230835 0.877247 0.475446 0.633827 0.637872 
0.078100 0.268920 0.789981 0.620475 0.200015 0.307798 0.835859 0.787366 0.987228 0.597753 0.844403 0.655262 0.728328 0.745207 0.901847 0.707139 0.760216 0.293725 0.034015 0.038185 0.191067 0.495586 0.202588 0.862313 0.430713 
0.199022 0.148343 0.077349 0.436945 0.278655 0.573285 0.069784 0.633331 0.424604 0.358700 0.592266 0.893486 0.491796 0.704531 0.331841 0.528240 0.833515 0.406776 0.167625 0.855053 0.345075 0.086458 0.598832 0.317198 0.928409 
0.483039 0.745533 0.076585 0.115485 0.942456 0.444000 0.360935 0.542727 0.302106 0.513116 0.647412 0.586146 0.194508 0.665051 0.403538 0.772896 0.038612 0.712444 0.973093 0.939675 0.155459 0.157762 0.730146 0.024680 0.647591 
0.995391 0.214248 0.419878 0.334375 0.499710 0.846818 0.747785 0.981442 0.860678 0.263785 0.976137 0.249831 0.574100 0.548220 0.837418 0.843939 0.949300 0.604969 0.616255 0.596670 0.042134 0.654189 0.935898 0.008822 0.798163 
0.898831 0.560051 0.499666 0.261804 0.017869 0.203383 0.021088 0.820676 0.642666 0.793017 0.563834 0.478056 0.951925 0.619772 0.693389 0.438324 0.067642 0.317569 0.904824 0.335791 0.661281 0.377612 0.735006 0.546798 0.501955 
0.099696 0.130848 0.850437 0.472399 0.625974 0.109293 0.997695 0.566470 0.637703 0.734863 0.706710 0.464229 0.905553 0.776352 0.403214 0.072998 0.204139 0.504580 0.623799 0.377973 0.964764 0.622252 0.722267 0.046043 0.986492 
0.553721 0.157064 0.214225 0.044852 0.628193 0.532710 0.839868 0.328469 0.890809 0.975306 0.915892 0.165327 0.661754 0.844780 0.602520 0.948986 0.002060 0.735137 0.532308 0.641726 0.706440 0.045066 0.805418 0.259076 0.543818 
0.002281 0.420759 0.754748 0.357917 0.291101 0.292439 0.151771 0.082761 0.106272 0.343837 0.101295 0.065416 0.357316 0.369688 0.939054 0.559034 0.966277 0.653278 0.870961 0.570352 0.411864 0.702336 0.990822 0.158543 0.258988 
0.457640 0.399096 0.514245 0.957858 0.440682 0.778984 0.064437 0.005682 0.537014 0.585862 0.210664 0.230632 0.163355 0.222825 0.420688 0.123467 0.749142 0.938091 0.576305 0.953879 0.745142 0.034043 0.746260 0.346037 0.150032 
0.553358 0.925450 0.037392 0.742041 0.283879 0.645956 0.720461 0.310387 0.577438 0.470245 0.157675 0.079303 0.653372 0.371902 0.137801 0.465626 0.747192 0.263964 0.849951 0.701479 0.322504 0.456954 0.589152 0.672674 0.787401 
0.979650 0.263652 0.003148 0.873167 0.280044 0.242530 0.390763 0.950594 0.985594 0.747621 0.900410 0.886899 0.441552 0.481796 0.535446 0.823910 0.206044 0.794888 0.590094 0.618461 0.570772 0.517652 0.284668 0.899453 0.541313 
0.701683 0.345115 0.136735 0.977494 0.360907 0.702147 0.082379 0.427022 0.339771 0.111921 0.035467 0.937686 0.775338 0.776522 0.156484 0.378817 0.039768 0.566069 0.047246 0.845970 0.417374 0.606983 0.219341 0.292624 0.346289 
0.124530 0.816299 0.188481 0.246348 0.813149 0.867587 0.308927 0.227943 0.601576 0.000064 0.798716 0.689265 0.480014 0.946068 0.061995 0.372494 0.035564 0.400680 0.226146 0.642845 0.392503 0.929235 0.246860 0.106436 0.612917 
0.948495 0.942490 0.668057 0.722288 0.599101 0.763897 0.903623 0.802030 0.750998 0.611925 0.253317 0.234444 0.648771 0.267076 0.099399 0.556096 0.386794 0.020666 0.504204 0.751011 0.057894 0.338590 0.696950 0.448355 0.141295 

0.884414 0.682987 0.157376 0.984350 0.914823 0.933526 0.440790 0.169296 0.909389 0.891507 0.602269 0.255690 0.953882 0.322068 0.917688 0.944900 0.831772 0.668064 0.297856 0.483255 0.227386 0.214825 0.141424 0.251229 0.900220 
0.896715 0.529256 0.275420 0.792752 0.845486 0.654232 0.107210 0.156883 0.783961 0.486560 0.151200 0.046239 0.647243 0.447381 0.122392 0.819264 0.239162 0.177604 0.045641 0.674149 0.594064 0.753974 0.407182 0.055200 0.994076 
0.195797 0.255519 0.364394 0.108246 0.281368 0.247551 0.504501 0.144695 0.196173 0.794138 0.065690 0.511770 0.086785 0.422383 0.515084 0.585300 0.350839 0.704007 0.843534 0.004181 0.175625 0.031764 0.977552 0.900298 0.817200 
0.372020 0.808210 0.656476 0.863466 0.581548 0.664571 0.807827 0.510338 0.396783 0.685528 0.788447 0.212080 0.441338 0.077138 0.545385 0.207178 0.018938 0.393429 0.187551 0.420438 0.946242 0.343930 0.088176 0.920061 0.447935 
0.259555 0.662299 0.707870 0.864231 0.446455 0.340232 0.994059 0.679507 0.550639 0.043454 0.653841 0.269506 0.038809 0.160698 0.781073 0.156635 0.329413 0.157835 0.640159 0.269969 0.953106 0.130919 0.170311 0.185201 0.771539 
0.711799 0.024392 0.883265 0.318412 0.888733 0.995349 0.883523 0.860682 0.476865 0.949181 0.192388 0.103232 0.321761 0.027654 0.301425 0.837869 0.049095 0.235411 0.000546 0.516474 0.509197 0.821873 0.876928 0.233579 0.646128 
0.882117 0.288899 0.307655 0.196275 0.631627 0.618643 0.735492 0.151311 0.308244 0.525471 0.035579 0.483290 0.102641 0.351662 0.767960 0.132329 0.962516 0.519997 0.323823 0.996772 0.400554 0.509881 0.720311 0.024619 0.320021 
0.286503 0.517578 0.990530 0.791490 0.468755 0.348351 0.157399 0.178840 0.321887 0.371444 0.883730 0.831162 0.763489 0.932101 0.812972 0.755451 0.660448 0.180318 0.782363 0.829725 0.870019 0.056287 0.303337 0.720495 0.297330 
0.140335 0.357370 0.972338 0.081293 0.271634 0.323462 0.792016 0.591754 0.709234 0.727630 0.714997 0.759141 0.198664 0.725422 0.007836 0.928350 0.311847 0.426716 0.488006 0.625821 0.254493 0.123269 0.226707 0.603172 0.843136 
0.735837 0.302937 0.525836 0.683611 0.846120 0.983522 0.408063 0.892160 0.907063 0.906111 0.738898 0.099792 0.045166 0.630488 0.577210 0.069975 0.845281 0.824406 0.925277 0.145553 0.466614 0.384156 0.016923 0.957226 0.624314 
0.506010 0.294938 0.955679 0.190831 0.592152 0.463230 0.544353 0.678461 0.744501 0.841397 0.067008 0.523027 0.855300 0.893810 0.367069 0.802537 0.168458 0.122558 0.115601 0.389787 0.916989 0.300699 0.303760 0.210336 0.722657 
0.701116 0.678823 0.258070 0.038630 0.156687 0.325970 0.557926 0.262517 0.142534 0.298052 0.473352 0.306815 0.504776 0.316874 0.045544 0.566612 0.759062 0.741536 0.632753 0.032171 0.333616 0.032891 0.696789 0.231068 0.363192 
0.935869 0.069696 0.497647 0.979431 0.012681 0.820605 0.650651 0.676332 0.191585 0.427452 0.110877 0.165378 0.561385 0.716974 0.672128 0.978981 0.188352 0.235758 0.474464 0.461365 0.270688 0.748280 0.621397 0.452801 0.642041 
0.227144 0.923363 0.587834 0.612865 0.745376 0.362582 0.954120 0.722923 0.659036 0.745806 0.624383 0.936723 0.278414 0.866934 0.862058 0.757039 0.539822 0.214841 0.694498 0.390368 0.622468 0.542797 0.822418 0.783911 0.174435 
0.518293 0.097701 0.047754 0.275747 0.537683 0.631269 0.625465 0.985219 0.726714 0.159869 0.764658 0.846119 0.123915 0.264636 0.750186 0.717264 0.890682 0.314978 0.223141 0.054087 0.118949 0.515655 0.594962 0.457756 0.442862 
0.448147 0.396671 0.737249 0.122877 0.616227 0.983660 0.624186 0.908963 0.268276 0.885483 0.088615 0.229913 0.655631 0.726542 0.064793 0.086552 0.164132 0.343459 0.743093 0.923424 0.139445 0.293173 0.839928 0.945161 0.632941 
0.738285 0.487830 0.863001 0.325018 0.823423 0.062845 0.443358 0.210607 0.306417 0.625176 0.862014 0.306548 0.456036 0.943628 0.388489 0.349985 0.073674 0.266864 0.486459 0.299955 0.936448 0.172172 0.215978 0.015880 0.575342 
0.271999 0.106100 0.088223 0.857518 0.939663 0.863790 0.916921 0.322664 0.633706 0.187646 0.647461 0.793653 0.896070 0.338946 0.502953 0.420931 0.017222 0.571977 0.096338 0.787867 0.532819 0.232130 0.836138 0.018479 0.550685 
0.667762 0.722100 0.020957 0.292583 0.275931 0.341193 0.620167 0.422572 0.161799 0.481609 0.253719 0.959574 0.949684 0.918884 0.376249 0.558521 0.526938 0.080515 0.358570 0.099345 0.792909 0.954998 0.274136 0.005534 0.672715 
0.640662 0.423708 0.401276 0.602111 0.963788 0.680890 0.844562 0.201950 0.731461 0.117935 0.320226 0.672496 0.414982 0.469809 0.218531 0.435701 0.106983 0.561192 0.328839 0.185382 0.320020 0.590488 0.989389 0.534568 0.988024 
0.812877 0.987834 0.362078 0.947932 0.563500 0.712367 0.038178 0.496122 0.571420 0.680220 0.226834 0.602856 0.166825 0.347184 0.185623 0.057223 0.500791 0.064026 0.202195 0.001422 0.013912 0.323782 0.355010 0.137109 0.779700 
0.568454 0.857423 0.089956 0.345614 0.386356 0.258635 0.732990 0.020460 0.950273 0.677703 0.297869 0.744440 0.744984 0.966595 0.546041 0.528558 0.047726 0.890114 0.778241 0.554471 0.666967 0.430323 0.826558 0.238484 0.325266 
0.585968 0.174392 0.508480 0.870600 0.471278 0.993739 0.148520 0.605920 0.281291 0.882417 0.884604 0.726771 0.512123 0.742031 0.199550 0.492005 0.923867 0.046952 0.420586 0.558731 0.430076 0.109647 0.304377 0.044238 0.917636 
0.942206 0.815132 0.229269 0.660515 0.472018 0.751959 0.407289 0.971386 0.512213 0.057231 0.277463 0.817608 0.479403 0.828837 0.263893 0.177787 0.826062 0.609532 0.304651 0.955172 0.043062 0.808499 0.832578 0.444121 0.012901 
0.454881 0.951756 0.415772 0.984312 0.260200 0.601367 0.762131 0.177519 0.794855 0.294234 0.666374 0.943276 0.752892 0.083444 0.478834 0.233325 0.292781 0.645374 0.587641 0.824955 0.649461 0.653291 0.731703 0.234572 0.606664 

-0.037772 -0.236804 0.015104 0.058312 0.402970 -0.177662 -0.180017 -1.443777 0.471492 0.226491 0.538174 -1.258995 0.563303 -1.248619 0.386504 -1.975020 -2.595714 -2.010926 -1.581181 -1.174318 -1.131982 -0.718042 -0.265698 -1.325042 -2.804433 
-0.146960 0.045970 0.090320 -0.126061 -0.001113 -1.318664 0.110767 -1.143247 -0.542135 0.060189 0.115108 -0.718652 -0.628771 -1.032307 0.176573 -2.672716 -0.914834 -1.099398 -0.155579 -1.897383 -1.873672 -2.196742 -1.798221 -0.815028 -2.634109 
-0.047972 -0.012834 0.100777 -0.144509 -0.002895 0.026732 0.059816 -0.107551 -0.489401 -1.080733 -1.815545 -1.403501 -0.814199 0.096426 -0.863650 -1.455994 -1.142017 -2.382639 -2.113335 -0.690879 -0.538818 -1.075627 -2.128763 -2.343722 -1.929114 
-0.149784 0.075729 -0.178125 -0.118754 -0.134381 -0.089356 0.128582 0.268378 -1.154880 -0.211324 -1.186454 -1.271681 -0.275008 -0.657506 0.149554 0.088277 -0.358044 -0.384132 -0.550625 -1.881319 -0.506203 -1.378467 -0.681166 -2.054064 -1.173191 
-0.010067 -0.045821 0.202355 0.070360 -0.049614 -0.108361 0.066882 -1.034318 -0.970499 -0.961516 -0.265353 -1.354716 -0.043386 -1.189895 0.182508 -0.985898 0.032012 -0.135749 -1.363315 -0.934791 -0.507403 -0.353150 -0.756980 -0.824243 -1.825215 
0.106278 0.003126 -0.087287 0.143169 0.241211 -0.099301 -0.095425 0.148378 -1.356226 -0.004631 -1.487888 -0.896725 -1.543697 -0.067686 -1.419704 -0.483937 -0.355295 0.154478 -0.259015 -1.501591 -1.503830 -2.355373 -2.710715 -1.203412 -2.034313 
-0.169803 -0.162326 0.007718 -0.095505 0.006685 -0.081324 0.026934 0.030749 -1.210522 -0.272231 -0.803391 -0.059648 -0.213828 -0.380963 -0.150587 -1.367044 -0.438655 -1.224777 -0.900980 -0.876528 0.093716 -1.079397 -1.577537 -0.985058 -0.981210 
-0.092557 -0.044496 0.087503 0.144797 -0.065249 -0.073133 0.029218 -0.104496 0.047944 -1.075005 0.073898 -0.928403 0.399898 0.987302 -0.869830 -0.494309 0.614051 -1.066086 0.525937 -1.240339 -1.033810 -0.261594 -0.883459 -2.183445 -0.799820 
0.009646 0.021919 0.176084 0.093620 0.098826 0.018778 0.022576 -0.139107 0.097987 0.604635 -0.006197 -1.076633 -0.958503 0.017630 -0.942627 -0.939086 -0.910522 -0.434195 -1.078738 -0.399781 -0.744486 -0.499799 -1.337321 -2.009599 -2.256540 
-0.099261 -0.040073 0.095721 -0.014858 0.216886 0.069698 -0.023628 -0.078674 0.074500 -0.499976 -0.194187 0.276316 -0.468624 0.034721 -1.597666 -0.031119 -0.244039 -0.990849 -2.043696 -0.925282 -0.345188 -1.777321 -0.403952 -2.312120 -1.640502 
0.184000 0.096793 -0.011144 0.161228 0.002888 0.028950 -0.144662 -0.125158 0.062215 -0.030652 -0.247759 -0.043844 -0.120027 -0.116537 -0.253448 0.630699 -0.266101 -1.072940 -0.759268 -1.390710 -1.967596 -1.395605 -0.890209 -1.226029 -2.313251 
-0.046770 0.198425 -0.010153 0.219159 0.062533 -0.074489 0.048439 0.012729 0.046517 -0.002836 -1.128808 -1.102431 -0.999501 -1.098816 -1.665377 -0.958293 -0.807298 0.212185 0.491750 -0.061495 -0.894963 -0.750730 -1.639745 -1.500594 -1.247663 
-0.091841 -0.108242 -0.027832 -0.025963 -0.122762 -0.009414 -0.057562 0.105511 -0.022604 0.064846 -0.050613 -1.579063 -0.393797 -0.748460 0.030228 -0.184696 -1.413686 -0.531570 0.069531 -1.688993 -0.896413 -1.697451 -1.864791 -1.316130 -2.232852 
-0.060469 -0.014493 0.102507 0.047606 0.070082 -0.067892 -0.003658 -0.155932 0.012219 0.175733 0.099307 -0.130903 -0.015985 -0.514815 0.088461 -0.902985 0.425003 -0.957230 -2.373501 -1.568475 -1.253801 -1.156050 -2.266289 -1.538908 -0.836906 
-0.046818 0.090999 0.228259 -0.066952 0.104822 0.022517 0.150169 0.031389 -0.029805 -0.437516 -1.311793 0.117505 -1.099189 -0.649125 2.344342 -1.066014 -1.193383 1.292421 -1.025128 -0.652256 -0.283733 -1.627679 -2.263970 -0.934177 -1.637320 
-0.131321 0.045506 0.021989 0.127899 -0.018249 0.080008 -0.066067 0.111233 -0.081945 0.092418 -0.988341 0.107324 -1.322865 -0.439103 0.779724 0.610979 0.552979 0.902749 -2.181540 -2.276404 1.042732 -0.866612 -2.436169 2.535689 -1.725106 
0.134111 0.039236 0.151545 0.121800 0.011655 -0.054621 0.027033 -0.041971 -0.121102 0.030889 -0.175694 0.022940 0.062603 -0.596761 1.233184 0.666898 0.340407 -1.033387 -1.564259 -1.038490 2.948955 1.053080 1.305890 0.046284 2.198118 
-0.097784 0.404698 -0.122464 -0.107105 -0.037250 0.054762 0.728366 0.398534 1.094121 1.680054 0.264028 0.106673 0.451658 -1.207828 1.624079 1.946476 0.152073 1.882333 0.799055 2.372782 1.724159 0.447598 2.601611 0.143611 1.521684 
-0.143313 0.048157 1.466596 0.262137 0.094179 -0.029150 -0.287707 -0.359918 0.195685 0.166387 0.036635 -0.589984 -0.109852 -0.244898 1.496770 1.584552 2.000822 0.859316 1.539708 0.874356 1.922560 2.583109 1.529459 0.356562 1.558554 
-0.050429 0.318690 0.494834 1.268678 -0.068294 1.054098 -0.678709 -0.189250 0.521485 1.121402 0.184236 -0.190148 0.003703 0.031267 0.898699 1.001941 1.062727 1.947852 1.188069 1.221383 1.475857 1.175222 2.826219 1.441313 2.110367 
0.318441 0.796489 -0.327053 0.403073 -0.034657 0.585443 1.232157 0.049151 0.582450 0.422681 0.316794 -0.496617 1.032491 1.003761 0.434203 0.483679 1.786927 0.389931 1.226053 0.809094 0.486523 0.982986 1.358664 0.915101 2.313630 
1.256895 -0.392909 -0.063968 1.314151 0.344162 0.229554 0.036677 1.869402 1.055951 0.862989 1.532186 1.236486 0.270409 2.352374 1.697827 1.835952 0.292096 2.562354 2.289046 1.551503 1.862298 1.175793 1.803159 1.506709 1.309909 
0.753542 0.499919 -0.307672 1.004162 0.214609 0.348111 0.140745 0.410729 0.300580 -0.672143 -0.693131 1.117860 0.982788 2.344886 0.683632 1.340037 1.924313 0.610192 0.726225 1.975975 1.201113 0.989783 0.845673 0.360402 2.039585 
-0.563976 0.762496 0.229979 -0.151614 1.184864 0.821656 0.294842 -0.287642 0.760146 -0.115797 1.240962 0.607273 0.458546 0.955614 0.480528 0.680584 1.573856 1.655981 0.668513 2.562337 0.454723 2.676581 1.896594 1.013645 0.819807 
1.335915 0.863083 0.897082 0.404034 1.058873 0.878468 1.217937 1.533461 0.657393 1.022889 -0.107098 -0.362315 0.412759 0.400766 -0.341909 0.809043 1.000747 1.285951 1.719716 2.414512 1.394089 1.680332 2.108531 0.905922 1.293349 

3 3 3 3 1 1 1 1 1 1 1 1 1 1 1 0 0 0 0 0 0 0 0 0 0 
3 3 3 3 3 1 3 1 1 1 1 1 1 1 1 0 0 0 0 0 0 0 0 0 0 
3 3 3 3 3 3 3 1 1 1 1 1 1 1 1 0 0 0 0 0 1 0 0 0 0 
3 3 3 3 3 3 3 3 1 1 1 1 1 1 1 1 0 1 0 0 1 0 0 0 0 
3 3 3 3 3 3 3 1 1 1 1 1 1 1 1 1 1 1 0 1 1 0 0 0 0 
3 3 3 3 3 3 3 3 1 1 1 1 1 1 1 1 1 1 0 1 0 0 0 0 0 
3 3 3 3 3 3 3 3 1 1 1 1 1 1 1 1 1 1 1 1 1 0 0 0 0 
3 3 3 3 3 3 3 3 1 1 1 1 1 1 1 1 1 1 1 1 1 0 0 0 0 
3 3 3 3 3 3 3 3 1 1 1 1 1 1 1 1 1 1 1 1 1 0 0 0 0 
3 3 3 3 3 3 3 3 3 1 1 1 1 1 1 1 1 1 0 0 1 0 0 0 0 
3 3 3 3 3 3 3 3 3 3 3 3 1 1 1 1 1 1 0 0 0 0 0 0 0 
3 3 3 3 3 3 3 3 3 3 1 1 1 1 1 1 1 1 1 1 0 0 0 0 0 
3 3 3 3 3 3 3 3 3 3 3 1 1 1 1 1 1 1 1 0 0 0 0 0 0 
3 3 3 3 3 3 3 3 3 3 3 1 1 1 1 1 1 0 0 0 0 0 0 0 0 
3 3 3 3 3 3 3 3 3 1 1 1 1 1 2 1 1 2 0 0 0 0 0 0 0 
3 3 3 3 3 3 3 3 3 3 1 3 1 1 2 2 2 2 0 0 2 0 0 2 0 
3 3 3 3 3 3 3 3 3 3 3 3 3 1 2 2 2 0 0 0 2 2 2 2 2 
3 4 3 3 3 3 4 4 4 4 3 3 4 1 2 2 2 2 2 2 2 2 2 2 2 
3 4 4 4 3 3 4 4 4 4 4 4 4 4 4 2 2 2 2 2 2 2 2 2 2 
3 4 4 4 4 4 4 4 4 4 4 4 4 4 2 2 2 2 2 2 2 2 2 2 2 
4 4 4 4 4 4 4 4 4 4 4 4 4 2 2 2 2 2 2 2 2 2 2 2 2 
4 4 4 4 4 4 4 4 4 4 4 4 4 2 2 2 2 2 2 2 2 2 2 2 2 
4 4 4 4 4 4 4 4 4 4 4 4 4 2 2 2 2 2 2 2 2 2 2 2 2 
4 4 4 4 4 4 4 4 4 4 4 4 4 4 2 2 2 2 2 2 2 2 2 2 2 
4 4 4 4 4 4 4 4 4 4 4 4 4 4 4 2 2 2 2 2 2 2 2 2 2 

0.0 0.0 0.0 0.0 -2.0 -2.0 -2.0 -2.0 -2.0 -2.0 -2.0 -2.0 -2.0 -2.0 -2.0 -1.0 -1.0 -1.0 -1.0 -1.0 -1.0 -1.0 -1.0 -1.0 -1.0 
0.0 0.0 0.0 0.0 0.0 -2.0 0.0 -2.0 -2.0 -2.0 -2.0 -2.0 -2.0 -2.0 -2.0 -1.0 -1.0 -1.0 -1.0 -1.0 -1.0 -1.0 -1.0 -1.0 -1.0 
0.0 0.0 0.0 0.0 0.0 0.0 0.0 -2.0 -2.0 -2.0 -2.0 -2.0 -2.0 -2.0 -2.0 -1.0 -1.0 -1.0 -1.0 -1.0 -2.0 -1.0 -1.0 -1.0 -1.0 
0.0 0.0 0.0 0.0 0.0 0.0 0.0 0.0 -2.0 -2.0 -2.0 -2.0 -2.0 -2.0 -2.0 -2.0 -1.0 -2.0 -1.0 -1.0 -2.0 -1.0 -1.0 -1.0 -1.0 
0.0 0.0 0.0 0.0 0.0 0.0 0.0 -2.0 -2.0 -2.0 -2.0 -2.0 -2.0 -2.0 -2.0 -2.0 -2.0 -2.0 -1.0 -2.0 -2.0 -1.0 -1.0 -1.0 -1.0 
0.0 0.0 0.0 0.0 0.0 0.0 0.0 0.0 -2.0 -2.0 -2.0 -2.0 -2.0 -2.0 -2.0 -2.0 -2.0 -2.0 -1.0 -2.0 -1.0 -1.0 -1.0 -1.0 -1.0 
0.0 0.0 0.0 0.0 0.0 0.0 0.0 0.0 -2.0 -2.0 -2.0 -2.0 -2.0 -2.0 -2.0 -2.0 -2.0 -2.0 -2.0 -2.0 -2.0 -1.0 -1.0 -1.0 -1.0 
0.0 0.0 0.0 0.0 0.0 0.0 0.0 0.0 -2.0 -2.0 -2.0 -2.0 -2.0 -2.0 -2.0 -2.0 -2.0 -2.0 -2.0 -2.0 -2.0 -1.0 -1.0 -1.0 -1.0 
0.0 0.0 0.0 0.0 0.0 0.0 0.0 0.0 -2.0 -2.0 -2.0 -2.0 -2.0 -2.0 -2.0 -2.0 -2.0 -2.0 -2.0 -2.0 -2.0 -1.0 -1.0 -1.0 -1.0 
0.0 0.0 0.0 0.0 0.0 0.0 0.0 0.0 0.0 -2.0 -2.0 -2.0 -2.0 -2.0 -2.0 -2.0 -2.0 -2.0 -1.0 -1.0 -2.0 -1.0 -1.0 -1.0 -1.0 
0.0 0.0 0.0 0.0 0.0 0.0 0.0 0.0 0.0 0.0 0.0 0.0 -2.0 -2.0 -2.0 -2.0 -2.0 -2.0 -1.0 -1.0 -1.0 -1.0 -1.0 -1.0 -1.0 
0.0 0.0 0.0 0.0 0.0 0.0 0.0 0.0 0.0 0.0 -2.0 -2.0 -2.0 -2.0 -2.0 -2.0 -2.0 -2.0 -2.0 -2.0 -1.0 -1.0 -1.0 -1.0 -1.0 
0.0 0.0 0.0 0.0 0.0 0.0 0.0 0.0 0.0 0.0 0.0 -2.0 -2.0 -2.0 -2.0 -2.0 -2.0 -2.0 -2.0 -1.0 -1.0 -1.0 -1.0 -1.0 -1.0 
0.0 0.0 0.0 0.0 0.0 0.0 0.0 0.0 0.0 0.0 0.0 -2.0 -2.0 -2.0 -2.0 -2.0 -2.0 -1.0 -1.0 -1.0 -1.0 -1.0 -1.0 -1.0 -1.0 
0.0 0.0 0.0 0.0 0.0 0.0 0.0 0.0 0.0 -2.0 -2.0 -2.0 -2.0 -2.0 1.0 -2.0 -2.0 1.0 -1.0 -1.0 -1.0 -1.0 -1.0 -1.0 -1.0 
0.0 0.0 0.0 0.0 0.0 0.0 0.0 0.0 0.0 0.0 -2.0 0.0 -2.0 -2.0 1.0 1.0 1.0 1.0 -1.0 -1.0 1.0 -1.0 -1.0 1.0 -1.0 
0.0 0.0 0.0 0.0 0.0 0.0 0.0 0.0 0.0 0.0 0.0 0.0 0.0 -2.0 1.0 1.0 1.0 -1.0 -1.0 -1.0 1.0 1.0 1.0 1.0 1.0 
0.0 2.0 0.0 0.0 0.0 0.0 2.0 2.0 2.0 2.0 0.0 0.0 2.0 -2.0 1.0 1.0 1.0 1.0 1.0 1.0 1.0 1.0 1.0 1.0 1.0 
0.0 2.0 2.0 2.0 0.0 0.0 2.0 2.0 2.0 2.0 2.0 2.0 2.0 2.0 2.0 1.0 1.0 1.0 1.0 1.0 1.0 1.0 1.0 1.0 1.0 
0.0 2.0 2.0 2.0 2.0 2.0 2.0 2.0 2.0 2.0 2.0 2.0 2.0 2.0 1.0 1.0 1.0 1.0 1.0 1.0 1.0 1.0 1.0 1.0 1.0 
2.0 2.0 2.0 2.0 2.0 2.0 2.0 2.0 2.0 2.0 2.0 2.0 2.0 1.0 1.0 1.0 1.0 1.0 1.0 1.0 1.0 1.0 1.0 1.0 1.0 
2.0 2.0 2.0 2.0 2.0 2.0 2.0 2.0 2.0 2.0 2.0 2.0 2.0 1.0 1.0 1.0 1.0 1.0 1.0 1.0 1.0 1.0 1.0 1.0 1.0 
2.0 2.0 2.0 2.0 2.0 2.0 2.0 2.0 2.0 2.0 2.0 2.0 2.0 1.0 1.0 1.0 1.0 1.0 1.0 1.0 1.0 1.0 1.0 1.0 1.0 
2.0 2.0 2.0 2.0 2.0 2.0 2.0 2.0 2.0 2.0 2.0 2.0 2.0 2.0 1.0 1.0 1.0 1.0 1.0 1.0 1.0 1.0 1.0 1.0 1.0 
2.0 2.0 2.0 2.0 2.0 2.0 2.0 2.0 2.0 2.0 2.0 2.0 2.0 2.0 2.0 1.0 1.0 1.0 1.0 1.0 1.0 1.0 1.0 1.0 1.0 

0.0 0.0 0.0 0.0 1.0 1.0 1.0 1.0 1.0 1.0 1.0 1.0 1.0 1.0 1.0 -2.0 -2.0 -2.0 -2.0 -2.0 -2.0 -2.0 -2.0 -2.0 -2.0 
0.0 0.0 0.0 0.0 0.0 1.0 0.0 1.0 1.0 1.0 1.0 1.0 1.0 1.0 1.0 -2.0 -2.0 -2.0 -2.0 -2.0 -2.0 -2.0 -2.0 -2.0 -2.0 
0.0 0.0 0.0 0.0 0.0 0.0 0.0 1.0 1.0 1.0 1.0 1.0 1.0 1.0 1.0 -2.0 -2.0 -2.0 -2.0 -2.0 1.0 -2.0 -2.0 -2.0 -2.0 
0.0 0.0 0.0 0.0 0.0 0.0 0.0 0.0 1.0 1.0 1.0 1.0 1.0 1.0 1.0 1.0 -2.0 1.0 -2.0 -2.0 1.0 -2.0 -2.0 -2.0 -2.0 
0.0 0.0 0.0 0.0 0.0 0.0 0.0 1.0 1.0 1.0 1.0 1.0 1.0 1.0 1.0 1.0 1.0 1.0 -2.0 1.0 1.0 -2.0 -2.0 -2.0 -2.0 
0.0 0.0 0.0 0.0 0.0 0.0 0.0 0.0 1.0 1.0 1.0 1.0 1.0 1.0 1.0 1.0 1.0 1.0 -2.0 1.0 -2.0 -2.0 -2.0 -2.0 -2.0 
0.0 0.0 0.0 0.0 0.0 0.0 0.0 0.0 1.0 1.0 1.0 1.0 1.0 1.0 1.0 1.0 1.0 1.0 1.0 1.0 1.0 -2.0 -2.0 -2.0 -2.0 
0.0 0.0 0.0 0.0 0.0 0.0 0.0 0.0 1.0 1.0 1.0 1.0 1.0 1.0 1.0 1.0 1.0 1.0 1.0 1.0 1.0 -2.0 -2.0 -2.0 -2.0 
0.0 0.0 0.0 0.0 0.0 0.0 0.0 0.0 1.0 1.0 1.0 1.0 1.0 1.0 1.0 1.0 1.0 1.0 1.0 1.0 1.0 -2.0 -2.0 -2.0 -2.0 
0.0 0.0 0.0 0.0 0.0 0.0 0.0 0.0 0.0 1.0 1.0 1.0 1.0 1.0 1.0 1.0 1.0 1.0 -2.0 -2.0 1.0 -2.0 -2.0 -2.0 -2.0 
0.0 0.0 0.0 0.0 0.0 0.0 0.0 0.0 0.0 0.0 0.0 0.0 1.0 1.0 1.0 1.0 1.0 1.0 -2.0 -2.0 -2.0 -2.0 -2.0 -2.0 -2.0 
0.0 0.0 0.0 0.0 0.0 0.0 0.0 0.0 0.0 0.0 1.0 1.0 1.0 1.0 1.0 1.0 1.0 1.0 1.0 1.0 -2.0 -2.0 -2.0 -2.0 -2.0 
0.0 0.0 0.0 0.0 0.0 0.0 0.0 0.0 0.0 0.0 0.0 1.0 1.0 1.0 1.0 1.0 1.0 1.0 1.0 -2.0 -2.0 -2.0 -2.0 -2.0 -2.0 
0.0 0.0 0.0 0.0 0.0 0.0 0.0 0.0 0.0 0.0 0.0 1.0 1.0 1.0 1.0 1.0 1.0 -2.0 -2.0 -2.0 -2.0 -2.0 -2.0 -2.0 -2.0 
0.0 0.0 0.0 0.0 0.0 0.0 0.0 0.0 0.0 1.0 1.0 1.0 1.0 1.0 2.0 1.0 1.0 2.0 -2.0 -2.0 -2.0 -2.0 -2.0 -2.0 -2.0 
0.0 0.0 0.0 0.0 0.0 0.0 0.0 0.0 0.0 0.0 1.0 0.0 1.0 1.0 2.0 2.0 2.0 2.0 -2.0 -2.0 2.0 -2.0 -2.0 2.0 -2.0 
0.0 0.0 0.0 0.0 0.0 0.0 0.0 0.0 0.0 0.0 0.0 0.0 0.0 1.0 2.0 2.0 2.0 -2.0 -2.0 -2.0 2.0 2.0 2.0 2.0 2.0 
0.0 -1.0 0.0 0.0 0.0 0.0 -1.0 -1.0 -1.0 -1.0 0.0 0.0 -1.0 1.0 2.0 2.0 2.0 2.0 2.0 2.0 2.0 2.0 2.0 2.0 2.0 
0.0 -1.0 -1.0 -1.0 0.0 0.0 -1.0 -1.0 -1.0 -1.0 -1.0 -1.0 -1.0 -1.0 -1.0 2.0 2.0 2.0 2.0 2.0 2.0 2.0 2.0 2.0 2.0 
0.0 -1.0 -1.0 -1.0 -1.0 -1.0 -1.0 -1.0 -1.0 -1.0 -1.0 -1.0 -1.0 -1.0 2.0 2.0 2.0 2.0 2.0 2.0 2.0 2.0 2.0 2.0 2.0 
-1.0 -1.0 -1.0 -1.0 -1.0 -1.0 -1.0 -1.0 -1.0 -1.0 -1.0 -1.0 -1.0 2.0 2.0 2.0 2.0 2.0 2.0 2.0 2.0 2.0 2.0 2.0 2.0 
-1.0 -1.0 -1.0 -1.0 -1.0 -1.0 -1.0 -1.0 -1.0 -1.0 -1.0 -1.0 -1.0 2.0 2.0 2.0 2.0 2.0 2.0 2.0 2.0 2.0 2.0 2.0 2.0 
-1.0 -1.0 -1.0 -1.0 -1.0 -1.0 -1.0 -1.0 -1.0 -1.0 -1.0 -1.0 -1.0 2.0 2.0 2.0 2.0 2.0 2.0 2.0 2.0 2.0 2.0 2.0 2.0 
-1.0 -1.0 -1.0 -1.0 -1.0 -1.0 -1.0 -1.0 -1.0 -1.0 -1.0 -1.0 -1.0 -1.0 2.0 2.0 2.0 2.0 2.0 2.0 2.0 2.0 2.0 2.0 2.0 
-1.0 -1.0 -1.0 -1.0 -1.0 -1.0 -1.0 -1.0 -1.0 -1.0 -1.0 -1.0 -1.0 -1.0 -1.0 2.0 2.0 2.0 2.0 2.0 2.0 2.0 2.0 2.0 2.0 

