0.020721 0.586774 0.636305 0.421276 0.909812 0.977530 0.098759 0.434132 0.680537 0.247309 0.416454 0.126112 0.409009 0.897069 0.141053 0.336643 0.576806 0.897074 0.571027 0.942648 0.494916 0.551374 0.548006 0.583684 0.060783 
0.555014 0.344444 0.852044 0.287569 0.456558 0.841413 0.299339 0.572277 0.630670 0.297635 0.377472 0.725840 0.224447 0.279752 0.894665 0.687197 0.958848 0.420090 0.062140 0.321669 0.596194 0.746876 0.966166 0.940933 0.152343 
0.352717 0.416896 0.280054 0.988708 0.996224 0.649296 0.675462 0.302072 0.648973 0.634090 0.970074 0.224670 0.131549 0.703375 0.554219 0.448099 0.081059 0.921442 0.759169 0.241191 0.357374 0.511926 0.977243 0.155062 0.985666 
0.395582 0.969201 0.042507 0.317057 0.951447 0.013726 0.861641 0.207276 0.017795 0.018528 0.467366 0.444597 0.863098 0.072162 0.405129 0.481780 0.373628 0.137291 0.873829 0.023143 0.600651 0.820713 0.950563 0.839749 0.936263 
0.443373 0.837194 0.902738 0.282508 0.216520 0.823556 0.386757 0.017759 0.089635 0.449656 0.912746 0.331569 0.058147 0.118482 0.823722 0.537821 0.837154 0.161913 0.005330 0.319154 0.228731 0.384294 0.529032 0.540930 0.112145 
0.166401 0.667245 0.140720 0.606321 0.853227 0.116647 0.586278 0.888316 0.162478 0.283414 0.166365 0.043952 0.053668 0.113665 0.785243 0.662530 0.174517 0.370289 0.356125 0.382262 0.313885 0.494501 0.227295 0.266479 0.692680 
0.931146 0.734439 0.809252 0.673453 0.980404 0.988829 0.421659 0.496858 0.105240 0.637222 0.533512 0.014373 0.495031 0.487812 0.403742 0.990299 0.229781 0.703530 0.685111 0.286900 0.927272 0.579629 0.942294 0.040144 0.631584 
0.789644 0.662064 0.947736 0.263000 0.885625 0.056950 0.856996 0.766571 0.837218 0.767412 0.203834 0.622815 0.664892 0.740153 0.355379 0.434163 0.812643 0.110652 0.009472 0.435181 0.974905 0.833778 0.515966 0.651729 0.423712 
0.864145 0.768224 0.695256 0.209212 0.784452 0.695178 0.055970 0.833965 0.935924 0.996192 0.855314 0.918085 0.816330 0.556684 0.957060 0.441515 0.293937 0.313241 0.682247 0.236217 0.191633 0.347574 0.714169 0.590133 0.908654 
0.895014 0.958395 0.219474 0.292339 0.936416 0.384764 0.009259 0.871159 0.993453 0.199265 0.260583 0.825965 0.657009 0.713917 0.119223 0.884764 0.720710 0.679955 0.381257 0.520407 0.238656 0.367790 0.087551 0.429586 0.283769 
0.025827 0.048946 0.913999 0.371003 0.368968 0.289478 0.522896 0.646257 0.968308 0.048560 0.373625 0.913524 0.403791 0.446270 0.196384 0.461276 0.661898 0.907356 0.234710 0.129618 0.450200 0.448326 0.882613 0.765654 0.480284 
0.336802 0.895419 0.778336 0.730959 0.293073 0.448703 0.552616 0.324936 0.310350 0.634880 0.476454 0.963900 0.194109 0.985231 0.212702 0.017266 0.766139 0.968517 0.663445 0.718668 0.157463 0.902295 0.948510 0.560005 0.613965 
0.495942 0.220665 0.938902 0.782634 0.851346 0.242060 0.119258 0.725539 0.733929 0.408747 0.728247 0.549551 0.259935 0.075676 0.269580 0.131752 0.799820 0.952568 0.397359 0.822610 0.766174 0.120972 0.585555 0.945447 0.394384 
0.317838 0.219796 0.968061 0.841050 0.019465 0.027767 0.238148 0.148292 0.343948 0.200471 0.167371 0.912491 0.938176 0.182443 0.037048 0.407823 0.141727 0.571270 0.054781 0.109106 0.661916 0.691504 0.812991 0.486906 0.860600 
0.628348 0.383265 0.155522 0.600713 0.606022 0.522419 0.931808 0.709814 0.518751 0.141571 0.742909 0.443658 0.603705 0.508743 0.361793 0.873793 0.927890 0.579673 0.372135 0.436839 0.980928 0.738496 0.929484 0.811818 0.653589 
0.565483 0.788350 0.644830 0.795440 0.816954 0.018759 0.793494 0.727979 0.207552 0.326611 0.804847 0.765303 0.991931 0.248883 0.105036 0.219696 0.173303 0.931414 0.289911 0.359418 0.365885 0.935391 0.521669 0.393530 0.534669 
0.537604 0.843574 0.747282 0.783674 0.637835 0.348540 0.878967 0.730604 0.843138 0.776417 0.811734 0.393821 0.294245 0.341334 0.643204 0.146488 0.833037 0.649774 0.438335 0.684710 0.593816 0.005931 0.617494 0.612745 0.012058 
0.054535 0.904363 0.195257 0.066175 0.370114 0.700481 0.061074 0.648198 0.202474 0.543966 0.275339 0.724753 0.186399 0.560844 0.530847 0.025248 0.623836 0.483266 0.573015 0.939579 0.341338 0.638001 0.751936 0.228943 0.194046 
0.198196 0.146930 0.323929 0.917970 0.182383 0.269459 0.148248 0.215387 0.354707 0.247704 0.872735 0.516509 0.882098 0.569009 0.175887 0.021650 0.966023 0.206669 0.068824 0.303200 0.391570 0.209033 0.774052 0.798193 0.769960 
0.644160 0.350515 0.586133 0.801180 0.401056 0.455389 0.521262 0.826662 0.046163 0.963320 0.202670 0.691442 0.220168 0.730776 0.644880 0.994232 0.428478 0.284408 0.804365 0.284167 0.374069 0.702198 0.446993 0.193437 0.003721 
0.854931 0.733924 0.731570 0.461359 0.712997 0.243504 0.500014 0.194859 0.708864 0.551998 0.112361 0.617752 0.105180 0.693100 0.531267 0.435916 0.722495 0.155618 0.594372 0.841707 0.224286 0.854980 0.003232 0.201930 0.392199 
0.480138 0.563311 0.419696 0.618525 0.143571 0.207144 0.118626 0.860106 0.397616 0.442130 0.251930 0.070217 0.657401 0.906551 0.679121 0.959713 0.222512 0.137332 0.662694 0.234795 0.370820 0.943234 0.901586 0.279509 0.843163 
0.900024 0.560633 0.464396 0.156190 0.190357 0.619900 0.286653 0.992884 0.616590 0.631017 0.690710 0.469074 0.743394 0.526854 0.908010 0.023008 0.124576 0.056571 0.368879 0.837736 0.493494 0.920613 0.853975 0.107874 0.446735 
0.874661 0.696313 0.043687 0.289434 0.097248 0.036750 0.031682 0.883606 0.586428 0.695503 0.840689 0.830803 0.532878 0.816639 0.221792 0.585238 0.295991 0.896862 0.334695 0.552702 0.350103 0.557968 0.741511 0.090853 0.392140 
0.848388 0.606234 0.992991 0.204516 0.287439 0.880057 0.689638 0.201306 0.948409 0.241776 0.804804 0.181958 0.948644 0.364108 0.894912 0.505312 0.426431 0.834289 0.095593 0.963261 0.621476 0.998728 0.363393 0.757368 0.289817 

0.910754 0.842119 0.543158 0.883612 0.196516 0.387799 0.197815 0.183880 0.590298 0.849172 0.126666 0.978766 0.939089 0.950809 0.384693 0.407636 0.496225 0.281575 0.207696 0.956296 0.333687 0.749411 0.848002 0.374706 0.432934 
0.445999 0.030054 0.627811 0.211785 0.980640 0.925418 0.832847 0.455739 0.683251 0.782245 0.816299 0.727841 0.146232 0.566944 0.491932 0.557619 0.111260 0.316613 0.395429 0.332027 0.692983 0.413554 0.892420 0.528563 0.608137 
0.940519 0.782453 0.410214 0.454027 0.859477 0.596679 0.610650 0.673398 0.314010 0.404272 0.914381 0.725162 0.045362 0.423885 0.809117 0.550313 0.027047 0.139651 0.728393 0.761102 0.015509 0.706010 0.914206 0.096778 0.632273 
0.873356 0.862189 0.211538 0.781911 0.621100 0.116985 0.514638 0.958265 0.640631 0.629016 0.514751 0.250004 0.725678 0.965777 0.671970 0.497015 0.178898 0.504584 0.610847 0.519908 0.138684 0.665569 0.420859 0.668282 0.724519 
0.721639 0.828544 0.056541 0.996378 0.999498 0.305766 0.153362 0.538377 0.468574 0.121103 0.648842 0.457851 0.844473 0.975398 0.808880 0.058465 0.038032 0.078093 0.318665 0.212548 0.718581 0.094644 0.207813 0.354580 0.448607 
0.393058 0.554299 0.060787 0.860081 0.513937 0.148928 0.907129 0.595704 0.117398 0.951028 0.125551 0.515484 0.970716 0.810104 0.437182 0.223631 0.586820 0.500574 0.475430 0.242087 0.482852 0.892404 0.503043 0.015825 0.828440 
0.404710 0.962882 0.003322 0.465574 0.525242 0.268598 0.051798 0.762043 0.041470 0.835127 0.904699 0.501589 0.544570 0.255779 0.065637 0.140506 0.328070 0.481514 0.538379 0.051676 0.037064 0.327970 0.483769 0.996643 0.091353 
0.083636 0.419641 0.286635 0.484581 0.865620 0.205056 0.673792 0.025086 0.713173 0.086962 0.638800 0.218029 0.667870 0.626736 0.025756 0.618702 0.613747 0.925169 0.454156 0.887340 0.560931 0.719089 0.880047 0.361963 0.867865 
0.425730 0.328689 0.978469 0.133997 0.469076 0.594202 0.443950 0.503657 0.396313 0.150333 0.896602 0.563151 0.767665 0.544875 0.029764 0.983632 0.806071 0.028788 0.861839 0.715402 0.406276 0.164512 0.171982 0.192640 0.793801 
0.285780 0.724557 0.561536 0.494407 0.770817 0.532093 0.027268 0.413942 0.629886 0.472582 0.515402 0.820159 0.140155 0.212780 0.735358 0.847177 0.340346 0.840258 0.037898 0.560251 0.488561 0.708296 0.926416 0.422817 0.887666 
0.163324 0.388161 0.813276 0.989582 0.370669 0.882243 0.938167 0.230910 0.135143 0.230028 0.379705 0.805189 0.572756 0.648373 0.134269 0.754826 0.843063 0.188389 0.198746 0.309703 0.902053 0.180730 0.038257 0.478256 0.935802 
0.387795 0.752517 0.448873 0.638750 0.808372 0.870950 0.279316 0.585855 0.985305 0.591173 0.716000 0.965494 0.954138 0.697765 0.830564 0.149653 0.438487 0.325222 0.388845 0.006881 0.849709 0.216901 0.701897 0.828030 0.996895 
0.444945 0.663576 0.808814 0.831919 0.008840 0.915756 0.003479 0.371343 0.436155 0.807650 0.591249 0.724813 0.138414 0.446264 0.312054 0.451716 0.156021 0.085203 0.799269 0.014418 0.307021 0.596334 0.369891 0.098245 0.503636 
0.600416 0.593018 0.995932 0.154295 0.462599 0.776381 0.516749 0.714576 0.581234 0.020152 0.701573 0.709933 0.906708 0.467043 0.898220 0.068007 0.874850 0.977516 0.599696 0.418265 0.237325 0.921079 0.919575 0.633849 0.580968 
0.204949 0.369807 0.888364 0.376070 0.832842 0.931594 0.168167 0.207710 0.578534 0.707167 0.493746 0.013251 0.629396 0.777146 0.318909 0.112047 0.326921 0.531191 0.175687 0.506941 0.955203 0.588740 0.326207 0.330791 0.761996 
0.177868 0.833998 0.919403 0.287376 0.681493 0.725930 0.246484 0.187504 0.030711 0.995275 0.910027 0.889477 0.782380 0.923526 0.317352 0.358970 0.072120 0.732045 0.021224 0.908623 0.776865 0.109617 0.773916 0.189472 0.991676 
0.856350 0.595279 0.010607 0.289615 0.106874 0.701116 0.134792 0.113786 0.478485 0.854079 0.991554 0.285366 0.577397 0.128752 0.311317 0.765165 0.799721 0.552917 0.360823 0.587384 0.937020 0.933996 0.466211 0.178387 0.510570 
0.494473 0.327601 0.383527 0.864117 0.067260 0.041604 0.948253 0.042454 0.850374 0.755489 0.682564 0.769825 0.238161 0.431493 0.311645 0.495136 0.067891 0.089340 0.753502 0.105665 0.069184 0.562285 0.320566 0.352442 0.064013 
0.290913 0.681870 0.391081 0.250824 0.799585 0.859839 0.977760 0.580282 0.318152 0.605249 0.610467 0.130388 0.537308 0.271829 0.518242 0.044863 0.152853 0.866074 0.759920 0.902244 0.288438 0.707125 0.192726 0.154006 0.963982 
0.744000 0.196873 0.135191 0.855065 0.489724 0.154797 0.032031 0.565605 0.347807 0.023332 0.674975 0.192077 0.805002 0.386976 0.775958 0.953801 0.181791 0.316027 0.333038 0.814386 0.302672 0.638127 0.186766 0.854266 0.486534 
0.130819 0.399183 0.664221 0.127158 0.882485 0.788186 0.878851 0.945102 0.667183 0.725814 0.751290 0.141984 0.361507 0.393705 0.249358 0.174453 0.456443 0.084629 0.868469 0.664197 0.622910 0.518354 0.521872 0.876308 0.625373 
0.493367 0.384173 0.107386 0.687589 0.433628 0.849582 0.636264 0.741343 0.847571 0.896651 0.142369 0.511085 0.459548 0.571151 0.488149 0.162463 0.089079 0.058437 0.403122 0.963036 0.637384 0.011002 0.174460 0.932561 0.066559 
0.663948 0.933142 0.697256 0.383382 0.139447 0.475987 0.998336 0.479299 0.137739 0.191908 0.911826 0.474517 0.442138 0.230854 0.391588 0.212149 0.533780 0.152374 0.869062 0.837417 0.446863 0.833950 0.822766 0.030847 0.897622 
0.061856 0.969815 0.518689 0.985941 0.954936 0.043181 0.224945 0.778098 0.698863 0.980804 0.837886 0.067561 0.507412 0.478493 0.086682 0.715841 0.645754 0.721187 0.174526 0.686152 0.819331 0.455948 0.192919 0.442764 0.529194 
0.919184 0.721556 0.437786 0.153982 0.882151 0.380429 0.524913 0.168626 0.891643 0.506057 0.678135 0.968036 0.490075 0.628244 0.847828 0.579366 0.666280 0.779004 0.971712 0.046111 0.154195 0.227790 0.096803 0.531438 0.651212 

-0.260515 -0.749743 -0.202869 -0.634549 0.270990 -0.643943 -0.270550 -0.076157 -0.314612 -0.567509 0.020218 -0.771731 -1.042185 -0.811034 -0.030358 -0.495188 -0.578709 0.030958 -0.291261 -0.570149 -0.145964 -0.399129 -0.853974 -0.311621 0.236060 
-0.905395 -0.181669 -0.571837 -0.757660 -1.407394 -1.098991 -0.672979 -0.367823 -0.801331 -1.010890 -1.217277 -0.452208 -0.667625 -0.436109 0.202171 -0.636495 0.097723 -0.764589 -0.623295 -0.166990 -1.015739 -0.056562 -1.301693 -0.963795 -0.645162 
-0.586882 -1.197950 -0.303457 -0.276670 -0.730576 -0.619479 -0.632907 -0.697966 -0.328465 0.157482 -0.949145 -1.123137 0.042769 0.031417 -1.024485 -0.765431 0.192939 -0.297067 -0.801279 -1.225147 -0.186317 0.077704 -0.938721 0.169627 -0.355794 
-0.680844 -0.428747 0.021652 -0.766231 -0.667997 -0.038035 -0.575752 -0.903286 -0.525764 -0.587535 0.155839 -0.238526 -0.301607 -0.379889 -0.965365 -0.147391 -0.222053 -0.674742 -0.159459 -0.586352 0.210835 -0.449329 -0.232384 -1.177759 -1.276731 
-0.526948 -0.668928 0.156162 -0.580633 -1.040273 -0.361347 -0.554049 -0.574703 -0.305843 -0.010647 -1.047351 -0.874126 -0.934401 -1.021848 -0.671540 -0.077647 -0.093233 -0.271834 -0.584381 -0.061317 -0.289711 0.629182 -0.103716 -0.328951 -0.628966 
0.013542 -0.486276 -0.174624 -0.486043 -0.642971 -0.433348 -0.618589 -0.557496 -0.050292 0.050552 0.040646 0.278711 -0.007498 -0.614629 -0.468255 -0.879925 -0.321257 -0.180073 -0.178393 -0.650377 0.023719 -0.246730 -0.498359 -0.429181 -0.754961 
-0.785712 -1.081060 -0.604029 -1.052477 -0.501723 -1.178391 -0.369392 -0.353903 0.437061 -0.991351 -0.747982 0.303128 -0.278141 -0.520641 -0.629973 -1.372112 -0.569224 -0.282147 -0.697201 0.073438 -1.440904 -0.320981 -0.945480 -0.283895 -0.947575 
-0.547496 -0.849377 -0.729356 -0.413884 -0.944847 -0.030843 -0.916596 -0.693652 -0.341606 -1.016081 0.009869 -0.860442 0.019651 -0.823916 -0.444918 -1.026841 -0.685801 -0.432703 -0.371124 -1.015522 -1.178494 -0.623636 -0.852585 -0.286087 -0.512957 
-0.674174 -0.361152 -0.337295 -0.628651 -0.236837 -0.893128 0.463273 -1.194668 -0.973497 -0.915257 -1.127620 -0.973161 -0.147887 -0.327292 -0.922201 0.126995 -0.257721 0.003874 -0.970034 -0.109890 0.335767 0.222664 -1.137188 -0.951316 -1.362404 
-0.550258 -0.997573 -0.712018 -0.534897 -1.052224 -0.329908 -0.364400 -0.495027 -0.887574 -0.851127 0.039642 -0.010714 -1.261859 -0.609610 -0.617912 -0.987163 -0.529111 -0.056420 -0.853464 -0.234785 -0.483385 -0.323741 -0.204670 -0.581162 -0.444755 
0.716842 1.037416 2.094231 2.371315 1.213591 2.162607 2.176706 0.654901 1.742444 0.195929 1.186777 2.840921 1.171822 2.168436 0.582060 2.258094 1.839668 1.803087 0.656542 0.599566 2.389857 1.351980 1.099358 1.754454 2.724930 
1.386707 2.655716 1.552422 1.758097 1.964392 2.147690 1.324747 1.534901 1.720827 1.791064 1.260528 2.944404 1.894694 2.539427 1.670032 0.179490 1.039251 1.812679 1.128077 0.707791 1.326772 1.043932 2.938584 2.657865 2.118037 
1.278567 1.821437 2.898798 2.247771 0.750305 1.769435 -0.103167 1.950566 1.886450 1.737924 2.333830 1.751836 0.617236 1.075157 1.045572 1.511396 0.872599 1.364688 2.496277 0.424969 1.199109 1.560569 1.324322 0.779169 1.263725 
1.137460 1.396877 3.411120 1.112782 1.048616 1.655645 1.098771 1.302830 1.289719 -0.125865 1.123812 2.015034 2.832482 0.695865 1.749626 0.495547 2.226766 2.090521 1.319087 0.863689 1.349647 2.854414 2.794321 1.620545 1.936509 
0.925863 1.077222 1.436030 1.321843 2.607005 2.275741 1.381137 0.966766 1.453084 1.762121 2.226907 0.581081 1.613438 2.017624 0.806752 1.675287 1.504387 1.617742 0.704795 0.879968 2.370604 1.782916 1.421175 1.799038 1.712621 
0.687604 2.540444 2.152834 2.147721 2.404262 0.555165 1.942772 1.774489 0.724651 1.463447 2.970081 2.060062 2.552251 1.544780 0.240391 0.754083 0.592474 2.674714 0.646484 1.342486 1.749387 2.182241 1.593250 1.039382 2.479520 
1.898161 2.260045 1.536866 2.075388 1.398037 0.869518 2.255886 1.461530 2.219859 2.165333 2.573904 1.358751 1.114929 0.702216 1.524432 1.045560 2.716621 1.454533 1.588536 2.080948 2.190642 1.467959 1.709278 1.915420 0.401639 
0.756066 2.520463 1.050454 1.032460 1.250314 1.033846 1.251207 1.343088 1.874335 1.481667 0.758322 1.764491 0.384404 1.294518 1.701045 0.516773 1.297728 1.075410 1.884323 1.811417 1.189181 1.790499 2.174550 0.509614 0.168234 
0.068442 0.800508 0.830814 1.803294 1.250348 1.340213 1.568031 1.303804 0.772292 0.931399 1.889491 0.944381 2.568990 1.759915 0.810549 -0.179883 1.485530 0.946421 0.743454 1.123457 0.957126 1.283753 1.399284 1.671370 2.701405 
2.494475 0.940851 1.088709 2.592487 1.072025 0.639888 1.383319 2.005876 0.116800 1.575718 0.718865 1.530634 1.052339 1.885377 2.351396 3.308869 1.334426 0.897240 2.400421 1.600166 1.447905 2.407299 0.902071 1.222520 0.474498 
-1.512845 -1.903726 -2.786212 -0.919686 -3.133427 -2.339257 -2.544482 -2.200488 -2.819593 -2.597715 -2.072897 -1.194633 -1.261124 -1.880340 -1.687793 -0.738483 -2.115644 -0.145080 -2.571524 -3.015372 -2.003498 -2.940260 -1.312106 -2.154940 -1.766189 
-1.701381 -1.462180 -1.089839 -2.638147 -1.224452 -2.648342 -1.678805 -3.065645 -2.355978 -3.047228 -0.338236 -0.888967 -2.671096 -3.065737 -2.281933 -1.993219 -0.815424 0.344796 -1.846218 -2.157128 -2.414073 -2.102705 -1.909611 -2.989486 -2.037981 
-2.901061 -3.105771 -1.996436 -1.049842 -0.706904 -1.916666 -2.312655 -2.655115 -1.818132 -1.116548 -2.891726 -2.094581 -2.169946 -1.337321 -3.109611 -0.868748 -1.264132 -0.601116 -2.754394 -2.722774 -2.130503 -3.521785 -3.541596 0.132279 -2.718254 
-2.337091 -3.316371 -1.708039 -2.311705 -2.153085 -0.261274 -0.725858 -3.814791 -2.544361 -3.995760 -2.969704 -1.250249 -2.197890 -2.799544 -0.773498 -2.353434 -1.689810 -3.366379 -0.725876 -2.852483 -2.494009 -2.095148 -1.889639 -1.364219 -1.161592 
-4.463885 -2.298637 -2.423779 -0.562323 -2.116911 -2.681975 -2.256100 -0.461441 -3.583825 -1.327605 -3.569102 -1.874086 -2.903224 -2.465844 -3.775393 -2.562158 -2.702502 -3.106609 -2.254990 -2.339350 -1.126905 -2.732687 -1.142545 -2.861493 -2.184967 

0 0 0 0 0 0 0 0 0 0 0 0 0 0 0 0 0 0 0 0 0 0 0 0 0 
0 0 0 0 0 0 0 0 0 0 0 0 0 0 0 0 0 0 0 0 0 0 0 0 0 
0 0 0 0 0 0 0 0 0 0 0 0 0 0 0 0 0 0 0 0 0 0 0 0 0 
0 0 0 0 0 0 0 0 0 0 0 0 0 0 0 0 0 0 0 0 0 0 0 0 0 
0 0 0 0 0 0 0 0 0 0 0 0 0 0 0 0 0 0 0 0 0 0 0 0 0 
1 1 1 1 1 1 1 1 1 1 1 1 1 1 1 1 1 1 1 1 1 1 1 1 1 
1 1 1 1 1 1 1 1 1 1 1 1 1 1 1 1 1 1 1 1 1 1 1 1 1 
1 1 1 1 1 1 1 1 1 1 1 1 1 1 1 1 1 1 1 1 1 1 1 1 1 
1 1 1 1 1 1 1 1 1 1 1 1 1 1 1 1 1 1 1 1 1 1 1 1 1 
1 1 1 1 1 1 1 1 1 1 1 1 1 1 1 1 1 1 1 1 1 1 1 1 1 
2 2 2 2 2 2 2 2 2 2 2 2 2 2 2 2 2 2 2 2 2 2 2 2 2 
2 2 2 2 2 2 2 2 2 2 2 2 2 2 2 2 2 2 2 2 2 2 2 2 2 
2 2 2 2 2 2 2 2 2 2 2 2 2 2 2 2 2 2 2 2 2 2 2 2 2 
2 2 2 2 2 2 2 2 2 2 2 2 2 2 2 2 2 2 2 2 2 2 2 2 2 
2 2 2 2 2 2 2 2 2 2 2 2 2 2 2 2 2 2 2 2 2 2 2 2 2 
3 3 3 3 3 3 3 3 3 3 3 3 3 3 3 3 3 3 3 3 3 3 3 3 3 
3 3 3 3 3 3 3 3 3 3 3 3 3 3 3 3 3 3 3 3 3 3 3 3 3 
3 3 3 3 3 3 3 3 3 3 3 3 3 3 3 3 3 3 3 3 3 3 3 3 3 
3 3 3 3 3 3 3 3 3 3 3 3 3 3 3 3 3 3 3 3 3 3 3 3 3 
3 3 3 3 3 3 3 3 3 3 3 3 3 3 3 3 3 3 3 3 3 3 3 3 3 
4 4 4 4 4 4 4 4 4 4 4 4 4 4 4 4 4 4 4 4 4 4 4 4 4 
4 4 4 4 4 4 4 4 4 4 4 4 4 4 4 4 4 4 4 4 4 4 4 4 4 
4 4 4 4 4 4 4 4 4 4 4 4 4 4 4 4 4 4 4 4 4 4 4 4 4 
4 4 4 4 4 4 4 4 4 4 4 4 4 4 4 4 4 4 4 4 4 4 4 4 4 
4 4 4 4 4 4 4 4 4 4 4 4 4 4 4 4 4 4 4 4 4 4 4 4 4 

0.0 0.0 0.0 0.0 0.0 0.0 0.0 0.0 0.0 0.0 0.0 0.0 0.0 0.0 0.0 0.0 0.0 0.0 0.0 0.0 0.0 0.0 0.0 0.0 0.0 
0.0 0.0 0.0 0.0 0.0 0.0 0.0 0.0 0.0 0.0 0.0 0.0 0.0 0.0 0.0 0.0 0.0 0.0 0.0 0.0 0.0 0.0 0.0 0.0 0.0 
0.0 0.0 0.0 0.0 0.0 0.0 0.0 0.0 0.0 0.0 0.0 0.0 0.0 0.0 0.0 0.0 0.0 0.0 0.0 0.0 0.0 0.0 0.0 0.0 0.0 
0.0 0.0 0.0 0.0 0.0 0.0 0.0 0.0 0.0 0.0 0.0 0.0 0.0 0.0 0.0 0.0 0.0 0.0 0.0 0.0 0.0 0.0 0.0 0.0 0.0 
0.0 0.0 0.0 0.0 0.0 0.0 0.0 0.0 0.0 0.0 0.0 0.0 0.0 0.0 0.0 0.0 0.0 0.0 0.0 0.0 0.0 0.0 0.0 0.0 0.0 
-1.0 -1.0 -1.0 -1.0 -1.0 -1.0 -1.0 -1.0 -1.0 -1.0 -1.0 -1.0 -1.0 -1.0 -1.0 -1.0 -1.0 -1.0 -1.0 -1.0 -1.0 -1.0 -1.0 -1.0 -1.0 
-1.0 -1.0 -1.0 -1.0 -1.0 -1.0 -1.0 -1.0 -1.0 -1.0 -1.0 -1.0 -1.0 -1.0 -1.0 -1.0 -1.0 -1.0 -1.0 -1.0 -1.0 -1.0 -1.0 -1.0 -1.0 
-1.0 -1.0 -1.0 -1.0 -1.0 -1.0 -1.0 -1.0 -1.0 -1.0 -1.0 -1.0 -1.0 -1.0 -1.0 -1.0 -1.0 -1.0 -1.0 -1.0 -1.0 -1.0 -1.0 -1.0 -1.0 
-1.0 -1.0 -1.0 -1.0 -1.0 -1.0 -1.0 -1.0 -1.0 -1.0 -1.0 -1.0 -1.0 -1.0 -1.0 -1.0 -1.0 -1.0 -1.0 -1.0 -1.0 -1.0 -1.0 -1.0 -1.0 
-1.0 -1.0 -1.0 -1.0 -1.0 -1.0 -1.0 -1.0 -1.0 -1.0 -1.0 -1.0 -1.0 -1.0 -1.0 -1.0 -1.0 -1.0 -1.0 -1.0 -1.0 -1.0 -1.0 -1.0 -1.0 
1.0 1.0 1.0 1.0 1.0 1.0 1.0 1.0 1.0 1.0 1.0 1.0 1.0 1.0 1.0 1.0 1.0 1.0 1.0 1.0 1.0 1.0 1.0 1.0 1.0 
1.0 1.0 1.0 1.0 1.0 1.0 1.0 1.0 1.0 1.0 1.0 1.0 1.0 1.0 1.0 1.0 1.0 1.0 1.0 1.0 1.0 1.0 1.0 1.0 1.0 
1.0 1.0 1.0 1.0 1.0 1.0 1.0 1.0 1.0 1.0 1.0 1.0 1.0 1.0 1.0 1.0 1.0 1.0 1.0 1.0 1.0 1.0 1.0 1.0 1.0 
1.0 1.0 1.0 1.0 1.0 1.0 1.0 1.0 1.0 1.0 1.0 1.0 1.0 1.0 1.0 1.0 1.0 1.0 1.0 1.0 1.0 1.0 1.0 1.0 1.0 
1.0 1.0 1.0 1.0 1.0 1.0 1.0 1.0 1.0 1.0 1.0 1.0 1.0 1.0 1.0 1.0 1.0 1.0 1.0 1.0 1.0 1.0 1.0 1.0 1.0 
2.0 2.0 2.0 2.0 2.0 2.0 2.0 2.0 2.0 2.0 2.0 2.0 2.0 2.0 2.0 2.0 2.0 2.0 2.0 2.0 2.0 2.0 2.0 2.0 2.0 
2.0 2.0 2.0 2.0 2.0 2.0 2.0 2.0 2.0 2.0 2.0 2.0 2.0 2.0 2.0 2.0 2.0 2.0 2.0 2.0 2.0 2.0 2.0 2.0 2.0 
2.0 2.0 2.0 2.0 2.0 2.0 2.0 2.0 2.0 2.0 2.0 2.0 2.0 2.0 2.0 2.0 2.0 2.0 2.0 2.0 2.0 2.0 2.0 2.0 2.0 
2.0 2.0 2.0 2.0 2.0 2.0 2.0 2.0 2.0 2.0 2.0 2.0 2.0 2.0 2.0 2.0 2.0 2.0 2.0 2.0 2.0 2.0 2.0 2.0 2.0 
2.0 2.0 2.0 2.0 2.0 2.0 2.0 2.0 2.0 2.0 2.0 2.0 2.0 2.0 2.0 2.0 2.0 2.0 2.0 2.0 2.0 2.0 2.0 2.0 2.0 
-2.0 -2.0 -2.0 -2.0 -2.0 -2.0 -2.0 -2.0 -2.0 -2.0 -2.0 -2.0 -2.0 -2.0 -2.0 -2.0 -2.0 -2.0 -2.0 -2.0 -2.0 -2.0 -2.0 -2.0 -2.0 
-2.0 -2.0 -2.0 -2.0 -2.0 -2.0 -2.0 -2.0 -2.0 -2.0 -2.0 -2.0 -2.0 -2.0 -2.0 -2.0 -2.0 -2.0 -2.0 -2.0 -2.0 -2.0 -2.0 -2.0 -2.0 
-2.0 -2.0 -2.0 -2.0 -2.0 -2.0 -2.0 -2.0 -2.0 -2.0 -2.0 -2.0 -2.0 -2.0 -2.0 -2.0 -2.0 -2.0 -2.0 -2.0 -2.0 -2.0 -2.0 -2.0 -2.0 
-2.0 -2.0 -2.0 -2.0 -2.0 -2.0 -2.0 -2.0 -2.0 -2.0 -2.0 -2.0 -2.0 -2.0 -2.0 -2.0 -2.0 -2.0 -2.0 -2.0 -2.0 -2.0 -2.0 -2.0 -2.0 
-2.0 -2.0 -2.0 -2.0 -2.0 -2.0 -2.0 -2.0 -2.0 -2.0 -2.0 -2.0 -2.0 -2.0 -2.0 -2.0 -2.0 -2.0 -2.0 -2.0 -2.0 -2.0 -2.0 -2.0 -2.0 

-1.0 -1.0 -1.0 -1.0 -1.0 -1.0 -1.0 -1.0 -1.0 -1.0 -1.0 -1.0 -1.0 -1.0 -1.0 -1.0 -1.0 -1.0 -1.0 -1.0 -1.0 -1.0 -1.0 -1.0 -1.0 
-1.0 -1.0 -1.0 -1.0 -1.0 -1.0 -1.0 -1.0 -1.0 -1.0 -1.0 -1.0 -1.0 -1.0 -1.0 -1.0 -1.0 -1.0 -1.0 -1.0 -1.0 -1.0 -1.0 -1.0 -1.0 
-1.0 -1.0 -1.0 -1.0 -1.0 -1.0 -1.0 -1.0 -1.0 -1.0 -1.0 -1.0 -1.0 -1.0 -1.0 -1.0 -1.0 -1.0 -1.0 -1.0 -1.0 -1.0 -1.0 -1.0 -1.0 
-1.0 -1.0 -1.0 -1.0 -1.0 -1.0 -1.0 -1.0 -1.0 -1.0 -1.0 -1.0 -1.0 -1.0 -1.0 -1.0 -1.0 -1.0 -1.0 -1.0 -1.0 -1.0 -1.0 -1.0 -1.0 
-1.0 -1.0 -1.0 -1.0 -1.0 -1.0 -1.0 -1.0 -1.0 -1.0 -1.0 -1.0 -1.0 -1.0 -1.0 -1.0 -1.0 -1.0 -1.0 -1.0 -1.0 -1.0 -1.0 -1.0 -1.0 
0.0 0.0 0.0 0.0 0.0 0.0 0.0 0.0 0.0 0.0 0.0 0.0 0.0 0.0 0.0 0.0 0.0 0.0 0.0 0.0 0.0 0.0 0.0 0.0 0.0 
0.0 0.0 0.0 0.0 0.0 0.0 0.0 0.0 0.0 0.0 0.0 0.0 0.0 0.0 0.0 0.0 0.0 0.0 0.0 0.0 0.0 0.0 0.0 0.0 0.0 
0.0 0.0 0.0 0.0 0.0 0.0 0.0 0.0 0.0 0.0 0.0 0.0 0.0 0.0 0.0 0.0 0.0 0.0 0.0 0.0 0.0 0.0 0.0 0.0 0.0 
0.0 0.0 0.0 0.0 0.0 0.0 0.0 0.0 0.0 0.0 0.0 0.0 0.0 0.0 0.0 0.0 0.0 0.0 0.0 0.0 0.0 0.0 0.0 0.0 0.0 
0.0 0.0 0.0 0.0 0.0 0.0 0.0 0.0 0.0 0.0 0.0 0.0 0.0 0.0 0.0 0.0 0.0 0.0 0.0 0.0 0.0 0.0 0.0 0.0 0.0 
2.0 2.0 2.0 2.0 2.0 2.0 2.0 2.0 2.0 2.0 2.0 2.0 2.0 2.0 2.0 2.0 2.0 2.0 2.0 2.0 2.0 2.0 2.0 2.0 2.0 
2.0 2.0 2.0 2.0 2.0 2.0 2.0 2.0 2.0 2.0 2.0 2.0 2.0 2.0 2.0 2.0 2.0 2.0 2.0 2.0 2.0 2.0 2.0 2.0 2.0 
2.0 2.0 2.0 2.0 2.0 2.0 2.0 2.0 2.0 2.0 2.0 2.0 2.0 2.0 2.0 2.0 2.0 2.0 2.0 2.0 2.0 2.0 2.0 2.0 2.0 
2.0 2.0 2.0 2.0 2.0 2.0 2.0 2.0 2.0 2.0 2.0 2.0 2.0 2.0 2.0 2.0 2.0 2.0 2.0 2.0 2.0 2.0 2.0 2.0 2.0 
2.0 2.0 2.0 2.0 2.0 2.0 2.0 2.0 2.0 2.0 2.0 2.0 2.0 2.0 2.0 2.0 2.0 2.0 2.0 2.0 2.0 2.0 2.0 2.0 2.0 
1.0 1.0 1.0 1.0 1.0 1.0 1.0 1.0 1.0 1.0 1.0 1.0 1.0 1.0 1.0 1.0 1.0 1.0 1.0 1.0 1.0 1.0 1.0 1.0 1.0 
1.0 1.0 1.0 1.0 1.0 1.0 1.0 1.0 1.0 1.0 1.0 1.0 1.0 1.0 1.0 1.0 1.0 1.0 1.0 1.0 1.0 1.0 1.0 1.0 1.0 
1.0 1.0 1.0 1.0 1.0 1.0 1.0 1.0 1.0 1.0 1.0 1.0 1.0 1.0 1.0 1.0 1.0 1.0 1.0 1.0 1.0 1.0 1.0 1.0 1.0 
1.0 1.0 1.0 1.0 1.0 1.0 1.0 1.0 1.0 1.0 1.0 1.0 1.0 1.0 1.0 1.0 1.0 1.0 1.0 1.0 1.0 1.0 1.0 1.0 1.0 
1.0 1.0 1.0 1.0 1.0 1.0 1.0 1.0 1.0 1.0 1.0 1.0 1.0 1.0 1.0 1.0 1.0 1.0 1.0 1.0 1.0 1.0 1.0 1.0 1.0 
-2.0 -2.0 -2.0 -2.0 -2.0 -2.0 -2.0 -2.0 -2.0 -2.0 -2.0 -2.0 -2.0 -2.0 -2.0 -2.0 -2.0 -2.0 -2.0 -2.0 -2.0 -2.0 -2.0 -2.0 -2.0 
-2.0 -2.0 -2.0 -2.0 -2.0 -2.0 -2.0 -2.0 -2.0 -2.0 -2.0 -2.0 -2.0 -2.0 -2.0 -2.0 -2.0 -2.0 -2.0 -2.0 -2.0 -2.0 -2.0 -2.0 -2.0 
-2.0 -2.0 -2.0 -2.0 -2.0 -2.0 -2.0 -2.0 -2.0 -2.0 -2.0 -2.0 -2.0 -2.0 -2.0 -2.0 -2.0 -2.0 -2.0 -2.0 -2.0 -2.0 -2.0 -2.0 -2.0 
-2.0 -2.0 -2.0 -2.0 -2.0 -2.0 -2.0 -2.0 -2.0 -2.0 -2.0 -2.0 -2.0 -2.0 -2.0 -2.0 -2.0 -2.0 -2.0 -2.0 -2.0 -2.0 -2.0 -2.0 -2.0 
-2.0 -2.0 -2.0 -2.0 -2.0 -2.0 -2.0 -2.0 -2.0 -2.0 -2.0 -2.0 -2.0 -2.0 -2.0 -2.0 -2.0 -2.0 -2.0 -2.0 -2.0 -2.0 -2.0 -2.0 -2.0 

