0.990261 0.740966 0.041009 0.371134 0.185808 0.629393 0.930737 0.364437 0.854712 0.855060 0.931800 0.603162 0.761732 0.098168 0.715687 0.745196 0.558290 0.298330 0.916603 0.984386 0.503339 0.535046 0.488729 0.405696 0.931119 
0.831822 0.453418 0.985847 0.511376 0.784059 0.004917 0.188288 0.101550 0.824390 0.903833 0.168713 0.804850 0.561081 0.500163 0.096427 0.090616 0.231641 0.889800 0.737019 0.977656 0.969943 0.411211 0.634086 0.603654 0.982616 
0.432376 0.692799 0.724581 0.356439 0.489560 0.823556 0.016113 0.410355 0.635627 0.999227 0.756634 0.543123 0.528711 0.225120 0.196065 0.615933 0.053665 0.281460 0.053478 0.262524 0.935525 0.551833 0.435222 0.311369 0.961725 
0.974944 0.520328 0.268586 0.152378 0.921884 0.359413 0.122210 0.350688 0.490923 0.975204 0.581525 0.842727 0.565993 0.420752 0.811270 0.469357 0.026481 0.964643 0.844338 0.921294 0.113577 0.243929 0.773425 0.363546 0.702487 
0.469514 0.983246 0.339559 0.574371 0.388430 0.500939 0.899630 0.346977 0.673336 0.210569 0.128591 0.500077 0.286611 0.659404 0.043019 0.618797 0.065688 0.270436 0.456974 0.807135 0.168963 0.364081 0.980752 0.685189 0.888083 
0.829854 0.153391 0.389147 0.727162 0.948757 0.057834 0.441605 0.055526 0.140859 0.865413 0.168178 0.221762 0.614462 0.083433 0.172842 0.955339 0.848422 0.414545 0.458765 0.185402 0.069096 0.533138 0.187803 0.142092 0.509697 
0.319910 0.565138 0.639703 0.084975 0.896289 0.205138 0.709972 0.119931 0.186726 0.558171 0.671450 0.280826 0.359386 0.270858 0.698660 0.664648 0.494090 0.329095 0.388670 0.340504 0.483166 0.683382 0.803870 0.161344 0.440178 
0.756053 0.664155 0.277640 0.606495 0.570625 0.501966 0.064690 0.197854 0.413823 0.201400 0.269206 0.164080 0.346643 0.734006 0.190436 0.934734 0.360740 0.322355 0.520708 0.936613 0.229195 0.017074 0.195134 0.495955 0.571788 
0.241043 0.734134 0.246386 0.232223 0.822911 0.322535 0.094078 0.074548 0.106191 0.152529 0.508103 0.685143 0.900074 0.730409 0.720802 0.088739 0.672300 0.051782 0.025437 0.568377 0.945282 0.319325 0.176615 0.639673 0.360320 
0.689760 0.229944 0.913637 0.596944 0.836469 0.361690 0.297228 0.665535 0.393555 0.880249 0.763015 0.191673 0.763806 0.881876 0.422528 0.686303 0.769482 0.847502 0.243155 0.170213 0.235029 0.327809 0.639562 0.533896 0.570387 
0.498462 0.016323 0.798199 0.098446 0.198325 0.043790 0.861478 0.318848 0.366858 0.199219 0.122468 0.416521 0.594931 0.926844 0.345675 0.170490 0.762308 0.525638 0.948788 0.597164 0.112584 0.438384 0.604346 0.511311 0.812139 
0.155617 0.893057 0.895757 0.865016 0.543766 0.359257 0.703857 0.671920 0.431621 0.580530 0.078852 0.512452 0.346786 0.333870 0.256542 0.213038 0.788602 0.873402 0.157301 0.822432 0.550028 0.013665 0.013783 0.448263 0.227128 
0.514313 0.059113 0.239874 0.366204 0.051584 0.748139 0.758228 0.630842 0.731222 0.066191 0.667313 0.146362 0.093237 0.250118 0.987159 0.446534 0.501766 0.688964 0.599713 0.815340 0.746626 0.621669 0.342230 0.609482 0.301949 
0.882083 0.452527 0.195321 0.580671 0.266184 0.290946 0.199764 0.280104 0.130860 0.191142 0.021619 0.170415 0.340214 0.614656 0.827401 0.961213 0.331106 0.159375 0.259341 0.145145 0.908624 0.934581 0.728556 0.419437 0.570879 
0.347423 0.539937 0.668946 0.991056 0.612416 0.016534 0.010715 0.747558 0.494769 0.667320 0.242957 0.624980 0.341046 0.179704 0.822721 0.527095 0.418802 0.590395 0.637279 0.023124 0.204372 0.108768 0.754598 0.882135 0.921475 
0.800607 0.957896 0.824104 0.112135 0.913528 0.503626 0.453615 0.142565 0.017202 0.292890 0.166163 0.747271 0.051217 0.425777 0.238008 0.629930 0.608911 0.074332 0.483652 0.724559 0.034103 0.644518 0.094902 0.619964 0.313237 
0.985340 0.853133 0.831135 0.324049 0.415794 0.493456 0.914487 0.607573 0.288876 0.900056 0.137003 0.592865 0.480171 0.375716 0.879423 0.185592 0.413692 0.710618 0.934895 0.451403 0.835931 0.985781 0.961186 0.414713 0.079210 
0.162754 0.515083 0.323297 0.654370 0.424833 0.937905 0.651464 0.364459 0.098396 0.734886 0.177293 0.589006 0.608774 0.688156 0.884397 0.396429 0.122936 0.772728 0.318920 0.489770 0.764555 0.482743 0.101428 0.677389 0.253217 
0.243045 0.682793 0.585952 0.483363 0.414189 0.324454 0.825677 0.944365 0.721668 0.103433 0.620144 0.103959 0.704460 0.155870 0.934498 0.759859 0.981419 0.804707 0.280929 0.666242 0.866274 0.426825 0.684358 0.383182 0.866274 
0.328507 0.283737 0.223492 0.491140 0.066607 0.308538 0.452885 0.696223 0.159716 0.258947 0.797930 0.312475 0.951930 0.784220 0.939267 0.728948 0.788022 0.165424 0.797901 0.881774 0.993220 0.371767 0.890388 0.826873 0.202960 
0.823325 0.610797 0.311585 0.791852 0.986330 0.294111 0.826658 0.338388 0.624507 0.520503 0.765279 0.978219 0.192437 0.880756 0.083128 0.169899 0.450650 0.840695 0.624555 0.795453 0.775582 0.596564 0.057929 0.608467 0.013009 
0.027447 0.121449 0.620608 0.188341 0.822573 0.531224 0.599785 0.550224 0.531995 0.847383 0.638295 0.235662 0.564002 0.963058 0.593671 0.857598 0.057715 0.472779 0.431267 0.816542 0.994548 0.870929 0.899925 0.468974 0.095991 
0.630452 0.962831 0.342944 0.943174 0.903288 0.802095 0.582695 0.714722 0.669099 0.516807 0.387812 0.592084 0.180785 0.167115 0.588062 0.548919 0.384467 0.951303 0.107104 0.814634 0.399369 0.456415 0.624331 0.970029 0.212924 
0.440337 0.222526 0.266001 0.894441 0.388542 0.729927 0.489882 0.884598 0.889475 0.956178 0.646299 0.725496 0.971079 0.199354 0.028489 0.613746 0.294620 0.226971 0.016360 0.583156 0.641887 0.020222 0.123747 0.950243 0.686586 
0.972856 0.810023 0.772433 0.700977 0.404463 0.989104 0.511193 0.569971 0.742333 0.065107 0.393717 0.656981 0.292002 0.433916 0.014374 0.835370 0.430286 0.364272 0.969799 0.874266 0.931326 0.360093 0.877001 0.496655 0.930986 

0.858846 0.847025 0.516146 0.214599 0.581501 0.346260 0.069075 0.228055 0.116128 0.225096 0.533362 0.264792 0.111409 0.930734 0.929821 0.017338 0.978523 0.240282 0.158357 0.023060 0.397926 0.696850 0.990561 0.969160 0.026310 
0.703533 0.709505 0.567683 0.063353 0.814851 0.710767 0.194785 0.300400 0.313696 0.295480 0.709491 0.275794 0.778977 0.876211 0.809984 0.100814 0.243741 0.232762 0.321603 0.268480 0.322613 0.080312 0.648836 0.992857 0.393149 
0.887191 0.492345 0.683293 0.551623 0.075682 0.501483 0.729660 0.854893 0.709706 0.988885 0.430244 0.940699 0.050727 0.039992 0.525382 0.170481 0.665949 0.512816 0.520128 0.089505 0.351406 0.159401 0.644282 0.458611 0.698679 
0.348160 0.887979 0.025278 0.863347 0.760505 0.981182 0.488376 0.419642 0.308309 0.246078 0.614402 0.692477 0.760509 0.151466 0.309070 0.835166 0.929983 0.637214 0.376735 0.964522 0.137167 0.479257 0.145252 0.352445 0.908664 
0.283380 0.581665 0.406183 0.738181 0.198199 0.302020 0.456975 0.593595 0.160746 0.840835 0.080893 0.082989 0.373485 0.033736 0.114194 0.327503 0.283130 0.349789 0.758939 0.907710 0.323498 0.524674 0.771450 0.419727 0.013532 
0.174911 0.989069 0.631547 0.340693 0.993171 0.551217 0.902337 0.941986 0.655189 0.054861 0.808531 0.884617 0.305299 0.276142 0.016500 0.859433 0.325407 0.273503 0.255924 0.067824 0.825010 0.028377 0.021271 0.604078 0.414818 
0.873331 0.942660 0.600671 0.860583 0.624516 0.119536 0.776919 0.059950 0.299963 0.624584 0.341974 0.127055 0.698417 0.958393 0.301818 0.688730 0.350249 0.888194 0.569143 0.232198 0.842717 0.737536 0.715782 0.287115 0.580528 
0.429254 0.928002 0.906687 0.727781 0.517941 0.392220 0.731620 0.871270 0.773051 0.726659 0.591049 0.445150 0.758301 0.907720 0.899733 0.283237 0.112531 0.401402 0.140503 0.131485 0.350722 0.944250 0.492458 0.374694 0.002197 
0.552184 0.668847 0.631149 0.254392 0.441835 0.566933 0.113520 0.620903 0.438731 0.176411 0.631606 0.027862 0.025030 0.652019 0.359957 0.625436 0.068766 0.183544 0.422778 0.585736 0.497616 0.826032 0.997652 0.490065 0.462787 
0.535385 0.002278 0.520237 0.634838 0.728241 0.095085 0.947357 0.178917 0.863539 0.922882 0.832139 0.449103 0.017192 0.641978 0.667696 0.574918 0.913128 0.265612 0.365714 0.126315 0.967267 0.787204 0.628787 0.463138 0.600425 
0.480316 0.802669 0.799272 0.341059 0.476121 0.592782 0.264361 0.801001 0.220732 0.930087 0.186164 0.108193 0.988437 0.314097 0.325997 0.595582 0.499891 0.901493 0.473734 0.474207 0.081393 0.218336 0.780911 0.161530 0.022359 
0.369705 0.303084 0.639910 0.027777 0.879192 0.343528 0.087604 0.323850 0.057263 0.203885 0.304400 0.709277 0.083889 0.295314 0.553617 0.968029 0.282934 0.899195 0.299745 0.385710 0.710861 0.071585 0.539743 0.055860 0.027869 
0.525219 0.606438 0.930425 0.784558 0.037353 0.662365 0.097593 0.571779 0.512678 0.711388 0.388680 0.383275 0.982548 0.456761 0.189563 0.431387 0.048070 0.311123 0.801505 0.642753 0.941690 0.052030 0.886837 0.654167 0.668006 
0.411848 0.189757 0.818819 0.554697 0.633589 0.793305 0.037907 0.652354 0.981918 0.157637 0.294568 0.998001 0.004829 0.536610 0.994407 0.592089 0.104800 0.040082 0.433447 0.488769 0.308517 0.778718 0.353099 0.095788 0.120152 
0.787882 0.221161 0.448393 0.218870 0.482840 0.209393 0.371242 0.056702 0.272500 0.560545 0.223504 0.659602 0.472735 0.923939 0.963975 0.843795 0.090977 0.869545 0.898375 0.749760 0.327943 0.018968 0.976062 0.653443 0.353347 
0.695552 0.041025 0.495018 0.958784 0.528000 0.338630 0.255797 0.334644 0.863416 0.606559 0.759049 0.220216 0.039607 0.310655 0.520576 0.649630 0.563541 0.320497 0.927106 0.194165 0.478885 0.205721 0.766925 0.537957 0.342493 
0.711241 0.970159 0.325341 0.341688 0.041718 0.396462 0.687037 0.783424 0.027703 0.505859 0.535827 0.975268 0.603004 0.603009 0.956800 0.264718 0.672197 0.973308 0.609112 0.362783 0.022666 0.230641 0.919056 0.089014 0.518741 
0.948159 0.857257 0.799218 0.205368 0.899917 0.546934 0.201835 0.698215 0.054185 0.335491 0.023932 0.678225 0.604749 0.809375 0.713916 0.706934 0.753565 0.817681 0.148984 0.612802 0.110562 0.243248 0.244208 0.891170 0.473868 
0.689555 0.531908 0.921968 0.765379 0.523773 0.966844 0.608366 0.649104 0.642378 0.384485 0.203106 0.872099 0.431531 0.900806 0.385400 0.901120 0.369782 0.221029 0.098204 0.788064 0.130444 0.798174 0.320876 0.645119 0.466922 
0.279749 0.091020 0.464086 0.047751 0.707417 0.302669 0.708318 0.276327 0.468023 0.087846 0.417516 0.983070 0.586099 0.906667 0.546935 0.526834 0.430421 0.774077 0.260994 0.115447 0.595471 0.731775 0.193837 0.048956 0.412985 
0.717154 0.192311 0.710928 0.028973 0.410647 0.192659 0.584950 0.299178 0.239477 0.915400 0.629838 0.988857 0.300660 0.683673 0.833199 0.846555 0.479634 0.683941 0.169897 0.225982 0.569015 0.398164 0.222207 0.275059 0.861863 
0.168229 0.278447 0.442802 0.886481 0.850629 0.365230 0.474782 0.060966 0.476930 0.244761 0.323528 0.150514 0.347370 0.540395 0.954510 0.644228 0.577868 0.168665 0.635778 0.523375 0.438694 0.391604 0.327866 0.340679 0.559641 
0.910697 0.480084 0.259992 0.611845 0.633245 0.799078 0.192326 0.924827 0.130110 0.516193 0.291902 0.077277 0.618871 0.367479 0.684142 0.682175 0.074266 0.280688 0.312278 0.989411 0.463319 0.817462 0.558341 0.979152 0.939321 
0.164688 0.620257 0.874273 0.540485 0.266538 0.140909 0.876499 0.879976 0.118301 0.786836 0.538972 0.032174 0.980865 0.149907 0.813275 0.575305 0.328805 0.046956 0.003665 0.143149 0.605973 0.054372 0.699813 0.203528 0.560895 
0.648316 0.147613 0.840237 0.626534 0.672538 0.249928 0.348176 0.506300 0.992247 0.864735 0.947466 0.899535 0.181278 0.531287 0.646203 0.052340 0.441176 0.464262 0.645185 0.473429 0.689492 0.145471 0.603330 0.207096 0.241365 

0.774525 0.980615 0.842131 0.129807 0.491212 0.283168 0.226331 0.347512 -0.090511 -1.771859 -1.987538 -1.241090 -1.643326 -0.198646 -1.639316 -1.659264 -1.177212 -0.641683 -2.063546 -1.884668 -0.980661 -0.864120 -0.913925 -0.805041 -1.843492 
0.499541 0.922652 0.016217 -0.330531 0.780830 1.498927 0.039399 0.278849 0.308846 -1.704340 -0.274409 -1.630893 -1.038750 -1.104104 -0.200377 -0.215078 -0.438240 -1.925835 -1.391630 -2.013412 -1.916482 -0.895847 -1.178763 -1.280080 -1.882543 
1.418962 0.366642 0.576432 0.768098 -0.388316 0.361925 0.826504 1.026550 0.590631 0.972689 -1.389126 -1.101383 -0.899458 -0.341339 -0.414129 -1.301506 -0.211559 -0.628219 -0.078265 -0.528773 -1.902181 -1.042098 -0.874540 -0.598946 -1.768514 
-0.198075 1.238101 -0.334827 1.488951 0.700372 1.074273 0.676053 0.493666 0.303912 0.312131 0.379024 0.825379 0.686248 -0.791255 -1.675222 -1.005932 -0.059211 -2.064950 -1.508427 -1.946123 -0.437137 -0.325497 -1.423537 -0.941097 -1.435693 
0.103266 0.207318 0.442508 0.791486 0.065765 0.081557 0.553094 0.595679 0.006975 0.790601 0.200046 0.029696 0.489891 -1.539297 -0.148250 -1.185960 -0.154809 -0.592586 -0.896454 -1.597453 -0.486035 -0.854324 -1.847860 -1.345109 -1.735523 
-0.549159 1.799313 0.855874 0.019090 0.912490 0.556707 1.010088 0.861618 0.455480 -0.007100 0.783721 0.775228 0.466499 -0.385496 -0.471451 -1.781988 -1.752219 -0.947429 -0.997338 -0.357538 -0.085774 -1.101447 -0.450519 -0.174131 -0.936555 
1.400449 1.344721 0.601682 0.899266 0.642773 0.056407 0.945549 0.055720 0.335360 0.606048 0.226639 0.014446 0.622884 0.962838 -1.481581 -1.112558 -1.047857 -0.671658 -0.761991 -0.578406 -1.093896 -1.328902 -1.665691 -0.235721 -0.888876 
0.135745 1.218436 1.788025 0.697772 0.424194 0.331822 0.699617 0.837683 0.779279 0.626159 0.771131 0.525937 0.749401 -1.430848 -0.337557 -1.894834 -0.756276 -0.629373 -1.126040 -1.859598 -0.591857 -0.119159 -0.510853 -0.843178 -1.105742 
0.814742 0.581143 0.905060 0.361678 0.555359 0.648709 0.001871 0.563227 0.460998 0.014957 0.637532 0.174913 -1.685820 -1.487387 -1.417210 -0.302895 -1.434208 -0.035059 0.035172 -1.014361 -1.916756 -0.676701 -0.190250 -1.408522 -0.752061 
0.454546 -0.343293 0.105929 0.609229 0.526216 0.003511 0.873804 0.222003 1.059336 1.023006 0.760541 0.587473 0.006402 -1.689239 -1.007466 -1.449282 -1.489622 -1.850904 -0.362767 -0.391429 -0.462584 -0.720972 -1.125315 -0.970833 -0.927575 
0.326684 1.823393 0.929198 0.432636 0.373645 0.556992 0.253958 0.658206 0.110953 1.074466 0.277588 0.012073 0.961611 -1.869952 -0.654930 -0.303233 -1.516360 -1.228433 -1.765260 -1.141384 -0.172491 -1.123753 -1.154241 -0.983316 -1.533382 
0.577906 -0.242530 0.503542 0.004145 0.931943 0.158907 0.002484 0.393429 -0.102122 0.123131 0.395110 0.767391 0.180063 0.386530 0.436129 -0.444964 -1.526285 -1.818312 -0.142830 -1.665115 0.219013 -0.032466 -0.115327 -0.897336 0.242250 
0.722990 1.122961 0.858869 0.687890 0.051543 0.631963 0.140618 0.640879 0.505146 0.740479 0.440290 0.496296 -0.134501 -0.559594 -1.850679 -0.772465 -0.867132 -1.448718 -1.219782 1.089254 0.616542 1.269396 0.066272 0.649783 -1.150052 
-0.046147 0.142624 0.708296 0.477886 0.567229 0.878317 -0.043283 0.660104 0.898256 0.226886 0.198059 0.986250 0.600422 0.613317 0.633547 1.355891 0.486633 0.450638 0.129426 -0.294391 1.461083 1.082311 1.047452 0.600955 0.357438 
1.138721 -0.140343 0.342304 0.232411 0.367026 0.151132 0.498170 0.124646 0.312860 0.448899 0.152663 0.515010 0.443506 -0.664641 0.840010 0.194690 0.657140 0.262811 0.252082 -0.583482 0.117684 0.189218 0.592854 -0.319612 0.133539 
0.604192 -1.002163 0.021125 1.893188 0.514339 0.382997 0.042422 0.282552 0.887611 -0.042455 -0.383729 1.181796 0.021212 0.392736 -0.118144 0.576378 0.797208 -0.054207 0.000202 1.200596 -0.284754 1.131938 -0.785708 -0.408742 -0.391963 
0.443809 1.077167 -0.249420 0.436599 -0.386612 0.229606 0.702398 0.915096 -0.180900 0.668795 -0.170721 0.312057 0.360957 0.131778 0.888608 0.077200 0.398667 0.615401 1.120253 0.615448 1.729848 0.645757 -0.765414 0.105383 -0.874063 
1.727732 1.133754 1.125753 -0.390326 1.229722 0.126250 -0.211313 0.789692 0.133860 0.221778 0.107836 0.693534 0.586387 0.531948 0.968129 0.192494 -0.515832 0.603085 0.800011 -0.802220 0.590972 0.153812 -0.519376 -1.223147 -0.672039 
1.198955 0.508193 1.332390 1.055520 0.615638 1.450246 0.639035 0.649528 0.568421 0.673237 -0.374837 0.693485 0.952003 -0.483481 1.732937 0.690558 0.169936 0.469429 0.117505 -0.985465 0.342049 -1.202716 0.052661 -0.830702 -0.042111 
0.347366 -0.145264 0.603125 -0.340464 1.323273 0.232128 0.833610 -0.252334 0.631177 -0.206769 0.100264 -0.376806 1.263003 0.641356 1.288386 0.779150 -0.166593 -1.644948 0.251737 0.617813 -0.047907 -1.202361 0.384510 0.658061 -0.741488 
0.592664 0.015094 1.054592 -0.636019 -0.117045 0.125464 0.272128 0.171508 -0.052133 1.388043 0.591277 0.941773 -0.108957 1.034525 -0.674237 -0.556342 -0.285577 -0.425485 0.231039 0.377866 -0.288032 -0.093558 -0.353612 0.136582 -1.758964 
0.477918 0.349487 0.245261 1.685115 0.927155 0.227591 0.365091 -0.271294 0.524567 -0.541946 0.082371 0.144438 0.217937 1.376965 0.204726 -0.504694 -1.222381 0.035900 -0.802864 -0.288921 0.077553 0.196051 0.128900 -0.207055 -1.240380 
1.266024 -0.206382 0.167817 0.291573 0.508244 0.831420 -0.178156 1.055395 -0.525369 0.599140 0.117391 -0.397912 1.070528 -0.574639 -0.861563 -0.852869 0.299651 0.347752 -0.491001 -1.275781 -0.426143 -1.332141 -0.488184 -1.033627 -1.849471 
-0.182750 1.030782 1.480071 0.122999 0.206272 -0.314726 1.329071 0.944531 -0.684166 0.585054 0.493192 -0.803687 -0.991319 -0.170099 -1.491148 -0.599072 -0.389610 0.084158 0.006325 0.169093 -0.619317 -0.119301 -1.331524 0.399202 -0.583155 
0.301649 -0.515026 1.057915 0.634444 1.148992 -0.417216 0.127715 0.402991 1.255022 1.623947 1.450019 1.176006 0.005514 -0.565911 -1.348770 0.719890 -0.587730 -0.626684 -0.384393 -0.107655 -0.622897 -0.089379 -0.502038 0.213514 0.367354 

4 4 4 3 3 3 3 3 3 2 2 2 2 2 2 2 2 2 2 2 2 2 2 2 2 
4 4 4 4 4 4 3 3 3 2 2 2 2 2 2 2 2 2 2 2 2 2 2 2 2 
4 4 4 4 4 3 3 3 3 3 2 2 2 2 2 2 2 2 2 2 2 2 2 2 2 
4 4 4 4 3 3 3 3 3 3 3 3 3 2 2 2 2 2 2 2 2 2 2 2 2 
4 4 4 4 4 3 3 3 3 3 3 3 3 2 2 2 2 2 2 2 2 2 2 2 2 
4 4 4 4 3 3 3 3 3 3 3 3 3 2 2 2 2 2 2 2 2 2 2 2 2 
4 4 4 3 3 3 3 3 3 3 3 3 3 3 2 2 2 2 2 2 2 2 2 2 2 
4 4 4 4 3 3 3 3 3 3 3 3 3 2 2 2 2 2 2 2 2 2 2 2 2 
4 4 4 3 3 3 3 3 3 3 3 3 2 2 2 2 2 2 2 2 2 2 2 2 2 
4 4 4 3 3 3 3 3 3 3 3 3 3 2 2 2 2 2 2 2 2 2 2 2 2 
4 4 4 3 3 3 3 3 3 3 3 3 3 2 2 2 2 2 2 2 2 2 2 2 2 
4 4 4 3 3 3 3 3 3 3 3 3 3 3 3 2 2 2 2 2 1 1 2 2 0 
4 4 3 3 3 3 3 3 3 3 3 3 2 2 2 2 2 2 2 1 1 1 1 1 0 
4 3 3 3 3 3 3 3 3 3 3 3 1 1 1 1 1 1 1 1 1 1 1 1 0 
4 4 3 3 3 3 3 3 3 3 3 1 1 1 1 1 1 1 1 1 1 1 1 0 0 
4 4 4 4 3 3 3 3 3 1 1 1 1 1 1 1 1 1 1 1 1 1 1 0 0 
4 4 4 4 4 3 3 3 3 3 1 1 1 1 1 1 1 1 1 1 1 0 0 0 0 
4 4 4 4 4 4 4 3 3 3 3 3 1 1 1 1 1 1 1 0 0 0 0 0 0 
4 4 4 4 4 4 3 3 3 4 4 3 1 1 1 1 0 0 0 0 0 0 0 0 0 
4 4 4 4 4 4 3 4 3 4 4 1 1 1 1 1 0 0 0 0 0 0 0 0 0 
4 4 4 4 4 4 4 4 4 4 4 1 1 1 1 1 0 0 0 0 0 0 0 0 0 
4 4 4 4 4 4 4 4 4 4 4 4 4 1 1 0 0 0 0 0 0 0 0 0 0 
4 4 4 4 4 4 4 4 4 4 4 4 4 0 0 0 0 0 0 0 0 0 0 0 0 
4 4 4 4 4 4 4 4 4 4 4 4 0 0 0 0 0 0 0 0 0 0 0 0 0 
4 4 4 4 4 4 4 4 4 4 4 4 0 0 0 0 0 0 0 0 0 0 0 0 0 

-1.0 -1.0 -1.0 0.0 0.0 0.0 0.0 0.0 0.0 -2.0 -2.0 -2.0 -2.0 -2.0 -2.0 -2.0 -2.0 -2.0 -2.0 -2.0 -2.0 -2.0 -2.0 -2.0 -2.0 
-1.0 -1.0 -1.0 -1.0 -1.0 -1.0 0.0 0.0 0.0 -2.0 -2.0 -2.0 -2.0 -2.0 -2.0 -2.0 -2.0 -2.0 -2.0 -2.0 -2.0 -2.0 -2.0 -2.0 -2.0 
-1.0 -1.0 -1.0 -1.0 -1.0 0.0 0.0 0.0 0.0 0.0 -2.0 -2.0 -2.0 -2.0 -2.0 -2.0 -2.0 -2.0 -2.0 -2.0 -2.0 -2.0 -2.0 -2.0 -2.0 
-1.0 -1.0 -1.0 -1.0 0.0 0.0 0.0 0.0 0.0 0.0 0.0 0.0 0.0 -2.0 -2.0 -2.0 -2.0 -2.0 -2.0 -2.0 -2.0 -2.0 -2.0 -2.0 -2.0 
-1.0 -1.0 -1.0 -1.0 -1.0 0.0 0.0 0.0 0.0 0.0 0.0 0.0 0.0 -2.0 -2.0 -2.0 -2.0 -2.0 -2.0 -2.0 -2.0 -2.0 -2.0 -2.0 -2.0 
-1.0 -1.0 -1.0 -1.0 0.0 0.0 0.0 0.0 0.0 0.0 0.0 0.0 0.0 -2.0 -2.0 -2.0 -2.0 -2.0 -2.0 -2.0 -2.0 -2.0 -2.0 -2.0 -2.0 
-1.0 -1.0 -1.0 0.0 0.0 0.0 0.0 0.0 0.0 0.0 0.0 0.0 0.0 0.0 -2.0 -2.0 -2.0 -2.0 -2.0 -2.0 -2.0 -2.0 -2.0 -2.0 -2.0 
-1.0 -1.0 -1.0 -1.0 0.0 0.0 0.0 0.0 0.0 0.0 0.0 0.0 0.0 -2.0 -2.0 -2.0 -2.0 -2.0 -2.0 -2.0 -2.0 -2.0 -2.0 -2.0 -2.0 
-1.0 -1.0 -1.0 0.0 0.0 0.0 0.0 0.0 0.0 0.0 0.0 0.0 -2.0 -2.0 -2.0 -2.0 -2.0 -2.0 -2.0 -2.0 -2.0 -2.0 -2.0 -2.0 -2.0 
-1.0 -1.0 -1.0 0.0 0.0 0.0 0.0 0.0 0.0 0.0 0.0 0.0 0.0 -2.0 -2.0 -2.0 -2.0 -2.0 -2.0 -2.0 -2.0 -2.0 -2.0 -2.0 -2.0 
-1.0 -1.0 -1.0 0.0 0.0 0.0 0.0 0.0 0.0 0.0 0.0 0.0 0.0 -2.0 -2.0 -2.0 -2.0 -2.0 -2.0 -2.0 -2.0 -2.0 -2.0 -2.0 -2.0 
-1.0 -1.0 -1.0 0.0 0.0 0.0 0.0 0.0 0.0 0.0 0.0 0.0 0.0 0.0 0.0 -2.0 -2.0 -2.0 -2.0 -2.0 2.0 2.0 -2.0 -2.0 1.0 
-1.0 -1.0 0.0 0.0 0.0 0.0 0.0 0.0 0.0 0.0 0.0 0.0 -2.0 -2.0 -2.0 -2.0 -2.0 -2.0 -2.0 2.0 2.0 2.0 2.0 2.0 1.0 
-1.0 0.0 0.0 0.0 0.0 0.0 0.0 0.0 0.0 0.0 0.0 0.0 2.0 2.0 2.0 2.0 2.0 2.0 2.0 2.0 2.0 2.0 2.0 2.0 1.0 
-1.0 -1.0 0.0 0.0 0.0 0.0 0.0 0.0 0.0 0.0 0.0 2.0 2.0 2.0 2.0 2.0 2.0 2.0 2.0 2.0 2.0 2.0 2.0 1.0 1.0 
-1.0 -1.0 -1.0 -1.0 0.0 0.0 0.0 0.0 0.0 2.0 2.0 2.0 2.0 2.0 2.0 2.0 2.0 2.0 2.0 2.0 2.0 2.0 2.0 1.0 1.0 
-1.0 -1.0 -1.0 -1.0 -1.0 0.0 0.0 0.0 0.0 0.0 2.0 2.0 2.0 2.0 2.0 2.0 2.0 2.0 2.0 2.0 2.0 1.0 1.0 1.0 1.0 
-1.0 -1.0 -1.0 -1.0 -1.0 -1.0 -1.0 0.0 0.0 0.0 0.0 0.0 2.0 2.0 2.0 2.0 2.0 2.0 2.0 1.0 1.0 1.0 1.0 1.0 1.0 
-1.0 -1.0 -1.0 -1.0 -1.0 -1.0 0.0 0.0 0.0 -1.0 -1.0 0.0 2.0 2.0 2.0 2.0 1.0 1.0 1.0 1.0 1.0 1.0 1.0 1.0 1.0 
-1.0 -1.0 -1.0 -1.0 -1.0 -1.0 0.0 -1.0 0.0 -1.0 -1.0 2.0 2.0 2.0 2.0 2.0 1.0 1.0 1.0 1.0 1.0 1.0 1.0 1.0 1.0 
-1.0 -1.0 -1.0 -1.0 -1.0 -1.0 -1.0 -1.0 -1.0 -1.0 -1.0 2.0 2.0 2.0 2.0 2.0 1.0 1.0 1.0 1.0 1.0 1.0 1.0 1.0 1.0 
-1.0 -1.0 -1.0 -1.0 -1.0 -1.0 -1.0 -1.0 -1.0 -1.0 -1.0 -1.0 -1.0 2.0 2.0 1.0 1.0 1.0 1.0 1.0 1.0 1.0 1.0 1.0 1.0 
-1.0 -1.0 -1.0 -1.0 -1.0 -1.0 -1.0 -1.0 -1.0 -1.0 -1.0 -1.0 -1.0 1.0 1.0 1.0 1.0 1.0 1.0 1.0 1.0 1.0 1.0 1.0 1.0 
-1.0 -1.0 -1.0 -1.0 -1.0 -1.0 -1.0 -1.0 -1.0 -1.0 -1.0 -1.0 1.0 1.0 1.0 1.0 1.0 1.0 1.0 1.0 1.0 1.0 1.0 1.0 1.0 
-1.0 -1.0 -1.0 -1.0 -1.0 -1.0 -1.0 -1.0 -1.0 -1.0 -1.0 -1.0 1.0 1.0 1.0 1.0 1.0 1.0 1.0 1.0 1.0 1.0 1.0 1.0 1.0 

2.0 2.0 2.0 1.0 1.0 1.0 1.0 1.0 1.0 0.0 0.0 0.0 0.0 0.0 0.0 0.0 0.0 0.0 0.0 0.0 0.0 0.0 0.0 0.0 0.0 
2.0 2.0 2.0 2.0 2.0 2.0 1.0 1.0 1.0 0.0 0.0 0.0 0.0 0.0 0.0 0.0 0.0 0.0 0.0 0.0 0.0 0.0 0.0 0.0 0.0 
2.0 2.0 2.0 2.0 2.0 1.0 1.0 1.0 1.0 1.0 0.0 0.0 0.0 0.0 0.0 0.0 0.0 0.0 0.0 0.0 0.0 0.0 0.0 0.0 0.0 
2.0 2.0 2.0 2.0 1.0 1.0 1.0 1.0 1.0 1.0 1.0 1.0 1.0 0.0 0.0 0.0 0.0 0.0 0.0 0.0 0.0 0.0 0.0 0.0 0.0 
2.0 2.0 2.0 2.0 2.0 1.0 1.0 1.0 1.0 1.0 1.0 1.0 1.0 0.0 0.0 0.0 0.0 0.0 0.0 0.0 0.0 0.0 0.0 0.0 0.0 
2.0 2.0 2.0 2.0 1.0 1.0 1.0 1.0 1.0 1.0 1.0 1.0 1.0 0.0 0.0 0.0 0.0 0.0 0.0 0.0 0.0 0.0 0.0 0.0 0.0 
2.0 2.0 2.0 1.0 1.0 1.0 1.0 1.0 1.0 1.0 1.0 1.0 1.0 1.0 0.0 0.0 0.0 0.0 0.0 0.0 0.0 0.0 0.0 0.0 0.0 
2.0 2.0 2.0 2.0 1.0 1.0 1.0 1.0 1.0 1.0 1.0 1.0 1.0 0.0 0.0 0.0 0.0 0.0 0.0 0.0 0.0 0.0 0.0 0.0 0.0 
2.0 2.0 2.0 1.0 1.0 1.0 1.0 1.0 1.0 1.0 1.0 1.0 0.0 0.0 0.0 0.0 0.0 0.0 0.0 0.0 0.0 0.0 0.0 0.0 0.0 
2.0 2.0 2.0 1.0 1.0 1.0 1.0 1.0 1.0 1.0 1.0 1.0 1.0 0.0 0.0 0.0 0.0 0.0 0.0 0.0 0.0 0.0 0.0 0.0 0.0 
2.0 2.0 2.0 1.0 1.0 1.0 1.0 1.0 1.0 1.0 1.0 1.0 1.0 0.0 0.0 0.0 0.0 0.0 0.0 0.0 0.0 0.0 0.0 0.0 0.0 
2.0 2.0 2.0 1.0 1.0 1.0 1.0 1.0 1.0 1.0 1.0 1.0 1.0 1.0 1.0 0.0 0.0 0.0 0.0 0.0 -1.0 -1.0 0.0 0.0 -2.0 
2.0 2.0 1.0 1.0 1.0 1.0 1.0 1.0 1.0 1.0 1.0 1.0 0.0 0.0 0.0 0.0 0.0 0.0 0.0 -1.0 -1.0 -1.0 -1.0 -1.0 -2.0 
2.0 1.0 1.0 1.0 1.0 1.0 1.0 1.0 1.0 1.0 1.0 1.0 -1.0 -1.0 -1.0 -1.0 -1.0 -1.0 -1.0 -1.0 -1.0 -1.0 -1.0 -1.0 -2.0 
2.0 2.0 1.0 1.0 1.0 1.0 1.0 1.0 1.0 1.0 1.0 -1.0 -1.0 -1.0 -1.0 -1.0 -1.0 -1.0 -1.0 -1.0 -1.0 -1.0 -1.0 -2.0 -2.0 
2.0 2.0 2.0 2.0 1.0 1.0 1.0 1.0 1.0 -1.0 -1.0 -1.0 -1.0 -1.0 -1.0 -1.0 -1.0 -1.0 -1.0 -1.0 -1.0 -1.0 -1.0 -2.0 -2.0 
2.0 2.0 2.0 2.0 2.0 1.0 1.0 1.0 1.0 1.0 -1.0 -1.0 -1.0 -1.0 -1.0 -1.0 -1.0 -1.0 -1.0 -1.0 -1.0 -2.0 -2.0 -2.0 -2.0 
2.0 2.0 2.0 2.0 2.0 2.0 2.0 1.0 1.0 1.0 1.0 1.0 -1.0 -1.0 -1.0 -1.0 -1.0 -1.0 -1.0 -2.0 -2.0 -2.0 -2.0 -2.0 -2.0 
2.0 2.0 2.0 2.0 2.0 2.0 1.0 1.0 1.0 2.0 2.0 1.0 -1.0 -1.0 -1.0 -1.0 -2.0 -2.0 -2.0 -2.0 -2.0 -2.0 -2.0 -2.0 -2.0 
2.0 2.0 2.0 2.0 2.0 2.0 1.0 2.0 1.0 2.0 2.0 -1.0 -1.0 -1.0 -1.0 -1.0 -2.0 -2.0 -2.0 -2.0 -2.0 -2.0 -2.0 -2.0 -2.0 
2.0 2.0 2.0 2.0 2.0 2.0 2.0 2.0 2.0 2.0 2.0 -1.0 -1.0 -1.0 -1.0 -1.0 -2.0 -2.0 -2.0 -2.0 -2.0 -2.0 -2.0 -2.0 -2.0 
2.0 2.0 2.0 2.0 2.0 2.0 2.0 2.0 2.0 2.0 2.0 2.0 2.0 -1.0 -1.0 -2.0 -2.0 -2.0 -2.0 -2.0 -2.0 -2.0 -2.0 -2.0 -2.0 
2.0 2.0 2.0 2.0 2.0 2.0 2.0 2.0 2.0 2.0 2.0 2.0 2.0 -2.0 -2.0 -2.0 -2.0 -2.0 -2.0 -2.0 -2.0 -2.0 -2.0 -2.0 -2.0 
2.0 2.0 2.0 2.0 2.0 2.0 2.0 2.0 2.0 2.0 2.0 2.0 -2.0 -2.0 -2.0 -2.0 -2.0 -2.0 -2.0 -2.0 -2.0 -2.0 -2.0 -2.0 -2.0 
2.0 2.0 2.0 2.0 2.0 2.0 2.0 2.0 2.0 2.0 2.0 2.0 -2.0 -2.0 -2.0 -2.0 -2.0 -2.0 -2.0 -2.0 -2.0 -2.0 -2.0 -2.0 -2.0 

