0.348586 0.366874 0.648508 0.337873 0.002321 0.267285 0.347055 0.687463 0.702149 0.671631 0.472589 0.612610 0.403690 0.333208 0.292109 0.948534 0.339084 0.158728 0.339500 0.552493 0.664274 0.248810 0.331694 0.637715 0.492548 
0.855484 0.513220 0.362870 0.100570 0.718121 0.172990 0.879506 0.601166 0.802368 0.791115 0.343715 0.229035 0.616275 0.003417 0.814094 0.668935 0.081758 0.843989 0.712398 0.278801 0.950393 0.491604 0.126104 0.816835 0.879940 
0.969425 0.505226 0.484205 0.596974 0.762840 0.475446 0.883375 0.069192 0.210286 0.002477 0.416289 0.639055 0.623007 0.185197 0.259136 0.337394 0.514597 0.478885 0.663652 0.506756 0.493567 0.945045 0.404809 0.841063 0.450675 
0.518211 0.380499 0.014388 0.115572 0.854539 0.813234 0.160733 0.650604 0.966685 0.868061 0.490952 0.589753 0.340802 0.351416 0.391924 0.932518 0.996361 0.126933 0.429320 0.291310 0.422564 0.394941 0.331309 0.620436 0.143837 
0.187784 0.428357 0.447190 0.121353 0.258178 0.266711 0.588124 0.561158 0.748645 0.558485 0.642979 0.125773 0.006248 0.888043 0.222873 0.126820 0.853129 0.049443 0.577956 0.936377 0.651763 0.463550 0.508333 0.093852 0.673712 
0.173488 0.376909 0.653335 0.955395 0.969739 0.646452 0.505088 0.589077 0.967063 0.669814 0.319208 0.969797 0.442562 0.341336 0.695661 0.419600 0.499564 0.541203 0.697293 0.485173 0.432240 0.339948 0.028043 0.872971 0.261388 
0.388202 0.499551 0.584857 0.635192 0.647813 0.959610 0.586516 0.916273 0.306782 0.269819 0.179020 0.570372 0.417372 0.817274 0.432199 0.307122 0.870097 0.148450 0.334509 0.169305 0.169603 0.909194 0.894987 0.737804 0.230162 
0.346551 0.702037 0.052447 0.423307 0.353307 0.100270 0.435291 0.078932 0.777487 0.955851 0.683274 0.761271 0.502377 0.886760 0.663307 0.756342 0.269704 0.530502 0.265283 0.286516 0.130983 0.178608 0.213637 0.259656 0.530505 
0.736551 0.499067 0.002114 0.864318 0.248349 0.584383 0.084786 0.813969 0.373969 0.909006 0.626015 0.615191 0.981656 0.977331 0.315751 0.847279 0.164947 0.265582 0.721412 0.573925 0.865204 0.158002 0.579651 0.904522 0.403582 
0.118157 0.444680 0.871982 0.986832 0.545932 0.487806 0.992626 0.994340 0.437348 0.985971 0.057951 0.861001 0.907194 0.843799 0.294937 0.006662 0.720763 0.043671 0.776220 0.635736 0.329057 0.538723 0.800767 0.260180 0.954756 
0.050071 0.660598 0.269273 0.350816 0.554452 0.245781 0.475336 0.819231 0.413936 0.986726 0.733624 0.989942 0.167754 0.125465 0.768098 0.528786 0.093222 0.968692 0.723622 0.002104 0.952544 0.054995 0.355992 0.133277 0.659283 
0.843048 0.312274 0.131271 0.899923 0.840470 0.066796 0.248155 0.238953 0.471642 0.758938 0.528830 0.521975 0.034380 0.699073 0.131101 0.714376 0.940999 0.261940 0.189236 0.682410 0.715522 0.876825 0.021972 0.869885 0.968855 
0.343806 0.359196 0.613520 0.830776 0.382527 0.390779 0.115109 0.959445 0.632937 0.055039 0.210281 0.430981 0.302788 0.448529 0.375542 0.421143 0.916097 0.837364 0.991250 0.544788 0.791884 0.729343 0.152897 0.622975 0.430664 
0.716747 0.469371 0.272464 0.549133 0.030088 0.924093 0.499825 0.270159 0.451928 0.841805 0.711551 0.699224 0.302386 0.226633 0.444394 0.602817 0.253147 0.128523 0.197819 0.083766 0.163850 0.773105 0.636974 0.001704 0.092185 
0.693491 0.435679 0.342012 0.742931 0.933563 0.387428 0.063434 0.754133 0.620633 0.110271 0.405260 0.975084 0.899896 0.607553 0.987601 0.215931 0.386767 0.841071 0.520948 0.841039 0.917935 0.710960 0.483610 0.106172 0.425347 
0.926305 0.213267 0.853683 0.352478 0.968679 0.086064 0.158291 0.065388 0.565462 0.095224 0.845137 0.341924 0.996212 0.935832 0.456817 0.159374 0.545825 0.397711 0.191319 0.961231 0.762764 0.948836 0.543704 0.138281 0.936203 
0.133164 0.094887 0.218210 0.930835 0.108558 0.166332 0.470741 0.128942 0.217853 0.343069 0.696060 0.413063 0.174189 0.888998 0.558946 0.483114 0.788861 0.343952 0.631027 0.918182 0.082074 0.788960 0.156469 0.059003 0.659181 
0.580675 0.351912 0.095819 0.803201 0.224362 0.491124 0.871837 0.961634 0.830519 0.107984 0.820117 0.585224 0.906272 0.355573 0.639637 0.599367 0.351913 0.705021 0.880972 0.476073 0.296915 0.349154 0.162208 0.471046 0.406172 
0.351087 0.072039 0.471037 0.965482 0.692288 0.101784 0.050498 0.502599 0.032217 0.726602 0.452637 0.098980 0.724156 0.017243 0.032589 0.624892 0.415839 0.332099 0.145213 0.282789 0.368340 0.027838 0.741047 0.663907 0.340786 
0.109556 0.921283 0.286327 0.198560 0.541006 0.476905 0.737682 0.909552 0.570667 0.596510 0.348668 0.538113 0.780534 0.767736 0.854214 0.756553 0.068771 0.564523 0.859532 0.383302 0.531890 0.140578 0.464279 0.577444 0.077653 
0.706017 0.625896 0.779149 0.926165 0.296526 0.423223 0.789469 0.688010 0.489904 0.954095 0.704185 0.037911 0.131452 0.180436 0.827191 0.700573 0.197665 0.527230 0.177262 0.761545 0.812328 0.598130 0.263585 0.047545 0.251121 
0.660471 0.404043 0.903708 0.826126 0.655762 0.000298 0.655962 0.581823 0.034063 0.924024 0.424936 0.763091 0.940875 0.712373 0.101515 0.533419 0.984280 0.060668 0.406311 0.666856 0.444167 0.416689 0.025115 0.016380 0.489820 
0.272404 0.976337 0.094518 0.123875 0.523894 0.281058 0.150080 0.770045 0.319897 0.649450 0.728772 0.362146 0.122543 0.574271 0.074498 0.630044 0.134491 0.351022 0.760273 0.139135 0.349705 0.649197 0.178732 0.882345 0.545995 
0.089425 0.060411 0.270079 0.052916 0.959237 0.045479 0.486456 0.637654 0.844488 0.733505 0.241173 0.158224 0.805910 0.566417 0.401186 0.321716 0.556405 0.931368 0.502739 0.067564 0.940705 0.906338 0.530276 0.347565 0.709749 
0.702523 0.740210 0.724212 0.871107 0.883191 0.770575 0.787100 0.967699 0.957500 0.971425 0.524493 0.330993 0.668375 0.664132 0.864264 0.679328 0.161490 0.757298 0.033779 0.511843 0.972800 0.395062 0.925071 0.660485 0.826689 

0.158785 0.266639 0.069245 0.321351 0.401107 0.216081 0.065276 0.325285 0.745754 0.366663 0.952061 0.340560 0.455819 0.930028 0.699538 0.063222 0.932399 0.899215 0.305817 0.463363 0.531417 0.282166 0.554988 0.444328 0.727366 
0.627219 0.497319 0.800008 0.693452 0.785824 0.660111 0.289943 0.601319 0.765454 0.443055 0.315777 0.408355 0.524236 0.810866 0.085875 0.148734 0.498649 0.520131 0.057321 0.524768 0.157626 0.097029 0.542012 0.489387 0.612945 
0.954441 0.525179 0.535891 0.728718 0.984452 0.320479 0.732638 0.196743 0.804953 0.735701 0.810429 0.776157 0.975254 0.049917 0.163070 0.021687 0.303646 0.994180 0.243642 0.300596 0.737377 0.701224 0.639624 0.506734 0.432725 
0.535418 0.298268 0.188752 0.605933 0.821778 0.800642 0.247665 0.473622 0.008365 0.131458 0.869290 0.823486 0.632521 0.647243 0.761204 0.766733 0.596724 0.022832 0.890184 0.923819 0.484863 0.873603 0.857018 0.320167 0.595252 
0.155917 0.509193 0.872630 0.032004 0.241301 0.075659 0.391369 0.972132 0.105836 0.794551 0.185289 0.479231 0.192588 0.627174 0.610624 0.497772 0.980738 0.982610 0.960839 0.068264 0.843373 0.163424 0.024101 0.594184 0.748087 
0.533568 0.131685 0.841833 0.879465 0.219402 0.484887 0.254250 0.238685 0.201012 0.574306 0.640242 0.136931 0.516084 0.926315 0.337296 0.044538 0.705357 0.358600 0.190196 0.687572 0.204127 0.525064 0.015453 0.040875 0.324867 
0.895393 0.207307 0.087808 0.805013 0.215303 0.222157 0.765275 0.591549 0.464165 0.550897 0.607527 0.957980 0.840698 0.627778 0.802473 0.022781 0.198838 0.258372 0.571657 0.197401 0.413444 0.939021 0.954505 0.053503 0.624528 
0.038226 0.097673 0.667306 0.680382 0.674830 0.290803 0.696443 0.222909 0.333722 0.071282 0.669771 0.954152 0.522037 0.357443 0.950558 0.612837 0.083622 0.347748 0.769803 0.903554 0.761834 0.470469 0.562704 0.446370 0.024176 
0.348141 0.103409 0.851447 0.483255 0.360860 0.290889 0.262194 0.193941 0.504238 0.724384 0.669645 0.036444 0.280485 0.127573 0.260622 0.877451 0.731375 0.436694 0.994604 0.777147 0.708678 0.730994 0.260117 0.602849 0.825423 
0.818923 0.367907 0.816635 0.394966 0.006996 0.672570 0.312713 0.356123 0.144862 0.292551 0.836271 0.431098 0.752826 0.073548 0.241879 0.534653 0.843326 0.278174 0.612946 0.718577 0.537845 0.958241 0.959667 0.698426 0.489306 
0.494442 0.282919 0.142951 0.318683 0.422349 0.019354 0.878423 0.620812 0.599706 0.072746 0.217298 0.589136 0.102795 0.421048 0.286546 0.783976 0.656062 0.030711 0.319086 0.481030 0.298688 0.887836 0.684668 0.096428 0.498299 
0.772076 0.604685 0.380540 0.823983 0.079684 0.345056 0.408595 0.589801 0.966841 0.579252 0.983281 0.497969 0.433777 0.051840 0.026805 0.076980 0.498191 0.267207 0.316176 0.342448 0.220780 0.111378 0.177234 0.935258 0.806234 
0.786129 0.514580 0.877875 0.463664 0.402802 0.572308 0.169846 0.888690 0.962607 0.758138 0.724919 0.314917 0.547229 0.558899 0.681311 0.097902 0.107138 0.389702 0.410927 0.564609 0.392996 0.056797 0.854432 0.281757 0.020535 
0.059091 0.292532 0.192167 0.762245 0.108199 0.912793 0.600395 0.340281 0.119603 0.825046 0.429912 0.835659 0.459834 0.035947 0.837307 0.739010 0.797741 0.964030 0.420976 0.355740 0.781145 0.173335 0.530942 0.989225 0.903187 
0.539339 0.852480 0.453433 0.174064 0.875600 0.910348 0.922230 0.238689 0.241647 0.565839 0.304697 0.708555 0.257533 0.882229 0.655426 0.784968 0.052062 0.105088 0.753718 0.314660 0.577550 0.234880 0.691700 0.034682 0.275465 
0.651980 0.263149 0.616634 0.952265 0.146129 0.928903 0.299429 0.530643 0.412523 0.174627 0.693481 0.286288 0.023455 0.324692 0.956563 0.183199 0.683918 0.077402 0.062453 0.971632 0.685780 0.427373 0.919361 0.461100 0.419399 
0.058521 0.445935 0.976574 0.534350 0.442784 0.831252 0.563215 0.567364 0.650918 0.825055 0.320431 0.236554 0.191415 0.085551 0.715486 0.467143 0.573756 0.135259 0.025091 0.300980 0.196059 0.678408 0.797441 0.051768 0.034278 
0.734827 0.489019 0.902509 0.655975 0.128713 0.117143 0.597434 0.366391 0.325887 0.367476 0.981010 0.437097 0.154189 0.671714 0.441442 0.927428 0.661183 0.790690 0.722426 0.509272 0.789553 0.336329 0.874094 0.406332 0.356770 
0.140233 0.834123 0.986036 0.784549 0.496815 0.613031 0.484468 0.137619 0.096152 0.121023 0.915729 0.067797 0.720522 0.223492 0.596556 0.921461 0.727674 0.369596 0.929828 0.135215 0.221494 0.294700 0.811479 0.131887 0.957143 
0.409105 0.891085 0.195319 0.755685 0.174578 0.828806 0.508915 0.219838 0.466226 0.691220 0.568442 0.324653 0.696412 0.984058 0.686503 0.929808 0.460066 0.608785 0.242644 0.642952 0.393771 0.476240 0.674427 0.196849 0.833811 
0.029473 0.225375 0.766431 0.450966 0.786027 0.036740 0.629096 0.940173 0.606045 0.603876 0.133869 0.180797 0.499331 0.356963 0.444235 0.092810 0.124135 0.584831 0.065036 0.544942 0.804391 0.764446 0.914781 0.089903 0.971272 
0.522515 0.010993 0.694117 0.205849 0.642831 0.981478 0.961957 0.097620 0.032135 0.187794 0.492639 0.131503 0.750610 0.211642 0.491305 0.032414 0.951523 0.608662 0.166082 0.770851 0.940847 0.642896 0.521260 0.003420 0.497747 
0.874604 0.270343 0.178119 0.550697 0.680085 0.580159 0.056131 0.245443 0.719963 0.674442 0.928042 0.564637 0.568972 0.782379 0.820611 0.587962 0.678792 0.156583 0.651194 0.940944 0.070643 0.440232 0.071293 0.522248 0.004756 
0.629681 0.362228 0.868129 0.980128 0.856126 0.685509 0.872649 0.280731 0.167126 0.965650 0.358483 0.059989 0.279666 0.423279 0.281346 0.304404 0.958852 0.928933 0.792018 0.096689 0.258815 0.312751 0.639726 0.331464 0.089508 
0.541949 0.530720 0.737080 0.943090 0.356709 0.033884 0.581746 0.305793 0.348823 0.586326 0.403413 0.202617 0.473581 0.180272 0.542020 0.558069 0.834462 0.757621 0.281824 0.862929 0.844986 0.175143 0.729468 0.261924 0.932714 

-0.129529 0.154818 -0.028859 0.039298 0.249045 0.031682 -0.156251 -0.144207 0.405229 0.040676 0.241600 -0.304058 -0.263973 -0.327874 -0.378401 -0.480172 0.229329 0.224982 0.134089 -0.067996 -0.040859 -0.199098 -0.283383 0.026715 0.077433 
0.354816 0.010538 -0.079960 -0.007774 -0.099799 0.039427 -0.194169 0.041062 0.115964 0.047350 -0.068313 -0.143754 -0.295491 0.018126 -0.341411 -0.402946 -0.240114 0.270591 -0.273525 0.250583 0.170750 0.181761 -0.191682 0.163328 0.126516 
-0.070359 0.075371 -0.000566 -0.091147 -0.202435 -0.141718 0.045048 -0.114232 -0.165107 0.234497 0.015058 -0.065920 -0.226342 -0.072145 0.072603 0.212600 0.188038 -0.315794 0.216563 -0.177506 -0.041879 0.125936 0.146099 0.600207 -0.114783 
0.264333 -0.137918 -0.173560 -0.311032 -0.003516 0.208725 -0.052679 -0.000675 0.323941 0.175066 -0.115593 0.079462 0.082936 0.038464 -0.165089 -0.040489 0.044904 0.235415 -0.130994 0.049428 0.025824 0.382631 0.338901 0.038520 -0.186451 
0.317323 -0.250747 -0.109393 -0.045286 -0.154212 0.047575 -0.112228 0.119517 -0.261282 -0.213746 0.320506 -0.041734 0.071579 -0.001691 -0.065037 0.020459 -0.012603 -0.050712 -0.162017 0.148698 0.301511 -0.098083 -0.100120 -0.197354 -0.011858 
-1.185308 -1.112046 -2.918580 -3.567470 -2.798741 -2.569878 -1.555846 -1.804214 -2.450285 -2.586901 -2.277317 -2.629092 -1.776525 -2.642842 -1.821887 -0.986723 -2.442294 -1.967516 -1.819457 -2.104571 -1.118460 -1.578540 -0.284505 -2.071985 -1.024855 
-2.930746 -1.409534 -1.424020 -2.776357 -1.764968 -2.256799 -3.116052 -3.104542 -1.672808 -1.430869 -2.065637 -2.734479 -2.257496 -2.796534 -2.437218 -0.688353 -2.660330 -0.814045 -1.659088 -0.613583 -1.169985 -3.820799 -3.740069 -1.655137 -1.585553 
-0.568535 -1.693671 -1.833670 -2.357107 -1.895502 -0.935886 -2.423361 -0.219247 -2.299644 -2.045224 -2.878526 -3.253049 -2.267156 -2.362774 -3.435952 -3.098360 -0.495765 -1.820592 -2.254214 -2.349445 -1.860936 -1.660691 -2.010190 -1.314899 -1.335511 
-2.357444 -1.325241 -1.669687 -2.386665 -1.039915 -2.134817 -0.887379 -1.853195 -1.827671 -3.039101 -2.591084 -1.696752 -2.080511 -2.376669 -1.151782 -3.348427 -1.635735 -1.604854 -3.737263 -2.050379 -2.841942 -1.954222 -1.728345 -3.139924 -2.348010 
-2.000067 -1.701307 -3.485384 -2.869575 -0.977048 -2.536749 -2.612863 -2.785396 -1.033927 -2.348777 -1.689873 -2.913603 -3.472742 -1.611699 -1.115947 -0.988270 -3.255458 -0.609986 -2.690922 -2.412639 -1.308440 -2.774789 -3.556664 -1.796093 -2.583473 
-0.505992 0.383304 0.524110 0.134246 0.113242 0.613043 -0.164836 0.304842 -0.349777 1.224741 0.809278 0.737984 0.168700 -0.456046 0.219150 0.241924 -0.865401 1.028590 0.492020 -0.793943 0.425220 -0.519670 -0.355162 0.094030 -0.053795 
-0.072974 -0.400301 -0.317915 0.110417 0.603260 0.056838 -0.248816 -0.185958 -0.565917 0.305138 -0.184382 -0.079265 -0.693066 0.906258 0.016775 0.730037 0.561447 -0.040311 -0.387755 0.158293 0.587635 1.118071 -0.063732 -0.183332 0.295197 
-0.384686 -0.489463 -0.322825 0.084708 0.139096 -0.118625 -0.058146 -0.056046 -0.240050 -0.949255 -0.745114 0.299338 -0.342438 0.200320 -0.381886 0.163653 0.745779 0.722872 0.419962 -0.064111 0.306843 0.713871 -1.201593 0.245231 0.764322 
0.298590 0.538462 0.060444 -0.323375 -0.006446 -0.382102 0.227650 0.175172 0.566019 -0.043571 -0.084233 -0.073937 -0.005064 0.305353 -0.156613 -0.102580 -0.732292 -0.951949 -0.667957 -0.431751 -0.212798 0.664851 0.014562 -0.585153 -1.021562 
0.329971 -0.354460 -0.341603 0.522727 -0.020600 -0.670976 -0.790776 0.624340 0.387064 -0.988266 -0.137969 0.517054 0.901232 -0.098163 0.489652 -0.437433 0.501330 0.671589 0.082272 0.371551 0.232887 0.641924 -0.205790 -0.019458 -0.057611 
0.550901 0.370171 0.510751 1.215714 -0.534547 1.693121 0.405728 1.197138 0.069494 0.176093 0.442456 0.124949 -0.681830 -0.341321 1.792984 0.021283 0.847106 -0.352635 0.154133 0.478241 0.413327 -0.025695 1.407738 0.663280 0.078636 
-0.124075 0.751484 1.599297 0.211360 0.735240 1.576861 0.634482 1.151431 1.001548 1.306011 -0.103327 -0.120793 0.404773 -0.547502 0.709041 0.679183 0.136801 -0.240303 -0.856729 -0.448771 0.110097 0.475467 1.189115 -0.102027 -0.969805 
0.607245 0.548015 1.970095 0.431255 0.189997 -0.619069 0.681047 -0.531438 -0.251424 0.784050 1.163635 0.264945 -0.719534 0.871898 0.197313 1.664905 0.644584 0.932058 0.285253 0.217389 1.094920 0.490361 1.580438 0.048741 0.630454 
-0.101558 1.499972 1.743024 0.413708 0.260193 1.058496 0.722192 -0.073626 0.255079 -0.679948 1.543287 0.167609 0.609187 0.712789 1.022059 1.097360 0.711700 -0.083559 1.803303 -0.032835 0.009417 0.695382 0.713088 -0.413676 1.635072 
0.555821 0.417742 0.317466 1.324061 0.080932 1.209962 0.296800 -0.336138 0.077556 0.667929 0.976999 -0.044305 0.607714 1.379560 0.639671 1.581104 0.757461 1.003008 -0.337873 1.045232 -0.192689 0.907991 0.850031 -0.206432 1.691373 
1.360122 1.533964 2.392371 2.322269 1.546829 1.147637 2.189741 2.336436 1.679374 2.463762 1.217084 0.362402 0.684899 0.692952 2.032824 1.318969 0.457861 1.604100 0.152281 2.160994 2.141545 1.744567 1.447276 0.178074 1.474506 
1.815258 1.079442 2.440864 1.915988 2.026241 0.869757 1.999486 1.153160 0.246364 1.977926 1.194167 1.464056 2.710270 1.684068 0.818274 1.116786 2.649914 0.838075 0.688080 2.364079 1.700360 1.310791 0.440349 0.152881 1.331218 
0.999725 1.998240 0.301794 0.753914 1.853251 1.313468 0.473079 1.785165 1.061795 2.145157 2.614129 1.199643 1.019983 2.265836 1.133928 1.985026 0.848876 0.584190 2.019103 0.776976 0.582893 1.881475 0.314793 1.855602 0.998331 
1.077655 0.367503 1.473395 0.735081 2.591581 0.662880 1.526567 1.524821 1.999121 2.125223 0.725008 0.452825 1.446441 1.744995 0.896931 0.643147 1.920105 2.490979 1.662618 0.211742 2.305484 1.923480 1.895974 0.959548 1.793122 
1.916628 2.024223 2.581445 2.690899 2.192991 1.331154 2.281768 2.454698 1.904136 2.710153 1.235583 0.869331 1.308996 1.333558 2.010337 1.818523 1.329788 2.223974 0.162608 1.755207 2.928242 0.906535 2.840749 1.523761 2.676253 

0 0 0 0 0 0 0 0 0 0 0 0 0 0 0 0 0 0 0 0 0 0 0 0 0 
0 0 0 0 0 0 0 0 0 0 0 0 0 0 0 0 0 0 0 0 0 0 0 0 0 
0 0 0 0 0 0 0 0 0 0 0 0 0 0 0 0 0 0 0 0 0 0 0 0 0 
0 0 0 0 0 0 0 0 0 0 0 0 0 0 0 0 0 0 0 0 0 0 0 0 0 
0 0 0 0 0 0 0 0 0 0 0 0 0 0 0 0 0 0 0 0 0 0 0 0 0 
1 1 1 1 1 1 1 1 1 1 1 1 1 1 1 1 1 1 1 1 1 1 1 1 1 
1 1 1 1 1 1 1 1 1 1 1 1 1 1 1 1 1 1 1 1 1 1 1 1 1 
1 1 1 1 1 1 1 1 1 1 1 1 1 1 1 1 1 1 1 1 1 1 1 1 1 
1 1 1 1 1 1 1 1 1 1 1 1 1 1 1 1 1 1 1 1 1 1 1 1 1 
1 1 1 1 1 1 1 1 1 1 1 1 1 1 1 1 1 1 1 1 1 1 1 1 1 
2 2 2 2 2 2 2 2 2 2 2 2 2 2 2 2 2 2 2 2 2 2 2 2 2 
2 2 2 2 2 2 2 2 2 2 2 2 2 2 2 2 2 2 2 2 2 2 2 2 2 
2 2 2 2 2 2 2 2 2 2 2 2 2 2 2 2 2 2 2 2 2 2 2 2 2 
2 2 2 2 2 2 2 2 2 2 2 2 2 2 2 2 2 2 2 2 2 2 2 2 2 
2 2 2 2 2 2 2 2 2 2 2 2 2 2 2 2 2 2 2 2 2 2 2 2 2 
3 3 3 3 3 3 3 3 3 3 3 3 3 3 3 3 3 3 3 3 3 3 3 3 3 
3 3 3 3 3 3 3 3 3 3 3 3 3 3 3 3 3 3 3 3 3 3 3 3 3 
3 3 3 3 3 3 3 3 3 3 3 3 3 3 3 3 3 3 3 3 3 3 3 3 3 
3 3 3 3 3 3 3 3 3 3 3 3 3 3 3 3 3 3 3 3 3 3 3 3 3 
3 3 3 3 3 3 3 3 3 3 3 3 3 3 3 3 3 3 3 3 3 3 3 3 3 
4 4 4 4 4 4 4 4 4 4 4 4 4 4 4 4 4 4 4 4 4 4 4 4 4 
4 4 4 4 4 4 4 4 4 4 4 4 4 4 4 4 4 4 4 4 4 4 4 4 4 
4 4 4 4 4 4 4 4 4 4 4 4 4 4 4 4 4 4 4 4 4 4 4 4 4 
4 4 4 4 4 4 4 4 4 4 4 4 4 4 4 4 4 4 4 4 4 4 4 4 4 
4 4 4 4 4 4 4 4 4 4 4 4 4 4 4 4 4 4 4 4 4 4 4 4 4 

0.0 0.0 0.0 0.0 0.0 0.0 0.0 0.0 0.0 0.0 0.0 0.0 0.0 0.0 0.0 0.0 0.0 0.0 0.0 0.0 0.0 0.0 0.0 0.0 0.0 
0.0 0.0 0.0 0.0 0.0 0.0 0.0 0.0 0.0 0.0 0.0 0.0 0.0 0.0 0.0 0.0 0.0 0.0 0.0 0.0 0.0 0.0 0.0 0.0 0.0 
0.0 0.0 0.0 0.0 0.0 0.0 0.0 0.0 0.0 0.0 0.0 0.0 0.0 0.0 0.0 0.0 0.0 0.0 0.0 0.0 0.0 0.0 0.0 0.0 0.0 
0.0 0.0 0.0 0.0 0.0 0.0 0.0 0.0 0.0 0.0 0.0 0.0 0.0 0.0 0.0 0.0 0.0 0.0 0.0 0.0 0.0 0.0 0.0 0.0 0.0 
0.0 0.0 0.0 0.0 0.0 0.0 0.0 0.0 0.0 0.0 0.0 0.0 0.0 0.0 0.0 0.0 0.0 0.0 0.0 0.0 0.0 0.0 0.0 0.0 0.0 
-2.0 -2.0 -2.0 -2.0 -2.0 -2.0 -2.0 -2.0 -2.0 -2.0 -2.0 -2.0 -2.0 -2.0 -2.0 -2.0 -2.0 -2.0 -2.0 -2.0 -2.0 -2.0 -2.0 -2.0 -2.0 
-2.0 -2.0 -2.0 -2.0 -2.0 -2.0 -2.0 -2.0 -2.0 -2.0 -2.0 -2.0 -2.0 -2.0 -2.0 -2.0 -2.0 -2.0 -2.0 -2.0 -2.0 -2.0 -2.0 -2.0 -2.0 
-2.0 -2.0 -2.0 -2.0 -2.0 -2.0 -2.0 -2.0 -2.0 -2.0 -2.0 -2.0 -2.0 -2.0 -2.0 -2.0 -2.0 -2.0 -2.0 -2.0 -2.0 -2.0 -2.0 -2.0 -2.0 
-2.0 -2.0 -2.0 -2.0 -2.0 -2.0 -2.0 -2.0 -2.0 -2.0 -2.0 -2.0 -2.0 -2.0 -2.0 -2.0 -2.0 -2.0 -2.0 -2.0 -2.0 -2.0 -2.0 -2.0 -2.0 
-2.0 -2.0 -2.0 -2.0 -2.0 -2.0 -2.0 -2.0 -2.0 -2.0 -2.0 -2.0 -2.0 -2.0 -2.0 -2.0 -2.0 -2.0 -2.0 -2.0 -2.0 -2.0 -2.0 -2.0 -2.0 
1.0 1.0 1.0 1.0 1.0 1.0 1.0 1.0 1.0 1.0 1.0 1.0 1.0 1.0 1.0 1.0 1.0 1.0 1.0 1.0 1.0 1.0 1.0 1.0 1.0 
1.0 1.0 1.0 1.0 1.0 1.0 1.0 1.0 1.0 1.0 1.0 1.0 1.0 1.0 1.0 1.0 1.0 1.0 1.0 1.0 1.0 1.0 1.0 1.0 1.0 
1.0 1.0 1.0 1.0 1.0 1.0 1.0 1.0 1.0 1.0 1.0 1.0 1.0 1.0 1.0 1.0 1.0 1.0 1.0 1.0 1.0 1.0 1.0 1.0 1.0 
1.0 1.0 1.0 1.0 1.0 1.0 1.0 1.0 1.0 1.0 1.0 1.0 1.0 1.0 1.0 1.0 1.0 1.0 1.0 1.0 1.0 1.0 1.0 1.0 1.0 
1.0 1.0 1.0 1.0 1.0 1.0 1.0 1.0 1.0 1.0 1.0 1.0 1.0 1.0 1.0 1.0 1.0 1.0 1.0 1.0 1.0 1.0 1.0 1.0 1.0 
-1.0 -1.0 -1.0 -1.0 -1.0 -1.0 -1.0 -1.0 -1.0 -1.0 -1.0 -1.0 -1.0 -1.0 -1.0 -1.0 -1.0 -1.0 -1.0 -1.0 -1.0 -1.0 -1.0 -1.0 -1.0 
-1.0 -1.0 -1.0 -1.0 -1.0 -1.0 -1.0 -1.0 -1.0 -1.0 -1.0 -1.0 -1.0 -1.0 -1.0 -1.0 -1.0 -1.0 -1.0 -1.0 -1.0 -1.0 -1.0 -1.0 -1.0 
-1.0 -1.0 -1.0 -1.0 -1.0 -1.0 -1.0 -1.0 -1.0 -1.0 -1.0 -1.0 -1.0 -1.0 -1.0 -1.0 -1.0 -1.0 -1.0 -1.0 -1.0 -1.0 -1.0 -1.0 -1.0 
-1.0 -1.0 -1.0 -1.0 -1.0 -1.0 -1.0 -1.0 -1.0 -1.0 -1.0 -1.0 -1.0 -1.0 -1.0 -1.0 -1.0 -1.0 -1.0 -1.0 -1.0 -1.0 -1.0 -1.0 -1.0 
-1.0 -1.0 -1.0 -1.0 -1.0 -1.0 -1.0 -1.0 -1.0 -1.0 -1.0 -1.0 -1.0 -1.0 -1.0 -1.0 -1.0 -1.0 -1.0 -1.0 -1.0 -1.0 -1.0 -1.0 -1.0 
2.0 2.0 2.0 2.0 2.0 2.0 2.0 2.0 2.0 2.0 2.0 2.0 2.0 2.0 2.0 2.0 2.0 2.0 2.0 2.0 2.0 2.0 2.0 2.0 2.0 
2.0 2.0 2.0 2.0 2.0 2.0 2.0 2.0 2.0 2.0 2.0 2.0 2.0 2.0 2.0 2.0 2.0 2.0 2.0 2.0 2.0 2.0 2.0 2.0 2.0 
2.0 2.0 2.0 2.0 2.0 2.0 2.0 2.0 2.0 2.0 2.0 2.0 2.0 2.0 2.0 2.0 2.0 2.0 2.0 2.0 2.0 2.0 2.0 2.0 2.0 
2.0 2.0 2.0 2.0 2.0 2.0 2.0 2.0 2.0 2.0 2.0 2.0 2.0 2.0 2.0 2.0 2.0 2.0 2.0 2.0 2.0 2.0 2.0 2.0 2.0 
2.0 2.0 2.0 2.0 2.0 2.0 2.0 2.0 2.0 2.0 2.0 2.0 2.0 2.0 2.0 2.0 2.0 2.0 2.0 2.0 2.0 2.0 2.0 2.0 2.0 

0.0 0.0 0.0 0.0 0.0 0.0 0.0 0.0 0.0 0.0 0.0 0.0 0.0 0.0 0.0 0.0 0.0 0.0 0.0 0.0 0.0 0.0 0.0 0.0 0.0 
0.0 0.0 0.0 0.0 0.0 0.0 0.0 0.0 0.0 0.0 0.0 0.0 0.0 0.0 0.0 0.0 0.0 0.0 0.0 0.0 0.0 0.0 0.0 0.0 0.0 
0.0 0.0 0.0 0.0 0.0 0.0 0.0 0.0 0.0 0.0 0.0 0.0 0.0 0.0 0.0 0.0 0.0 0.0 0.0 0.0 0.0 0.0 0.0 0.0 0.0 
0.0 0.0 0.0 0.0 0.0 0.0 0.0 0.0 0.0 0.0 0.0 0.0 0.0 0.0 0.0 0.0 0.0 0.0 0.0 0.0 0.0 0.0 0.0 0.0 0.0 
0.0 0.0 0.0 0.0 0.0 0.0 0.0 0.0 0.0 0.0 0.0 0.0 0.0 0.0 0.0 0.0 0.0 0.0 0.0 0.0 0.0 0.0 0.0 0.0 0.0 
-2.0 -2.0 -2.0 -2.0 -2.0 -2.0 -2.0 -2.0 -2.0 -2.0 -2.0 -2.0 -2.0 -2.0 -2.0 -2.0 -2.0 -2.0 -2.0 -2.0 -2.0 -2.0 -2.0 -2.0 -2.0 
-2.0 -2.0 -2.0 -2.0 -2.0 -2.0 -2.0 -2.0 -2.0 -2.0 -2.0 -2.0 -2.0 -2.0 -2.0 -2.0 -2.0 -2.0 -2.0 -2.0 -2.0 -2.0 -2.0 -2.0 -2.0 
-2.0 -2.0 -2.0 -2.0 -2.0 -2.0 -2.0 -2.0 -2.0 -2.0 -2.0 -2.0 -2.0 -2.0 -2.0 -2.0 -2.0 -2.0 -2.0 -2.0 -2.0 -2.0 -2.0 -2.0 -2.0 
-2.0 -2.0 -2.0 -2.0 -2.0 -2.0 -2.0 -2.0 -2.0 -2.0 -2.0 -2.0 -2.0 -2.0 -2.0 -2.0 -2.0 -2.0 -2.0 -2.0 -2.0 -2.0 -2.0 -2.0 -2.0 
-2.0 -2.0 -2.0 -2.0 -2.0 -2.0 -2.0 -2.0 -2.0 -2.0 -2.0 -2.0 -2.0 -2.0 -2.0 -2.0 -2.0 -2.0 -2.0 -2.0 -2.0 -2.0 -2.0 -2.0 -2.0 
-1.0 -1.0 -1.0 -1.0 -1.0 -1.0 -1.0 -1.0 -1.0 -1.0 -1.0 -1.0 -1.0 -1.0 -1.0 -1.0 -1.0 -1.0 -1.0 -1.0 -1.0 -1.0 -1.0 -1.0 -1.0 
-1.0 -1.0 -1.0 -1.0 -1.0 -1.0 -1.0 -1.0 -1.0 -1.0 -1.0 -1.0 -1.0 -1.0 -1.0 -1.0 -1.0 -1.0 -1.0 -1.0 -1.0 -1.0 -1.0 -1.0 -1.0 
-1.0 -1.0 -1.0 -1.0 -1.0 -1.0 -1.0 -1.0 -1.0 -1.0 -1.0 -1.0 -1.0 -1.0 -1.0 -1.0 -1.0 -1.0 -1.0 -1.0 -1.0 -1.0 -1.0 -1.0 -1.0 
-1.0 -1.0 -1.0 -1.0 -1.0 -1.0 -1.0 -1.0 -1.0 -1.0 -1.0 -1.0 -1.0 -1.0 -1.0 -1.0 -1.0 -1.0 -1.0 -1.0 -1.0 -1.0 -1.0 -1.0 -1.0 
-1.0 -1.0 -1.0 -1.0 -1.0 -1.0 -1.0 -1.0 -1.0 -1.0 -1.0 -1.0 -1.0 -1.0 -1.0 -1.0 -1.0 -1.0 -1.0 -1.0 -1.0 -1.0 -1.0 -1.0 -1.0 
2.0 2.0 2.0 2.0 2.0 2.0 2.0 2.0 2.0 2.0 2.0 2.0 2.0 2.0 2.0 2.0 2.0 2.0 2.0 2.0 2.0 2.0 2.0 2.0 2.0 
2.0 2.0 2.0 2.0 2.0 2.0 2.0 2.0 2.0 2.0 2.0 2.0 2.0 2.0 2.0 2.0 2.0 2.0 2.0 2.0 2.0 2.0 2.0 2.0 2.0 
2.0 2.0 2.0 2.0 2.0 2.0 2.0 2.0 2.0 2.0 2.0 2.0 2.0 2.0 2.0 2.0 2.0 2.0 2.0 2.0 2.0 2.0 2.0 2.0 2.0 
2.0 2.0 2.0 2.0 2.0 2.0 2.0 2.0 2.0 2.0 2.0 2.0 2.0 2.0 2.0 2.0 2.0 2.0 2.0 2.0 2.0 2.0 2.0 2.0 2.0 
2.0 2.0 2.0 2.0 2.0 2.0 2.0 2.0 2.0 2.0 2.0 2.0 2.0 2.0 2.0 2.0 2.0 2.0 2.0 2.0 2.0 2.0 2.0 2.0 2.0 
1.0 1.0 1.0 1.0 1.0 1.0 1.0 1.0 1.0 1.0 1.0 1.0 1.0 1.0 1.0 1.0 1.0 1.0 1.0 1.0 1.0 1.0 1.0 1.0 1.0 
1.0 1.0 1.0 1.0 1.0 1.0 1.0 1.0 1.0 1.0 1.0 1.0 1.0 1.0 1.0 1.0 1.0 1.0 1.0 1.0 1.0 1.0 1.0 1.0 1.0 
1.0 1.0 1.0 1.0 1.0 1.0 1.0 1.0 1.0 1.0 1.0 1.0 1.0 1.0 1.0 1.0 1.0 1.0 1.0 1.0 1.0 1.0 1.0 1.0 1.0 
1.0 1.0 1.0 1.0 1.0 1.0 1.0 1.0 1.0 1.0 1.0 1.0 1.0 1.0 1.0 1.0 1.0 1.0 1.0 1.0 1.0 1.0 1.0 1.0 1.0 
1.0 1.0 1.0 1.0 1.0 1.0 1.0 1.0 1.0 1.0 1.0 1.0 1.0 1.0 1.0 1.0 1.0 1.0 1.0 1.0 1.0 1.0 1.0 1.0 1.0 

