0.944196 0.231598 0.016342 0.723492 0.543690 0.803046 0.130492 0.482279 0.048722 0.781495 0.218405 0.194076 0.083847 0.197156 0.209085 0.190919 0.509928 0.208058 0.433627 0.048793 0.666023 0.860432 0.111052 0.698809 0.442154 
0.244766 0.532689 0.720955 0.507697 0.961048 0.914385 0.904837 0.254858 0.508246 0.559151 0.212856 0.740508 0.982564 0.716161 0.235255 0.563357 0.931279 0.182050 0.660133 0.001707 0.741320 0.607471 0.843563 0.553128 0.130081 
0.707208 0.549579 0.623992 0.323692 0.387405 0.799427 0.163796 0.133818 0.122839 0.526055 0.199536 0.867608 0.040122 0.409588 0.258647 0.235675 0.663802 0.090400 0.683066 0.332805 0.498477 0.126985 0.233450 0.627756 0.172506 
0.264797 0.207546 0.636444 0.797697 0.419693 0.496306 0.538695 0.702281 0.732265 0.148901 0.023230 0.735463 0.473263 0.815512 0.004975 0.650478 0.857822 0.631826 0.365928 0.022604 0.660522 0.118676 0.790845 0.663329 0.539957 
0.295048 0.429217 0.829136 0.561023 0.098206 0.476006 0.671164 0.090775 0.518190 0.148162 0.574149 0.289097 0.678253 0.499067 0.331683 0.745962 0.082510 0.584982 0.415389 0.995491 0.060485 0.153292 0.559572 0.644556 0.224038 
0.402963 0.306164 0.102906 0.493268 0.148310 0.889427 0.270958 0.799260 0.939291 0.494436 0.956363 0.747549 0.459573 0.935410 0.494191 0.416563 0.697677 0.762127 0.890846 0.417580 0.784267 0.111570 0.580908 0.084710 0.241730 
0.300062 0.296352 0.465201 0.831933 0.730319 0.779608 0.545817 0.201289 0.635886 0.685522 0.675972 0.254951 0.854512 0.814727 0.264375 0.221466 0.201930 0.663377 0.069369 0.445358 0.051772 0.039863 0.016618 0.683981 0.093195 
0.491644 0.184313 0.904760 0.016845 0.826772 0.579346 0.469412 0.265143 0.204496 0.953470 0.634626 0.979098 0.547181 0.041082 0.472897 0.487252 0.847157 0.917759 0.614122 0.228707 0.061166 0.515717 0.609501 0.804209 0.571150 
0.416593 0.677000 0.606900 0.353587 0.672984 0.423288 0.352938 0.620556 0.857554 0.302085 0.441317 0.578069 0.862658 0.409232 0.622695 0.431321 0.232573 0.086135 0.837456 0.438259 0.911996 0.890898 0.206221 0.144559 0.638742 
0.942248 0.425008 0.912351 0.689865 0.770381 0.611243 0.332137 0.159484 0.565341 0.190479 0.582865 0.910769 0.853937 0.378637 0.100624 0.813144 0.467585 0.911430 0.155396 0.392381 0.165518 0.015525 0.518372 0.379771 0.128571 
0.695267 0.678420 0.381181 0.254116 0.054344 0.223898 0.233987 0.115912 0.557815 0.547165 0.521746 0.895943 0.667936 0.127647 0.950470 0.519851 0.543192 0.177261 0.442279 0.701011 0.964877 0.703781 0.731618 0.278112 0.775973 
0.521574 0.146946 0.735182 0.677900 0.159271 0.438309 0.211743 0.018655 0.886863 0.838409 0.161799 0.663778 0.854544 0.596419 0.669136 0.583757 0.859171 0.063488 0.762971 0.174166 0.087088 0.671847 0.070194 0.537130 0.995107 
0.317213 0.369454 0.642490 0.697880 0.625127 0.543278 0.817735 0.592047 0.972178 0.843181 0.771915 0.433768 0.427520 0.043337 0.780215 0.285646 0.804415 0.244738 0.500129 0.076087 0.883002 0.043092 0.025032 0.165606 0.332557 
0.111002 0.006953 0.761000 0.487291 0.205523 0.645045 0.597596 0.640654 0.209658 0.430782 0.264241 0.939260 0.391814 0.528009 0.743785 0.951794 0.113260 0.122060 0.622684 0.380775 0.625467 0.049918 0.287241 0.295561 0.898780 
0.230296 0.334259 0.720201 0.706021 0.387723 0.435614 0.854987 0.864795 0.325766 0.594801 0.706128 0.836248 0.782174 0.631099 0.112590 0.513885 0.385275 0.266810 0.507116 0.338469 0.112841 0.583243 0.116057 0.702569 0.398339 
0.981981 0.184855 0.256215 0.743773 0.312476 0.887513 0.261612 0.287961 0.725938 0.357700 0.202022 0.824253 0.556127 0.722727 0.424121 0.933274 0.939799 0.654989 0.824609 0.377889 0.444659 0.900066 0.600662 0.999933 0.496079 
0.715756 0.229669 0.090495 0.922022 0.411053 0.295897 0.099568 0.072064 0.141048 0.895129 0.540388 0.243105 0.013905 0.967768 0.549472 0.671296 0.407492 0.317849 0.492304 0.526656 0.782098 0.434720 0.489098 0.084578 0.097717 
0.226146 0.320050 0.501475 0.924191 0.056450 0.705316 0.557830 0.808771 0.810685 0.904373 0.476296 0.201689 0.890659 0.731793 0.385037 0.588840 0.941118 0.020871 0.731283 0.801411 0.704426 0.660951 0.628841 0.118541 0.429390 
0.475712 0.670878 0.581190 0.938810 0.324067 0.527826 0.933791 0.170070 0.469148 0.050774 0.351793 0.487190 0.538030 0.357880 0.746765 0.367847 0.337591 0.741478 0.560923 0.317916 0.321145 0.240700 0.994983 0.003275 0.225727 
0.812315 0.075553 0.111405 0.996413 0.524264 0.500168 0.674924 0.440211 0.940369 0.495150 0.240587 0.960510 0.583622 0.044537 0.129039 0.054356 0.072359 0.663260 0.081501 0.580281 0.149179 0.278560 0.044773 0.689232 0.099721 
0.268269 0.599825 0.397280 0.794961 0.940803 0.093928 0.047675 0.128790 0.046720 0.319185 0.391010 0.446131 0.834334 0.852693 0.036533 0.079875 0.842916 0.545316 0.998305 0.324320 0.854346 0.608235 0.279545 0.803657 0.165440 
0.254013 0.855697 0.621974 0.722044 0.372202 0.463237 0.832190 0.777725 0.896430 0.355017 0.416992 0.591219 0.354608 0.655838 0.438744 0.260771 0.545924 0.758671 0.589252 0.131779 0.293770 0.620124 0.368344 0.817612 0.175617 
0.252026 0.219537 0.846058 0.040563 0.962449 0.425846 0.480877 0.171509 0.909393 0.395839 0.493001 0.501280 0.567476 0.812453 0.608263 0.911025 0.461495 0.711055 0.251952 0.027947 0.575044 0.507840 0.871960 0.117774 0.017330 
0.104310 0.391707 0.752378 0.243869 0.262494 0.952846 0.707811 0.107760 0.072405 0.578812 0.432574 0.518361 0.116673 0.338970 0.552661 0.377316 0.580565 0.544403 0.715954 0.970789 0.272493 0.382804 0.288703 0.948644 0.338923 
0.491905 0.018567 0.949135 0.795294 0.946457 0.205484 0.893982 0.448167 0.535488 0.610728 0.590495 0.524265 0.332173 0.228589 0.928649 0.253165 0.622890 0.725247 0.107084 0.794131 0.896194 0.047555 0.205158 0.638765 0.444057 

0.730065 0.667817 0.480613 0.835832 0.036166 0.888510 0.412991 0.478756 0.911593 0.505949 0.240977 0.392756 0.966325 0.176316 0.648611 0.562938 0.366921 0.201632 0.605041 0.651394 0.350709 0.136909 0.794788 0.239920 0.019766 
0.716586 0.491086 0.861591 0.592562 0.769426 0.391141 0.832703 0.817254 0.418421 0.488069 0.968436 0.361246 0.620566 0.629131 0.309940 0.453612 0.164117 0.888274 0.572207 0.336602 0.036983 0.557428 0.946212 0.932179 0.069851 
0.934981 0.976363 0.011111 0.810470 0.800933 0.509019 0.666159 0.006615 0.789229 0.772102 0.678655 0.389559 0.955891 0.642791 0.856695 0.630179 0.790880 0.093680 0.092682 0.263175 0.658023 0.226899 0.046265 0.710894 0.920872 
0.724458 0.446629 0.523307 0.764531 0.996587 0.245307 0.962012 0.572238 0.954505 0.191218 0.504719 0.532509 0.642036 0.292180 0.721629 0.453770 0.897729 0.593261 0.067061 0.166970 0.164825 0.294445 0.182207 0.460989 0.738316 
0.331234 0.706956 0.591398 0.133879 0.604133 0.370643 0.294289 0.468090 0.687693 0.344340 0.891397 0.218302 0.223686 0.451481 0.041376 0.206068 0.785655 0.044976 0.200458 0.131617 0.598513 0.886494 0.600079 0.177619 0.166760 
0.410564 0.325957 0.606957 0.142132 0.474798 0.912036 0.261140 0.710887 0.084944 0.984679 0.707108 0.067256 0.093387 0.813747 0.112192 0.320102 0.035964 0.640912 0.242929 0.746312 0.167109 0.296063 0.786181 0.134871 0.879474 
0.099911 0.758259 0.620725 0.377822 0.609444 0.741621 0.121650 0.804705 0.507572 0.678022 0.319027 0.315828 0.663697 0.508577 0.397674 0.048254 0.628145 0.185787 0.269135 0.736018 0.515724 0.024468 0.253459 0.115574 0.309787 
0.675704 0.675644 0.053541 0.815823 0.037588 0.330918 0.213732 0.986127 0.924390 0.796841 0.241062 0.356544 0.128918 0.242965 0.507756 0.337736 0.852924 0.564814 0.428812 0.420968 0.126031 0.286815 0.786381 0.995783 0.305709 
0.420889 0.612942 0.725590 0.934434 0.163181 0.090516 0.360021 0.040733 0.285163 0.860249 0.925465 0.914992 0.199179 0.906394 0.013731 0.629029 0.562257 0.773276 0.800541 0.375881 0.666137 0.334236 0.693803 0.956308 0.567780 
0.690333 0.777398 0.462536 0.207474 0.833942 0.756761 0.474481 0.490043 0.580604 0.949533 0.927356 0.087834 0.714132 0.295648 0.580646 0.427413 0.306308 0.554838 0.372271 0.906619 0.411518 0.781018 0.588852 0.465279 0.388430 
0.152488 0.528032 0.164934 0.204117 0.534631 0.510886 0.828004 0.914840 0.810247 0.942433 0.961081 0.277997 0.584143 0.945064 0.132681 0.526582 0.780618 0.002226 0.444227 0.177344 0.777983 0.277431 0.304284 0.657807 0.551744 
0.065673 0.199114 0.364149 0.044607 0.506063 0.137151 0.756428 0.306371 0.637578 0.646212 0.849699 0.053462 0.024947 0.680821 0.807480 0.482667 0.556590 0.632649 0.115013 0.523331 0.009258 0.579515 0.941845 0.432377 0.513739 
0.983941 0.686740 0.434955 0.769802 0.511164 0.686514 0.314439 0.254870 0.238929 0.078435 0.894058 0.813684 0.489650 0.762940 0.850078 0.078212 0.894879 0.751573 0.865827 0.993127 0.015270 0.422162 0.575118 0.504651 0.317541 
0.017348 0.838971 0.605519 0.416886 0.788907 0.701262 0.569719 0.344362 0.876150 0.715030 0.869348 0.150813 0.137911 0.814504 0.529109 0.188620 0.039333 0.407063 0.505435 0.208217 0.958065 0.155517 0.785789 0.283006 0.256874 
0.209290 0.939552 0.749938 0.588346 0.342483 0.987130 0.343039 0.917988 0.362650 0.095444 0.071928 0.779951 0.082212 0.736854 0.763992 0.781598 0.649994 0.326325 0.884608 0.351648 0.255151 0.065185 0.203665 0.684812 0.672361 
0.656668 0.394869 0.488092 0.068681 0.118457 0.823054 0.089034 0.512717 0.008230 0.502381 0.225096 0.277721 0.484988 0.788759 0.463638 0.841725 0.899101 0.236077 0.492042 0.108837 0.126378 0.559013 0.942786 0.663862 0.274281 
0.813363 0.655985 0.927316 0.156524 0.312402 0.942889 0.095203 0.837999 0.808566 0.882227 0.703506 0.227603 0.689817 0.217549 0.702846 0.587352 0.942787 0.163230 0.210575 0.623155 0.507337 0.086889 0.167222 0.910967 0.094708 
0.497840 0.742692 0.310067 0.228041 0.249446 0.853930 0.319464 0.366527 0.422143 0.595514 0.020964 0.962998 0.623862 0.437166 0.720728 0.120950 0.119155 0.588707 0.848975 0.310587 0.008211 0.938817 0.017687 0.321090 0.028042 
0.727250 0.918550 0.042316 0.894190 0.654703 0.509523 0.642029 0.375930 0.732086 0.857016 0.154806 0.861928 0.998701 0.237445 0.465757 0.517446 0.365782 0.815049 0.778388 0.809078 0.890811 0.661691 0.811719 0.512361 0.522345 
0.242186 0.523884 0.374196 0.473851 0.325767 0.511115 0.054704 0.907079 0.249266 0.849318 0.327798 0.279907 0.443575 0.611092 0.665861 0.670443 0.938944 0.910322 0.412314 0.625185 0.728073 0.087357 0.265096 0.542618 0.652372 
0.722876 0.567496 0.274135 0.903027 0.479513 0.180791 0.796606 0.351162 0.812764 0.444477 0.604045 0.748686 0.547384 0.701923 0.888944 0.377317 0.392756 0.069495 0.205308 0.178512 0.267083 0.089855 0.597609 0.590924 0.008650 
0.832605 0.187676 0.591493 0.556915 0.973016 0.690953 0.193368 0.074748 0.772860 0.216006 0.205057 0.527604 0.821895 0.741137 0.658229 0.579248 0.132541 0.069397 0.061674 0.874533 0.161120 0.243265 0.355634 0.068729 0.286250 
0.474071 0.719160 0.746022 0.860157 0.941807 0.528533 0.963749 0.216754 0.971287 0.856998 0.806430 0.454928 0.846931 0.802615 0.166752 0.776090 0.846002 0.448859 0.453371 0.576615 0.408897 0.875719 0.930803 0.836018 0.392523 
0.685647 0.823785 0.011487 0.710638 0.131777 0.842059 0.663576 0.092099 0.436379 0.556015 0.810936 0.067768 0.564483 0.311149 0.172689 0.189665 0.410851 0.710080 0.066605 0.702237 0.409272 0.770732 0.520745 0.395633 0.249858 
0.330947 0.027249 0.861636 0.806334 0.069086 0.949241 0.261124 0.664083 0.782816 0.941616 0.740851 0.242332 0.270828 0.836249 0.134285 0.477475 0.883213 0.207456 0.820256 0.079580 0.145275 0.548784 0.784034 0.842369 0.157733 

0.162368 -0.330821 -0.485846 -0.192128 0.604907 0.028866 -0.332999 0.034469 -0.990338 0.308858 0.043139 -0.106730 -0.876048 0.089105 -0.413730 -0.279392 1.479506 0.702834 1.607199 0.795374 1.675390 1.808513 1.024817 1.516799 0.789940 
-0.396356 -0.025614 -0.234006 -0.003367 0.073506 0.504422 -0.046345 -0.578442 0.108128 -0.147675 -0.631911 0.421085 0.414880 0.113338 0.046971 0.143893 1.992029 1.403431 1.839981 0.330285 1.402892 1.720852 2.489562 2.145479 0.503057 
-0.266409 -0.294297 0.691130 -0.424207 -0.491359 0.360107 -0.558446 0.104294 -0.579773 -0.343284 -0.558672 0.348341 -0.896975 -0.375931 -0.659969 -0.432882 2.092939 0.205225 1.610625 0.906757 1.705925 0.418753 0.497492 2.086352 1.159688 
-0.540204 -0.284395 0.075574 0.224474 -0.446321 0.248483 -0.392184 0.231735 -0.162153 -0.047460 -0.542843 0.072526 -0.095688 0.389395 -0.717146 0.158688 2.642487 1.832657 0.653631 0.233065 1.481273 0.729460 1.645837 1.809842 1.704396 
-0.020115 -0.207569 0.211679 0.391708 -0.553967 0.029750 0.285347 -0.294079 -0.062907 -0.028670 -0.285880 0.021424 0.595272 0.083105 0.376414 1.745350 0.879720 1.163487 1.193695 2.189996 0.617606 1.245472 1.653748 1.637345 0.762396 
-0.002442 0.167422 -0.552007 0.327425 -0.326528 0.023245 -0.044001 0.272627 0.862146 -0.371958 0.127627 0.616376 0.362030 0.065344 0.256156 1.065690 1.389433 2.207629 2.209038 1.631552 1.641352 0.611904 1.838974 0.289360 1.404429 
0.132127 -0.479284 -0.073161 0.482173 -0.001146 0.017501 0.577315 -0.544172 0.140297 0.103572 0.443962 -0.339031 0.527222 0.263182 -0.194764 0.616292 0.957752 1.475672 0.536290 1.647411 0.847753 0.017874 0.605885 1.449926 0.419316 
-0.088413 -0.577562 0.878522 -0.851528 0.854385 0.386087 0.225877 -0.706742 -0.557983 0.270575 0.353479 0.609297 0.416124 -0.046392 -1.356170 -1.231668 2.456939 2.481857 1.614901 0.960132 0.219065 1.378780 1.829444 2.606349 1.533989 
0.151483 0.274817 -0.329935 -0.454923 0.517477 0.340190 0.005286 0.516639 0.704506 -0.415016 -0.543258 -0.281043 0.693558 -2.247887 -0.651787 -1.819983 -1.296584 1.207314 2.297701 1.196129 2.395776 1.997517 0.998803 1.399908 2.002302 
0.142342 -0.412180 0.560656 0.676736 -0.058168 -0.088418 0.009839 -0.245702 0.056594 -0.054360 0.022987 -0.154237 -2.183644 -0.742509 -1.180515 -1.672273 -1.057584 -1.823945 0.476529 0.971456 0.452503 1.676057 1.590194 1.108597 0.660210 
0.003470 -0.012808 -0.101107 0.107826 -0.061066 0.012008 -0.063855 -0.089786 0.024932 0.086482 -0.003577 0.082080 -1.847463 -1.944349 -1.132472 -1.613401 -2.196800 -0.176086 -0.023949 -1.020395 -0.171197 -0.860214 -0.670286 0.812620 -0.280865 
-0.009034 -0.103940 0.068381 -0.005641 -0.082316 -0.005194 0.147289 0.068710 -0.032144 0.075704 0.022669 0.075543 -0.946722 -1.908688 -2.282558 -1.615013 -1.971723 -1.305103 -1.219045 0.546507 0.047089 -0.199623 1.729581 -0.201379 -0.949375 
0.112932 0.024902 0.010763 -0.002178 -0.203827 -0.109664 0.174111 0.097043 -0.154115 0.280164 0.003733 0.254286 -1.428787 -1.913069 -2.461103 -0.574734 -2.632492 -1.737284 0.830240 1.856433 -1.778461 0.700611 1.129709 0.624736 0.042940 
-0.106751 0.092686 -0.138286 -0.174844 -0.034775 0.094955 -0.042097 0.100263 -0.018299 0.027203 -0.092195 0.085889 -0.735903 -2.359111 -1.775169 -1.188394 -0.109462 -0.867888 -0.361976 -0.475663 0.740749 0.287654 0.961008 0.075353 -1.398390 
-0.113595 -0.186143 -0.038356 0.049218 -0.032972 -0.025054 0.029839 0.143118 -0.004139 0.041267 0.058078 -0.054399 -0.907661 -2.107555 -1.537922 -2.050186 -1.528179 -0.959520 -2.165336 -0.039123 0.494706 -1.191591 0.052502 -0.038407 0.529883 
0.051704 -0.127659 -0.003360 0.040893 0.000684 0.040738 0.110212 -0.080937 0.010988 0.208208 0.079959 0.097878 0.016881 -2.368039 -1.294684 -2.530317 -2.652482 -1.227034 -1.792274 -0.605119 -0.780719 -0.665033 0.653144 -0.732746 -0.460436 
0.197885 -0.112805 0.055713 0.017848 -0.092747 -0.086074 -0.026308 -0.058294 0.186652 -0.037722 0.039635 -0.017781 -0.056735 -1.465494 -2.059516 -2.027753 -2.411139 -0.625728 -1.059891 0.259569 -0.504950 -0.889444 -0.747648 1.711179 0.270274 
-0.039669 -0.164112 -0.080712 0.064551 -0.183221 -0.025926 -0.019131 0.024745 0.050109 -0.065165 0.039307 0.032148 -0.098832 -1.590115 -1.770271 -0.853811 -1.161028 -1.238778 -2.374585 -1.022213 -1.384297 0.628290 -1.187680 0.395876 -0.855246 
0.020164 0.105979 -0.135206 0.021085 -0.004873 0.037607 -0.123790 -0.037587 0.156928 -0.010935 -0.012277 0.066843 -0.084449 -1.023645 -1.793351 -1.406379 -1.150962 -2.400227 -2.107117 1.065326 1.366670 0.942594 -0.565435 0.946742 0.691417 
-0.011564 0.048610 0.063638 -0.076802 0.083513 -0.082104 0.011749 0.182579 0.197475 0.112499 -0.018952 -0.072825 -0.113482 -1.360944 -1.421606 -1.326755 -2.050250 -2.621406 -0.910308 0.021617 1.069729 -0.252589 0.564332 -0.334485 1.056150 
0.091647 -0.063217 -0.046171 -0.002666 -0.042060 0.093478 -0.188162 -0.118700 0.006731 -0.067050 0.121102 -0.076177 0.022886 -2.106516 -1.929251 -0.818413 -1.631339 -0.686131 -1.343676 -0.567826 -1.143686 -0.923944 0.681556 -0.477692 -0.291656 
0.006454 0.149084 -0.055232 -0.029258 -0.001712 -0.166110 -0.118242 -0.089133 -0.052435 -0.119389 -0.152071 0.039849 0.297967 0.099539 -1.864161 -1.487494 -0.812344 -0.912920 -0.804269 -1.887943 -0.143678 -0.822921 -0.277945 -1.481810 0.090702 
0.064493 -0.070926 0.012695 -0.144331 -0.013402 0.126174 0.123507 0.014987 0.055927 0.214340 -0.169565 0.011306 -0.006803 0.140318 -0.984107 -2.390407 -2.189472 -1.603364 -0.981686 -1.240612 -0.308763 0.542064 0.259919 1.345785 0.717157 
-0.043632 -0.122293 0.083231 0.367220 -0.139371 -0.012297 0.079213 -0.069786 -0.083823 -0.080359 0.070004 0.142296 0.105767 0.123155 -0.997998 -0.846232 -1.273972 -1.986193 -0.748784 -2.541842 0.275486 0.853006 0.576475 -1.169250 -0.082522 
0.091623 -0.088063 -0.087045 -0.001372 -0.143528 -0.073732 0.022639 0.074166 -0.046498 0.044398 -0.115165 -0.135380 0.081458 0.160707 -1.302481 -1.139854 -2.241808 -0.886448 -1.767111 -1.017615 -1.405827 1.118144 1.211486 0.487557 -0.740827 

2 2 2 2 2 2 2 2 2 2 2 2 2 2 2 2 1 1 1 1 1 1 1 1 1 
2 2 2 2 2 2 2 2 2 2 2 2 2 2 2 2 1 1 1 1 1 1 1 1 1 
2 2 2 2 2 2 2 2 2 2 2 2 2 2 2 2 1 1 1 1 1 1 1 1 1 
2 2 2 2 2 2 2 2 2 2 2 2 2 2 2 2 1 1 1 1 1 1 1 1 1 
2 2 2 2 2 2 2 2 2 2 2 2 2 2 2 1 1 1 1 1 1 1 1 1 1 
2 2 2 2 2 2 2 2 2 2 2 2 2 2 2 1 1 1 1 1 1 1 1 1 1 
2 2 2 2 2 2 2 2 2 2 2 2 2 2 2 1 1 1 1 1 1 1 1 1 1 
2 2 2 2 2 2 2 2 2 2 2 2 2 2 4 4 1 1 1 1 1 1 1 1 1 
2 2 2 2 2 2 2 2 2 2 2 2 2 4 4 4 4 1 1 1 1 1 1 1 1 
2 2 2 2 2 2 2 2 2 0 0 0 4 4 4 4 4 4 3 3 3 3 1 1 1 
0 0 0 0 0 0 0 0 0 0 0 0 4 4 4 4 4 4 3 3 3 3 3 3 3 
0 0 0 0 0 0 0 0 0 0 0 0 4 4 4 4 4 4 3 3 3 3 3 3 3 
0 0 0 0 0 0 0 0 0 0 0 0 4 4 4 4 4 4 3 3 3 3 3 3 3 
0 0 0 0 0 0 0 0 0 0 0 0 4 4 4 4 4 4 3 3 3 3 3 3 3 
0 0 0 0 0 0 0 0 0 0 0 0 4 4 4 4 4 4 4 3 3 3 3 3 3 
0 0 0 0 0 0 0 0 0 0 0 0 0 4 4 4 4 4 4 3 3 3 3 3 3 
0 0 0 0 0 0 0 0 0 0 0 0 0 4 4 4 4 4 4 3 3 3 3 3 3 
0 0 0 0 0 0 0 0 0 0 0 0 0 4 4 4 4 4 4 3 3 3 3 3 3 
0 0 0 0 0 0 0 0 0 0 0 0 0 4 4 4 4 4 4 3 3 3 3 3 3 
0 0 0 0 0 0 0 0 0 0 0 0 0 4 4 4 4 4 4 3 3 3 3 3 3 
0 0 0 0 0 0 0 0 0 0 0 0 0 4 4 4 4 4 4 4 3 3 3 3 3 
0 0 0 0 0 0 0 0 0 0 0 0 0 0 4 4 4 4 4 4 3 3 3 3 3 
0 0 0 0 0 0 0 0 0 0 0 0 0 0 4 4 4 4 4 4 3 3 3 3 3 
0 0 0 0 0 0 0 0 0 0 0 0 0 0 4 4 4 4 4 4 3 3 3 3 3 
0 0 0 0 0 0 0 0 0 0 0 0 0 0 4 4 4 4 4 4 3 3 3 3 3 

1.0 1.0 1.0 1.0 1.0 1.0 1.0 1.0 1.0 1.0 1.0 1.0 1.0 1.0 1.0 1.0 2.0 2.0 2.0 2.0 2.0 2.0 2.0 2.0 2.0 
1.0 1.0 1.0 1.0 1.0 1.0 1.0 1.0 1.0 1.0 1.0 1.0 1.0 1.0 1.0 1.0 2.0 2.0 2.0 2.0 2.0 2.0 2.0 2.0 2.0 
1.0 1.0 1.0 1.0 1.0 1.0 1.0 1.0 1.0 1.0 1.0 1.0 1.0 1.0 1.0 1.0 2.0 2.0 2.0 2.0 2.0 2.0 2.0 2.0 2.0 
1.0 1.0 1.0 1.0 1.0 1.0 1.0 1.0 1.0 1.0 1.0 1.0 1.0 1.0 1.0 1.0 2.0 2.0 2.0 2.0 2.0 2.0 2.0 2.0 2.0 
1.0 1.0 1.0 1.0 1.0 1.0 1.0 1.0 1.0 1.0 1.0 1.0 1.0 1.0 1.0 2.0 2.0 2.0 2.0 2.0 2.0 2.0 2.0 2.0 2.0 
1.0 1.0 1.0 1.0 1.0 1.0 1.0 1.0 1.0 1.0 1.0 1.0 1.0 1.0 1.0 2.0 2.0 2.0 2.0 2.0 2.0 2.0 2.0 2.0 2.0 
1.0 1.0 1.0 1.0 1.0 1.0 1.0 1.0 1.0 1.0 1.0 1.0 1.0 1.0 1.0 2.0 2.0 2.0 2.0 2.0 2.0 2.0 2.0 2.0 2.0 
1.0 1.0 1.0 1.0 1.0 1.0 1.0 1.0 1.0 1.0 1.0 1.0 1.0 1.0 -1.0 -1.0 2.0 2.0 2.0 2.0 2.0 2.0 2.0 2.0 2.0 
1.0 1.0 1.0 1.0 1.0 1.0 1.0 1.0 1.0 1.0 1.0 1.0 1.0 -1.0 -1.0 -1.0 -1.0 2.0 2.0 2.0 2.0 2.0 2.0 2.0 2.0 
1.0 1.0 1.0 1.0 1.0 1.0 1.0 1.0 1.0 0.0 0.0 0.0 -1.0 -1.0 -1.0 -1.0 -1.0 -1.0 -2.0 -2.0 -2.0 -2.0 2.0 2.0 2.0 
0.0 0.0 0.0 0.0 0.0 0.0 0.0 0.0 0.0 0.0 0.0 0.0 -1.0 -1.0 -1.0 -1.0 -1.0 -1.0 -2.0 -2.0 -2.0 -2.0 -2.0 -2.0 -2.0 
0.0 0.0 0.0 0.0 0.0 0.0 0.0 0.0 0.0 0.0 0.0 0.0 -1.0 -1.0 -1.0 -1.0 -1.0 -1.0 -2.0 -2.0 -2.0 -2.0 -2.0 -2.0 -2.0 
0.0 0.0 0.0 0.0 0.0 0.0 0.0 0.0 0.0 0.0 0.0 0.0 -1.0 -1.0 -1.0 -1.0 -1.0 -1.0 -2.0 -2.0 -2.0 -2.0 -2.0 -2.0 -2.0 
0.0 0.0 0.0 0.0 0.0 0.0 0.0 0.0 0.0 0.0 0.0 0.0 -1.0 -1.0 -1.0 -1.0 -1.0 -1.0 -2.0 -2.0 -2.0 -2.0 -2.0 -2.0 -2.0 
0.0 0.0 0.0 0.0 0.0 0.0 0.0 0.0 0.0 0.0 0.0 0.0 -1.0 -1.0 -1.0 -1.0 -1.0 -1.0 -1.0 -2.0 -2.0 -2.0 -2.0 -2.0 -2.0 
0.0 0.0 0.0 0.0 0.0 0.0 0.0 0.0 0.0 0.0 0.0 0.0 0.0 -1.0 -1.0 -1.0 -1.0 -1.0 -1.0 -2.0 -2.0 -2.0 -2.0 -2.0 -2.0 
0.0 0.0 0.0 0.0 0.0 0.0 0.0 0.0 0.0 0.0 0.0 0.0 0.0 -1.0 -1.0 -1.0 -1.0 -1.0 -1.0 -2.0 -2.0 -2.0 -2.0 -2.0 -2.0 
0.0 0.0 0.0 0.0 0.0 0.0 0.0 0.0 0.0 0.0 0.0 0.0 0.0 -1.0 -1.0 -1.0 -1.0 -1.0 -1.0 -2.0 -2.0 -2.0 -2.0 -2.0 -2.0 
0.0 0.0 0.0 0.0 0.0 0.0 0.0 0.0 0.0 0.0 0.0 0.0 0.0 -1.0 -1.0 -1.0 -1.0 -1.0 -1.0 -2.0 -2.0 -2.0 -2.0 -2.0 -2.0 
0.0 0.0 0.0 0.0 0.0 0.0 0.0 0.0 0.0 0.0 0.0 0.0 0.0 -1.0 -1.0 -1.0 -1.0 -1.0 -1.0 -2.0 -2.0 -2.0 -2.0 -2.0 -2.0 
0.0 0.0 0.0 0.0 0.0 0.0 0.0 0.0 0.0 0.0 0.0 0.0 0.0 -1.0 -1.0 -1.0 -1.0 -1.0 -1.0 -1.0 -2.0 -2.0 -2.0 -2.0 -2.0 
0.0 0.0 0.0 0.0 0.0 0.0 0.0 0.0 0.0 0.0 0.0 0.0 0.0 0.0 -1.0 -1.0 -1.0 -1.0 -1.0 -1.0 -2.0 -2.0 -2.0 -2.0 -2.0 
0.0 0.0 0.0 0.0 0.0 0.0 0.0 0.0 0.0 0.0 0.0 0.0 0.0 0.0 -1.0 -1.0 -1.0 -1.0 -1.0 -1.0 -2.0 -2.0 -2.0 -2.0 -2.0 
0.0 0.0 0.0 0.0 0.0 0.0 0.0 0.0 0.0 0.0 0.0 0.0 0.0 0.0 -1.0 -1.0 -1.0 -1.0 -1.0 -1.0 -2.0 -2.0 -2.0 -2.0 -2.0 
0.0 0.0 0.0 0.0 0.0 0.0 0.0 0.0 0.0 0.0 0.0 0.0 0.0 0.0 -1.0 -1.0 -1.0 -1.0 -1.0 -1.0 -2.0 -2.0 -2.0 -2.0 -2.0 

-1.0 -1.0 -1.0 -1.0 -1.0 -1.0 -1.0 -1.0 -1.0 -1.0 -1.0 -1.0 -1.0 -1.0 -1.0 -1.0 1.0 1.0 1.0 1.0 1.0 1.0 1.0 1.0 1.0 
-1.0 -1.0 -1.0 -1.0 -1.0 -1.0 -1.0 -1.0 -1.0 -1.0 -1.0 -1.0 -1.0 -1.0 -1.0 -1.0 1.0 1.0 1.0 1.0 1.0 1.0 1.0 1.0 1.0 
-1.0 -1.0 -1.0 -1.0 -1.0 -1.0 -1.0 -1.0 -1.0 -1.0 -1.0 -1.0 -1.0 -1.0 -1.0 -1.0 1.0 1.0 1.0 1.0 1.0 1.0 1.0 1.0 1.0 
-1.0 -1.0 -1.0 -1.0 -1.0 -1.0 -1.0 -1.0 -1.0 -1.0 -1.0 -1.0 -1.0 -1.0 -1.0 -1.0 1.0 1.0 1.0 1.0 1.0 1.0 1.0 1.0 1.0 
-1.0 -1.0 -1.0 -1.0 -1.0 -1.0 -1.0 -1.0 -1.0 -1.0 -1.0 -1.0 -1.0 -1.0 -1.0 1.0 1.0 1.0 1.0 1.0 1.0 1.0 1.0 1.0 1.0 
-1.0 -1.0 -1.0 -1.0 -1.0 -1.0 -1.0 -1.0 -1.0 -1.0 -1.0 -1.0 -1.0 -1.0 -1.0 1.0 1.0 1.0 1.0 1.0 1.0 1.0 1.0 1.0 1.0 
-1.0 -1.0 -1.0 -1.0 -1.0 -1.0 -1.0 -1.0 -1.0 -1.0 -1.0 -1.0 -1.0 -1.0 -1.0 1.0 1.0 1.0 1.0 1.0 1.0 1.0 1.0 1.0 1.0 
-1.0 -1.0 -1.0 -1.0 -1.0 -1.0 -1.0 -1.0 -1.0 -1.0 -1.0 -1.0 -1.0 -1.0 -2.0 -2.0 1.0 1.0 1.0 1.0 1.0 1.0 1.0 1.0 1.0 
-1.0 -1.0 -1.0 -1.0 -1.0 -1.0 -1.0 -1.0 -1.0 -1.0 -1.0 -1.0 -1.0 -2.0 -2.0 -2.0 -2.0 1.0 1.0 1.0 1.0 1.0 1.0 1.0 1.0 
-1.0 -1.0 -1.0 -1.0 -1.0 -1.0 -1.0 -1.0 -1.0 0.0 0.0 0.0 -2.0 -2.0 -2.0 -2.0 -2.0 -2.0 2.0 2.0 2.0 2.0 1.0 1.0 1.0 
0.0 0.0 0.0 0.0 0.0 0.0 0.0 0.0 0.0 0.0 0.0 0.0 -2.0 -2.0 -2.0 -2.0 -2.0 -2.0 2.0 2.0 2.0 2.0 2.0 2.0 2.0 
0.0 0.0 0.0 0.0 0.0 0.0 0.0 0.0 0.0 0.0 0.0 0.0 -2.0 -2.0 -2.0 -2.0 -2.0 -2.0 2.0 2.0 2.0 2.0 2.0 2.0 2.0 
0.0 0.0 0.0 0.0 0.0 0.0 0.0 0.0 0.0 0.0 0.0 0.0 -2.0 -2.0 -2.0 -2.0 -2.0 -2.0 2.0 2.0 2.0 2.0 2.0 2.0 2.0 
0.0 0.0 0.0 0.0 0.0 0.0 0.0 0.0 0.0 0.0 0.0 0.0 -2.0 -2.0 -2.0 -2.0 -2.0 -2.0 2.0 2.0 2.0 2.0 2.0 2.0 2.0 
0.0 0.0 0.0 0.0 0.0 0.0 0.0 0.0 0.0 0.0 0.0 0.0 -2.0 -2.0 -2.0 -2.0 -2.0 -2.0 -2.0 2.0 2.0 2.0 2.0 2.0 2.0 
0.0 0.0 0.0 0.0 0.0 0.0 0.0 0.0 0.0 0.0 0.0 0.0 0.0 -2.0 -2.0 -2.0 -2.0 -2.0 -2.0 2.0 2.0 2.0 2.0 2.0 2.0 
0.0 0.0 0.0 0.0 0.0 0.0 0.0 0.0 0.0 0.0 0.0 0.0 0.0 -2.0 -2.0 -2.0 -2.0 -2.0 -2.0 2.0 2.0 2.0 2.0 2.0 2.0 
0.0 0.0 0.0 0.0 0.0 0.0 0.0 0.0 0.0 0.0 0.0 0.0 0.0 -2.0 -2.0 -2.0 -2.0 -2.0 -2.0 2.0 2.0 2.0 2.0 2.0 2.0 
0.0 0.0 0.0 0.0 0.0 0.0 0.0 0.0 0.0 0.0 0.0 0.0 0.0 -2.0 -2.0 -2.0 -2.0 -2.0 -2.0 2.0 2.0 2.0 2.0 2.0 2.0 
0.0 0.0 0.0 0.0 0.0 0.0 0.0 0.0 0.0 0.0 0.0 0.0 0.0 -2.0 -2.0 -2.0 -2.0 -2.0 -2.0 2.0 2.0 2.0 2.0 2.0 2.0 
0.0 0.0 0.0 0.0 0.0 0.0 0.0 0.0 0.0 0.0 0.0 0.0 0.0 -2.0 -2.0 -2.0 -2.0 -2.0 -2.0 -2.0 2.0 2.0 2.0 2.0 2.0 
0.0 0.0 0.0 0.0 0.0 0.0 0.0 0.0 0.0 0.0 0.0 0.0 0.0 0.0 -2.0 -2.0 -2.0 -2.0 -2.0 -2.0 2.0 2.0 2.0 2.0 2.0 
0.0 0.0 0.0 0.0 0.0 0.0 0.0 0.0 0.0 0.0 0.0 0.0 0.0 0.0 -2.0 -2.0 -2.0 -2.0 -2.0 -2.0 2.0 2.0 2.0 2.0 2.0 
0.0 0.0 0.0 0.0 0.0 0.0 0.0 0.0 0.0 0.0 0.0 0.0 0.0 0.0 -2.0 -2.0 -2.0 -2.0 -2.0 -2.0 2.0 2.0 2.0 2.0 2.0 
0.0 0.0 0.0 0.0 0.0 0.0 0.0 0.0 0.0 0.0 0.0 0.0 0.0 0.0 -2.0 -2.0 -2.0 -2.0 -2.0 -2.0 2.0 2.0 2.0 2.0 2.0 

