0.007719 0.227128 0.447601 0.103683 0.136960 0.399280 0.835484 0.895375 0.798004 0.405028 0.792613 0.074458 0.851833 0.364390 0.739238 0.559630 0.049783 0.112190 0.695186 0.937626 0.450319 0.520363 0.368344 0.574832 0.537978 
0.742528 0.971353 0.376342 0.491254 0.848086 0.081706 0.892007 0.698244 0.181977 0.579329 0.472757 0.369295 0.860414 0.058956 0.873545 0.183230 0.588431 0.696435 0.285213 0.410987 0.754860 0.372441 0.659683 0.673201 0.589921 
0.009678 0.757918 0.380662 0.984757 0.402004 0.406215 0.227296 0.670536 0.993945 0.688774 0.782876 0.311730 0.296396 0.916782 0.811483 0.336109 0.811509 0.205081 0.112391 0.502246 0.648738 0.977051 0.732173 0.010804 0.499479 
0.938347 0.436649 0.347669 0.633256 0.203696 0.428508 0.104613 0.698082 0.077033 0.575683 0.278157 0.486064 0.772085 0.487339 0.604065 0.463180 0.606959 0.753719 0.762375 0.624723 0.555764 0.465577 0.634520 0.182619 0.265967 
0.038683 0.239745 0.911755 0.546985 0.090443 0.839792 0.813284 0.479637 0.475335 0.237556 0.986408 0.076679 0.312396 0.867174 0.548553 0.590510 0.685685 0.710181 0.443684 0.208971 0.522356 0.475590 0.784276 0.613620 0.851652 
0.490403 0.917762 0.387419 0.879653 0.702321 0.109346 0.920929 0.131753 0.348113 0.704902 0.165780 0.584729 0.460501 0.062606 0.735426 0.420587 0.500651 0.217501 0.040705 0.610861 0.011578 0.964846 0.592887 0.913726 0.556169 
0.181043 0.457039 0.304113 0.230588 0.837010 0.648345 0.549896 0.742841 0.812055 0.882291 0.864881 0.442078 0.843661 0.638274 0.548951 0.956279 0.901695 0.060835 0.707496 0.798968 0.051415 0.708530 0.346553 0.705869 0.079766 
0.855761 0.425397 0.827822 0.757673 0.705606 0.266907 0.592768 0.268064 0.480412 0.534401 0.987405 0.252738 0.514187 0.937337 0.473103 0.655091 0.166014 0.994129 0.605290 0.271369 0.645554 0.723288 0.405314 0.320756 0.214752 
0.844465 0.282833 0.402903 0.785415 0.891496 0.458718 0.396311 0.164799 0.280734 0.423725 0.186093 0.210426 0.822964 0.931529 0.925901 0.975443 0.293865 0.110766 0.491979 0.353112 0.861346 0.566797 0.144911 0.200419 0.315404 
0.060365 0.918986 0.518221 0.182262 0.084081 0.448617 0.596506 0.205636 0.262043 0.837832 0.519624 0.396461 0.265627 0.776422 0.101351 0.366664 0.557389 0.466848 0.809803 0.220344 0.664873 0.224603 0.521527 0.603066 0.039049 
0.753732 0.796759 0.729644 0.132146 0.143773 0.905339 0.868796 0.694169 0.509023 0.771810 0.443161 0.043656 0.699913 0.354926 0.613127 0.650792 0.809784 0.737666 0.124669 0.880844 0.451241 0.512536 0.440263 0.429993 0.913446 
0.345718 0.505259 0.713028 0.728723 0.710678 0.362509 0.803345 0.169303 0.338280 0.109950 0.055166 0.723726 0.648541 0.792475 0.095387 0.331466 0.357799 0.366269 0.632123 0.033236 0.326276 0.077762 0.833877 0.852824 0.575100 
0.533974 0.411894 0.065873 0.635756 0.793296 0.876863 0.735863 0.861541 0.028087 0.517608 0.880483 0.380528 0.218836 0.943092 0.500239 0.010433 0.323152 0.585184 0.688313 0.316836 0.156798 0.911237 0.188570 0.264240 0.490232 
0.017587 0.712026 0.196504 0.095380 0.694716 0.146753 0.218074 0.802753 0.501863 0.154584 0.688627 0.320318 0.194824 0.101309 0.217389 0.265581 0.382687 0.694548 0.416331 0.336308 0.460453 0.253132 0.215059 0.802836 0.542177 
0.788766 0.284849 0.791655 0.544039 0.552530 0.531333 0.177878 0.748577 0.466848 0.462519 0.451327 0.884214 0.432262 0.982637 0.708944 0.112270 0.058147 0.768270 0.109769 0.707017 0.395612 0.213060 0.549588 0.998231 0.846754 
0.402335 0.390189 0.122211 0.694699 0.362068 0.677257 0.956005 0.308552 0.180943 0.222618 0.510964 0.781437 0.594323 0.490061 0.953903 0.509835 0.690528 0.770041 0.444798 0.775523 0.574467 0.513569 0.655763 0.253528 0.883553 
0.176040 0.836525 0.242170 0.389046 0.933468 0.191453 0.659648 0.679981 0.316999 0.514755 0.974869 0.073616 0.628102 0.225505 0.599326 0.819017 0.409002 0.402989 0.734506 0.630434 0.395962 0.070178 0.720258 0.796795 0.611688 
0.601132 0.954023 0.506046 0.353643 0.049853 0.721327 0.557744 0.653426 0.152025 0.624826 0.296245 0.031734 0.548312 0.446248 0.263078 0.720188 0.316226 0.120561 0.747100 0.061230 0.526347 0.243546 0.480749 0.693795 0.674723 
0.479272 0.799679 0.114605 0.750542 0.733060 0.114894 0.104433 0.453826 0.158049 0.481784 0.158447 0.340281 0.732922 0.471692 0.336142 0.279223 0.004299 0.171494 0.728296 0.119338 0.127870 0.668042 0.006255 0.997269 0.997696 
0.854451 0.969106 0.799621 0.138589 0.899283 0.536641 0.917049 0.955212 0.558811 0.441712 0.299869 0.748425 0.115167 0.345767 0.069084 0.761073 0.928528 0.155306 0.266699 0.233467 0.574138 0.593529 0.709217 0.803653 0.470310 
0.321351 0.393656 0.886251 0.661849 0.694369 0.794853 0.398711 0.203656 0.920966 0.746825 0.577879 0.044869 0.782125 0.441310 0.685829 0.559513 0.422122 0.670417 0.675995 0.865190 0.583768 0.755391 0.040359 0.331167 0.617811 
0.757581 0.920225 0.273149 0.216626 0.159622 0.388758 0.972982 0.463831 0.403132 0.927398 0.200822 0.495564 0.414274 0.331199 0.137245 0.523165 0.273538 0.388445 0.110850 0.941536 0.225905 0.346821 0.627996 0.073270 0.495019 
0.799496 0.641780 0.203290 0.538701 0.329972 0.196900 0.241659 0.693393 0.137166 0.827399 0.902761 0.097822 0.398465 0.788819 0.666657 0.786097 0.020826 0.954491 0.413221 0.423203 0.430464 0.231508 0.049218 0.832508 0.467087 
0.721187 0.605741 0.182134 0.268778 0.718274 0.052096 0.686053 0.846283 0.074349 0.122744 0.454439 0.556784 0.062114 0.106171 0.181169 0.097816 0.313126 0.072586 0.413696 0.831225 0.334911 0.944574 0.312928 0.164241 0.846249 
0.176523 0.155603 0.038833 0.304018 0.320232 0.190796 0.700786 0.873576 0.156650 0.534242 0.629965 0.049917 0.121489 0.771290 0.370990 0.541458 0.981071 0.090905 0.451412 0.415941 0.266623 0.852103 0.649997 0.175180 0.072185 

0.216517 0.883698 0.503317 0.537346 0.375920 0.828062 0.924990 0.307248 0.164516 0.221873 0.395782 0.578901 0.962904 0.520639 0.425676 0.640475 0.894349 0.419228 0.228975 0.708177 0.789674 0.571052 0.413460 0.579107 0.314301 
0.935340 0.621929 0.654235 0.213122 0.567993 0.219074 0.876720 0.670780 0.225907 0.990489 0.353033 0.779900 0.278437 0.637909 0.881087 0.546032 0.282982 0.741131 0.730613 0.780934 0.198658 0.670298 0.265767 0.515599 0.432533 
0.534333 0.040853 0.948785 0.040939 0.018130 0.471968 0.692780 0.988443 0.085644 0.215391 0.999214 0.455021 0.764415 0.961689 0.912870 0.427210 0.890159 0.295186 0.272663 0.982252 0.273760 0.291167 0.326045 0.740870 0.911262 
0.325066 0.293107 0.914355 0.793009 0.664088 0.873425 0.325400 0.831950 0.781248 0.904549 0.923874 0.066483 0.934709 0.141259 0.682002 0.440941 0.172085 0.500746 0.136959 0.544583 0.569343 0.005769 0.008177 0.687328 0.985499 
0.383796 0.774928 0.875338 0.593641 0.844939 0.417596 0.202261 0.585496 0.942012 0.555821 0.021482 0.682701 0.936992 0.557619 0.899153 0.112595 0.114279 0.587123 0.609133 0.324451 0.467383 0.883783 0.631063 0.227490 0.091924 
0.445628 0.360308 0.014862 0.568791 0.050153 0.756977 0.264237 0.601322 0.069154 0.163467 0.660318 0.332027 0.713672 0.246381 0.787799 0.166564 0.327471 0.495645 0.313180 0.925539 0.030727 0.909380 0.549854 0.003817 0.255533 
0.642365 0.079301 0.268947 0.854269 0.218743 0.113789 0.621623 0.297194 0.580176 0.870440 0.554633 0.303915 0.179201 0.697561 0.317582 0.362881 0.840867 0.686745 0.439169 0.778651 0.180348 0.147581 0.151243 0.627663 0.739864 
0.463594 0.653041 0.006868 0.177164 0.546807 0.819859 0.180464 0.448239 0.965603 0.463530 0.712018 0.952942 0.192740 0.887490 0.427838 0.927588 0.948519 0.705888 0.610993 0.128943 0.352631 0.870121 0.149629 0.689141 0.009172 
0.257886 0.238228 0.109253 0.980894 0.996968 0.507239 0.724586 0.880530 0.339186 0.342992 0.979555 0.487761 0.776258 0.972290 0.850909 0.409579 0.712411 0.485744 0.527668 0.114986 0.377603 0.688607 0.162384 0.358866 0.014970 
0.194113 0.076854 0.704502 0.268915 0.922934 0.109349 0.691222 0.218510 0.931140 0.386070 0.923346 0.922738 0.844615 0.848794 0.660297 0.187968 0.574367 0.099144 0.466863 0.854211 0.621371 0.591969 0.746872 0.474788 0.851671 
0.631500 0.268653 0.968580 0.263612 0.660827 0.131959 0.530328 0.832403 0.783869 0.141616 0.777199 0.326681 0.983470 0.252103 0.356795 0.370985 0.810660 0.996378 0.262382 0.143307 0.668311 0.428819 0.127052 0.239858 0.825381 
0.204133 0.397005 0.798413 0.405971 0.802291 0.907025 0.925372 0.275630 0.895910 0.547793 0.977319 0.264039 0.139112 0.470456 0.688677 0.637823 0.253878 0.641298 0.555094 0.255390 0.832595 0.861872 0.376026 0.981626 0.747416 
0.267282 0.127106 0.315939 0.959767 0.690611 0.945049 0.849975 0.559648 0.268464 0.283744 0.624240 0.978220 0.501502 0.614245 0.124722 0.121645 0.963760 0.626360 0.036312 0.167183 0.801301 0.740337 0.706734 0.904718 0.283441 
0.787703 0.618436 0.974184 0.036606 0.375459 0.870737 0.015066 0.850603 0.438365 0.320306 0.639449 0.134246 0.034628 0.875344 0.744137 0.900038 0.846209 0.197528 0.496431 0.443213 0.483805 0.420704 0.025700 0.073954 0.590315 
0.053483 0.891392 0.807472 0.248609 0.804663 0.564810 0.123651 0.982599 0.738499 0.233970 0.419696 0.377383 0.289875 0.844011 0.919593 0.666433 0.820852 0.327089 0.188238 0.242048 0.855932 0.728808 0.372624 0.088148 0.664890 
0.305485 0.757394 0.827663 0.259769 0.309594 0.809374 0.796822 0.286561 0.703004 0.475765 0.078715 0.196257 0.706433 0.780605 0.570915 0.655117 0.773975 0.963074 0.059999 0.227598 0.014741 0.404219 0.525630 0.248971 0.117597 
0.569935 0.564883 0.151218 0.608565 0.326891 0.091757 0.430196 0.965569 0.734590 0.734398 0.775733 0.382817 0.224459 0.241277 0.653470 0.021759 0.817468 0.876525 0.354865 0.504020 0.031568 0.589455 0.133009 0.104400 0.619066 
0.855195 0.792329 0.137471 0.662778 0.844005 0.202551 0.521883 0.128658 0.575562 0.228522 0.432990 0.372264 0.090269 0.337345 0.115361 0.239385 0.140465 0.890751 0.866038 0.866894 0.614177 0.006948 0.878721 0.528214 0.282119 
0.054951 0.436422 0.246532 0.624875 0.104174 0.859844 0.785582 0.096468 0.607349 0.416519 0.164940 0.424083 0.866474 0.227614 0.715964 0.226132 0.783167 0.936311 0.005903 0.424844 0.640290 0.951325 0.605110 0.162021 0.990031 
0.536836 0.706133 0.799596 0.692515 0.693936 0.103797 0.886376 0.807447 0.497352 0.200521 0.485177 0.635706 0.197393 0.100139 0.218309 0.222654 0.132694 0.507945 0.350593 0.644743 0.445467 0.430350 0.891346 0.150510 0.475097 
0.933396 0.109101 0.844720 0.935663 0.381020 0.697464 0.174078 0.243214 0.479924 0.873596 0.760532 0.539454 0.807243 0.663234 0.611816 0.812163 0.916983 0.724249 0.502902 0.071824 0.058751 0.330489 0.737958 0.434987 0.140736 
0.302324 0.438931 0.760506 0.893563 0.966624 0.604966 0.409789 0.864660 0.734852 0.217793 0.697603 0.157708 0.210847 0.833321 0.180093 0.576850 0.524492 0.237447 0.523591 0.404780 0.134339 0.928155 0.296885 0.506933 0.925239 
0.564948 0.956013 0.225705 0.293198 0.089625 0.825953 0.717383 0.389191 0.236995 0.296168 0.699946 0.113907 0.492613 0.105491 0.719792 0.955359 0.073508 0.302295 0.067413 0.707607 0.827784 0.423955 0.732224 0.982529 0.571072 
0.267450 0.833655 0.834511 0.688083 0.261154 0.562669 0.194592 0.943682 0.831779 0.340026 0.782989 0.721747 0.940760 0.531977 0.184311 0.223316 0.961223 0.619633 0.370548 0.139583 0.114667 0.343180 0.376969 0.135423 0.125555 
0.095632 0.647337 0.269075 0.010090 0.290147 0.477496 0.144658 0.427883 0.826509 0.063936 0.480784 0.322432 0.574432 0.337122 0.870320 0.906005 0.596466 0.227740 0.901467 0.047966 0.235165 0.682994 0.557963 0.732584 0.281084 

0.093194 1.488415 1.436491 0.744183 0.553342 1.546414 2.450846 2.115025 1.725935 1.121804 1.879502 0.737981 2.701041 1.188284 1.865635 1.661803 0.919019 0.814053 1.614686 2.493811 1.599325 1.670254 1.248589 1.527094 1.425731 
2.349087 2.569355 1.544786 1.359054 2.458199 0.254901 2.544905 2.082725 0.467684 2.251951 1.348737 1.565453 1.909496 0.763647 2.694843 0.655686 1.466855 2.175784 1.249949 1.669049 1.714254 1.551495 1.318939 1.859910 1.634550 
0.387806 1.385551 1.596369 1.988062 0.821832 1.108522 1.328859 2.300000 2.127385 1.664988 2.586811 1.092960 1.188866 2.688362 2.763739 1.096271 2.704091 0.656965 0.664963 1.888545 1.590526 2.324171 1.868720 0.934757 2.127766 
2.354942 1.270431 1.517687 1.938506 1.032509 1.761147 0.420924 2.202993 1.139841 1.940143 1.530774 1.142119 2.508971 1.101694 2.023902 1.412502 1.569292 1.862383 1.464991 1.839990 1.664536 0.816647 1.429877 1.002467 1.465021 
0.554628 1.281644 2.624192 1.622287 0.894184 2.085924 1.956946 1.484803 1.859500 0.970783 2.032738 0.948520 1.568994 2.293259 1.764201 1.375873 1.460518 2.117095 1.477647 0.897543 1.409612 1.803598 2.205495 1.319995 1.847418 
-1.025547 -0.597814 -0.055527 -1.106835 -0.003741 -1.325792 -0.592518 -1.218595 -0.141545 -0.234467 -1.279284 -0.598025 -1.383538 -0.425957 -1.564046 -0.298373 -0.606620 -1.066782 -0.811367 -1.950508 0.018560 -1.759865 -1.003274 0.084410 -0.689380 
-1.222908 -0.326814 -0.499922 -1.886533 -0.339034 -0.353981 -1.237060 -0.562335 -1.051137 -1.604178 -1.191410 -0.538492 -0.531020 -1.529884 -0.672246 -0.529811 -1.650825 -1.524965 -0.998296 -1.665113 -0.409057 -0.390175 -0.292732 -1.263200 -1.443275 
-0.940785 -1.332176 0.054806 -0.358098 -1.165058 -1.522384 -0.492633 -0.691284 -1.715592 -0.956167 -1.282951 -1.763333 -0.234851 -1.953007 -0.632734 -2.020325 -1.957733 -1.449817 -1.087558 -0.288339 -0.488310 -1.708771 -0.179376 -1.341023 -0.003630 
-0.632985 -0.416606 -0.287684 -2.168130 -1.986802 -1.126382 -1.509181 -1.696132 -0.712922 -0.548785 -1.966310 -0.964850 -1.527262 -2.016207 -1.744446 -0.814584 -1.531992 -0.983615 -1.085422 -0.299540 -0.858861 -1.398656 -0.378078 -0.690850 -0.074437 
-0.201627 -0.176279 -1.324437 -0.417149 -1.693008 -0.179686 -1.509202 -0.546486 -1.859630 -0.762893 -1.882707 -1.682134 -1.550191 -1.729114 -1.320206 -0.375988 -1.069005 -0.215363 -1.099189 -1.790808 -1.308172 -0.899313 -1.345845 -1.025173 -1.627411 
-1.475697 -1.642056 -1.487969 -0.339391 -0.260948 -1.939373 -1.652855 -1.488842 -1.200931 -1.462348 -1.051098 -0.291212 -1.403664 -0.681132 -1.409606 -1.412962 -1.545486 -1.598108 -0.374873 -1.692539 -0.848889 -1.078296 -0.753471 -1.015257 -1.917522 
-0.591363 -1.028033 -1.360209 -1.245984 -1.436350 -0.595355 -1.388537 -0.304173 -0.768870 -0.244672 -0.244520 -1.403945 -1.291147 -1.653028 -0.165256 -0.684757 -0.588424 -0.733832 -1.306946 -0.086880 -0.729539 0.124869 -1.598600 -1.682602 -1.241587 
-1.037263 -0.736672 -0.169773 -1.239784 -1.758475 -1.763342 -1.552794 -1.900162 -0.002420 -1.048525 -1.782548 -0.819392 -0.494853 -2.011929 -1.126288 -0.009000 -0.662451 -1.053696 -1.493449 -0.598307 -0.260979 -1.780053 -0.271674 -0.644884 -0.830008 
-0.095531 -1.570505 -0.274307 -0.310099 -1.366400 -0.344912 -0.533196 -1.683562 -0.807825 -0.472625 -1.297677 -0.835523 -0.568332 -0.283441 -0.559374 -0.473499 -0.744564 -1.339092 -0.703226 -0.662535 -0.846223 -0.527353 -0.399705 -1.421121 -1.064783 
-1.773622 -0.573950 -1.587754 -1.079104 -1.173746 -0.963585 -0.170767 -1.387724 -1.015569 -0.817629 -0.710809 -1.779506 -1.058735 -2.049081 -1.358365 -0.248879 -0.031861 -1.545569 -0.091223 -1.431413 -0.791427 -0.553639 -1.175570 -1.952661 -1.757279 
0.128024 1.190210 1.492944 -0.372182 0.159910 0.874326 0.656874 0.229938 1.156789 0.716501 -0.465042 -0.506645 0.682990 1.169110 0.212486 0.893355 0.939435 1.196105 -0.291171 -0.344937 -0.667015 0.295283 0.199048 0.228299 -0.626975 
1.105403 0.336982 0.203060 0.858072 -0.523341 0.089124 0.017354 1.226424 1.246081 0.859795 0.522815 0.637259 -0.288920 0.186946 0.733164 -0.584812 1.087586 1.298975 -0.323986 0.363705 -0.542320 1.110571 -0.310742 -0.746791 0.676983 
1.103386 0.806840 -0.221397 0.965419 1.631892 -0.345625 0.374747 -0.394211 0.953605 -0.349015 0.590249 0.529848 -0.438812 0.148955 -0.038177 -0.356937 -0.114216 1.583724 1.078178 1.584005 0.695377 -0.312479 1.529287 0.298748 -0.151451 
-0.293175 -0.008747 0.414413 0.367962 -0.517488 1.474857 1.502103 -0.214300 0.955554 0.268857 0.240651 0.442150 1.163149 0.010612 1.008875 0.190485 1.396841 1.674837 -0.621116 0.686746 1.152147 1.219662 1.146212 -0.508734 0.761965 
0.246598 0.378764 0.889815 1.041647 0.493829 -0.401467 0.942300 0.563029 0.649391 -0.032419 0.742063 0.438954 0.307790 -0.033227 0.316509 -0.294894 -0.533451 0.978582 0.533134 1.020921 0.264201 0.333998 1.083597 -0.522225 0.590696 
-0.691308 0.376350 0.106390 -0.339645 0.441739 0.213255 0.283377 0.006283 0.622998 -0.084520 -0.135970 -0.656572 -0.016021 0.018125 0.011106 -0.281499 -0.333940 -0.064123 0.063114 0.846504 0.506838 0.315119 -0.565500 -0.065180 0.389985 
0.355679 0.582792 -0.487698 -0.725239 -0.862098 -0.188573 0.420546 -0.311521 -0.329088 0.935519 -0.471530 0.518682 0.357578 -0.430146 -0.132972 -0.009438 -0.261364 0.131295 -0.459756 0.398625 0.001650 -0.516615 0.415233 -0.414878 -0.430960 
0.279402 -0.377904 -0.091514 0.267637 0.284408 -0.520331 -0.550847 0.201458 -0.027261 0.419036 0.090904 -0.031790 -0.094037 0.746099 -0.002960 -0.145075 -0.247394 0.532634 0.399865 -0.205617 -0.464821 -0.148428 -0.676968 -0.322568 -0.200714 
0.445996 -0.396572 -0.647896 -0.562695 0.395907 -0.441048 0.367387 -0.082529 -0.689846 -0.168805 -0.194617 -0.150259 -0.936536 -0.334268 0.031195 -0.191455 -0.768463 -0.616982 -0.068464 0.738102 0.385803 0.612504 -0.132168 0.082745 0.662128 
0.140336 -0.517495 -0.193020 0.294000 0.172171 -0.185029 0.443717 0.501207 -0.565995 0.361480 0.161277 -0.074825 -0.440061 0.204439 -0.542549 -0.312985 0.515123 -0.194257 -0.247031 0.365352 -0.005091 0.175460 0.182809 -0.478695 -0.235565 

0 0 0 0 0 0 0 0 0 0 0 0 0 0 0 0 0 0 0 0 0 0 0 0 0 
0 0 0 0 0 0 0 0 0 0 0 0 0 0 0 0 0 0 0 0 0 0 0 0 0 
0 0 0 0 0 0 0 0 0 0 0 0 0 0 0 0 0 0 0 0 0 0 0 0 0 
0 0 0 0 0 0 0 0 0 0 0 0 0 0 0 0 0 0 0 0 0 0 0 0 0 
0 0 0 0 0 0 0 0 0 0 0 0 0 0 0 0 0 0 0 0 0 0 0 0 0 
1 1 1 1 1 1 1 1 1 1 1 1 1 1 1 1 1 1 1 1 1 1 1 1 1 
1 1 1 1 1 1 1 1 1 1 1 1 1 1 1 1 1 1 1 1 1 1 1 1 1 
1 1 1 1 1 1 1 1 1 1 1 1 1 1 1 1 1 1 1 1 1 1 1 1 1 
1 1 1 1 1 1 1 1 1 1 1 1 1 1 1 1 1 1 1 1 1 1 1 1 1 
1 1 1 1 1 1 1 1 1 1 1 1 1 1 1 1 1 1 1 1 1 1 1 1 1 
2 2 2 2 2 2 2 2 2 2 2 2 2 2 2 2 2 2 2 2 2 2 2 2 2 
2 2 2 2 2 2 2 2 2 2 2 2 2 2 2 2 2 2 2 2 2 2 2 2 2 
2 2 2 2 2 2 2 2 2 2 2 2 2 2 2 2 2 2 2 2 2 2 2 2 2 
2 2 2 2 2 2 2 2 2 2 2 2 2 2 2 2 2 2 2 2 2 2 2 2 2 
2 2 2 2 2 2 2 2 2 2 2 2 2 2 2 2 2 2 2 2 2 2 2 2 2 
3 3 3 3 3 3 3 3 3 3 3 3 3 3 3 3 3 3 3 3 3 3 3 3 3 
3 3 3 3 3 3 3 3 3 3 3 3 3 3 3 3 3 3 3 3 3 3 3 3 3 
3 3 3 3 3 3 3 3 3 3 3 3 3 3 3 3 3 3 3 3 3 3 3 3 3 
3 3 3 3 3 3 3 3 3 3 3 3 3 3 3 3 3 3 3 3 3 3 3 3 3 
3 3 3 3 3 3 3 3 3 3 3 3 3 3 3 3 3 3 3 3 3 3 3 3 3 
4 4 4 4 4 4 4 4 4 4 4 4 4 4 4 4 4 4 4 4 4 4 4 4 4 
4 4 4 4 4 4 4 4 4 4 4 4 4 4 4 4 4 4 4 4 4 4 4 4 4 
4 4 4 4 4 4 4 4 4 4 4 4 4 4 4 4 4 4 4 4 4 4 4 4 4 
4 4 4 4 4 4 4 4 4 4 4 4 4 4 4 4 4 4 4 4 4 4 4 4 4 
4 4 4 4 4 4 4 4 4 4 4 4 4 4 4 4 4 4 4 4 4 4 4 4 4 

2.0 2.0 2.0 2.0 2.0 2.0 2.0 2.0 2.0 2.0 2.0 2.0 2.0 2.0 2.0 2.0 2.0 2.0 2.0 2.0 2.0 2.0 2.0 2.0 2.0 
2.0 2.0 2.0 2.0 2.0 2.0 2.0 2.0 2.0 2.0 2.0 2.0 2.0 2.0 2.0 2.0 2.0 2.0 2.0 2.0 2.0 2.0 2.0 2.0 2.0 
2.0 2.0 2.0 2.0 2.0 2.0 2.0 2.0 2.0 2.0 2.0 2.0 2.0 2.0 2.0 2.0 2.0 2.0 2.0 2.0 2.0 2.0 2.0 2.0 2.0 
2.0 2.0 2.0 2.0 2.0 2.0 2.0 2.0 2.0 2.0 2.0 2.0 2.0 2.0 2.0 2.0 2.0 2.0 2.0 2.0 2.0 2.0 2.0 2.0 2.0 
2.0 2.0 2.0 2.0 2.0 2.0 2.0 2.0 2.0 2.0 2.0 2.0 2.0 2.0 2.0 2.0 2.0 2.0 2.0 2.0 2.0 2.0 2.0 2.0 2.0 
0.0 0.0 0.0 0.0 0.0 0.0 0.0 0.0 0.0 0.0 0.0 0.0 0.0 0.0 0.0 0.0 0.0 0.0 0.0 0.0 0.0 0.0 0.0 0.0 0.0 
0.0 0.0 0.0 0.0 0.0 0.0 0.0 0.0 0.0 0.0 0.0 0.0 0.0 0.0 0.0 0.0 0.0 0.0 0.0 0.0 0.0 0.0 0.0 0.0 0.0 
0.0 0.0 0.0 0.0 0.0 0.0 0.0 0.0 0.0 0.0 0.0 0.0 0.0 0.0 0.0 0.0 0.0 0.0 0.0 0.0 0.0 0.0 0.0 0.0 0.0 
0.0 0.0 0.0 0.0 0.0 0.0 0.0 0.0 0.0 0.0 0.0 0.0 0.0 0.0 0.0 0.0 0.0 0.0 0.0 0.0 0.0 0.0 0.0 0.0 0.0 
0.0 0.0 0.0 0.0 0.0 0.0 0.0 0.0 0.0 0.0 0.0 0.0 0.0 0.0 0.0 0.0 0.0 0.0 0.0 0.0 0.0 0.0 0.0 0.0 0.0 
-2.0 -2.0 -2.0 -2.0 -2.0 -2.0 -2.0 -2.0 -2.0 -2.0 -2.0 -2.0 -2.0 -2.0 -2.0 -2.0 -2.0 -2.0 -2.0 -2.0 -2.0 -2.0 -2.0 -2.0 -2.0 
-2.0 -2.0 -2.0 -2.0 -2.0 -2.0 -2.0 -2.0 -2.0 -2.0 -2.0 -2.0 -2.0 -2.0 -2.0 -2.0 -2.0 -2.0 -2.0 -2.0 -2.0 -2.0 -2.0 -2.0 -2.0 
-2.0 -2.0 -2.0 -2.0 -2.0 -2.0 -2.0 -2.0 -2.0 -2.0 -2.0 -2.0 -2.0 -2.0 -2.0 -2.0 -2.0 -2.0 -2.0 -2.0 -2.0 -2.0 -2.0 -2.0 -2.0 
-2.0 -2.0 -2.0 -2.0 -2.0 -2.0 -2.0 -2.0 -2.0 -2.0 -2.0 -2.0 -2.0 -2.0 -2.0 -2.0 -2.0 -2.0 -2.0 -2.0 -2.0 -2.0 -2.0 -2.0 -2.0 
-2.0 -2.0 -2.0 -2.0 -2.0 -2.0 -2.0 -2.0 -2.0 -2.0 -2.0 -2.0 -2.0 -2.0 -2.0 -2.0 -2.0 -2.0 -2.0 -2.0 -2.0 -2.0 -2.0 -2.0 -2.0 
-1.0 -1.0 -1.0 -1.0 -1.0 -1.0 -1.0 -1.0 -1.0 -1.0 -1.0 -1.0 -1.0 -1.0 -1.0 -1.0 -1.0 -1.0 -1.0 -1.0 -1.0 -1.0 -1.0 -1.0 -1.0 
-1.0 -1.0 -1.0 -1.0 -1.0 -1.0 -1.0 -1.0 -1.0 -1.0 -1.0 -1.0 -1.0 -1.0 -1.0 -1.0 -1.0 -1.0 -1.0 -1.0 -1.0 -1.0 -1.0 -1.0 -1.0 
-1.0 -1.0 -1.0 -1.0 -1.0 -1.0 -1.0 -1.0 -1.0 -1.0 -1.0 -1.0 -1.0 -1.0 -1.0 -1.0 -1.0 -1.0 -1.0 -1.0 -1.0 -1.0 -1.0 -1.0 -1.0 
-1.0 -1.0 -1.0 -1.0 -1.0 -1.0 -1.0 -1.0 -1.0 -1.0 -1.0 -1.0 -1.0 -1.0 -1.0 -1.0 -1.0 -1.0 -1.0 -1.0 -1.0 -1.0 -1.0 -1.0 -1.0 
-1.0 -1.0 -1.0 -1.0 -1.0 -1.0 -1.0 -1.0 -1.0 -1.0 -1.0 -1.0 -1.0 -1.0 -1.0 -1.0 -1.0 -1.0 -1.0 -1.0 -1.0 -1.0 -1.0 -1.0 -1.0 
1.0 1.0 1.0 1.0 1.0 1.0 1.0 1.0 1.0 1.0 1.0 1.0 1.0 1.0 1.0 1.0 1.0 1.0 1.0 1.0 1.0 1.0 1.0 1.0 1.0 
1.0 1.0 1.0 1.0 1.0 1.0 1.0 1.0 1.0 1.0 1.0 1.0 1.0 1.0 1.0 1.0 1.0 1.0 1.0 1.0 1.0 1.0 1.0 1.0 1.0 
1.0 1.0 1.0 1.0 1.0 1.0 1.0 1.0 1.0 1.0 1.0 1.0 1.0 1.0 1.0 1.0 1.0 1.0 1.0 1.0 1.0 1.0 1.0 1.0 1.0 
1.0 1.0 1.0 1.0 1.0 1.0 1.0 1.0 1.0 1.0 1.0 1.0 1.0 1.0 1.0 1.0 1.0 1.0 1.0 1.0 1.0 1.0 1.0 1.0 1.0 
1.0 1.0 1.0 1.0 1.0 1.0 1.0 1.0 1.0 1.0 1.0 1.0 1.0 1.0 1.0 1.0 1.0 1.0 1.0 1.0 1.0 1.0 1.0 1.0 1.0 

1.0 1.0 1.0 1.0 1.0 1.0 1.0 1.0 1.0 1.0 1.0 1.0 1.0 1.0 1.0 1.0 1.0 1.0 1.0 1.0 1.0 1.0 1.0 1.0 1.0 
1.0 1.0 1.0 1.0 1.0 1.0 1.0 1.0 1.0 1.0 1.0 1.0 1.0 1.0 1.0 1.0 1.0 1.0 1.0 1.0 1.0 1.0 1.0 1.0 1.0 
1.0 1.0 1.0 1.0 1.0 1.0 1.0 1.0 1.0 1.0 1.0 1.0 1.0 1.0 1.0 1.0 1.0 1.0 1.0 1.0 1.0 1.0 1.0 1.0 1.0 
1.0 1.0 1.0 1.0 1.0 1.0 1.0 1.0 1.0 1.0 1.0 1.0 1.0 1.0 1.0 1.0 1.0 1.0 1.0 1.0 1.0 1.0 1.0 1.0 1.0 
1.0 1.0 1.0 1.0 1.0 1.0 1.0 1.0 1.0 1.0 1.0 1.0 1.0 1.0 1.0 1.0 1.0 1.0 1.0 1.0 1.0 1.0 1.0 1.0 1.0 
-2.0 -2.0 -2.0 -2.0 -2.0 -2.0 -2.0 -2.0 -2.0 -2.0 -2.0 -2.0 -2.0 -2.0 -2.0 -2.0 -2.0 -2.0 -2.0 -2.0 -2.0 -2.0 -2.0 -2.0 -2.0 
-2.0 -2.0 -2.0 -2.0 -2.0 -2.0 -2.0 -2.0 -2.0 -2.0 -2.0 -2.0 -2.0 -2.0 -2.0 -2.0 -2.0 -2.0 -2.0 -2.0 -2.0 -2.0 -2.0 -2.0 -2.0 
-2.0 -2.0 -2.0 -2.0 -2.0 -2.0 -2.0 -2.0 -2.0 -2.0 -2.0 -2.0 -2.0 -2.0 -2.0 -2.0 -2.0 -2.0 -2.0 -2.0 -2.0 -2.0 -2.0 -2.0 -2.0 
-2.0 -2.0 -2.0 -2.0 -2.0 -2.0 -2.0 -2.0 -2.0 -2.0 -2.0 -2.0 -2.0 -2.0 -2.0 -2.0 -2.0 -2.0 -2.0 -2.0 -2.0 -2.0 -2.0 -2.0 -2.0 
-2.0 -2.0 -2.0 -2.0 -2.0 -2.0 -2.0 -2.0 -2.0 -2.0 -2.0 -2.0 -2.0 -2.0 -2.0 -2.0 -2.0 -2.0 -2.0 -2.0 -2.0 -2.0 -2.0 -2.0 -2.0 
0.0 0.0 0.0 0.0 0.0 0.0 0.0 0.0 0.0 0.0 0.0 0.0 0.0 0.0 0.0 0.0 0.0 0.0 0.0 0.0 0.0 0.0 0.0 0.0 0.0 
0.0 0.0 0.0 0.0 0.0 0.0 0.0 0.0 0.0 0.0 0.0 0.0 0.0 0.0 0.0 0.0 0.0 0.0 0.0 0.0 0.0 0.0 0.0 0.0 0.0 
0.0 0.0 0.0 0.0 0.0 0.0 0.0 0.0 0.0 0.0 0.0 0.0 0.0 0.0 0.0 0.0 0.0 0.0 0.0 0.0 0.0 0.0 0.0 0.0 0.0 
0.0 0.0 0.0 0.0 0.0 0.0 0.0 0.0 0.0 0.0 0.0 0.0 0.0 0.0 0.0 0.0 0.0 0.0 0.0 0.0 0.0 0.0 0.0 0.0 0.0 
0.0 0.0 0.0 0.0 0.0 0.0 0.0 0.0 0.0 0.0 0.0 0.0 0.0 0.0 0.0 0.0 0.0 0.0 0.0 0.0 0.0 0.0 0.0 0.0 0.0 
2.0 2.0 2.0 2.0 2.0 2.0 2.0 2.0 2.0 2.0 2.0 2.0 2.0 2.0 2.0 2.0 2.0 2.0 2.0 2.0 2.0 2.0 2.0 2.0 2.0 
2.0 2.0 2.0 2.0 2.0 2.0 2.0 2.0 2.0 2.0 2.0 2.0 2.0 2.0 2.0 2.0 2.0 2.0 2.0 2.0 2.0 2.0 2.0 2.0 2.0 
2.0 2.0 2.0 2.0 2.0 2.0 2.0 2.0 2.0 2.0 2.0 2.0 2.0 2.0 2.0 2.0 2.0 2.0 2.0 2.0 2.0 2.0 2.0 2.0 2.0 
2.0 2.0 2.0 2.0 2.0 2.0 2.0 2.0 2.0 2.0 2.0 2.0 2.0 2.0 2.0 2.0 2.0 2.0 2.0 2.0 2.0 2.0 2.0 2.0 2.0 
2.0 2.0 2.0 2.0 2.0 2.0 2.0 2.0 2.0 2.0 2.0 2.0 2.0 2.0 2.0 2.0 2.0 2.0 2.0 2.0 2.0 2.0 2.0 2.0 2.0 
-1.0 -1.0 -1.0 -1.0 -1.0 -1.0 -1.0 -1.0 -1.0 -1.0 -1.0 -1.0 -1.0 -1.0 -1.0 -1.0 -1.0 -1.0 -1.0 -1.0 -1.0 -1.0 -1.0 -1.0 -1.0 
-1.0 -1.0 -1.0 -1.0 -1.0 -1.0 -1.0 -1.0 -1.0 -1.0 -1.0 -1.0 -1.0 -1.0 -1.0 -1.0 -1.0 -1.0 -1.0 -1.0 -1.0 -1.0 -1.0 -1.0 -1.0 
-1.0 -1.0 -1.0 -1.0 -1.0 -1.0 -1.0 -1.0 -1.0 -1.0 -1.0 -1.0 -1.0 -1.0 -1.0 -1.0 -1.0 -1.0 -1.0 -1.0 -1.0 -1.0 -1.0 -1.0 -1.0 
-1.0 -1.0 -1.0 -1.0 -1.0 -1.0 -1.0 -1.0 -1.0 -1.0 -1.0 -1.0 -1.0 -1.0 -1.0 -1.0 -1.0 -1.0 -1.0 -1.0 -1.0 -1.0 -1.0 -1.0 -1.0 
-1.0 -1.0 -1.0 -1.0 -1.0 -1.0 -1.0 -1.0 -1.0 -1.0 -1.0 -1.0 -1.0 -1.0 -1.0 -1.0 -1.0 -1.0 -1.0 -1.0 -1.0 -1.0 -1.0 -1.0 -1.0 

