0.487967 0.734676 0.128801 0.988545 0.035776 0.167589 0.506793 0.576472 0.263628 0.599845 0.604094 0.399571 0.261408 0.314841 0.635966 0.071136 0.137558 0.044068 0.500805 0.981549 0.011850 0.153535 0.992220 0.108218 0.562153 
0.179544 0.753374 0.344686 0.701338 0.066864 0.981254 0.937605 0.611816 0.743122 0.927586 0.860060 0.138609 0.024421 0.391988 0.708841 0.006643 0.972456 0.937909 0.882544 0.621556 0.408627 0.782045 0.073086 0.115906 0.693395 
0.926930 0.659264 0.279349 0.575892 0.631882 0.132842 0.386707 0.358486 0.958332 0.851922 0.671092 0.253649 0.104229 0.346544 0.698810 0.359757 0.218811 0.761665 0.027945 0.794686 0.268707 0.653225 0.692386 0.504030 0.282389 
0.501327 0.049097 0.799380 0.079776 0.521557 0.355688 0.739563 0.527738 0.092951 0.851359 0.596298 0.237900 0.693115 0.005710 0.459182 0.434302 0.277700 0.973207 0.823467 0.827005 0.534413 0.641194 0.418132 0.273176 0.387461 
0.876253 0.524206 0.461322 0.508338 0.009967 0.112973 0.745777 0.881171 0.939004 0.963749 0.624930 0.177295 0.444306 0.249135 0.334920 0.654631 0.077098 0.645244 0.575186 0.528077 0.641204 0.794589 0.565680 0.107875 0.397617 
0.281604 0.115046 0.117535 0.687597 0.447799 0.412511 0.787451 0.680347 0.550433 0.162268 0.710966 0.151371 0.650581 0.163285 0.554693 0.505706 0.435684 0.813549 0.954206 0.693521 0.303806 0.652786 0.986121 0.766613 0.981361 
0.026433 0.983452 0.660039 0.646024 0.175313 0.378935 0.011411 0.281872 0.497832 0.260045 0.317507 0.840011 0.384784 0.586490 0.664843 0.241175 0.804983 0.628543 0.132880 0.169121 0.490490 0.955890 0.250061 0.091662 0.048533 
0.664479 0.139563 0.777951 0.240238 0.424337 0.194580 0.245695 0.554744 0.093004 0.210454 0.855089 0.710855 0.877115 0.497830 0.190714 0.405157 0.031065 0.032451 0.060319 0.934404 0.582867 0.134938 0.057556 0.908348 0.268495 
0.755128 0.022084 0.939133 0.775415 0.514416 0.677970 0.871106 0.840649 0.182298 0.251857 0.925670 0.459996 0.645060 0.084381 0.232810 0.675297 0.611809 0.359069 0.551945 0.441198 0.442368 0.051161 0.617568 0.032762 0.842924 
0.973403 0.211807 0.066237 0.255006 0.279385 0.393558 0.287024 0.972118 0.812968 0.610481 0.690624 0.296461 0.333123 0.856262 0.697719 0.665234 0.979934 0.641828 0.830791 0.711552 0.831436 0.544813 0.805628 0.588924 0.846693 
0.701658 0.064673 0.644687 0.123577 0.153311 0.284428 0.361839 0.439175 0.876762 0.624399 0.235495 0.003142 0.599797 0.685380 0.813030 0.935480 0.120894 0.487285 0.243164 0.951920 0.316245 0.773104 0.564915 0.180168 0.902162 
0.802054 0.120819 0.341822 0.006067 0.848108 0.494193 0.789289 0.950382 0.563215 0.744605 0.380730 0.761927 0.391169 0.283402 0.846452 0.132245 0.549996 0.481427 0.040767 0.173688 0.390728 0.127584 0.194546 0.098873 0.687984 
0.050553 0.344423 0.574730 0.598570 0.538409 0.769887 0.632219 0.474118 0.168978 0.986321 0.574812 0.082960 0.604861 0.511434 0.332743 0.008313 0.631379 0.459882 0.171202 0.156315 0.660473 0.417436 0.648403 0.156589 0.521206 
0.389617 0.813432 0.332627 0.840140 0.811687 0.842844 0.917544 0.145687 0.301023 0.773794 0.299323 0.658770 0.426787 0.957524 0.541166 0.094503 0.881626 0.230863 0.266312 0.238981 0.622262 0.710816 0.668586 0.848566 0.780734 
0.977943 0.247114 0.938728 0.114700 0.107649 0.511761 0.924063 0.636734 0.906671 0.792187 0.912266 0.344867 0.292628 0.745412 0.516588 0.152420 0.855800 0.385157 0.464917 0.338909 0.937453 0.869851 0.597664 0.445048 0.940736 
0.621936 0.391020 0.803500 0.880860 0.391924 0.810733 0.413588 0.542174 0.103553 0.576995 0.695788 0.366779 0.257345 0.694436 0.715458 0.479631 0.962083 0.747408 0.517352 0.828109 0.751769 0.468524 0.699546 0.596134 0.391558 
0.460784 0.168618 0.718389 0.148178 0.705379 0.275334 0.010305 0.033042 0.199367 0.220225 0.701251 0.477394 0.042552 0.983836 0.989752 0.939520 0.087909 0.959643 0.301081 0.606560 0.403326 0.869953 0.059757 0.201443 0.094272 
0.778772 0.898271 0.023483 0.169265 0.159463 0.428864 0.079389 0.906228 0.815911 0.999693 0.480661 0.487629 0.306750 0.039143 0.305579 0.531449 0.391887 0.350225 0.722042 0.334011 0.709505 0.285593 0.046088 0.662282 0.812176 
0.410821 0.615102 0.238500 0.880517 0.074993 0.021026 0.673518 0.186409 0.392910 0.066738 0.888850 0.866971 0.573916 0.805206 0.085014 0.677563 0.733310 0.419180 0.130511 0.097387 0.958876 0.090688 0.562495 0.636950 0.605665 
0.487132 0.646546 0.232971 0.981660 0.954998 0.617726 0.610631 0.142135 0.029921 0.243407 0.035916 0.421891 0.522261 0.640112 0.028307 0.265626 0.029148 0.148152 0.383160 0.962891 0.146452 0.691525 0.610344 0.491840 0.680857 
0.562656 0.529496 0.109937 0.385400 0.664746 0.748875 0.831856 0.154747 0.383491 0.124572 0.182568 0.329872 0.637180 0.209131 0.324865 0.799544 0.509600 0.921404 0.164596 0.206768 0.617339 0.258643 0.841383 0.454115 0.957107 
0.011080 0.070726 0.397775 0.463243 0.342344 0.307869 0.371317 0.162556 0.286889 0.169925 0.138110 0.908074 0.676961 0.265024 0.232631 0.863040 0.616668 0.195263 0.873664 0.250362 0.587114 0.261513 0.649786 0.528073 0.358228 
0.102520 0.913233 0.182387 0.539457 0.983048 0.639392 0.216324 0.473592 0.512471 0.840553 0.808458 0.168195 0.860337 0.159627 0.539790 0.167716 0.575437 0.806082 0.680236 0.744262 0.471007 0.302274 0.020556 0.036537 0.913323 
0.370651 0.700964 0.803954 0.793456 0.571149 0.726343 0.507720 0.576073 0.959842 0.641632 0.836079 0.631520 0.413958 0.808964 0.237160 0.149230 0.882117 0.094136 0.818252 0.552665 0.044581 0.075598 0.984120 0.129247 0.520911 
0.554999 0.884667 0.991961 0.163937 0.658973 0.069040 0.408145 0.004769 0.504564 0.725599 0.571200 0.635709 0.211556 0.885848 0.477006 0.921558 0.241470 0.149954 0.843172 0.982251 0.588079 0.206343 0.704354 0.652668 0.382895 

0.362769 0.558851 0.419363 0.993132 0.748852 0.393847 0.728457 0.911530 0.817864 0.268007 0.596278 0.763325 0.883884 0.785256 0.069335 0.109093 0.611703 0.550003 0.426008 0.612337 0.734833 0.128039 0.168012 0.500423 0.660684 
0.250947 0.819635 0.148993 0.695810 0.664391 0.822577 0.916351 0.171637 0.420291 0.037182 0.512854 0.495334 0.548870 0.409259 0.783912 0.548861 0.494311 0.166795 0.523708 0.195421 0.061377 0.915380 0.816510 0.235408 0.249099 
0.359214 0.420135 0.589960 0.026445 0.482481 0.691728 0.051752 0.828412 0.785248 0.076786 0.357956 0.621072 0.848372 0.137516 0.213498 0.164848 0.097452 0.063078 0.739332 0.496335 0.776159 0.855701 0.961200 0.826790 0.375853 
0.568361 0.224485 0.140994 0.714081 0.387627 0.082584 0.277811 0.495292 0.488935 0.937167 0.769398 0.095343 0.714325 0.639106 0.299825 0.258556 0.217085 0.775989 0.158097 0.038227 0.276302 0.028247 0.165837 0.781361 0.133827 
0.983110 0.950516 0.339770 0.613892 0.893147 0.535642 0.046941 0.857595 0.648691 0.069020 0.197691 0.556572 0.612395 0.139068 0.204057 0.830352 0.889476 0.288393 0.034023 0.782193 0.768836 0.590149 0.345316 0.544490 0.514854 
0.457664 0.975403 0.660663 0.355617 0.539182 0.525786 0.871231 0.570984 0.159979 0.508280 0.670802 0.739436 0.210034 0.677181 0.373936 0.378223 0.117822 0.545098 0.688596 0.515787 0.068058 0.124740 0.358037 0.220671 0.798921 
0.597449 0.748188 0.908713 0.565640 0.565763 0.656517 0.668724 0.212608 0.007027 0.950478 0.741333 0.562698 0.608308 0.881711 0.273874 0.326849 0.442533 0.275834 0.389279 0.011813 0.833091 0.326066 0.235068 0.789598 0.426136 
0.014286 0.467112 0.215550 0.071928 0.044154 0.582585 0.664320 0.007370 0.127173 0.275923 0.261539 0.714922 0.599339 0.069782 0.880935 0.385595 0.170301 0.718818 0.754237 0.815892 0.770163 0.876702 0.926793 0.119962 0.853811 
0.630181 0.870320 0.142877 0.676227 0.395303 0.409653 0.080625 0.299115 0.106502 0.265376 0.678939 0.314759 0.386507 0.473907 0.773702 0.843109 0.049919 0.770399 0.050489 0.555164 0.781689 0.869178 0.570352 0.870324 0.995379 
0.762414 0.241744 0.132919 0.960089 0.102573 0.316441 0.913919 0.794093 0.448193 0.281761 0.730581 0.767031 0.830557 0.286358 0.917077 0.909666 0.088075 0.059864 0.834050 0.467577 0.442190 0.783568 0.451315 0.845842 0.393452 
0.575171 0.053669 0.570721 0.939203 0.622342 0.339055 0.906662 0.118785 0.001293 0.379972 0.045503 0.644816 0.643199 0.687048 0.220213 0.574543 0.032191 0.173811 0.947040 0.851290 0.439618 0.392360 0.568474 0.770027 0.738505 
0.261047 0.446945 0.778273 0.053096 0.026810 0.704620 0.619069 0.105876 0.037324 0.509846 0.647105 0.775399 0.302743 0.707653 0.906176 0.011227 0.121442 0.201264 0.899965 0.511758 0.304042 0.497925 0.465202 0.068598 0.888950 
0.619793 0.505938 0.650204 0.359725 0.041410 0.915170 0.909669 0.659046 0.461034 0.164224 0.106687 0.182526 0.442393 0.339885 0.629806 0.763335 0.459865 0.015001 0.609532 0.418166 0.342064 0.484102 0.587071 0.395598 0.546817 
0.781228 0.997561 0.637058 0.962186 0.672794 0.875133 0.574119 0.231817 0.512260 0.204645 0.809867 0.957535 0.463085 0.955745 0.717365 0.231076 0.863300 0.223857 0.796825 0.628317 0.699958 0.595766 0.463123 0.208692 0.519252 
0.757317 0.823814 0.366076 0.507045 0.744857 0.783944 0.017570 0.827203 0.719448 0.609628 0.449954 0.865920 0.854483 0.658883 0.422147 0.762530 0.432538 0.137415 0.182934 0.607362 0.659124 0.907111 0.029424 0.550537 0.574259 
0.146594 0.700750 0.066686 0.458032 0.993039 0.782969 0.061015 0.300283 0.574781 0.599022 0.362337 0.910953 0.819774 0.080079 0.570728 0.573910 0.894652 0.256657 0.919582 0.219326 0.064528 0.114563 0.880701 0.849457 0.588577 
0.547472 0.190484 0.952732 0.294713 0.270790 0.660950 0.241346 0.954890 0.152338 0.727377 0.523239 0.309073 0.946192 0.755733 0.956542 0.837433 0.461967 0.886008 0.854454 0.269243 0.502406 0.649299 0.683724 0.893027 0.027911 
0.215572 0.464680 0.575831 0.758749 0.183017 0.053808 0.955037 0.080551 0.445449 0.941904 0.574240 0.864572 0.935539 0.212834 0.822873 0.430262 0.754412 0.405553 0.469254 0.865276 0.131196 0.895558 0.566985 0.507866 0.154966 
0.898851 0.250127 0.436368 0.065024 0.169424 0.711259 0.797839 0.574330 0.200725 0.321725 0.847442 0.414863 0.574853 0.964607 0.409434 0.902893 0.653700 0.189836 0.845583 0.842920 0.604455 0.901966 0.852541 0.520730 0.300346 
0.924111 0.937174 0.578557 0.958342 0.133695 0.720513 0.880264 0.461380 0.582134 0.930832 0.569794 0.827095 0.136382 0.766824 0.677987 0.199494 0.469731 0.389772 0.334918 0.930361 0.816474 0.972672 0.149078 0.745385 0.785556 
0.612348 0.828085 0.231299 0.360537 0.922296 0.261668 0.510625 0.124874 0.867885 0.075210 0.382302 0.152031 0.567846 0.331771 0.140002 0.026917 0.278724 0.733129 0.347765 0.008553 0.959049 0.436200 0.312433 0.738408 0.079284 
0.948746 0.906439 0.688923 0.183356 0.034945 0.969435 0.050524 0.718969 0.461089 0.455312 0.280667 0.402564 0.153421 0.896342 0.330894 0.992505 0.886716 0.990130 0.579687 0.437205 0.533815 0.378954 0.461887 0.147338 0.580569 
0.103429 0.788010 0.904097 0.642706 0.827410 0.427212 0.579337 0.522963 0.125186 0.935873 0.146757 0.493959 0.348323 0.052594 0.769095 0.277070 0.695810 0.402789 0.956818 0.331076 0.987751 0.806926 0.435271 0.744066 0.456378 
0.566438 0.549175 0.018711 0.735545 0.786794 0.092376 0.363051 0.277301 0.419969 0.305619 0.351785 0.880912 0.766097 0.948458 0.299665 0.563907 0.553990 0.587767 0.047168 0.413438 0.611500 0.257306 0.866268 0.575647 0.480127 
0.575602 0.177536 0.006276 0.790047 0.744849 0.771802 0.826718 0.402744 0.567874 0.854331 0.047986 0.268912 0.516528 0.795869 0.877643 0.394856 0.521655 0.931909 0.406454 0.122876 0.486231 0.353921 0.800484 0.946525 0.549865 

0.444389 0.603721 -0.897192 0.036816 -1.598443 -0.260299 -0.650758 -0.696346 -1.270163 1.014918 -0.158744 -1.004356 -1.106892 -1.035761 0.765167 -0.232517 -0.648624 -1.019309 0.198350 0.661270 -1.684080 -0.023067 1.640671 -1.275631 -0.521076 
-0.245515 -0.226719 0.344457 0.060872 -0.902152 0.155646 0.191975 0.521995 0.774415 1.567328 0.862575 -0.505696 -1.090820 -0.028901 -0.327159 -1.299206 0.698810 1.825696 0.409949 1.173109 0.602510 0.132835 -1.682930 -0.344916 1.311497 
1.250312 0.833468 -0.815749 1.259036 0.259496 -1.074568 0.590098 -0.362376 0.618791 1.280998 0.624458 -0.835578 -1.298148 0.458640 0.885775 0.292523 0.134253 1.593389 -1.299300 0.335792 -0.974797 -0.611296 -0.482579 -0.505840 -0.509247 
0.183347 -0.199479 1.571780 -1.040253 0.312020 0.503292 1.033896 -0.313311 -0.797535 0.031357 -0.408356 0.446232 -0.048189 -1.386648 0.116373 0.525136 -0.010505 0.534806 1.399818 1.899480 0.697939 1.074239 0.183361 -1.003012 0.489015 
-0.414593 -0.797161 0.331908 -0.107468 -1.680217 -0.830320 1.407148 -0.202991 0.536110 1.640399 0.713932 -0.725640 -0.525029 0.382177 -0.001736 -0.459714 -1.715999 0.850122 0.520641 -0.363557 -0.545814 0.124441 0.169522 -0.976812 -0.206180 
1.219849 2.069433 1.440507 1.334020 1.356890 1.537853 2.802451 1.850185 0.776174 1.012913 2.229284 1.310553 1.331930 1.436593 1.474552 1.248188 0.733490 1.945594 2.151628 1.511562 0.498227 0.799836 1.777944 1.188173 2.617431 
1.230683 2.192488 2.579390 1.655740 1.422305 1.857241 1.430768 0.245126 0.517335 2.251650 2.094369 2.229298 1.516507 2.381057 1.223041 1.327529 1.373256 1.315701 0.776369 0.155861 2.046818 1.490014 0.630183 1.462448 0.629950 
0.686471 0.909145 1.303322 0.213103 0.541394 1.297372 1.570389 0.651412 0.301851 0.640058 1.464394 2.051749 1.944386 0.783738 1.896917 1.519269 0.282062 1.390525 1.153408 2.511816 2.178044 1.981815 1.393007 0.724328 1.866066 
2.260712 1.878674 1.191093 2.097303 1.232519 1.607242 1.296714 1.301726 0.370679 0.265615 2.288088 1.324892 1.754608 0.748796 1.639669 2.292683 1.119764 1.969776 0.800224 1.167130 2.321516 1.873531 1.737279 1.715638 3.420210 
2.565075 0.660070 0.311145 2.115184 0.307199 0.787196 1.752729 2.681857 1.704115 1.465459 2.071400 1.714870 2.052573 1.802477 2.394948 2.556324 1.025327 0.787354 2.824304 1.598430 1.479970 1.721472 1.661815 2.537440 1.821042 
-2.292764 0.155213 -1.710882 -1.305108 -0.941710 -0.952511 -1.668614 -0.864969 -1.404446 -1.590267 -0.489910 -0.529577 -1.849196 -1.732763 -1.784459 -2.664795 -0.207030 -0.979619 -1.602784 -2.714343 -0.904875 -1.973689 -1.755758 -1.314600 -2.176465 
-1.668847 -0.524431 -1.408879 -0.226375 -1.933434 -1.647288 -2.317722 -2.128323 -1.047527 -1.801970 -1.525358 -1.980355 -1.393286 -1.397707 -2.532556 -0.173712 -1.020884 -1.090110 -1.067146 -0.564350 -1.107545 -0.787993 -0.739085 -0.021151 -2.219624 
-0.621357 -1.024419 -1.847620 -1.771444 -1.148182 -2.498629 -2.413539 -1.562961 -0.947364 -2.168174 -1.511515 -0.326017 -1.998584 -1.512250 -1.442462 -0.362717 -1.554873 -0.867879 -0.984641 -1.111190 -1.535621 -1.588566 -1.636167 -0.583029 -2.232445 
-1.480091 -2.467436 -1.315057 -2.707632 -2.421463 -2.393611 -2.126760 -0.550910 -1.099232 -1.580429 -1.550478 -2.713569 -1.478915 -2.947110 -1.650822 -0.705552 -2.541451 -0.640594 -1.460344 -1.231242 -1.790105 -2.055714 -1.767078 -1.757566 -2.383801 
-2.805004 -1.135136 -2.090805 -0.561318 -1.020949 -2.125919 -2.022874 -2.021260 -2.583002 -1.750206 -2.444594 -1.686239 -1.351473 -2.370854 -1.674266 -1.564846 -2.049201 -0.565134 -1.139554 -1.190963 -2.527660 -2.506394 -1.389069 -1.465998 -2.688452 
-0.349018 -0.565040 -1.017749 -0.857497 -0.150061 -0.574304 -0.610025 -0.466807 -0.225547 -0.712778 -1.016435 -0.187390 -0.066793 -0.846408 -0.516683 -0.374031 -0.663267 -1.110085 -0.535526 -0.870524 -0.920566 -0.418328 -0.509022 -0.161844 -0.179826 
-0.349494 -0.193527 -0.713616 -0.129273 -0.748257 -0.708451 0.026278 0.024443 -0.206263 -0.383394 -0.707475 -0.466244 -0.169316 -0.857559 -1.553859 -0.986625 -0.274011 -0.712684 0.015950 -0.412164 -0.360064 -1.218133 -0.461784 -0.112379 -0.183547 
-0.542503 -0.807878 0.134905 -0.080024 -0.165118 -0.392117 -0.154016 -0.954752 -1.043731 -1.158691 -0.154786 -0.555231 -0.753547 -0.071070 -0.117309 -0.842753 -0.464556 -0.430122 -0.615725 -0.400281 -0.354496 -0.274396 0.330880 -0.655890 -1.039680 
-0.097609 -0.428327 0.028822 -0.676441 0.273467 0.257544 -0.754554 -0.011119 -0.513250 0.016016 -1.008320 -0.918212 -0.734970 -0.793422 -0.392128 -0.632740 -0.881183 -0.442683 -0.010061 -0.218696 -1.052250 0.170044 -0.651591 -0.408000 -0.571441 
-0.738420 -0.686594 -0.052745 -1.094814 -0.804245 -0.466336 -0.606543 -0.166883 -0.015405 -0.055690 0.151062 -0.467860 -0.484629 -0.638700 -0.005703 -0.145296 -0.412844 -0.297505 -0.478757 -0.882972 -0.254861 -0.973783 -0.732156 -0.648754 -0.511200 
0.542218 0.887413 0.030595 0.361135 0.997098 0.362288 0.582394 0.229126 1.001807 0.478240 0.177197 0.150072 0.585866 0.214416 -0.179944 0.191155 0.469964 0.618400 0.128515 -0.015206 1.129557 0.975069 0.243563 0.582999 0.194006 
0.999690 0.813592 0.662081 0.441715 0.100447 1.017010 0.156517 0.788581 0.478249 0.412903 0.350516 0.264399 0.472579 0.657985 0.111293 1.064684 1.260691 0.945004 0.555221 0.384442 0.522715 0.310597 0.374363 0.048176 0.682518 
0.327404 0.744691 0.871052 0.765255 0.708799 0.165113 0.594071 0.403000 -0.035906 0.915596 -0.178254 0.573468 0.207959 -0.241411 0.658589 0.250930 0.256856 0.497243 1.185881 0.225740 0.664737 1.222187 0.573738 0.506544 0.144432 
0.604987 0.312243 -0.177000 0.667028 0.709400 0.440371 -0.003616 0.000850 0.240907 0.165325 0.299114 1.146883 0.569980 0.772708 0.162163 0.235283 0.456553 0.845285 -0.067056 0.469338 0.399498 0.071173 1.191670 0.524664 0.586370 
0.981587 0.113941 0.139928 0.774024 0.851332 1.042547 0.661682 0.704232 0.548605 0.571248 0.093282 -0.122223 0.370898 0.727344 0.826878 0.596801 0.470364 0.690981 0.222368 0.171706 0.431465 0.330207 1.114577 0.782931 0.540357 

0 0 0 0 0 0 0 0 0 0 0 0 0 0 0 0 0 0 0 0 0 0 0 0 0 
0 0 0 0 0 0 0 0 0 0 0 0 0 0 0 0 0 0 0 0 0 0 0 0 0 
0 0 0 0 0 0 0 0 0 0 0 0 0 0 0 0 0 0 0 0 0 0 0 0 0 
0 0 0 0 0 0 0 0 0 0 0 0 0 0 0 0 0 0 0 0 0 0 0 0 0 
0 0 0 0 0 0 0 0 0 0 0 0 0 0 0 0 0 0 0 0 0 0 0 0 0 
1 1 1 1 1 1 1 1 1 1 1 1 1 1 1 1 1 1 1 1 1 1 1 1 1 
1 1 1 1 1 1 1 1 1 1 1 1 1 1 1 1 1 1 1 1 1 1 1 1 1 
1 1 1 1 1 1 1 1 1 1 1 1 1 1 1 1 1 1 1 1 1 1 1 1 1 
1 1 1 1 1 1 1 1 1 1 1 1 1 1 1 1 1 1 1 1 1 1 1 1 1 
1 1 1 1 1 1 1 1 1 1 1 1 1 1 1 1 1 1 1 1 1 1 1 1 1 
2 2 2 2 2 2 2 2 2 2 2 2 2 2 2 2 2 2 2 2 2 2 2 2 2 
2 2 2 2 2 2 2 2 2 2 2 2 2 2 2 2 2 2 2 2 2 2 2 2 2 
2 2 2 2 2 2 2 2 2 2 2 2 2 2 2 2 2 2 2 2 2 2 2 2 2 
2 2 2 2 2 2 2 2 2 2 2 2 2 2 2 2 2 2 2 2 2 2 2 2 2 
2 2 2 2 2 2 2 2 2 2 2 2 2 2 2 2 2 2 2 2 2 2 2 2 2 
3 3 3 3 3 3 3 3 3 3 3 3 3 3 3 3 3 3 3 3 3 3 3 3 3 
3 3 3 3 3 3 3 3 3 3 3 3 3 3 3 3 3 3 3 3 3 3 3 3 3 
3 3 3 3 3 3 3 3 3 3 3 3 3 3 3 3 3 3 3 3 3 3 3 3 3 
3 3 3 3 3 3 3 3 3 3 3 3 3 3 3 3 3 3 3 3 3 3 3 3 3 
3 3 3 3 3 3 3 3 3 3 3 3 3 3 3 3 3 3 3 3 3 3 3 3 3 
4 4 4 4 4 4 4 4 4 4 4 4 4 4 4 4 4 4 4 4 4 4 4 4 4 
4 4 4 4 4 4 4 4 4 4 4 4 4 4 4 4 4 4 4 4 4 4 4 4 4 
4 4 4 4 4 4 4 4 4 4 4 4 4 4 4 4 4 4 4 4 4 4 4 4 4 
4 4 4 4 4 4 4 4 4 4 4 4 4 4 4 4 4 4 4 4 4 4 4 4 4 
4 4 4 4 4 4 4 4 4 4 4 4 4 4 4 4 4 4 4 4 4 4 4 4 4 

2.0 2.0 2.0 2.0 2.0 2.0 2.0 2.0 2.0 2.0 2.0 2.0 2.0 2.0 2.0 2.0 2.0 2.0 2.0 2.0 2.0 2.0 2.0 2.0 2.0 
2.0 2.0 2.0 2.0 2.0 2.0 2.0 2.0 2.0 2.0 2.0 2.0 2.0 2.0 2.0 2.0 2.0 2.0 2.0 2.0 2.0 2.0 2.0 2.0 2.0 
2.0 2.0 2.0 2.0 2.0 2.0 2.0 2.0 2.0 2.0 2.0 2.0 2.0 2.0 2.0 2.0 2.0 2.0 2.0 2.0 2.0 2.0 2.0 2.0 2.0 
2.0 2.0 2.0 2.0 2.0 2.0 2.0 2.0 2.0 2.0 2.0 2.0 2.0 2.0 2.0 2.0 2.0 2.0 2.0 2.0 2.0 2.0 2.0 2.0 2.0 
2.0 2.0 2.0 2.0 2.0 2.0 2.0 2.0 2.0 2.0 2.0 2.0 2.0 2.0 2.0 2.0 2.0 2.0 2.0 2.0 2.0 2.0 2.0 2.0 2.0 
1.0 1.0 1.0 1.0 1.0 1.0 1.0 1.0 1.0 1.0 1.0 1.0 1.0 1.0 1.0 1.0 1.0 1.0 1.0 1.0 1.0 1.0 1.0 1.0 1.0 
1.0 1.0 1.0 1.0 1.0 1.0 1.0 1.0 1.0 1.0 1.0 1.0 1.0 1.0 1.0 1.0 1.0 1.0 1.0 1.0 1.0 1.0 1.0 1.0 1.0 
1.0 1.0 1.0 1.0 1.0 1.0 1.0 1.0 1.0 1.0 1.0 1.0 1.0 1.0 1.0 1.0 1.0 1.0 1.0 1.0 1.0 1.0 1.0 1.0 1.0 
1.0 1.0 1.0 1.0 1.0 1.0 1.0 1.0 1.0 1.0 1.0 1.0 1.0 1.0 1.0 1.0 1.0 1.0 1.0 1.0 1.0 1.0 1.0 1.0 1.0 
1.0 1.0 1.0 1.0 1.0 1.0 1.0 1.0 1.0 1.0 1.0 1.0 1.0 1.0 1.0 1.0 1.0 1.0 1.0 1.0 1.0 1.0 1.0 1.0 1.0 
-2.0 -2.0 -2.0 -2.0 -2.0 -2.0 -2.0 -2.0 -2.0 -2.0 -2.0 -2.0 -2.0 -2.0 -2.0 -2.0 -2.0 -2.0 -2.0 -2.0 -2.0 -2.0 -2.0 -2.0 -2.0 
-2.0 -2.0 -2.0 -2.0 -2.0 -2.0 -2.0 -2.0 -2.0 -2.0 -2.0 -2.0 -2.0 -2.0 -2.0 -2.0 -2.0 -2.0 -2.0 -2.0 -2.0 -2.0 -2.0 -2.0 -2.0 
-2.0 -2.0 -2.0 -2.0 -2.0 -2.0 -2.0 -2.0 -2.0 -2.0 -2.0 -2.0 -2.0 -2.0 -2.0 -2.0 -2.0 -2.0 -2.0 -2.0 -2.0 -2.0 -2.0 -2.0 -2.0 
-2.0 -2.0 -2.0 -2.0 -2.0 -2.0 -2.0 -2.0 -2.0 -2.0 -2.0 -2.0 -2.0 -2.0 -2.0 -2.0 -2.0 -2.0 -2.0 -2.0 -2.0 -2.0 -2.0 -2.0 -2.0 
-2.0 -2.0 -2.0 -2.0 -2.0 -2.0 -2.0 -2.0 -2.0 -2.0 -2.0 -2.0 -2.0 -2.0 -2.0 -2.0 -2.0 -2.0 -2.0 -2.0 -2.0 -2.0 -2.0 -2.0 -2.0 
-1.0 -1.0 -1.0 -1.0 -1.0 -1.0 -1.0 -1.0 -1.0 -1.0 -1.0 -1.0 -1.0 -1.0 -1.0 -1.0 -1.0 -1.0 -1.0 -1.0 -1.0 -1.0 -1.0 -1.0 -1.0 
-1.0 -1.0 -1.0 -1.0 -1.0 -1.0 -1.0 -1.0 -1.0 -1.0 -1.0 -1.0 -1.0 -1.0 -1.0 -1.0 -1.0 -1.0 -1.0 -1.0 -1.0 -1.0 -1.0 -1.0 -1.0 
-1.0 -1.0 -1.0 -1.0 -1.0 -1.0 -1.0 -1.0 -1.0 -1.0 -1.0 -1.0 -1.0 -1.0 -1.0 -1.0 -1.0 -1.0 -1.0 -1.0 -1.0 -1.0 -1.0 -1.0 -1.0 
-1.0 -1.0 -1.0 -1.0 -1.0 -1.0 -1.0 -1.0 -1.0 -1.0 -1.0 -1.0 -1.0 -1.0 -1.0 -1.0 -1.0 -1.0 -1.0 -1.0 -1.0 -1.0 -1.0 -1.0 -1.0 
-1.0 -1.0 -1.0 -1.0 -1.0 -1.0 -1.0 -1.0 -1.0 -1.0 -1.0 -1.0 -1.0 -1.0 -1.0 -1.0 -1.0 -1.0 -1.0 -1.0 -1.0 -1.0 -1.0 -1.0 -1.0 
0.0 0.0 0.0 0.0 0.0 0.0 0.0 0.0 0.0 0.0 0.0 0.0 0.0 0.0 0.0 0.0 0.0 0.0 0.0 0.0 0.0 0.0 0.0 0.0 0.0 
0.0 0.0 0.0 0.0 0.0 0.0 0.0 0.0 0.0 0.0 0.0 0.0 0.0 0.0 0.0 0.0 0.0 0.0 0.0 0.0 0.0 0.0 0.0 0.0 0.0 
0.0 0.0 0.0 0.0 0.0 0.0 0.0 0.0 0.0 0.0 0.0 0.0 0.0 0.0 0.0 0.0 0.0 0.0 0.0 0.0 0.0 0.0 0.0 0.0 0.0 
0.0 0.0 0.0 0.0 0.0 0.0 0.0 0.0 0.0 0.0 0.0 0.0 0.0 0.0 0.0 0.0 0.0 0.0 0.0 0.0 0.0 0.0 0.0 0.0 0.0 
0.0 0.0 0.0 0.0 0.0 0.0 0.0 0.0 0.0 0.0 0.0 0.0 0.0 0.0 0.0 0.0 0.0 0.0 0.0 0.0 0.0 0.0 0.0 0.0 0.0 

-2.0 -2.0 -2.0 -2.0 -2.0 -2.0 -2.0 -2.0 -2.0 -2.0 -2.0 -2.0 -2.0 -2.0 -2.0 -2.0 -2.0 -2.0 -2.0 -2.0 -2.0 -2.0 -2.0 -2.0 -2.0 
-2.0 -2.0 -2.0 -2.0 -2.0 -2.0 -2.0 -2.0 -2.0 -2.0 -2.0 -2.0 -2.0 -2.0 -2.0 -2.0 -2.0 -2.0 -2.0 -2.0 -2.0 -2.0 -2.0 -2.0 -2.0 
-2.0 -2.0 -2.0 -2.0 -2.0 -2.0 -2.0 -2.0 -2.0 -2.0 -2.0 -2.0 -2.0 -2.0 -2.0 -2.0 -2.0 -2.0 -2.0 -2.0 -2.0 -2.0 -2.0 -2.0 -2.0 
-2.0 -2.0 -2.0 -2.0 -2.0 -2.0 -2.0 -2.0 -2.0 -2.0 -2.0 -2.0 -2.0 -2.0 -2.0 -2.0 -2.0 -2.0 -2.0 -2.0 -2.0 -2.0 -2.0 -2.0 -2.0 
-2.0 -2.0 -2.0 -2.0 -2.0 -2.0 -2.0 -2.0 -2.0 -2.0 -2.0 -2.0 -2.0 -2.0 -2.0 -2.0 -2.0 -2.0 -2.0 -2.0 -2.0 -2.0 -2.0 -2.0 -2.0 
2.0 2.0 2.0 2.0 2.0 2.0 2.0 2.0 2.0 2.0 2.0 2.0 2.0 2.0 2.0 2.0 2.0 2.0 2.0 2.0 2.0 2.0 2.0 2.0 2.0 
2.0 2.0 2.0 2.0 2.0 2.0 2.0 2.0 2.0 2.0 2.0 2.0 2.0 2.0 2.0 2.0 2.0 2.0 2.0 2.0 2.0 2.0 2.0 2.0 2.0 
2.0 2.0 2.0 2.0 2.0 2.0 2.0 2.0 2.0 2.0 2.0 2.0 2.0 2.0 2.0 2.0 2.0 2.0 2.0 2.0 2.0 2.0 2.0 2.0 2.0 
2.0 2.0 2.0 2.0 2.0 2.0 2.0 2.0 2.0 2.0 2.0 2.0 2.0 2.0 2.0 2.0 2.0 2.0 2.0 2.0 2.0 2.0 2.0 2.0 2.0 
2.0 2.0 2.0 2.0 2.0 2.0 2.0 2.0 2.0 2.0 2.0 2.0 2.0 2.0 2.0 2.0 2.0 2.0 2.0 2.0 2.0 2.0 2.0 2.0 2.0 
-1.0 -1.0 -1.0 -1.0 -1.0 -1.0 -1.0 -1.0 -1.0 -1.0 -1.0 -1.0 -1.0 -1.0 -1.0 -1.0 -1.0 -1.0 -1.0 -1.0 -1.0 -1.0 -1.0 -1.0 -1.0 
-1.0 -1.0 -1.0 -1.0 -1.0 -1.0 -1.0 -1.0 -1.0 -1.0 -1.0 -1.0 -1.0 -1.0 -1.0 -1.0 -1.0 -1.0 -1.0 -1.0 -1.0 -1.0 -1.0 -1.0 -1.0 
-1.0 -1.0 -1.0 -1.0 -1.0 -1.0 -1.0 -1.0 -1.0 -1.0 -1.0 -1.0 -1.0 -1.0 -1.0 -1.0 -1.0 -1.0 -1.0 -1.0 -1.0 -1.0 -1.0 -1.0 -1.0 
-1.0 -1.0 -1.0 -1.0 -1.0 -1.0 -1.0 -1.0 -1.0 -1.0 -1.0 -1.0 -1.0 -1.0 -1.0 -1.0 -1.0 -1.0 -1.0 -1.0 -1.0 -1.0 -1.0 -1.0 -1.0 
-1.0 -1.0 -1.0 -1.0 -1.0 -1.0 -1.0 -1.0 -1.0 -1.0 -1.0 -1.0 -1.0 -1.0 -1.0 -1.0 -1.0 -1.0 -1.0 -1.0 -1.0 -1.0 -1.0 -1.0 -1.0 
0.0 0.0 0.0 0.0 0.0 0.0 0.0 0.0 0.0 0.0 0.0 0.0 0.0 0.0 0.0 0.0 0.0 0.0 0.0 0.0 0.0 0.0 0.0 0.0 0.0 
0.0 0.0 0.0 0.0 0.0 0.0 0.0 0.0 0.0 0.0 0.0 0.0 0.0 0.0 0.0 0.0 0.0 0.0 0.0 0.0 0.0 0.0 0.0 0.0 0.0 
0.0 0.0 0.0 0.0 0.0 0.0 0.0 0.0 0.0 0.0 0.0 0.0 0.0 0.0 0.0 0.0 0.0 0.0 0.0 0.0 0.0 0.0 0.0 0.0 0.0 
0.0 0.0 0.0 0.0 0.0 0.0 0.0 0.0 0.0 0.0 0.0 0.0 0.0 0.0 0.0 0.0 0.0 0.0 0.0 0.0 0.0 0.0 0.0 0.0 0.0 
0.0 0.0 0.0 0.0 0.0 0.0 0.0 0.0 0.0 0.0 0.0 0.0 0.0 0.0 0.0 0.0 0.0 0.0 0.0 0.0 0.0 0.0 0.0 0.0 0.0 
1.0 1.0 1.0 1.0 1.0 1.0 1.0 1.0 1.0 1.0 1.0 1.0 1.0 1.0 1.0 1.0 1.0 1.0 1.0 1.0 1.0 1.0 1.0 1.0 1.0 
1.0 1.0 1.0 1.0 1.0 1.0 1.0 1.0 1.0 1.0 1.0 1.0 1.0 1.0 1.0 1.0 1.0 1.0 1.0 1.0 1.0 1.0 1.0 1.0 1.0 
1.0 1.0 1.0 1.0 1.0 1.0 1.0 1.0 1.0 1.0 1.0 1.0 1.0 1.0 1.0 1.0 1.0 1.0 1.0 1.0 1.0 1.0 1.0 1.0 1.0 
1.0 1.0 1.0 1.0 1.0 1.0 1.0 1.0 1.0 1.0 1.0 1.0 1.0 1.0 1.0 1.0 1.0 1.0 1.0 1.0 1.0 1.0 1.0 1.0 1.0 
1.0 1.0 1.0 1.0 1.0 1.0 1.0 1.0 1.0 1.0 1.0 1.0 1.0 1.0 1.0 1.0 1.0 1.0 1.0 1.0 1.0 1.0 1.0 1.0 1.0 

