0.589000 0.642447 0.850478 0.996007 0.982686 0.371676 0.937313 0.234978 0.858952 0.022924 0.720981 0.480511 0.521442 0.551406 0.867816 0.327340 0.031860 0.679673 0.735192 0.905543 0.797553 0.141966 0.717862 0.783000 0.861554 
0.182638 0.809722 0.668729 0.606194 0.227640 0.381250 0.051521 0.668833 0.661601 0.089755 0.790008 0.622626 0.766375 0.051663 0.552537 0.167803 0.758264 0.681689 0.019017 0.275866 0.421762 0.557101 0.151646 0.614097 0.766521 
0.680647 0.164857 0.086906 0.256385 0.788095 0.003697 0.041137 0.451063 0.177558 0.915678 0.022157 0.756811 0.304833 0.917270 0.389408 0.127606 0.261170 0.783027 0.921691 0.215791 0.990479 0.146823 0.304446 0.540382 0.183001 
0.432451 0.377798 0.839233 0.014312 0.027779 0.301847 0.762077 0.678457 0.069478 0.276508 0.892590 0.269024 0.706686 0.479592 0.612055 0.303838 0.252318 0.117016 0.677665 0.360353 0.026318 0.404912 0.100900 0.115942 0.982680 
0.139079 0.215043 0.005976 0.048552 0.583341 0.862962 0.261012 0.790451 0.472120 0.192615 0.888736 0.877181 0.755016 0.368274 0.386607 0.652277 0.620670 0.451685 0.561458 0.637744 0.842779 0.954297 0.235408 0.511362 0.879332 
0.679658 0.073123 0.581202 0.775295 0.735503 0.662443 0.231488 0.277360 0.044080 0.660845 0.255161 0.318283 0.744206 0.062044 0.752006 0.599115 0.712598 0.631584 0.975131 0.599905 0.152166 0.177027 0.111120 0.167208 0.419119 
0.507510 0.553138 0.302486 0.669515 0.355445 0.571447 0.908170 0.174911 0.959218 0.084195 0.049997 0.400218 0.065974 0.643342 0.069090 0.279842 0.332329 0.084686 0.530186 0.340140 0.991257 0.834921 0.265796 0.796106 0.106017 
0.912719 0.903212 0.755882 0.046264 0.327755 0.435042 0.756557 0.030221 0.886970 0.009609 0.593922 0.113755 0.807365 0.768764 0.816717 0.442337 0.266814 0.523906 0.150554 0.401936 0.410747 0.827719 0.061531 0.830136 0.509674 
0.007547 0.118802 0.030621 0.845845 0.889239 0.770840 0.248729 0.870798 0.480226 0.322808 0.693630 0.942359 0.246202 0.713338 0.499110 0.968339 0.928569 0.181466 0.961198 0.122538 0.476270 0.981281 0.004811 0.770607 0.860264 
0.403281 0.307486 0.620784 0.457949 0.704876 0.015446 0.309887 0.741124 0.369703 0.573075 0.814925 0.472714 0.178546 0.621464 0.224881 0.774297 0.019839 0.087964 0.743884 0.859451 0.017455 0.926796 0.389488 0.375909 0.204026 
0.631827 0.103384 0.572139 0.829013 0.777859 0.778743 0.539481 0.640265 0.428309 0.681989 0.861347 0.098852 0.424886 0.565942 0.263054 0.961485 0.795205 0.390298 0.388676 0.905521 0.408287 0.711907 0.570623 0.515499 0.562958 
0.330376 0.482588 0.191478 0.699427 0.278673 0.096828 0.837772 0.568441 0.847952 0.209524 0.375549 0.396800 0.158038 0.815455 0.530408 0.003774 0.934010 0.158009 0.088104 0.143350 0.830910 0.208973 0.752144 0.581440 0.450259 
0.790165 0.216764 0.001630 0.069268 0.798162 0.421324 0.028360 0.102072 0.804437 0.083217 0.270118 0.535469 0.721840 0.341710 0.567389 0.161819 0.202262 0.957026 0.633576 0.422259 0.509259 0.324515 0.297052 0.543622 0.961627 
0.962233 0.871572 0.599780 0.366395 0.381778 0.893940 0.775783 0.309150 0.127084 0.307624 0.215561 0.867270 0.935235 0.337258 0.780789 0.778235 0.757425 0.621455 0.056119 0.783905 0.789138 0.893567 0.736811 0.755212 0.170805 
0.212521 0.147133 0.170953 0.808250 0.897333 0.909865 0.164538 0.714577 0.354522 0.925606 0.477780 0.044186 0.770321 0.938928 0.217319 0.412638 0.242383 0.918981 0.003266 0.588060 0.104354 0.566431 0.438699 0.482625 0.837783 
0.120549 0.282217 0.393822 0.247949 0.084175 0.138663 0.282251 0.558199 0.522909 0.875554 0.132740 0.651426 0.542409 0.653113 0.244847 0.557130 0.543022 0.585308 0.446928 0.166420 0.142981 0.608513 0.069035 0.283282 0.803516 
0.343228 0.396696 0.973652 0.167133 0.822628 0.957709 0.196708 0.909421 0.761646 0.723302 0.583171 0.479080 0.769358 0.938502 0.439243 0.385395 0.913681 0.832933 0.037016 0.714520 0.701372 0.689490 0.883344 0.025788 0.504296 
0.996896 0.476685 0.921817 0.013121 0.356309 0.552102 0.849330 0.694395 0.975099 0.932687 0.798198 0.951196 0.926247 0.102029 0.655999 0.480284 0.938731 0.206852 0.498619 0.623035 0.500667 0.436043 0.317361 0.474971 0.472849 
0.213790 0.647707 0.988216 0.972364 0.084033 0.125778 0.804892 0.712683 0.105004 0.094464 0.437396 0.980690 0.796937 0.364517 0.613814 0.805768 0.096371 0.722079 0.364003 0.930212 0.035034 0.916789 0.825150 0.978321 0.268776 
0.394136 0.592454 0.728520 0.677415 0.165692 0.717194 0.527420 0.464130 0.327338 0.867597 0.300258 0.358427 0.161911 0.615537 0.328061 0.450265 0.336803 0.227136 0.008912 0.181604 0.406412 0.316448 0.392915 0.264459 0.796597 
0.551191 0.039864 0.744905 0.337302 0.474781 0.270061 0.332067 0.545284 0.133793 0.507584 0.435143 0.639005 0.052045 0.370036 0.894041 0.452375 0.667478 0.578296 0.151796 0.686845 0.959713 0.934901 0.737556 0.085646 0.673048 
0.340154 0.130718 0.297233 0.290410 0.162087 0.255383 0.305548 0.025766 0.301604 0.331274 0.678921 0.378446 0.621253 0.254578 0.017108 0.993014 0.173089 0.888812 0.030852 0.750130 0.035293 0.682760 0.259252 0.408209 0.711146 
0.220483 0.175592 0.687809 0.588689 0.635673 0.313701 0.332435 0.400201 0.144745 0.561470 0.437021 0.965214 0.756117 0.476980 0.638221 0.100112 0.707395 0.324026 0.092890 0.035743 0.870805 0.907428 0.796695 0.341141 0.950442 
0.168148 0.810809 0.247815 0.240108 0.629696 0.575965 0.154282 0.891350 0.510693 0.277892 0.255391 0.559542 0.621231 0.418152 0.835272 0.281216 0.056293 0.997253 0.723642 0.249991 0.503957 0.516951 0.398658 0.688210 0.567646 
0.282917 0.573290 0.560329 0.021772 0.659984 0.612443 0.468341 0.124656 0.631415 0.118080 0.650518 0.150721 0.626504 0.841108 0.060856 0.607012 0.073289 0.466849 0.649588 0.982144 0.602117 0.415263 0.138432 0.127014 0.586393 

0.813074 0.436191 0.502444 0.803679 0.097296 0.566398 0.479939 0.296186 0.610863 0.124111 0.660274 0.197274 0.890861 0.823850 0.482320 0.770936 0.673002 0.772089 0.039495 0.641864 0.347417 0.014779 0.578287 0.635631 0.360104 
0.648929 0.878918 0.620256 0.894000 0.299146 0.072492 0.232179 0.798812 0.122418 0.261771 0.715500 0.875975 0.635718 0.627077 0.234563 0.805105 0.516207 0.899269 0.486241 0.593312 0.513886 0.283031 0.118173 0.805877 0.882073 
0.521762 0.657574 0.303095 0.497228 0.971210 0.708160 0.314057 0.033293 0.349217 0.166593 0.048303 0.468076 0.177299 0.476344 0.578764 0.916454 0.029501 0.264904 0.968561 0.633645 0.093692 0.977930 0.430879 0.323718 0.933906 
0.822801 0.006137 0.899910 0.796968 0.166202 0.037559 0.607610 0.415792 0.661050 0.028447 0.861915 0.282779 0.479789 0.089006 0.941982 0.843001 0.079319 0.542899 0.369446 0.652302 0.788188 0.961263 0.382620 0.064661 0.016086 
0.989633 0.178211 0.984343 0.105275 0.237323 0.001530 0.511565 0.360260 0.775058 0.051704 0.846792 0.499845 0.596395 0.555875 0.381427 0.283732 0.408081 0.330542 0.683626 0.259442 0.768051 0.347139 0.515415 0.234059 0.498109 
0.445921 0.400948 0.638420 0.388283 0.512451 0.300977 0.334530 0.187787 0.376443 0.273543 0.416348 0.088973 0.612639 0.052486 0.423983 0.766634 0.663967 0.039401 0.227910 0.835309 0.494852 0.123916 0.953201 0.210701 0.518865 
0.782052 0.434160 0.713997 0.303917 0.191994 0.328992 0.004132 0.980632 0.348390 0.714344 0.495926 0.723019 0.416978 0.301416 0.087783 0.100690 0.234807 0.029079 0.781549 0.766364 0.892554 0.180096 0.147207 0.708469 0.393851 
0.627431 0.590189 0.487158 0.947655 0.619061 0.206150 0.967931 0.435584 0.503267 0.566254 0.572123 0.317666 0.904238 0.076469 0.314224 0.974918 0.077370 0.424485 0.833226 0.962968 0.504393 0.663514 0.646701 0.277161 0.647159 
0.191076 0.560115 0.933007 0.369862 0.255916 0.430921 0.527632 0.084297 0.025564 0.278536 0.376440 0.159396 0.765935 0.983402 0.122427 0.424523 0.734093 0.321466 0.653188 0.762311 0.423471 0.879817 0.109444 0.663880 0.964025 
0.493645 0.845520 0.604398 0.041347 0.457859 0.874514 0.287197 0.774457 0.048987 0.261438 0.435593 0.596217 0.539714 0.854701 0.577532 0.262729 0.898066 0.393641 0.290991 0.379361 0.035642 0.690415 0.841035 0.238460 0.030507 
0.502047 0.963956 0.725398 0.286962 0.091168 0.477891 0.160480 0.707027 0.307506 0.712972 0.383012 0.777219 0.015339 0.107292 0.596499 0.758512 0.411405 0.800649 0.309608 0.904377 0.100790 0.114001 0.621151 0.913029 0.675960 
0.278328 0.158759 0.874442 0.514621 0.968473 0.064912 0.283551 0.645820 0.849909 0.386531 0.063404 0.560179 0.735497 0.225236 0.320687 0.513130 0.719483 0.191615 0.542609 0.857251 0.354274 0.510788 0.660286 0.382035 0.172918 
0.917929 0.908026 0.600530 0.970375 0.202698 0.209487 0.624983 0.693953 0.562708 0.945367 0.863835 0.632434 0.639838 0.567539 0.349401 0.284013 0.393374 0.784708 0.160459 0.435775 0.844433 0.723644 0.674367 0.111539 0.191822 
0.506293 0.435110 0.498727 0.301897 0.905076 0.468715 0.235549 0.450068 0.658189 0.073422 0.929689 0.226174 0.875174 0.961650 0.553206 0.589356 0.465962 0.189211 0.897999 0.990437 0.233820 0.969952 0.010642 0.803829 0.721380 
0.973035 0.974356 0.203357 0.187369 0.215671 0.179113 0.980943 0.554267 0.290496 0.568315 0.311738 0.253607 0.034619 0.292585 0.144636 0.270865 0.869208 0.410439 0.479452 0.444654 0.510610 0.615849 0.375629 0.706499 0.999446 
0.506072 0.748729 0.214117 0.532141 0.697681 0.307362 0.751841 0.923808 0.950089 0.061167 0.838956 0.106315 0.583512 0.543949 0.568164 0.678589 0.868643 0.779734 0.148447 0.726188 0.249361 0.115880 0.696466 0.436753 0.020085 
0.777526 0.383313 0.877566 0.734106 0.416713 0.571013 0.322300 0.159013 0.361497 0.420581 0.368662 0.143712 0.576620 0.139470 0.905580 0.930036 0.876384 0.033570 0.122058 0.402291 0.728292 0.740189 0.616393 0.844710 0.952244 
0.297279 0.939691 0.946826 0.597048 0.261411 0.959162 0.360911 0.691700 0.958522 0.146286 0.184513 0.737782 0.574274 0.629281 0.380064 0.542794 0.308582 0.503615 0.355155 0.798534 0.861642 0.600036 0.326981 0.410685 0.610042 
0.057331 0.580902 0.108438 0.256379 0.308831 0.949759 0.701488 0.633411 0.583816 0.924420 0.793155 0.447543 0.445923 0.074710 0.471372 0.764545 0.385506 0.138241 0.092456 0.032348 0.334203 0.131180 0.391107 0.352660 0.842005 
0.561060 0.413224 0.938060 0.440840 0.862975 0.970720 0.618652 0.661942 0.569910 0.382832 0.758355 0.827309 0.758862 0.632072 0.650958 0.678837 0.365912 0.787097 0.622653 0.703163 0.529696 0.239317 0.732232 0.936707 0.204276 
0.255123 0.776610 0.206947 0.040575 0.310343 0.410028 0.751345 0.539478 0.664138 0.510990 0.606249 0.376364 0.298301 0.635223 0.928057 0.053490 0.430702 0.957077 0.153865 0.330223 0.881751 0.126954 0.743932 0.328034 0.891744 
0.953254 0.211370 0.033155 0.491277 0.904493 0.174883 0.209399 0.281116 0.367176 0.003026 0.392273 0.244940 0.113338 0.232235 0.115133 0.875451 0.745706 0.668787 0.843839 0.138103 0.244904 0.774223 0.309885 0.595405 0.205229 
0.187902 0.289343 0.961641 0.509455 0.001177 0.517854 0.916021 0.521340 0.786227 0.524990 0.717806 0.927880 0.291677 0.445089 0.301983 0.740640 0.805671 0.377124 0.456162 0.030329 0.385309 0.093980 0.981947 0.933118 0.906211 
0.235063 0.382287 0.870209 0.269640 0.960050 0.792629 0.018243 0.695449 0.152565 0.280826 0.843674 0.684494 0.662339 0.224781 0.182230 0.327059 0.963302 0.463758 0.095935 0.565043 0.688997 0.355049 0.041543 0.223194 0.684160 
0.287531 0.756090 0.448277 0.612433 0.719367 0.209968 0.977513 0.329381 0.233941 0.778450 0.362596 0.091214 0.487087 0.487612 0.643689 0.463533 0.109311 0.003699 0.583096 0.037860 0.499493 0.242589 0.383115 0.268641 0.330492 

-0.099455 0.166835 -0.092024 -0.040661 0.322208 -0.164490 0.508183 0.155298 -0.071595 0.054825 -0.088630 0.313774 -0.185419 0.088142 -0.038086 0.027981 -0.024859 0.130454 0.334308 0.396160 0.050650 0.154406 -0.226473 -0.223129 0.132196 
-0.091279 0.108445 0.261340 0.026890 0.251883 0.402179 -0.019618 -0.271613 -0.520466 -0.036544 -0.127004 -0.155240 -0.457015 0.029631 0.050737 -0.158548 0.003007 -0.235313 0.169776 -0.013012 -0.009273 0.430199 -0.028809 0.012110 0.075598 
-0.093116 0.149977 0.091186 -0.266470 0.204369 -0.005418 0.128045 -0.021789 -0.393479 -0.174896 0.264285 -0.101314 -0.058744 0.223993 -0.114050 -0.234300 0.104930 0.037399 -0.006840 -0.107244 -0.235431 0.055460 -0.083627 -0.239752 -0.168498 
0.103818 -0.112533 -0.244964 0.133284 0.437619 -0.319744 0.015075 0.483655 0.480949 0.450746 0.172533 -0.019444 -0.217548 -0.018738 -0.109650 0.263406 -0.234907 -0.022326 0.003689 0.182074 0.160456 0.286608 0.264696 -0.171382 0.092309 
0.203441 0.084955 -0.177483 -0.064663 -0.053717 -0.408301 -0.200806 -0.193181 -0.312138 0.056787 0.093963 0.066184 0.161207 0.024737 0.253454 -0.148485 0.045861 -0.205349 -0.320585 -0.156775 -0.110236 -0.055811 0.089759 0.090887 -0.001125 
-0.208376 -0.757491 -0.781286 -0.345369 -0.454159 0.303155 -0.337129 -0.212281 -0.866612 0.448236 -0.444361 -0.246928 -0.734326 -0.321416 -0.269777 -0.832914 -0.590127 0.309668 0.415496 -1.050782 -1.334278 -0.415958 -1.563193 -0.406753 -0.560790 
-1.125655 -0.224640 -1.363789 -0.156586 -0.218374 -0.133118 0.713384 -1.408067 -0.067022 -1.314347 -1.194886 -1.126667 -0.735975 -0.001378 0.251034 0.158831 -0.405073 0.009898 -1.149460 -1.073162 -0.616717 0.423637 -0.192470 -0.871946 -0.572702 
-0.648255 -0.349798 0.069105 -1.682781 -1.053383 -0.340319 -1.528031 -0.678244 -0.408390 -1.234428 -0.328118 -0.586961 -1.049227 0.868869 0.066764 -1.463289 0.102819 -0.041737 -1.435927 -1.854267 -0.629020 -0.399365 -1.270399 0.327636 -0.675823 
-0.059955 -1.046148 -1.993623 -0.248802 0.453271 -0.150214 -0.447019 0.336829 0.303209 -0.106776 -0.259446 0.470585 -1.432126 -1.553445 0.370522 0.330141 -0.787885 -0.440276 -0.117050 -1.578678 -0.662153 -0.676591 -0.266703 -0.539875 -1.255509 
-0.391166 -2.027079 -0.693396 0.418388 -0.495521 -1.869083 -0.256881 -0.644936 0.322679 0.188293 -0.297576 -0.463841 -1.068359 -0.890999 -0.812014 0.107321 -1.586546 -0.922723 -0.050184 -0.105536 -0.011612 -0.434214 -1.247938 -0.026744 0.697409 
0.269694 0.705176 0.032408 -0.532234 -0.509424 -0.228415 -0.431551 0.389935 0.088393 -0.076283 -0.646242 0.574691 -0.195604 -0.600087 0.072305 0.163143 -0.290193 0.475556 -0.082480 -0.058098 -0.483583 -0.574701 0.395552 0.587929 0.183185 
0.025920 -0.450283 0.925190 -0.425748 0.929624 -0.124235 -0.671109 0.260776 0.001326 -0.076974 -0.360146 0.347729 0.846371 -0.679628 0.030995 0.745344 -0.125770 -0.124951 0.568290 0.620763 -0.517345 0.134433 -0.155361 -0.457475 -0.200436 
0.234531 1.082455 0.614725 0.809990 -0.430162 0.074664 0.796754 0.941503 -0.250692 0.671085 0.772426 0.226708 -0.246109 0.310143 -0.068161 0.270190 0.191055 -0.210162 -0.512968 -0.261693 0.447545 0.027494 0.150638 -0.425403 -0.460308 
-0.362350 -0.260663 -0.191890 -0.291413 0.484579 -0.495963 -0.236878 0.377093 0.562537 -0.054084 0.850919 -0.366231 -0.345325 0.366876 -0.116552 -0.009176 -0.744270 -0.412532 0.719621 0.476065 -0.303670 -0.018977 -0.594085 -0.016913 0.580934 
1.057674 0.781871 0.039229 -0.691053 -0.773523 -0.885081 0.852224 -0.253756 -0.203562 -0.346737 -0.140006 0.347349 -0.830613 -0.714526 0.285715 -0.225730 0.554445 -0.616252 0.337180 0.044620 0.565739 0.078401 -0.300325 0.336775 -0.166359 
1.236170 1.991944 1.102486 1.464147 1.962648 0.932663 1.872460 2.895797 2.973527 1.701929 2.020200 1.971022 2.210091 2.404298 1.264328 2.594267 2.751378 2.676442 1.107364 1.634396 0.720327 1.469505 1.414690 1.494132 1.773123 
1.831880 1.804741 3.901018 1.267390 2.308333 2.841622 1.240587 2.124004 2.391823 2.198344 1.870782 0.976530 2.833730 2.201011 2.762843 2.682773 3.624810 1.498075 0.345745 2.110298 2.841402 3.024863 2.865556 1.993937 3.117044 
2.764201 2.958278 3.632022 0.958294 1.299939 3.127728 2.367743 2.398357 4.119304 2.082498 1.714817 3.557407 3.002291 1.459455 1.922029 2.074305 2.269519 1.545846 1.668870 2.721295 2.650444 1.710705 1.345748 1.385333 2.427233 
0.447404 2.680090 2.061544 2.409291 1.005991 2.156218 3.205686 2.649381 1.373556 2.195307 2.410427 2.650777 2.721194 0.868802 2.208536 2.901555 0.606698 1.695458 0.861055 2.028461 0.853040 2.505778 2.587338 2.761781 1.948984 
2.126499 1.808005 3.231661 2.226563 2.425061 3.517348 2.168586 1.917668 1.846714 2.841621 2.026331 2.464794 1.588228 2.507122 1.385760 1.980482 1.159214 1.934245 0.852120 1.789926 1.795231 1.390538 2.026490 2.267554 2.303096 
-1.267102 -1.252893 -1.554450 -0.471602 -1.243801 -0.799793 -1.577144 -1.637288 -1.016976 -1.532369 -1.679416 -1.476947 -0.363651 -1.381374 -2.820823 -1.137321 -1.655296 -1.969769 -0.228042 -1.674054 -3.043198 -2.220374 -2.601517 -0.769996 -2.069703 
-1.324171 -0.431693 -0.620228 -0.849971 -1.353347 -1.086001 -0.844554 -0.372313 -0.842502 -0.426501 -1.872812 -1.144977 -1.271837 -0.841286 -0.601208 -2.970747 -0.850257 -2.176013 -0.888738 -1.576587 -0.458679 -2.050702 -1.023333 -1.230417 -2.026430 
-0.654470 -0.676518 -2.529334 -1.695313 -1.204933 -0.958425 -1.755935 -1.233830 -1.172215 -1.778146 -1.593726 -2.654956 -1.954146 -0.905702 -1.398828 -0.837720 -2.042031 -1.027985 -0.585083 0.350819 -2.107967 -2.004563 -2.627091 -1.625054 -2.723885 
-0.487580 -2.351717 -1.293360 -0.772242 -2.418159 -1.726395 -0.175840 -2.476345 -1.003937 -0.956886 -1.270159 -1.593242 -2.166589 -1.147620 -1.832734 -0.962790 -0.802919 -2.824966 -1.673744 -1.124309 -1.876683 -1.604444 -0.977626 -1.966563 -2.131900 
-0.771841 -1.987756 -1.900415 -0.355199 -1.972983 -1.708867 -1.887422 -0.682380 -1.492658 -1.134903 -1.705703 -0.525820 -1.456249 -2.144141 -0.546744 -1.908015 -0.187717 -0.766709 -1.822597 -1.993539 -1.598231 -1.150848 -0.709104 -0.533390 -1.430802 

0 0 0 0 0 0 0 0 0 0 0 0 0 0 0 0 0 0 0 0 0 0 0 0 0 
0 0 0 0 0 0 0 0 0 0 0 0 0 0 0 0 0 0 0 0 0 0 0 0 0 
0 0 0 0 0 0 0 0 0 0 0 0 0 0 0 0 0 0 0 0 0 0 0 0 0 
0 0 0 0 0 0 0 0 0 0 0 0 0 0 0 0 0 0 0 0 0 0 0 0 0 
0 0 0 0 0 0 0 0 0 0 0 0 0 0 0 0 0 0 0 0 0 0 0 0 0 
1 1 1 1 1 1 1 1 1 1 1 1 1 1 1 1 1 1 1 1 1 1 1 1 1 
1 1 1 1 1 1 1 1 1 1 1 1 1 1 1 1 1 1 1 1 1 1 1 1 1 
1 1 1 1 1 1 1 1 1 1 1 1 1 1 1 1 1 1 1 1 1 1 1 1 1 
1 1 1 1 1 1 1 1 1 1 1 1 1 1 1 1 1 1 1 1 1 1 1 1 1 
1 1 1 1 1 1 1 1 1 1 1 1 1 1 1 1 1 1 1 1 1 1 1 1 1 
2 2 2 2 2 2 2 2 2 2 2 2 2 2 2 2 2 2 2 2 2 2 2 2 2 
2 2 2 2 2 2 2 2 2 2 2 2 2 2 2 2 2 2 2 2 2 2 2 2 2 
2 2 2 2 2 2 2 2 2 2 2 2 2 2 2 2 2 2 2 2 2 2 2 2 2 
2 2 2 2 2 2 2 2 2 2 2 2 2 2 2 2 2 2 2 2 2 2 2 2 2 
2 2 2 2 2 2 2 2 2 2 2 2 2 2 2 2 2 2 2 2 2 2 2 2 2 
3 3 3 3 3 3 3 3 3 3 3 3 3 3 3 3 3 3 3 3 3 3 3 3 3 
3 3 3 3 3 3 3 3 3 3 3 3 3 3 3 3 3 3 3 3 3 3 3 3 3 
3 3 3 3 3 3 3 3 3 3 3 3 3 3 3 3 3 3 3 3 3 3 3 3 3 
3 3 3 3 3 3 3 3 3 3 3 3 3 3 3 3 3 3 3 3 3 3 3 3 3 
3 3 3 3 3 3 3 3 3 3 3 3 3 3 3 3 3 3 3 3 3 3 3 3 3 
4 4 4 4 4 4 4 4 4 4 4 4 4 4 4 4 4 4 4 4 4 4 4 4 4 
4 4 4 4 4 4 4 4 4 4 4 4 4 4 4 4 4 4 4 4 4 4 4 4 4 
4 4 4 4 4 4 4 4 4 4 4 4 4 4 4 4 4 4 4 4 4 4 4 4 4 
4 4 4 4 4 4 4 4 4 4 4 4 4 4 4 4 4 4 4 4 4 4 4 4 4 
4 4 4 4 4 4 4 4 4 4 4 4 4 4 4 4 4 4 4 4 4 4 4 4 4 

0.0 0.0 0.0 0.0 0.0 0.0 0.0 0.0 0.0 0.0 0.0 0.0 0.0 0.0 0.0 0.0 0.0 0.0 0.0 0.0 0.0 0.0 0.0 0.0 0.0 
0.0 0.0 0.0 0.0 0.0 0.0 0.0 0.0 0.0 0.0 0.0 0.0 0.0 0.0 0.0 0.0 0.0 0.0 0.0 0.0 0.0 0.0 0.0 0.0 0.0 
0.0 0.0 0.0 0.0 0.0 0.0 0.0 0.0 0.0 0.0 0.0 0.0 0.0 0.0 0.0 0.0 0.0 0.0 0.0 0.0 0.0 0.0 0.0 0.0 0.0 
0.0 0.0 0.0 0.0 0.0 0.0 0.0 0.0 0.0 0.0 0.0 0.0 0.0 0.0 0.0 0.0 0.0 0.0 0.0 0.0 0.0 0.0 0.0 0.0 0.0 
0.0 0.0 0.0 0.0 0.0 0.0 0.0 0.0 0.0 0.0 0.0 0.0 0.0 0.0 0.0 0.0 0.0 0.0 0.0 0.0 0.0 0.0 0.0 0.0 0.0 
1.0 1.0 1.0 1.0 1.0 1.0 1.0 1.0 1.0 1.0 1.0 1.0 1.0 1.0 1.0 1.0 1.0 1.0 1.0 1.0 1.0 1.0 1.0 1.0 1.0 
1.0 1.0 1.0 1.0 1.0 1.0 1.0 1.0 1.0 1.0 1.0 1.0 1.0 1.0 1.0 1.0 1.0 1.0 1.0 1.0 1.0 1.0 1.0 1.0 1.0 
1.0 1.0 1.0 1.0 1.0 1.0 1.0 1.0 1.0 1.0 1.0 1.0 1.0 1.0 1.0 1.0 1.0 1.0 1.0 1.0 1.0 1.0 1.0 1.0 1.0 
1.0 1.0 1.0 1.0 1.0 1.0 1.0 1.0 1.0 1.0 1.0 1.0 1.0 1.0 1.0 1.0 1.0 1.0 1.0 1.0 1.0 1.0 1.0 1.0 1.0 
1.0 1.0 1.0 1.0 1.0 1.0 1.0 1.0 1.0 1.0 1.0 1.0 1.0 1.0 1.0 1.0 1.0 1.0 1.0 1.0 1.0 1.0 1.0 1.0 1.0 
-1.0 -1.0 -1.0 -1.0 -1.0 -1.0 -1.0 -1.0 -1.0 -1.0 -1.0 -1.0 -1.0 -1.0 -1.0 -1.0 -1.0 -1.0 -1.0 -1.0 -1.0 -1.0 -1.0 -1.0 -1.0 
-1.0 -1.0 -1.0 -1.0 -1.0 -1.0 -1.0 -1.0 -1.0 -1.0 -1.0 -1.0 -1.0 -1.0 -1.0 -1.0 -1.0 -1.0 -1.0 -1.0 -1.0 -1.0 -1.0 -1.0 -1.0 
-1.0 -1.0 -1.0 -1.0 -1.0 -1.0 -1.0 -1.0 -1.0 -1.0 -1.0 -1.0 -1.0 -1.0 -1.0 -1.0 -1.0 -1.0 -1.0 -1.0 -1.0 -1.0 -1.0 -1.0 -1.0 
-1.0 -1.0 -1.0 -1.0 -1.0 -1.0 -1.0 -1.0 -1.0 -1.0 -1.0 -1.0 -1.0 -1.0 -1.0 -1.0 -1.0 -1.0 -1.0 -1.0 -1.0 -1.0 -1.0 -1.0 -1.0 
-1.0 -1.0 -1.0 -1.0 -1.0 -1.0 -1.0 -1.0 -1.0 -1.0 -1.0 -1.0 -1.0 -1.0 -1.0 -1.0 -1.0 -1.0 -1.0 -1.0 -1.0 -1.0 -1.0 -1.0 -1.0 
2.0 2.0 2.0 2.0 2.0 2.0 2.0 2.0 2.0 2.0 2.0 2.0 2.0 2.0 2.0 2.0 2.0 2.0 2.0 2.0 2.0 2.0 2.0 2.0 2.0 
2.0 2.0 2.0 2.0 2.0 2.0 2.0 2.0 2.0 2.0 2.0 2.0 2.0 2.0 2.0 2.0 2.0 2.0 2.0 2.0 2.0 2.0 2.0 2.0 2.0 
2.0 2.0 2.0 2.0 2.0 2.0 2.0 2.0 2.0 2.0 2.0 2.0 2.0 2.0 2.0 2.0 2.0 2.0 2.0 2.0 2.0 2.0 2.0 2.0 2.0 
2.0 2.0 2.0 2.0 2.0 2.0 2.0 2.0 2.0 2.0 2.0 2.0 2.0 2.0 2.0 2.0 2.0 2.0 2.0 2.0 2.0 2.0 2.0 2.0 2.0 
2.0 2.0 2.0 2.0 2.0 2.0 2.0 2.0 2.0 2.0 2.0 2.0 2.0 2.0 2.0 2.0 2.0 2.0 2.0 2.0 2.0 2.0 2.0 2.0 2.0 
-2.0 -2.0 -2.0 -2.0 -2.0 -2.0 -2.0 -2.0 -2.0 -2.0 -2.0 -2.0 -2.0 -2.0 -2.0 -2.0 -2.0 -2.0 -2.0 -2.0 -2.0 -2.0 -2.0 -2.0 -2.0 
-2.0 -2.0 -2.0 -2.0 -2.0 -2.0 -2.0 -2.0 -2.0 -2.0 -2.0 -2.0 -2.0 -2.0 -2.0 -2.0 -2.0 -2.0 -2.0 -2.0 -2.0 -2.0 -2.0 -2.0 -2.0 
-2.0 -2.0 -2.0 -2.0 -2.0 -2.0 -2.0 -2.0 -2.0 -2.0 -2.0 -2.0 -2.0 -2.0 -2.0 -2.0 -2.0 -2.0 -2.0 -2.0 -2.0 -2.0 -2.0 -2.0 -2.0 
-2.0 -2.0 -2.0 -2.0 -2.0 -2.0 -2.0 -2.0 -2.0 -2.0 -2.0 -2.0 -2.0 -2.0 -2.0 -2.0 -2.0 -2.0 -2.0 -2.0 -2.0 -2.0 -2.0 -2.0 -2.0 
-2.0 -2.0 -2.0 -2.0 -2.0 -2.0 -2.0 -2.0 -2.0 -2.0 -2.0 -2.0 -2.0 -2.0 -2.0 -2.0 -2.0 -2.0 -2.0 -2.0 -2.0 -2.0 -2.0 -2.0 -2.0 

0.0 0.0 0.0 0.0 0.0 0.0 0.0 0.0 0.0 0.0 0.0 0.0 0.0 0.0 0.0 0.0 0.0 0.0 0.0 0.0 0.0 0.0 0.0 0.0 0.0 
0.0 0.0 0.0 0.0 0.0 0.0 0.0 0.0 0.0 0.0 0.0 0.0 0.0 0.0 0.0 0.0 0.0 0.0 0.0 0.0 0.0 0.0 0.0 0.0 0.0 
0.0 0.0 0.0 0.0 0.0 0.0 0.0 0.0 0.0 0.0 0.0 0.0 0.0 0.0 0.0 0.0 0.0 0.0 0.0 0.0 0.0 0.0 0.0 0.0 0.0 
0.0 0.0 0.0 0.0 0.0 0.0 0.0 0.0 0.0 0.0 0.0 0.0 0.0 0.0 0.0 0.0 0.0 0.0 0.0 0.0 0.0 0.0 0.0 0.0 0.0 
0.0 0.0 0.0 0.0 0.0 0.0 0.0 0.0 0.0 0.0 0.0 0.0 0.0 0.0 0.0 0.0 0.0 0.0 0.0 0.0 0.0 0.0 0.0 0.0 0.0 
-2.0 -2.0 -2.0 -2.0 -2.0 -2.0 -2.0 -2.0 -2.0 -2.0 -2.0 -2.0 -2.0 -2.0 -2.0 -2.0 -2.0 -2.0 -2.0 -2.0 -2.0 -2.0 -2.0 -2.0 -2.0 
-2.0 -2.0 -2.0 -2.0 -2.0 -2.0 -2.0 -2.0 -2.0 -2.0 -2.0 -2.0 -2.0 -2.0 -2.0 -2.0 -2.0 -2.0 -2.0 -2.0 -2.0 -2.0 -2.0 -2.0 -2.0 
-2.0 -2.0 -2.0 -2.0 -2.0 -2.0 -2.0 -2.0 -2.0 -2.0 -2.0 -2.0 -2.0 -2.0 -2.0 -2.0 -2.0 -2.0 -2.0 -2.0 -2.0 -2.0 -2.0 -2.0 -2.0 
-2.0 -2.0 -2.0 -2.0 -2.0 -2.0 -2.0 -2.0 -2.0 -2.0 -2.0 -2.0 -2.0 -2.0 -2.0 -2.0 -2.0 -2.0 -2.0 -2.0 -2.0 -2.0 -2.0 -2.0 -2.0 
-2.0 -2.0 -2.0 -2.0 -2.0 -2.0 -2.0 -2.0 -2.0 -2.0 -2.0 -2.0 -2.0 -2.0 -2.0 -2.0 -2.0 -2.0 -2.0 -2.0 -2.0 -2.0 -2.0 -2.0 -2.0 
1.0 1.0 1.0 1.0 1.0 1.0 1.0 1.0 1.0 1.0 1.0 1.0 1.0 1.0 1.0 1.0 1.0 1.0 1.0 1.0 1.0 1.0 1.0 1.0 1.0 
1.0 1.0 1.0 1.0 1.0 1.0 1.0 1.0 1.0 1.0 1.0 1.0 1.0 1.0 1.0 1.0 1.0 1.0 1.0 1.0 1.0 1.0 1.0 1.0 1.0 
1.0 1.0 1.0 1.0 1.0 1.0 1.0 1.0 1.0 1.0 1.0 1.0 1.0 1.0 1.0 1.0 1.0 1.0 1.0 1.0 1.0 1.0 1.0 1.0 1.0 
1.0 1.0 1.0 1.0 1.0 1.0 1.0 1.0 1.0 1.0 1.0 1.0 1.0 1.0 1.0 1.0 1.0 1.0 1.0 1.0 1.0 1.0 1.0 1.0 1.0 
1.0 1.0 1.0 1.0 1.0 1.0 1.0 1.0 1.0 1.0 1.0 1.0 1.0 1.0 1.0 1.0 1.0 1.0 1.0 1.0 1.0 1.0 1.0 1.0 1.0 
2.0 2.0 2.0 2.0 2.0 2.0 2.0 2.0 2.0 2.0 2.0 2.0 2.0 2.0 2.0 2.0 2.0 2.0 2.0 2.0 2.0 2.0 2.0 2.0 2.0 
2.0 2.0 2.0 2.0 2.0 2.0 2.0 2.0 2.0 2.0 2.0 2.0 2.0 2.0 2.0 2.0 2.0 2.0 2.0 2.0 2.0 2.0 2.0 2.0 2.0 
2.0 2.0 2.0 2.0 2.0 2.0 2.0 2.0 2.0 2.0 2.0 2.0 2.0 2.0 2.0 2.0 2.0 2.0 2.0 2.0 2.0 2.0 2.0 2.0 2.0 
2.0 2.0 2.0 2.0 2.0 2.0 2.0 2.0 2.0 2.0 2.0 2.0 2.0 2.0 2.0 2.0 2.0 2.0 2.0 2.0 2.0 2.0 2.0 2.0 2.0 
2.0 2.0 2.0 2.0 2.0 2.0 2.0 2.0 2.0 2.0 2.0 2.0 2.0 2.0 2.0 2.0 2.0 2.0 2.0 2.0 2.0 2.0 2.0 2.0 2.0 
-1.0 -1.0 -1.0 -1.0 -1.0 -1.0 -1.0 -1.0 -1.0 -1.0 -1.0 -1.0 -1.0 -1.0 -1.0 -1.0 -1.0 -1.0 -1.0 -1.0 -1.0 -1.0 -1.0 -1.0 -1.0 
-1.0 -1.0 -1.0 -1.0 -1.0 -1.0 -1.0 -1.0 -1.0 -1.0 -1.0 -1.0 -1.0 -1.0 -1.0 -1.0 -1.0 -1.0 -1.0 -1.0 -1.0 -1.0 -1.0 -1.0 -1.0 
-1.0 -1.0 -1.0 -1.0 -1.0 -1.0 -1.0 -1.0 -1.0 -1.0 -1.0 -1.0 -1.0 -1.0 -1.0 -1.0 -1.0 -1.0 -1.0 -1.0 -1.0 -1.0 -1.0 -1.0 -1.0 
-1.0 -1.0 -1.0 -1.0 -1.0 -1.0 -1.0 -1.0 -1.0 -1.0 -1.0 -1.0 -1.0 -1.0 -1.0 -1.0 -1.0 -1.0 -1.0 -1.0 -1.0 -1.0 -1.0 -1.0 -1.0 
-1.0 -1.0 -1.0 -1.0 -1.0 -1.0 -1.0 -1.0 -1.0 -1.0 -1.0 -1.0 -1.0 -1.0 -1.0 -1.0 -1.0 -1.0 -1.0 -1.0 -1.0 -1.0 -1.0 -1.0 -1.0 

