0.255860 0.240172 0.999753 0.310830 0.333320 0.710025 0.738295 0.008631 0.126212 0.067434 0.785944 0.688770 0.792254 0.161301 0.221254 0.071822 0.924866 0.733035 0.163079 0.710132 0.369062 0.995446 0.927318 0.527730 0.814581 
0.769345 0.606316 0.220148 0.892461 0.723172 0.765546 0.725447 0.540783 0.812064 0.643495 0.517776 0.375088 0.476244 0.256021 0.414144 0.019978 0.112684 0.858395 0.552275 0.847862 0.651327 0.892512 0.115275 0.904230 0.345766 
0.620539 0.169136 0.579198 0.957187 0.151878 0.268420 0.041692 0.877258 0.865799 0.970560 0.379993 0.552018 0.448025 0.513600 0.723725 0.016667 0.731909 0.295267 0.517693 0.459331 0.178336 0.559451 0.832625 0.162414 0.963540 
0.454036 0.036942 0.599111 0.368125 0.934502 0.843090 0.760322 0.269356 0.449748 0.552383 0.090183 0.984156 0.798257 0.871509 0.761702 0.026121 0.504998 0.758087 0.551816 0.492996 0.921585 0.777288 0.407572 0.835121 0.736460 
0.047443 0.111340 0.113375 0.649398 0.996772 0.430386 0.907458 0.550021 0.441234 0.274928 0.360188 0.886889 0.112624 0.496859 0.018698 0.792506 0.010248 0.164945 0.771870 0.133890 0.280264 0.416056 0.325441 0.703658 0.631015 
0.117890 0.576712 0.215600 0.821914 0.084053 0.991087 0.127170 0.528433 0.382144 0.581728 0.109414 0.509177 0.796666 0.791530 0.485286 0.848987 0.094458 0.631897 0.528416 0.920506 0.972267 0.033476 0.915263 0.176345 0.171754 
0.807019 0.930706 0.631218 0.650475 0.911748 0.003700 0.740746 0.846512 0.011737 0.977640 0.632815 0.329343 0.424200 0.997583 0.693742 0.725894 0.669009 0.343412 0.254450 0.911938 0.963058 0.988611 0.873526 0.252593 0.726026 
0.143379 0.990383 0.047335 0.357571 0.202451 0.996988 0.466844 0.976086 0.940198 0.187922 0.506963 0.500432 0.572480 0.455077 0.009770 0.607688 0.188066 0.222739 0.119942 0.737723 0.942006 0.823708 0.576101 0.998747 0.290961 
0.568211 0.562643 0.877732 0.026267 0.788054 0.691179 0.801569 0.173407 0.155954 0.402591 0.266537 0.417486 0.454765 0.300514 0.121526 0.777434 0.891150 0.828113 0.584261 0.279629 0.901643 0.644247 0.493081 0.753553 0.292806 
0.022516 0.239480 0.147430 0.851073 0.133191 0.710567 0.395663 0.035688 0.669618 0.618917 0.829752 0.733214 0.966896 0.185391 0.745277 0.857845 0.763081 0.436064 0.555879 0.902781 0.054664 0.853541 0.235593 0.524371 0.356246 
0.627278 0.942689 0.645814 0.247699 0.359464 0.014586 0.547129 0.255238 0.368682 0.733836 0.592739 0.139975 0.474220 0.421753 0.675073 0.366298 0.634419 0.663711 0.714884 0.714231 0.028829 0.815931 0.600185 0.012739 0.934903 
0.563292 0.948567 0.296160 0.995898 0.712681 0.296828 0.667954 0.924178 0.062957 0.430389 0.559110 0.356943 0.985561 0.364211 0.693390 0.338016 0.606253 0.932756 0.634185 0.882993 0.110364 0.159594 0.246187 0.329852 0.237671 
0.967600 0.804183 0.264867 0.018860 0.039719 0.330534 0.197021 0.138096 0.266228 0.943916 0.801698 0.934405 0.257229 0.617580 0.180997 0.875007 0.140462 0.128736 0.360464 0.750038 0.411103 0.900013 0.210842 0.227685 0.514822 
0.867608 0.977049 0.829686 0.966111 0.107619 0.804512 0.252277 0.795235 0.521400 0.020413 0.063635 0.383316 0.015092 0.488759 0.060119 0.766207 0.496113 0.303200 0.660871 0.173665 0.468063 0.594978 0.400996 0.068224 0.346742 
0.675711 0.457041 0.676932 0.944169 0.718891 0.091206 0.774314 0.679940 0.775352 0.324317 0.782947 0.924574 0.443227 0.712012 0.824619 0.615173 0.511357 0.119166 0.870840 0.662801 0.414967 0.319573 0.878128 0.602981 0.674297 
0.580978 0.142675 0.129405 0.853912 0.196444 0.881800 0.383452 0.157977 0.950829 0.253034 0.542882 0.377516 0.083927 0.669112 0.409325 0.216901 0.449787 0.341171 0.448515 0.296969 0.937945 0.153763 0.420408 0.972631 0.800402 
0.911834 0.781965 0.167475 0.324614 0.988766 0.844320 0.223019 0.497765 0.640733 0.065841 0.118768 0.163607 0.527007 0.646343 0.160484 0.114140 0.060087 0.937876 0.572362 0.731765 0.028017 0.077741 0.602521 0.069046 0.578727 
0.649358 0.648658 0.334516 0.788961 0.025718 0.975672 0.189694 0.302647 0.492903 0.029429 0.060262 0.457889 0.998081 0.987033 0.552086 0.551472 0.593813 0.734717 0.294924 0.456568 0.446901 0.928511 0.327909 0.387725 0.267087 
0.883205 0.081697 0.736915 0.981415 0.836388 0.041755 0.291634 0.030468 0.002137 0.103535 0.969353 0.665643 0.610493 0.467020 0.001728 0.947203 0.420632 0.428741 0.665836 0.773084 0.954190 0.179112 0.358387 0.851025 0.787800 
0.923765 0.774346 0.659528 0.880815 0.209578 0.219365 0.266941 0.240081 0.706557 0.083501 0.866125 0.707486 0.099458 0.860922 0.871833 0.948524 0.172908 0.811966 0.012661 0.048905 0.232066 0.017291 0.884544 0.454635 0.111757 
0.519476 0.121268 0.554652 0.488493 0.127494 0.671123 0.435578 0.155838 0.671875 0.019038 0.491518 0.699829 0.697369 0.142759 0.546164 0.740745 0.831162 0.353253 0.272610 0.376871 0.114497 0.948095 0.190552 0.027826 0.922123 
0.756442 0.115145 0.182425 0.424450 0.933417 0.153796 0.806154 0.930374 0.799831 0.803324 0.012950 0.591395 0.522197 0.445335 0.216246 0.371059 0.090836 0.629727 0.771578 0.386503 0.991116 0.735404 0.693082 0.431604 0.132838 
0.408434 0.736393 0.702961 0.490021 0.851861 0.222838 0.504320 0.599709 0.592747 0.339304 0.746205 0.731823 0.150529 0.141946 0.344798 0.660933 0.560187 0.770678 0.791950 0.495006 0.154022 0.127328 0.719031 0.020047 0.850444 
0.840825 0.848310 0.089819 0.538529 0.559988 0.271149 0.845058 0.321988 0.989077 0.015619 0.587060 0.804302 0.550916 0.999566 0.792535 0.378897 0.542693 0.557855 0.560389 0.039436 0.755084 0.005359 0.501085 0.431531 0.217111 
0.061169 0.158846 0.810618 0.879436 0.959479 0.266351 0.441017 0.508253 0.338901 0.836513 0.328413 0.767057 0.600152 0.361760 0.330092 0.954387 0.347636 0.571829 0.211301 0.197281 0.288203 0.134433 0.382550 0.950642 0.413566 

0.416689 0.385444 0.191716 0.538732 0.964625 0.680343 0.799230 0.861936 0.903889 0.942415 0.328212 0.904078 0.573503 0.579682 0.554455 0.303504 0.776858 0.523415 0.981189 0.309709 0.350432 0.255662 0.656733 0.714120 0.445781 
0.466798 0.111212 0.024203 0.215119 0.241785 0.015030 0.116238 0.514070 0.821200 0.786258 0.472867 0.703743 0.974582 0.962124 0.258476 0.305635 0.489903 0.163532 0.254901 0.149906 0.854070 0.062707 0.021109 0.238217 0.000365 
0.958064 0.623820 0.123985 0.401483 0.475062 0.433892 0.678690 0.935039 0.553910 0.512410 0.591951 0.938107 0.589729 0.454248 0.692184 0.121130 0.807599 0.244525 0.446187 0.811509 0.084082 0.293059 0.351127 0.210395 0.367953 
0.306804 0.439694 0.529027 0.582386 0.502751 0.727769 0.871764 0.364743 0.822653 0.988961 0.779188 0.905185 0.660695 0.395496 0.002466 0.865250 0.293544 0.997049 0.625361 0.058372 0.749411 0.795884 0.666503 0.835995 0.806153 
0.309483 0.475184 0.000590 0.595240 0.269186 0.494848 0.601009 0.135977 0.237065 0.425185 0.175778 0.191847 0.476890 0.514092 0.984777 0.285023 0.291804 0.059343 0.742984 0.743999 0.952809 0.280838 0.882988 0.984857 0.942353 
0.558659 0.455732 0.686289 0.597612 0.107085 0.483019 0.584796 0.019697 0.664870 0.507054 0.990589 0.604367 0.888001 0.482218 0.079624 0.017120 0.351734 0.668344 0.610460 0.441573 0.101591 0.328535 0.939883 0.352076 0.369791 
0.075788 0.339300 0.540513 0.463994 0.540357 0.886201 0.141277 0.435186 0.796284 0.572766 0.844518 0.597894 0.583158 0.663409 0.539824 0.974308 0.905000 0.574637 0.267558 0.586349 0.593349 0.302729 0.289426 0.845109 0.741603 
0.027088 0.531493 0.290324 0.482925 0.286583 0.229355 0.892300 0.387982 0.356916 0.917561 0.930908 0.886048 0.830940 0.854999 0.635209 0.665014 0.866099 0.626454 0.400325 0.051238 0.762270 0.525678 0.190384 0.407098 0.759524 
0.459393 0.663558 0.426157 0.246433 0.600167 0.209624 0.103131 0.701588 0.152197 0.376501 0.843001 0.204783 0.525900 0.894067 0.017902 0.718890 0.051506 0.950459 0.898490 0.177929 0.862749 0.312015 0.791186 0.399652 0.390702 
0.515875 0.249254 0.560469 0.556017 0.083000 0.052536 0.694325 0.685481 0.959846 0.610146 0.807002 0.157936 0.279817 0.786857 0.161560 0.055953 0.300961 0.808544 0.674295 0.710843 0.632061 0.632004 0.965974 0.763280 0.160457 
0.790531 0.180682 0.639101 0.290978 0.853498 0.643173 0.224462 0.643606 0.523679 0.709253 0.305915 0.446375 0.420543 0.476368 0.419410 0.276661 0.142254 0.546873 0.991150 0.815510 0.966375 0.146285 0.603285 0.360532 0.231311 
0.747219 0.259308 0.227455 0.040399 0.433599 0.945177 0.288809 0.280491 0.864592 0.381346 0.106885 0.851364 0.092561 0.860227 0.080889 0.040059 0.084088 0.714926 0.385419 0.442118 0.960006 0.480205 0.191776 0.709646 0.184507 
0.912388 0.675554 0.195070 0.031556 0.071026 0.387547 0.393412 0.561597 0.419450 0.923078 0.700473 0.192861 0.258119 0.655287 0.608714 0.075053 0.588407 0.163229 0.355031 0.352271 0.018359 0.941159 0.964361 0.622603 0.128005 
0.129764 0.029749 0.918100 0.931776 0.193117 0.650130 0.294528 0.922798 0.557960 0.108369 0.676150 0.357866 0.520527 0.885991 0.411038 0.452298 0.827835 0.028335 0.365019 0.666967 0.142685 0.205983 0.919635 0.266041 0.914354 
0.712797 0.239068 0.222827 0.257495 0.601638 0.670144 0.383517 0.292738 0.477391 0.578328 0.101628 0.679399 0.496179 0.156851 0.658589 0.184008 0.300037 0.378324 0.185056 0.076682 0.144065 0.740136 0.526122 0.237707 0.316668 
0.128146 0.832237 0.282249 0.825481 0.432121 0.090918 0.374680 0.978600 0.996343 0.757234 0.395126 0.168950 0.235683 0.588222 0.938730 0.501818 0.000709 0.990743 0.755982 0.861919 0.985688 0.887635 0.807105 0.000398 0.027148 
0.228267 0.116491 0.351003 0.635788 0.390731 0.437276 0.236259 0.476524 0.609762 0.565520 0.157000 0.346801 0.073382 0.696255 0.462169 0.457829 0.520519 0.799151 0.179314 0.975207 0.708890 0.549632 0.656306 0.689563 0.460234 
0.205965 0.275085 0.474101 0.449977 0.343739 0.894204 0.934240 0.110542 0.267175 0.519038 0.472961 0.459230 0.150395 0.799064 0.972488 0.055020 0.647110 0.713617 0.958988 0.183940 0.321844 0.595273 0.730002 0.657649 0.095186 
0.151107 0.524582 0.018996 0.182273 0.889616 0.168468 0.190928 0.621938 0.427090 0.434799 0.507788 0.434241 0.824914 0.277261 0.756119 0.712047 0.759610 0.479260 0.079568 0.474210 0.104546 0.438221 0.387845 0.001530 0.700987 
0.044720 0.801341 0.396527 0.679125 0.707210 0.366006 0.191486 0.967971 0.356225 0.896111 0.264413 0.220229 0.047022 0.741309 0.224544 0.625743 0.729097 0.078486 0.655953 0.256677 0.768905 0.309569 0.342813 0.925256 0.370641 
0.004210 0.588774 0.658127 0.560230 0.790369 0.675169 0.571518 0.998556 0.524832 0.620439 0.524967 0.128074 0.879878 0.618033 0.062807 0.504535 0.880928 0.432004 0.865568 0.102592 0.352330 0.750686 0.873292 0.341951 0.019960 
0.033464 0.372294 0.917546 0.770519 0.120644 0.011546 0.567757 0.163652 0.775836 0.136424 0.788537 0.118075 0.930802 0.870403 0.420817 0.072676 0.777827 0.239126 0.783282 0.917189 0.606765 0.365849 0.401761 0.813154 0.748999 
0.831787 0.543564 0.790294 0.905891 0.470746 0.911737 0.242842 0.361599 0.402141 0.366059 0.728170 0.444282 0.021023 0.333657 0.086218 0.110401 0.590478 0.192666 0.291950 0.694616 0.943215 0.364562 0.955199 0.701314 0.428123 
0.473109 0.350361 0.164507 0.609799 0.387317 0.250532 0.363724 0.892799 0.298318 0.412093 0.410376 0.242530 0.722432 0.663940 0.494053 0.636670 0.526828 0.053760 0.884389 0.165228 0.641596 0.940945 0.009306 0.084913 0.417516 
0.733047 0.372220 0.596453 0.628131 0.932391 0.419662 0.157762 0.641116 0.029299 0.488731 0.820465 0.174864 0.554190 0.067727 0.752308 0.871416 0.604615 0.484456 0.139238 0.325484 0.363455 0.436747 0.850568 0.928112 0.447978 

0.177128 -0.226298 0.799156 -0.236494 -0.769083 -0.135088 -0.162161 -0.598067 -0.989196 -1.030365 0.545801 -0.089649 0.625584 -0.303917 -0.364559 -0.023730 0.000553 0.073744 -0.615133 0.314452 -0.057523 0.559073 0.281719 -0.225997 0.464180 
0.180156 0.788551 0.323982 0.953200 0.873416 0.793782 0.753506 -0.472025 0.172246 -0.193707 0.057938 0.181511 -0.510701 -0.604338 0.529057 -0.185514 -0.179968 0.938980 0.589917 0.681039 -0.056588 0.776355 -0.069375 0.633974 0.439170 
-0.169406 -0.340467 0.346600 0.786343 -0.432753 -0.344637 -0.521542 0.363157 0.059994 0.532270 0.155218 -0.444949 -0.417108 -0.147670 0.430875 0.133135 -0.125112 0.323571 0.179338 -0.460070 0.319520 0.042328 0.617759 -0.003670 0.383726 
0.378097 -0.449025 0.435912 -0.003509 0.304873 0.403846 -0.066613 -0.031795 -0.482438 -0.908428 -0.598004 -0.078637 0.128586 0.444387 1.052240 -0.634745 0.228203 -0.162312 0.058041 0.786157 -0.049757 0.171012 -0.110261 0.068060 -0.102753 
-0.452060 -0.360107 0.028337 -0.353161 0.767137 -0.167292 0.549190 0.500202 0.214653 0.008133 0.147059 0.892817 -0.582541 0.041840 -1.255488 0.654293 0.013246 0.176925 -0.094039 -0.590870 -0.644373 0.262500 -0.569016 -0.447708 -0.164070 
0.584664 0.140625 -1.005907 -0.021798 0.515136 0.529753 -0.449180 0.697918 0.036126 0.104361 -0.924269 0.215636 -0.295304 0.434009 0.161710 0.707383 -0.421153 0.043455 -0.484318 0.754332 0.850748 -0.701595 0.225871 -0.046206 0.245431 
-0.669640 -0.528379 0.177850 -0.177554 -0.437089 -0.736074 0.431554 0.375695 -0.802209 0.102045 -0.199119 -0.253621 -0.349211 0.277271 0.251876 -0.327499 -0.414904 -0.392843 -0.001202 0.323653 0.671743 0.566283 0.324971 -1.091522 -0.152307 
-0.236046 -0.452163 -0.165301 0.468228 -0.062944 -1.189889 0.453967 -0.627962 -0.402168 -0.665921 -0.611459 -0.362424 -0.472688 -0.790847 -0.725311 0.031167 -0.842468 -0.332345 -0.183382 0.635816 -1.241408 -1.018127 0.048024 -0.930407 -1.138072 
-0.437343 -0.183748 -0.567949 0.266620 -0.216739 -0.538399 -0.884280 0.687122 -0.275815 0.168476 0.867255 -0.421643 -0.418506 -1.843878 -0.202648 -1.261789 -0.254720 -1.550386 -2.155565 -0.570183 -1.635126 -0.611854 -1.518814 -0.660685 -0.835459 
0.270786 0.069986 0.258048 -0.112278 -0.236491 -0.883152 0.251651 0.801578 0.552489 -0.003274 0.235028 -0.179727 -0.431492 -1.655284 -0.133720 -0.245130 -0.752525 -1.399462 -1.170489 -1.630518 -1.161902 -1.544561 -1.821901 -1.062160 -0.130703 
-0.080247 -0.994768 0.313875 -0.189083 0.476629 0.695952 -0.207044 0.398827 0.199217 -1.127020 -0.821548 -0.749684 -1.046771 -1.230205 -0.912593 -0.554088 -0.521496 -1.306383 -2.028504 -1.520049 -1.974485 -0.307938 -1.131263 -0.464287 -0.641249 
0.236910 -0.585440 0.062923 -0.838962 -0.208054 0.829465 -0.368922 -0.618897 -1.251167 -0.923750 -0.246852 -1.800055 -0.092838 -1.701363 -0.174639 -0.005067 -0.497291 -1.246056 -0.635142 -0.829558 -2.288862 -1.024403 -0.417970 -1.567837 -0.388835 
-0.047337 -0.303649 -0.304245 -0.155665 0.222152 -0.025575 -0.658357 -1.029088 -0.622925 -1.610663 -1.287291 -0.465406 -0.558460 -1.576283 -1.734557 -0.127773 -1.688287 -0.546773 -0.845371 -1.106241 0.001568 -1.858830 -1.962503 -1.314213 -0.091464 
-0.793020 -0.781301 -0.077053 -0.165245 0.186619 -0.245584 -0.776049 -1.903713 -1.060067 -0.374487 -1.310690 -0.842945 -0.974848 -1.568553 -0.567336 -0.869301 -1.815237 0.001960 -0.472766 -1.633279 -0.427558 -0.502722 -2.025107 -0.778366 -2.145399 
-0.049398 -0.276776 -0.838132 -1.479505 -0.314723 1.043930 -0.782417 -0.722728 -0.887018 -1.100778 -0.401529 -1.320191 -0.992120 -0.217024 -1.474667 -0.065609 -0.652255 -0.884337 -0.404838 -0.348579 -0.144633 -1.471901 -1.242116 -0.613211 -0.365446 
-0.761052 1.421982 0.081487 -0.364425 0.519010 -1.798410 -0.573426 -1.794890 -1.680429 -1.415214 -0.980868 -0.083265 -0.248654 -1.092514 -1.621228 -1.235567 0.041638 -1.547771 -1.452954 -1.744306 -1.971050 -1.605857 -1.658619 -0.236186 -0.086305 
-1.312928 -1.393924 0.172347 0.817136 -1.245504 -0.620643 -0.650298 -0.678937 -1.547697 -1.095842 -0.589591 -0.789025 -0.033255 -0.933466 -0.656353 -0.835007 -0.953100 -1.473370 -0.187978 -1.621997 -1.492539 -0.827209 -1.431909 -1.292775 -0.852761 
-1.116575 -0.518677 0.152559 -0.612440 0.643813 -0.059121 -2.194848 -0.451655 -0.560478 -1.009275 -0.846558 -1.380836 -0.359498 -1.634377 -2.158833 0.219045 -1.560229 -1.324206 -1.950826 -0.204618 -0.776316 -1.391180 -1.497159 -1.269699 -0.018109 
-1.441320 0.622154 -1.517514 -1.691956 0.179986 -0.039407 -0.804894 -1.374382 -1.006897 -0.529818 -0.962290 -1.007582 -1.906983 -0.497078 -1.500148 -1.398049 -1.675549 -0.897721 0.225075 -1.077814 -0.463988 -0.745589 -0.835348 0.232463 -1.320051 
-1.765861 0.154510 -0.465993 -0.416820 1.052727 0.179297 0.551062 0.412419 1.086557 0.197725 1.768656 1.201199 0.579561 1.896384 1.368708 1.632157 0.333570 1.496073 -0.006150 0.159540 0.975171 -0.016998 1.958813 1.246309 -0.051604 
0.849391 -0.089493 1.105543 1.127107 0.211608 1.420503 0.701091 0.124397 1.519452 -0.052945 1.101600 1.467122 1.731457 0.502530 1.016067 1.410646 1.363473 0.475246 0.545797 0.973035 0.169511 1.719055 0.440525 0.521974 1.635113 
1.183254 0.036555 0.285991 0.817752 1.821148 0.230613 1.437163 1.867712 1.565590 1.648217 -0.409128 1.076388 1.110279 0.741150 0.120639 0.687643 0.338775 1.613125 1.603731 0.486851 2.142097 1.351482 1.357184 0.978868 -0.115063 
0.954118 1.848787 1.512163 0.742611 1.907179 0.644672 1.262748 1.231685 1.397470 0.806588 1.447707 1.165312 0.428298 0.536134 0.652401 1.456188 1.286311 1.500378 1.788287 0.732109 0.318741 0.293142 1.657144 -0.022674 1.542209 
1.655370 1.361657 0.029044 0.969205 1.663765 0.661736 1.793390 0.691063 1.859721 -0.232484 1.311968 1.683920 0.863298 2.046537 1.603269 0.789590 1.002851 1.408793 1.281706 -0.134746 1.399628 0.072368 0.982771 0.748613 0.088484 
0.123780 0.128971 1.508335 1.727843 2.281180 0.726290 0.792477 1.346010 0.582486 1.881691 0.530527 1.430917 1.078970 0.727495 1.160815 2.250623 0.656372 1.080330 0.518849 0.479662 0.375103 0.359194 0.838245 1.878700 0.806319 

0 0 0 0 0 0 0 0 0 0 0 0 0 0 0 0 0 0 0 0 0 0 0 0 0 
0 0 0 0 0 0 0 0 0 0 0 0 0 0 0 0 0 0 0 0 0 0 0 0 0 
0 0 0 0 0 0 0 0 0 0 0 0 0 0 0 0 0 0 0 0 0 0 0 0 0 
0 0 0 0 0 0 0 0 0 0 0 0 0 0 0 0 0 0 0 0 0 0 0 0 0 
0 0 0 0 0 0 0 0 0 0 0 0 0 0 0 0 0 0 0 0 0 0 0 0 0 
3 3 0 0 0 0 0 0 0 0 0 0 0 0 0 0 0 0 0 0 0 0 0 0 0 
3 3 3 3 3 0 0 0 0 0 0 0 0 0 0 0 0 0 0 0 0 0 0 0 0 
3 3 3 3 3 3 3 3 3 0 0 0 0 0 0 0 0 0 0 0 4 4 4 4 4 
3 3 3 3 3 3 3 3 3 3 3 3 0 4 4 4 4 4 4 4 4 4 4 4 4 
3 3 3 3 3 3 3 3 3 3 3 4 4 4 4 4 4 4 4 4 4 4 4 4 4 
3 3 3 3 3 3 3 3 3 4 4 4 4 4 4 4 4 4 4 4 4 4 4 4 4 
3 3 3 3 3 3 3 4 4 4 4 4 4 4 4 4 4 4 4 4 4 4 4 4 4 
3 3 3 3 3 1 4 4 4 4 4 4 4 4 4 4 4 4 4 4 4 4 4 4 4 
3 3 3 1 1 1 4 4 4 4 4 4 4 4 4 4 4 4 4 4 4 4 4 4 4 
1 1 1 1 1 1 4 4 4 4 4 4 4 4 4 4 4 4 4 4 4 4 4 4 4 
1 1 1 1 1 1 4 4 4 4 4 4 4 4 4 4 4 4 4 4 4 4 4 4 4 
1 1 1 1 1 1 4 4 4 4 4 4 4 4 4 4 4 4 4 4 4 4 4 4 4 
1 1 1 1 1 1 4 4 4 4 4 4 4 4 4 4 4 4 4 4 4 4 4 4 4 
1 1 1 1 1 1 4 4 4 4 4 4 4 4 4 4 4 4 4 4 4 4 4 4 4 
1 1 1 1 1 1 2 2 2 2 2 2 2 2 2 2 2 2 2 2 2 2 2 2 2 
2 2 2 2 2 2 2 2 2 2 2 2 2 2 2 2 2 2 2 2 2 2 2 2 2 
2 2 2 2 2 2 2 2 2 2 2 2 2 2 2 2 2 2 2 2 2 2 2 2 2 
2 2 2 2 2 2 2 2 2 2 2 2 2 2 2 2 2 2 2 2 2 2 2 2 2 
2 2 2 2 2 2 2 2 2 2 2 2 2 2 2 2 2 2 2 2 2 2 2 2 2 
2 2 2 2 2 2 2 2 2 2 2 2 2 2 2 2 2 2 2 2 2 2 2 2 2 

1.0 1.0 1.0 1.0 1.0 1.0 1.0 1.0 1.0 1.0 1.0 1.0 1.0 1.0 1.0 1.0 1.0 1.0 1.0 1.0 1.0 1.0 1.0 1.0 1.0 
1.0 1.0 1.0 1.0 1.0 1.0 1.0 1.0 1.0 1.0 1.0 1.0 1.0 1.0 1.0 1.0 1.0 1.0 1.0 1.0 1.0 1.0 1.0 1.0 1.0 
1.0 1.0 1.0 1.0 1.0 1.0 1.0 1.0 1.0 1.0 1.0 1.0 1.0 1.0 1.0 1.0 1.0 1.0 1.0 1.0 1.0 1.0 1.0 1.0 1.0 
1.0 1.0 1.0 1.0 1.0 1.0 1.0 1.0 1.0 1.0 1.0 1.0 1.0 1.0 1.0 1.0 1.0 1.0 1.0 1.0 1.0 1.0 1.0 1.0 1.0 
1.0 1.0 1.0 1.0 1.0 1.0 1.0 1.0 1.0 1.0 1.0 1.0 1.0 1.0 1.0 1.0 1.0 1.0 1.0 1.0 1.0 1.0 1.0 1.0 1.0 
-1.0 -1.0 1.0 1.0 1.0 1.0 1.0 1.0 1.0 1.0 1.0 1.0 1.0 1.0 1.0 1.0 1.0 1.0 1.0 1.0 1.0 1.0 1.0 1.0 1.0 
-1.0 -1.0 -1.0 -1.0 -1.0 1.0 1.0 1.0 1.0 1.0 1.0 1.0 1.0 1.0 1.0 1.0 1.0 1.0 1.0 1.0 1.0 1.0 1.0 1.0 1.0 
-1.0 -1.0 -1.0 -1.0 -1.0 -1.0 -1.0 -1.0 -1.0 1.0 1.0 1.0 1.0 1.0 1.0 1.0 1.0 1.0 1.0 1.0 0.0 0.0 0.0 0.0 0.0 
-1.0 -1.0 -1.0 -1.0 -1.0 -1.0 -1.0 -1.0 -1.0 -1.0 -1.0 -1.0 1.0 0.0 0.0 0.0 0.0 0.0 0.0 0.0 0.0 0.0 0.0 0.0 0.0 
-1.0 -1.0 -1.0 -1.0 -1.0 -1.0 -1.0 -1.0 -1.0 -1.0 -1.0 0.0 0.0 0.0 0.0 0.0 0.0 0.0 0.0 0.0 0.0 0.0 0.0 0.0 0.0 
-1.0 -1.0 -1.0 -1.0 -1.0 -1.0 -1.0 -1.0 -1.0 0.0 0.0 0.0 0.0 0.0 0.0 0.0 0.0 0.0 0.0 0.0 0.0 0.0 0.0 0.0 0.0 
-1.0 -1.0 -1.0 -1.0 -1.0 -1.0 -1.0 0.0 0.0 0.0 0.0 0.0 0.0 0.0 0.0 0.0 0.0 0.0 0.0 0.0 0.0 0.0 0.0 0.0 0.0 
-1.0 -1.0 -1.0 -1.0 -1.0 -2.0 0.0 0.0 0.0 0.0 0.0 0.0 0.0 0.0 0.0 0.0 0.0 0.0 0.0 0.0 0.0 0.0 0.0 0.0 0.0 
-1.0 -1.0 -1.0 -2.0 -2.0 -2.0 0.0 0.0 0.0 0.0 0.0 0.0 0.0 0.0 0.0 0.0 0.0 0.0 0.0 0.0 0.0 0.0 0.0 0.0 0.0 
-2.0 -2.0 -2.0 -2.0 -2.0 -2.0 0.0 0.0 0.0 0.0 0.0 0.0 0.0 0.0 0.0 0.0 0.0 0.0 0.0 0.0 0.0 0.0 0.0 0.0 0.0 
-2.0 -2.0 -2.0 -2.0 -2.0 -2.0 0.0 0.0 0.0 0.0 0.0 0.0 0.0 0.0 0.0 0.0 0.0 0.0 0.0 0.0 0.0 0.0 0.0 0.0 0.0 
-2.0 -2.0 -2.0 -2.0 -2.0 -2.0 0.0 0.0 0.0 0.0 0.0 0.0 0.0 0.0 0.0 0.0 0.0 0.0 0.0 0.0 0.0 0.0 0.0 0.0 0.0 
-2.0 -2.0 -2.0 -2.0 -2.0 -2.0 0.0 0.0 0.0 0.0 0.0 0.0 0.0 0.0 0.0 0.0 0.0 0.0 0.0 0.0 0.0 0.0 0.0 0.0 0.0 
-2.0 -2.0 -2.0 -2.0 -2.0 -2.0 0.0 0.0 0.0 0.0 0.0 0.0 0.0 0.0 0.0 0.0 0.0 0.0 0.0 0.0 0.0 0.0 0.0 0.0 0.0 
-2.0 -2.0 -2.0 -2.0 -2.0 -2.0 2.0 2.0 2.0 2.0 2.0 2.0 2.0 2.0 2.0 2.0 2.0 2.0 2.0 2.0 2.0 2.0 2.0 2.0 2.0 
2.0 2.0 2.0 2.0 2.0 2.0 2.0 2.0 2.0 2.0 2.0 2.0 2.0 2.0 2.0 2.0 2.0 2.0 2.0 2.0 2.0 2.0 2.0 2.0 2.0 
2.0 2.0 2.0 2.0 2.0 2.0 2.0 2.0 2.0 2.0 2.0 2.0 2.0 2.0 2.0 2.0 2.0 2.0 2.0 2.0 2.0 2.0 2.0 2.0 2.0 
2.0 2.0 2.0 2.0 2.0 2.0 2.0 2.0 2.0 2.0 2.0 2.0 2.0 2.0 2.0 2.0 2.0 2.0 2.0 2.0 2.0 2.0 2.0 2.0 2.0 
2.0 2.0 2.0 2.0 2.0 2.0 2.0 2.0 2.0 2.0 2.0 2.0 2.0 2.0 2.0 2.0 2.0 2.0 2.0 2.0 2.0 2.0 2.0 2.0 2.0 
2.0 2.0 2.0 2.0 2.0 2.0 2.0 2.0 2.0 2.0 2.0 2.0 2.0 2.0 2.0 2.0 2.0 2.0 2.0 2.0 2.0 2.0 2.0 2.0 2.0 

-1.0 -1.0 -1.0 -1.0 -1.0 -1.0 -1.0 -1.0 -1.0 -1.0 -1.0 -1.0 -1.0 -1.0 -1.0 -1.0 -1.0 -1.0 -1.0 -1.0 -1.0 -1.0 -1.0 -1.0 -1.0 
-1.0 -1.0 -1.0 -1.0 -1.0 -1.0 -1.0 -1.0 -1.0 -1.0 -1.0 -1.0 -1.0 -1.0 -1.0 -1.0 -1.0 -1.0 -1.0 -1.0 -1.0 -1.0 -1.0 -1.0 -1.0 
-1.0 -1.0 -1.0 -1.0 -1.0 -1.0 -1.0 -1.0 -1.0 -1.0 -1.0 -1.0 -1.0 -1.0 -1.0 -1.0 -1.0 -1.0 -1.0 -1.0 -1.0 -1.0 -1.0 -1.0 -1.0 
-1.0 -1.0 -1.0 -1.0 -1.0 -1.0 -1.0 -1.0 -1.0 -1.0 -1.0 -1.0 -1.0 -1.0 -1.0 -1.0 -1.0 -1.0 -1.0 -1.0 -1.0 -1.0 -1.0 -1.0 -1.0 
-1.0 -1.0 -1.0 -1.0 -1.0 -1.0 -1.0 -1.0 -1.0 -1.0 -1.0 -1.0 -1.0 -1.0 -1.0 -1.0 -1.0 -1.0 -1.0 -1.0 -1.0 -1.0 -1.0 -1.0 -1.0 
1.0 1.0 -1.0 -1.0 -1.0 -1.0 -1.0 -1.0 -1.0 -1.0 -1.0 -1.0 -1.0 -1.0 -1.0 -1.0 -1.0 -1.0 -1.0 -1.0 -1.0 -1.0 -1.0 -1.0 -1.0 
1.0 1.0 1.0 1.0 1.0 -1.0 -1.0 -1.0 -1.0 -1.0 -1.0 -1.0 -1.0 -1.0 -1.0 -1.0 -1.0 -1.0 -1.0 -1.0 -1.0 -1.0 -1.0 -1.0 -1.0 
1.0 1.0 1.0 1.0 1.0 1.0 1.0 1.0 1.0 -1.0 -1.0 -1.0 -1.0 -1.0 -1.0 -1.0 -1.0 -1.0 -1.0 -1.0 -2.0 -2.0 -2.0 -2.0 -2.0 
1.0 1.0 1.0 1.0 1.0 1.0 1.0 1.0 1.0 1.0 1.0 1.0 -1.0 -2.0 -2.0 -2.0 -2.0 -2.0 -2.0 -2.0 -2.0 -2.0 -2.0 -2.0 -2.0 
1.0 1.0 1.0 1.0 1.0 1.0 1.0 1.0 1.0 1.0 1.0 -2.0 -2.0 -2.0 -2.0 -2.0 -2.0 -2.0 -2.0 -2.0 -2.0 -2.0 -2.0 -2.0 -2.0 
1.0 1.0 1.0 1.0 1.0 1.0 1.0 1.0 1.0 -2.0 -2.0 -2.0 -2.0 -2.0 -2.0 -2.0 -2.0 -2.0 -2.0 -2.0 -2.0 -2.0 -2.0 -2.0 -2.0 
1.0 1.0 1.0 1.0 1.0 1.0 1.0 -2.0 -2.0 -2.0 -2.0 -2.0 -2.0 -2.0 -2.0 -2.0 -2.0 -2.0 -2.0 -2.0 -2.0 -2.0 -2.0 -2.0 -2.0 
1.0 1.0 1.0 1.0 1.0 2.0 -2.0 -2.0 -2.0 -2.0 -2.0 -2.0 -2.0 -2.0 -2.0 -2.0 -2.0 -2.0 -2.0 -2.0 -2.0 -2.0 -2.0 -2.0 -2.0 
1.0 1.0 1.0 2.0 2.0 2.0 -2.0 -2.0 -2.0 -2.0 -2.0 -2.0 -2.0 -2.0 -2.0 -2.0 -2.0 -2.0 -2.0 -2.0 -2.0 -2.0 -2.0 -2.0 -2.0 
2.0 2.0 2.0 2.0 2.0 2.0 -2.0 -2.0 -2.0 -2.0 -2.0 -2.0 -2.0 -2.0 -2.0 -2.0 -2.0 -2.0 -2.0 -2.0 -2.0 -2.0 -2.0 -2.0 -2.0 
2.0 2.0 2.0 2.0 2.0 2.0 -2.0 -2.0 -2.0 -2.0 -2.0 -2.0 -2.0 -2.0 -2.0 -2.0 -2.0 -2.0 -2.0 -2.0 -2.0 -2.0 -2.0 -2.0 -2.0 
2.0 2.0 2.0 2.0 2.0 2.0 -2.0 -2.0 -2.0 -2.0 -2.0 -2.0 -2.0 -2.0 -2.0 -2.0 -2.0 -2.0 -2.0 -2.0 -2.0 -2.0 -2.0 -2.0 -2.0 
2.0 2.0 2.0 2.0 2.0 2.0 -2.0 -2.0 -2.0 -2.0 -2.0 -2.0 -2.0 -2.0 -2.0 -2.0 -2.0 -2.0 -2.0 -2.0 -2.0 -2.0 -2.0 -2.0 -2.0 
2.0 2.0 2.0 2.0 2.0 2.0 -2.0 -2.0 -2.0 -2.0 -2.0 -2.0 -2.0 -2.0 -2.0 -2.0 -2.0 -2.0 -2.0 -2.0 -2.0 -2.0 -2.0 -2.0 -2.0 
2.0 2.0 2.0 2.0 2.0 2.0 0.0 0.0 0.0 0.0 0.0 0.0 0.0 0.0 0.0 0.0 0.0 0.0 0.0 0.0 0.0 0.0 0.0 0.0 0.0 
0.0 0.0 0.0 0.0 0.0 0.0 0.0 0.0 0.0 0.0 0.0 0.0 0.0 0.0 0.0 0.0 0.0 0.0 0.0 0.0 0.0 0.0 0.0 0.0 0.0 
0.0 0.0 0.0 0.0 0.0 0.0 0.0 0.0 0.0 0.0 0.0 0.0 0.0 0.0 0.0 0.0 0.0 0.0 0.0 0.0 0.0 0.0 0.0 0.0 0.0 
0.0 0.0 0.0 0.0 0.0 0.0 0.0 0.0 0.0 0.0 0.0 0.0 0.0 0.0 0.0 0.0 0.0 0.0 0.0 0.0 0.0 0.0 0.0 0.0 0.0 
0.0 0.0 0.0 0.0 0.0 0.0 0.0 0.0 0.0 0.0 0.0 0.0 0.0 0.0 0.0 0.0 0.0 0.0 0.0 0.0 0.0 0.0 0.0 0.0 0.0 
0.0 0.0 0.0 0.0 0.0 0.0 0.0 0.0 0.0 0.0 0.0 0.0 0.0 0.0 0.0 0.0 0.0 0.0 0.0 0.0 0.0 0.0 0.0 0.0 0.0 

