0.688892 0.370658 0.196226 0.602623 0.291981 0.140613 0.305940 0.670391 0.453089 0.987078 0.703021 0.026191 0.527077 0.448639 0.975780 0.136663 0.919355 0.506050 0.428366 0.134884 0.231700 0.264028 0.168525 0.083987 0.121121 
0.437423 0.572053 0.847312 0.773103 0.043632 0.202905 0.713724 0.786021 0.499718 0.043652 0.865354 0.298665 0.354239 0.107467 0.920924 0.649205 0.367135 0.302427 0.605068 0.686367 0.979577 0.864306 0.542389 0.154902 0.460298 
0.191012 0.690365 0.760556 0.688075 0.277472 0.878054 0.782220 0.274074 0.490816 0.127264 0.248350 0.246439 0.199246 0.999042 0.752655 0.054459 0.340981 0.354717 0.918116 0.568655 0.010866 0.100277 0.827129 0.236125 0.195262 
0.154473 0.720533 0.739039 0.231817 0.356720 0.491134 0.747724 0.321667 0.083952 0.580916 0.287257 0.597011 0.831577 0.915420 0.758131 0.702409 0.449867 0.437694 0.851234 0.395662 0.014902 0.166421 0.185589 0.636705 0.137908 
0.167755 0.279106 0.046501 0.451002 0.959317 0.130625 0.892187 0.944571 0.747582 0.928495 0.747951 0.188852 0.938290 0.701038 0.838943 0.167356 0.385490 0.497676 0.292436 0.463594 0.872935 0.804152 0.354744 0.215251 0.345007 
0.243390 0.265590 0.050886 0.218379 0.888187 0.454317 0.296069 0.937093 0.482181 0.217221 0.842489 0.620730 0.307075 0.222466 0.904348 0.177450 0.835507 0.542015 0.377093 0.716373 0.751186 0.450977 0.836528 0.202033 0.703640 
0.059101 0.206614 0.493575 0.877552 0.290595 0.499839 0.384579 0.134517 0.041499 0.311972 0.988279 0.761398 0.158297 0.182594 0.370336 0.742656 0.288569 0.115103 0.079584 0.009767 0.807549 0.559440 0.954963 0.779735 0.615599 
0.819773 0.475349 0.786695 0.916210 0.231931 0.338439 0.843810 0.151655 0.080757 0.961689 0.069952 0.494515 0.787648 0.750340 0.605750 0.881312 0.580624 0.982671 0.104234 0.881170 0.831165 0.645002 0.085525 0.386259 0.887144 
0.638797 0.040691 0.235594 0.595761 0.307760 0.685325 0.782263 0.174677 0.039093 0.859798 0.144026 0.710970 0.975970 0.442253 0.304702 0.347338 0.249313 0.662521 0.460221 0.699933 0.111342 0.955693 0.460689 0.443138 0.709704 
0.158685 0.547208 0.913771 0.821100 0.916422 0.233416 0.779418 0.570206 0.786712 0.354566 0.967460 0.028454 0.917006 0.930935 0.875204 0.929477 0.710491 0.653499 0.659268 0.544559 0.231914 0.595043 0.594167 0.159104 0.659948 
0.910753 0.818336 0.083883 0.003504 0.317728 0.292270 0.216366 0.729244 0.140314 0.556853 0.497928 0.204833 0.607016 0.992599 0.666141 0.445451 0.719783 0.665373 0.128042 0.630658 0.064632 0.489308 0.471852 0.976673 0.003907 
0.426758 0.183313 0.835635 0.415482 0.212447 0.957632 0.452292 0.417097 0.162974 0.492999 0.320778 0.477339 0.478030 0.784347 0.356213 0.539083 0.705273 0.792182 0.037431 0.408174 0.765132 0.834681 0.776392 0.011340 0.203306 
0.279455 0.855898 0.095604 0.059007 0.423742 0.148906 0.610210 0.107925 0.917486 0.653830 0.042040 0.809799 0.134068 0.541542 0.529661 0.786648 0.822450 0.637277 0.206420 0.389655 0.777233 0.513606 0.183969 0.762162 0.972073 
0.569084 0.944584 0.810807 0.166757 0.076444 0.963044 0.141792 0.981600 0.554232 0.479152 0.589922 0.004245 0.533840 0.903007 0.155927 0.121108 0.910699 0.739267 0.396840 0.841800 0.236857 0.857613 0.911459 0.204837 0.257612 
0.122272 0.868536 0.817944 0.394436 0.751155 0.991947 0.961383 0.930221 0.113105 0.963908 0.774310 0.516320 0.977669 0.135444 0.168780 0.926815 0.048424 0.104266 0.157914 0.449664 0.317721 0.290344 0.203753 0.258350 0.159847 
0.988208 0.842205 0.665533 0.181715 0.772557 0.568103 0.693239 0.453299 0.143365 0.322964 0.675734 0.165907 0.404407 0.068888 0.588807 0.666020 0.584739 0.297894 0.702853 0.515528 0.852508 0.557786 0.341785 0.822013 0.946302 
0.417474 0.741550 0.859274 0.540583 0.861546 0.425870 0.910121 0.517998 0.173456 0.348545 0.569879 0.684494 0.274300 0.642165 0.357134 0.800469 0.599783 0.429051 0.673901 0.075874 0.686404 0.956210 0.085117 0.480152 0.092386 
0.584597 0.009800 0.585110 0.245167 0.272318 0.138464 0.403880 0.667060 0.481954 0.863576 0.111952 0.257288 0.382370 0.537633 0.031007 0.933483 0.183978 0.780895 0.120469 0.317787 0.221987 0.559660 0.172416 0.901098 0.767020 
0.651241 0.296692 0.796818 0.821287 0.357533 0.545308 0.043843 0.137216 0.782667 0.429734 0.750923 0.946508 0.048035 0.976527 0.275763 0.570976 0.746190 0.302165 0.961394 0.975138 0.399701 0.309150 0.514431 0.761801 0.655688 
0.723229 0.663462 0.551508 0.819288 0.194326 0.705916 0.601632 0.534274 0.827241 0.379974 0.365469 0.287963 0.658310 0.120392 0.065952 0.044089 0.370104 0.796107 0.425096 0.747637 0.533101 0.786730 0.322882 0.191105 0.325131 
0.590272 0.048477 0.736390 0.914129 0.993083 0.456335 0.694661 0.957365 0.136882 0.024129 0.703015 0.200770 0.036384 0.883047 0.003167 0.850869 0.346038 0.677522 0.092671 0.049409 0.525511 0.364088 0.125117 0.817448 0.295044 
0.605310 0.634743 0.800708 0.619221 0.638900 0.503897 0.042123 0.156898 0.838113 0.669931 0.413591 0.258078 0.376296 0.508382 0.378608 0.734152 0.588991 0.105794 0.488899 0.217753 0.542931 0.302659 0.502064 0.908544 0.161061 
0.096520 0.345724 0.111400 0.324395 0.286947 0.894217 0.813090 0.740448 0.635924 0.593974 0.820180 0.263872 0.310072 0.684129 0.549325 0.536449 0.919380 0.575333 0.158943 0.047624 0.665855 0.819739 0.827402 0.115872 0.264687 
0.777265 0.063960 0.189616 0.575814 0.553763 0.214488 0.618509 0.520007 0.343840 0.541250 0.079141 0.718391 0.620996 0.718970 0.251916 0.231198 0.062435 0.808115 0.279758 0.081919 0.468174 0.977868 0.764975 0.164111 0.177298 
0.165478 0.170431 0.895433 0.504649 0.666191 0.006435 0.115684 0.507639 0.071950 0.783277 0.030696 0.151970 0.825240 0.498696 0.877534 0.648197 0.893428 0.318210 0.280356 0.720290 0.519676 0.845316 0.257541 0.352813 0.400880 

0.002248 0.296303 0.932415 0.186247 0.095074 0.777995 0.007426 0.639671 0.279776 0.418212 0.444630 0.608383 0.531884 0.120405 0.848466 0.349236 0.039336 0.797506 0.155257 0.233233 0.256546 0.451268 0.262006 0.168660 0.591460 
0.018720 0.559537 0.229916 0.459785 0.920419 0.174740 0.282579 0.078836 0.689496 0.621919 0.416032 0.439341 0.448042 0.322619 0.711788 0.107636 0.540653 0.095822 0.282493 0.482151 0.643575 0.197551 0.985722 0.053641 0.797965 
0.240122 0.230964 0.946211 0.843793 0.817525 0.048268 0.148650 0.180443 0.288656 0.150340 0.774605 0.664853 0.479883 0.899717 0.091590 0.235196 0.314980 0.146667 0.145152 0.059453 0.455587 0.527008 0.098410 0.280063 0.600678 
0.482106 0.603860 0.922224 0.112744 0.969625 0.576369 0.591368 0.052927 0.826430 0.493978 0.618846 0.903597 0.797543 0.803546 0.371773 0.877676 0.127762 0.305985 0.545893 0.407449 0.131197 0.664470 0.384796 0.943057 0.752733 
0.606433 0.826491 0.093341 0.716025 0.076470 0.009807 0.137159 0.780518 0.985595 0.741569 0.634579 0.835725 0.008541 0.629727 0.901421 0.147830 0.033479 0.090572 0.673967 0.173963 0.079435 0.938401 0.939245 0.738892 0.649099 
0.127664 0.776548 0.278533 0.063033 0.551464 0.464686 0.487185 0.860645 0.784761 0.930214 0.240713 0.553905 0.965491 0.953470 0.250780 0.067145 0.895342 0.266375 0.251232 0.913700 0.416230 0.245521 0.516117 0.048185 0.154887 
0.203600 0.548505 0.402699 0.666118 0.230463 0.867173 0.409709 0.373011 0.214481 0.785583 0.432261 0.985253 0.569609 0.109140 0.376557 0.072385 0.432866 0.124086 0.262786 0.006131 0.926134 0.925415 0.078517 0.805013 0.577427 
0.574460 0.413916 0.403928 0.707621 0.681246 0.711714 0.297119 0.628764 0.310213 0.015291 0.509424 0.322810 0.912454 0.917187 0.036826 0.497179 0.989098 0.278286 0.121327 0.623245 0.245878 0.598382 0.179837 0.146889 0.007323 
0.232844 0.411510 0.476445 0.110317 0.654201 0.021819 0.403700 0.388800 0.255685 0.413250 0.117498 0.413971 0.295040 0.710071 0.412406 0.793628 0.770442 0.395809 0.373614 0.002492 0.978049 0.133702 0.922497 0.160869 0.096667 
0.634686 0.565642 0.449253 0.035432 0.105984 0.825692 0.184026 0.553757 0.637020 0.002568 0.902851 0.039737 0.514578 0.265266 0.406018 0.237178 0.869955 0.484341 0.234213 0.219269 0.513591 0.878307 0.661541 0.786387 0.700677 
0.910175 0.134698 0.697108 0.934068 0.607805 0.215017 0.522459 0.088189 0.729349 0.013920 0.361712 0.429701 0.692871 0.797137 0.390599 0.532771 0.728064 0.208873 0.527658 0.988825 0.293901 0.282621 0.362147 0.407351 0.005964 
0.803217 0.307702 0.619410 0.034686 0.269653 0.598274 0.610266 0.936956 0.101792 0.906940 0.172828 0.445352 0.198785 0.785697 0.128614 0.884694 0.215148 0.200077 0.654841 0.581146 0.116433 0.230208 0.336446 0.002390 0.214557 
0.258653 0.469707 0.504355 0.751496 0.815478 0.889362 0.900856 0.499665 0.347253 0.894009 0.120444 0.260050 0.557227 0.362033 0.610563 0.973179 0.803521 0.309800 0.680830 0.229299 0.069225 0.873801 0.854324 0.564838 0.364285 
0.467719 0.555455 0.382513 0.524396 0.182832 0.305335 0.944481 0.456069 0.972913 0.504946 0.481423 0.363692 0.442015 0.610312 0.151062 0.020897 0.814994 0.201986 0.797023 0.852556 0.355051 0.104572 0.545570 0.782653 0.698484 
0.868527 0.421894 0.571807 0.395030 0.910504 0.124686 0.645079 0.914199 0.465833 0.088717 0.802769 0.990379 0.404119 0.882771 0.322329 0.354559 0.676488 0.709861 0.934989 0.687190 0.316076 0.308326 0.715966 0.232114 0.251327 
0.576441 0.778822 0.041027 0.956140 0.545250 0.863692 0.176708 0.194792 0.595160 0.127982 0.887243 0.465038 0.302738 0.754564 0.500567 0.337906 0.976594 0.897864 0.380394 0.109787 0.195124 0.175069 0.980762 0.612436 0.397806 
0.787779 0.512882 0.784782 0.020528 0.664021 0.737228 0.208247 0.772335 0.802522 0.294961 0.080831 0.950174 0.047722 0.511843 0.182626 0.624573 0.631268 0.052820 0.405287 0.824093 0.783161 0.294703 0.976765 0.157670 0.099446 
0.056262 0.199236 0.310875 0.905812 0.771150 0.084326 0.904700 0.400066 0.970310 0.821316 0.281682 0.088948 0.353410 0.488195 0.912559 0.514645 0.615375 0.796009 0.825590 0.523923 0.409957 0.906364 0.780171 0.944537 0.849951 
0.110760 0.752899 0.866631 0.934796 0.984703 0.378577 0.085295 0.267033 0.718990 0.275400 0.494774 0.566289 0.589512 0.611111 0.016531 0.261812 0.166307 0.271754 0.033841 0.785657 0.268399 0.319222 0.966028 0.232255 0.257194 
0.231605 0.065842 0.660433 0.798958 0.091136 0.470141 0.463305 0.186698 0.852395 0.267323 0.682029 0.942889 0.625107 0.133799 0.873029 0.626577 0.379278 0.482285 0.926984 0.479240 0.984047 0.666687 0.064837 0.534168 0.309428 
0.422171 0.550827 0.744163 0.308554 0.549991 0.841452 0.257532 0.084116 0.390667 0.850059 0.045361 0.769431 0.025889 0.386039 0.765351 0.966937 0.560401 0.505681 0.193042 0.552204 0.076934 0.309362 0.519882 0.862386 0.490297 
0.683782 0.039403 0.986679 0.531584 0.721589 0.965158 0.196737 0.329346 0.747148 0.530168 0.296073 0.710129 0.522485 0.768036 0.673105 0.590816 0.905935 0.686257 0.427753 0.210099 0.320257 0.018571 0.778487 0.005504 0.509497 
0.489849 0.295214 0.863767 0.422443 0.732982 0.790797 0.619161 0.252287 0.989736 0.500137 0.797670 0.350232 0.228086 0.754812 0.262221 0.250675 0.061756 0.284141 0.653224 0.619837 0.183394 0.781839 0.002650 0.134739 0.403688 
0.998931 0.936592 0.310044 0.664276 0.045248 0.466238 0.498276 0.185852 0.166420 0.814111 0.726232 0.450589 0.327739 0.426414 0.787726 0.420264 0.542330 0.312005 0.561368 0.025139 0.734191 0.877579 0.259141 0.290477 0.097574 
0.306702 0.947427 0.497658 0.151282 0.184524 0.361596 0.921858 0.031061 0.708213 0.943619 0.735462 0.261292 0.719314 0.030725 0.138103 0.329250 0.871536 0.931050 0.654235 0.352005 0.165910 0.137934 0.749840 0.746503 0.489620 

0.962334 0.352255 0.046459 0.904509 0.158519 0.052336 0.195018 0.270616 0.340744 0.787724 0.782582 -0.105613 0.617235 0.494279 0.794584 0.264699 1.119632 0.416290 0.632183 0.835861 0.400382 0.276619 0.102353 0.197212 0.055131 
0.313869 1.000894 -0.286885 0.562679 0.073902 0.089180 0.559360 0.870880 0.553117 0.273395 0.840973 0.355835 0.158112 -0.011137 0.860166 0.015427 0.592521 -0.070855 0.451339 0.352916 0.862585 1.525639 1.147955 -0.207984 0.252454 
0.257561 0.502170 1.322281 0.993017 0.606308 -0.085168 0.551329 0.575743 0.737095 0.147653 0.110270 0.328013 -0.018140 1.103377 0.581342 0.011153 0.518576 0.200516 0.830790 -0.012000 0.107221 -0.234257 1.090934 0.958990 0.211625 
0.409579 0.562898 1.065080 0.443010 0.134486 0.736689 0.399523 0.073287 -0.073181 0.529016 0.736168 -0.146267 1.016498 0.533390 0.750961 0.579472 0.465925 0.910688 0.953466 0.488229 0.705765 0.175397 0.282838 0.894978 -0.085165 
0.088045 0.042335 0.338355 0.083395 0.932711 0.173698 0.967314 1.022607 0.580618 0.763060 0.242932 0.214354 0.901991 0.927846 0.802655 -0.357372 0.480485 0.855063 0.165728 -0.088007 1.056975 0.407520 0.551640 0.591271 0.525106 
-0.498781 -1.928487 -0.424555 0.051699 -0.787639 -1.008201 -0.863174 -2.045192 -1.849493 -2.264694 -0.520292 -1.309727 -2.345772 -1.960080 -0.782230 -0.099427 -1.966221 -0.656976 -0.080354 -2.147241 -0.802015 -0.783353 -1.902563 0.034135 -0.162303 
0.066344 -0.958756 -0.910932 -0.875046 -0.516405 -1.777617 -1.109213 -0.196489 -0.462420 -1.587597 -0.459048 -1.672734 -1.038476 0.253332 -0.967077 0.091131 -0.764915 -0.100015 -0.770326 0.090131 -1.726594 -2.416794 -0.010216 -1.821579 -0.946217 
-1.388925 -1.173866 -1.026986 -1.368147 -1.362424 -1.468554 -0.206808 -0.535751 -0.185056 0.594843 -0.753218 -0.320015 -1.632568 -1.182915 -0.159684 -0.907546 -2.216805 -0.476696 -0.605017 -0.988199 -0.473441 -1.511047 -0.012102 -0.276181 0.014478 
-0.354735 -0.479895 -1.210921 -0.245492 -1.917860 0.184998 -0.501354 -0.907660 -0.813776 -0.448478 -0.364097 -0.365627 -1.043900 -1.759382 -1.066170 -1.422598 -1.219180 -0.832460 -1.005064 -0.165497 -2.172856 0.130308 -2.299230 -0.319378 -0.417728 
-1.415263 -1.093371 -1.030911 0.207732 -0.634732 -2.079628 -0.057321 -0.908298 -1.219723 0.147744 -1.757314 -0.313951 -1.515596 -0.193139 -0.954437 -0.269568 -2.149084 -1.036315 -0.273876 -0.111679 -0.866076 -1.762847 -1.634285 -1.713722 -1.843067 
-0.300022 -1.732489 1.776988 2.204855 0.731347 0.169181 0.605174 -1.302566 1.262713 -1.213722 -0.381523 0.680709 0.039513 0.324163 -0.652319 0.463378 -0.057442 -1.234399 0.741797 0.942810 0.518502 -0.018048 -0.562572 -1.222817 0.344318 
0.758379 0.653602 -0.380861 -0.248136 0.770896 -1.172517 0.178348 0.954368 -0.161780 0.777920 -0.556133 -0.518237 -1.473257 -0.310365 -0.749962 0.326321 -0.820984 -0.805357 0.764812 0.162776 -1.581823 -1.184831 -0.615062 0.361244 0.207735 
-0.746746 -1.053127 0.584012 1.579810 0.563436 1.767312 0.755679 0.425189 -1.083823 0.971695 0.339603 -0.687098 1.155037 -0.021425 0.028765 0.788192 0.195511 -0.696657 1.419566 -0.165105 -1.642207 0.107918 1.439711 -0.907914 -1.350626 
-0.296633 -1.011583 -0.772511 0.843204 0.305572 -1.321577 1.332151 -0.808311 1.095682 -0.033397 -0.083130 0.836448 -0.197785 -0.680239 -0.486389 -0.220407 -0.080546 -0.878369 0.735722 0.189585 0.419564 -1.407612 -0.589971 1.660643 0.658329 
1.444938 -0.669379 -0.694581 -0.311357 0.247505 -1.449427 -0.352683 0.126383 0.960935 -2.068966 0.088638 1.000501 -1.381409 1.647519 0.156092 -0.934468 1.556874 1.435405 1.564727 0.259055 0.514659 0.286548 1.305921 -0.027187 0.269035 
1.298570 0.994231 1.479090 -0.465745 1.133279 -0.008240 1.225107 0.587739 0.141364 0.386744 0.536489 0.393263 0.394154 -0.621775 0.641392 0.831952 0.166676 0.327050 0.765545 1.126826 1.271563 1.171214 -0.519720 0.958330 1.575581 
-0.728874 0.828578 0.657399 1.354800 1.187797 0.340380 1.376080 0.328067 -0.006718 0.478293 0.667550 0.344056 0.390877 1.155341 0.668687 0.583762 1.188076 1.005791 0.701724 -0.911552 0.812915 1.403247 -0.876385 0.987779 0.348938 
1.045591 -0.213571 0.928201 -0.054372 -0.944491 -0.170569 -0.101558 0.698674 0.097270 0.808125 -0.439729 0.280085 0.276780 0.595759 -0.998788 2.218396 -0.599910 1.177748 -0.815294 0.366974 0.312151 0.706615 -0.118024 0.724539 0.581459 
1.547524 -0.055346 0.718616 0.693647 -0.012157 1.080670 0.258670 -0.068199 0.460702 0.944204 1.090102 1.203358 -0.764271 1.127762 0.921681 0.455146 1.195540 0.218479 1.628225 1.320999 0.795129 0.267689 -0.156151 1.058278 0.927891 
1.189961 1.944762 0.277821 0.854291 1.355501 0.985948 0.816942 0.955785 0.491724 0.673349 0.011206 -0.525753 0.900034 -0.267168 -0.941656 -0.673954 0.522824 0.750419 0.073866 0.957991 0.249308 1.252911 0.739855 0.087624 0.245524 
0.308041 1.269793 -0.203016 -0.408652 -0.477852 0.337055 -0.733749 -0.981849 0.178969 0.804687 -0.410669 0.801024 0.428241 -0.113448 0.765575 0.278021 -0.037879 -0.526951 -0.150604 0.483119 -0.384249 -0.410829 0.411918 0.211967 0.054216 
-0.102550 -0.704916 -0.170797 0.152404 -0.122877 0.676700 -0.161630 0.566003 0.388741 -0.250456 -0.486461 0.371155 0.049185 0.492523 0.207574 -0.288854 0.489649 0.619351 -0.272881 0.030623 -0.764853 -0.546843 -0.010442 -0.928745 0.310115 
0.224831 -0.463727 0.833405 0.504364 0.590635 -0.329160 0.056788 -0.764419 0.651357 -0.626722 -0.426116 -0.160466 -0.325641 0.212507 -0.274386 -0.592910 -0.999077 -0.146097 0.113701 0.272863 -0.365224 0.312780 -1.092580 0.161972 0.384872 
0.378802 0.873900 0.111544 -0.203837 -0.440227 0.116759 -0.265227 0.077069 -0.077925 0.373685 0.890304 -0.552559 -0.161700 -0.507366 0.516471 1.039895 0.827697 -0.194301 0.926108 0.030226 0.039332 0.145091 -0.052997 0.336572 -0.296593 
-0.027195 0.677371 -0.414662 0.095700 -0.465532 0.097959 0.201667 -0.253771 1.098061 0.413510 0.873034 -0.004464 -0.072936 -0.771996 -0.609717 -0.391218 0.259811 0.956124 0.353985 -0.093902 -0.568501 -1.163199 0.624787 0.422718 -0.018275 

0 0 0 0 0 0 0 0 0 0 0 0 0 0 0 0 0 0 0 0 0 0 0 0 0 
0 0 0 0 0 0 0 0 0 0 0 0 0 0 0 0 0 0 0 0 0 0 0 0 0 
0 0 0 0 0 0 0 0 0 0 0 0 0 0 0 0 0 0 0 0 0 0 0 0 0 
0 0 0 0 0 0 0 0 0 0 0 0 0 0 0 0 0 0 0 0 0 0 0 0 0 
0 0 0 0 0 0 0 0 0 0 0 0 0 0 0 0 0 0 0 0 0 0 0 0 0 
1 1 1 1 1 1 1 1 1 1 1 1 1 1 1 1 1 1 1 1 1 1 1 1 1 
1 1 1 1 1 1 1 1 1 1 1 1 1 1 1 1 1 1 1 1 1 1 1 1 1 
1 1 1 1 1 1 1 1 1 1 1 1 1 1 1 1 1 1 1 1 1 1 1 1 1 
1 1 1 1 1 1 1 1 1 1 1 1 1 1 1 1 1 1 1 1 1 1 1 1 1 
1 1 1 1 1 1 1 1 1 1 1 1 1 1 1 1 1 1 1 1 1 1 1 1 1 
2 2 2 2 2 2 2 2 2 2 2 2 2 2 2 2 2 2 2 2 2 2 2 2 2 
2 2 2 2 2 2 2 2 2 2 2 2 2 2 2 2 2 2 2 2 2 2 2 2 2 
2 2 2 2 2 2 2 2 2 2 2 2 2 2 2 2 2 2 2 2 2 2 2 2 2 
2 2 2 2 2 2 2 2 2 2 2 2 2 2 2 2 2 2 2 2 2 2 2 2 2 
2 2 2 2 2 2 2 2 2 2 2 2 2 2 2 2 2 2 2 2 2 2 2 2 2 
3 3 3 3 3 3 3 3 3 3 3 3 3 3 3 3 3 3 3 3 3 3 3 3 3 
3 3 3 3 3 3 3 3 3 3 3 3 3 3 3 3 3 3 3 3 3 3 3 3 3 
3 3 3 3 3 3 3 3 3 3 3 3 3 3 3 3 3 3 3 3 3 3 3 3 3 
3 3 3 3 3 3 3 3 3 3 3 3 3 3 3 3 3 3 3 3 3 3 3 3 3 
3 3 3 3 3 3 3 3 3 3 3 3 3 3 3 3 3 3 3 3 3 3 3 3 3 
4 4 4 4 4 4 4 4 4 4 4 4 4 4 4 4 4 4 4 4 4 4 4 4 4 
4 4 4 4 4 4 4 4 4 4 4 4 4 4 4 4 4 4 4 4 4 4 4 4 4 
4 4 4 4 4 4 4 4 4 4 4 4 4 4 4 4 4 4 4 4 4 4 4 4 4 
4 4 4 4 4 4 4 4 4 4 4 4 4 4 4 4 4 4 4 4 4 4 4 4 4 
4 4 4 4 4 4 4 4 4 4 4 4 4 4 4 4 4 4 4 4 4 4 4 4 4 

1.0 1.0 1.0 1.0 1.0 1.0 1.0 1.0 1.0 1.0 1.0 1.0 1.0 1.0 1.0 1.0 1.0 1.0 1.0 1.0 1.0 1.0 1.0 1.0 1.0 
1.0 1.0 1.0 1.0 1.0 1.0 1.0 1.0 1.0 1.0 1.0 1.0 1.0 1.0 1.0 1.0 1.0 1.0 1.0 1.0 1.0 1.0 1.0 1.0 1.0 
1.0 1.0 1.0 1.0 1.0 1.0 1.0 1.0 1.0 1.0 1.0 1.0 1.0 1.0 1.0 1.0 1.0 1.0 1.0 1.0 1.0 1.0 1.0 1.0 1.0 
1.0 1.0 1.0 1.0 1.0 1.0 1.0 1.0 1.0 1.0 1.0 1.0 1.0 1.0 1.0 1.0 1.0 1.0 1.0 1.0 1.0 1.0 1.0 1.0 1.0 
1.0 1.0 1.0 1.0 1.0 1.0 1.0 1.0 1.0 1.0 1.0 1.0 1.0 1.0 1.0 1.0 1.0 1.0 1.0 1.0 1.0 1.0 1.0 1.0 1.0 
0.0 0.0 0.0 0.0 0.0 0.0 0.0 0.0 0.0 0.0 0.0 0.0 0.0 0.0 0.0 0.0 0.0 0.0 0.0 0.0 0.0 0.0 0.0 0.0 0.0 
0.0 0.0 0.0 0.0 0.0 0.0 0.0 0.0 0.0 0.0 0.0 0.0 0.0 0.0 0.0 0.0 0.0 0.0 0.0 0.0 0.0 0.0 0.0 0.0 0.0 
0.0 0.0 0.0 0.0 0.0 0.0 0.0 0.0 0.0 0.0 0.0 0.0 0.0 0.0 0.0 0.0 0.0 0.0 0.0 0.0 0.0 0.0 0.0 0.0 0.0 
0.0 0.0 0.0 0.0 0.0 0.0 0.0 0.0 0.0 0.0 0.0 0.0 0.0 0.0 0.0 0.0 0.0 0.0 0.0 0.0 0.0 0.0 0.0 0.0 0.0 
0.0 0.0 0.0 0.0 0.0 0.0 0.0 0.0 0.0 0.0 0.0 0.0 0.0 0.0 0.0 0.0 0.0 0.0 0.0 0.0 0.0 0.0 0.0 0.0 0.0 
-2.0 -2.0 -2.0 -2.0 -2.0 -2.0 -2.0 -2.0 -2.0 -2.0 -2.0 -2.0 -2.0 -2.0 -2.0 -2.0 -2.0 -2.0 -2.0 -2.0 -2.0 -2.0 -2.0 -2.0 -2.0 
-2.0 -2.0 -2.0 -2.0 -2.0 -2.0 -2.0 -2.0 -2.0 -2.0 -2.0 -2.0 -2.0 -2.0 -2.0 -2.0 -2.0 -2.0 -2.0 -2.0 -2.0 -2.0 -2.0 -2.0 -2.0 
-2.0 -2.0 -2.0 -2.0 -2.0 -2.0 -2.0 -2.0 -2.0 -2.0 -2.0 -2.0 -2.0 -2.0 -2.0 -2.0 -2.0 -2.0 -2.0 -2.0 -2.0 -2.0 -2.0 -2.0 -2.0 
-2.0 -2.0 -2.0 -2.0 -2.0 -2.0 -2.0 -2.0 -2.0 -2.0 -2.0 -2.0 -2.0 -2.0 -2.0 -2.0 -2.0 -2.0 -2.0 -2.0 -2.0 -2.0 -2.0 -2.0 -2.0 
-2.0 -2.0 -2.0 -2.0 -2.0 -2.0 -2.0 -2.0 -2.0 -2.0 -2.0 -2.0 -2.0 -2.0 -2.0 -2.0 -2.0 -2.0 -2.0 -2.0 -2.0 -2.0 -2.0 -2.0 -2.0 
2.0 2.0 2.0 2.0 2.0 2.0 2.0 2.0 2.0 2.0 2.0 2.0 2.0 2.0 2.0 2.0 2.0 2.0 2.0 2.0 2.0 2.0 2.0 2.0 2.0 
2.0 2.0 2.0 2.0 2.0 2.0 2.0 2.0 2.0 2.0 2.0 2.0 2.0 2.0 2.0 2.0 2.0 2.0 2.0 2.0 2.0 2.0 2.0 2.0 2.0 
2.0 2.0 2.0 2.0 2.0 2.0 2.0 2.0 2.0 2.0 2.0 2.0 2.0 2.0 2.0 2.0 2.0 2.0 2.0 2.0 2.0 2.0 2.0 2.0 2.0 
2.0 2.0 2.0 2.0 2.0 2.0 2.0 2.0 2.0 2.0 2.0 2.0 2.0 2.0 2.0 2.0 2.0 2.0 2.0 2.0 2.0 2.0 2.0 2.0 2.0 
2.0 2.0 2.0 2.0 2.0 2.0 2.0 2.0 2.0 2.0 2.0 2.0 2.0 2.0 2.0 2.0 2.0 2.0 2.0 2.0 2.0 2.0 2.0 2.0 2.0 
-1.0 -1.0 -1.0 -1.0 -1.0 -1.0 -1.0 -1.0 -1.0 -1.0 -1.0 -1.0 -1.0 -1.0 -1.0 -1.0 -1.0 -1.0 -1.0 -1.0 -1.0 -1.0 -1.0 -1.0 -1.0 
-1.0 -1.0 -1.0 -1.0 -1.0 -1.0 -1.0 -1.0 -1.0 -1.0 -1.0 -1.0 -1.0 -1.0 -1.0 -1.0 -1.0 -1.0 -1.0 -1.0 -1.0 -1.0 -1.0 -1.0 -1.0 
-1.0 -1.0 -1.0 -1.0 -1.0 -1.0 -1.0 -1.0 -1.0 -1.0 -1.0 -1.0 -1.0 -1.0 -1.0 -1.0 -1.0 -1.0 -1.0 -1.0 -1.0 -1.0 -1.0 -1.0 -1.0 
-1.0 -1.0 -1.0 -1.0 -1.0 -1.0 -1.0 -1.0 -1.0 -1.0 -1.0 -1.0 -1.0 -1.0 -1.0 -1.0 -1.0 -1.0 -1.0 -1.0 -1.0 -1.0 -1.0 -1.0 -1.0 
-1.0 -1.0 -1.0 -1.0 -1.0 -1.0 -1.0 -1.0 -1.0 -1.0 -1.0 -1.0 -1.0 -1.0 -1.0 -1.0 -1.0 -1.0 -1.0 -1.0 -1.0 -1.0 -1.0 -1.0 -1.0 

0.0 0.0 0.0 0.0 0.0 0.0 0.0 0.0 0.0 0.0 0.0 0.0 0.0 0.0 0.0 0.0 0.0 0.0 0.0 0.0 0.0 0.0 0.0 0.0 0.0 
0.0 0.0 0.0 0.0 0.0 0.0 0.0 0.0 0.0 0.0 0.0 0.0 0.0 0.0 0.0 0.0 0.0 0.0 0.0 0.0 0.0 0.0 0.0 0.0 0.0 
0.0 0.0 0.0 0.0 0.0 0.0 0.0 0.0 0.0 0.0 0.0 0.0 0.0 0.0 0.0 0.0 0.0 0.0 0.0 0.0 0.0 0.0 0.0 0.0 0.0 
0.0 0.0 0.0 0.0 0.0 0.0 0.0 0.0 0.0 0.0 0.0 0.0 0.0 0.0 0.0 0.0 0.0 0.0 0.0 0.0 0.0 0.0 0.0 0.0 0.0 
0.0 0.0 0.0 0.0 0.0 0.0 0.0 0.0 0.0 0.0 0.0 0.0 0.0 0.0 0.0 0.0 0.0 0.0 0.0 0.0 0.0 0.0 0.0 0.0 0.0 
-2.0 -2.0 -2.0 -2.0 -2.0 -2.0 -2.0 -2.0 -2.0 -2.0 -2.0 -2.0 -2.0 -2.0 -2.0 -2.0 -2.0 -2.0 -2.0 -2.0 -2.0 -2.0 -2.0 -2.0 -2.0 
-2.0 -2.0 -2.0 -2.0 -2.0 -2.0 -2.0 -2.0 -2.0 -2.0 -2.0 -2.0 -2.0 -2.0 -2.0 -2.0 -2.0 -2.0 -2.0 -2.0 -2.0 -2.0 -2.0 -2.0 -2.0 
-2.0 -2.0 -2.0 -2.0 -2.0 -2.0 -2.0 -2.0 -2.0 -2.0 -2.0 -2.0 -2.0 -2.0 -2.0 -2.0 -2.0 -2.0 -2.0 -2.0 -2.0 -2.0 -2.0 -2.0 -2.0 
-2.0 -2.0 -2.0 -2.0 -2.0 -2.0 -2.0 -2.0 -2.0 -2.0 -2.0 -2.0 -2.0 -2.0 -2.0 -2.0 -2.0 -2.0 -2.0 -2.0 -2.0 -2.0 -2.0 -2.0 -2.0 
-2.0 -2.0 -2.0 -2.0 -2.0 -2.0 -2.0 -2.0 -2.0 -2.0 -2.0 -2.0 -2.0 -2.0 -2.0 -2.0 -2.0 -2.0 -2.0 -2.0 -2.0 -2.0 -2.0 -2.0 -2.0 
2.0 2.0 2.0 2.0 2.0 2.0 2.0 2.0 2.0 2.0 2.0 2.0 2.0 2.0 2.0 2.0 2.0 2.0 2.0 2.0 2.0 2.0 2.0 2.0 2.0 
2.0 2.0 2.0 2.0 2.0 2.0 2.0 2.0 2.0 2.0 2.0 2.0 2.0 2.0 2.0 2.0 2.0 2.0 2.0 2.0 2.0 2.0 2.0 2.0 2.0 
2.0 2.0 2.0 2.0 2.0 2.0 2.0 2.0 2.0 2.0 2.0 2.0 2.0 2.0 2.0 2.0 2.0 2.0 2.0 2.0 2.0 2.0 2.0 2.0 2.0 
2.0 2.0 2.0 2.0 2.0 2.0 2.0 2.0 2.0 2.0 2.0 2.0 2.0 2.0 2.0 2.0 2.0 2.0 2.0 2.0 2.0 2.0 2.0 2.0 2.0 
2.0 2.0 2.0 2.0 2.0 2.0 2.0 2.0 2.0 2.0 2.0 2.0 2.0 2.0 2.0 2.0 2.0 2.0 2.0 2.0 2.0 2.0 2.0 2.0 2.0 
-1.0 -1.0 -1.0 -1.0 -1.0 -1.0 -1.0 -1.0 -1.0 -1.0 -1.0 -1.0 -1.0 -1.0 -1.0 -1.0 -1.0 -1.0 -1.0 -1.0 -1.0 -1.0 -1.0 -1.0 -1.0 
-1.0 -1.0 -1.0 -1.0 -1.0 -1.0 -1.0 -1.0 -1.0 -1.0 -1.0 -1.0 -1.0 -1.0 -1.0 -1.0 -1.0 -1.0 -1.0 -1.0 -1.0 -1.0 -1.0 -1.0 -1.0 
-1.0 -1.0 -1.0 -1.0 -1.0 -1.0 -1.0 -1.0 -1.0 -1.0 -1.0 -1.0 -1.0 -1.0 -1.0 -1.0 -1.0 -1.0 -1.0 -1.0 -1.0 -1.0 -1.0 -1.0 -1.0 
-1.0 -1.0 -1.0 -1.0 -1.0 -1.0 -1.0 -1.0 -1.0 -1.0 -1.0 -1.0 -1.0 -1.0 -1.0 -1.0 -1.0 -1.0 -1.0 -1.0 -1.0 -1.0 -1.0 -1.0 -1.0 
-1.0 -1.0 -1.0 -1.0 -1.0 -1.0 -1.0 -1.0 -1.0 -1.0 -1.0 -1.0 -1.0 -1.0 -1.0 -1.0 -1.0 -1.0 -1.0 -1.0 -1.0 -1.0 -1.0 -1.0 -1.0 
1.0 1.0 1.0 1.0 1.0 1.0 1.0 1.0 1.0 1.0 1.0 1.0 1.0 1.0 1.0 1.0 1.0 1.0 1.0 1.0 1.0 1.0 1.0 1.0 1.0 
1.0 1.0 1.0 1.0 1.0 1.0 1.0 1.0 1.0 1.0 1.0 1.0 1.0 1.0 1.0 1.0 1.0 1.0 1.0 1.0 1.0 1.0 1.0 1.0 1.0 
1.0 1.0 1.0 1.0 1.0 1.0 1.0 1.0 1.0 1.0 1.0 1.0 1.0 1.0 1.0 1.0 1.0 1.0 1.0 1.0 1.0 1.0 1.0 1.0 1.0 
1.0 1.0 1.0 1.0 1.0 1.0 1.0 1.0 1.0 1.0 1.0 1.0 1.0 1.0 1.0 1.0 1.0 1.0 1.0 1.0 1.0 1.0 1.0 1.0 1.0 
1.0 1.0 1.0 1.0 1.0 1.0 1.0 1.0 1.0 1.0 1.0 1.0 1.0 1.0 1.0 1.0 1.0 1.0 1.0 1.0 1.0 1.0 1.0 1.0 1.0 

