0.000062 0.015132 0.663965 0.076613 0.032237 0.135730 0.191374 0.449660 0.920033 0.669012 0.288092 0.131810 0.945384 0.135533 0.807543 0.490482 0.268503 0.391362 0.295040 0.032232 0.744814 0.821179 0.587264 0.406171 0.534755 
0.043900 0.579743 0.599617 0.930247 0.567991 0.953718 0.560246 0.652217 0.645874 0.951168 0.731452 0.186917 0.606878 0.940988 0.077167 0.540868 0.266909 0.768457 0.153079 0.822770 0.346319 0.218877 0.894003 0.950311 0.146430 
0.125621 0.135469 0.024353 0.978901 0.444521 0.578454 0.248452 0.266978 0.538263 0.550039 0.725277 0.405888 0.635414 0.763417 0.810899 0.636124 0.057689 0.826783 0.607083 0.973117 0.736139 0.483850 0.441619 0.813746 0.068776 
0.449423 0.877658 0.874726 0.885285 0.220915 0.930583 0.866301 0.732583 0.090271 0.625561 0.762412 0.164586 0.433666 0.941103 0.900071 0.194932 0.155398 0.266679 0.103866 0.544620 0.810036 0.329298 0.609341 0.120965 0.055077 
0.699311 0.379680 0.820738 0.320029 0.883258 0.898670 0.141473 0.779588 0.045334 0.186904 0.156445 0.832562 0.057412 0.476154 0.798433 0.424915 0.551816 0.591930 0.442114 0.130991 0.516970 0.979226 0.882479 0.133167 0.388988 
0.437640 0.814999 0.765928 0.165730 0.852988 0.115529 0.521191 0.511192 0.173466 0.252983 0.796664 0.363853 0.918303 0.977279 0.479612 0.213194 0.770613 0.666829 0.494372 0.976870 0.671805 0.886587 0.814040 0.740008 0.862678 
0.556362 0.622169 0.170395 0.991003 0.740324 0.582242 0.623476 0.757093 0.015965 0.988277 0.426469 0.934486 0.013572 0.225144 0.708804 0.866113 0.817070 0.035655 0.914715 0.175964 0.515824 0.673204 0.528396 0.711409 0.420174 
0.640031 0.236989 0.920355 0.957209 0.758826 0.901964 0.864816 0.730011 0.279416 0.092940 0.977736 0.797338 0.784568 0.361508 0.256812 0.275462 0.383883 0.838810 0.303790 0.558228 0.118957 0.862283 0.636516 0.099400 0.540067 
0.535077 0.367239 0.887867 0.463095 0.805860 0.931666 0.980055 0.595225 0.508521 0.637363 0.712658 0.334102 0.921162 0.652344 0.873166 0.491904 0.161732 0.280019 0.290332 0.458012 0.736167 0.975686 0.549746 0.576652 0.241332 
0.083088 0.289537 0.967169 0.627997 0.419556 0.657792 0.093425 0.019603 0.331247 0.212859 0.962331 0.706773 0.893225 0.801287 0.176278 0.250798 0.722360 0.845354 0.282306 0.070583 0.408345 0.329756 0.977200 0.417572 0.271014 
0.232287 0.364210 0.088821 0.774770 0.709024 0.494228 0.462427 0.281210 0.367915 0.479719 0.620194 0.137125 0.305164 0.985179 0.818934 0.466605 0.687454 0.822230 0.358472 0.010799 0.024283 0.409579 0.894740 0.205356 0.323524 
0.632653 0.993188 0.408135 0.416800 0.433212 0.733474 0.891226 0.739988 0.152197 0.670177 0.172194 0.698405 0.986788 0.916392 0.607858 0.594468 0.715325 0.203029 0.436418 0.842706 0.476245 0.435620 0.451552 0.269737 0.744771 
0.342691 0.572177 0.357980 0.482747 0.409365 0.891731 0.565731 0.349854 0.530586 0.561643 0.400505 0.421321 0.726737 0.251900 0.125660 0.289736 0.352907 0.482725 0.807071 0.434405 0.337778 0.261259 0.528470 0.237615 0.084522 
0.259253 0.564471 0.394435 0.198978 0.369253 0.065297 0.149143 0.893096 0.144649 0.355981 0.748076 0.126428 0.046409 0.792427 0.946728 0.784751 0.951472 0.480043 0.438784 0.801365 0.179106 0.395640 0.419360 0.386223 0.797877 
0.097685 0.893043 0.242236 0.546540 0.284979 0.963185 0.620531 0.852471 0.014480 0.991119 0.061312 0.344332 0.568309 0.702764 0.775338 0.693871 0.076049 0.967676 0.209027 0.900344 0.628345 0.155970 0.759092 0.491459 0.978856 
0.676662 0.350007 0.432651 0.239177 0.184967 0.806170 0.634955 0.049348 0.879446 0.047357 0.098143 0.077245 0.793486 0.519802 0.340947 0.364518 0.942967 0.867775 0.395228 0.161639 0.537629 0.348632 0.769581 0.996583 0.381976 
0.765939 0.671252 0.540985 0.135236 0.669628 0.014817 0.625881 0.529966 0.036363 0.099561 0.542121 0.891501 0.091379 0.540090 0.534911 0.965735 0.801944 0.157138 0.116567 0.573156 0.344066 0.688683 0.395665 0.798786 0.978250 
0.989215 0.891937 0.383329 0.123512 0.576645 0.006365 0.785189 0.689282 0.466908 0.509998 0.541556 0.852228 0.440290 0.541826 0.358988 0.556208 0.003957 0.363992 0.942492 0.505547 0.281129 0.784278 0.045062 0.666126 0.945681 
0.615246 0.719819 0.259884 0.008654 0.161229 0.759548 0.360731 0.498968 0.109496 0.491243 0.510133 0.068004 0.230730 0.983254 0.655466 0.255991 0.011654 0.650631 0.918352 0.118505 0.616004 0.385019 0.959894 0.807834 0.389632 
0.441340 0.728317 0.501871 0.713978 0.347307 0.937910 0.301734 0.934982 0.289040 0.667729 0.929641 0.487366 0.444564 0.900389 0.718766 0.842374 0.773703 0.484223 0.866862 0.417773 0.452429 0.802420 0.431464 0.508362 0.481756 
0.624858 0.434924 0.183742 0.077167 0.084504 0.907389 0.801279 0.301911 0.484499 0.979233 0.446219 0.347244 0.063107 0.570597 0.017774 0.488159 0.559872 0.758687 0.382421 0.026389 0.066880 0.994322 0.225467 0.901136 0.447109 
0.264295 0.607796 0.506711 0.595758 0.193122 0.575656 0.313572 0.694845 0.700119 0.013522 0.940190 0.529465 0.054417 0.422366 0.175814 0.910207 0.687722 0.004301 0.117449 0.924188 0.173076 0.559578 0.355655 0.529973 0.556445 
0.529867 0.088188 0.157043 0.855094 0.656960 0.816220 0.908606 0.356215 0.395890 0.407485 0.620015 0.005069 0.847784 0.879881 0.797319 0.662829 0.033996 0.165927 0.498432 0.399891 0.893805 0.092931 0.301224 0.163865 0.133129 
0.519274 0.737293 0.185488 0.617943 0.805202 0.196764 0.027507 0.436383 0.532981 0.015035 0.508831 0.149049 0.908801 0.162309 0.731634 0.390739 0.771455 0.839816 0.528827 0.054788 0.609130 0.163134 0.771896 0.328092 0.706633 
0.170533 0.754151 0.099145 0.906925 0.228539 0.840620 0.988775 0.750424 0.870890 0.780647 0.405203 0.329504 0.810664 0.698079 0.249410 0.847824 0.144675 0.930607 0.376941 0.952409 0.813563 0.537495 0.271752 0.824867 0.041712 

0.293731 0.400023 0.498821 0.189088 0.444735 0.817564 0.766149 0.899670 0.176143 0.981576 0.162092 0.707987 0.281032 0.408195 0.421493 0.052770 0.867337 0.209463 0.877348 0.353943 0.192182 0.476910 0.657062 0.255152 0.542267 
0.279876 0.697590 0.999399 0.663427 0.168037 0.947750 0.353714 0.327274 0.626057 0.285636 0.467373 0.678811 0.776340 0.454984 0.785204 0.114253 0.933913 0.588288 0.688614 0.670830 0.343288 0.911830 0.613411 0.278146 0.436673 
0.304477 0.529462 0.919538 0.302143 0.807411 0.167705 0.401891 0.499932 0.350152 0.907466 0.625385 0.888570 0.431242 0.133277 0.746102 0.380889 0.891850 0.492234 0.759981 0.528111 0.312591 0.874557 0.455671 0.634411 0.146441 
0.804638 0.078518 0.995062 0.896195 0.942574 0.800178 0.250018 0.069489 0.653453 0.610806 0.241122 0.371124 0.977939 0.232475 0.719994 0.546085 0.983844 0.477323 0.842414 0.247720 0.974942 0.812888 0.194399 0.733659 0.997474 
0.398888 0.205895 0.213086 0.281794 0.157949 0.842099 0.496944 0.793089 0.096915 0.820841 0.802097 0.755095 0.963316 0.856847 0.577469 0.981299 0.211077 0.923596 0.657166 0.461554 0.492922 0.354488 0.873523 0.386430 0.362960 
0.680522 0.480120 0.226047 0.881548 0.736852 0.430861 0.229351 0.848718 0.370248 0.211846 0.416736 0.690387 0.917324 0.788860 0.315694 0.857837 0.349448 0.313378 0.535781 0.212930 0.121985 0.576045 0.778138 0.567391 0.507839 
0.162165 0.185968 0.553943 0.625830 0.370645 0.944438 0.350533 0.426524 0.231563 0.130545 0.685245 0.831843 0.426486 0.899793 0.394033 0.214610 0.917613 0.698471 0.853887 0.496796 0.938050 0.761596 0.155499 0.098329 0.732185 
0.538225 0.869483 0.215181 0.438576 0.962701 0.910900 0.637799 0.041334 0.936784 0.304602 0.764541 0.121083 0.835192 0.753539 0.327125 0.844977 0.039706 0.193871 0.540686 0.805928 0.729441 0.732051 0.649195 0.014643 0.761758 
0.428896 0.105927 0.159845 0.954317 0.649081 0.109990 0.999773 0.457003 0.467752 0.545078 0.914485 0.503476 0.050318 0.492854 0.343824 0.619589 0.353301 0.142662 0.304766 0.518988 0.791469 0.841069 0.266573 0.244785 0.204910 
0.248300 0.560508 0.362650 0.973142 0.500937 0.517847 0.966757 0.720204 0.459409 0.072498 0.205377 0.152962 0.917228 0.382244 0.653884 0.247471 0.366533 0.751837 0.286595 0.729754 0.202208 0.059915 0.325288 0.831866 0.905456 
0.661899 0.165474 0.862448 0.532536 0.908229 0.005520 0.584390 0.988991 0.677700 0.363026 0.803425 0.498060 0.453009 0.937422 0.656113 0.787263 0.838379 0.442506 0.774827 0.573809 0.133780 0.029153 0.544653 0.587674 0.158818 
0.628204 0.653259 0.441702 0.573194 0.818555 0.401782 0.063528 0.439646 0.186113 0.898276 0.578500 0.856343 0.349191 0.112615 0.370030 0.773927 0.842895 0.595989 0.008580 0.189881 0.139437 0.622844 0.561915 0.560186 0.721064 
0.904351 0.177951 0.439488 0.505488 0.483103 0.609450 0.198814 0.311803 0.097978 0.645720 0.174699 0.113675 0.199075 0.155156 0.725788 0.893775 0.626736 0.905478 0.879521 0.863550 0.368157 0.395200 0.363023 0.334968 0.394798 
0.233664 0.618133 0.105687 0.009479 0.197158 0.556434 0.978147 0.250660 0.538980 0.472932 0.478885 0.799473 0.688236 0.464368 0.113468 0.218909 0.843727 0.010110 0.822935 0.548964 0.830055 0.423501 0.509295 0.411339 0.378877 
0.080743 0.733416 0.122716 0.762146 0.914988 0.545595 0.073227 0.114059 0.176708 0.782796 0.856302 0.418767 0.746174 0.737069 0.393548 0.353930 0.026281 0.515998 0.572266 0.565136 0.587814 0.057615 0.846564 0.570885 0.329095 
0.939080 0.833847 0.059816 0.486384 0.559544 0.204708 0.133503 0.561080 0.660999 0.795288 0.431992 0.985146 0.242140 0.322176 0.806947 0.564393 0.396454 0.018502 0.218368 0.151584 0.280366 0.275293 0.701438 0.461686 0.461686 
0.572164 0.016003 0.496309 0.152259 0.281438 0.463640 0.475887 0.465725 0.367394 0.764627 0.894485 0.650639 0.306515 0.629724 0.351198 0.479451 0.168141 0.712087 0.584132 0.128898 0.140971 0.414008 0.809711 0.319468 0.351778 
0.135736 0.251528 0.500662 0.033724 0.222775 0.531411 0.570949 0.357168 0.347424 0.838694 0.420938 0.417034 0.453175 0.287213 0.988998 0.637037 0.785669 0.463632 0.907843 0.905148 0.876191 0.095966 0.805388 0.228965 0.855417 
0.675128 0.546069 0.214834 0.460636 0.287424 0.416405 0.683983 0.628009 0.004907 0.694600 0.444018 0.316867 0.108507 0.963576 0.442938 0.712108 0.327568 0.162570 0.393877 0.756867 0.658710 0.264231 0.525812 0.501622 0.544713 
0.100916 0.851050 0.369713 0.904991 0.207521 0.721101 0.904377 0.697944 0.961408 0.991801 0.474411 0.123769 0.041179 0.238019 0.507649 0.047018 0.353267 0.078626 0.775559 0.234317 0.066787 0.555678 0.487104 0.693586 0.303572 
0.843544 0.681163 0.125753 0.815067 0.985253 0.639947 0.426629 0.175840 0.627456 0.248962 0.451255 0.228177 0.896066 0.201900 0.670164 0.135417 0.857187 0.590372 0.581574 0.921563 0.635223 0.477999 0.745602 0.841049 0.467318 
0.599538 0.125720 0.602398 0.912696 0.314363 0.421036 0.196649 0.078699 0.895558 0.977379 0.517370 0.747915 0.936142 0.309090 0.180072 0.139490 0.562073 0.427361 0.659157 0.555852 0.512862 0.825535 0.533385 0.591369 0.512143 
0.541935 0.400554 0.647517 0.327626 0.196469 0.537831 0.361436 0.834006 0.387320 0.895532 0.556250 0.835143 0.406286 0.744317 0.002261 0.541031 0.180928 0.863767 0.690845 0.597022 0.319236 0.669587 0.392726 0.942365 0.869366 
0.446292 0.450473 0.487468 0.651871 0.144956 0.478457 0.081583 0.335778 0.986921 0.298817 0.737318 0.049227 0.505512 0.480367 0.952394 0.181468 0.803424 0.247026 0.409583 0.327543 0.172893 0.866876 0.481648 0.991877 0.406703 
0.437679 0.149381 0.136309 0.046545 0.964560 0.194545 0.135434 0.358074 0.864711 0.207876 0.588196 0.877973 0.213395 0.661034 0.052856 0.392218 0.503334 0.815618 0.776232 0.323212 0.787121 0.257399 0.605246 0.100364 0.237935 

-0.677386 -0.488293 0.615156 -0.409316 -0.775422 -1.481504 -0.935512 -0.824570 1.409753 -0.693180 0.425260 -1.151365 1.131702 -0.302290 0.963159 0.372095 1.491345 0.162490 1.557150 0.825074 -0.196579 -0.116548 0.495940 0.020061 0.588932 
-0.813213 -0.151019 -1.063745 0.355770 1.053835 0.302755 -0.110279 0.248203 -0.253416 1.124310 0.275781 -1.332430 -0.089434 0.824932 -1.649310 -0.063203 2.069257 0.281574 1.123908 0.571839 0.382226 1.999845 0.704133 -0.170843 0.925203 
-0.532707 -1.051648 -1.116600 1.121854 -0.761695 0.669574 -0.570219 -0.571819 0.058696 -0.566830 0.368574 -0.932613 0.115812 1.078723 0.185863 0.500562 1.607581 -0.269232 0.884552 0.059372 -0.136936 1.306982 0.246586 0.186665 0.436646 
-0.382353 1.641480 -0.156198 -0.158970 -1.541105 0.549391 1.288769 0.949893 -1.021821 -0.205273 1.138379 -0.466273 -0.983445 1.399729 0.136988 0.844242 1.698079 0.457643 1.801508 -0.374123 1.227544 1.232126 -0.167304 1.140083 1.735933 
0.110442 0.467541 1.484674 -0.122321 1.665087 0.439152 -0.268953 0.143138 -0.255590 -1.149504 -1.038336 0.599356 1.727636 1.494956 0.226898 1.409651 -0.341943 1.345289 0.909812 1.015211 0.385942 -0.281385 0.637788 0.768496 0.099847 
-0.653370 0.745450 0.661767 -1.766454 0.130828 -0.764915 0.688182 1.300764 0.535528 0.013564 0.764024 0.913120 0.749785 0.549422 0.207326 1.263331 -0.327516 0.162527 0.704500 -0.471866 -0.101318 0.555376 0.615941 0.231171 0.352084 
0.632589 0.860051 -1.099573 0.478974 0.723067 -1.153960 0.256532 1.052815 0.412702 1.133170 1.161024 1.752747 0.048390 1.379924 0.175122 -0.369524 1.088043 1.978812 0.619449 0.868187 1.402663 0.827144 -0.182941 -0.221344 0.791559 
0.267192 -1.017021 1.258673 1.202748 -0.269606 1.738178 1.371018 0.975954 1.411851 0.254855 2.187533 0.944657 0.591443 0.964156 0.008720 -1.430459 -0.486280 -0.366835 0.849490 1.193212 1.894601 0.483709 0.638103 -0.396194 0.794203 
0.161356 0.650989 1.473339 -0.815168 0.142501 1.602608 1.824986 1.183769 0.882585 0.991702 1.381312 0.810609 0.909140 -1.825490 -0.400041 -1.546331 -0.759486 0.117277 0.424907 0.123272 0.375945 0.597280 0.284152 0.230523 0.166579 
0.088046 -0.270739 0.959476 -0.805034 -0.030316 1.329219 1.371926 0.964837 0.817079 0.444253 1.195520 1.019070 2.303923 -2.261347 -1.299123 -0.472807 -1.550521 -2.395572 0.100651 0.341944 0.524547 -0.065153 -0.201127 0.967597 1.486198 
-0.872337 0.580619 -1.684182 0.517379 -0.297265 0.314345 1.129725 1.583826 1.095712 0.767606 1.300772 0.645375 0.518715 -2.926719 -2.085750 -1.745118 -2.134667 -2.037091 -1.411198 -0.809516 -0.107947 -0.132784 -0.178801 0.967295 -0.578092 
0.297590 0.973488 -0.145670 1.240520 1.278489 0.890563 0.780457 1.270206 0.460288 1.448087 0.638911 1.358942 -2.360084 -2.093249 -1.656034 -2.106083 -2.393642 -0.817603 -0.761868 -0.071810 -0.160646 -0.538853 0.028503 0.259534 -0.298106 
-1.288587 0.995919 -0.362918 1.207232 1.245554 1.354311 0.567230 0.236394 0.665906 0.913059 0.893192 -1.145918 -1.744212 -0.567998 -0.906698 -1.551578 -1.521916 -0.001153 -0.050335 -0.037819 0.358532 0.265814 0.034118 -0.337564 -0.147203 
-0.026793 0.102576 0.576051 0.241895 0.416622 0.485508 1.344482 1.232917 0.752086 0.854437 -1.822184 -1.010849 -0.267253 -2.180867 -2.143681 -2.164987 -2.498827 -1.081234 -1.878203 -2.110923 -0.023389 0.079580 -0.136182 0.025682 0.183633 
0.005194 1.523342 0.442896 0.913015 1.376386 1.885288 0.882450 1.147014 -0.094043 1.516478 -0.798360 -1.311251 -2.079070 -2.090937 -1.762421 -1.934098 -0.495896 -2.538059 -0.015658 -0.208745 0.245768 -0.370201 -0.069155 0.374940 -0.054171 
-0.688296 -0.794854 0.346959 1.000746 0.470086 0.833555 0.828655 0.499927 1.627078 -1.177964 -0.222114 -1.334491 -1.808421 -1.826597 -1.484922 -1.353841 -2.225014 0.368585 0.101725 0.034581 -0.108808 -0.067939 0.344488 -0.049717 0.108156 
0.419152 1.268292 1.343614 0.351538 1.020144 0.244281 1.160206 1.256491 0.176125 -0.516506 -1.857749 -2.595566 -0.349358 -1.775855 -1.280343 -2.587410 -1.981798 -1.319394 -0.011816 -0.062113 -0.078365 0.435317 0.100739 0.071232 -0.056879 
1.986282 1.000859 1.340511 -0.005506 0.850747 0.550435 1.458279 0.970077 0.274424 1.085550 -1.679523 -2.204745 -1.457376 -1.331572 -1.751326 -1.826604 -0.821808 -1.177999 -0.323866 -0.504801 0.162450 -0.023939 -0.251281 -0.014037 0.202879 
0.108040 0.102738 0.573270 0.322810 0.460419 0.936103 0.738228 1.474829 0.232169 1.123896 -0.952371 -0.373538 -0.644655 -2.774303 -1.320434 -1.207088 -0.382570 -1.322505 -2.298346 -0.267413 0.430198 -0.104636 -0.085541 -0.167188 0.059673 
0.828378 -0.608928 0.809290 1.465580 0.400455 1.412974 1.291331 1.968696 1.497323 1.797112 -2.608275 -1.029283 -1.039434 -2.071522 -1.849225 -1.672223 -2.351344 -0.974639 0.006298 0.063334 -0.257124 0.246862 -0.161396 0.163271 -0.067955 
-0.093184 -0.641884 0.178061 0.907716 0.812723 1.781444 1.067530 0.306487 1.219627 1.198076 -1.464018 -0.670270 -1.170581 -1.473969 -0.501198 -1.291071 -1.798533 -2.366790 -0.251584 -0.107606 0.022874 -0.260823 -0.005739 -0.380142 0.069524 
-0.540241 0.909902 0.920673 1.614352 0.698607 -1.221547 -0.822760 0.961002 1.389361 1.091495 -2.518007 -1.905025 -1.425315 -0.155505 -0.662461 -2.334749 -2.081970 -0.569776 0.000220 0.006804 0.305901 0.025936 -0.037188 -0.283988 -0.019483 
-0.251809 -0.603130 0.848701 0.922091 -1.569264 -1.769305 -2.217263 1.529343 0.556409 1.454004 -1.623812 -0.940735 -2.207523 0.121406 0.086541 -1.842838 -0.212934 0.527747 0.115765 0.318355 0.144017 0.031495 0.212931 -0.092768 0.261005 
0.305091 0.713065 0.632178 1.074498 0.863779 -0.503565 -0.156753 -1.187385 -2.202744 -0.465783 -1.969774 -0.359219 -2.758333 -0.554704 -0.107967 -0.752537 0.045456 0.033801 -0.093426 -0.045912 0.063235 0.013349 -0.339442 0.207696 0.119220 
-0.693832 1.197381 0.212173 -1.647361 -1.441081 -1.901644 -2.286382 -1.671287 -2.705895 -1.736079 -1.403592 -1.668829 -1.600628 -2.019727 -0.210222 0.029626 -0.193971 0.060634 0.107126 -0.052209 -0.294199 0.067926 0.111081 0.234972 -0.397915 

3 3 3 3 3 3 3 3 3 3 3 3 3 3 3 3 4 4 4 4 4 4 4 4 4 
3 3 3 3 3 3 3 3 3 3 3 3 3 3 3 4 4 4 4 4 4 4 4 4 4 
3 3 3 3 3 3 3 3 3 3 3 3 3 3 3 4 4 4 4 4 4 4 4 4 4 
3 3 3 3 3 3 3 3 3 3 3 3 3 3 4 4 4 4 4 4 4 4 4 4 4 
3 3 3 3 3 3 3 3 3 3 3 4 4 4 4 4 4 4 4 4 4 4 4 4 4 
3 3 3 3 3 3 3 0 0 3 3 4 4 4 4 4 4 4 4 4 4 4 4 4 4 
3 3 3 3 3 3 3 0 0 0 0 0 0 4 4 4 4 4 4 4 4 4 4 4 4 
3 3 3 3 3 0 0 0 0 0 0 0 4 4 4 1 4 4 4 4 4 4 4 4 4 
3 3 3 3 3 3 0 0 0 0 0 0 0 1 4 1 1 4 4 4 4 4 4 4 4 
3 3 3 3 3 0 0 0 0 0 0 0 0 1 1 1 1 1 2 2 2 4 4 4 4 
3 3 3 3 3 0 0 0 0 0 0 0 0 1 1 1 1 1 1 1 2 2 2 4 2 
3 3 3 0 0 0 0 0 0 0 0 0 1 1 1 1 1 1 1 2 2 2 2 2 2 
3 3 3 0 0 0 0 0 0 0 0 1 1 1 1 1 1 2 2 2 2 2 2 2 2 
3 3 0 0 0 0 0 0 0 0 1 1 1 1 1 1 1 1 1 1 2 2 2 2 2 
3 0 0 0 0 0 0 0 0 0 1 1 1 1 1 1 1 1 2 2 2 2 2 2 2 
3 3 0 0 0 0 0 0 0 1 1 1 1 1 1 1 1 2 2 2 2 2 2 2 2 
3 3 0 0 0 0 0 0 0 1 1 1 1 1 1 1 1 1 2 2 2 2 2 2 2 
3 0 0 0 0 0 0 0 0 0 1 1 1 1 1 1 1 1 2 2 2 2 2 2 2 
3 3 0 0 0 0 0 0 0 0 1 1 1 1 1 1 1 1 1 2 2 2 2 2 2 
3 3 0 0 0 0 0 0 0 0 1 1 1 1 1 1 1 1 2 2 2 2 2 2 2 
3 3 3 0 0 0 0 0 0 0 1 1 1 1 1 1 1 1 2 2 2 2 2 2 2 
3 3 0 0 0 1 1 0 0 0 1 1 1 2 1 1 1 1 2 2 2 2 2 2 2 
3 3 0 0 1 1 1 0 0 0 1 1 1 2 2 1 1 2 2 2 2 2 2 2 2 
3 3 0 0 0 1 1 1 1 1 1 1 1 1 2 1 2 2 2 2 2 2 2 2 2 
3 3 0 1 1 1 1 1 1 1 1 1 1 1 2 2 2 2 2 2 2 2 2 2 2 

2.0 2.0 2.0 2.0 2.0 2.0 2.0 2.0 2.0 2.0 2.0 2.0 2.0 2.0 2.0 2.0 -1.0 -1.0 -1.0 -1.0 -1.0 -1.0 -1.0 -1.0 -1.0 
2.0 2.0 2.0 2.0 2.0 2.0 2.0 2.0 2.0 2.0 2.0 2.0 2.0 2.0 2.0 -1.0 -1.0 -1.0 -1.0 -1.0 -1.0 -1.0 -1.0 -1.0 -1.0 
2.0 2.0 2.0 2.0 2.0 2.0 2.0 2.0 2.0 2.0 2.0 2.0 2.0 2.0 2.0 -1.0 -1.0 -1.0 -1.0 -1.0 -1.0 -1.0 -1.0 -1.0 -1.0 
2.0 2.0 2.0 2.0 2.0 2.0 2.0 2.0 2.0 2.0 2.0 2.0 2.0 2.0 -1.0 -1.0 -1.0 -1.0 -1.0 -1.0 -1.0 -1.0 -1.0 -1.0 -1.0 
2.0 2.0 2.0 2.0 2.0 2.0 2.0 2.0 2.0 2.0 2.0 -1.0 -1.0 -1.0 -1.0 -1.0 -1.0 -1.0 -1.0 -1.0 -1.0 -1.0 -1.0 -1.0 -1.0 
2.0 2.0 2.0 2.0 2.0 2.0 2.0 1.0 1.0 2.0 2.0 -1.0 -1.0 -1.0 -1.0 -1.0 -1.0 -1.0 -1.0 -1.0 -1.0 -1.0 -1.0 -1.0 -1.0 
2.0 2.0 2.0 2.0 2.0 2.0 2.0 1.0 1.0 1.0 1.0 1.0 1.0 -1.0 -1.0 -1.0 -1.0 -1.0 -1.0 -1.0 -1.0 -1.0 -1.0 -1.0 -1.0 
2.0 2.0 2.0 2.0 2.0 1.0 1.0 1.0 1.0 1.0 1.0 1.0 -1.0 -1.0 -1.0 -2.0 -1.0 -1.0 -1.0 -1.0 -1.0 -1.0 -1.0 -1.0 -1.0 
2.0 2.0 2.0 2.0 2.0 2.0 1.0 1.0 1.0 1.0 1.0 1.0 1.0 -2.0 -1.0 -2.0 -2.0 -1.0 -1.0 -1.0 -1.0 -1.0 -1.0 -1.0 -1.0 
2.0 2.0 2.0 2.0 2.0 1.0 1.0 1.0 1.0 1.0 1.0 1.0 1.0 -2.0 -2.0 -2.0 -2.0 -2.0 0.0 0.0 0.0 -1.0 -1.0 -1.0 -1.0 
2.0 2.0 2.0 2.0 2.0 1.0 1.0 1.0 1.0 1.0 1.0 1.0 1.0 -2.0 -2.0 -2.0 -2.0 -2.0 -2.0 -2.0 0.0 0.0 0.0 -1.0 0.0 
2.0 2.0 2.0 1.0 1.0 1.0 1.0 1.0 1.0 1.0 1.0 1.0 -2.0 -2.0 -2.0 -2.0 -2.0 -2.0 -2.0 0.0 0.0 0.0 0.0 0.0 0.0 
2.0 2.0 2.0 1.0 1.0 1.0 1.0 1.0 1.0 1.0 1.0 -2.0 -2.0 -2.0 -2.0 -2.0 -2.0 0.0 0.0 0.0 0.0 0.0 0.0 0.0 0.0 
2.0 2.0 1.0 1.0 1.0 1.0 1.0 1.0 1.0 1.0 -2.0 -2.0 -2.0 -2.0 -2.0 -2.0 -2.0 -2.0 -2.0 -2.0 0.0 0.0 0.0 0.0 0.0 
2.0 1.0 1.0 1.0 1.0 1.0 1.0 1.0 1.0 1.0 -2.0 -2.0 -2.0 -2.0 -2.0 -2.0 -2.0 -2.0 0.0 0.0 0.0 0.0 0.0 0.0 0.0 
2.0 2.0 1.0 1.0 1.0 1.0 1.0 1.0 1.0 -2.0 -2.0 -2.0 -2.0 -2.0 -2.0 -2.0 -2.0 0.0 0.0 0.0 0.0 0.0 0.0 0.0 0.0 
2.0 2.0 1.0 1.0 1.0 1.0 1.0 1.0 1.0 -2.0 -2.0 -2.0 -2.0 -2.0 -2.0 -2.0 -2.0 -2.0 0.0 0.0 0.0 0.0 0.0 0.0 0.0 
2.0 1.0 1.0 1.0 1.0 1.0 1.0 1.0 1.0 1.0 -2.0 -2.0 -2.0 -2.0 -2.0 -2.0 -2.0 -2.0 0.0 0.0 0.0 0.0 0.0 0.0 0.0 
2.0 2.0 1.0 1.0 1.0 1.0 1.0 1.0 1.0 1.0 -2.0 -2.0 -2.0 -2.0 -2.0 -2.0 -2.0 -2.0 -2.0 0.0 0.0 0.0 0.0 0.0 0.0 
2.0 2.0 1.0 1.0 1.0 1.0 1.0 1.0 1.0 1.0 -2.0 -2.0 -2.0 -2.0 -2.0 -2.0 -2.0 -2.0 0.0 0.0 0.0 0.0 0.0 0.0 0.0 
2.0 2.0 2.0 1.0 1.0 1.0 1.0 1.0 1.0 1.0 -2.0 -2.0 -2.0 -2.0 -2.0 -2.0 -2.0 -2.0 0.0 0.0 0.0 0.0 0.0 0.0 0.0 
2.0 2.0 1.0 1.0 1.0 -2.0 -2.0 1.0 1.0 1.0 -2.0 -2.0 -2.0 0.0 -2.0 -2.0 -2.0 -2.0 0.0 0.0 0.0 0.0 0.0 0.0 0.0 
2.0 2.0 1.0 1.0 -2.0 -2.0 -2.0 1.0 1.0 1.0 -2.0 -2.0 -2.0 0.0 0.0 -2.0 -2.0 0.0 0.0 0.0 0.0 0.0 0.0 0.0 0.0 
2.0 2.0 1.0 1.0 1.0 -2.0 -2.0 -2.0 -2.0 -2.0 -2.0 -2.0 -2.0 -2.0 0.0 -2.0 0.0 0.0 0.0 0.0 0.0 0.0 0.0 0.0 0.0 
2.0 2.0 1.0 -2.0 -2.0 -2.0 -2.0 -2.0 -2.0 -2.0 -2.0 -2.0 -2.0 -2.0 0.0 0.0 0.0 0.0 0.0 0.0 0.0 0.0 0.0 0.0 0.0 

-2.0 -2.0 -2.0 -2.0 -2.0 -2.0 -2.0 -2.0 -2.0 -2.0 -2.0 -2.0 -2.0 -2.0 -2.0 -2.0 2.0 2.0 2.0 2.0 2.0 2.0 2.0 2.0 2.0 
-2.0 -2.0 -2.0 -2.0 -2.0 -2.0 -2.0 -2.0 -2.0 -2.0 -2.0 -2.0 -2.0 -2.0 -2.0 2.0 2.0 2.0 2.0 2.0 2.0 2.0 2.0 2.0 2.0 
-2.0 -2.0 -2.0 -2.0 -2.0 -2.0 -2.0 -2.0 -2.0 -2.0 -2.0 -2.0 -2.0 -2.0 -2.0 2.0 2.0 2.0 2.0 2.0 2.0 2.0 2.0 2.0 2.0 
-2.0 -2.0 -2.0 -2.0 -2.0 -2.0 -2.0 -2.0 -2.0 -2.0 -2.0 -2.0 -2.0 -2.0 2.0 2.0 2.0 2.0 2.0 2.0 2.0 2.0 2.0 2.0 2.0 
-2.0 -2.0 -2.0 -2.0 -2.0 -2.0 -2.0 -2.0 -2.0 -2.0 -2.0 2.0 2.0 2.0 2.0 2.0 2.0 2.0 2.0 2.0 2.0 2.0 2.0 2.0 2.0 
-2.0 -2.0 -2.0 -2.0 -2.0 -2.0 -2.0 1.0 1.0 -2.0 -2.0 2.0 2.0 2.0 2.0 2.0 2.0 2.0 2.0 2.0 2.0 2.0 2.0 2.0 2.0 
-2.0 -2.0 -2.0 -2.0 -2.0 -2.0 -2.0 1.0 1.0 1.0 1.0 1.0 1.0 2.0 2.0 2.0 2.0 2.0 2.0 2.0 2.0 2.0 2.0 2.0 2.0 
-2.0 -2.0 -2.0 -2.0 -2.0 1.0 1.0 1.0 1.0 1.0 1.0 1.0 2.0 2.0 2.0 -1.0 2.0 2.0 2.0 2.0 2.0 2.0 2.0 2.0 2.0 
-2.0 -2.0 -2.0 -2.0 -2.0 -2.0 1.0 1.0 1.0 1.0 1.0 1.0 1.0 -1.0 2.0 -1.0 -1.0 2.0 2.0 2.0 2.0 2.0 2.0 2.0 2.0 
-2.0 -2.0 -2.0 -2.0 -2.0 1.0 1.0 1.0 1.0 1.0 1.0 1.0 1.0 -1.0 -1.0 -1.0 -1.0 -1.0 0.0 0.0 0.0 2.0 2.0 2.0 2.0 
-2.0 -2.0 -2.0 -2.0 -2.0 1.0 1.0 1.0 1.0 1.0 1.0 1.0 1.0 -1.0 -1.0 -1.0 -1.0 -1.0 -1.0 -1.0 0.0 0.0 0.0 2.0 0.0 
-2.0 -2.0 -2.0 1.0 1.0 1.0 1.0 1.0 1.0 1.0 1.0 1.0 -1.0 -1.0 -1.0 -1.0 -1.0 -1.0 -1.0 0.0 0.0 0.0 0.0 0.0 0.0 
-2.0 -2.0 -2.0 1.0 1.0 1.0 1.0 1.0 1.0 1.0 1.0 -1.0 -1.0 -1.0 -1.0 -1.0 -1.0 0.0 0.0 0.0 0.0 0.0 0.0 0.0 0.0 
-2.0 -2.0 1.0 1.0 1.0 1.0 1.0 1.0 1.0 1.0 -1.0 -1.0 -1.0 -1.0 -1.0 -1.0 -1.0 -1.0 -1.0 -1.0 0.0 0.0 0.0 0.0 0.0 
-2.0 1.0 1.0 1.0 1.0 1.0 1.0 1.0 1.0 1.0 -1.0 -1.0 -1.0 -1.0 -1.0 -1.0 -1.0 -1.0 0.0 0.0 0.0 0.0 0.0 0.0 0.0 
-2.0 -2.0 1.0 1.0 1.0 1.0 1.0 1.0 1.0 -1.0 -1.0 -1.0 -1.0 -1.0 -1.0 -1.0 -1.0 0.0 0.0 0.0 0.0 0.0 0.0 0.0 0.0 
-2.0 -2.0 1.0 1.0 1.0 1.0 1.0 1.0 1.0 -1.0 -1.0 -1.0 -1.0 -1.0 -1.0 -1.0 -1.0 -1.0 0.0 0.0 0.0 0.0 0.0 0.0 0.0 
-2.0 1.0 1.0 1.0 1.0 1.0 1.0 1.0 1.0 1.0 -1.0 -1.0 -1.0 -1.0 -1.0 -1.0 -1.0 -1.0 0.0 0.0 0.0 0.0 0.0 0.0 0.0 
-2.0 -2.0 1.0 1.0 1.0 1.0 1.0 1.0 1.0 1.0 -1.0 -1.0 -1.0 -1.0 -1.0 -1.0 -1.0 -1.0 -1.0 0.0 0.0 0.0 0.0 0.0 0.0 
-2.0 -2.0 1.0 1.0 1.0 1.0 1.0 1.0 1.0 1.0 -1.0 -1.0 -1.0 -1.0 -1.0 -1.0 -1.0 -1.0 0.0 0.0 0.0 0.0 0.0 0.0 0.0 
-2.0 -2.0 -2.0 1.0 1.0 1.0 1.0 1.0 1.0 1.0 -1.0 -1.0 -1.0 -1.0 -1.0 -1.0 -1.0 -1.0 0.0 0.0 0.0 0.0 0.0 0.0 0.0 
-2.0 -2.0 1.0 1.0 1.0 -1.0 -1.0 1.0 1.0 1.0 -1.0 -1.0 -1.0 0.0 -1.0 -1.0 -1.0 -1.0 0.0 0.0 0.0 0.0 0.0 0.0 0.0 
-2.0 -2.0 1.0 1.0 -1.0 -1.0 -1.0 1.0 1.0 1.0 -1.0 -1.0 -1.0 0.0 0.0 -1.0 -1.0 0.0 0.0 0.0 0.0 0.0 0.0 0.0 0.0 
-2.0 -2.0 1.0 1.0 1.0 -1.0 -1.0 -1.0 -1.0 -1.0 -1.0 -1.0 -1.0 -1.0 0.0 -1.0 0.0 0.0 0.0 0.0 0.0 0.0 0.0 0.0 0.0 
-2.0 -2.0 1.0 -1.0 -1.0 -1.0 -1.0 -1.0 -1.0 -1.0 -1.0 -1.0 -1.0 -1.0 0.0 0.0 0.0 0.0 0.0 0.0 0.0 0.0 0.0 0.0 0.0 

