0.117389 0.881700 0.384187 0.136506 0.390744 0.055426 0.249766 0.281277 0.355027 0.131999 0.790654 0.636011 0.795423 0.026008 0.488862 0.169057 0.495848 0.872640 0.772402 0.723119 0.290658 0.609710 0.896140 0.072176 0.205715 
0.512140 0.331334 0.723911 0.643262 0.003542 0.267738 0.995406 0.700314 0.450011 0.945859 0.530679 0.743865 0.493305 0.646595 0.294418 0.372937 0.313056 0.756473 0.158981 0.853764 0.180389 0.147192 0.871258 0.774158 0.065801 
0.958017 0.190054 0.769026 0.365358 0.888360 0.766459 0.866301 0.422263 0.257656 0.447402 0.919531 0.377387 0.367571 0.936792 0.158536 0.632749 0.617855 0.168330 0.243350 0.416708 0.342870 0.210571 0.047903 0.487700 0.468909 
0.843890 0.280374 0.429618 0.361707 0.175480 0.947803 0.442629 0.318862 0.888395 0.502234 0.333009 0.345026 0.812524 0.984662 0.755038 0.171236 0.188106 0.145341 0.996125 0.963737 0.746144 0.810004 0.593621 0.579957 0.204052 
0.617942 0.357229 0.715122 0.760650 0.642843 0.975337 0.646769 0.285688 0.721389 0.754325 0.213560 0.315765 0.286996 0.769064 0.583000 0.031799 0.194666 0.638052 0.559431 0.650288 0.158902 0.186400 0.225882 0.978864 0.062814 
0.710666 0.133623 0.134649 0.962673 0.328721 0.273868 0.957226 0.927800 0.959144 0.888450 0.991423 0.578228 0.694413 0.892089 0.948174 0.642751 0.048817 0.812630 0.032507 0.848879 0.842277 0.216647 0.075903 0.419020 0.345333 
0.236205 0.006219 0.803577 0.253422 0.509381 0.830398 0.024996 0.816529 0.008439 0.058764 0.371354 0.783927 0.777560 0.169536 0.607250 0.880506 0.625641 0.466963 0.308206 0.273581 0.311615 0.427742 0.786501 0.791801 0.663644 
0.545249 0.187012 0.338393 0.677754 0.396823 0.976354 0.615233 0.769976 0.392124 0.280009 0.458611 0.153601 0.832941 0.926879 0.990075 0.254707 0.044234 0.773911 0.301002 0.546323 0.291578 0.395574 0.205702 0.416341 0.734360 
0.514697 0.010582 0.811384 0.145265 0.276863 0.096779 0.606803 0.518907 0.594809 0.263413 0.400693 0.265125 0.019917 0.453470 0.515109 0.954758 0.084716 0.278578 0.022857 0.122480 0.622837 0.495115 0.175078 0.878813 0.640231 
0.540471 0.551859 0.297840 0.337946 0.866143 0.410433 0.767126 0.566816 0.251959 0.716269 0.174431 0.743059 0.006062 0.363435 0.523006 0.235178 0.116765 0.831212 0.736189 0.212407 0.176776 0.771260 0.177992 0.426834 0.890804 
0.500937 0.821679 0.837851 0.504075 0.046599 0.201034 0.804195 0.606882 0.359364 0.269187 0.005013 0.676616 0.969297 0.030208 0.384883 0.631552 0.777957 0.299056 0.153207 0.960266 0.597531 0.778408 0.877060 0.392598 0.055508 
0.846435 0.309533 0.542605 0.745280 0.487064 0.962200 0.887059 0.594078 0.978314 0.154204 0.133777 0.084093 0.189415 0.940881 0.311684 0.978030 0.393890 0.851358 0.645584 0.325661 0.089541 0.940139 0.586299 0.705866 0.424821 
0.786055 0.544529 0.705373 0.533703 0.589493 0.150496 0.983474 0.764323 0.332238 0.849624 0.450683 0.350261 0.495927 0.686451 0.257907 0.069163 0.592068 0.434582 0.210796 0.769964 0.799474 0.972433 0.269493 0.109333 0.137320 
0.492077 0.568736 0.443563 0.486996 0.439416 0.211347 0.225057 0.367603 0.786312 0.474571 0.957230 0.974378 0.532764 0.921518 0.363507 0.810797 0.720007 0.023356 0.021111 0.058484 0.155336 0.594364 0.350185 0.993440 0.392508 
0.983441 0.610212 0.784364 0.975012 0.960415 0.975261 0.045755 0.824592 0.871036 0.195927 0.712213 0.254432 0.275788 0.004900 0.150401 0.964735 0.876654 0.854470 0.942235 0.384513 0.726081 0.050852 0.966304 0.126593 0.788176 
0.950834 0.212362 0.622453 0.432009 0.589532 0.531776 0.471683 0.343450 0.109915 0.402483 0.540731 0.561779 0.525304 0.449235 0.619029 0.925769 0.931655 0.916534 0.190882 0.338484 0.550737 0.528849 0.979672 0.763216 0.677062 
0.619127 0.452119 0.688164 0.265616 0.429776 0.860102 0.354799 0.208762 0.183180 0.929656 0.672138 0.543887 0.985210 0.775358 0.094462 0.435142 0.042218 0.815494 0.150155 0.838875 0.359657 0.632464 0.207670 0.001292 0.657411 
0.238940 0.131421 0.623115 0.456079 0.393634 0.195513 0.503693 0.714733 0.915945 0.443881 0.578228 0.081968 0.491438 0.048871 0.145058 0.875217 0.556058 0.352302 0.776053 0.905279 0.409580 0.713156 0.566194 0.821855 0.962902 
0.591375 0.132434 0.911507 0.268758 0.998200 0.829168 0.567835 0.648238 0.776455 0.256389 0.814170 0.556892 0.671924 0.602379 0.162871 0.041467 0.421376 0.997308 0.444457 0.057948 0.159600 0.134823 0.340968 0.538459 0.692362 
0.932232 0.116916 0.610365 0.879189 0.383983 0.279213 0.002478 0.994103 0.415819 0.063199 0.498794 0.688129 0.289623 0.932535 0.653879 0.567419 0.800996 0.133114 0.837602 0.877072 0.577953 0.175465 0.274714 0.489964 0.304520 
0.115379 0.852153 0.168846 0.664339 0.847065 0.513420 0.732600 0.597077 0.543969 0.831767 0.446147 0.211193 0.153928 0.556579 0.558265 0.853904 0.815019 0.685750 0.938572 0.905971 0.316492 0.371739 0.263719 0.733985 0.317232 
0.718116 0.113981 0.639139 0.366184 0.914231 0.108359 0.803816 0.333350 0.624183 0.658090 0.870391 0.644779 0.941440 0.850346 0.121367 0.788022 0.222813 0.105360 0.228804 0.990737 0.890096 0.493001 0.120448 0.687177 0.971094 
0.114424 0.253365 0.005832 0.012679 0.494139 0.753062 0.070718 0.062846 0.318898 0.255702 0.228989 0.795713 0.257948 0.965877 0.961122 0.747750 0.785344 0.597774 0.602481 0.590960 0.335978 0.333110 0.898344 0.762374 0.461170 
0.478575 0.129099 0.065693 0.032993 0.907429 0.588395 0.473071 0.872859 0.488366 0.411228 0.386916 0.573245 0.285361 0.041037 0.313975 0.213369 0.286734 0.053921 0.078586 0.413074 0.172791 0.572102 0.515105 0.016270 0.326381 
0.661272 0.838733 0.510822 0.593936 0.369091 0.192845 0.357365 0.363299 0.369888 0.818027 0.346002 0.493582 0.933816 0.992480 0.829570 0.203740 0.700373 0.360794 0.426990 0.688751 0.356573 0.625899 0.367559 0.025811 0.713309 

0.790425 0.701901 0.485819 0.491923 0.022080 0.371644 0.526326 0.082722 0.036640 0.578344 0.332256 0.142426 0.967881 0.282667 0.991051 0.483034 0.544439 0.187066 0.795678 0.622540 0.339001 0.809989 0.760162 0.310598 0.477996 
0.024333 0.186389 0.519332 0.807632 0.710994 0.675587 0.104595 0.812412 0.371027 0.993682 0.076236 0.495518 0.885399 0.122594 0.372038 0.687516 0.888214 0.484461 0.570884 0.727574 0.025560 0.345666 0.020847 0.420151 0.281153 
0.190228 0.555756 0.685602 0.149843 0.622392 0.178820 0.922867 0.285456 0.669390 0.621794 0.288594 0.861506 0.266988 0.847870 0.710358 0.556657 0.510162 0.057833 0.524416 0.767620 0.017786 0.959243 0.685714 0.402798 0.912033 
0.953582 0.245813 0.964350 0.186000 0.811435 0.828897 0.231513 0.262196 0.952245 0.081529 0.431258 0.345391 0.493298 0.304660 0.778048 0.499887 0.990359 0.130384 0.598764 0.831310 0.509111 0.871044 0.336730 0.938755 0.912853 
0.242499 0.994319 0.190579 0.795822 0.535555 0.062798 0.366953 0.891643 0.258442 0.382857 0.167784 0.016719 0.857331 0.154765 0.703356 0.306916 0.267871 0.246962 0.170337 0.105480 0.504867 0.343293 0.338602 0.242383 0.557736 
0.027619 0.266976 0.015292 0.315776 0.752930 0.536876 0.047803 0.618956 0.449959 0.125195 0.005656 0.562387 0.649635 0.724278 0.335341 0.961188 0.547900 0.399331 0.120771 0.549445 0.270530 0.937694 0.767308 0.291663 0.070446 
0.960910 0.695333 0.784558 0.392468 0.844057 0.911062 0.751863 0.261435 0.495181 0.226768 0.663724 0.159127 0.174501 0.454527 0.099352 0.798061 0.525961 0.818680 0.636312 0.179885 0.075537 0.282042 0.977009 0.980422 0.893122 
0.483476 0.408576 0.266170 0.019498 0.248884 0.008290 0.697475 0.762777 0.060077 0.968096 0.381673 0.518650 0.452854 0.447554 0.394363 0.577469 0.060449 0.549185 0.528337 0.012670 0.196538 0.707590 0.049472 0.687686 0.261704 
0.246312 0.161408 0.832397 0.553238 0.066199 0.743706 0.845376 0.125104 0.967128 0.117676 0.105075 0.463965 0.724450 0.804882 0.080484 0.772988 0.925329 0.384769 0.516322 0.824999 0.179605 0.159667 0.311153 0.913250 0.603925 
0.160728 0.965556 0.770384 0.365122 0.761800 0.103413 0.732346 0.918840 0.737440 0.506262 0.869906 0.014608 0.668864 0.605805 0.559639 0.533976 0.639411 0.344728 0.132084 0.170710 0.928675 0.177236 0.528841 0.027435 0.801226 
0.394525 0.229924 0.256516 0.999578 0.280453 0.378148 0.761435 0.699157 0.326029 0.208569 0.385999 0.017608 0.476454 0.844205 0.141735 0.505612 0.840178 0.263654 0.049170 0.906725 0.222280 0.943363 0.007714 0.109200 0.334460 
0.513429 0.056865 0.450013 0.609490 0.060371 0.680617 0.202610 0.573950 0.142583 0.071436 0.001377 0.225549 0.500891 0.133079 0.715836 0.599092 0.144785 0.192523 0.079555 0.366822 0.808376 0.060270 0.621716 0.067380 0.147488 
0.750560 0.880298 0.415665 0.090449 0.025874 0.364939 0.107844 0.594292 0.314289 0.059739 0.927888 0.756416 0.956881 0.826591 0.992557 0.243214 0.945231 0.257296 0.833303 0.230855 0.757410 0.863818 0.236477 0.103638 0.619699 
0.911060 0.075896 0.972909 0.390843 0.048817 0.608321 0.338211 0.854462 0.178247 0.926082 0.981585 0.889538 0.732673 0.189353 0.232198 0.452719 0.757868 0.698513 0.334867 0.292570 0.159057 0.969077 0.250027 0.110307 0.214774 
0.565632 0.979702 0.562366 0.105906 0.215518 0.138331 0.615931 0.963672 0.701122 0.385699 0.921180 0.108235 0.789708 0.359039 0.915705 0.073349 0.286565 0.711294 0.622815 0.651059 0.174481 0.713695 0.060108 0.141191 0.516023 
0.812310 0.667427 0.588957 0.472189 0.656359 0.082603 0.962673 0.033457 0.895154 0.462167 0.306325 0.652500 0.545324 0.927124 0.264387 0.562007 0.514693 0.578006 0.108000 0.845519 0.718414 0.683427 0.530108 0.655547 0.425316 
0.488395 0.801232 0.848427 0.374929 0.625017 0.582390 0.952043 0.645419 0.567611 0.410604 0.185543 0.965306 0.328995 0.367189 0.682363 0.389690 0.908190 0.165680 0.249363 0.700853 0.708023 0.363009 0.750367 0.314901 0.383258 
0.224057 0.048715 0.565256 0.760877 0.414238 0.152058 0.993140 0.398468 0.432902 0.642079 0.983554 0.861000 0.145873 0.549468 0.932939 0.129109 0.317144 0.856820 0.124020 0.935631 0.608426 0.685506 0.761347 0.466106 0.411348 
0.377495 0.793733 0.723322 0.491117 0.119122 0.307678 0.645624 0.536856 0.215504 0.448249 0.444771 0.563903 0.147740 0.143042 0.986302 0.676357 0.519108 0.719300 0.928336 0.743945 0.179692 0.980887 0.127458 0.803906 0.713833 
0.842278 0.287208 0.559663 0.801107 0.043773 0.636746 0.685618 0.252823 0.684592 0.846276 0.123401 0.963117 0.305909 0.327752 0.442626 0.427786 0.113990 0.871490 0.293469 0.466354 0.630055 0.205672 0.260998 0.453527 0.860400 
0.728465 0.327204 0.825886 0.299244 0.818157 0.812081 0.476613 0.485478 0.676780 0.583443 0.713921 0.725959 0.162546 0.922131 0.442888 0.097054 0.372099 0.457345 0.355675 0.137784 0.781113 0.283090 0.595519 0.556479 0.334339 
0.849940 0.725570 0.464601 0.593147 0.377314 0.340011 0.971771 0.131640 0.824595 0.979047 0.597810 0.187182 0.997695 0.968678 0.128055 0.059772 0.070103 0.270693 0.828305 0.419066 0.659133 0.002207 0.069716 0.145534 0.498135 
0.278244 0.313110 0.194402 0.802074 0.802883 0.272243 0.098340 0.566141 0.621333 0.837461 0.627196 0.725075 0.177009 0.763750 0.316546 0.801201 0.600216 0.815314 0.299135 0.132267 0.054913 0.000586 0.983462 0.676458 0.816644 
0.696012 0.184192 0.250647 0.772679 0.609070 0.960518 0.594229 0.984717 0.600778 0.869777 0.761950 0.545876 0.248133 0.523408 0.563502 0.822768 0.568423 0.510178 0.199651 0.913234 0.051447 0.826571 0.885340 0.059676 0.334896 
0.561630 0.211783 0.748090 0.535632 0.325755 0.120840 0.820458 0.319597 0.251888 0.562568 0.147086 0.743775 0.821406 0.558976 0.832470 0.589495 0.325183 0.288303 0.253070 0.770352 0.320833 0.074833 0.998868 0.495082 0.589881 

1.039366 3.181404 1.799315 1.306790 0.939177 0.864207 1.464373 0.653967 0.688605 1.400356 2.261859 1.606687 3.340531 0.579814 3.000533 1.322458 2.221332 2.027384 2.970663 2.610143 1.326372 2.879398 3.335106 0.655303 1.443860 
0.553078 1.173884 2.476398 2.838665 1.361093 1.839976 2.279143 3.014608 1.744232 4.006806 1.312906 2.487145 2.693080 1.621325 1.330792 2.077845 2.407442 2.715696 1.637282 3.054333 0.244982 0.855597 1.903713 2.486243 0.692931 
1.100209 0.933832 2.998743 1.082138 3.100684 1.785467 3.629934 1.501986 1.964481 2.325642 2.227348 2.468561 1.225633 3.376661 1.781725 2.442209 2.216809 0.456086 1.346556 2.247602 0.737309 2.240564 1.472020 1.673240 2.751590 
1.942226 0.633530 2.721839 1.065094 1.824174 3.446494 1.367562 1.147562 3.602644 1.039047 1.567972 1.327696 2.479980 2.562800 1.440681 0.833139 2.345048 0.415895 1.663610 3.609297 2.491114 3.310147 1.880282 1.479555 2.123269 
0.916204 2.805836 1.939286 3.315561 2.511304 1.966474 2.028717 2.461172 1.857583 1.175789 0.265902 0.311701 1.214253 0.958538 1.286432 0.224205 0.498772 0.855011 0.833452 0.889437 1.296532 1.196255 0.925999 1.141606 1.139091 
0.529570 0.445891 -0.105982 1.192362 1.153173 1.656239 2.098805 3.216738 2.911804 2.185904 1.136708 1.251190 1.477025 1.620945 1.051608 1.641012 0.509592 1.129422 0.237477 1.366385 1.024807 1.235918 0.743311 0.683496 0.859305 
1.355994 0.714541 1.553944 0.845520 1.314953 3.390354 1.531256 2.074695 0.524902 0.570708 1.097432 -1.890406 1.133786 -1.186769 0.572342 1.710471 1.002444 1.263638 0.800605 0.534636 0.515982 0.830230 1.855455 1.678730 1.641355 
1.077280 0.771151 0.640913 0.711588 0.606002 0.933705 1.427180 1.564982 0.464841 1.194930 0.860153 -1.332214 -2.660580 -2.719684 1.454712 -1.667087 0.372754 -2.471044 -1.787175 0.572530 0.456305 1.216181 0.196838 1.057779 1.058874 
0.633121 0.194046 1.562492 0.875068 0.358377 0.676208 1.388102 0.646375 1.503554 0.605186 0.472921 -1.260778 -1.441077 -2.615844 -1.236102 -3.454632 -2.027694 -1.337148 -1.009599 1.064835 0.921898 0.718693 0.581146 1.693144 1.142423 
0.703698 1.542046 1.211898 0.714709 1.671123 0.406203 1.414369 1.461272 0.985127 -2.688892 -2.032773 -1.551809 -1.371185 -1.847449 -2.108601 -1.461182 -1.483152 -2.400980 -1.857243 0.321403 -2.345034 1.021713 0.645163 0.633072 1.630838 
0.949538 1.027629 1.284475 1.608096 0.251117 0.406808 1.615677 -0.728376 -0.285646 -0.984011 -1.006330 -1.406612 -3.001724 -1.680155 -1.048861 -2.083729 -3.349542 -1.010838 -0.318458 -3.639806 -1.591931 -3.423437 0.685421 0.539814 0.405861 
-0.969875 0.455962 -0.727408 1.319351 0.495629 -1.055933 -0.868714 -0.514190 -0.878858 -0.334469 -0.267929 -0.509279 -1.482742 -2.224213 -1.986314 -3.005900 -0.938383 -2.244741 -1.530449 -1.434285 -1.666577 0.835222 1.218024 0.559812 0.494471 
-0.758224 -0.752203 -0.677362 -0.541675 -0.757045 -0.287106 -1.080325 -0.802327 -0.486015 -0.878543 -0.450394 -2.233256 -2.773730 -2.985901 -2.496636 -0.567316 -3.180946 -1.458725 -2.058229 -1.969222 -3.248382 -3.572203 0.532793 -0.466136 0.704668 
-0.299804 -0.679653 -0.352419 -0.560576 -0.378077 -0.217081 -0.181000 -0.485413 -0.701445 -0.593845 -1.152233 -0.984424 -0.452207 -2.134059 -1.229695 -2.605890 -2.847455 -1.546257 -0.771747 -0.608736 -0.798670 -3.275851 -1.152121 -2.217069 -1.343768 
-0.577422 -0.667908 -0.859263 -0.896894 -1.013417 -1.065191 -0.158513 -0.726929 -0.942352 -0.311335 -0.834760 -0.309699 -1.985295 -0.734623 -2.101053 -2.115510 -2.133609 -3.134513 -3.102068 -2.076160 -1.814975 -1.443742 -1.899650 -0.389310 -2.367722 
-0.681778 -0.969624 -0.647762 -0.447019 -0.686709 -0.562555 -0.493021 -0.291129 -0.234689 -0.597967 -0.598739 -2.462665 -2.192691 -2.791935 -1.723620 -2.985185 -2.721977 -2.999029 -0.619370 -2.395429 -2.434931 -2.303732 -3.062717 -2.936568 -2.134686 
-0.582021 -0.844351 -0.815090 -0.369931 -0.787370 -0.395300 -1.004039 -0.119329 -0.113697 -1.086086 -0.640461 -0.488960 -2.525122 -2.320581 -1.666299 -1.478646 -1.940076 -1.881420 -1.042765 -2.987721 -2.403584 -1.923071 -2.022102 -0.617590 -2.202876 
-0.112026 -0.150842 -0.500360 -0.862395 -0.555652 -0.110236 -0.867669 -0.485975 -0.393352 -0.629536 -1.074285 -0.192941 -1.547043 -1.254062 -2.138914 -1.956953 -1.682907 -2.244430 -1.819178 -3.578005 -1.921791 -0.781743 -2.672526 -2.810232 -2.829618 
-0.317429 -0.672369 -0.711790 -0.497576 -0.203296 -0.390380 -0.760472 -0.491921 -0.163696 -0.414054 -0.457208 -0.394219 -0.750586 -0.735099 -2.316458 -1.290148 -1.939043 -3.416501 -2.811347 -0.238962 -0.141478 -0.205947 -1.153348 -0.509193 -0.761206 
-0.829419 -0.393669 -0.639082 -0.671740 -0.048147 -0.603935 -0.580158 -0.395972 -0.733274 -0.823845 -0.059457 -0.665643 -0.315026 -0.936265 -2.184722 -2.063711 -1.877017 -1.872008 -0.771922 -0.875450 -0.581854 -0.069440 -0.274827 -0.516643 -0.401595 
-0.557205 -0.176510 -0.740661 -0.295350 -0.876944 -0.736087 -0.369660 -0.419020 -0.589989 -0.622439 -0.828067 -0.817266 -0.020823 -0.505840 -0.428669 -1.996252 -0.761955 -0.684147 -0.955332 -0.910070 -0.481335 -0.242486 -0.251563 -0.784356 -0.332470 
-0.958327 -0.677705 -0.480512 -0.490095 -0.439729 -0.430029 -1.038998 -0.180206 -0.758661 -1.007656 -0.522391 -0.626096 -0.989057 -0.809999 -0.141616 -0.913662 -0.223398 -0.111323 -0.309391 -1.050973 -0.970513 -0.662437 -0.192251 -0.792449 -1.034639 
-0.064706 -0.194209 -0.059526 -0.750943 -0.809715 -0.119730 0.046068 -0.680652 -0.673427 -0.734228 -0.459687 -0.847634 -0.239441 -1.088710 -0.927511 -0.771327 -0.854974 -0.525994 -0.412196 -0.626035 -0.355487 -0.396309 -0.805296 -0.887559 -0.478542 
-0.649389 -0.276410 -0.170543 -0.640663 -0.585856 -1.263111 -0.703176 -0.959770 -0.551505 -0.720895 -0.716142 -0.701441 -0.168985 0.029391 -0.345415 -0.229817 -0.546657 -0.054320 0.056914 -0.424043 -0.098370 -0.551622 -0.577046 -0.065179 -0.429201 
-0.740184 -0.133770 -0.749040 -0.548663 -0.184562 -0.246658 -1.008366 -0.339929 -0.420148 -0.721181 -0.290291 -0.586671 -1.080818 -0.897902 -0.794018 -0.164705 -0.950401 -0.509721 -0.384201 -0.852976 -0.475805 -0.496843 -0.479509 -0.004863 -0.703526 

4 2 2 2 2 2 2 2 2 2 2 2 2 2 2 2 2 2 2 2 2 2 2 2 2 
4 2 2 2 2 2 2 2 2 2 2 2 2 2 2 2 2 2 2 2 2 2 2 2 2 
4 4 2 2 2 2 2 2 2 2 2 2 2 2 2 2 2 2 2 2 2 2 2 2 2 
4 4 2 2 2 2 2 2 2 2 2 2 2 2 4 4 2 2 4 2 2 2 2 4 2 
4 2 2 2 2 2 2 2 2 4 4 4 4 4 4 4 4 4 4 4 2 2 2 4 2 
4 4 4 4 4 2 2 2 2 2 4 4 4 4 4 4 4 4 4 4 4 4 4 4 2 
4 4 4 4 4 2 2 2 4 2 4 1 4 1 4 4 4 4 4 4 4 4 4 4 4 
4 4 4 4 4 4 4 4 4 4 4 1 1 1 4 1 4 1 1 4 4 4 4 4 4 
4 4 4 4 4 4 4 4 4 4 4 1 1 1 1 1 1 1 1 4 4 4 4 4 4 
4 4 4 4 4 4 4 4 4 1 1 1 1 1 1 1 1 1 1 4 1 4 4 4 4 
4 4 4 4 4 4 4 3 3 1 1 1 1 1 1 1 1 1 1 1 1 1 4 4 4 
3 4 3 4 4 3 3 3 3 1 1 1 1 1 1 1 1 1 1 1 1 4 4 4 4 
3 3 3 3 3 3 3 3 3 3 3 1 1 1 1 1 1 1 1 1 1 1 4 1 4 
3 3 3 3 3 3 3 3 3 3 3 3 3 1 1 1 1 1 1 1 1 1 1 1 1 
0 3 3 3 3 3 3 3 3 3 3 3 1 1 1 1 1 1 1 1 1 1 1 1 1 
0 0 3 3 3 3 3 3 3 3 3 1 1 1 1 1 1 1 1 1 1 1 1 1 1 
0 0 0 0 0 0 0 3 3 3 3 3 1 1 1 1 1 1 1 1 1 1 1 1 1 
0 0 0 0 0 0 0 0 0 0 0 3 1 1 1 1 1 1 1 1 1 3 1 1 1 
0 0 0 0 0 0 0 0 0 0 0 3 3 3 1 1 1 1 1 3 3 3 1 3 3 
0 0 0 0 0 0 0 0 0 0 0 3 3 3 1 1 1 1 3 3 3 3 3 3 3 
0 0 0 0 0 0 0 0 0 0 0 0 3 3 3 1 3 3 3 3 3 3 3 3 3 
0 0 0 0 0 0 0 0 0 0 0 3 3 3 3 3 3 3 3 3 3 3 3 3 3 
0 0 0 0 0 0 0 0 0 0 0 3 3 3 3 3 3 3 3 3 3 3 3 3 3 
0 0 0 0 0 0 0 0 3 0 0 3 3 3 3 3 3 3 3 3 3 3 3 3 3 
0 0 0 0 0 0 0 0 3 3 3 3 3 3 3 3 3 3 3 3 3 3 3 3 3 

1.0 2.0 2.0 2.0 2.0 2.0 2.0 2.0 2.0 2.0 2.0 2.0 2.0 2.0 2.0 2.0 2.0 2.0 2.0 2.0 2.0 2.0 2.0 2.0 2.0 
1.0 2.0 2.0 2.0 2.0 2.0 2.0 2.0 2.0 2.0 2.0 2.0 2.0 2.0 2.0 2.0 2.0 2.0 2.0 2.0 2.0 2.0 2.0 2.0 2.0 
1.0 1.0 2.0 2.0 2.0 2.0 2.0 2.0 2.0 2.0 2.0 2.0 2.0 2.0 2.0 2.0 2.0 2.0 2.0 2.0 2.0 2.0 2.0 2.0 2.0 
1.0 1.0 2.0 2.0 2.0 2.0 2.0 2.0 2.0 2.0 2.0 2.0 2.0 2.0 1.0 1.0 2.0 2.0 1.0 2.0 2.0 2.0 2.0 1.0 2.0 
1.0 2.0 2.0 2.0 2.0 2.0 2.0 2.0 2.0 1.0 1.0 1.0 1.0 1.0 1.0 1.0 1.0 1.0 1.0 1.0 2.0 2.0 2.0 1.0 2.0 
1.0 1.0 1.0 1.0 1.0 2.0 2.0 2.0 2.0 2.0 1.0 1.0 1.0 1.0 1.0 1.0 1.0 1.0 1.0 1.0 1.0 1.0 1.0 1.0 2.0 
1.0 1.0 1.0 1.0 1.0 2.0 2.0 2.0 1.0 2.0 1.0 -2.0 1.0 -2.0 1.0 1.0 1.0 1.0 1.0 1.0 1.0 1.0 1.0 1.0 1.0 
1.0 1.0 1.0 1.0 1.0 1.0 1.0 1.0 1.0 1.0 1.0 -2.0 -2.0 -2.0 1.0 -2.0 1.0 -2.0 -2.0 1.0 1.0 1.0 1.0 1.0 1.0 
1.0 1.0 1.0 1.0 1.0 1.0 1.0 1.0 1.0 1.0 1.0 -2.0 -2.0 -2.0 -2.0 -2.0 -2.0 -2.0 -2.0 1.0 1.0 1.0 1.0 1.0 1.0 
1.0 1.0 1.0 1.0 1.0 1.0 1.0 1.0 1.0 -2.0 -2.0 -2.0 -2.0 -2.0 -2.0 -2.0 -2.0 -2.0 -2.0 1.0 -2.0 1.0 1.0 1.0 1.0 
1.0 1.0 1.0 1.0 1.0 1.0 1.0 -1.0 -1.0 -2.0 -2.0 -2.0 -2.0 -2.0 -2.0 -2.0 -2.0 -2.0 -2.0 -2.0 -2.0 -2.0 1.0 1.0 1.0 
-1.0 1.0 -1.0 1.0 1.0 -1.0 -1.0 -1.0 -1.0 -2.0 -2.0 -2.0 -2.0 -2.0 -2.0 -2.0 -2.0 -2.0 -2.0 -2.0 -2.0 1.0 1.0 1.0 1.0 
-1.0 -1.0 -1.0 -1.0 -1.0 -1.0 -1.0 -1.0 -1.0 -1.0 -1.0 -2.0 -2.0 -2.0 -2.0 -2.0 -2.0 -2.0 -2.0 -2.0 -2.0 -2.0 1.0 -2.0 1.0 
-1.0 -1.0 -1.0 -1.0 -1.0 -1.0 -1.0 -1.0 -1.0 -1.0 -1.0 -1.0 -1.0 -2.0 -2.0 -2.0 -2.0 -2.0 -2.0 -2.0 -2.0 -2.0 -2.0 -2.0 -2.0 
0.0 -1.0 -1.0 -1.0 -1.0 -1.0 -1.0 -1.0 -1.0 -1.0 -1.0 -1.0 -2.0 -2.0 -2.0 -2.0 -2.0 -2.0 -2.0 -2.0 -2.0 -2.0 -2.0 -2.0 -2.0 
0.0 0.0 -1.0 -1.0 -1.0 -1.0 -1.0 -1.0 -1.0 -1.0 -1.0 -2.0 -2.0 -2.0 -2.0 -2.0 -2.0 -2.0 -2.0 -2.0 -2.0 -2.0 -2.0 -2.0 -2.0 
0.0 0.0 0.0 0.0 0.0 0.0 0.0 -1.0 -1.0 -1.0 -1.0 -1.0 -2.0 -2.0 -2.0 -2.0 -2.0 -2.0 -2.0 -2.0 -2.0 -2.0 -2.0 -2.0 -2.0 
0.0 0.0 0.0 0.0 0.0 0.0 0.0 0.0 0.0 0.0 0.0 -1.0 -2.0 -2.0 -2.0 -2.0 -2.0 -2.0 -2.0 -2.0 -2.0 -1.0 -2.0 -2.0 -2.0 
0.0 0.0 0.0 0.0 0.0 0.0 0.0 0.0 0.0 0.0 0.0 -1.0 -1.0 -1.0 -2.0 -2.0 -2.0 -2.0 -2.0 -1.0 -1.0 -1.0 -2.0 -1.0 -1.0 
0.0 0.0 0.0 0.0 0.0 0.0 0.0 0.0 0.0 0.0 0.0 -1.0 -1.0 -1.0 -2.0 -2.0 -2.0 -2.0 -1.0 -1.0 -1.0 -1.0 -1.0 -1.0 -1.0 
0.0 0.0 0.0 0.0 0.0 0.0 0.0 0.0 0.0 0.0 0.0 0.0 -1.0 -1.0 -1.0 -2.0 -1.0 -1.0 -1.0 -1.0 -1.0 -1.0 -1.0 -1.0 -1.0 
0.0 0.0 0.0 0.0 0.0 0.0 0.0 0.0 0.0 0.0 0.0 -1.0 -1.0 -1.0 -1.0 -1.0 -1.0 -1.0 -1.0 -1.0 -1.0 -1.0 -1.0 -1.0 -1.0 
0.0 0.0 0.0 0.0 0.0 0.0 0.0 0.0 0.0 0.0 0.0 -1.0 -1.0 -1.0 -1.0 -1.0 -1.0 -1.0 -1.0 -1.0 -1.0 -1.0 -1.0 -1.0 -1.0 
0.0 0.0 0.0 0.0 0.0 0.0 0.0 0.0 -1.0 0.0 0.0 -1.0 -1.0 -1.0 -1.0 -1.0 -1.0 -1.0 -1.0 -1.0 -1.0 -1.0 -1.0 -1.0 -1.0 
0.0 0.0 0.0 0.0 0.0 0.0 0.0 0.0 -1.0 -1.0 -1.0 -1.0 -1.0 -1.0 -1.0 -1.0 -1.0 -1.0 -1.0 -1.0 -1.0 -1.0 -1.0 -1.0 -1.0 

1.0 2.0 2.0 2.0 2.0 2.0 2.0 2.0 2.0 2.0 2.0 2.0 2.0 2.0 2.0 2.0 2.0 2.0 2.0 2.0 2.0 2.0 2.0 2.0 2.0 
1.0 2.0 2.0 2.0 2.0 2.0 2.0 2.0 2.0 2.0 2.0 2.0 2.0 2.0 2.0 2.0 2.0 2.0 2.0 2.0 2.0 2.0 2.0 2.0 2.0 
1.0 1.0 2.0 2.0 2.0 2.0 2.0 2.0 2.0 2.0 2.0 2.0 2.0 2.0 2.0 2.0 2.0 2.0 2.0 2.0 2.0 2.0 2.0 2.0 2.0 
1.0 1.0 2.0 2.0 2.0 2.0 2.0 2.0 2.0 2.0 2.0 2.0 2.0 2.0 1.0 1.0 2.0 2.0 1.0 2.0 2.0 2.0 2.0 1.0 2.0 
1.0 2.0 2.0 2.0 2.0 2.0 2.0 2.0 2.0 1.0 1.0 1.0 1.0 1.0 1.0 1.0 1.0 1.0 1.0 1.0 2.0 2.0 2.0 1.0 2.0 
1.0 1.0 1.0 1.0 1.0 2.0 2.0 2.0 2.0 2.0 1.0 1.0 1.0 1.0 1.0 1.0 1.0 1.0 1.0 1.0 1.0 1.0 1.0 1.0 2.0 
1.0 1.0 1.0 1.0 1.0 2.0 2.0 2.0 1.0 2.0 1.0 -2.0 1.0 -2.0 1.0 1.0 1.0 1.0 1.0 1.0 1.0 1.0 1.0 1.0 1.0 
1.0 1.0 1.0 1.0 1.0 1.0 1.0 1.0 1.0 1.0 1.0 -2.0 -2.0 -2.0 1.0 -2.0 1.0 -2.0 -2.0 1.0 1.0 1.0 1.0 1.0 1.0 
1.0 1.0 1.0 1.0 1.0 1.0 1.0 1.0 1.0 1.0 1.0 -2.0 -2.0 -2.0 -2.0 -2.0 -2.0 -2.0 -2.0 1.0 1.0 1.0 1.0 1.0 1.0 
1.0 1.0 1.0 1.0 1.0 1.0 1.0 1.0 1.0 -2.0 -2.0 -2.0 -2.0 -2.0 -2.0 -2.0 -2.0 -2.0 -2.0 1.0 -2.0 1.0 1.0 1.0 1.0 
1.0 1.0 1.0 1.0 1.0 1.0 1.0 0.0 0.0 -2.0 -2.0 -2.0 -2.0 -2.0 -2.0 -2.0 -2.0 -2.0 -2.0 -2.0 -2.0 -2.0 1.0 1.0 1.0 
0.0 1.0 0.0 1.0 1.0 0.0 0.0 0.0 0.0 -2.0 -2.0 -2.0 -2.0 -2.0 -2.0 -2.0 -2.0 -2.0 -2.0 -2.0 -2.0 1.0 1.0 1.0 1.0 
0.0 0.0 0.0 0.0 0.0 0.0 0.0 0.0 0.0 0.0 0.0 -2.0 -2.0 -2.0 -2.0 -2.0 -2.0 -2.0 -2.0 -2.0 -2.0 -2.0 1.0 -2.0 1.0 
0.0 0.0 0.0 0.0 0.0 0.0 0.0 0.0 0.0 0.0 0.0 0.0 0.0 -2.0 -2.0 -2.0 -2.0 -2.0 -2.0 -2.0 -2.0 -2.0 -2.0 -2.0 -2.0 
-1.0 0.0 0.0 0.0 0.0 0.0 0.0 0.0 0.0 0.0 0.0 0.0 -2.0 -2.0 -2.0 -2.0 -2.0 -2.0 -2.0 -2.0 -2.0 -2.0 -2.0 -2.0 -2.0 
-1.0 -1.0 0.0 0.0 0.0 0.0 0.0 0.0 0.0 0.0 0.0 -2.0 -2.0 -2.0 -2.0 -2.0 -2.0 -2.0 -2.0 -2.0 -2.0 -2.0 -2.0 -2.0 -2.0 
-1.0 -1.0 -1.0 -1.0 -1.0 -1.0 -1.0 0.0 0.0 0.0 0.0 0.0 -2.0 -2.0 -2.0 -2.0 -2.0 -2.0 -2.0 -2.0 -2.0 -2.0 -2.0 -2.0 -2.0 
-1.0 -1.0 -1.0 -1.0 -1.0 -1.0 -1.0 -1.0 -1.0 -1.0 -1.0 0.0 -2.0 -2.0 -2.0 -2.0 -2.0 -2.0 -2.0 -2.0 -2.0 0.0 -2.0 -2.0 -2.0 
-1.0 -1.0 -1.0 -1.0 -1.0 -1.0 -1.0 -1.0 -1.0 -1.0 -1.0 0.0 0.0 0.0 -2.0 -2.0 -2.0 -2.0 -2.0 0.0 0.0 0.0 -2.0 0.0 0.0 
-1.0 -1.0 -1.0 -1.0 -1.0 -1.0 -1.0 -1.0 -1.0 -1.0 -1.0 0.0 0.0 0.0 -2.0 -2.0 -2.0 -2.0 0.0 0.0 0.0 0.0 0.0 0.0 0.0 
-1.0 -1.0 -1.0 -1.0 -1.0 -1.0 -1.0 -1.0 -1.0 -1.0 -1.0 -1.0 0.0 0.0 0.0 -2.0 0.0 0.0 0.0 0.0 0.0 0.0 0.0 0.0 0.0 
-1.0 -1.0 -1.0 -1.0 -1.0 -1.0 -1.0 -1.0 -1.0 -1.0 -1.0 0.0 0.0 0.0 0.0 0.0 0.0 0.0 0.0 0.0 0.0 0.0 0.0 0.0 0.0 
-1.0 -1.0 -1.0 -1.0 -1.0 -1.0 -1.0 -1.0 -1.0 -1.0 -1.0 0.0 0.0 0.0 0.0 0.0 0.0 0.0 0.0 0.0 0.0 0.0 0.0 0.0 0.0 
-1.0 -1.0 -1.0 -1.0 -1.0 -1.0 -1.0 -1.0 0.0 -1.0 -1.0 0.0 0.0 0.0 0.0 0.0 0.0 0.0 0.0 0.0 0.0 0.0 0.0 0.0 0.0 
-1.0 -1.0 -1.0 -1.0 -1.0 -1.0 -1.0 -1.0 0.0 0.0 0.0 0.0 0.0 0.0 0.0 0.0 0.0 0.0 0.0 0.0 0.0 0.0 0.0 0.0 0.0 

