0.199418 0.089466 0.237731 0.117089 0.749756 0.259604 0.451716 0.469856 0.724192 0.755862 0.428257 0.760620 0.019687 0.627368 0.426704 0.738711 0.939583 0.040852 0.949988 0.594103 0.503355 0.041862 0.809098 0.339945 0.518521 
0.054139 0.071352 0.939020 0.683887 0.474915 0.362365 0.201381 0.546175 0.795260 0.949081 0.250325 0.503996 0.069749 0.250079 0.329314 0.595992 0.746438 0.461016 0.362822 0.548905 0.937488 0.033919 0.513093 0.521469 0.489168 
0.046680 0.616439 0.620089 0.199151 0.020549 0.455802 0.453395 0.687814 0.331003 0.788472 0.106527 0.847987 0.510726 0.367545 0.954806 0.221425 0.679061 0.827875 0.620408 0.062214 0.575095 0.325954 0.002209 0.069784 0.295609 
0.089973 0.146713 0.195661 0.514697 0.227874 0.623249 0.632485 0.294136 0.440197 0.260625 0.884092 0.325110 0.518791 0.646705 0.237731 0.872288 0.492159 0.770689 0.727648 0.800441 0.782344 0.370773 0.294144 0.580699 0.146483 
0.577222 0.474471 0.686072 0.935617 0.335635 0.350076 0.551810 0.869071 0.135456 0.144133 0.553895 0.240222 0.215714 0.935617 0.788704 0.851999 0.288132 0.372835 0.399906 0.946444 0.889518 0.952885 0.253857 0.861005 0.424594 
0.996731 0.657223 0.027215 0.735012 0.705983 0.189568 0.779620 0.524326 0.759024 0.668906 0.717499 0.244918 0.125393 0.594330 0.808513 0.574693 0.912202 0.663204 0.645045 0.366628 0.730019 0.118487 0.021819 0.972308 0.948370 
0.386260 0.051353 0.568093 0.093173 0.638154 0.868337 0.079424 0.982740 0.763925 0.544619 0.853532 0.988914 0.620342 0.645046 0.701378 0.019391 0.697199 0.761160 0.001001 0.783293 0.754207 0.695807 0.141274 0.398572 0.368279 
0.919464 0.233354 0.156219 0.193518 0.534616 0.739143 0.782339 0.151299 0.468019 0.658683 0.326188 0.691548 0.299805 0.064998 0.972592 0.603358 0.818036 0.606498 0.474120 0.638117 0.243983 0.985563 0.814499 0.659774 0.989201 
0.848754 0.572877 0.575496 0.311388 0.729093 0.252952 0.643473 0.842278 0.355779 0.331731 0.543461 0.251362 0.178681 0.568356 0.742743 0.423747 0.849765 0.946506 0.282171 0.326143 0.616504 0.885477 0.544056 0.870473 0.761798 
0.597459 0.137156 0.585690 0.547523 0.393401 0.640593 0.003646 0.440032 0.119545 0.563990 0.334385 0.345943 0.440984 0.395115 0.846928 0.868617 0.782251 0.959449 0.365057 0.081761 0.477782 0.345886 0.053194 0.617340 0.437398 
0.388090 0.832915 0.373353 0.214225 0.086672 0.777130 0.584394 0.021376 0.738312 0.768440 0.745488 0.114419 0.883168 0.337082 0.915479 0.457591 0.845734 0.929790 0.463862 0.250651 0.359013 0.125639 0.647489 0.102842 0.915675 
0.730559 0.812718 0.222556 0.776542 0.439217 0.454081 0.310499 0.708200 0.342269 0.140915 0.544822 0.831509 0.713912 0.073678 0.181155 0.939053 0.815884 0.582857 0.951122 0.138131 0.292488 0.767481 0.731923 0.033423 0.745914 
0.154172 0.710229 0.962572 0.614075 0.631045 0.751675 0.235035 0.853594 0.968237 0.194166 0.321310 0.359321 0.735732 0.229246 0.294286 0.920955 0.034659 0.847408 0.938406 0.060805 0.337704 0.628188 0.889856 0.285516 0.748187 
0.311771 0.081951 0.151347 0.631573 0.890771 0.038681 0.721652 0.749973 0.386346 0.734631 0.047231 0.541466 0.379569 0.642728 0.533710 0.066809 0.228505 0.943099 0.321565 0.655352 0.249956 0.811027 0.109509 0.438682 0.280864 
0.583426 0.395321 0.576151 0.801995 0.138060 0.241354 0.347245 0.213250 0.939537 0.072037 0.202192 0.424793 0.087145 0.869839 0.387207 0.564423 0.628817 0.227779 0.378369 0.461536 0.928247 0.685458 0.497277 0.645658 0.485907 
0.598145 0.991016 0.019393 0.094409 0.790776 0.351812 0.311317 0.660415 0.663318 0.738090 0.803401 0.180317 0.842976 0.993157 0.441015 0.880243 0.143052 0.475303 0.152339 0.816676 0.593126 0.310384 0.307616 0.795098 0.194722 
0.609288 0.861848 0.967495 0.033238 0.025474 0.085562 0.200985 0.869964 0.836524 0.267311 0.519854 0.815129 0.615912 0.232522 0.078799 0.932738 0.081043 0.524763 0.815358 0.870568 0.112458 0.347239 0.927111 0.994967 0.702791 
0.132510 0.473010 0.443732 0.444227 0.417073 0.157830 0.306460 0.220972 0.893254 0.673203 0.943387 0.873276 0.483351 0.575005 0.718257 0.188559 0.460519 0.148264 0.663985 0.600778 0.684928 0.921378 0.293938 0.049644 0.611607 
0.780442 0.126696 0.470149 0.872459 0.093791 0.480570 0.031615 0.759924 0.090404 0.268474 0.767275 0.665483 0.698956 0.480704 0.729803 0.672036 0.717855 0.628408 0.761464 0.049281 0.149795 0.761924 0.096822 0.521193 0.810614 
0.153229 0.509792 0.215666 0.882368 0.867987 0.328114 0.738821 0.074048 0.030870 0.509185 0.768447 0.488221 0.916409 0.211590 0.362169 0.993757 0.534482 0.231227 0.985587 0.782488 0.651107 0.511687 0.333562 0.457686 0.116383 
0.801636 0.878128 0.060616 0.515252 0.213254 0.196682 0.165437 0.550901 0.556619 0.767783 0.812453 0.711566 0.217618 0.579663 0.916943 0.254340 0.160783 0.590659 0.472370 0.153541 0.460250 0.898933 0.082765 0.616600 0.670836 
0.145897 0.350851 0.984558 0.344255 0.100569 0.123256 0.276126 0.038479 0.684432 0.371283 0.629411 0.598858 0.843585 0.725460 0.153604 0.354655 0.126056 0.046184 0.571752 0.571040 0.364314 0.990547 0.450585 0.275767 0.748453 
0.034930 0.123523 0.572890 0.569338 0.638554 0.261641 0.051104 0.636695 0.417628 0.755995 0.355144 0.042661 0.874005 0.975422 0.615895 0.302265 0.708514 0.927959 0.507893 0.966472 0.619380 0.908283 0.818183 0.839359 0.500372 
0.043841 0.525976 0.281089 0.452395 0.431677 0.444967 0.298780 0.671392 0.798831 0.236205 0.092577 0.021409 0.360427 0.992551 0.309892 0.420106 0.666868 0.796389 0.520484 0.211024 0.917398 0.179614 0.848959 0.632897 0.513777 
0.936623 0.853210 0.003663 0.960556 0.373040 0.827548 0.086511 0.576688 0.035112 0.877439 0.440048 0.256489 0.800599 0.425653 0.124902 0.240259 0.424715 0.624091 0.510961 0.121286 0.125830 0.108160 0.108321 0.910259 0.527233 

0.100789 0.901372 0.483956 0.153992 0.268500 0.211531 0.114274 0.803076 0.425722 0.794550 0.889204 0.135205 0.070169 0.317595 0.798331 0.011973 0.281762 0.273327 0.651090 0.044332 0.901706 0.213109 0.853428 0.919897 0.454115 
0.309061 0.701226 0.238176 0.970951 0.773555 0.096919 0.190093 0.812331 0.796960 0.784270 0.202380 0.328822 0.689088 0.951041 0.051756 0.380528 0.279929 0.853555 0.891178 0.600864 0.703430 0.813372 0.621500 0.396177 0.256603 
0.794239 0.238106 0.842464 0.121319 0.288850 0.056278 0.314895 0.074900 0.919172 0.751573 0.960235 0.656907 0.898942 0.839140 0.351938 0.305949 0.138856 0.377134 0.845245 0.844050 0.743731 0.514144 0.554225 0.126559 0.503206 
0.912844 0.134536 0.282171 0.226624 0.004447 0.356644 0.013528 0.793587 0.815784 0.782679 0.359344 0.531686 0.887556 0.910621 0.280329 0.107007 0.651481 0.287818 0.713942 0.778734 0.868873 0.915688 0.219138 0.209388 0.124599 
0.412113 0.715975 0.983968 0.459374 0.175432 0.795241 0.837403 0.136507 0.004412 0.561255 0.600505 0.512654 0.807491 0.788145 0.602866 0.494435 0.194084 0.883429 0.729364 0.546655 0.143823 0.588809 0.493092 0.390056 0.888422 
0.236111 0.419554 0.080309 0.523548 0.017052 0.666894 0.358078 0.712064 0.308892 0.689105 0.861346 0.552580 0.399234 0.066917 0.583322 0.153426 0.289194 0.809208 0.868675 0.623974 0.495315 0.612902 0.021662 0.082489 0.842871 
0.689789 0.358898 0.097315 0.401163 0.203786 0.864389 0.183251 0.900400 0.056672 0.006912 0.267787 0.912532 0.534985 0.520845 0.298640 0.609236 0.567724 0.570752 0.176483 0.128015 0.137012 0.627463 0.582330 0.307158 0.670940 
0.807199 0.930123 0.308237 0.831664 0.707474 0.814529 0.831998 0.912548 0.975597 0.943711 0.910109 0.101308 0.732313 0.822931 0.273568 0.951185 0.351143 0.289063 0.906439 0.529510 0.752055 0.494185 0.786039 0.001973 0.176137 
0.390128 0.866587 0.488760 0.076381 0.711423 0.735754 0.165857 0.431742 0.794575 0.383087 0.121588 0.998848 0.153657 0.293073 0.743625 0.689077 0.930040 0.549648 0.946665 0.227689 0.869614 0.351124 0.960296 0.437588 0.483526 
0.854410 0.630384 0.418349 0.554570 0.052657 0.731804 0.324803 0.290897 0.955768 0.893233 0.797945 0.811419 0.890873 0.955628 0.856191 0.312794 0.039875 0.390904 0.058440 0.754506 0.262149 0.697732 0.970605 0.756853 0.071338 
0.211778 0.111413 0.208387 0.718632 0.346743 0.452379 0.932117 0.346147 0.738564 0.973367 0.647538 0.748116 0.951902 0.889140 0.605295 0.817157 0.520087 0.962612 0.645301 0.925942 0.211658 0.113721 0.670496 0.682658 0.947639 
0.993091 0.983297 0.916187 0.121273 0.518324 0.584348 0.250360 0.486312 0.131886 0.888476 0.329321 0.139151 0.457502 0.117181 0.639308 0.224540 0.479177 0.179825 0.975019 0.297911 0.145406 0.970043 0.603831 0.226408 0.931888 
0.166258 0.661486 0.984170 0.641498 0.590141 0.012187 0.064744 0.941716 0.224515 0.865555 0.923172 0.508834 0.556046 0.647596 0.799735 0.736292 0.994129 0.925178 0.442793 0.176585 0.159873 0.853717 0.821871 0.228738 0.591311 
0.191274 0.117972 0.744904 0.516180 0.870414 0.881504 0.157992 0.276644 0.840427 0.800131 0.402667 0.801691 0.516730 0.771923 0.352499 0.816377 0.584302 0.351891 0.430786 0.087645 0.704405 0.202771 0.322817 0.409237 0.277685 
0.299805 0.945450 0.258285 0.677791 0.903128 0.054718 0.794129 0.139685 0.200094 0.106655 0.235042 0.940348 0.224517 0.003756 0.551591 0.192085 0.965494 0.508858 0.711066 0.031391 0.146320 0.163725 0.790627 0.615054 0.401213 
0.771600 0.014073 0.729621 0.205266 0.028151 0.217096 0.191718 0.771514 0.388515 0.939137 0.691114 0.758887 0.299094 0.051086 0.397034 0.985430 0.998008 0.834650 0.875960 0.792667 0.928692 0.971569 0.435682 0.954329 0.811312 
0.175448 0.257234 0.673813 0.380963 0.674112 0.781981 0.943291 0.392482 0.390962 0.326081 0.561167 0.702419 0.036853 0.337487 0.818004 0.187376 0.360829 0.471467 0.088099 0.513252 0.944552 0.302273 0.767115 0.685135 0.545054 
0.201294 0.426395 0.502960 0.129369 0.312846 0.893763 0.876615 0.805234 0.549460 0.314773 0.049544 0.901852 0.643604 0.744423 0.323908 0.682115 0.707454 0.975502 0.813234 0.627661 0.659275 0.990311 0.233578 0.311580 0.072909 
0.816443 0.950280 0.859779 0.827716 0.576981 0.189527 0.412101 0.087438 0.605784 0.090115 0.629932 0.831824 0.454104 0.640383 0.937845 0.154365 0.263980 0.032759 0.737250 0.691769 0.683204 0.437491 0.935341 0.887772 0.497203 
0.462811 0.101585 0.141633 0.985528 0.754372 0.343189 0.681683 0.149253 0.884459 0.818353 0.378386 0.046072 0.375186 0.876170 0.021459 0.256212 0.440573 0.976350 0.287284 0.680752 0.162153 0.052903 0.582328 0.482027 0.737040 
0.295100 0.990095 0.577229 0.820096 0.087427 0.940440 0.765834 0.054638 0.022886 0.025652 0.147350 0.304380 0.845763 0.315023 0.911302 0.106068 0.803766 0.968832 0.652865 0.128686 0.284027 0.920397 0.795673 0.745925 0.627643 
0.455179 0.566113 0.522157 0.930060 0.669027 0.625914 0.636179 0.767940 0.270818 0.555714 0.493072 0.153470 0.107117 0.342374 0.667387 0.986723 0.847581 0.159388 0.059474 0.624392 0.500977 0.755486 0.781654 0.712736 0.860219 
0.255564 0.473195 0.445675 0.346232 0.369924 0.018326 0.007605 0.115441 0.572287 0.795400 0.569332 0.724284 0.367078 0.700833 0.861077 0.502190 0.944419 0.307827 0.534756 0.695302 0.209647 0.163680 0.277639 0.909205 0.332522 
0.356459 0.762729 0.580698 0.053517 0.943152 0.832397 0.729306 0.271954 0.883945 0.098082 0.120039 0.173568 0.895504 0.269170 0.332627 0.193522 0.447259 0.251475 0.233855 0.105661 0.805942 0.812693 0.894917 0.226539 0.712422 
0.110446 0.651137 0.464911 0.471762 0.250855 0.337178 0.749151 0.676029 0.545004 0.585414 0.832331 0.628271 0.817029 0.281027 0.958656 0.900977 0.548678 0.002191 0.172368 0.360529 0.768725 0.159159 0.822864 0.276205 0.625326 

-0.615567 -1.972297 -1.386103 -0.408579 -0.941774 -0.400614 -0.590213 -1.502992 -1.291528 -1.537517 -1.292538 -0.893459 -0.163346 -0.802556 -1.205174 -0.796533 2.270655 0.372512 2.565205 1.140221 1.955797 0.316457 2.624673 1.683690 1.564601 
-0.551636 -1.553726 -2.160018 -3.157080 -1.211767 -0.489601 -0.376566 -1.412502 -1.711898 -1.727006 -0.353468 -0.938085 -0.596647 -1.215434 -0.276738 1.612004 1.641922 1.875007 1.657563 1.705381 2.477638 0.936289 1.620977 1.290587 1.198902 
-1.689891 -1.878728 -2.955490 -0.568537 -0.647731 -0.475093 -0.839390 -0.650315 -1.304237 -1.438248 -0.997453 -1.574901 -1.433515 -1.135724 2.280598 0.839316 1.612633 1.949041 2.096761 0.818741 1.714417 1.207300 0.499573 0.224424 1.203408 
-2.049989 -0.591927 -0.903955 -1.533988 -0.350691 -0.971265 -0.692564 -1.045198 -1.183831 -1.008927 -1.123372 -0.907726 2.029795 2.438593 0.805966 1.800541 1.744120 1.708347 2.394495 2.371753 2.542895 1.700728 0.919711 1.421875 0.236235 
-2.038540 -2.326667 -3.405430 -2.751764 -1.214242 -2.272338 -1.653142 -1.083688 -0.177265 -0.647515 -1.237895 1.004692 1.246308 2.639455 2.081293 2.148376 0.791644 1.575973 1.704322 2.528402 1.874200 2.593107 0.964204 2.163488 1.722904 
-2.484481 -2.251557 -0.101712 -2.361843 -1.516593 -1.703489 -0.967220 -1.168797 -0.909297 -1.483449 2.438468 1.016963 0.680122 1.221147 2.124126 1.212661 2.013358 2.155430 2.190059 1.385583 1.885123 0.873615 0.273562 1.945598 2.676928 
-2.400860 -0.847513 -1.318741 -1.041072 -1.665127 -3.462409 -0.575678 -1.948454 -0.773290 1.101236 1.981554 2.854509 1.702092 1.639540 1.720541 0.589291 2.099537 1.961514 0.122547 1.807812 1.640955 2.064882 0.783555 1.071396 1.679306 
-3.677724 -2.186997 -0.982878 -2.137508 -2.510124 -3.032594 -3.073849 1.109732 2.091286 2.259588 1.628186 1.505185 1.131262 0.899165 2.150839 2.147454 1.976765 1.439790 1.799384 1.977633 1.353376 2.457147 2.407079 1.306909 2.109704 
-2.275036 -2.828432 -2.127829 -0.740314 -2.689381 -1.989454 -1.616409 2.033091 1.586494 1.033014 1.091451 1.502705 0.675754 1.285987 2.174536 1.544216 2.503207 2.356345 1.628276 0.883511 2.108925 2.038998 2.121229 2.202633 2.227269 
-2.776256 -1.494339 -1.936186 -2.093191 -0.671273 -2.685894 -0.856095 1.244881 1.187417 2.024083 1.453188 1.480706 1.965857 1.664212 2.549364 1.989261 1.446894 2.535335 0.626321 0.952194 1.262498 1.368448 1.153339 2.083781 1.097387 
-1.153795 -1.907182 -1.119784 -1.874682 -0.775471 -2.425637 -3.094969 0.300370 2.107722 2.572301 2.196333 1.089162 2.839508 1.608160 2.471216 1.768085 2.100137 2.678519 1.525164 1.307859 0.970926 0.531595 1.836587 0.952886 2.681865 
-3.474782 -3.519717 -2.295807 -1.790869 -1.765349 -2.158318 1.024283 1.718486 0.708449 1.153730 1.186465 1.797443 1.968501 0.203571 1.005798 2.085703 2.280247 1.316457 2.895423 0.430706 0.683115 2.708983 2.027329 0.237489 2.485785 
-0.837851 -2.438132 -3.855645 -2.440741 -2.374379 -1.681795 0.551683 2.511451 2.068401 1.126515 1.734027 1.248025 2.040764 1.156221 1.401059 2.485620 1.104762 2.639475 2.288663 0.513546 0.621628 2.002129 2.727918 0.838589 2.251823 
-1.063003 -0.293162 -1.787724 -2.318770 -3.575484 -1.848994 1.641588 1.710306 1.496518 2.257626 0.625871 1.878553 1.325756 2.021489 1.482951 0.827182 1.056749 2.275951 1.045153 1.390654 1.154295 1.926660 0.648083 1.213277 0.754178 
-1.763832 -2.702724 -1.828083 -2.944814 -2.056817 -0.666540 1.591055 0.697354 2.074708 0.338058 0.550448 1.816478 0.476753 1.802364 1.483101 1.173907 2.131225 1.227673 1.781296 0.634872 1.212277 0.991388 2.070236 1.718868 1.475337 
-2.650139 -1.980588 -1.485339 -0.704645 -1.581078 -1.043818 0.113801 0.045400 0.065225 0.111752 2.092331 1.638683 1.525512 1.063523 1.236324 2.739624 2.179691 2.096945 1.821748 2.297929 2.520493 2.333574 1.101298 2.578112 1.871768 
-1.543357 -2.396037 -3.099535 -0.900475 -0.199714 0.114917 0.010777 0.130771 0.120454 0.015746 1.606418 2.296496 0.814049 0.974902 1.732758 1.426482 0.934058 1.528306 0.962299 1.994587 1.971622 0.832613 2.423475 2.496717 1.716041 
-0.807496 -1.958254 -0.182888 -0.044404 0.075094 0.109806 0.056916 -0.045932 -0.117831 0.011009 0.007008 2.576063 1.718481 1.966378 1.272115 1.633734 1.818246 2.060449 2.261490 1.637488 1.976795 2.890791 0.909197 0.607382 0.798817 
0.092749 0.071102 0.038511 0.052277 0.102499 0.025760 0.017583 0.233361 0.007518 0.024997 -0.022323 2.476821 1.627814 1.693086 2.734034 1.171367 1.278806 0.692914 2.169024 1.413711 1.536705 1.779483 1.975291 2.271459 1.638284 
0.097397 0.029602 -0.059658 -0.099580 0.004571 -0.099767 0.061080 0.128245 0.038933 0.036837 -0.223655 0.065727 1.631598 2.057188 0.168179 1.602484 1.299559 2.285496 1.508785 2.052557 0.994808 0.739430 1.486006 1.592156 1.676916 
0.129191 0.062490 -0.212888 -0.154585 -0.099314 -0.013954 -0.015232 0.028212 0.034889 0.099712 -0.046731 -0.026291 1.900043 1.298862 2.905088 0.514672 1.821341 2.571708 1.814411 0.322145 0.956513 2.527083 1.845228 2.061790 1.785193 
-0.004655 0.041291 0.249744 0.022299 0.024809 -0.067458 0.280869 -0.078520 -0.129434 0.022519 0.103436 -0.086806 0.109478 1.381373 1.485339 2.208036 1.678278 0.170856 0.614514 1.833659 1.371352 2.510426 2.058928 1.664981 2.588562 
-0.013858 0.107619 -0.010395 -0.007155 -0.032050 0.026922 -0.026805 -0.144770 0.037893 -0.187011 0.103335 -0.062816 -0.030453 2.320469 2.320258 1.364448 2.751601 1.344115 1.546108 2.222212 1.104287 1.204122 1.388597 2.736188 1.250216 
-0.019898 0.004364 0.145665 0.078332 0.030681 0.106634 -0.076850 -0.220310 -0.016066 -0.052871 -0.078129 0.022009 0.025387 0.056922 1.062153 0.759849 1.531360 1.263311 0.923111 0.420010 2.687171 1.863380 2.627304 1.046384 1.958032 
-0.002646 0.142599 0.116048 -0.078583 -0.111883 -0.039358 0.042509 -0.034852 0.065176 -0.073156 -0.142628 0.095948 0.063823 -0.021270 1.930971 2.005695 1.649694 0.741480 0.581442 0.776157 1.472666 0.467525 1.954482 1.558673 1.810910 

4 4 4 4 0 0 0 0 0 0 0 0 0 0 0 0 2 2 2 2 2 2 2 2 2 
4 4 4 4 0 0 0 0 0 0 0 0 0 0 0 2 2 2 2 2 2 2 2 2 2 
4 4 4 4 4 0 0 0 0 0 0 0 0 0 2 2 2 2 2 2 2 2 2 2 2 
4 4 4 4 4 0 0 0 0 0 0 0 2 2 2 2 2 2 2 2 2 2 2 2 2 
4 4 4 4 4 4 0 0 0 0 0 2 2 2 2 2 2 2 2 2 2 2 2 2 2 
4 4 4 4 4 4 0 0 0 0 2 2 2 2 2 2 2 2 2 2 2 2 2 2 2 
4 4 4 4 4 4 4 0 0 2 2 2 2 2 2 2 2 2 2 2 2 2 2 2 2 
4 4 4 4 4 4 4 2 2 2 2 2 2 2 2 2 2 2 2 2 2 2 2 2 2 
4 4 4 4 4 4 4 2 2 2 2 2 2 2 2 2 2 2 2 2 2 2 2 2 2 
4 4 4 4 4 4 4 2 2 2 2 2 2 2 2 2 2 2 2 2 2 2 2 2 2 
4 4 4 4 4 4 4 2 2 2 2 2 2 2 2 2 2 2 2 2 2 2 2 2 2 
4 4 4 4 4 4 2 2 2 2 2 2 2 2 2 2 2 2 2 2 2 2 2 2 2 
4 4 4 4 4 4 2 2 2 2 2 2 2 2 2 2 2 2 2 2 2 2 2 2 2 
4 4 4 4 4 4 2 2 2 2 2 2 2 2 2 2 2 2 2 2 2 2 2 2 2 
4 4 4 4 4 4 2 2 2 2 2 2 2 2 2 2 2 3 3 3 3 3 3 3 3 
4 4 4 4 4 4 1 1 1 1 3 3 3 3 3 3 3 3 3 3 3 3 3 3 3 
4 4 4 4 1 1 1 1 1 1 3 3 3 3 3 3 3 3 3 3 3 3 3 3 3 
4 4 1 1 1 1 1 1 1 1 1 3 3 3 3 3 3 3 3 3 3 3 3 3 3 
1 1 1 1 1 1 1 1 1 1 1 3 3 3 3 3 3 3 3 3 3 3 3 3 3 
1 1 1 1 1 1 1 1 1 1 1 1 3 3 3 3 3 3 3 3 3 3 3 3 3 
1 1 1 1 1 1 1 1 1 1 1 1 3 3 3 3 3 3 3 3 3 3 3 3 3 
1 1 1 1 1 1 1 1 1 1 1 1 1 3 3 3 3 3 3 3 3 3 3 3 3 
1 1 1 1 1 1 1 1 1 1 1 1 1 3 3 3 3 3 3 3 3 3 3 3 3 
1 1 1 1 1 1 1 1 1 1 1 1 1 1 3 3 3 3 3 3 3 3 3 3 3 
1 1 1 1 1 1 1 1 1 1 1 1 1 1 3 3 3 3 3 3 3 3 3 3 3 

-2.0 -2.0 -2.0 -2.0 -1.0 -1.0 -1.0 -1.0 -1.0 -1.0 -1.0 -1.0 -1.0 -1.0 -1.0 -1.0 2.0 2.0 2.0 2.0 2.0 2.0 2.0 2.0 2.0 
-2.0 -2.0 -2.0 -2.0 -1.0 -1.0 -1.0 -1.0 -1.0 -1.0 -1.0 -1.0 -1.0 -1.0 -1.0 2.0 2.0 2.0 2.0 2.0 2.0 2.0 2.0 2.0 2.0 
-2.0 -2.0 -2.0 -2.0 -2.0 -1.0 -1.0 -1.0 -1.0 -1.0 -1.0 -1.0 -1.0 -1.0 2.0 2.0 2.0 2.0 2.0 2.0 2.0 2.0 2.0 2.0 2.0 
-2.0 -2.0 -2.0 -2.0 -2.0 -1.0 -1.0 -1.0 -1.0 -1.0 -1.0 -1.0 2.0 2.0 2.0 2.0 2.0 2.0 2.0 2.0 2.0 2.0 2.0 2.0 2.0 
-2.0 -2.0 -2.0 -2.0 -2.0 -2.0 -1.0 -1.0 -1.0 -1.0 -1.0 2.0 2.0 2.0 2.0 2.0 2.0 2.0 2.0 2.0 2.0 2.0 2.0 2.0 2.0 
-2.0 -2.0 -2.0 -2.0 -2.0 -2.0 -1.0 -1.0 -1.0 -1.0 2.0 2.0 2.0 2.0 2.0 2.0 2.0 2.0 2.0 2.0 2.0 2.0 2.0 2.0 2.0 
-2.0 -2.0 -2.0 -2.0 -2.0 -2.0 -2.0 -1.0 -1.0 2.0 2.0 2.0 2.0 2.0 2.0 2.0 2.0 2.0 2.0 2.0 2.0 2.0 2.0 2.0 2.0 
-2.0 -2.0 -2.0 -2.0 -2.0 -2.0 -2.0 2.0 2.0 2.0 2.0 2.0 2.0 2.0 2.0 2.0 2.0 2.0 2.0 2.0 2.0 2.0 2.0 2.0 2.0 
-2.0 -2.0 -2.0 -2.0 -2.0 -2.0 -2.0 2.0 2.0 2.0 2.0 2.0 2.0 2.0 2.0 2.0 2.0 2.0 2.0 2.0 2.0 2.0 2.0 2.0 2.0 
-2.0 -2.0 -2.0 -2.0 -2.0 -2.0 -2.0 2.0 2.0 2.0 2.0 2.0 2.0 2.0 2.0 2.0 2.0 2.0 2.0 2.0 2.0 2.0 2.0 2.0 2.0 
-2.0 -2.0 -2.0 -2.0 -2.0 -2.0 -2.0 2.0 2.0 2.0 2.0 2.0 2.0 2.0 2.0 2.0 2.0 2.0 2.0 2.0 2.0 2.0 2.0 2.0 2.0 
-2.0 -2.0 -2.0 -2.0 -2.0 -2.0 2.0 2.0 2.0 2.0 2.0 2.0 2.0 2.0 2.0 2.0 2.0 2.0 2.0 2.0 2.0 2.0 2.0 2.0 2.0 
-2.0 -2.0 -2.0 -2.0 -2.0 -2.0 2.0 2.0 2.0 2.0 2.0 2.0 2.0 2.0 2.0 2.0 2.0 2.0 2.0 2.0 2.0 2.0 2.0 2.0 2.0 
-2.0 -2.0 -2.0 -2.0 -2.0 -2.0 2.0 2.0 2.0 2.0 2.0 2.0 2.0 2.0 2.0 2.0 2.0 2.0 2.0 2.0 2.0 2.0 2.0 2.0 2.0 
-2.0 -2.0 -2.0 -2.0 -2.0 -2.0 2.0 2.0 2.0 2.0 2.0 2.0 2.0 2.0 2.0 2.0 2.0 1.0 1.0 1.0 1.0 1.0 1.0 1.0 1.0 
-2.0 -2.0 -2.0 -2.0 -2.0 -2.0 0.0 0.0 0.0 0.0 1.0 1.0 1.0 1.0 1.0 1.0 1.0 1.0 1.0 1.0 1.0 1.0 1.0 1.0 1.0 
-2.0 -2.0 -2.0 -2.0 0.0 0.0 0.0 0.0 0.0 0.0 1.0 1.0 1.0 1.0 1.0 1.0 1.0 1.0 1.0 1.0 1.0 1.0 1.0 1.0 1.0 
-2.0 -2.0 0.0 0.0 0.0 0.0 0.0 0.0 0.0 0.0 0.0 1.0 1.0 1.0 1.0 1.0 1.0 1.0 1.0 1.0 1.0 1.0 1.0 1.0 1.0 
0.0 0.0 0.0 0.0 0.0 0.0 0.0 0.0 0.0 0.0 0.0 1.0 1.0 1.0 1.0 1.0 1.0 1.0 1.0 1.0 1.0 1.0 1.0 1.0 1.0 
0.0 0.0 0.0 0.0 0.0 0.0 0.0 0.0 0.0 0.0 0.0 0.0 1.0 1.0 1.0 1.0 1.0 1.0 1.0 1.0 1.0 1.0 1.0 1.0 1.0 
0.0 0.0 0.0 0.0 0.0 0.0 0.0 0.0 0.0 0.0 0.0 0.0 1.0 1.0 1.0 1.0 1.0 1.0 1.0 1.0 1.0 1.0 1.0 1.0 1.0 
0.0 0.0 0.0 0.0 0.0 0.0 0.0 0.0 0.0 0.0 0.0 0.0 0.0 1.0 1.0 1.0 1.0 1.0 1.0 1.0 1.0 1.0 1.0 1.0 1.0 
0.0 0.0 0.0 0.0 0.0 0.0 0.0 0.0 0.0 0.0 0.0 0.0 0.0 1.0 1.0 1.0 1.0 1.0 1.0 1.0 1.0 1.0 1.0 1.0 1.0 
0.0 0.0 0.0 0.0 0.0 0.0 0.0 0.0 0.0 0.0 0.0 0.0 0.0 0.0 1.0 1.0 1.0 1.0 1.0 1.0 1.0 1.0 1.0 1.0 1.0 
0.0 0.0 0.0 0.0 0.0 0.0 0.0 0.0 0.0 0.0 0.0 0.0 0.0 0.0 1.0 1.0 1.0 1.0 1.0 1.0 1.0 1.0 1.0 1.0 1.0 

-2.0 -2.0 -2.0 -2.0 -1.0 -1.0 -1.0 -1.0 -1.0 -1.0 -1.0 -1.0 -1.0 -1.0 -1.0 -1.0 1.0 1.0 1.0 1.0 1.0 1.0 1.0 1.0 1.0 
-2.0 -2.0 -2.0 -2.0 -1.0 -1.0 -1.0 -1.0 -1.0 -1.0 -1.0 -1.0 -1.0 -1.0 -1.0 1.0 1.0 1.0 1.0 1.0 1.0 1.0 1.0 1.0 1.0 
-2.0 -2.0 -2.0 -2.0 -2.0 -1.0 -1.0 -1.0 -1.0 -1.0 -1.0 -1.0 -1.0 -1.0 1.0 1.0 1.0 1.0 1.0 1.0 1.0 1.0 1.0 1.0 1.0 
-2.0 -2.0 -2.0 -2.0 -2.0 -1.0 -1.0 -1.0 -1.0 -1.0 -1.0 -1.0 1.0 1.0 1.0 1.0 1.0 1.0 1.0 1.0 1.0 1.0 1.0 1.0 1.0 
-2.0 -2.0 -2.0 -2.0 -2.0 -2.0 -1.0 -1.0 -1.0 -1.0 -1.0 1.0 1.0 1.0 1.0 1.0 1.0 1.0 1.0 1.0 1.0 1.0 1.0 1.0 1.0 
-2.0 -2.0 -2.0 -2.0 -2.0 -2.0 -1.0 -1.0 -1.0 -1.0 1.0 1.0 1.0 1.0 1.0 1.0 1.0 1.0 1.0 1.0 1.0 1.0 1.0 1.0 1.0 
-2.0 -2.0 -2.0 -2.0 -2.0 -2.0 -2.0 -1.0 -1.0 1.0 1.0 1.0 1.0 1.0 1.0 1.0 1.0 1.0 1.0 1.0 1.0 1.0 1.0 1.0 1.0 
-2.0 -2.0 -2.0 -2.0 -2.0 -2.0 -2.0 1.0 1.0 1.0 1.0 1.0 1.0 1.0 1.0 1.0 1.0 1.0 1.0 1.0 1.0 1.0 1.0 1.0 1.0 
-2.0 -2.0 -2.0 -2.0 -2.0 -2.0 -2.0 1.0 1.0 1.0 1.0 1.0 1.0 1.0 1.0 1.0 1.0 1.0 1.0 1.0 1.0 1.0 1.0 1.0 1.0 
-2.0 -2.0 -2.0 -2.0 -2.0 -2.0 -2.0 1.0 1.0 1.0 1.0 1.0 1.0 1.0 1.0 1.0 1.0 1.0 1.0 1.0 1.0 1.0 1.0 1.0 1.0 
-2.0 -2.0 -2.0 -2.0 -2.0 -2.0 -2.0 1.0 1.0 1.0 1.0 1.0 1.0 1.0 1.0 1.0 1.0 1.0 1.0 1.0 1.0 1.0 1.0 1.0 1.0 
-2.0 -2.0 -2.0 -2.0 -2.0 -2.0 1.0 1.0 1.0 1.0 1.0 1.0 1.0 1.0 1.0 1.0 1.0 1.0 1.0 1.0 1.0 1.0 1.0 1.0 1.0 
-2.0 -2.0 -2.0 -2.0 -2.0 -2.0 1.0 1.0 1.0 1.0 1.0 1.0 1.0 1.0 1.0 1.0 1.0 1.0 1.0 1.0 1.0 1.0 1.0 1.0 1.0 
-2.0 -2.0 -2.0 -2.0 -2.0 -2.0 1.0 1.0 1.0 1.0 1.0 1.0 1.0 1.0 1.0 1.0 1.0 1.0 1.0 1.0 1.0 1.0 1.0 1.0 1.0 
-2.0 -2.0 -2.0 -2.0 -2.0 -2.0 1.0 1.0 1.0 1.0 1.0 1.0 1.0 1.0 1.0 1.0 1.0 2.0 2.0 2.0 2.0 2.0 2.0 2.0 2.0 
-2.0 -2.0 -2.0 -2.0 -2.0 -2.0 0.0 0.0 0.0 0.0 2.0 2.0 2.0 2.0 2.0 2.0 2.0 2.0 2.0 2.0 2.0 2.0 2.0 2.0 2.0 
-2.0 -2.0 -2.0 -2.0 0.0 0.0 0.0 0.0 0.0 0.0 2.0 2.0 2.0 2.0 2.0 2.0 2.0 2.0 2.0 2.0 2.0 2.0 2.0 2.0 2.0 
-2.0 -2.0 0.0 0.0 0.0 0.0 0.0 0.0 0.0 0.0 0.0 2.0 2.0 2.0 2.0 2.0 2.0 2.0 2.0 2.0 2.0 2.0 2.0 2.0 2.0 
0.0 0.0 0.0 0.0 0.0 0.0 0.0 0.0 0.0 0.0 0.0 2.0 2.0 2.0 2.0 2.0 2.0 2.0 2.0 2.0 2.0 2.0 2.0 2.0 2.0 
0.0 0.0 0.0 0.0 0.0 0.0 0.0 0.0 0.0 0.0 0.0 0.0 2.0 2.0 2.0 2.0 2.0 2.0 2.0 2.0 2.0 2.0 2.0 2.0 2.0 
0.0 0.0 0.0 0.0 0.0 0.0 0.0 0.0 0.0 0.0 0.0 0.0 2.0 2.0 2.0 2.0 2.0 2.0 2.0 2.0 2.0 2.0 2.0 2.0 2.0 
0.0 0.0 0.0 0.0 0.0 0.0 0.0 0.0 0.0 0.0 0.0 0.0 0.0 2.0 2.0 2.0 2.0 2.0 2.0 2.0 2.0 2.0 2.0 2.0 2.0 
0.0 0.0 0.0 0.0 0.0 0.0 0.0 0.0 0.0 0.0 0.0 0.0 0.0 2.0 2.0 2.0 2.0 2.0 2.0 2.0 2.0 2.0 2.0 2.0 2.0 
0.0 0.0 0.0 0.0 0.0 0.0 0.0 0.0 0.0 0.0 0.0 0.0 0.0 0.0 2.0 2.0 2.0 2.0 2.0 2.0 2.0 2.0 2.0 2.0 2.0 
0.0 0.0 0.0 0.0 0.0 0.0 0.0 0.0 0.0 0.0 0.0 0.0 0.0 0.0 2.0 2.0 2.0 2.0 2.0 2.0 2.0 2.0 2.0 2.0 2.0 

