0.905069 0.686496 0.353135 0.108108 0.899023 0.197099 0.263719 0.184687 0.544450 0.966878 0.581213 0.451598 0.440667 0.815791 0.353943 0.873898 0.128070 0.913076 0.348463 0.431715 0.786129 0.933266 0.601136 0.630628 0.795778 
0.724611 0.168714 0.078652 0.812055 0.606942 0.397284 0.664913 0.779282 0.400165 0.851844 0.305300 0.690091 0.300753 0.341466 0.047563 0.015093 0.098093 0.798198 0.729196 0.277764 0.878995 0.370544 0.874532 0.436039 0.307810 
0.964462 0.388152 0.755077 0.191066 0.852151 0.561492 0.930056 0.805852 0.703013 0.181019 0.917092 0.182390 0.328396 0.262358 0.258353 0.361000 0.401536 0.761804 0.621317 0.042041 0.719969 0.436463 0.190804 0.731020 0.002152 
0.990442 0.600701 0.352272 0.883209 0.457460 0.894730 0.542486 0.865615 0.622115 0.638845 0.798876 0.152273 0.611937 0.754409 0.440662 0.264543 0.247934 0.670807 0.191445 0.398191 0.924135 0.104259 0.859395 0.501799 0.046938 
0.549638 0.394688 0.147909 0.747759 0.316514 0.405061 0.896627 0.322754 0.011026 0.646148 0.530420 0.250978 0.676815 0.876856 0.145827 0.588197 0.933706 0.925912 0.301679 0.358178 0.646413 0.629015 0.173389 0.193032 0.552162 
0.833151 0.943301 0.599178 0.924575 0.347154 0.325609 0.625177 0.640206 0.993185 0.315222 0.464948 0.034799 0.145451 0.446246 0.475053 0.246167 0.124875 0.682604 0.523727 0.134932 0.379048 0.120894 0.167955 0.763156 0.160750 
0.458522 0.215020 0.806815 0.396036 0.995774 0.788657 0.086032 0.052507 0.919345 0.022132 0.727017 0.120078 0.393458 0.483934 0.657472 0.031563 0.948389 0.538536 0.574413 0.848087 0.563827 0.027820 0.887153 0.909425 0.983653 
0.299998 0.746867 0.287410 0.639136 0.497577 0.335428 0.170738 0.240938 0.559202 0.104919 0.918699 0.154219 0.243536 0.370685 0.090152 0.016582 0.767485 0.204795 0.693652 0.678257 0.802850 0.978750 0.845527 0.799562 0.987099 
0.082397 0.138738 0.106643 0.659309 0.827388 0.847033 0.950990 0.971833 0.748895 0.607884 0.109225 0.006998 0.144258 0.520930 0.944562 0.012401 0.407750 0.566721 0.223528 0.605169 0.559925 0.877940 0.889725 0.571433 0.907547 
0.443811 0.598451 0.569317 0.264558 0.918161 0.562184 0.793102 0.840759 0.238791 0.148157 0.793514 0.305938 0.951960 0.778098 0.182165 0.438139 0.474768 0.885907 0.752563 0.548107 0.526353 0.147675 0.571272 0.286694 0.427704 
0.826322 0.910593 0.509660 0.396318 0.130215 0.946783 0.710916 0.326551 0.734808 0.095694 0.313511 0.268165 0.912948 0.443620 0.535236 0.774674 0.704937 0.644865 0.764841 0.169953 0.423685 0.093558 0.418417 0.832121 0.345796 
0.282635 0.090911 0.193074 0.256789 0.816305 0.604609 0.447844 0.373606 0.990866 0.433324 0.606023 0.489247 0.837942 0.836380 0.582165 0.576095 0.945993 0.990024 0.811801 0.559341 0.442310 0.221828 0.862212 0.812791 0.343777 
0.930062 0.684059 0.940224 0.067726 0.022745 0.768787 0.272820 0.061544 0.524279 0.947237 0.643438 0.788694 0.406664 0.439387 0.820618 0.829395 0.809071 0.592042 0.135158 0.508105 0.284725 0.802538 0.992665 0.820495 0.782125 
0.696512 0.920550 0.259936 0.874350 0.245206 0.879766 0.526301 0.593601 0.445570 0.099919 0.463335 0.375687 0.279294 0.751408 0.236890 0.937229 0.965001 0.603892 0.284711 0.664723 0.479576 0.050381 0.493672 0.769397 0.996130 
0.734539 0.557260 0.097830 0.688549 0.674199 0.334335 0.406836 0.079833 0.630172 0.197270 0.367894 0.533287 0.107272 0.252401 0.670372 0.791802 0.687493 0.437408 0.136062 0.472939 0.907075 0.592588 0.769242 0.644317 0.140941 
0.928677 0.953051 0.381651 0.845902 0.847602 0.259097 0.104067 0.372794 0.835863 0.929750 0.630471 0.243460 0.118978 0.727544 0.502723 0.794565 0.730737 0.553036 0.249077 0.890216 0.159188 0.967320 0.699616 0.359034 0.478054 
0.549312 0.775908 0.503642 0.469079 0.877308 0.461127 0.865609 0.196317 0.077797 0.581631 0.900794 0.076336 0.823549 0.939352 0.451755 0.769165 0.925599 0.603952 0.454942 0.837780 0.222211 0.299095 0.091636 0.271210 0.261466 
0.216054 0.633734 0.727308 0.539754 0.376457 0.043036 0.588419 0.987888 0.906155 0.145735 0.536557 0.721208 0.886074 0.322798 0.533597 0.230005 0.358025 0.802199 0.405881 0.370572 0.441415 0.104436 0.871775 0.975130 0.931725 
0.574071 0.757594 0.834061 0.431779 0.114934 0.990049 0.571693 0.919174 0.604481 0.746628 0.355539 0.461435 0.995506 0.078199 0.064895 0.252530 0.445079 0.500662 0.411841 0.922355 0.566233 0.129915 0.391807 0.684079 0.715400 
0.535601 0.613441 0.297905 0.623356 0.747912 0.024008 0.902623 0.913815 0.056559 0.192282 0.576478 0.491335 0.946632 0.203926 0.813868 0.266116 0.217589 0.421483 0.566561 0.424450 0.200185 0.237452 0.041810 0.291868 0.552417 
0.711211 0.076337 0.526564 0.292739 0.029312 0.701830 0.430370 0.123698 0.891542 0.034280 0.074591 0.668577 0.951157 0.838985 0.975635 0.567875 0.927316 0.212525 0.845563 0.726844 0.784729 0.854596 0.122257 0.493076 0.599756 
0.093089 0.326527 0.180923 0.410304 0.512535 0.845064 0.199937 0.496774 0.429614 0.628393 0.768063 0.478984 0.604249 0.087754 0.629735 0.895305 0.091216 0.773332 0.804746 0.563873 0.391632 0.282330 0.087744 0.954930 0.940552 
0.725221 0.242000 0.441778 0.879015 0.231579 0.930202 0.650057 0.467622 0.405308 0.225660 0.116118 0.439056 0.791065 0.929131 0.495557 0.473969 0.726072 0.658855 0.920111 0.264923 0.144738 0.838972 0.393678 0.275964 0.775559 
0.760799 0.302314 0.392082 0.213973 0.778749 0.699589 0.080902 0.450776 0.972768 0.898219 0.841108 0.803810 0.130154 0.732916 0.083079 0.513014 0.978490 0.907891 0.768108 0.758439 0.975391 0.896261 0.737653 0.987548 0.243295 
0.255819 0.556595 0.401406 0.337823 0.824057 0.975595 0.213491 0.885028 0.881517 0.462816 0.079497 0.312794 0.542840 0.387736 0.681578 0.891514 0.748013 0.898090 0.268544 0.499321 0.117750 0.947689 0.248736 0.588308 0.316133 

0.587044 0.236349 0.728180 0.948733 0.381240 0.260593 0.705740 0.083151 0.155296 0.616707 0.581500 0.980901 0.257262 0.685656 0.681989 0.687411 0.254549 0.435911 0.611254 0.746212 0.397718 0.659801 0.473933 0.765946 0.998740 
0.069716 0.500379 0.033552 0.366050 0.184188 0.597460 0.033577 0.873899 0.651354 0.902034 0.265776 0.026300 0.490646 0.820578 0.162049 0.481614 0.517337 0.340706 0.528261 0.393264 0.388337 0.249546 0.280176 0.732283 0.647692 
0.794856 0.032194 0.751500 0.394046 0.385325 0.259606 0.040559 0.845490 0.671924 0.155996 0.096889 0.597868 0.254895 0.085485 0.819837 0.650440 0.389303 0.125992 0.528132 0.310950 0.525801 0.090257 0.512317 0.962427 0.724953 
0.277363 0.728509 0.980921 0.209427 0.293868 0.270028 0.622276 0.797458 0.132466 0.599985 0.413532 0.716658 0.565790 0.602227 0.143948 0.319094 0.646473 0.102584 0.028162 0.693409 0.262440 0.128775 0.635905 0.015682 0.457503 
0.687439 0.005857 0.177845 0.238877 0.868558 0.720807 0.266489 0.899247 0.378720 0.216531 0.574253 0.485027 0.774972 0.738114 0.805765 0.414948 0.148642 0.131629 0.973994 0.096117 0.344216 0.820028 0.538245 0.287666 0.330986 
0.365479 0.826405 0.018248 0.790305 0.287700 0.630946 0.176176 0.346862 0.323418 0.275060 0.496162 0.300782 0.911378 0.812239 0.042361 0.742910 0.930301 0.872274 0.857223 0.628545 0.610105 0.605382 0.601515 0.269309 0.981064 
0.985238 0.303112 0.339566 0.454822 0.763118 0.754138 0.208007 0.120625 0.873684 0.815409 0.182941 0.702174 0.882827 0.556069 0.824154 0.161027 0.634013 0.722962 0.454408 0.386931 0.423987 0.281823 0.494489 0.781990 0.064467 
0.456121 0.167894 0.194337 0.970352 0.642332 0.529379 0.249176 0.059955 0.812898 0.998623 0.375173 0.513436 0.730296 0.530950 0.673610 0.780598 0.635639 0.907982 0.583143 0.541261 0.111117 0.628045 0.748863 0.863045 0.676113 
0.769128 0.338599 0.568752 0.656179 0.070842 0.014897 0.952751 0.691620 0.776998 0.390531 0.778984 0.741731 0.491039 0.589758 0.497028 0.200321 0.757805 0.850903 0.508854 0.088077 0.487522 0.403694 0.202531 0.782761 0.132779 
0.031813 0.963722 0.810596 0.298809 0.725133 0.482935 0.463559 0.855455 0.041061 0.192778 0.678703 0.774245 0.116645 0.902565 0.150475 0.879584 0.330504 0.963013 0.944313 0.770613 0.126116 0.084612 0.536413 0.050280 0.795052 
0.901473 0.195659 0.289078 0.250630 0.428736 0.418767 0.937954 0.585038 0.307985 0.475784 0.296479 0.393211 0.266883 0.108808 0.952371 0.609556 0.333326 0.220719 0.885624 0.240914 0.225794 0.245199 0.699122 0.748801 0.387417 
0.187682 0.162898 0.142106 0.021238 0.642535 0.498938 0.562010 0.372900 0.156653 0.417753 0.999193 0.681974 0.306768 0.345666 0.119324 0.821082 0.481279 0.218986 0.041421 0.930360 0.463803 0.659685 0.606479 0.382558 0.651327 
0.148842 0.584921 0.263677 0.500945 0.379798 0.335964 0.314952 0.691820 0.261091 0.556725 0.507411 0.694144 0.521917 0.326149 0.123950 0.992982 0.008493 0.663920 0.728670 0.522840 0.540391 0.744946 0.580383 0.670653 0.175127 
0.746497 0.432795 0.350116 0.354732 0.152122 0.784031 0.245574 0.153547 0.101348 0.743321 0.168311 0.033833 0.171941 0.571065 0.815562 0.696547 0.057496 0.651857 0.355170 0.065087 0.525721 0.616349 0.010094 0.491375 0.678192 
0.854083 0.050882 0.072133 0.682087 0.314691 0.384847 0.209235 0.364107 0.603562 0.447724 0.165282 0.228458 0.825155 0.931964 0.833946 0.283764 0.421587 0.998500 0.222049 0.461117 0.901430 0.574615 0.362967 0.132412 0.366609 
0.691513 0.333863 0.594486 0.685748 0.459767 0.457389 0.041044 0.907096 0.625914 0.941498 0.441481 0.546524 0.729044 0.592367 0.590695 0.157380 0.433448 0.663203 0.057140 0.513235 0.531656 0.624721 0.819404 0.044606 0.538973 
0.320181 0.546990 0.987957 0.172825 0.648883 0.882123 0.879234 0.888694 0.115416 0.433348 0.752017 0.101711 0.637447 0.713234 0.047116 0.200996 0.747857 0.428646 0.211968 0.962212 0.667810 0.619852 0.315697 0.412400 0.049099 
0.372245 0.776154 0.108668 0.088597 0.929686 0.715590 0.673653 0.080603 0.512719 0.425317 0.405413 0.942420 0.128749 0.745910 0.211169 0.212142 0.954770 0.140194 0.119527 0.569029 0.133720 0.874383 0.256949 0.888752 0.902308 
0.042359 0.280019 0.323100 0.912863 0.713606 0.894376 0.558948 0.939445 0.982401 0.082978 0.437736 0.919329 0.223088 0.549338 0.832194 0.303538 0.977955 0.425719 0.667191 0.215846 0.627480 0.329768 0.716369 0.295379 0.742065 
0.761613 0.077976 0.662668 0.747933 0.760280 0.657571 0.664580 0.773094 0.904705 0.686921 0.632762 0.964842 0.580599 0.574244 0.908653 0.889888 0.288586 0.506323 0.408020 0.348639 0.733405 0.143153 0.498933 0.031223 0.033462 
0.833567 0.898760 0.519471 0.912004 0.427817 0.988871 0.828092 0.573141 0.206525 0.383441 0.842413 0.252881 0.169299 0.289005 0.328927 0.551679 0.352872 0.622910 0.223198 0.343156 0.441053 0.163039 0.702652 0.265790 0.107228 
0.184511 0.200068 0.200539 0.987591 0.209720 0.936300 0.079025 0.628056 0.207151 0.511409 0.194498 0.177928 0.956135 0.326686 0.013574 0.325487 0.204353 0.571761 0.686615 0.568687 0.553071 0.009270 0.433030 0.691223 0.408302 
0.258436 0.905254 0.971250 0.987288 0.337226 0.836979 0.872020 0.631721 0.821779 0.949437 0.650914 0.878212 0.103825 0.976109 0.368897 0.059120 0.197973 0.505464 0.205568 0.390184 0.567381 0.332761 0.773779 0.317388 0.351088 
0.081673 0.004625 0.987159 0.522412 0.631347 0.700597 0.891605 0.965934 0.036531 0.673715 0.685334 0.025526 0.952363 0.706333 0.781388 0.686595 0.823444 0.772328 0.919428 0.434481 0.743646 0.929033 0.076774 0.061721 0.523925 
0.043990 0.377806 0.496944 0.942831 0.768549 0.535807 0.632807 0.863246 0.699169 0.365809 0.429560 0.139144 0.479413 0.042906 0.456647 0.131855 0.507923 0.807558 0.623527 0.957306 0.879918 0.709024 0.938446 0.413901 0.006036 

-0.807433 -0.502179 0.949896 1.784102 -1.416567 0.433090 0.941381 0.177178 0.516660 1.822388 1.191837 1.420200 0.761425 1.429526 1.114172 1.963001 0.588411 1.196823 0.327671 0.665131 1.518820 -0.799544 -0.966502 -0.683252 -0.834167 
-1.305956 0.877463 -0.057577 -0.762630 -1.076149 0.927683 1.007738 2.036567 1.236333 1.606552 0.772934 0.436474 0.767703 0.930159 -0.019451 0.577617 0.520194 1.493595 1.279616 0.387733 -0.260235 -0.086309 -0.209887 -0.666310 -0.661822 
-0.431948 -0.876281 -0.151393 0.377879 -0.508630 -1.045368 0.986030 1.494208 1.336562 0.071157 1.100315 0.881460 0.498813 0.506077 1.272794 1.139845 0.951675 1.279321 1.515643 -0.347737 -0.338236 0.079811 -0.389629 -1.272263 -0.556828 
-1.008357 0.375656 1.240092 -1.524873 -0.107155 -1.458702 1.234493 1.467478 0.217382 0.880341 1.137412 0.631657 1.072306 1.302466 0.456529 0.493430 0.487647 1.202481 0.110454 0.834520 -0.426793 -0.105099 -0.905802 -0.095167 -0.443583 
0.542382 -0.995410 0.145880 -1.378919 1.045530 0.760471 -1.032519 1.322666 0.257757 0.276841 1.314850 0.769348 1.376078 1.739604 0.387233 0.944545 1.983484 2.072028 0.498644 -0.164015 -0.070209 -1.110256 -0.517786 -0.033243 -0.532344 
-1.257313 -0.200426 -1.011041 -0.057623 -0.274897 0.632561 -0.810155 0.751294 1.333348 0.416707 1.175851 0.333937 0.676860 0.528017 1.443787 0.507997 0.120173 1.673344 1.224774 -0.730965 -0.928012 -0.639790 -0.833840 -0.207721 -1.114188 
0.874180 0.323575 -0.912756 0.218376 -0.601377 0.081263 -0.456112 -0.390692 2.061648 0.658142 0.762050 0.859704 0.979026 1.066446 1.228934 0.002268 1.764739 0.993804 -0.494168 -0.391833 -0.648709 -0.473693 -0.732665 -0.966946 0.190138 
0.103040 -1.065161 -0.430844 0.211678 0.252442 0.843412 -0.618430 -0.001676 -2.086142 1.037466 1.263839 0.486402 0.623274 0.704440 0.101020 0.309704 1.618390 0.554581 -0.609819 -0.805639 -0.209284 -0.683590 -0.752269 -1.123364 -0.812950 
1.330408 0.664340 0.893154 -0.047464 -1.774801 -1.078981 -2.929457 -2.489964 -2.608835 -1.432321 0.036482 0.518659 0.404328 1.195210 1.864820 -0.112064 0.730534 1.255901 -0.572598 0.049632 -0.694321 -0.646456 0.086130 -0.913742 -0.269746 
-0.649766 0.853255 0.564470 0.000779 -0.258740 -1.281213 -1.343508 -2.502740 -0.244018 -0.539917 1.589837 0.518211 1.685551 1.579556 0.563417 0.858979 1.075547 -0.756309 -0.951924 -0.660017 0.028659 -0.060540 -0.733254 0.097844 -0.831109 
0.064217 -1.386167 -0.345856 -0.601186 -0.941630 -1.344385 -2.868809 -1.361302 -0.895075 -0.983373 0.614237 0.821957 1.758686 0.760797 1.202382 1.565323 1.296578 -0.291702 -0.809914 -0.007394 -0.409957 -0.245642 -0.808814 -0.668312 -0.586367 
-0.387832 -0.087156 -0.224519 -0.378431 -2.017549 -1.564583 -1.863652 -1.144651 -1.089068 -0.956772 1.053698 0.995745 1.547925 2.052005 1.331574 1.298978 1.894600 -0.226985 -0.197180 -1.080825 -0.551952 -0.841190 -0.461694 -0.560597 -0.802984 
-1.698798 -0.136348 -1.600735 -1.448132 -0.931619 -1.114166 -1.053175 -1.395687 -1.043880 -2.253300 -1.277984 1.769285 0.708898 0.590264 1.913618 1.435293 0.159343 -0.668608 -0.391278 -0.698743 -0.630478 -0.523471 -0.930058 -0.673961 -0.454268 
0.252348 -0.880532 0.190853 -1.669437 -0.792736 -2.519613 -1.295407 -0.649287 -0.920937 -1.540818 -0.746404 0.434809 0.169271 1.490305 0.545709 2.127607 -0.048153 -0.643799 -0.730873 -0.061790 -0.912692 -0.759312 -0.459904 -0.534088 -0.606789 
0.300715 -0.841448 -0.228138 -2.339070 -1.256932 -1.487915 -0.642477 -0.765263 -1.894268 -1.090400 -0.653534 1.023681 0.313472 0.656737 1.178521 -0.428932 -0.364868 -0.763873 -0.313009 -0.406488 -0.803199 -0.836065 -0.227860 -0.285585 -0.145505 
-0.405191 -1.393605 -1.819149 -2.048658 -1.673047 -1.203838 -0.317980 -2.213803 -2.222850 -2.813524 -1.597028 0.477601 0.373815 1.376653 0.882969 -0.017460 -0.225633 -1.082627 0.045420 -0.308403 -0.685136 -0.525323 -0.483059 -0.110672 -0.738816 
-0.732680 -1.554864 -2.591363 -0.841854 -2.070874 -1.961629 -2.264256 -1.793661 -0.285586 -1.521369 -2.069121 -0.002749 1.842587 1.854955 1.439405 -0.289911 -0.559818 -0.317343 -0.266475 -0.696464 -0.524688 -0.758350 -0.255955 -0.536728 -0.625683 
0.472628 -2.412012 -1.170743 -0.880917 -2.195010 -1.237525 -1.677203 -1.156564 -2.004694 -1.266567 -1.286024 1.716769 1.857348 0.458786 -0.405233 -0.338198 -0.886130 0.226623 -0.047138 -0.810290 -0.261847 -1.007221 -0.333207 -0.590781 -1.127224 
-0.425118 -1.193063 -1.358626 -2.416422 -1.398283 -2.985982 -1.963319 -2.564593 -2.712651 -1.029381 -1.309449 0.645169 2.059010 0.077453 -0.785238 -0.329815 -0.831262 -0.041114 -0.537882 -0.119582 -0.924836 -0.468521 -0.579299 -0.376600 -0.883476 
-1.905504 -1.012795 -1.636857 -2.142424 -2.291553 -1.073985 -2.100518 -2.429723 -2.232224 -1.558179 -1.696006 -2.433834 1.622409 0.421333 -0.731390 -0.714882 -0.406411 -0.383251 -0.280753 -0.705775 -0.586420 0.207581 -0.336494 -0.359046 0.078064 
-2.306374 -2.490904 -1.646556 -2.203507 -0.983798 -2.625752 -2.412543 -1.264766 -1.294803 -0.706500 -1.578985 -1.222280 1.628106 -0.339667 -0.384586 -0.308613 -0.085637 -0.788439 -0.513939 -0.562074 -0.770497 -0.503991 -0.957382 -0.011588 0.050109 
-0.373337 -0.812934 -0.517418 -1.866592 -1.206012 -2.763842 -0.407191 -2.022280 -0.825896 -1.237145 -0.973228 -0.653858 1.185315 -0.192006 0.174587 -0.655731 -0.630108 -0.680863 -0.863847 -0.606139 -0.461749 0.132486 -0.167426 -0.907559 -0.625997 
-1.682085 -1.592839 -2.228339 -2.877271 -0.986216 -2.748179 -2.217133 -1.777386 -2.143390 -1.901799 -1.089758 -2.213518 -0.289168 -0.868659 -0.451902 -0.093611 -0.236250 -0.734742 -0.076725 -0.401781 -0.788799 -0.347593 -0.771633 -0.121117 -0.176227 
-0.527104 -0.397676 -2.441045 -1.317892 -2.116398 -2.350956 -1.943627 -2.226415 -1.035119 -2.253169 -2.308477 -1.049993 -0.998491 -0.738238 -1.047120 -0.686573 -1.011187 -0.450413 -0.623370 -0.198026 -0.893570 -0.875280 -0.046881 -0.180417 -0.316260 
-0.717803 -1.090739 -0.990213 -2.315008 -2.591525 -1.788187 -1.741241 -2.545673 -2.379788 -1.127703 -1.266938 -0.817661 -0.355745 -0.131976 -0.629829 -0.137980 -0.307604 -0.769115 -0.573633 -1.045598 -1.040197 -0.758517 -0.983785 -0.818191 -0.170330 

1 1 1 1 1 0 0 0 0 0 0 0 0 0 0 0 0 0 2 2 2 4 4 4 4 
1 1 1 1 1 0 0 0 0 0 0 0 0 0 0 0 0 2 2 2 4 4 4 4 4 
1 1 1 1 1 1 0 0 0 0 0 0 0 0 0 0 2 2 2 2 4 4 4 4 4 
1 1 1 1 1 1 0 0 0 0 0 0 0 0 0 2 2 2 2 2 4 4 4 4 4 
1 1 1 1 1 1 1 0 0 0 0 0 0 0 2 2 2 2 2 4 4 4 4 4 4 
1 1 1 1 1 1 1 0 0 0 0 0 0 2 2 2 2 2 2 4 4 4 4 4 4 
1 1 1 1 1 1 3 3 0 0 0 0 2 2 2 2 2 2 4 4 4 4 4 4 4 
1 1 1 1 1 1 3 3 3 0 0 2 2 2 2 2 2 2 4 4 4 4 4 4 4 
1 1 1 1 1 3 3 3 3 3 2 2 2 2 2 2 2 2 4 4 4 4 4 4 4 
1 1 1 1 1 3 3 3 3 3 2 2 2 2 2 2 2 4 4 4 4 4 4 4 4 
1 1 1 1 3 3 3 3 3 3 2 2 2 2 2 2 2 4 4 4 4 4 4 4 4 
1 1 1 1 3 3 3 3 3 3 2 2 2 2 2 2 2 4 4 4 4 4 4 4 4 
1 1 1 3 3 3 3 3 3 3 3 2 2 2 2 2 4 4 4 4 4 4 4 4 4 
1 1 1 3 3 3 3 3 3 3 3 2 2 2 2 2 4 4 4 4 4 4 4 4 4 
1 1 3 3 3 3 3 3 3 3 3 2 2 2 2 4 4 4 4 4 4 4 4 4 4 
1 1 3 3 3 3 3 3 3 3 3 2 2 2 2 4 4 4 4 4 4 4 4 4 4 
1 3 3 3 3 3 3 3 3 3 3 2 2 2 2 4 4 4 4 4 4 4 4 4 4 
1 3 3 3 3 3 3 3 3 3 3 2 2 2 4 4 4 4 4 4 4 4 4 4 4 
3 3 3 3 3 3 3 3 3 3 3 2 2 2 4 4 4 4 4 4 4 4 4 4 4 
3 3 3 3 3 3 3 3 3 3 3 3 2 2 4 4 4 4 4 4 4 4 4 4 4 
3 3 3 3 3 3 3 3 3 3 3 3 2 4 4 4 4 4 4 4 4 4 4 4 4 
3 3 3 3 3 3 3 3 3 3 3 3 2 4 4 4 4 4 4 4 4 4 4 4 4 
3 3 3 3 3 3 3 3 3 3 3 3 4 4 4 4 4 4 4 4 4 4 4 4 4 
3 3 3 3 3 3 3 3 3 3 3 3 4 4 4 4 4 4 4 4 4 4 4 4 4 
3 3 3 3 3 3 3 3 3 3 3 3 4 4 4 4 4 4 4 4 4 4 4 4 4 

-2.0 -2.0 -2.0 -2.0 -2.0 1.0 1.0 1.0 1.0 1.0 1.0 1.0 1.0 1.0 1.0 1.0 1.0 1.0 2.0 2.0 2.0 0.0 0.0 0.0 0.0 
-2.0 -2.0 -2.0 -2.0 -2.0 1.0 1.0 1.0 1.0 1.0 1.0 1.0 1.0 1.0 1.0 1.0 1.0 2.0 2.0 2.0 0.0 0.0 0.0 0.0 0.0 
-2.0 -2.0 -2.0 -2.0 -2.0 -2.0 1.0 1.0 1.0 1.0 1.0 1.0 1.0 1.0 1.0 1.0 2.0 2.0 2.0 2.0 0.0 0.0 0.0 0.0 0.0 
-2.0 -2.0 -2.0 -2.0 -2.0 -2.0 1.0 1.0 1.0 1.0 1.0 1.0 1.0 1.0 1.0 2.0 2.0 2.0 2.0 2.0 0.0 0.0 0.0 0.0 0.0 
-2.0 -2.0 -2.0 -2.0 -2.0 -2.0 -2.0 1.0 1.0 1.0 1.0 1.0 1.0 1.0 2.0 2.0 2.0 2.0 2.0 0.0 0.0 0.0 0.0 0.0 0.0 
-2.0 -2.0 -2.0 -2.0 -2.0 -2.0 -2.0 1.0 1.0 1.0 1.0 1.0 1.0 2.0 2.0 2.0 2.0 2.0 2.0 0.0 0.0 0.0 0.0 0.0 0.0 
-2.0 -2.0 -2.0 -2.0 -2.0 -2.0 -1.0 -1.0 1.0 1.0 1.0 1.0 2.0 2.0 2.0 2.0 2.0 2.0 0.0 0.0 0.0 0.0 0.0 0.0 0.0 
-2.0 -2.0 -2.0 -2.0 -2.0 -2.0 -1.0 -1.0 -1.0 1.0 1.0 2.0 2.0 2.0 2.0 2.0 2.0 2.0 0.0 0.0 0.0 0.0 0.0 0.0 0.0 
-2.0 -2.0 -2.0 -2.0 -2.0 -1.0 -1.0 -1.0 -1.0 -1.0 2.0 2.0 2.0 2.0 2.0 2.0 2.0 2.0 0.0 0.0 0.0 0.0 0.0 0.0 0.0 
-2.0 -2.0 -2.0 -2.0 -2.0 -1.0 -1.0 -1.0 -1.0 -1.0 2.0 2.0 2.0 2.0 2.0 2.0 2.0 0.0 0.0 0.0 0.0 0.0 0.0 0.0 0.0 
-2.0 -2.0 -2.0 -2.0 -1.0 -1.0 -1.0 -1.0 -1.0 -1.0 2.0 2.0 2.0 2.0 2.0 2.0 2.0 0.0 0.0 0.0 0.0 0.0 0.0 0.0 0.0 
-2.0 -2.0 -2.0 -2.0 -1.0 -1.0 -1.0 -1.0 -1.0 -1.0 2.0 2.0 2.0 2.0 2.0 2.0 2.0 0.0 0.0 0.0 0.0 0.0 0.0 0.0 0.0 
-2.0 -2.0 -2.0 -1.0 -1.0 -1.0 -1.0 -1.0 -1.0 -1.0 -1.0 2.0 2.0 2.0 2.0 2.0 0.0 0.0 0.0 0.0 0.0 0.0 0.0 0.0 0.0 
-2.0 -2.0 -2.0 -1.0 -1.0 -1.0 -1.0 -1.0 -1.0 -1.0 -1.0 2.0 2.0 2.0 2.0 2.0 0.0 0.0 0.0 0.0 0.0 0.0 0.0 0.0 0.0 
-2.0 -2.0 -1.0 -1.0 -1.0 -1.0 -1.0 -1.0 -1.0 -1.0 -1.0 2.0 2.0 2.0 2.0 0.0 0.0 0.0 0.0 0.0 0.0 0.0 0.0 0.0 0.0 
-2.0 -2.0 -1.0 -1.0 -1.0 -1.0 -1.0 -1.0 -1.0 -1.0 -1.0 2.0 2.0 2.0 2.0 0.0 0.0 0.0 0.0 0.0 0.0 0.0 0.0 0.0 0.0 
-2.0 -1.0 -1.0 -1.0 -1.0 -1.0 -1.0 -1.0 -1.0 -1.0 -1.0 2.0 2.0 2.0 2.0 0.0 0.0 0.0 0.0 0.0 0.0 0.0 0.0 0.0 0.0 
-2.0 -1.0 -1.0 -1.0 -1.0 -1.0 -1.0 -1.0 -1.0 -1.0 -1.0 2.0 2.0 2.0 0.0 0.0 0.0 0.0 0.0 0.0 0.0 0.0 0.0 0.0 0.0 
-1.0 -1.0 -1.0 -1.0 -1.0 -1.0 -1.0 -1.0 -1.0 -1.0 -1.0 2.0 2.0 2.0 0.0 0.0 0.0 0.0 0.0 0.0 0.0 0.0 0.0 0.0 0.0 
-1.0 -1.0 -1.0 -1.0 -1.0 -1.0 -1.0 -1.0 -1.0 -1.0 -1.0 -1.0 2.0 2.0 0.0 0.0 0.0 0.0 0.0 0.0 0.0 0.0 0.0 0.0 0.0 
-1.0 -1.0 -1.0 -1.0 -1.0 -1.0 -1.0 -1.0 -1.0 -1.0 -1.0 -1.0 2.0 0.0 0.0 0.0 0.0 0.0 0.0 0.0 0.0 0.0 0.0 0.0 0.0 
-1.0 -1.0 -1.0 -1.0 -1.0 -1.0 -1.0 -1.0 -1.0 -1.0 -1.0 -1.0 2.0 0.0 0.0 0.0 0.0 0.0 0.0 0.0 0.0 0.0 0.0 0.0 0.0 
-1.0 -1.0 -1.0 -1.0 -1.0 -1.0 -1.0 -1.0 -1.0 -1.0 -1.0 -1.0 0.0 0.0 0.0 0.0 0.0 0.0 0.0 0.0 0.0 0.0 0.0 0.0 0.0 
-1.0 -1.0 -1.0 -1.0 -1.0 -1.0 -1.0 -1.0 -1.0 -1.0 -1.0 -1.0 0.0 0.0 0.0 0.0 0.0 0.0 0.0 0.0 0.0 0.0 0.0 0.0 0.0 
-1.0 -1.0 -1.0 -1.0 -1.0 -1.0 -1.0 -1.0 -1.0 -1.0 -1.0 -1.0 0.0 0.0 0.0 0.0 0.0 0.0 0.0 0.0 0.0 0.0 0.0 0.0 0.0 

2.0 2.0 2.0 2.0 2.0 1.0 1.0 1.0 1.0 1.0 1.0 1.0 1.0 1.0 1.0 1.0 1.0 1.0 0.0 0.0 0.0 -1.0 -1.0 -1.0 -1.0 
2.0 2.0 2.0 2.0 2.0 1.0 1.0 1.0 1.0 1.0 1.0 1.0 1.0 1.0 1.0 1.0 1.0 0.0 0.0 0.0 -1.0 -1.0 -1.0 -1.0 -1.0 
2.0 2.0 2.0 2.0 2.0 2.0 1.0 1.0 1.0 1.0 1.0 1.0 1.0 1.0 1.0 1.0 0.0 0.0 0.0 0.0 -1.0 -1.0 -1.0 -1.0 -1.0 
2.0 2.0 2.0 2.0 2.0 2.0 1.0 1.0 1.0 1.0 1.0 1.0 1.0 1.0 1.0 0.0 0.0 0.0 0.0 0.0 -1.0 -1.0 -1.0 -1.0 -1.0 
2.0 2.0 2.0 2.0 2.0 2.0 2.0 1.0 1.0 1.0 1.0 1.0 1.0 1.0 0.0 0.0 0.0 0.0 0.0 -1.0 -1.0 -1.0 -1.0 -1.0 -1.0 
2.0 2.0 2.0 2.0 2.0 2.0 2.0 1.0 1.0 1.0 1.0 1.0 1.0 0.0 0.0 0.0 0.0 0.0 0.0 -1.0 -1.0 -1.0 -1.0 -1.0 -1.0 
2.0 2.0 2.0 2.0 2.0 2.0 -2.0 -2.0 1.0 1.0 1.0 1.0 0.0 0.0 0.0 0.0 0.0 0.0 -1.0 -1.0 -1.0 -1.0 -1.0 -1.0 -1.0 
2.0 2.0 2.0 2.0 2.0 2.0 -2.0 -2.0 -2.0 1.0 1.0 0.0 0.0 0.0 0.0 0.0 0.0 0.0 -1.0 -1.0 -1.0 -1.0 -1.0 -1.0 -1.0 
2.0 2.0 2.0 2.0 2.0 -2.0 -2.0 -2.0 -2.0 -2.0 0.0 0.0 0.0 0.0 0.0 0.0 0.0 0.0 -1.0 -1.0 -1.0 -1.0 -1.0 -1.0 -1.0 
2.0 2.0 2.0 2.0 2.0 -2.0 -2.0 -2.0 -2.0 -2.0 0.0 0.0 0.0 0.0 0.0 0.0 0.0 -1.0 -1.0 -1.0 -1.0 -1.0 -1.0 -1.0 -1.0 
2.0 2.0 2.0 2.0 -2.0 -2.0 -2.0 -2.0 -2.0 -2.0 0.0 0.0 0.0 0.0 0.0 0.0 0.0 -1.0 -1.0 -1.0 -1.0 -1.0 -1.0 -1.0 -1.0 
2.0 2.0 2.0 2.0 -2.0 -2.0 -2.0 -2.0 -2.0 -2.0 0.0 0.0 0.0 0.0 0.0 0.0 0.0 -1.0 -1.0 -1.0 -1.0 -1.0 -1.0 -1.0 -1.0 
2.0 2.0 2.0 -2.0 -2.0 -2.0 -2.0 -2.0 -2.0 -2.0 -2.0 0.0 0.0 0.0 0.0 0.0 -1.0 -1.0 -1.0 -1.0 -1.0 -1.0 -1.0 -1.0 -1.0 
2.0 2.0 2.0 -2.0 -2.0 -2.0 -2.0 -2.0 -2.0 -2.0 -2.0 0.0 0.0 0.0 0.0 0.0 -1.0 -1.0 -1.0 -1.0 -1.0 -1.0 -1.0 -1.0 -1.0 
2.0 2.0 -2.0 -2.0 -2.0 -2.0 -2.0 -2.0 -2.0 -2.0 -2.0 0.0 0.0 0.0 0.0 -1.0 -1.0 -1.0 -1.0 -1.0 -1.0 -1.0 -1.0 -1.0 -1.0 
2.0 2.0 -2.0 -2.0 -2.0 -2.0 -2.0 -2.0 -2.0 -2.0 -2.0 0.0 0.0 0.0 0.0 -1.0 -1.0 -1.0 -1.0 -1.0 -1.0 -1.0 -1.0 -1.0 -1.0 
2.0 -2.0 -2.0 -2.0 -2.0 -2.0 -2.0 -2.0 -2.0 -2.0 -2.0 0.0 0.0 0.0 0.0 -1.0 -1.0 -1.0 -1.0 -1.0 -1.0 -1.0 -1.0 -1.0 -1.0 
2.0 -2.0 -2.0 -2.0 -2.0 -2.0 -2.0 -2.0 -2.0 -2.0 -2.0 0.0 0.0 0.0 -1.0 -1.0 -1.0 -1.0 -1.0 -1.0 -1.0 -1.0 -1.0 -1.0 -1.0 
-2.0 -2.0 -2.0 -2.0 -2.0 -2.0 -2.0 -2.0 -2.0 -2.0 -2.0 0.0 0.0 0.0 -1.0 -1.0 -1.0 -1.0 -1.0 -1.0 -1.0 -1.0 -1.0 -1.0 -1.0 
-2.0 -2.0 -2.0 -2.0 -2.0 -2.0 -2.0 -2.0 -2.0 -2.0 -2.0 -2.0 0.0 0.0 -1.0 -1.0 -1.0 -1.0 -1.0 -1.0 -1.0 -1.0 -1.0 -1.0 -1.0 
-2.0 -2.0 -2.0 -2.0 -2.0 -2.0 -2.0 -2.0 -2.0 -2.0 -2.0 -2.0 0.0 -1.0 -1.0 -1.0 -1.0 -1.0 -1.0 -1.0 -1.0 -1.0 -1.0 -1.0 -1.0 
-2.0 -2.0 -2.0 -2.0 -2.0 -2.0 -2.0 -2.0 -2.0 -2.0 -2.0 -2.0 0.0 -1.0 -1.0 -1.0 -1.0 -1.0 -1.0 -1.0 -1.0 -1.0 -1.0 -1.0 -1.0 
-2.0 -2.0 -2.0 -2.0 -2.0 -2.0 -2.0 -2.0 -2.0 -2.0 -2.0 -2.0 -1.0 -1.0 -1.0 -1.0 -1.0 -1.0 -1.0 -1.0 -1.0 -1.0 -1.0 -1.0 -1.0 
-2.0 -2.0 -2.0 -2.0 -2.0 -2.0 -2.0 -2.0 -2.0 -2.0 -2.0 -2.0 -1.0 -1.0 -1.0 -1.0 -1.0 -1.0 -1.0 -1.0 -1.0 -1.0 -1.0 -1.0 -1.0 
-2.0 -2.0 -2.0 -2.0 -2.0 -2.0 -2.0 -2.0 -2.0 -2.0 -2.0 -2.0 -1.0 -1.0 -1.0 -1.0 -1.0 -1.0 -1.0 -1.0 -1.0 -1.0 -1.0 -1.0 -1.0 

