0.060839 0.010403 0.090447 0.418719 0.045800 0.283242 0.342974 0.069590 0.019798 0.566232 0.249941 0.680795 0.271261 0.834595 0.890937 0.074202 0.404844 0.234379 0.055040 0.030608 0.601222 0.210622 0.903775 0.717574 0.912361 
0.938159 0.097206 0.401099 0.814739 0.143798 0.724716 0.597086 0.620693 0.096292 0.200919 0.949172 0.793216 0.992315 0.004401 0.607533 0.264235 0.844732 0.066301 0.574175 0.418092 0.469725 0.042235 0.254764 0.198029 0.451454 
0.318779 0.008026 0.001831 0.060382 0.992915 0.990345 0.022474 0.912299 0.537160 0.882203 0.947522 0.799646 0.292925 0.627808 0.484979 0.615504 0.907347 0.484947 0.327096 0.572953 0.221395 0.567159 0.311212 0.147578 0.062282 
0.786729 0.104932 0.066297 0.302671 0.807692 0.799655 0.433354 0.823227 0.704844 0.518563 0.704972 0.223674 0.546423 0.319137 0.108819 0.258302 0.864473 0.756937 0.211024 0.308000 0.106525 0.220981 0.263676 0.455971 0.154334 
0.595786 0.955434 0.533926 0.142635 0.735420 0.048309 0.958342 0.237793 0.051229 0.960335 0.751966 0.578554 0.797461 0.165603 0.411900 0.505801 0.690244 0.184453 0.974476 0.907574 0.950804 0.575154 0.276582 0.854318 0.834362 
0.332959 0.686574 0.398121 0.323032 0.058422 0.201878 0.662497 0.731567 0.167007 0.096955 0.751768 0.764443 0.296608 0.249817 0.323776 0.019521 0.319081 0.845673 0.366202 0.922904 0.900126 0.393710 0.659167 0.432904 0.639643 
0.037355 0.790267 0.829906 0.974685 0.249072 0.214489 0.180143 0.229216 0.252253 0.076402 0.131357 0.657491 0.855468 0.040522 0.214180 0.954256 0.128284 0.895255 0.587548 0.393340 0.050042 0.296481 0.836968 0.031425 0.970451 
0.691372 0.489413 0.780946 0.661136 0.074897 0.169898 0.339907 0.822297 0.679788 0.572953 0.920491 0.872202 0.418226 0.748693 0.162596 0.754644 0.764748 0.453667 0.486308 0.070431 0.885385 0.122829 0.165380 0.118105 0.751132 
0.309313 0.099789 0.663249 0.521696 0.762978 0.774930 0.851665 0.491517 0.377534 0.200014 0.521139 0.060406 0.736922 0.953159 0.699009 0.118899 0.307141 0.932843 0.199467 0.415930 0.709949 0.745878 0.948060 0.374836 0.747589 
0.149348 0.701980 0.658559 0.551010 0.510785 0.703956 0.399908 0.195831 0.483854 0.439997 0.369337 0.338749 0.209502 0.144826 0.690338 0.477617 0.141298 0.535696 0.167803 0.277787 0.069250 0.692081 0.454641 0.673397 0.476212 
0.665351 0.584655 0.483371 0.501340 0.568810 0.099270 0.992457 0.413367 0.892113 0.661652 0.932555 0.608364 0.543569 0.418413 0.733224 0.356994 0.007424 0.345675 0.827744 0.628410 0.769279 0.300340 0.220071 0.695171 0.495266 
0.644281 0.266370 0.174568 0.514980 0.070581 0.663053 0.982099 0.111422 0.747762 0.341069 0.264157 0.577025 0.949153 0.946268 0.289571 0.955264 0.445509 0.491588 0.741312 0.945274 0.953158 0.648020 0.069813 0.584505 0.891841 
0.219046 0.794978 0.177524 0.546747 0.118671 0.355551 0.534399 0.971478 0.856950 0.345556 0.807160 0.133903 0.080213 0.177435 0.938881 0.970453 0.151844 0.040295 0.097716 0.239321 0.976255 0.259825 0.117679 0.967398 0.489739 
0.044616 0.928938 0.603733 0.642357 0.989573 0.569274 0.302746 0.672935 0.876832 0.789973 0.454624 0.498946 0.393558 0.237951 0.414865 0.343705 0.157127 0.687815 0.938973 0.016794 0.525458 0.568673 0.216700 0.684940 0.566125 
0.791388 0.729394 0.690210 0.479288 0.626437 0.534072 0.399706 0.924959 0.313357 0.180154 0.284720 0.630889 0.275244 0.685714 0.391243 0.806189 0.411051 0.859302 0.452704 0.231739 0.401692 0.512462 0.730851 0.695112 0.438763 
0.081374 0.733373 0.410127 0.879626 0.153022 0.128458 0.992537 0.088654 0.537486 0.079605 0.803731 0.097048 0.434376 0.825020 0.220637 0.135395 0.698169 0.383135 0.739904 0.977980 0.673012 0.242397 0.170265 0.820474 0.069238 
0.859314 0.986883 0.007693 0.557176 0.787678 0.471918 0.237403 0.865740 0.834135 0.592337 0.174960 0.457893 0.214915 0.261889 0.502301 0.821305 0.830910 0.303702 0.080578 0.254106 0.979648 0.695860 0.744241 0.127850 0.236457 
0.880859 0.506144 0.960091 0.821973 0.216939 0.417408 0.337533 0.405337 0.146942 0.243487 0.652408 0.371339 0.780818 0.023876 0.896635 0.789291 0.436729 0.843121 0.970517 0.041480 0.068830 0.393724 0.630070 0.400046 0.676068 
0.799971 0.787729 0.176886 0.194223 0.841117 0.555140 0.857365 0.704191 0.574104 0.622701 0.406732 0.519199 0.475914 0.978865 0.595664 0.587825 0.565148 0.376166 0.043064 0.679103 0.915906 0.679399 0.494351 0.060648 0.559723 
0.175852 0.151572 0.172000 0.951163 0.626045 0.127068 0.414734 0.894976 0.344994 0.813693 0.861751 0.330292 0.548106 0.678734 0.374400 0.885652 0.813957 0.159834 0.822566 0.997949 0.182511 0.515179 0.310289 0.853969 0.349429 
0.464053 0.894830 0.407930 0.308110 0.990188 0.120813 0.310675 0.780976 0.752575 0.593759 0.927901 0.624450 0.237283 0.992054 0.757734 0.230348 0.376710 0.831278 0.619712 0.449791 0.475573 0.099396 0.869574 0.961445 0.264857 
0.898478 0.798974 0.722499 0.330762 0.169576 0.048006 0.730031 0.439464 0.319683 0.730965 0.519081 0.964739 0.487742 0.055453 0.794031 0.107638 0.128426 0.337951 0.200543 0.176223 0.733900 0.784149 0.244081 0.342163 0.417721 
0.688696 0.919543 0.752174 0.423521 0.987733 0.466469 0.156301 0.443625 0.617900 0.206218 0.034505 0.187144 0.934368 0.970060 0.868975 0.330653 0.337486 0.356186 0.045976 0.518859 0.848722 0.152719 0.966661 0.338707 0.130698 
0.010792 0.059155 0.872868 0.392929 0.630494 0.328405 0.853751 0.299491 0.895929 0.372781 0.270241 0.794551 0.679734 0.157898 0.467601 0.546617 0.999426 0.585995 0.561769 0.465982 0.528298 0.490155 0.022355 0.585608 0.020286 
0.991567 0.811567 0.453386 0.972489 0.773049 0.915599 0.882694 0.060529 0.119706 0.014303 0.550030 0.454712 0.873807 0.226904 0.163160 0.676844 0.806416 0.716952 0.915306 0.811162 0.078276 0.299301 0.533384 0.619172 0.298530 

0.525896 0.237247 0.258646 0.644269 0.103084 0.617689 0.832644 0.229264 0.131250 0.539917 0.196637 0.563451 0.230581 0.222881 0.600383 0.899523 0.956244 0.229870 0.994448 0.899163 0.928265 0.555037 0.380936 0.471609 0.670758 
0.486505 0.470741 0.970596 0.432519 0.376887 0.352208 0.472717 0.300758 0.206174 0.206592 0.879429 0.646924 0.331853 0.891952 0.125042 0.614261 0.986277 0.394360 0.540581 0.295462 0.864441 0.521887 0.469248 0.036651 0.533539 
0.827747 0.669415 0.934028 0.343164 0.762318 0.829357 0.932927 0.489433 0.538514 0.606162 0.590487 0.166442 0.181008 0.195281 0.443191 0.874166 0.138028 0.973027 0.279465 0.935249 0.524679 0.805692 0.203082 0.644918 0.198440 
0.632381 0.070467 0.629146 0.230409 0.443904 0.320233 0.069704 0.309681 0.254745 0.990783 0.132725 0.876247 0.530447 0.404237 0.539876 0.751643 0.537242 0.003688 0.667239 0.406763 0.543154 0.695668 0.190706 0.529564 0.644876 
0.330476 0.207154 0.347265 0.442614 0.686475 0.665236 0.033600 0.895551 0.569706 0.161688 0.404601 0.816331 0.062505 0.910339 0.460993 0.422599 0.012766 0.631327 0.557881 0.385617 0.021173 0.326261 0.084373 0.685609 0.311346 
0.844041 0.742636 0.623403 0.188649 0.998873 0.304964 0.237727 0.992641 0.840743 0.880736 0.532286 0.724022 0.336216 0.063130 0.085300 0.392873 0.320232 0.606127 0.269242 0.789757 0.196542 0.130513 0.503755 0.875792 0.512281 
0.559433 0.644223 0.297301 0.106181 0.411811 0.239451 0.144984 0.260826 0.471691 0.034870 0.599242 0.297570 0.775089 0.867224 0.383709 0.136903 0.644216 0.933245 0.517088 0.287760 0.397888 0.797545 0.691049 0.743205 0.717501 
0.045609 0.524697 0.293360 0.420287 0.040204 0.499595 0.248228 0.855470 0.240858 0.936126 0.139371 0.005202 0.072896 0.900604 0.596658 0.879794 0.863353 0.553596 0.341250 0.974940 0.781116 0.108182 0.807220 0.424721 0.062495 
0.664115 0.232270 0.012061 0.447875 0.256248 0.374999 0.335611 0.553167 0.455738 0.002037 0.779071 0.746063 0.609556 0.332272 0.345986 0.251262 0.778915 0.829642 0.446456 0.131284 0.091564 0.779138 0.799342 0.478078 0.729335 
0.437078 0.425762 0.009671 0.287767 0.109926 0.318396 0.405250 0.901017 0.163833 0.212836 0.986764 0.157943 0.559279 0.826135 0.832352 0.050701 0.304655 0.441881 0.765437 0.821747 0.626831 0.444753 0.903486 0.979238 0.482871 
0.111567 0.968755 0.850510 0.412425 0.522343 0.266484 0.875437 0.957419 0.572918 0.048138 0.554105 0.475496 0.437035 0.101323 0.212742 0.597841 0.613647 0.343068 0.873164 0.947827 0.061234 0.366457 0.086814 0.778691 0.361560 
0.858474 0.713669 0.443972 0.968536 0.697728 0.014287 0.112362 0.679942 0.213861 0.373079 0.864315 0.966080 0.278709 0.841598 0.127328 0.268353 0.714053 0.525965 0.520392 0.424370 0.769357 0.068689 0.689501 0.265272 0.558725 
0.030162 0.175795 0.260863 0.053791 0.341489 0.184176 0.539779 0.795529 0.525508 0.808791 0.953374 0.046790 0.975491 0.393311 0.210462 0.850602 0.488141 0.894361 0.760756 0.575492 0.584524 0.458974 0.412540 0.430978 0.578616 
0.425179 0.131023 0.175251 0.304344 0.574640 0.009046 0.909272 0.301493 0.789472 0.206808 0.708614 0.647838 0.913106 0.391197 0.971356 0.098793 0.100885 0.918738 0.308348 0.352811 0.681646 0.901830 0.737787 0.572497 0.292484 
0.815968 0.862797 0.255225 0.248140 0.870074 0.883356 0.696768 0.908922 0.137096 0.469322 0.088353 0.408283 0.336827 0.643757 0.785407 0.359913 0.326351 0.123731 0.913357 0.978506 0.512116 0.387617 0.813757 0.630580 0.925346 
0.429146 0.669714 0.127255 0.993146 0.839037 0.398521 0.652593 0.689849 0.498798 0.529417 0.619904 0.034890 0.095761 0.057497 0.023799 0.621093 0.843058 0.384008 0.721147 0.071859 0.055772 0.510300 0.701764 0.468933 0.480483 
0.457343 0.892373 0.560089 0.704670 0.157775 0.252031 0.051848 0.444569 0.405465 0.389634 0.495377 0.380603 0.985954 0.821454 0.113547 0.309156 0.306888 0.574921 0.927035 0.129307 0.587841 0.213743 0.028967 0.531300 0.882162 
0.940853 0.619217 0.094232 0.588445 0.860816 0.037181 0.469685 0.466746 0.776346 0.499289 0.200585 0.262811 0.894495 0.673165 0.868725 0.141006 0.310925 0.531917 0.697820 0.918761 0.933120 0.973166 0.067519 0.382036 0.427809 
0.675064 0.537162 0.354269 0.894424 0.717336 0.537509 0.869837 0.566308 0.197138 0.819388 0.687362 0.802539 0.609813 0.944528 0.928428 0.401519 0.194278 0.678019 0.920633 0.118250 0.958786 0.342379 0.424061 0.638163 0.123909 
0.314602 0.035104 0.925480 0.125622 0.916933 0.846384 0.433873 0.203252 0.770932 0.754299 0.315390 0.556921 0.226526 0.925886 0.538808 0.263853 0.203977 0.381355 0.449446 0.991445 0.711417 0.959959 0.223987 0.389744 0.127892 
0.183291 0.360972 0.190934 0.105130 0.150036 0.706455 0.216832 0.261825 0.275419 0.617303 0.596152 0.633871 0.376929 0.297968 0.450621 0.157415 0.239868 0.897399 0.433950 0.290495 0.174653 0.682579 0.926563 0.035078 0.766670 
0.421489 0.654496 0.838146 0.418550 0.537986 0.801950 0.274670 0.439796 0.790995 0.648012 0.279402 0.556924 0.456098 0.772643 0.954085 0.139208 0.628857 0.047857 0.975747 0.781118 0.146764 0.631596 0.264782 0.266466 0.060751 
0.973228 0.000191 0.725261 0.316199 0.952671 0.294523 0.209692 0.927903 0.219583 0.906113 0.511622 0.078891 0.826233 0.041795 0.811213 0.634639 0.781183 0.323276 0.595267 0.177322 0.070797 0.767148 0.269787 0.466318 0.815917 
0.320655 0.981800 0.745393 0.251286 0.014865 0.749575 0.930180 0.548252 0.734385 0.168321 0.889779 0.749804 0.421009 0.045227 0.333218 0.574695 0.887841 0.773729 0.887790 0.232798 0.107597 0.095678 0.116688 0.805837 0.023353 
0.194027 0.641266 0.650206 0.262821 0.363213 0.669908 0.387883 0.946060 0.654437 0.688005 0.437004 0.423582 0.110227 0.962853 0.807620 0.156145 0.358969 0.529975 0.232898 0.301836 0.504108 0.055942 0.800572 0.542599 0.639575 

-0.084641 0.124388 -0.116387 -0.406069 0.057420 -0.376626 -0.434820 -0.047250 -0.009789 -0.668698 -0.283481 -0.607949 -0.224254 -0.934151 -0.846619 -0.091821 -0.473871 -0.233544 -0.194285 0.026023 -0.719207 -0.132437 -0.666838 -0.663553 -1.008067 
-0.876576 -0.167539 -0.506750 -0.783754 -0.176447 -1.170410 -0.653459 -0.642685 -0.016999 -0.119912 -1.032491 -0.794627 -1.003962 0.063499 -0.734370 -0.325137 -0.784868 0.055417 -0.557671 -0.558250 -0.514374 -0.039904 -0.291991 -0.377450 -0.521323 
-0.406997 0.004819 1.033190 0.000216 -1.106457 -1.085177 0.899803 -1.048722 -0.427092 -1.050338 -1.234954 -1.491881 -0.246151 -0.631941 -0.567534 -0.657329 -0.935636 -0.529077 -0.362510 -0.558468 -0.308527 -0.532783 -0.310283 -0.015318 -0.129705 
-0.765516 -0.102897 0.538980 -0.183723 -0.756595 -1.320769 -0.691133 -1.420945 -1.260297 0.073615 -1.275454 -0.185674 -0.560096 -0.336126 -0.110756 -0.270942 2.710308 1.285535 -0.193413 -0.317804 -0.034483 -0.150282 -0.267182 -0.341453 -0.213540 
-0.584342 -1.801279 -0.785849 0.199431 -0.927236 0.540092 -1.813711 0.297264 0.401105 -1.719090 -1.148330 -0.313223 -0.708499 -0.129912 1.497197 1.749064 1.457513 1.615578 3.112222 -0.783501 -1.029233 -0.512494 -0.183617 -0.800131 -0.812773 
0.204020 -0.558576 -0.072731 -0.290107 0.825864 -0.143090 -1.201478 -0.527009 0.374366 0.602196 -0.951531 -0.835685 -0.565307 -0.181370 0.803784 0.821523 1.099928 3.023926 -0.346546 -1.066754 -0.929392 -0.428495 -0.553527 -0.147144 -0.858766 
0.542799 -1.276822 -0.546324 -0.130627 -0.266006 -0.143018 -0.471327 -0.201558 0.076834 -0.231844 0.377471 -0.991043 -0.854036 0.762986 1.286346 2.188932 1.657383 3.663507 2.198849 -0.440803 -0.008321 -0.122392 -0.781477 0.004440 -0.906949 
-1.317867 -1.161638 -0.656791 -0.741363 0.085200 -0.947795 -0.252842 -1.969533 -1.195441 -1.929933 -1.858192 -1.757203 -0.809668 -0.695372 0.325581 3.223047 3.413618 2.159447 1.569029 2.224854 -0.826144 0.451096 1.972468 -0.016232 1.682148 
-0.000299 -0.419494 -0.116831 -1.026971 -0.304206 -0.799252 -0.811492 -1.148283 -0.891361 -0.161608 -1.432154 -1.549810 -0.858387 -1.499219 -1.017344 0.636244 2.123366 3.611933 1.467204 1.281730 1.721621 3.144495 3.489345 1.635244 2.826660 
-0.910050 -0.906739 0.064165 -0.579016 -0.079632 -0.520126 -0.893784 -1.833915 -0.309036 -0.447806 -1.901369 -0.632668 0.193713 0.401032 -0.455765 1.111257 0.911107 1.919880 1.968644 2.304014 1.463622 2.217867 2.821203 3.340647 1.826301 
-0.313777 -1.837893 -1.552500 -0.829667 -0.866681 -0.627508 -1.840546 -1.758960 -1.169954 -0.097517 -1.130360 -1.033427 -0.616714 -0.655852 -1.078905 0.004428 0.967668 1.425012 3.320809 3.184761 1.823050 1.295715 0.592942 3.051473 1.894192 
-1.735231 -1.390070 -0.897959 -2.007590 -1.267776 -0.010053 -0.276637 -1.371273 -0.533039 -0.633042 -1.721458 -0.247745 -1.596850 -1.101460 -0.371732 -1.581517 2.214821 2.177110 2.513572 2.766737 3.554936 1.643872 1.593031 1.684665 3.033425 
0.002343 -0.368315 -0.498698 0.097884 -0.601028 -0.356090 -1.168675 -1.707032 -0.986919 -1.524644 -1.960750 -0.080763 0.834805 0.057545 -1.789638 -0.985358 1.351140 1.821051 1.851298 1.586064 3.165729 1.408864 1.227447 2.992619 1.962535 
-0.754313 -0.255430 -0.294946 -0.657162 -0.951881 -0.153001 -1.897603 -0.546346 -1.475434 -1.308014 -1.328509 -0.304548 0.070734 -0.189369 0.197770 -0.553055 0.578980 3.051049 2.700944 0.598977 2.612761 2.900908 1.954393 2.597725 1.540341 
-1.508567 -1.903561 -0.606484 -0.489462 -1.782221 -1.801571 -1.307463 -1.799522 -0.271708 0.229012 -0.588291 -0.921656 -0.211489 -0.764474 -0.198507 2.284379 1.597049 2.016512 2.708229 2.365858 1.804320 1.732327 3.174743 2.667763 2.830688 
-0.861093 -1.302462 -0.363434 -1.862760 -1.610592 -0.957912 -1.377939 -1.353879 -0.961341 -0.300617 -1.005199 -0.509953 -0.660930 -1.534629 -0.375506 -0.494914 -0.102050 1.581424 3.022360 2.023599 1.670108 1.683748 1.825189 2.623507 1.111310 
-0.651240 -1.793797 -1.011491 -1.411505 -0.341482 -0.617820 -0.230917 0.380032 0.394051 0.190896 -0.274754 -0.445769 0.631533 0.190828 0.482653 0.554189 0.314173 -0.073588 2.032715 0.855303 2.944358 1.628908 1.705741 1.391317 2.212547 
-1.783185 -1.448694 -0.234601 -1.021278 -1.868652 0.394139 -0.109033 -0.007566 -0.618942 -0.265858 0.440961 0.269343 -0.699861 0.614807 -1.087765 0.538076 0.192448 0.233940 3.373973 1.962765 1.840771 2.616056 1.359796 1.586223 2.273750 
-1.323574 -1.190249 -0.424100 -1.839752 -1.325258 0.002966 -0.077395 0.142250 0.336014 -0.336991 -0.488167 -0.255452 -0.271207 0.091606 -0.027337 0.103540 0.393295 -0.232223 -0.822829 0.605949 3.820957 2.049446 1.785282 1.399373 1.460272 
-0.564621 0.080273 -2.005296 -0.179326 -1.704634 -0.703668 -0.346893 0.725455 -0.313489 0.175990 0.661509 -0.277395 0.278157 -0.354962 -0.158760 0.660968 0.669870 -0.180676 0.216018 0.020435 1.832372 2.871022 1.113327 2.576808 1.095758 
-0.362227 -0.457405 -0.361346 -0.192393 -0.318064 -0.744149 0.091723 0.664602 0.445068 -0.084160 0.290150 0.181890 -0.205646 0.645457 0.263309 0.142568 0.107470 0.022479 0.266273 0.176521 1.312487 1.610135 3.656610 1.970724 1.992352 
-0.871347 -1.412052 -1.603205 -0.134821 -0.494094 -0.682512 0.562416 0.053621 -0.634988 0.078034 0.105528 0.286448 0.251280 -0.756822 -0.257631 0.176175 -0.562438 0.218124 -0.971839 -0.625836 1.698217 2.744514 0.964499 1.213842 1.183468 
-0.362496 0.898922 -0.068834 0.020137 0.060374 0.144173 -0.159694 -0.382024 0.319598 -0.741363 -0.471966 0.263348 0.257867 0.920219 -0.009273 -0.240204 -0.631318 -0.218012 -0.557886 0.348672 1.909497 1.835238 2.423867 1.565959 2.122858 
-0.212305 -0.768655 0.138782 0.159224 0.558090 -0.437054 0.106158 -0.381554 0.048730 0.364363 -0.550852 0.133965 0.337397 0.223162 0.063397 0.021236 0.176409 -0.247197 -0.246787 0.024225 0.394585 1.288051 0.290562 2.826704 0.125282 
0.782770 0.336531 -0.129957 0.548467 0.355215 0.316204 0.420686 -0.938427 -0.820897 -0.637535 0.097893 0.153997 0.688931 -0.866644 -0.704571 0.572520 0.450806 0.224062 0.646949 0.518584 -0.262586 0.293492 2.773222 2.474781 1.797971 

1 1 1 1 1 1 1 1 1 1 1 1 1 1 1 1 1 1 1 1 1 1 1 1 1 
1 1 1 1 1 4 4 1 1 1 4 1 1 1 1 1 1 1 1 1 1 1 1 1 1 
1 1 4 1 1 4 4 1 1 4 4 4 1 1 1 1 1 1 1 1 1 1 1 1 1 
1 4 4 1 1 4 4 4 4 4 4 1 1 1 1 1 3 3 1 1 1 1 1 1 1 
1 4 4 4 4 4 4 4 4 4 4 4 1 1 3 3 3 3 3 1 1 1 1 1 1 
4 4 4 4 4 4 4 4 4 4 4 4 4 4 3 3 3 3 1 1 1 1 1 1 1 
4 0 0 0 4 4 4 4 4 4 4 4 4 4 3 3 3 3 3 1 1 1 1 1 1 
4 0 0 0 0 0 4 0 4 0 4 4 4 4 4 3 3 3 3 3 1 3 3 1 3 
4 0 0 0 0 0 0 0 0 0 0 0 4 4 4 3 3 3 3 3 3 3 3 3 3 
0 0 0 0 0 0 0 0 0 0 0 4 4 4 4 3 3 3 3 3 3 3 3 3 3 
0 0 0 0 0 0 0 0 0 0 0 0 4 4 4 4 3 3 3 3 3 3 3 3 3 
0 0 0 0 0 0 0 0 0 0 0 4 4 4 4 4 3 3 3 3 3 3 3 3 3 
0 0 0 0 0 0 0 0 0 0 0 4 4 4 4 4 3 3 3 3 3 3 3 3 3 
0 0 0 0 0 0 0 0 0 4 0 4 4 4 4 4 3 3 3 3 3 3 3 3 3 
0 0 0 0 0 0 0 0 0 4 4 4 4 4 4 3 3 3 3 3 3 3 3 3 3 
0 0 0 0 0 0 0 0 0 2 4 4 4 4 4 2 2 3 3 3 3 3 3 3 3 
0 0 0 0 0 0 0 2 2 2 2 4 4 4 2 2 2 2 3 3 3 3 3 3 3 
0 0 0 0 0 2 2 2 2 2 2 2 4 4 4 2 2 2 3 3 3 3 3 3 3 
0 0 0 0 0 2 2 2 2 2 2 2 2 2 4 2 2 2 2 2 3 3 3 3 3 
0 0 0 0 0 2 2 2 2 2 2 2 2 2 2 2 2 2 2 2 3 3 3 3 3 
0 0 0 0 0 2 2 2 2 2 2 2 2 2 2 2 2 2 2 2 3 3 3 3 3 
0 0 0 2 2 2 2 2 2 2 2 2 2 2 2 2 2 2 2 2 3 3 3 3 3 
2 2 2 2 2 2 2 2 2 2 2 2 2 2 2 2 2 2 2 2 3 3 3 3 3 
2 2 2 2 2 2 2 2 2 2 2 2 2 2 2 2 2 2 2 2 2 3 3 3 3 
2 2 2 2 2 2 2 2 2 2 2 2 2 2 2 2 2 2 2 2 2 2 3 3 3 

-1.0 -1.0 -1.0 -1.0 -1.0 -1.0 -1.0 -1.0 -1.0 -1.0 -1.0 -1.0 -1.0 -1.0 -1.0 -1.0 -1.0 -1.0 -1.0 -1.0 -1.0 -1.0 -1.0 -1.0 -1.0 
-1.0 -1.0 -1.0 -1.0 -1.0 -2.0 -2.0 -1.0 -1.0 -1.0 -2.0 -1.0 -1.0 -1.0 -1.0 -1.0 -1.0 -1.0 -1.0 -1.0 -1.0 -1.0 -1.0 -1.0 -1.0 
-1.0 -1.0 -2.0 -1.0 -1.0 -2.0 -2.0 -1.0 -1.0 -2.0 -2.0 -2.0 -1.0 -1.0 -1.0 -1.0 -1.0 -1.0 -1.0 -1.0 -1.0 -1.0 -1.0 -1.0 -1.0 
-1.0 -2.0 -2.0 -1.0 -1.0 -2.0 -2.0 -2.0 -2.0 -2.0 -2.0 -1.0 -1.0 -1.0 -1.0 -1.0 2.0 2.0 -1.0 -1.0 -1.0 -1.0 -1.0 -1.0 -1.0 
-1.0 -2.0 -2.0 -2.0 -2.0 -2.0 -2.0 -2.0 -2.0 -2.0 -2.0 -2.0 -1.0 -1.0 2.0 2.0 2.0 2.0 2.0 -1.0 -1.0 -1.0 -1.0 -1.0 -1.0 
-2.0 -2.0 -2.0 -2.0 -2.0 -2.0 -2.0 -2.0 -2.0 -2.0 -2.0 -2.0 -2.0 -2.0 2.0 2.0 2.0 2.0 -1.0 -1.0 -1.0 -1.0 -1.0 -1.0 -1.0 
-2.0 0.0 0.0 0.0 -2.0 -2.0 -2.0 -2.0 -2.0 -2.0 -2.0 -2.0 -2.0 -2.0 2.0 2.0 2.0 2.0 2.0 -1.0 -1.0 -1.0 -1.0 -1.0 -1.0 
-2.0 0.0 0.0 0.0 0.0 0.0 -2.0 0.0 -2.0 0.0 -2.0 -2.0 -2.0 -2.0 -2.0 2.0 2.0 2.0 2.0 2.0 -1.0 2.0 2.0 -1.0 2.0 
-2.0 0.0 0.0 0.0 0.0 0.0 0.0 0.0 0.0 0.0 0.0 0.0 -2.0 -2.0 -2.0 2.0 2.0 2.0 2.0 2.0 2.0 2.0 2.0 2.0 2.0 
0.0 0.0 0.0 0.0 0.0 0.0 0.0 0.0 0.0 0.0 0.0 -2.0 -2.0 -2.0 -2.0 2.0 2.0 2.0 2.0 2.0 2.0 2.0 2.0 2.0 2.0 
0.0 0.0 0.0 0.0 0.0 0.0 0.0 0.0 0.0 0.0 0.0 0.0 -2.0 -2.0 -2.0 -2.0 2.0 2.0 2.0 2.0 2.0 2.0 2.0 2.0 2.0 
0.0 0.0 0.0 0.0 0.0 0.0 0.0 0.0 0.0 0.0 0.0 -2.0 -2.0 -2.0 -2.0 -2.0 2.0 2.0 2.0 2.0 2.0 2.0 2.0 2.0 2.0 
0.0 0.0 0.0 0.0 0.0 0.0 0.0 0.0 0.0 0.0 0.0 -2.0 -2.0 -2.0 -2.0 -2.0 2.0 2.0 2.0 2.0 2.0 2.0 2.0 2.0 2.0 
0.0 0.0 0.0 0.0 0.0 0.0 0.0 0.0 0.0 -2.0 0.0 -2.0 -2.0 -2.0 -2.0 -2.0 2.0 2.0 2.0 2.0 2.0 2.0 2.0 2.0 2.0 
0.0 0.0 0.0 0.0 0.0 0.0 0.0 0.0 0.0 -2.0 -2.0 -2.0 -2.0 -2.0 -2.0 2.0 2.0 2.0 2.0 2.0 2.0 2.0 2.0 2.0 2.0 
0.0 0.0 0.0 0.0 0.0 0.0 0.0 0.0 0.0 1.0 -2.0 -2.0 -2.0 -2.0 -2.0 1.0 1.0 2.0 2.0 2.0 2.0 2.0 2.0 2.0 2.0 
0.0 0.0 0.0 0.0 0.0 0.0 0.0 1.0 1.0 1.0 1.0 -2.0 -2.0 -2.0 1.0 1.0 1.0 1.0 2.0 2.0 2.0 2.0 2.0 2.0 2.0 
0.0 0.0 0.0 0.0 0.0 1.0 1.0 1.0 1.0 1.0 1.0 1.0 -2.0 -2.0 -2.0 1.0 1.0 1.0 2.0 2.0 2.0 2.0 2.0 2.0 2.0 
0.0 0.0 0.0 0.0 0.0 1.0 1.0 1.0 1.0 1.0 1.0 1.0 1.0 1.0 -2.0 1.0 1.0 1.0 1.0 1.0 2.0 2.0 2.0 2.0 2.0 
0.0 0.0 0.0 0.0 0.0 1.0 1.0 1.0 1.0 1.0 1.0 1.0 1.0 1.0 1.0 1.0 1.0 1.0 1.0 1.0 2.0 2.0 2.0 2.0 2.0 
0.0 0.0 0.0 0.0 0.0 1.0 1.0 1.0 1.0 1.0 1.0 1.0 1.0 1.0 1.0 1.0 1.0 1.0 1.0 1.0 2.0 2.0 2.0 2.0 2.0 
0.0 0.0 0.0 1.0 1.0 1.0 1.0 1.0 1.0 1.0 1.0 1.0 1.0 1.0 1.0 1.0 1.0 1.0 1.0 1.0 2.0 2.0 2.0 2.0 2.0 
1.0 1.0 1.0 1.0 1.0 1.0 1.0 1.0 1.0 1.0 1.0 1.0 1.0 1.0 1.0 1.0 1.0 1.0 1.0 1.0 2.0 2.0 2.0 2.0 2.0 
1.0 1.0 1.0 1.0 1.0 1.0 1.0 1.0 1.0 1.0 1.0 1.0 1.0 1.0 1.0 1.0 1.0 1.0 1.0 1.0 1.0 2.0 2.0 2.0 2.0 
1.0 1.0 1.0 1.0 1.0 1.0 1.0 1.0 1.0 1.0 1.0 1.0 1.0 1.0 1.0 1.0 1.0 1.0 1.0 1.0 1.0 1.0 2.0 2.0 2.0 

0.0 0.0 0.0 0.0 0.0 0.0 0.0 0.0 0.0 0.0 0.0 0.0 0.0 0.0 0.0 0.0 0.0 0.0 0.0 0.0 0.0 0.0 0.0 0.0 0.0 
0.0 0.0 0.0 0.0 0.0 1.0 1.0 0.0 0.0 0.0 1.0 0.0 0.0 0.0 0.0 0.0 0.0 0.0 0.0 0.0 0.0 0.0 0.0 0.0 0.0 
0.0 0.0 1.0 0.0 0.0 1.0 1.0 0.0 0.0 1.0 1.0 1.0 0.0 0.0 0.0 0.0 0.0 0.0 0.0 0.0 0.0 0.0 0.0 0.0 0.0 
0.0 1.0 1.0 0.0 0.0 1.0 1.0 1.0 1.0 1.0 1.0 0.0 0.0 0.0 0.0 0.0 2.0 2.0 0.0 0.0 0.0 0.0 0.0 0.0 0.0 
0.0 1.0 1.0 1.0 1.0 1.0 1.0 1.0 1.0 1.0 1.0 1.0 0.0 0.0 2.0 2.0 2.0 2.0 2.0 0.0 0.0 0.0 0.0 0.0 0.0 
1.0 1.0 1.0 1.0 1.0 1.0 1.0 1.0 1.0 1.0 1.0 1.0 1.0 1.0 2.0 2.0 2.0 2.0 0.0 0.0 0.0 0.0 0.0 0.0 0.0 
1.0 -2.0 -2.0 -2.0 1.0 1.0 1.0 1.0 1.0 1.0 1.0 1.0 1.0 1.0 2.0 2.0 2.0 2.0 2.0 0.0 0.0 0.0 0.0 0.0 0.0 
1.0 -2.0 -2.0 -2.0 -2.0 -2.0 1.0 -2.0 1.0 -2.0 1.0 1.0 1.0 1.0 1.0 2.0 2.0 2.0 2.0 2.0 0.0 2.0 2.0 0.0 2.0 
1.0 -2.0 -2.0 -2.0 -2.0 -2.0 -2.0 -2.0 -2.0 -2.0 -2.0 -2.0 1.0 1.0 1.0 2.0 2.0 2.0 2.0 2.0 2.0 2.0 2.0 2.0 2.0 
-2.0 -2.0 -2.0 -2.0 -2.0 -2.0 -2.0 -2.0 -2.0 -2.0 -2.0 1.0 1.0 1.0 1.0 2.0 2.0 2.0 2.0 2.0 2.0 2.0 2.0 2.0 2.0 
-2.0 -2.0 -2.0 -2.0 -2.0 -2.0 -2.0 -2.0 -2.0 -2.0 -2.0 -2.0 1.0 1.0 1.0 1.0 2.0 2.0 2.0 2.0 2.0 2.0 2.0 2.0 2.0 
-2.0 -2.0 -2.0 -2.0 -2.0 -2.0 -2.0 -2.0 -2.0 -2.0 -2.0 1.0 1.0 1.0 1.0 1.0 2.0 2.0 2.0 2.0 2.0 2.0 2.0 2.0 2.0 
-2.0 -2.0 -2.0 -2.0 -2.0 -2.0 -2.0 -2.0 -2.0 -2.0 -2.0 1.0 1.0 1.0 1.0 1.0 2.0 2.0 2.0 2.0 2.0 2.0 2.0 2.0 2.0 
-2.0 -2.0 -2.0 -2.0 -2.0 -2.0 -2.0 -2.0 -2.0 1.0 -2.0 1.0 1.0 1.0 1.0 1.0 2.0 2.0 2.0 2.0 2.0 2.0 2.0 2.0 2.0 
-2.0 -2.0 -2.0 -2.0 -2.0 -2.0 -2.0 -2.0 -2.0 1.0 1.0 1.0 1.0 1.0 1.0 2.0 2.0 2.0 2.0 2.0 2.0 2.0 2.0 2.0 2.0 
-2.0 -2.0 -2.0 -2.0 -2.0 -2.0 -2.0 -2.0 -2.0 -1.0 1.0 1.0 1.0 1.0 1.0 -1.0 -1.0 2.0 2.0 2.0 2.0 2.0 2.0 2.0 2.0 
-2.0 -2.0 -2.0 -2.0 -2.0 -2.0 -2.0 -1.0 -1.0 -1.0 -1.0 1.0 1.0 1.0 -1.0 -1.0 -1.0 -1.0 2.0 2.0 2.0 2.0 2.0 2.0 2.0 
-2.0 -2.0 -2.0 -2.0 -2.0 -1.0 -1.0 -1.0 -1.0 -1.0 -1.0 -1.0 1.0 1.0 1.0 -1.0 -1.0 -1.0 2.0 2.0 2.0 2.0 2.0 2.0 2.0 
-2.0 -2.0 -2.0 -2.0 -2.0 -1.0 -1.0 -1.0 -1.0 -1.0 -1.0 -1.0 -1.0 -1.0 1.0 -1.0 -1.0 -1.0 -1.0 -1.0 2.0 2.0 2.0 2.0 2.0 
-2.0 -2.0 -2.0 -2.0 -2.0 -1.0 -1.0 -1.0 -1.0 -1.0 -1.0 -1.0 -1.0 -1.0 -1.0 -1.0 -1.0 -1.0 -1.0 -1.0 2.0 2.0 2.0 2.0 2.0 
-2.0 -2.0 -2.0 -2.0 -2.0 -1.0 -1.0 -1.0 -1.0 -1.0 -1.0 -1.0 -1.0 -1.0 -1.0 -1.0 -1.0 -1.0 -1.0 -1.0 2.0 2.0 2.0 2.0 2.0 
-2.0 -2.0 -2.0 -1.0 -1.0 -1.0 -1.0 -1.0 -1.0 -1.0 -1.0 -1.0 -1.0 -1.0 -1.0 -1.0 -1.0 -1.0 -1.0 -1.0 2.0 2.0 2.0 2.0 2.0 
-1.0 -1.0 -1.0 -1.0 -1.0 -1.0 -1.0 -1.0 -1.0 -1.0 -1.0 -1.0 -1.0 -1.0 -1.0 -1.0 -1.0 -1.0 -1.0 -1.0 2.0 2.0 2.0 2.0 2.0 
-1.0 -1.0 -1.0 -1.0 -1.0 -1.0 -1.0 -1.0 -1.0 -1.0 -1.0 -1.0 -1.0 -1.0 -1.0 -1.0 -1.0 -1.0 -1.0 -1.0 -1.0 2.0 2.0 2.0 2.0 
-1.0 -1.0 -1.0 -1.0 -1.0 -1.0 -1.0 -1.0 -1.0 -1.0 -1.0 -1.0 -1.0 -1.0 -1.0 -1.0 -1.0 -1.0 -1.0 -1.0 -1.0 -1.0 2.0 2.0 2.0 

