0.749197 0.245914 0.619032 0.938947 0.301454 0.811633 0.543294 0.904155 0.923029 0.822706 0.863477 0.839402 0.364942 0.888854 0.749848 0.735894 0.334907 0.806438 0.124302 0.084424 0.113239 0.650656 0.942088 0.376882 0.462480 
0.083173 0.349379 0.789895 0.272693 0.817285 0.052124 0.909956 0.805629 0.949076 0.309372 0.757607 0.367322 0.309447 0.983526 0.568391 0.582462 0.084586 0.645239 0.259147 0.814105 0.844342 0.074214 0.485157 0.588077 0.361784 
0.667903 0.914650 0.034417 0.794516 0.945054 0.004140 0.584090 0.689942 0.547404 0.080201 0.215159 0.380135 0.196833 0.637066 0.590809 0.705872 0.247279 0.758827 0.771874 0.292958 0.874630 0.427519 0.666359 0.199827 0.157192 
0.165205 0.736874 0.472935 0.001482 0.316879 0.124450 0.074789 0.742346 0.031325 0.654567 0.736720 0.383811 0.568350 0.166922 0.183083 0.991201 0.501484 0.473508 0.229995 0.377277 0.882942 0.545017 0.676398 0.634025 0.024558 
0.900080 0.083124 0.735370 0.521111 0.454032 0.172630 0.610380 0.111238 0.759040 0.434791 0.971749 0.178327 0.887028 0.585452 0.392804 0.653228 0.315833 0.025174 0.088759 0.751214 0.352357 0.564581 0.759880 0.047436 0.036376 
0.991946 0.538747 0.728060 0.178709 0.090867 0.634214 0.956161 0.273550 0.971321 0.062783 0.762732 0.863154 0.302936 0.068998 0.755430 0.156726 0.721294 0.738630 0.246609 0.836557 0.285149 0.460970 0.426223 0.762225 0.008531 
0.222941 0.938507 0.641559 0.583238 0.169454 0.393258 0.621948 0.600356 0.384618 0.520802 0.517891 0.939422 0.296897 0.258159 0.771018 0.373184 0.652714 0.242808 0.135851 0.768088 0.254385 0.843996 0.308250 0.408209 0.288991 
0.568976 0.455500 0.237918 0.938875 0.610839 0.835501 0.921315 0.643592 0.233345 0.346411 0.041451 0.915097 0.343215 0.448340 0.267980 0.932592 0.018925 0.678654 0.126361 0.247905 0.835847 0.031449 0.106366 0.922410 0.725644 
0.703246 0.723854 0.319998 0.623876 0.028636 0.131132 0.105262 0.809615 0.476376 0.692944 0.259086 0.337591 0.295905 0.961380 0.674121 0.301417 0.261311 0.803947 0.294764 0.300178 0.231227 0.232743 0.852961 0.869851 0.249173 
0.782501 0.094706 0.808641 0.177616 0.296366 0.695781 0.649150 0.174460 0.411978 0.526752 0.432893 0.474492 0.453510 0.528268 0.624470 0.583453 0.715845 0.150843 0.291697 0.581896 0.894423 0.056902 0.637286 0.356487 0.909304 
0.091065 0.232675 0.619149 0.441791 0.043653 0.137729 0.845163 0.244476 0.864433 0.793600 0.121173 0.867678 0.686886 0.463726 0.733001 0.788107 0.551557 0.180333 0.915569 0.538891 0.581909 0.169158 0.673491 0.572830 0.420677 
0.728453 0.018349 0.421041 0.210083 0.736791 0.860444 0.685579 0.163544 0.486531 0.245722 0.584924 0.437538 0.750009 0.527336 0.730082 0.320199 0.855897 0.230956 0.475424 0.554461 0.682616 0.686192 0.783428 0.767207 0.904902 
0.639677 0.644863 0.953298 0.968845 0.507121 0.857444 0.399388 0.666112 0.720050 0.602459 0.259523 0.693807 0.095540 0.574579 0.508746 0.456905 0.670951 0.813407 0.244022 0.000714 0.258763 0.050147 0.427563 0.463302 0.650532 
0.193866 0.445523 0.912600 0.099768 0.211150 0.368017 0.310342 0.176394 0.514826 0.917216 0.189184 0.496312 0.117313 0.472175 0.685665 0.712593 0.568265 0.077506 0.667832 0.859024 0.287531 0.927264 0.555569 0.902354 0.823259 
0.006389 0.360439 0.642910 0.595628 0.812770 0.718007 0.327549 0.926113 0.389070 0.839041 0.964680 0.615478 0.485948 0.912557 0.211187 0.747037 0.204449 0.505005 0.009438 0.994827 0.399808 0.867960 0.010444 0.645688 0.881844 
0.698297 0.043267 0.227522 0.801134 0.631672 0.774146 0.501341 0.200605 0.575716 0.506866 0.038740 0.013461 0.073518 0.344247 0.560834 0.111537 0.162865 0.133259 0.152331 0.611620 0.545438 0.085636 0.207973 0.684897 0.368003 
0.344709 0.009472 0.160396 0.187289 0.393336 0.815002 0.037619 0.674675 0.976002 0.763868 0.720456 0.276779 0.895036 0.915557 0.051966 0.796918 0.262946 0.620348 0.724041 0.695361 0.955051 0.008765 0.995240 0.089251 0.552403 
0.282752 0.924223 0.234118 0.784865 0.963395 0.564225 0.217492 0.200927 0.773423 0.962801 0.988992 0.998176 0.240483 0.085295 0.182426 0.960345 0.710604 0.085932 0.439785 0.653455 0.145084 0.275750 0.246250 0.520973 0.252446 
0.927670 0.420938 0.937366 0.275649 0.638152 0.595187 0.592428 0.084757 0.481347 0.066006 0.138754 0.268399 0.094481 0.283652 0.740244 0.736926 0.145524 0.105447 0.909420 0.089675 0.590819 0.936144 0.559272 0.647758 0.696845 
0.968293 0.176068 0.981677 0.164233 0.672646 0.771394 0.400070 0.869058 0.860570 0.285513 0.211881 0.697554 0.302169 0.718790 0.477296 0.657157 0.565925 0.140422 0.708905 0.969439 0.623403 0.926167 0.194293 0.051650 0.683727 
0.789545 0.030127 0.929166 0.863920 0.632768 0.959505 0.876131 0.446010 0.611475 0.793250 0.472101 0.527024 0.981551 0.244208 0.605821 0.908989 0.192439 0.263230 0.845229 0.398204 0.221810 0.007553 0.590952 0.310982 0.883140 
0.849212 0.391512 0.627405 0.304753 0.197210 0.708630 0.283908 0.195712 0.158960 0.647221 0.095671 0.636521 0.223972 0.525378 0.400327 0.835191 0.632229 0.307185 0.289985 0.618647 0.548709 0.051511 0.160563 0.369503 0.683936 
0.751204 0.784443 0.913982 0.251721 0.806490 0.171480 0.972759 0.668551 0.984676 0.203393 0.548265 0.384830 0.594746 0.764261 0.635831 0.708383 0.269103 0.251420 0.419589 0.850068 0.222182 0.422780 0.287200 0.585114 0.523020 
0.473303 0.206816 0.628998 0.375778 0.082620 0.831269 0.588730 0.779627 0.655636 0.313084 0.307407 0.217278 0.631276 0.237329 0.690506 0.315767 0.983482 0.717292 0.763661 0.035243 0.638500 0.062726 0.444369 0.830312 0.969476 
0.697933 0.643712 0.422591 0.503613 0.441938 0.048710 0.385890 0.730552 0.089473 0.441550 0.912804 0.114147 0.163648 0.049809 0.797810 0.889347 0.806816 0.609490 0.110186 0.886615 0.590021 0.626107 0.368148 0.680342 0.098930 

0.388694 0.506994 0.846043 0.049328 0.472218 0.271728 0.492964 0.487161 0.460274 0.335832 0.007327 0.659619 0.109721 0.948826 0.925641 0.619892 0.623007 0.532031 0.809864 0.006445 0.237816 0.028273 0.690802 0.752355 0.999049 
0.342153 0.227703 0.953484 0.804524 0.350848 0.793694 0.629556 0.864350 0.338369 0.081028 0.941400 0.980783 0.730372 0.968586 0.289675 0.064755 0.146964 0.950322 0.880472 0.074798 0.869942 0.812642 0.991457 0.140202 0.321634 
0.023278 0.477564 0.250309 0.114737 0.040211 0.060535 0.216722 0.299840 0.263376 0.682219 0.674869 0.712029 0.922540 0.978059 0.114778 0.409922 0.736716 0.749466 0.512909 0.179186 0.213088 0.915889 0.281069 0.867001 0.479456 
0.336239 0.641552 0.594245 0.184528 0.087191 0.047409 0.843554 0.775283 0.261135 0.301118 0.986323 0.846538 0.403041 0.254008 0.345628 0.985322 0.350844 0.484706 0.693922 0.327634 0.815510 0.168681 0.797350 0.844762 0.696888 
0.841898 0.100260 0.093644 0.033332 0.479812 0.820195 0.425122 0.509990 0.569483 0.601986 0.355316 0.787873 0.365834 0.741536 0.598512 0.163912 0.467239 0.369450 0.959351 0.905268 0.549118 0.283577 0.592179 0.937324 0.663432 
0.696495 0.786866 0.052813 0.492818 0.266847 0.865675 0.674565 0.434682 0.019363 0.119580 0.569157 0.096512 0.204918 0.717829 0.547529 0.097076 0.920915 0.544084 0.079530 0.632803 0.084975 0.652583 0.978141 0.361602 0.103509 
0.407520 0.951260 0.016187 0.555979 0.302961 0.069352 0.211118 0.849857 0.021613 0.265927 0.423341 0.235607 0.021544 0.029322 0.048022 0.368220 0.875848 0.064087 0.585207 0.955630 0.737523 0.225672 0.771824 0.376276 0.402116 
0.030404 0.716255 0.076033 0.123455 0.844281 0.075579 0.128707 0.331443 0.157218 0.976756 0.671094 0.096372 0.656234 0.194197 0.572847 0.906184 0.332184 0.863008 0.251327 0.368584 0.601827 0.591939 0.244413 0.764521 0.760044 
0.763626 0.562052 0.953350 0.354176 0.970317 0.315409 0.057442 0.754979 0.011335 0.835201 0.466500 0.541071 0.871136 0.590800 0.415125 0.544804 0.561386 0.809067 0.104948 0.539038 0.269193 0.428534 0.975968 0.163230 0.509452 
0.515258 0.568998 0.272243 0.023706 0.256787 0.501871 0.453632 0.409298 0.072064 0.163123 0.731493 0.818257 0.305905 0.539671 0.590745 0.636958 0.852549 0.650854 0.467320 0.563773 0.717533 0.129527 0.856587 0.330898 0.965781 
0.499635 0.666855 0.236904 0.898078 0.604595 0.037626 0.976087 0.951152 0.138972 0.576582 0.329924 0.213816 0.869440 0.368259 0.301953 0.725555 0.572474 0.855433 0.665527 0.074165 0.475037 0.186549 0.506488 0.212858 0.358382 
0.756993 0.095504 0.638687 0.377860 0.980183 0.454685 0.194103 0.949918 0.492955 0.202852 0.175503 0.731859 0.913823 0.028850 0.192491 0.311513 0.933155 0.367277 0.871030 0.616901 0.120579 0.515619 0.477481 0.724555 0.474189 
0.840706 0.659421 0.435970 0.872701 0.705405 0.732762 0.889473 0.639948 0.631288 0.618311 0.221328 0.360728 0.268596 0.307968 0.985746 0.205108 0.177584 0.313853 0.936813 0.507128 0.433638 0.132079 0.468452 0.253213 0.144382 
0.176223 0.858691 0.673658 0.882728 0.639334 0.522440 0.520677 0.667486 0.811194 0.957767 0.060627 0.360055 0.451567 0.472979 0.480411 0.027639 0.164899 0.728178 0.158816 0.514119 0.129878 0.574283 0.403789 0.774519 0.954474 
0.916230 0.260557 0.088492 0.940157 0.295329 0.745290 0.044640 0.500947 0.966051 0.907690 0.399470 0.966804 0.862154 0.295958 0.138185 0.568600 0.765451 0.399310 0.626306 0.953716 0.530461 0.299194 0.794784 0.185402 0.255375 
0.104255 0.773534 0.628048 0.182314 0.949759 0.199166 0.924020 0.067628 0.930160 0.518641 0.352893 0.706467 0.592168 0.306741 0.670479 0.074089 0.306149 0.095009 0.686288 0.745119 0.170122 0.865045 0.124000 0.754327 0.652218 
0.701137 0.960595 0.363335 0.745568 0.870184 0.260669 0.449692 0.099413 0.112314 0.590475 0.176979 0.986924 0.038822 0.421987 0.659832 0.433708 0.514369 0.841759 0.053732 0.543686 0.805590 0.956356 0.572252 0.136743 0.249708 
0.715166 0.667761 0.484487 0.462822 0.269293 0.315685 0.569970 0.046781 0.616322 0.337449 0.120052 0.147512 0.638421 0.060718 0.831972 0.278774 0.302023 0.190217 0.902942 0.391420 0.537211 0.807490 0.123130 0.685964 0.801300 
0.305184 0.010772 0.794261 0.161761 0.791926 0.791213 0.563974 0.041931 0.863007 0.907257 0.321025 0.420066 0.383190 0.613014 0.595930 0.518635 0.353730 0.040241 0.083500 0.470572 0.797632 0.227218 0.450587 0.803444 0.699613 
0.054436 0.573308 0.173692 0.546504 0.239572 0.220133 0.210043 0.559107 0.214707 0.138580 0.110130 0.352980 0.871743 0.875936 0.177414 0.844177 0.016709 0.013785 0.739844 0.428048 0.772854 0.630581 0.100154 0.545617 0.743162 
0.964156 0.743435 0.569569 0.661093 0.094770 0.153060 0.207374 0.997818 0.194329 0.260130 0.092950 0.344381 0.378741 0.404305 0.502599 0.823511 0.296524 0.488948 0.677601 0.960999 0.824130 0.339495 0.107849 0.962361 0.036478 
0.583264 0.449138 0.300784 0.302482 0.998237 0.689308 0.790251 0.502246 0.325542 0.110514 0.728366 0.297445 0.597869 0.445101 0.424548 0.794612 0.913038 0.060235 0.143675 0.688942 0.757916 0.280303 0.837093 0.194033 0.685071 
0.159115 0.428286 0.531359 0.528372 0.091995 0.742405 0.659497 0.370452 0.545077 0.387081 0.467819 0.944649 0.193336 0.600970 0.935332 0.930001 0.354857 0.683640 0.381256 0.798113 0.744205 0.263220 0.877069 0.953575 0.725087 
0.179627 0.996441 0.713326 0.655018 0.039577 0.989708 0.445743 0.998400 0.933068 0.757224 0.213886 0.088614 0.799239 0.067279 0.585275 0.719547 0.753324 0.661321 0.939008 0.290153 0.621825 0.220761 0.263005 0.778166 0.887162 
0.517398 0.452407 0.457047 0.109465 0.629871 0.726693 0.946387 0.875506 0.136896 0.096561 0.980884 0.380167 0.400447 0.078006 0.620473 0.008358 0.153655 0.110190 0.175792 0.464654 0.783081 0.883205 0.129739 0.522040 0.096997 

-0.891174 -0.257043 0.348036 -1.182921 -0.206344 -1.584936 -0.138111 -1.189508 -1.458377 -1.277207 -1.718242 -1.112905 -0.716722 -0.654627 -0.486276 -1.029712 -0.095639 -0.894016 -0.064270 -0.238848 0.575431 1.645892 0.501390 0.198529 0.000006 
0.105472 -0.983919 -1.027488 0.480229 -1.396950 0.736937 -1.078620 -1.099532 -1.236767 -0.485539 -0.766883 -0.507281 0.338964 -1.381103 -0.164912 -1.357863 -0.611253 -0.078397 0.018227 1.051915 1.068405 -1.066985 -0.323791 0.680475 0.504776 
0.508139 -0.767496 0.067563 -0.822933 -1.731027 -0.095465 -0.894411 -1.296955 -1.209893 0.038704 0.279300 0.300301 0.876525 -0.349179 -1.197068 -0.342040 -0.343948 0.880401 1.182314 0.207789 1.433438 -0.429765 1.274841 -1.111152 -0.961698 
0.435783 1.930879 1.635477 -0.183954 -0.581698 -0.555817 0.521273 -0.538184 0.354491 -0.847118 -0.697590 -0.170355 -0.746012 -0.554512 -0.118847 -0.960866 0.602154 0.575952 0.119534 0.269546 0.955321 0.536349 0.911989 0.816541 -0.821227 
2.586615 0.305867 0.776318 0.825281 -0.849317 0.853540 -0.788696 0.448593 -0.936563 0.038825 -2.454085 0.484892 -1.702119 -0.251478 -0.270159 0.985596 0.327792 -0.582926 -0.484381 0.587414 0.422601 0.186491 0.469505 -1.031203 -0.481283 
2.465388 2.099392 0.639402 0.603896 0.374501 -1.485919 -1.690341 -0.686019 -0.037590 -0.779128 -1.146530 -0.287866 -0.836982 -1.494552 -0.901926 0.279112 0.767862 1.187707 0.650818 1.267562 0.938039 0.193650 0.130803 1.364231 0.295959 
1.234683 2.885281 1.248760 1.477705 0.702826 0.662048 -0.520768 -1.652967 -0.346104 -1.263666 -1.170582 -1.006068 0.076123 -0.315181 -0.136463 0.897260 0.015202 0.236452 0.012605 0.754639 -0.107706 0.876025 0.015167 0.353020 0.368912 
1.058441 1.902258 0.283002 1.121703 2.839437 0.867687 0.252527 -1.017056 0.104914 -2.135169 -1.260091 -0.041518 -1.171602 -0.484930 -1.199325 1.258649 -0.002015 1.053893 -0.375940 -0.403346 0.905746 -0.215764 -0.127496 1.407070 0.755318 
1.864471 1.738611 2.509700 1.599805 1.981164 0.952839 0.955930 -1.601222 -0.066156 -1.729126 -0.353468 -1.345770 -1.878748 -1.257286 -0.907625 -1.179114 -0.055026 0.271380 0.613854 0.222943 0.456425 0.189573 0.632592 1.540734 -0.575685 
1.823246 1.449198 1.382564 0.367287 0.639991 1.483877 1.341719 -0.377266 -0.194553 -0.362367 -1.515381 -1.725134 -0.756065 -0.667701 -1.375674 -1.458018 0.748952 -0.576672 0.143430 0.715538 1.484178 0.157774 0.162344 0.589296 0.565159 
1.478042 1.286381 0.883696 1.860361 1.114492 0.011264 3.166055 -1.978067 -0.395402 -1.464896 -1.099077 -0.343698 -2.312810 -0.505203 -0.253907 -1.434259 0.290134 -0.416968 1.088929 1.384781 0.648433 -0.201877 0.174896 0.956534 0.655503 
2.178216 0.553475 1.547372 0.536947 1.999466 1.708459 0.890403 1.203701 -0.644142 -0.325960 -0.231869 -1.355656 -1.995656 -0.300566 -0.178471 -0.329072 -2.172251 -0.224363 0.390515 0.541222 0.971790 0.581429 1.670282 1.039264 1.315420 
2.672367 1.460751 1.872101 2.467658 2.110361 1.714334 2.023918 1.551604 -1.352139 -1.291522 -0.547742 -0.520950 -0.049884 -0.881919 -1.946865 -0.312220 -0.632073 -0.732986 -0.005396 -0.364521 -0.005302 0.299701 0.208583 0.902077 0.796627 
0.440781 2.030158 2.941141 2.113033 1.655965 1.019765 1.093790 1.634911 -1.344905 -2.054223 -0.697351 -0.334742 -1.135985 -0.995081 -1.102692 -0.399748 -0.463709 0.365020 -0.902757 -0.897744 -0.385890 -1.005387 -0.699426 -0.984187 1.118947 
0.924862 0.238260 0.312940 2.467453 1.357874 1.976555 0.305060 2.306261 2.507055 -1.936750 -0.847272 -1.580956 -0.736432 -0.422001 -0.439125 -0.742586 0.147429 -0.750083 0.176586 -0.801545 -0.513622 -0.420407 0.141993 -0.604098 -1.029918 
0.410477 1.592977 1.665842 1.550937 2.635742 1.298834 2.511791 0.351187 2.749343 -0.606750 -0.749916 -0.382090 -0.807948 -0.161783 -0.598227 0.030889 -0.512552 -0.542709 -0.344461 0.036437 -0.304041 0.191281 0.042730 -0.449010 -0.086898 
1.644208 1.357663 1.654361 1.565926 2.316859 1.282118 1.116648 1.167385 1.129308 -0.265567 -0.600926 0.279244 -1.070021 -1.032571 -0.059793 -0.472466 -0.535160 -0.740852 -0.702504 -0.649379 -0.093056 -0.593284 -1.073061 0.057608 -0.530976 
1.403731 2.523255 1.322673 1.316395 1.477421 1.308224 1.812862 0.121912 1.696327 -1.084865 -0.725455 -1.295293 0.170224 0.640757 -0.066833 -1.152090 -0.965219 0.272308 -0.090768 -0.409412 -0.465824 -0.374248 -0.011411 -0.361589 -0.221444 
1.643310 0.124923 2.761034 0.368543 2.342477 2.145826 1.908191 0.113927 2.433055 -0.158202 -0.068644 0.204087 -0.173151 -0.908372 -0.757437 -0.625694 -0.110430 -0.168822 -1.259202 -0.028150 -0.778002 -0.666404 -0.206034 -0.486688 -0.257364 
1.113939 1.269135 1.101561 0.658217 1.440899 1.185815 0.992493 1.972464 -0.924919 -0.065372 0.337419 -0.226270 -0.678524 -0.473992 -0.316908 -0.740035 -0.813384 -0.274885 -0.963642 -0.829818 -0.659064 -0.616362 -0.038248 -0.106878 -0.332262 
2.933630 1.699550 2.348921 2.426480 0.579022 1.229892 0.793919 2.934924 -0.725830 -0.485152 -0.545038 -1.024707 -0.820397 0.007783 -0.119474 -0.839194 0.017574 0.003115 -0.500286 -0.447506 -0.570498 -0.004661 -0.665550 -0.421963 -0.894846 
1.950641 1.358317 1.542563 1.311181 2.760523 2.047988 1.959614 -0.326804 0.142970 -0.739278 -0.103646 -0.942632 0.154525 -0.522442 -0.531880 -0.293483 -0.791546 -0.342161 -0.490414 -0.626165 -0.349578 -0.579136 0.025437 -0.666379 -0.759066 
1.213367 1.405809 1.917876 1.280838 0.975744 1.823449 2.546919 -0.663869 -0.560960 -0.096642 -0.784546 -0.272523 -0.958006 -0.695090 -0.703270 -0.599516 -0.830710 0.122052 -0.740034 -0.644891 0.063749 -0.443966 -0.123773 -0.601979 -0.928447 
0.975415 1.857274 2.171149 1.904088 0.470854 3.056280 1.483460 -1.124439 -0.151125 -0.295382 0.068413 -0.391272 -0.721734 0.073736 -0.579153 -0.431320 -0.746719 -0.892808 -0.415237 0.338097 -0.889444 -0.149603 -0.959934 -1.144686 -1.450379 
2.100830 1.685552 1.326581 0.516549 1.771248 1.545999 -0.088468 -1.400972 -0.334957 -0.269662 -0.987049 -0.081930 -0.337093 -0.088347 -0.545630 -0.715492 -0.660221 -0.022609 -0.121387 -1.490685 -0.296663 -0.429533 0.119128 -0.460169 -0.805087 

2 2 2 2 2 2 2 2 2 2 2 2 2 2 2 2 2 2 4 4 4 4 4 4 4 
2 2 2 2 2 2 2 2 2 2 2 2 2 2 2 2 2 4 4 4 4 4 4 4 4 
3 2 2 2 2 2 2 2 2 2 2 2 2 2 2 2 4 4 4 4 4 4 4 4 4 
3 3 3 2 2 2 2 2 2 2 2 2 2 2 2 2 4 4 4 4 4 4 4 4 4 
3 3 3 3 2 2 2 2 2 2 2 2 2 2 2 4 4 4 4 4 4 4 4 4 4 
3 3 3 3 3 1 1 1 1 1 1 1 1 1 1 4 4 4 4 4 4 4 4 4 4 
3 3 3 3 3 3 1 1 1 1 1 1 1 1 1 4 4 4 4 4 4 4 4 4 4 
3 3 3 3 3 3 1 1 1 1 1 1 1 1 1 4 4 4 4 4 4 4 4 4 4 
3 3 3 3 3 3 3 1 1 1 1 1 1 1 1 1 4 4 4 4 4 4 4 4 4 
3 3 3 3 3 3 3 1 1 1 1 1 1 1 1 1 4 4 4 4 4 4 4 4 4 
3 3 3 3 3 3 3 1 1 1 1 1 1 1 1 1 4 4 4 4 4 4 4 4 4 
3 3 3 3 3 3 3 3 1 1 1 1 1 1 1 1 1 4 4 4 4 4 4 4 4 
3 3 3 3 3 3 3 3 1 1 1 1 1 1 1 1 0 0 0 0 4 4 4 4 4 
3 3 3 3 3 3 3 3 1 1 1 1 1 1 0 0 0 0 0 0 0 0 0 0 4 
3 3 3 3 3 3 3 3 3 1 1 1 0 0 0 0 0 0 0 0 0 0 0 0 0 
3 3 3 3 3 3 3 3 3 1 1 0 0 0 0 0 0 0 0 0 0 0 0 0 0 
3 3 3 3 3 3 3 3 3 0 0 0 0 0 0 0 0 0 0 0 0 0 0 0 0 
3 3 3 3 3 3 3 3 3 0 0 0 0 0 0 0 0 0 0 0 0 0 0 0 0 
3 3 3 3 3 3 3 3 3 0 0 0 0 0 0 0 0 0 0 0 0 0 0 0 0 
3 3 3 3 3 3 3 3 0 0 0 0 0 0 0 0 0 0 0 0 0 0 0 0 0 
3 3 3 3 3 3 3 3 0 0 0 0 0 0 0 0 0 0 0 0 0 0 0 0 0 
3 3 3 3 3 3 3 0 0 0 0 0 0 0 0 0 0 0 0 0 0 0 0 0 0 
3 3 3 3 3 3 3 0 0 0 0 0 0 0 0 0 0 0 0 0 0 0 0 0 0 
3 3 3 3 3 3 3 0 0 0 0 0 0 0 0 0 0 0 0 0 0 0 0 0 0 
3 3 3 3 3 3 0 0 0 0 0 0 0 0 0 0 0 0 0 0 0 0 0 0 0 

-2.0 -2.0 -2.0 -2.0 -2.0 -2.0 -2.0 -2.0 -2.0 -2.0 -2.0 -2.0 -2.0 -2.0 -2.0 -2.0 -2.0 -2.0 2.0 2.0 2.0 2.0 2.0 2.0 2.0 
-2.0 -2.0 -2.0 -2.0 -2.0 -2.0 -2.0 -2.0 -2.0 -2.0 -2.0 -2.0 -2.0 -2.0 -2.0 -2.0 -2.0 2.0 2.0 2.0 2.0 2.0 2.0 2.0 2.0 
1.0 -2.0 -2.0 -2.0 -2.0 -2.0 -2.0 -2.0 -2.0 -2.0 -2.0 -2.0 -2.0 -2.0 -2.0 -2.0 2.0 2.0 2.0 2.0 2.0 2.0 2.0 2.0 2.0 
1.0 1.0 1.0 -2.0 -2.0 -2.0 -2.0 -2.0 -2.0 -2.0 -2.0 -2.0 -2.0 -2.0 -2.0 -2.0 2.0 2.0 2.0 2.0 2.0 2.0 2.0 2.0 2.0 
1.0 1.0 1.0 1.0 -2.0 -2.0 -2.0 -2.0 -2.0 -2.0 -2.0 -2.0 -2.0 -2.0 -2.0 2.0 2.0 2.0 2.0 2.0 2.0 2.0 2.0 2.0 2.0 
1.0 1.0 1.0 1.0 1.0 0.0 0.0 0.0 0.0 0.0 0.0 0.0 0.0 0.0 0.0 2.0 2.0 2.0 2.0 2.0 2.0 2.0 2.0 2.0 2.0 
1.0 1.0 1.0 1.0 1.0 1.0 0.0 0.0 0.0 0.0 0.0 0.0 0.0 0.0 0.0 2.0 2.0 2.0 2.0 2.0 2.0 2.0 2.0 2.0 2.0 
1.0 1.0 1.0 1.0 1.0 1.0 0.0 0.0 0.0 0.0 0.0 0.0 0.0 0.0 0.0 2.0 2.0 2.0 2.0 2.0 2.0 2.0 2.0 2.0 2.0 
1.0 1.0 1.0 1.0 1.0 1.0 1.0 0.0 0.0 0.0 0.0 0.0 0.0 0.0 0.0 0.0 2.0 2.0 2.0 2.0 2.0 2.0 2.0 2.0 2.0 
1.0 1.0 1.0 1.0 1.0 1.0 1.0 0.0 0.0 0.0 0.0 0.0 0.0 0.0 0.0 0.0 2.0 2.0 2.0 2.0 2.0 2.0 2.0 2.0 2.0 
1.0 1.0 1.0 1.0 1.0 1.0 1.0 0.0 0.0 0.0 0.0 0.0 0.0 0.0 0.0 0.0 2.0 2.0 2.0 2.0 2.0 2.0 2.0 2.0 2.0 
1.0 1.0 1.0 1.0 1.0 1.0 1.0 1.0 0.0 0.0 0.0 0.0 0.0 0.0 0.0 0.0 0.0 2.0 2.0 2.0 2.0 2.0 2.0 2.0 2.0 
1.0 1.0 1.0 1.0 1.0 1.0 1.0 1.0 0.0 0.0 0.0 0.0 0.0 0.0 0.0 0.0 -1.0 -1.0 -1.0 -1.0 2.0 2.0 2.0 2.0 2.0 
1.0 1.0 1.0 1.0 1.0 1.0 1.0 1.0 0.0 0.0 0.0 0.0 0.0 0.0 -1.0 -1.0 -1.0 -1.0 -1.0 -1.0 -1.0 -1.0 -1.0 -1.0 2.0 
1.0 1.0 1.0 1.0 1.0 1.0 1.0 1.0 1.0 0.0 0.0 0.0 -1.0 -1.0 -1.0 -1.0 -1.0 -1.0 -1.0 -1.0 -1.0 -1.0 -1.0 -1.0 -1.0 
1.0 1.0 1.0 1.0 1.0 1.0 1.0 1.0 1.0 0.0 0.0 -1.0 -1.0 -1.0 -1.0 -1.0 -1.0 -1.0 -1.0 -1.0 -1.0 -1.0 -1.0 -1.0 -1.0 
1.0 1.0 1.0 1.0 1.0 1.0 1.0 1.0 1.0 -1.0 -1.0 -1.0 -1.0 -1.0 -1.0 -1.0 -1.0 -1.0 -1.0 -1.0 -1.0 -1.0 -1.0 -1.0 -1.0 
1.0 1.0 1.0 1.0 1.0 1.0 1.0 1.0 1.0 -1.0 -1.0 -1.0 -1.0 -1.0 -1.0 -1.0 -1.0 -1.0 -1.0 -1.0 -1.0 -1.0 -1.0 -1.0 -1.0 
1.0 1.0 1.0 1.0 1.0 1.0 1.0 1.0 1.0 -1.0 -1.0 -1.0 -1.0 -1.0 -1.0 -1.0 -1.0 -1.0 -1.0 -1.0 -1.0 -1.0 -1.0 -1.0 -1.0 
1.0 1.0 1.0 1.0 1.0 1.0 1.0 1.0 -1.0 -1.0 -1.0 -1.0 -1.0 -1.0 -1.0 -1.0 -1.0 -1.0 -1.0 -1.0 -1.0 -1.0 -1.0 -1.0 -1.0 
1.0 1.0 1.0 1.0 1.0 1.0 1.0 1.0 -1.0 -1.0 -1.0 -1.0 -1.0 -1.0 -1.0 -1.0 -1.0 -1.0 -1.0 -1.0 -1.0 -1.0 -1.0 -1.0 -1.0 
1.0 1.0 1.0 1.0 1.0 1.0 1.0 -1.0 -1.0 -1.0 -1.0 -1.0 -1.0 -1.0 -1.0 -1.0 -1.0 -1.0 -1.0 -1.0 -1.0 -1.0 -1.0 -1.0 -1.0 
1.0 1.0 1.0 1.0 1.0 1.0 1.0 -1.0 -1.0 -1.0 -1.0 -1.0 -1.0 -1.0 -1.0 -1.0 -1.0 -1.0 -1.0 -1.0 -1.0 -1.0 -1.0 -1.0 -1.0 
1.0 1.0 1.0 1.0 1.0 1.0 1.0 -1.0 -1.0 -1.0 -1.0 -1.0 -1.0 -1.0 -1.0 -1.0 -1.0 -1.0 -1.0 -1.0 -1.0 -1.0 -1.0 -1.0 -1.0 
1.0 1.0 1.0 1.0 1.0 1.0 -1.0 -1.0 -1.0 -1.0 -1.0 -1.0 -1.0 -1.0 -1.0 -1.0 -1.0 -1.0 -1.0 -1.0 -1.0 -1.0 -1.0 -1.0 -1.0 

1.0 1.0 1.0 1.0 1.0 1.0 1.0 1.0 1.0 1.0 1.0 1.0 1.0 1.0 1.0 1.0 1.0 1.0 -1.0 -1.0 -1.0 -1.0 -1.0 -1.0 -1.0 
1.0 1.0 1.0 1.0 1.0 1.0 1.0 1.0 1.0 1.0 1.0 1.0 1.0 1.0 1.0 1.0 1.0 -1.0 -1.0 -1.0 -1.0 -1.0 -1.0 -1.0 -1.0 
2.0 1.0 1.0 1.0 1.0 1.0 1.0 1.0 1.0 1.0 1.0 1.0 1.0 1.0 1.0 1.0 -1.0 -1.0 -1.0 -1.0 -1.0 -1.0 -1.0 -1.0 -1.0 
2.0 2.0 2.0 1.0 1.0 1.0 1.0 1.0 1.0 1.0 1.0 1.0 1.0 1.0 1.0 1.0 -1.0 -1.0 -1.0 -1.0 -1.0 -1.0 -1.0 -1.0 -1.0 
2.0 2.0 2.0 2.0 1.0 1.0 1.0 1.0 1.0 1.0 1.0 1.0 1.0 1.0 1.0 -1.0 -1.0 -1.0 -1.0 -1.0 -1.0 -1.0 -1.0 -1.0 -1.0 
2.0 2.0 2.0 2.0 2.0 -2.0 -2.0 -2.0 -2.0 -2.0 -2.0 -2.0 -2.0 -2.0 -2.0 -1.0 -1.0 -1.0 -1.0 -1.0 -1.0 -1.0 -1.0 -1.0 -1.0 
2.0 2.0 2.0 2.0 2.0 2.0 -2.0 -2.0 -2.0 -2.0 -2.0 -2.0 -2.0 -2.0 -2.0 -1.0 -1.0 -1.0 -1.0 -1.0 -1.0 -1.0 -1.0 -1.0 -1.0 
2.0 2.0 2.0 2.0 2.0 2.0 -2.0 -2.0 -2.0 -2.0 -2.0 -2.0 -2.0 -2.0 -2.0 -1.0 -1.0 -1.0 -1.0 -1.0 -1.0 -1.0 -1.0 -1.0 -1.0 
2.0 2.0 2.0 2.0 2.0 2.0 2.0 -2.0 -2.0 -2.0 -2.0 -2.0 -2.0 -2.0 -2.0 -2.0 -1.0 -1.0 -1.0 -1.0 -1.0 -1.0 -1.0 -1.0 -1.0 
2.0 2.0 2.0 2.0 2.0 2.0 2.0 -2.0 -2.0 -2.0 -2.0 -2.0 -2.0 -2.0 -2.0 -2.0 -1.0 -1.0 -1.0 -1.0 -1.0 -1.0 -1.0 -1.0 -1.0 
2.0 2.0 2.0 2.0 2.0 2.0 2.0 -2.0 -2.0 -2.0 -2.0 -2.0 -2.0 -2.0 -2.0 -2.0 -1.0 -1.0 -1.0 -1.0 -1.0 -1.0 -1.0 -1.0 -1.0 
2.0 2.0 2.0 2.0 2.0 2.0 2.0 2.0 -2.0 -2.0 -2.0 -2.0 -2.0 -2.0 -2.0 -2.0 -2.0 -1.0 -1.0 -1.0 -1.0 -1.0 -1.0 -1.0 -1.0 
2.0 2.0 2.0 2.0 2.0 2.0 2.0 2.0 -2.0 -2.0 -2.0 -2.0 -2.0 -2.0 -2.0 -2.0 0.0 0.0 0.0 0.0 -1.0 -1.0 -1.0 -1.0 -1.0 
2.0 2.0 2.0 2.0 2.0 2.0 2.0 2.0 -2.0 -2.0 -2.0 -2.0 -2.0 -2.0 0.0 0.0 0.0 0.0 0.0 0.0 0.0 0.0 0.0 0.0 -1.0 
2.0 2.0 2.0 2.0 2.0 2.0 2.0 2.0 2.0 -2.0 -2.0 -2.0 0.0 0.0 0.0 0.0 0.0 0.0 0.0 0.0 0.0 0.0 0.0 0.0 0.0 
2.0 2.0 2.0 2.0 2.0 2.0 2.0 2.0 2.0 -2.0 -2.0 0.0 0.0 0.0 0.0 0.0 0.0 0.0 0.0 0.0 0.0 0.0 0.0 0.0 0.0 
2.0 2.0 2.0 2.0 2.0 2.0 2.0 2.0 2.0 0.0 0.0 0.0 0.0 0.0 0.0 0.0 0.0 0.0 0.0 0.0 0.0 0.0 0.0 0.0 0.0 
2.0 2.0 2.0 2.0 2.0 2.0 2.0 2.0 2.0 0.0 0.0 0.0 0.0 0.0 0.0 0.0 0.0 0.0 0.0 0.0 0.0 0.0 0.0 0.0 0.0 
2.0 2.0 2.0 2.0 2.0 2.0 2.0 2.0 2.0 0.0 0.0 0.0 0.0 0.0 0.0 0.0 0.0 0.0 0.0 0.0 0.0 0.0 0.0 0.0 0.0 
2.0 2.0 2.0 2.0 2.0 2.0 2.0 2.0 0.0 0.0 0.0 0.0 0.0 0.0 0.0 0.0 0.0 0.0 0.0 0.0 0.0 0.0 0.0 0.0 0.0 
2.0 2.0 2.0 2.0 2.0 2.0 2.0 2.0 0.0 0.0 0.0 0.0 0.0 0.0 0.0 0.0 0.0 0.0 0.0 0.0 0.0 0.0 0.0 0.0 0.0 
2.0 2.0 2.0 2.0 2.0 2.0 2.0 0.0 0.0 0.0 0.0 0.0 0.0 0.0 0.0 0.0 0.0 0.0 0.0 0.0 0.0 0.0 0.0 0.0 0.0 
2.0 2.0 2.0 2.0 2.0 2.0 2.0 0.0 0.0 0.0 0.0 0.0 0.0 0.0 0.0 0.0 0.0 0.0 0.0 0.0 0.0 0.0 0.0 0.0 0.0 
2.0 2.0 2.0 2.0 2.0 2.0 2.0 0.0 0.0 0.0 0.0 0.0 0.0 0.0 0.0 0.0 0.0 0.0 0.0 0.0 0.0 0.0 0.0 0.0 0.0 
2.0 2.0 2.0 2.0 2.0 2.0 0.0 0.0 0.0 0.0 0.0 0.0 0.0 0.0 0.0 0.0 0.0 0.0 0.0 0.0 0.0 0.0 0.0 0.0 0.0 

