0.431078 0.265096 0.126766 0.672686 0.625463 0.184207 0.648332 0.289585 0.394069 0.401935 0.418348 0.620716 0.627499 0.866768 0.586376 0.477318 0.832342 0.173434 0.423955 0.840082 0.698873 0.823403 0.279542 0.318560 0.250018 
0.413472 0.841048 0.831028 0.954132 0.869748 0.168842 0.384268 0.015678 0.272704 0.892713 0.970453 0.764956 0.337881 0.242161 0.937823 0.381212 0.766765 0.687934 0.445174 0.454543 0.152514 0.485305 0.289407 0.946311 0.976229 
0.094250 0.742118 0.301955 0.937818 0.906330 0.958890 0.072996 0.260918 0.252420 0.331150 0.914801 0.416496 0.437873 0.061873 0.198876 0.713144 0.746801 0.896778 0.297437 0.399788 0.985873 0.597695 0.363975 0.969106 0.926232 
0.307218 0.795332 0.287881 0.850348 0.303624 0.903112 0.067439 0.606928 0.975660 0.999756 0.819627 0.419784 0.669933 0.729878 0.495326 0.419874 0.627541 0.159730 0.413522 0.495780 0.863840 0.348499 0.006316 0.576596 0.514885 
0.659798 0.958834 0.336330 0.614225 0.642975 0.533556 0.043337 0.358265 0.597643 0.600172 0.235308 0.859727 0.355550 0.173682 0.725752 0.818286 0.642893 0.882369 0.946491 0.904513 0.259539 0.571688 0.123157 0.562075 0.889665 
0.878406 0.365114 0.853883 0.308592 0.229222 0.885843 0.429014 0.761052 0.012445 0.347849 0.924284 0.491072 0.741812 0.975271 0.940421 0.154566 0.069113 0.733048 0.495597 0.879360 0.038582 0.575004 0.855728 0.823729 0.900909 
0.639814 0.944401 0.085492 0.981175 0.236357 0.775204 0.176169 0.446167 0.431660 0.431725 0.415144 0.896044 0.375602 0.905945 0.214659 0.269938 0.925418 0.889002 0.752631 0.313619 0.578011 0.294272 0.669310 0.751131 0.637501 
0.990103 0.540702 0.154283 0.049274 0.249816 0.067513 0.114861 0.193601 0.666741 0.987972 0.622052 0.753922 0.462004 0.120603 0.928611 0.385341 0.030215 0.557731 0.659346 0.307343 0.347788 0.350808 0.383296 0.352759 0.523834 
0.079657 0.393204 0.159381 0.609871 0.125223 0.075077 0.479651 0.749948 0.800468 0.885394 0.921376 0.363991 0.602944 0.292771 0.810514 0.719805 0.919974 0.924693 0.882540 0.556102 0.657697 0.716027 0.740917 0.003216 0.873056 
0.399383 0.633889 0.158608 0.364534 0.469030 0.695505 0.299568 0.824031 0.828269 0.337656 0.853626 0.624809 0.856926 0.760611 0.171904 0.301596 0.696390 0.663412 0.728168 0.527023 0.296155 0.303019 0.685168 0.218610 0.396875 
0.998292 0.421858 0.947403 0.066962 0.320918 0.346053 0.920641 0.257068 0.668954 0.002140 0.107566 0.680815 0.348040 0.398945 0.284304 0.826877 0.100293 0.537923 0.804915 0.533741 0.643919 0.357199 0.067190 0.715995 0.997733 
0.539051 0.794132 0.447169 0.014388 0.533667 0.947767 0.895048 0.352015 0.116531 0.343359 0.676124 0.438140 0.195690 0.562524 0.617293 0.807816 0.382115 0.972817 0.763230 0.220739 0.825157 0.360463 0.348347 0.743128 0.628877 
0.724046 0.307007 0.748268 0.178750 0.286923 0.811126 0.778115 0.688863 0.696841 0.887638 0.873500 0.486826 0.029721 0.565968 0.892215 0.397431 0.335714 0.281067 0.897149 0.234820 0.663875 0.810412 0.602088 0.131093 0.487354 
0.237402 0.370134 0.699981 0.570079 0.637918 0.579705 0.034119 0.204447 0.637654 0.439702 0.820171 0.566740 0.794967 0.334468 0.659602 0.239143 0.941868 0.448578 0.543694 0.527463 0.011942 0.629237 0.180622 0.407409 0.611995 
0.910411 0.693402 0.145127 0.212107 0.903598 0.514639 0.011134 0.344655 0.463395 0.163093 0.337795 0.996541 0.355363 0.717265 0.429333 0.904483 0.512705 0.716960 0.226485 0.194955 0.576326 0.719612 0.844804 0.159853 0.495496 
0.363037 0.854578 0.610219 0.710419 0.759319 0.147218 0.248710 0.867519 0.973242 0.578121 0.303871 0.692218 0.581528 0.175679 0.322659 0.841689 0.190203 0.986330 0.935594 0.843275 0.849453 0.478867 0.327035 0.084682 0.752863 
0.627190 0.776089 0.669605 0.447816 0.194693 0.503973 0.997344 0.512843 0.982565 0.049033 0.944734 0.565427 0.290910 0.942658 0.341180 0.201177 0.363106 0.842831 0.885973 0.240727 0.485788 0.432387 0.487924 0.508566 0.219764 
0.165327 0.736462 0.536120 0.401204 0.917159 0.797542 0.789762 0.093904 0.801615 0.540463 0.627672 0.955903 0.815194 0.566245 0.787885 0.908215 0.981477 0.594830 0.005412 0.977799 0.212721 0.704008 0.457052 0.387443 0.120172 
0.399100 0.658888 0.014090 0.040283 0.701319 0.297388 0.264240 0.802288 0.133334 0.169164 0.179881 0.904175 0.063814 0.714257 0.760041 0.016437 0.060333 0.061568 0.109162 0.709966 0.354297 0.508901 0.857821 0.476280 0.668801 
0.561611 0.483671 0.020736 0.426499 0.158688 0.703927 0.585353 0.631081 0.943712 0.249845 0.396175 0.524172 0.686305 0.523531 0.624573 0.528077 0.056552 0.599526 0.064541 0.383278 0.365882 0.405312 0.613924 0.980683 0.353808 
0.674667 0.113663 0.977856 0.902787 0.085094 0.492728 0.054883 0.003844 0.493152 0.258524 0.101148 0.460722 0.814348 0.427155 0.456856 0.235707 0.886841 0.926592 0.175309 0.056996 0.672324 0.930591 0.753674 0.165788 0.148813 
0.627572 0.303243 0.499595 0.819188 0.469694 0.992181 0.769310 0.859910 0.553420 0.686237 0.222282 0.623425 0.738773 0.710914 0.934654 0.904291 0.885191 0.188098 0.247172 0.820631 0.196783 0.142111 0.740142 0.367011 0.306650 
0.621589 0.344077 0.157902 0.556624 0.584227 0.936087 0.625919 0.848849 0.129333 0.885363 0.485236 0.019187 0.718868 0.658356 0.211534 0.287616 0.399778 0.052873 0.947970 0.024682 0.839864 0.403295 0.115282 0.198331 0.944471 
0.776592 0.594889 0.278356 0.474904 0.193087 0.321170 0.074400 0.547664 0.737358 0.302734 0.773474 0.298080 0.955345 0.152388 0.775053 0.562664 0.882248 0.361204 0.789817 0.353086 0.005998 0.563730 0.433620 0.586005 0.081810 
0.799208 0.624178 0.248718 0.404434 0.935051 0.809674 0.828312 0.425272 0.729448 0.453375 0.028924 0.103204 0.317130 0.285067 0.897636 0.544342 0.606627 0.311627 0.070005 0.773540 0.022442 0.238445 0.484728 0.921021 0.362855 

0.500105 0.564752 0.615534 0.094261 0.242557 0.175811 0.050166 0.294797 0.811875 0.638124 0.672453 0.998836 0.298969 0.195909 0.817777 0.277873 0.078230 0.382701 0.474243 0.395191 0.086202 0.659218 0.165943 0.749858 0.572675 
0.204562 0.529006 0.252739 0.650333 0.178183 0.828362 0.950299 0.857061 0.147307 0.981250 0.501449 0.810393 0.877483 0.522618 0.303604 0.105254 0.152105 0.514006 0.605564 0.039371 0.996461 0.903050 0.371390 0.577361 0.682789 
0.233539 0.314486 0.254103 0.070584 0.832867 0.154604 0.997266 0.946626 0.497099 0.136384 0.023944 0.073395 0.811824 0.924084 0.243854 0.722144 0.138895 0.579626 0.651217 0.918549 0.201877 0.652519 0.224319 0.492543 0.099197 
0.468599 0.925075 0.430287 0.856179 0.979244 0.578745 0.825706 0.785696 0.291803 0.891583 0.928799 0.773974 0.644485 0.006598 0.175659 0.185128 0.818685 0.099703 0.768041 0.489002 0.481084 0.610268 0.499034 0.705374 0.239955 
0.409474 0.090629 0.081587 0.919736 0.151077 0.169063 0.369182 0.344068 0.984183 0.396212 0.309033 0.369463 0.732318 0.056264 0.344902 0.499077 0.536728 0.647653 0.729728 0.120155 0.787732 0.333538 0.384323 0.804325 0.992444 
0.107328 0.345107 0.858733 0.335008 0.745228 0.207321 0.551023 0.518727 0.275601 0.199588 0.772379 0.521668 0.840609 0.365960 0.250142 0.001548 0.852340 0.554212 0.074358 0.627168 0.413093 0.354494 0.990229 0.828926 0.113474 
0.370275 0.615546 0.066559 0.739070 0.213128 0.844210 0.963359 0.127418 0.836176 0.986884 0.091075 0.271806 0.102917 0.283696 0.357807 0.798446 0.830587 0.402524 0.801125 0.965656 0.758826 0.363273 0.524941 0.603078 0.802726 
0.075586 0.713213 0.333932 0.057280 0.320558 0.496473 0.946633 0.005468 0.440804 0.625441 0.021448 0.103146 0.256707 0.068203 0.485956 0.590029 0.118983 0.885866 0.373509 0.683115 0.974071 0.494503 0.988069 0.895806 0.623485 
0.786431 0.951168 0.205635 0.137901 0.109658 0.561920 0.403939 0.253381 0.071917 0.194300 0.609503 0.178475 0.290057 0.880739 0.892499 0.169004 0.702461 0.865798 0.472867 0.495851 0.554133 0.796824 0.069217 0.584670 0.167027 
0.643140 0.715119 0.141244 0.380350 0.354387 0.624818 0.904767 0.882395 0.117456 0.101187 0.604376 0.559492 0.673263 0.808411 0.139415 0.567310 0.696609 0.786337 0.484449 0.334840 0.498561 0.997135 0.970856 0.260511 0.874731 
0.657431 0.693005 0.805589 0.976633 0.243688 0.513641 0.008244 0.994186 0.636147 0.127254 0.749424 0.966934 0.902999 0.605603 0.212133 0.578198 0.739055 0.720521 0.641459 0.028821 0.309375 0.645629 0.964646 0.452269 0.201605 
0.174219 0.450469 0.628074 0.401755 0.998136 0.654516 0.025106 0.689744 0.861680 0.911131 0.300611 0.255485 0.383600 0.004416 0.245862 0.975713 0.148490 0.446126 0.611937 0.862855 0.334585 0.293823 0.507041 0.708968 0.563725 
0.264484 0.680806 0.815836 0.468056 0.022540 0.594300 0.791221 0.206500 0.062087 0.920907 0.215419 0.383376 0.576580 0.891434 0.366905 0.025030 0.258007 0.384199 0.749513 0.914977 0.877882 0.100420 0.204614 0.892044 0.613916 
0.868598 0.186202 0.219100 0.986667 0.477517 0.692453 0.073166 0.336078 0.058428 0.414424 0.089352 0.256836 0.761577 0.812050 0.282806 0.568971 0.812930 0.475587 0.130547 0.849455 0.645169 0.612962 0.028700 0.792183 0.002296 
0.754167 0.277005 0.242356 0.791582 0.727162 0.611925 0.678050 0.820084 0.096083 0.278575 0.498437 0.399180 0.801166 0.474412 0.037249 0.814912 0.941729 0.434030 0.598138 0.499162 0.709207 0.320487 0.371744 0.480228 0.842110 
0.933772 0.170499 0.257850 0.019937 0.077007 0.400807 0.248825 0.134615 0.291054 0.272329 0.556624 0.625696 0.819779 0.390769 0.311101 0.119811 0.673458 0.310465 0.761924 0.273392 0.225721 0.846043 0.831441 0.768052 0.225757 
0.297692 0.508281 0.321952 0.938134 0.762368 0.143145 0.864577 0.283351 0.652669 0.469825 0.938847 0.647905 0.123297 0.038014 0.274494 0.082760 0.019945 0.349064 0.822605 0.224783 0.917019 0.760157 0.881634 0.021081 0.379556 
0.169726 0.529419 0.980169 0.665810 0.856871 0.900469 0.041899 0.523164 0.539424 0.895239 0.869502 0.735491 0.227631 0.699465 0.447582 0.202813 0.986279 0.854729 0.194995 0.264366 0.198718 0.124796 0.156001 0.470997 0.458146 
0.251577 0.685389 0.216004 0.587758 0.264233 0.973419 0.698616 0.626626 0.940567 0.101176 0.106652 0.530775 0.653903 0.203311 0.264609 0.982636 0.040483 0.165323 0.771037 0.875172 0.553403 0.377753 0.422630 0.345155 0.278304 
0.479010 0.109946 0.401960 0.400217 0.077859 0.467294 0.572784 0.463875 0.882762 0.090390 0.181609 0.563081 0.226452 0.528402 0.547042 0.020951 0.459722 0.149915 0.220020 0.107877 0.829912 0.373740 0.015381 0.846466 0.058741 
0.575760 0.493194 0.070309 0.005247 0.965922 0.974353 0.468254 0.283502 0.273423 0.408544 0.468932 0.494987 0.225095 0.702428 0.958634 0.744959 0.554554 0.143088 0.578426 0.780780 0.603042 0.356213 0.406485 0.666511 0.919170 
0.871903 0.939564 0.869529 0.210868 0.896972 0.406537 0.404285 0.924081 0.937916 0.124951 0.638959 0.654827 0.926085 0.943767 0.117900 0.958435 0.001178 0.589277 0.420040 0.314403 0.996296 0.756016 0.264760 0.646998 0.581803 
0.491136 0.333935 0.749724 0.272128 0.389331 0.260129 0.292967 0.013901 0.824925 0.256498 0.344318 0.757200 0.098468 0.757208 0.420133 0.173340 0.289738 0.784847 0.616913 0.312984 0.120137 0.293352 0.877194 0.856468 0.605899 
0.987002 0.506307 0.665233 0.868814 0.840464 0.571268 0.057196 0.775551 0.849004 0.619237 0.148808 0.606629 0.324400 0.122804 0.307602 0.417880 0.225578 0.973824 0.565894 0.621675 0.122992 0.502055 0.521271 0.728041 0.038637 
0.765374 0.871869 0.665880 0.939196 0.840516 0.733532 0.550055 0.974204 0.679807 0.849187 0.714077 0.426669 0.602872 0.792172 0.371302 0.370851 0.497766 0.428060 0.770113 0.323350 0.931508 0.550734 0.012484 0.901299 0.321268 

0.263367 0.508635 0.620481 0.057254 0.258938 0.276782 0.037329 0.410915 0.818364 0.479619 0.716660 0.906147 0.436322 0.462546 0.864251 0.225271 0.054617 0.399076 0.441582 0.456694 0.198844 0.625988 0.285695 0.582253 0.622494 
0.057626 0.445340 0.203152 0.744699 0.059290 0.928083 0.964998 0.748742 0.041184 1.010384 0.369299 0.914335 0.821151 0.646094 0.352048 0.084214 0.116086 0.644476 0.692447 -0.007387 0.994798 0.631750 0.321906 0.540026 0.763191 
0.356594 0.094988 0.205818 0.163005 0.833241 0.218110 1.071849 0.838881 0.541919 0.432811 0.047253 0.038297 0.893937 0.760213 0.280670 0.786613 0.186827 0.456920 0.526626 0.764700 0.265971 0.697891 0.273719 0.461420 0.007478 
0.381620 0.990840 0.453619 0.866166 1.005104 0.490391 0.738869 0.830316 0.296320 0.945415 0.956809 0.705990 0.696306 0.104840 0.134880 0.142086 0.805371 -0.022528 0.853214 0.381990 0.504703 0.447515 0.557003 0.690334 0.298826 
0.354041 -0.001885 0.133132 0.886727 0.097345 0.037402 0.413019 0.325573 0.841039 0.715917 0.322497 0.301022 0.800411 0.159746 0.468712 0.644015 0.554671 0.681971 0.763010 0.104244 0.799404 0.337525 0.520960 0.798548 1.174595 
1.017611 0.399324 0.929806 0.301587 0.394504 0.845202 0.327907 0.706847 -0.063174 0.252753 0.927714 0.583569 0.857553 0.888871 0.871577 0.192131 0.067734 0.807945 0.579609 0.811615 0.139997 0.577855 0.785264 0.769302 0.837505 
0.685626 1.062391 0.135445 1.079147 0.287586 0.670569 0.232100 0.495753 0.464266 0.383746 0.394667 0.751345 0.524634 0.774632 0.241130 0.261125 0.940143 0.889044 0.817437 0.221211 0.694557 0.343202 0.580552 0.498675 0.697847 
0.908433 0.396711 0.233210 -0.013097 0.224969 0.149973 0.146784 0.360163 0.416540 0.848434 0.455025 0.613002 0.444369 0.341608 0.759504 0.436931 0.022059 0.508534 0.444571 0.260421 0.338246 0.474429 0.445560 0.284089 0.438601 
0.114798 0.437702 0.276613 0.699123 -0.019081 0.035971 0.377316 0.863126 0.951392 0.754764 0.928118 0.252532 0.732808 0.239631 0.884864 0.729890 0.838805 0.841561 0.839699 0.585372 0.572726 0.828557 0.735381 0.171129 1.079835 
0.442251 0.742210 0.212055 0.226270 0.514418 0.599067 0.373779 0.799368 0.826192 0.264433 1.063857 0.448540 0.673558 0.805185 0.161965 0.331808 0.888572 0.725739 0.674511 0.519229 0.274538 0.271859 0.600100 0.307260 0.471170 
-2.301056 -1.765097 -2.611715 -1.957553 -0.717102 -1.206818 -1.091816 -2.422755 -1.840273 -0.389960 -1.568873 -2.655383 -2.293927 -1.638904 -0.690969 -1.896751 -1.410579 -2.224163 -2.054542 -0.598268 -1.239772 -1.576380 -2.160643 -1.581680 -0.971822 
-0.768113 -1.808396 -1.764059 -0.727097 -2.702898 -2.294742 -0.845665 -1.838611 -1.921998 -2.062016 -1.211685 -1.160632 -1.063283 -0.571114 -1.011197 -2.847372 -0.910132 -1.888330 -1.797625 -1.963329 -1.518087 -0.843014 -1.535246 -2.133794 -1.678516 
-1.199912 -1.500550 -2.356970 -1.179191 -0.526261 -1.984607 -2.489070 -1.124389 -0.861923 -2.683640 -1.243019 -1.157640 -1.351169 -2.243783 -1.647664 -0.498060 -0.775564 -0.997303 -2.392264 -2.073691 -2.293362 -0.984735 -1.047833 -2.024851 -1.777121 
-1.938827 -0.704256 -1.003796 -2.498236 -1.681903 -1.941767 -0.338816 -0.869108 -0.864257 -1.306194 -1.001762 -1.211457 -2.298775 -1.908932 -1.146804 -1.167506 -2.606708 -1.320754 -0.848516 -2.251204 -1.378646 -1.876805 -0.064980 -2.029468 -0.798523 
-2.514403 -1.330893 -0.477756 -1.612227 -2.165199 -1.936941 -1.321009 -1.968743 -0.690890 -0.797281 -1.299694 -1.888673 -1.861084 -1.613153 -0.470211 -2.390721 -2.354786 -1.628166 -1.442498 -1.252532 -2.010379 -1.361238 -1.473680 -0.974085 -1.908427 
1.301336 -1.396428 -0.657221 -1.242062 -1.327789 0.572776 -0.014903 -1.260780 -1.397007 -0.678984 0.484706 -0.100300 0.451796 0.256306 -0.069122 -1.475318 1.081791 -1.228760 -0.420201 -1.191793 -1.258283 0.739153 1.031101 1.449026 -0.978362 
-0.662782 -0.697555 -0.612829 0.805609 1.039246 -0.611821 -0.291080 -0.346268 -0.597812 0.761655 0.056634 0.244029 -0.280040 -1.848173 -0.275364 -0.320793 -0.714892 -1.092675 -0.310706 -0.144493 0.999274 0.665950 0.661153 -0.923096 0.357799 
-0.031551 -0.251576 0.907644 0.494130 -0.066623 0.270746 -1.419267 0.902890 -0.537902 0.657714 0.519982 -0.178090 -1.143264 0.178892 -0.700874 -1.396974 0.120332 0.461581 0.273700 -1.531408 0.119040 -1.166715 -0.602485 0.146193 0.665638 
-0.293702 -0.177592 0.321404 1.099149 -0.889007 1.507545 0.834680 -0.484659 1.664784 -0.159813 -0.131295 -0.661256 1.285992 -0.865315 -0.966404 1.992189 -0.094979 0.331249 1.327982 0.314147 0.398951 -0.216530 -0.780860 -0.244838 -0.777945 
-0.236916 -0.699939 0.611016 -0.210975 -0.062816 -0.442632 0.021893 -0.274331 -0.084482 -0.450337 -0.541374 0.079397 -0.914076 0.145298 -0.183643 -0.858527 0.879819 -0.847848 0.386314 -0.440607 0.766760 -0.025492 -1.199196 -0.263717 -0.568570 
0.713540 -0.295192 1.913291 1.809313 -1.032662 -0.059087 -0.292224 -0.289850 0.658810 0.109549 -0.152821 0.275147 1.432390 0.337299 -0.157151 -0.262543 1.102285 1.831848 -0.049428 -0.755550 0.717689 1.421661 1.129975 -0.087241 -0.374336 
0.266409 -0.207982 0.047725 1.282723 -0.040918 1.632708 1.262904 0.935942 0.111145 1.171755 -0.238503 0.687482 0.601284 0.533698 1.682942 0.636964 1.723687 -0.243674 0.310225 1.335104 -0.654296 -0.437131 1.126288 0.087618 0.034256 
0.626618 0.444068 -0.448394 0.890247 0.878189 1.629399 0.978032 1.825949 -0.711414 1.436690 0.643227 -0.578941 1.343680 0.604117 -0.014358 0.386636 0.553916 -0.724312 1.307378 -0.374700 1.408996 0.417427 -0.588772 -0.463587 1.290395 
0.389477 0.800787 0.160312 -0.037900 -0.420826 -0.085217 -0.009637 0.435891 0.669991 0.005436 1.172235 -0.125759 1.667603 0.324470 1.251197 0.661391 1.656050 -0.268623 1.121421 0.019119 -0.083960 0.678624 0.243123 0.335181 0.065557 
1.050758 0.412661 -0.239463 -0.078567 1.044405 0.988335 1.060490 -0.150783 0.811607 -0.047955 -0.630062 -0.268510 0.070518 -0.073108 1.416627 0.635576 0.665367 0.196566 -0.735447 1.304580 -1.050478 0.127615 0.930339 0.931212 0.463754 

0 0 0 0 0 0 0 0 0 0 0 0 0 0 0 0 0 0 0 0 0 0 0 0 0 
0 0 0 0 0 0 0 0 0 0 0 0 0 0 0 0 0 0 0 0 0 0 0 0 0 
0 0 0 0 0 0 0 0 0 0 0 0 0 0 0 0 0 0 0 0 0 0 0 0 0 
0 0 0 0 0 0 0 0 0 0 0 0 0 0 0 0 0 0 0 0 0 0 0 0 0 
0 0 0 0 0 0 0 0 0 0 0 0 0 0 0 0 0 0 0 0 0 0 0 0 0 
1 1 1 1 1 1 1 1 1 1 1 1 1 1 1 1 1 1 1 1 1 1 1 1 1 
1 1 1 1 1 1 1 1 1 1 1 1 1 1 1 1 1 1 1 1 1 1 1 1 1 
1 1 1 1 1 1 1 1 1 1 1 1 1 1 1 1 1 1 1 1 1 1 1 1 1 
1 1 1 1 1 1 1 1 1 1 1 1 1 1 1 1 1 1 1 1 1 1 1 1 1 
1 1 1 1 1 1 1 1 1 1 1 1 1 1 1 1 1 1 1 1 1 1 1 1 1 
2 2 2 2 2 2 2 2 2 2 2 2 2 2 2 2 2 2 2 2 2 2 2 2 2 
2 2 2 2 2 2 2 2 2 2 2 2 2 2 2 2 2 2 2 2 2 2 2 2 2 
2 2 2 2 2 2 2 2 2 2 2 2 2 2 2 2 2 2 2 2 2 2 2 2 2 
2 2 2 2 2 2 2 2 2 2 2 2 2 2 2 2 2 2 2 2 2 2 2 2 2 
2 2 2 2 2 2 2 2 2 2 2 2 2 2 2 2 2 2 2 2 2 2 2 2 2 
3 3 3 3 3 3 3 3 3 3 3 3 3 3 3 3 3 3 3 3 3 3 3 3 3 
3 3 3 3 3 3 3 3 3 3 3 3 3 3 3 3 3 3 3 3 3 3 3 3 3 
3 3 3 3 3 3 3 3 3 3 3 3 3 3 3 3 3 3 3 3 3 3 3 3 3 
3 3 3 3 3 3 3 3 3 3 3 3 3 3 3 3 3 3 3 3 3 3 3 3 3 
3 3 3 3 3 3 3 3 3 3 3 3 3 3 3 3 3 3 3 3 3 3 3 3 3 
4 4 4 4 4 4 4 4 4 4 4 4 4 4 4 4 4 4 4 4 4 4 4 4 4 
4 4 4 4 4 4 4 4 4 4 4 4 4 4 4 4 4 4 4 4 4 4 4 4 4 
4 4 4 4 4 4 4 4 4 4 4 4 4 4 4 4 4 4 4 4 4 4 4 4 4 
4 4 4 4 4 4 4 4 4 4 4 4 4 4 4 4 4 4 4 4 4 4 4 4 4 
4 4 4 4 4 4 4 4 4 4 4 4 4 4 4 4 4 4 4 4 4 4 4 4 4 

0.0 0.0 0.0 0.0 0.0 0.0 0.0 0.0 0.0 0.0 0.0 0.0 0.0 0.0 0.0 0.0 0.0 0.0 0.0 0.0 0.0 0.0 0.0 0.0 0.0 
0.0 0.0 0.0 0.0 0.0 0.0 0.0 0.0 0.0 0.0 0.0 0.0 0.0 0.0 0.0 0.0 0.0 0.0 0.0 0.0 0.0 0.0 0.0 0.0 0.0 
0.0 0.0 0.0 0.0 0.0 0.0 0.0 0.0 0.0 0.0 0.0 0.0 0.0 0.0 0.0 0.0 0.0 0.0 0.0 0.0 0.0 0.0 0.0 0.0 0.0 
0.0 0.0 0.0 0.0 0.0 0.0 0.0 0.0 0.0 0.0 0.0 0.0 0.0 0.0 0.0 0.0 0.0 0.0 0.0 0.0 0.0 0.0 0.0 0.0 0.0 
0.0 0.0 0.0 0.0 0.0 0.0 0.0 0.0 0.0 0.0 0.0 0.0 0.0 0.0 0.0 0.0 0.0 0.0 0.0 0.0 0.0 0.0 0.0 0.0 0.0 
1.0 1.0 1.0 1.0 1.0 1.0 1.0 1.0 1.0 1.0 1.0 1.0 1.0 1.0 1.0 1.0 1.0 1.0 1.0 1.0 1.0 1.0 1.0 1.0 1.0 
1.0 1.0 1.0 1.0 1.0 1.0 1.0 1.0 1.0 1.0 1.0 1.0 1.0 1.0 1.0 1.0 1.0 1.0 1.0 1.0 1.0 1.0 1.0 1.0 1.0 
1.0 1.0 1.0 1.0 1.0 1.0 1.0 1.0 1.0 1.0 1.0 1.0 1.0 1.0 1.0 1.0 1.0 1.0 1.0 1.0 1.0 1.0 1.0 1.0 1.0 
1.0 1.0 1.0 1.0 1.0 1.0 1.0 1.0 1.0 1.0 1.0 1.0 1.0 1.0 1.0 1.0 1.0 1.0 1.0 1.0 1.0 1.0 1.0 1.0 1.0 
1.0 1.0 1.0 1.0 1.0 1.0 1.0 1.0 1.0 1.0 1.0 1.0 1.0 1.0 1.0 1.0 1.0 1.0 1.0 1.0 1.0 1.0 1.0 1.0 1.0 
-1.0 -1.0 -1.0 -1.0 -1.0 -1.0 -1.0 -1.0 -1.0 -1.0 -1.0 -1.0 -1.0 -1.0 -1.0 -1.0 -1.0 -1.0 -1.0 -1.0 -1.0 -1.0 -1.0 -1.0 -1.0 
-1.0 -1.0 -1.0 -1.0 -1.0 -1.0 -1.0 -1.0 -1.0 -1.0 -1.0 -1.0 -1.0 -1.0 -1.0 -1.0 -1.0 -1.0 -1.0 -1.0 -1.0 -1.0 -1.0 -1.0 -1.0 
-1.0 -1.0 -1.0 -1.0 -1.0 -1.0 -1.0 -1.0 -1.0 -1.0 -1.0 -1.0 -1.0 -1.0 -1.0 -1.0 -1.0 -1.0 -1.0 -1.0 -1.0 -1.0 -1.0 -1.0 -1.0 
-1.0 -1.0 -1.0 -1.0 -1.0 -1.0 -1.0 -1.0 -1.0 -1.0 -1.0 -1.0 -1.0 -1.0 -1.0 -1.0 -1.0 -1.0 -1.0 -1.0 -1.0 -1.0 -1.0 -1.0 -1.0 
-1.0 -1.0 -1.0 -1.0 -1.0 -1.0 -1.0 -1.0 -1.0 -1.0 -1.0 -1.0 -1.0 -1.0 -1.0 -1.0 -1.0 -1.0 -1.0 -1.0 -1.0 -1.0 -1.0 -1.0 -1.0 
-2.0 -2.0 -2.0 -2.0 -2.0 -2.0 -2.0 -2.0 -2.0 -2.0 -2.0 -2.0 -2.0 -2.0 -2.0 -2.0 -2.0 -2.0 -2.0 -2.0 -2.0 -2.0 -2.0 -2.0 -2.0 
-2.0 -2.0 -2.0 -2.0 -2.0 -2.0 -2.0 -2.0 -2.0 -2.0 -2.0 -2.0 -2.0 -2.0 -2.0 -2.0 -2.0 -2.0 -2.0 -2.0 -2.0 -2.0 -2.0 -2.0 -2.0 
-2.0 -2.0 -2.0 -2.0 -2.0 -2.0 -2.0 -2.0 -2.0 -2.0 -2.0 -2.0 -2.0 -2.0 -2.0 -2.0 -2.0 -2.0 -2.0 -2.0 -2.0 -2.0 -2.0 -2.0 -2.0 
-2.0 -2.0 -2.0 -2.0 -2.0 -2.0 -2.0 -2.0 -2.0 -2.0 -2.0 -2.0 -2.0 -2.0 -2.0 -2.0 -2.0 -2.0 -2.0 -2.0 -2.0 -2.0 -2.0 -2.0 -2.0 
-2.0 -2.0 -2.0 -2.0 -2.0 -2.0 -2.0 -2.0 -2.0 -2.0 -2.0 -2.0 -2.0 -2.0 -2.0 -2.0 -2.0 -2.0 -2.0 -2.0 -2.0 -2.0 -2.0 -2.0 -2.0 
2.0 2.0 2.0 2.0 2.0 2.0 2.0 2.0 2.0 2.0 2.0 2.0 2.0 2.0 2.0 2.0 2.0 2.0 2.0 2.0 2.0 2.0 2.0 2.0 2.0 
2.0 2.0 2.0 2.0 2.0 2.0 2.0 2.0 2.0 2.0 2.0 2.0 2.0 2.0 2.0 2.0 2.0 2.0 2.0 2.0 2.0 2.0 2.0 2.0 2.0 
2.0 2.0 2.0 2.0 2.0 2.0 2.0 2.0 2.0 2.0 2.0 2.0 2.0 2.0 2.0 2.0 2.0 2.0 2.0 2.0 2.0 2.0 2.0 2.0 2.0 
2.0 2.0 2.0 2.0 2.0 2.0 2.0 2.0 2.0 2.0 2.0 2.0 2.0 2.0 2.0 2.0 2.0 2.0 2.0 2.0 2.0 2.0 2.0 2.0 2.0 
2.0 2.0 2.0 2.0 2.0 2.0 2.0 2.0 2.0 2.0 2.0 2.0 2.0 2.0 2.0 2.0 2.0 2.0 2.0 2.0 2.0 2.0 2.0 2.0 2.0 

1.0 1.0 1.0 1.0 1.0 1.0 1.0 1.0 1.0 1.0 1.0 1.0 1.0 1.0 1.0 1.0 1.0 1.0 1.0 1.0 1.0 1.0 1.0 1.0 1.0 
1.0 1.0 1.0 1.0 1.0 1.0 1.0 1.0 1.0 1.0 1.0 1.0 1.0 1.0 1.0 1.0 1.0 1.0 1.0 1.0 1.0 1.0 1.0 1.0 1.0 
1.0 1.0 1.0 1.0 1.0 1.0 1.0 1.0 1.0 1.0 1.0 1.0 1.0 1.0 1.0 1.0 1.0 1.0 1.0 1.0 1.0 1.0 1.0 1.0 1.0 
1.0 1.0 1.0 1.0 1.0 1.0 1.0 1.0 1.0 1.0 1.0 1.0 1.0 1.0 1.0 1.0 1.0 1.0 1.0 1.0 1.0 1.0 1.0 1.0 1.0 
1.0 1.0 1.0 1.0 1.0 1.0 1.0 1.0 1.0 1.0 1.0 1.0 1.0 1.0 1.0 1.0 1.0 1.0 1.0 1.0 1.0 1.0 1.0 1.0 1.0 
0.0 0.0 0.0 0.0 0.0 0.0 0.0 0.0 0.0 0.0 0.0 0.0 0.0 0.0 0.0 0.0 0.0 0.0 0.0 0.0 0.0 0.0 0.0 0.0 0.0 
0.0 0.0 0.0 0.0 0.0 0.0 0.0 0.0 0.0 0.0 0.0 0.0 0.0 0.0 0.0 0.0 0.0 0.0 0.0 0.0 0.0 0.0 0.0 0.0 0.0 
0.0 0.0 0.0 0.0 0.0 0.0 0.0 0.0 0.0 0.0 0.0 0.0 0.0 0.0 0.0 0.0 0.0 0.0 0.0 0.0 0.0 0.0 0.0 0.0 0.0 
0.0 0.0 0.0 0.0 0.0 0.0 0.0 0.0 0.0 0.0 0.0 0.0 0.0 0.0 0.0 0.0 0.0 0.0 0.0 0.0 0.0 0.0 0.0 0.0 0.0 
0.0 0.0 0.0 0.0 0.0 0.0 0.0 0.0 0.0 0.0 0.0 0.0 0.0 0.0 0.0 0.0 0.0 0.0 0.0 0.0 0.0 0.0 0.0 0.0 0.0 
-2.0 -2.0 -2.0 -2.0 -2.0 -2.0 -2.0 -2.0 -2.0 -2.0 -2.0 -2.0 -2.0 -2.0 -2.0 -2.0 -2.0 -2.0 -2.0 -2.0 -2.0 -2.0 -2.0 -2.0 -2.0 
-2.0 -2.0 -2.0 -2.0 -2.0 -2.0 -2.0 -2.0 -2.0 -2.0 -2.0 -2.0 -2.0 -2.0 -2.0 -2.0 -2.0 -2.0 -2.0 -2.0 -2.0 -2.0 -2.0 -2.0 -2.0 
-2.0 -2.0 -2.0 -2.0 -2.0 -2.0 -2.0 -2.0 -2.0 -2.0 -2.0 -2.0 -2.0 -2.0 -2.0 -2.0 -2.0 -2.0 -2.0 -2.0 -2.0 -2.0 -2.0 -2.0 -2.0 
-2.0 -2.0 -2.0 -2.0 -2.0 -2.0 -2.0 -2.0 -2.0 -2.0 -2.0 -2.0 -2.0 -2.0 -2.0 -2.0 -2.0 -2.0 -2.0 -2.0 -2.0 -2.0 -2.0 -2.0 -2.0 
-2.0 -2.0 -2.0 -2.0 -2.0 -2.0 -2.0 -2.0 -2.0 -2.0 -2.0 -2.0 -2.0 -2.0 -2.0 -2.0 -2.0 -2.0 -2.0 -2.0 -2.0 -2.0 -2.0 -2.0 -2.0 
2.0 2.0 2.0 2.0 2.0 2.0 2.0 2.0 2.0 2.0 2.0 2.0 2.0 2.0 2.0 2.0 2.0 2.0 2.0 2.0 2.0 2.0 2.0 2.0 2.0 
2.0 2.0 2.0 2.0 2.0 2.0 2.0 2.0 2.0 2.0 2.0 2.0 2.0 2.0 2.0 2.0 2.0 2.0 2.0 2.0 2.0 2.0 2.0 2.0 2.0 
2.0 2.0 2.0 2.0 2.0 2.0 2.0 2.0 2.0 2.0 2.0 2.0 2.0 2.0 2.0 2.0 2.0 2.0 2.0 2.0 2.0 2.0 2.0 2.0 2.0 
2.0 2.0 2.0 2.0 2.0 2.0 2.0 2.0 2.0 2.0 2.0 2.0 2.0 2.0 2.0 2.0 2.0 2.0 2.0 2.0 2.0 2.0 2.0 2.0 2.0 
2.0 2.0 2.0 2.0 2.0 2.0 2.0 2.0 2.0 2.0 2.0 2.0 2.0 2.0 2.0 2.0 2.0 2.0 2.0 2.0 2.0 2.0 2.0 2.0 2.0 
-1.0 -1.0 -1.0 -1.0 -1.0 -1.0 -1.0 -1.0 -1.0 -1.0 -1.0 -1.0 -1.0 -1.0 -1.0 -1.0 -1.0 -1.0 -1.0 -1.0 -1.0 -1.0 -1.0 -1.0 -1.0 
-1.0 -1.0 -1.0 -1.0 -1.0 -1.0 -1.0 -1.0 -1.0 -1.0 -1.0 -1.0 -1.0 -1.0 -1.0 -1.0 -1.0 -1.0 -1.0 -1.0 -1.0 -1.0 -1.0 -1.0 -1.0 
-1.0 -1.0 -1.0 -1.0 -1.0 -1.0 -1.0 -1.0 -1.0 -1.0 -1.0 -1.0 -1.0 -1.0 -1.0 -1.0 -1.0 -1.0 -1.0 -1.0 -1.0 -1.0 -1.0 -1.0 -1.0 
-1.0 -1.0 -1.0 -1.0 -1.0 -1.0 -1.0 -1.0 -1.0 -1.0 -1.0 -1.0 -1.0 -1.0 -1.0 -1.0 -1.0 -1.0 -1.0 -1.0 -1.0 -1.0 -1.0 -1.0 -1.0 
-1.0 -1.0 -1.0 -1.0 -1.0 -1.0 -1.0 -1.0 -1.0 -1.0 -1.0 -1.0 -1.0 -1.0 -1.0 -1.0 -1.0 -1.0 -1.0 -1.0 -1.0 -1.0 -1.0 -1.0 -1.0 

