0.547384 0.119111 0.253904 0.283116 0.457583 0.344959 0.768579 0.350513 0.630983 0.875063 0.856527 0.883929 0.026755 0.380946 0.562310 0.483552 0.286326 0.692023 0.406023 0.904323 0.181026 0.048400 0.272166 0.632738 0.159675 
0.724228 0.487110 0.401230 0.290040 0.941883 0.792332 0.773325 0.368942 0.150632 0.783266 0.738904 0.590164 0.977021 0.748719 0.621100 0.102635 0.494798 0.511901 0.016652 0.456851 0.707562 0.297421 0.881370 0.933611 0.774500 
0.878496 0.291554 0.526906 0.899787 0.285328 0.486366 0.760640 0.261062 0.297115 0.799963 0.790205 0.540843 0.857785 0.180609 0.184857 0.689810 0.585796 0.099179 0.778305 0.174772 0.309375 0.684247 0.236875 0.994247 0.137271 
0.589369 0.074064 0.997253 0.363059 0.850226 0.855896 0.212212 0.454805 0.987799 0.007329 0.449187 0.014408 0.540546 0.330015 0.478406 0.638159 0.238622 0.591913 0.515878 0.514640 0.080820 0.546970 0.110726 0.883416 0.626468 
0.913495 0.439421 0.615261 0.201151 0.469596 0.694190 0.251529 0.482866 0.348849 0.059718 0.900389 0.359038 0.145656 0.490679 0.299627 0.826908 0.946254 0.827981 0.233455 0.082456 0.157989 0.517707 0.207495 0.911041 0.028689 
0.530696 0.544925 0.405594 0.697227 0.023443 0.084818 0.305988 0.766628 0.112645 0.871333 0.321749 0.197143 0.042937 0.890751 0.639512 0.261569 0.916216 0.448948 0.607392 0.327966 0.069655 0.887480 0.220706 0.349534 0.993784 
0.378885 0.696477 0.450520 0.251844 0.311904 0.026639 0.047626 0.966292 0.487717 0.222633 0.866807 0.890586 0.349640 0.391077 0.543287 0.472019 0.455967 0.196189 0.693987 0.238477 0.259862 0.674765 0.091488 0.497347 0.071800 
0.850880 0.893429 0.254823 0.169019 0.519150 0.695340 0.714338 0.657034 0.758786 0.696460 0.899377 0.123663 0.001092 0.374874 0.332365 0.225444 0.526120 0.484717 0.201442 0.206473 0.642473 0.708129 0.694001 0.004847 0.506835 
0.817649 0.462810 0.700465 0.142043 0.097428 0.237332 0.801077 0.631133 0.548050 0.045264 0.098201 0.672944 0.040620 0.483033 0.842220 0.567911 0.252137 0.071075 0.446421 0.232359 0.696725 0.282351 0.012385 0.863066 0.047794 
0.332802 0.580057 0.451704 0.267716 0.871125 0.154704 0.799561 0.783213 0.364646 0.217237 0.952932 0.557918 0.823181 0.271519 0.348255 0.281765 0.865265 0.293457 0.277665 0.818189 0.595638 0.163369 0.689485 0.030536 0.492603 
0.109061 0.101183 0.971050 0.466788 0.703971 0.178914 0.924189 0.117493 0.977645 0.650801 0.342562 0.579829 0.087837 0.563469 0.870971 0.851153 0.815477 0.165460 0.177537 0.880478 0.373700 0.644842 0.731689 0.924934 0.169529 
0.900458 0.671308 0.813570 0.665756 0.488790 0.137644 0.984478 0.690309 0.126760 0.744683 0.535444 0.293270 0.265322 0.540088 0.494536 0.696175 0.650742 0.397499 0.468499 0.865049 0.272637 0.344920 0.067409 0.031142 0.761721 
0.387118 0.807854 0.856116 0.667384 0.143528 0.511422 0.435585 0.646529 0.878165 0.350424 0.233293 0.053931 0.650236 0.534645 0.010553 0.137980 0.213796 0.259874 0.350988 0.876884 0.420148 0.172107 0.700248 0.951981 0.005257 
0.211900 0.896203 0.506316 0.992730 0.844387 0.349554 0.702086 0.786005 0.119256 0.674965 0.837751 0.504451 0.936096 0.176188 0.184169 0.033483 0.743306 0.461411 0.272332 0.819734 0.676065 0.647007 0.233555 0.609538 0.715735 
0.119051 0.786787 0.087216 0.035225 0.766534 0.902260 0.634584 0.921122 0.599506 0.328230 0.914870 0.219564 0.653929 0.956135 0.934030 0.355546 0.548359 0.013338 0.135021 0.027140 0.126205 0.469852 0.791368 0.776451 0.280208 
0.608710 0.160408 0.497641 0.450027 0.674618 0.039970 0.152457 0.599969 0.069497 0.191600 0.777200 0.144023 0.987784 0.146050 0.624478 0.148991 0.480266 0.863877 0.073248 0.915599 0.529504 0.396517 0.610540 0.596646 0.100880 
0.346010 0.858164 0.200610 0.032855 0.062804 0.588177 0.603043 0.440732 0.162667 0.983937 0.122746 0.403949 0.155835 0.279009 0.556224 0.190192 0.041110 0.347853 0.865141 0.211282 0.403497 0.595252 0.934173 0.420801 0.619871 
0.120337 0.815930 0.432995 0.033336 0.752616 0.666730 0.559801 0.065077 0.908427 0.722631 0.789106 0.568168 0.991916 0.295652 0.163348 0.071319 0.271111 0.335325 0.430959 0.236662 0.926910 0.636006 0.186918 0.527926 0.077711 
0.376767 0.187487 0.987542 0.981790 0.716387 0.536772 0.821495 0.673463 0.906037 0.520408 0.511286 0.236795 0.986739 0.369608 0.974640 0.264759 0.692818 0.563729 0.427458 0.764619 0.584495 0.599226 0.090386 0.474060 0.855518 
0.050722 0.105876 0.466659 0.804659 0.584833 0.300065 0.028332 0.868660 0.933874 0.891138 0.529392 0.156171 0.800283 0.591549 0.267315 0.414457 0.379608 0.103715 0.080719 0.347953 0.530553 0.030340 0.758099 0.286860 0.878443 
0.828678 0.374561 0.400712 0.178184 0.594059 0.567130 0.292850 0.798396 0.469616 0.677548 0.440060 0.511865 0.279086 0.352780 0.713385 0.050035 0.834127 0.033109 0.832972 0.108854 0.501743 0.113271 0.141612 0.134708 0.747285 
0.152960 0.365539 0.077380 0.877376 0.724762 0.782012 0.255649 0.012805 0.444482 0.908978 0.324088 0.475908 0.460335 0.830377 0.646476 0.954869 0.693657 0.512912 0.188821 0.064765 0.124446 0.554682 0.907397 0.813040 0.753770 
0.556263 0.819848 0.205558 0.019729 0.320535 0.078360 0.426760 0.576934 0.500086 0.284375 0.408926 0.387302 0.921730 0.980987 0.727865 0.273209 0.331643 0.022327 0.613361 0.318432 0.039664 0.457472 0.604654 0.254713 0.975328 
0.363215 0.993279 0.734160 0.329758 0.679022 0.811877 0.444206 0.142364 0.833576 0.035510 0.356360 0.208822 0.019826 0.207991 0.166678 0.494619 0.761975 0.549027 0.268622 0.035592 0.134717 0.647095 0.414778 0.328886 0.767219 
0.533347 0.498947 0.730511 0.468217 0.499716 0.750457 0.130468 0.922293 0.557834 0.527941 0.015051 0.991896 0.086361 0.503665 0.429204 0.332151 0.726404 0.416605 0.491179 0.395929 0.052024 0.804016 0.452384 0.983407 0.146614 

0.365650 0.865113 0.379589 0.496313 0.279907 0.182856 0.864538 0.694797 0.517910 0.001405 0.689307 0.538017 0.224380 0.951782 0.256530 0.675514 0.500738 0.710638 0.648198 0.254180 0.275018 0.406100 0.229049 0.357893 0.940945 
0.698794 0.840889 0.898281 0.362978 0.779174 0.085936 0.044427 0.502160 0.004188 0.264605 0.605199 0.168378 0.327538 0.979545 0.786469 0.347079 0.515341 0.613349 0.891115 0.025998 0.081359 0.477901 0.750019 0.262966 0.928788 
0.238745 0.471943 0.220030 0.008064 0.568581 0.721629 0.122012 0.447335 0.725766 0.880023 0.450352 0.876950 0.843806 0.436257 0.712994 0.687016 0.810373 0.219934 0.534608 0.445613 0.527802 0.176796 0.849783 0.965729 0.814894 
0.869545 0.249983 0.045703 0.233189 0.411219 0.144681 0.744433 0.028428 0.617158 0.802558 0.221271 0.946670 0.033313 0.441274 0.319032 0.913233 0.600855 0.189123 0.095650 0.628245 0.676779 0.555219 0.325768 0.328967 0.781985 
0.228028 0.048903 0.491453 0.988489 0.767164 0.607290 0.258145 0.635884 0.221551 0.020405 0.394519 0.236570 0.908817 0.086079 0.176693 0.673429 0.773610 0.069630 0.530509 0.408821 0.390680 0.257268 0.093208 0.339694 0.047266 
0.349511 0.445950 0.930442 0.849192 0.746655 0.301062 0.903660 0.549166 0.328046 0.221677 0.394404 0.753524 0.420978 0.529295 0.650994 0.982435 0.876109 0.730545 0.133821 0.157225 0.568383 0.756148 0.532032 0.933045 0.940891 
0.805674 0.987911 0.261571 0.815868 0.397317 0.613211 0.590535 0.205474 0.075512 0.001426 0.160615 0.404847 0.421647 0.511727 0.539840 0.029500 0.063766 0.160726 0.865757 0.247075 0.041303 0.505597 0.511762 0.687008 0.559566 
0.728147 0.178649 0.856864 0.804922 0.076730 0.557491 0.359818 0.876349 0.962594 0.997386 0.174916 0.737961 0.574982 0.427174 0.569375 0.598765 0.622322 0.070700 0.498451 0.027848 0.990895 0.107827 0.215340 0.291638 0.187597 
0.386306 0.188602 0.884726 0.152237 0.991095 0.467027 0.064353 0.833303 0.243280 0.857163 0.570467 0.947807 0.088385 0.296636 0.416021 0.998869 0.708943 0.249560 0.383366 0.582583 0.166489 0.706541 0.014472 0.604880 0.051567 
0.095181 0.668857 0.819278 0.473327 0.497718 0.742725 0.441584 0.490183 0.981159 0.896626 0.985936 0.839828 0.447244 0.776236 0.436655 0.726765 0.143589 0.672580 0.975827 0.816856 0.679506 0.497927 0.886704 0.767546 0.076636 
0.923926 0.768375 0.507797 0.994246 0.346247 0.586585 0.306649 0.431556 0.343085 0.983502 0.555335 0.905271 0.994152 0.080112 0.725158 0.714316 0.945354 0.657911 0.496920 0.518318 0.972985 0.622918 0.049055 0.823303 0.817147 
0.745488 0.262098 0.409318 0.636302 0.759263 0.717678 0.022632 0.248893 0.576826 0.804304 0.444393 0.479595 0.097063 0.717901 0.809619 0.494616 0.593128 0.502937 0.218340 0.493808 0.178448 0.498200 0.228447 0.604514 0.988551 
0.559853 0.026948 0.435265 0.483599 0.507035 0.863635 0.718712 0.237505 0.245092 0.774216 0.632463 0.721707 0.674343 0.996686 0.628193 0.531547 0.731625 0.111120 0.080957 0.861994 0.743908 0.389029 0.587826 0.099243 0.024980 
0.056872 0.060856 0.156207 0.270878 0.403673 0.967966 0.075479 0.984213 0.887160 0.013302 0.833803 0.793634 0.470933 0.297655 0.570620 0.284280 0.820918 0.197153 0.176408 0.403226 0.776229 0.575171 0.348688 0.303027 0.982643 
0.333945 0.300644 0.860162 0.769993 0.673362 0.200747 0.684487 0.393018 0.398714 0.406087 0.262867 0.004062 0.173657 0.772359 0.537043 0.089063 0.880557 0.129742 0.360579 0.476424 0.004441 0.497795 0.151213 0.912146 0.100282 
0.674159 0.123998 0.117591 0.066890 0.885861 0.590764 0.235651 0.527252 0.032504 0.233774 0.246362 0.497313 0.310654 0.535276 0.451250 0.334091 0.254372 0.220127 0.330647 0.814988 0.550915 0.611760 0.626871 0.651938 0.162851 
0.636649 0.642254 0.979684 0.447652 0.616909 0.614584 0.263357 0.429112 0.525060 0.476850 0.566342 0.145714 0.329387 0.795600 0.695852 0.869140 0.104608 0.490877 0.444263 0.399885 0.682098 0.375797 0.040020 0.453891 0.931477 
0.616706 0.581657 0.607419 0.214303 0.950392 0.326692 0.119362 0.770278 0.723024 0.263238 0.672214 0.776237 0.451147 0.856283 0.521275 0.719778 0.002873 0.002266 0.790831 0.154778 0.588427 0.532890 0.094553 0.384672 0.554905 
0.566597 0.733194 0.434992 0.380856 0.172068 0.139045 0.132118 0.868556 0.200629 0.013198 0.183057 0.222025 0.254082 0.096333 0.000941 0.230526 0.239274 0.507173 0.038986 0.122809 0.257511 0.000196 0.725754 0.110143 0.299436 
0.854783 0.890617 0.459255 0.951247 0.163374 0.416252 0.459784 0.871572 0.005601 0.537354 0.218396 0.315934 0.956257 0.161119 0.392362 0.240815 0.312380 0.329979 0.988832 0.489061 0.937248 0.593854 0.546735 0.885623 0.276822 
0.936005 0.050978 0.205610 0.636211 0.839186 0.125503 0.989839 0.504502 0.031122 0.074440 0.661730 0.613133 0.244261 0.962756 0.637056 0.736047 0.470151 0.740418 0.193575 0.081408 0.344868 0.030035 0.385364 0.627864 0.704073 
0.892815 0.806610 0.790771 0.162636 0.303047 0.088887 0.275355 0.831038 0.999451 0.160690 0.409418 0.107246 0.984614 0.727359 0.177165 0.752949 0.276032 0.565177 0.880297 0.956866 0.790111 0.296231 0.273016 0.318817 0.907805 
0.840690 0.418126 0.914542 0.774084 0.721474 0.191779 0.012340 0.303261 0.572016 0.073534 0.236996 0.662414 0.407687 0.443560 0.272747 0.265147 0.049559 0.191686 0.936050 0.968753 0.461144 0.104244 0.316250 0.927611 0.253095 
0.956696 0.537862 0.258235 0.729029 0.048734 0.864625 0.184250 0.290798 0.855523 0.791857 0.487836 0.062147 0.809830 0.646139 0.982488 0.881097 0.278186 0.676214 0.211424 0.278195 0.703793 0.534935 0.638804 0.646613 0.531009 
0.974666 0.806884 0.600139 0.140451 0.558763 0.294558 0.763369 0.451203 0.064301 0.328156 0.784368 0.948765 0.117499 0.376032 0.232392 0.748972 0.873381 0.753277 0.419924 0.996102 0.000786 0.722396 0.041850 0.785265 0.693395 

-0.514484 -0.098497 1.041497 1.051797 0.972655 0.821408 2.312180 1.351504 1.785594 1.704769 2.299382 2.370643 0.174601 1.642166 1.269289 1.646564 1.056660 2.079735 1.447640 -0.534455 -0.436976 -0.643957 -0.451916 -0.834550 -1.939075 
-0.755200 1.868071 1.566816 1.196820 2.635467 1.704938 1.593404 1.008175 0.379542 1.945943 2.103280 1.433138 2.120508 2.500885 2.138768 0.493863 1.586585 1.612815 0.941989 0.894399 -0.088810 -0.993072 -1.628381 -0.644127 -1.885865 
-0.800572 0.996328 1.301401 1.698351 1.204167 1.728640 1.553870 0.815085 1.267755 2.550317 1.949136 1.897270 2.502560 0.713332 0.999416 1.949990 2.123513 0.410550 2.191043 0.798532 -1.008759 -0.346773 -1.630885 -1.948223 -1.483950 
-0.489439 0.376835 2.035072 0.904924 2.085930 1.794439 1.154608 0.942782 2.860870 1.058269 1.136281 0.871175 1.015648 1.169922 1.170848 2.334491 1.207353 1.056226 -0.405515 -1.374486 -1.143846 -1.188890 -0.787058 -0.644879 -1.502069 
-0.809943 -0.469834 1.481202 1.431414 1.807656 1.847551 0.589366 1.475377 0.861355 0.041205 2.178745 1.021712 1.023577 1.132333 0.593944 2.444021 2.831501 -0.066036 -1.074623 -0.854343 -0.884116 -0.457754 -0.154081 -0.619443 -0.120978 
-0.324325 1.456908 1.616206 2.408915 0.779077 0.473399 1.753144 1.995592 0.635992 1.911279 0.906278 1.161164 0.600658 2.363999 1.896845 1.580370 2.706695 -1.463072 -0.242971 -0.343483 -1.098977 -1.435514 -1.072968 -1.907424 -1.896041 
-0.529718 -0.642220 -0.464574 1.232580 1.049613 0.625778 0.618486 2.292127 1.059474 0.400308 1.769173 2.176030 1.046084 1.161749 1.556931 0.777970 -0.118770 -0.077712 -1.616481 -0.578731 -0.168989 -0.974324 -1.015932 -1.092003 -1.092477 
-0.805528 -0.824787 1.283870 1.094303 1.276179 2.060506 1.808423 2.418252 2.531847 2.429688 2.074593 1.121897 0.599487 1.179682 1.329164 1.057016 -1.351125 -0.064646 -0.999952 -0.117208 -1.953092 -0.121768 -0.412151 -0.600112 -0.344804 
-1.045234 1.305659 2.178565 0.303397 1.221378 0.894250 -1.588589 2.006599 -0.620483 1.007000 0.923977 0.625323 0.170236 1.366792 2.033990 0.805524 -1.339434 -0.336745 -0.734046 -1.184253 -0.428659 -1.438759 0.044415 -1.105321 -0.087758 
-0.440034 0.145566 0.765812 0.520395 2.216742 1.012810 -0.747471 -0.488140 1.133678 1.369217 0.143016 0.538266 2.053590 1.235379 0.153204 0.637479 -1.597509 -1.390324 -1.925181 -1.593874 -1.395404 -0.946282 -1.696897 -1.445154 -0.251674 
-0.207542 -0.116238 -1.054466 1.146970 -0.716786 0.880097 -1.253607 0.709979 -1.460652 0.691747 0.575836 0.636549 1.785564 -1.017749 -0.389744 -0.145117 -1.827047 -1.310102 -1.182414 -1.117529 -1.813539 -1.242442 -0.281875 -1.636472 -1.639318 
-0.917142 -0.606011 -0.935176 -0.272489 0.422883 1.240656 -1.760488 -0.972827 0.868492 0.151629 -0.230318 0.213991 -0.309106 0.504959 0.691264 -0.377777 -1.243302 -0.934321 -0.439297 -0.977035 -0.319414 -0.397718 -0.104901 -1.252652 -2.134751 
-0.483997 -1.481624 -0.842761 -0.443083 0.724676 0.908917 0.612116 -0.869712 -1.194455 0.997318 0.812997 1.149295 0.023894 1.114539 1.365792 0.655377 -1.347658 -0.298090 -0.242874 -1.119956 -0.548837 -0.097203 -0.588547 -0.957323 0.147914 
-0.204045 -1.622463 -0.547640 -1.431710 -0.926223 1.208128 -1.120911 0.303960 1.458889 -1.374275 -0.037620 0.491319 -0.862743 0.189107 0.715324 0.462849 0.139311 -0.471149 -0.394419 -0.872868 -0.592358 -0.689391 -0.299438 -0.828291 -0.747816 
-0.069335 -1.039865 1.488757 1.330330 -0.068623 -1.288830 0.058745 -1.049023 -0.180970 0.216147 -1.348922 -0.623641 -0.844569 -0.409983 -0.808711 -0.487662 0.758170 0.282877 -0.189499 0.027375 -0.159265 -0.308242 -0.724599 -0.847512 -0.192012 
-0.366178 -0.196669 -0.657594 -0.814414 0.343289 1.111180 -0.023094 -0.619086 -0.322527 -0.026968 -1.063940 0.701510 -1.226806 0.812543 -0.341724 0.450878 -0.425122 -0.896226 -0.035352 -0.752914 -0.529000 -0.568755 -0.426079 -0.667043 -0.196187 
-0.290574 -0.972149 -0.021300 0.781394 1.156283 -0.489703 -0.742807 -0.317516 0.933188 -1.035605 0.809437 -0.549634 0.259647 0.886002 0.122374 1.177327 0.112500 -0.357459 -0.895258 -0.125033 -0.391329 -0.660576 -1.021372 -0.440983 -0.630213 
-0.171781 -0.942927 -0.259371 0.140179 -0.685109 -0.680192 -0.551907 -0.115710 -0.904422 -0.847992 -0.257563 0.438712 -1.272516 1.111790 0.569028 1.382201 -0.332837 -0.424668 -0.514037 -0.227324 -0.869229 0.095569 -0.395207 -0.380972 -0.081998 
-0.496802 -0.063458 -1.003716 -1.068806 -0.635064 -0.372996 -0.814371 -0.816016 -0.821988 -0.568411 -0.566487 0.167649 -1.002183 -0.442381 -0.941098 -0.024521 -0.856840 -0.404781 -0.503158 -0.632014 0.145027 0.311015 -0.714742 -0.414640 -0.746597 
-0.814397 -0.150300 -0.408076 -0.720371 -0.486945 -0.187525 -0.114388 -0.766881 -0.829085 -0.756698 -0.304816 -0.331573 -0.837322 -0.727153 -0.272737 -0.539294 -0.631749 -0.106783 -0.140489 -0.190712 -0.406634 -0.484151 0.270448 -0.613126 -0.923737 
-0.191252 0.212962 -0.408853 -0.089336 -0.618495 -0.418983 -0.325737 -0.814900 -0.564570 -0.818585 -0.008029 -0.166212 0.179734 -0.622207 0.105707 -0.071330 0.497759 -0.750885 0.601026 -0.056853 0.286355 0.166381 -0.246240 -0.511369 -0.854658 
-0.682622 -0.428517 -0.044545 -0.812199 0.454526 0.674016 -0.183383 -0.668762 -0.549323 -0.732151 -0.141495 0.388576 -0.415509 0.085874 0.342965 0.256973 0.346124 0.006487 -0.655662 -0.970878 -0.659754 0.219457 0.690822 0.446613 -0.215553 
-0.266726 -0.843707 -0.392267 -0.016161 -0.382217 0.025033 0.536797 0.453240 0.103800 0.290045 0.076055 -0.247469 0.428091 0.577218 0.446846 -0.051393 0.176190 0.007064 -0.415687 -0.565381 -0.548707 0.165015 0.348037 -0.422150 0.766994 
-0.546911 -1.055334 0.496494 -0.643255 0.661124 -0.230581 0.232209 -0.079237 0.005015 -0.586769 -0.081821 -0.026305 -0.877366 -0.319587 -0.825463 -0.517668 0.283592 -0.196798 0.143453 -0.305278 -0.327969 0.018559 -0.385740 -0.457118 0.256903 
-0.537838 -0.215539 0.172003 0.453026 -0.217143 0.403852 -0.752880 0.486498 0.420495 0.092888 -0.648951 -0.006374 0.004566 0.231985 0.079193 -0.433246 -0.190621 -0.302708 -0.042194 -0.513740 0.256989 -0.075510 0.480297 0.085005 -0.524272 

1 1 0 0 0 0 0 0 0 0 0 0 0 0 0 0 0 0 0 2 2 2 2 2 2 
1 0 0 0 0 0 0 0 0 0 0 0 0 0 0 0 0 0 0 0 2 2 2 2 2 
1 0 0 0 0 0 0 0 0 0 0 0 0 0 0 0 0 0 0 0 2 2 2 2 2 
1 0 0 0 0 0 0 0 0 0 0 0 0 0 0 0 0 0 2 2 2 2 2 2 2 
1 1 0 0 0 0 0 0 0 0 0 0 0 0 0 0 0 2 2 2 2 2 2 2 2 
1 0 0 0 0 0 0 0 0 0 0 0 0 0 0 0 0 2 2 2 2 2 2 2 2 
1 1 1 0 0 0 0 0 0 0 0 0 0 0 0 0 2 2 2 2 2 2 2 2 2 
1 1 0 0 0 0 0 0 0 0 0 0 0 0 0 0 2 2 2 2 2 2 2 2 2 
1 0 0 0 0 0 3 0 3 0 3 3 0 0 0 3 2 2 2 2 2 2 2 2 2 
1 3 3 3 0 3 3 3 3 3 3 3 0 0 3 3 3 2 2 2 2 2 2 2 2 
1 1 3 3 3 3 3 3 3 3 3 3 3 3 3 3 2 2 2 2 2 2 2 2 2 
1 1 3 3 3 3 3 3 3 3 3 3 3 3 3 3 2 2 2 2 2 1 1 2 2 
1 3 3 3 3 3 3 3 3 3 3 3 3 3 3 3 2 2 2 1 1 1 1 1 1 
1 3 3 3 3 3 3 3 3 3 3 3 3 3 3 3 3 3 1 1 1 1 1 1 1 
1 3 3 3 3 3 3 3 3 3 3 3 3 3 3 3 3 3 1 1 1 1 1 1 1 
1 1 3 3 3 3 3 1 3 3 3 3 3 3 3 3 3 1 1 1 1 1 1 1 1 
1 1 1 3 3 1 3 1 3 3 3 3 3 3 3 3 3 1 1 1 1 1 1 1 1 
1 1 1 1 1 1 1 1 1 3 3 3 3 3 3 3 3 1 1 1 1 4 1 1 1 
1 1 1 1 1 1 1 1 1 1 1 3 1 3 1 3 1 1 1 1 4 4 4 1 1 
4 1 1 1 1 1 1 1 1 1 1 1 1 1 1 1 1 1 1 4 4 4 4 4 1 
4 4 1 1 1 1 1 1 1 1 4 4 4 4 4 1 4 4 4 4 4 4 4 4 1 
4 1 1 1 4 4 1 4 1 1 4 4 4 4 4 4 4 4 4 4 4 4 4 4 4 
4 1 1 1 4 4 4 4 4 4 4 4 4 4 4 4 4 4 4 4 4 4 4 4 4 
4 1 4 4 4 4 4 4 4 4 4 4 4 4 4 4 4 4 4 4 4 4 4 4 4 
4 4 4 4 4 4 4 4 4 4 4 4 4 4 4 4 4 4 4 4 4 4 4 4 4 

-1.0 -1.0 2.0 2.0 2.0 2.0 2.0 2.0 2.0 2.0 2.0 2.0 2.0 2.0 2.0 2.0 2.0 2.0 2.0 0.0 0.0 0.0 0.0 0.0 0.0 
-1.0 2.0 2.0 2.0 2.0 2.0 2.0 2.0 2.0 2.0 2.0 2.0 2.0 2.0 2.0 2.0 2.0 2.0 2.0 2.0 0.0 0.0 0.0 0.0 0.0 
-1.0 2.0 2.0 2.0 2.0 2.0 2.0 2.0 2.0 2.0 2.0 2.0 2.0 2.0 2.0 2.0 2.0 2.0 2.0 2.0 0.0 0.0 0.0 0.0 0.0 
-1.0 2.0 2.0 2.0 2.0 2.0 2.0 2.0 2.0 2.0 2.0 2.0 2.0 2.0 2.0 2.0 2.0 2.0 0.0 0.0 0.0 0.0 0.0 0.0 0.0 
-1.0 -1.0 2.0 2.0 2.0 2.0 2.0 2.0 2.0 2.0 2.0 2.0 2.0 2.0 2.0 2.0 2.0 0.0 0.0 0.0 0.0 0.0 0.0 0.0 0.0 
-1.0 2.0 2.0 2.0 2.0 2.0 2.0 2.0 2.0 2.0 2.0 2.0 2.0 2.0 2.0 2.0 2.0 0.0 0.0 0.0 0.0 0.0 0.0 0.0 0.0 
-1.0 -1.0 -1.0 2.0 2.0 2.0 2.0 2.0 2.0 2.0 2.0 2.0 2.0 2.0 2.0 2.0 0.0 0.0 0.0 0.0 0.0 0.0 0.0 0.0 0.0 
-1.0 -1.0 2.0 2.0 2.0 2.0 2.0 2.0 2.0 2.0 2.0 2.0 2.0 2.0 2.0 2.0 0.0 0.0 0.0 0.0 0.0 0.0 0.0 0.0 0.0 
-1.0 2.0 2.0 2.0 2.0 2.0 -2.0 2.0 -2.0 2.0 -2.0 -2.0 2.0 2.0 2.0 -2.0 0.0 0.0 0.0 0.0 0.0 0.0 0.0 0.0 0.0 
-1.0 -2.0 -2.0 -2.0 2.0 -2.0 -2.0 -2.0 -2.0 -2.0 -2.0 -2.0 2.0 2.0 -2.0 -2.0 -2.0 0.0 0.0 0.0 0.0 0.0 0.0 0.0 0.0 
-1.0 -1.0 -2.0 -2.0 -2.0 -2.0 -2.0 -2.0 -2.0 -2.0 -2.0 -2.0 -2.0 -2.0 -2.0 -2.0 0.0 0.0 0.0 0.0 0.0 0.0 0.0 0.0 0.0 
-1.0 -1.0 -2.0 -2.0 -2.0 -2.0 -2.0 -2.0 -2.0 -2.0 -2.0 -2.0 -2.0 -2.0 -2.0 -2.0 0.0 0.0 0.0 0.0 0.0 -1.0 -1.0 0.0 0.0 
-1.0 -2.0 -2.0 -2.0 -2.0 -2.0 -2.0 -2.0 -2.0 -2.0 -2.0 -2.0 -2.0 -2.0 -2.0 -2.0 0.0 0.0 0.0 -1.0 -1.0 -1.0 -1.0 -1.0 -1.0 
-1.0 -2.0 -2.0 -2.0 -2.0 -2.0 -2.0 -2.0 -2.0 -2.0 -2.0 -2.0 -2.0 -2.0 -2.0 -2.0 -2.0 -2.0 -1.0 -1.0 -1.0 -1.0 -1.0 -1.0 -1.0 
-1.0 -2.0 -2.0 -2.0 -2.0 -2.0 -2.0 -2.0 -2.0 -2.0 -2.0 -2.0 -2.0 -2.0 -2.0 -2.0 -2.0 -2.0 -1.0 -1.0 -1.0 -1.0 -1.0 -1.0 -1.0 
-1.0 -1.0 -2.0 -2.0 -2.0 -2.0 -2.0 -1.0 -2.0 -2.0 -2.0 -2.0 -2.0 -2.0 -2.0 -2.0 -2.0 -1.0 -1.0 -1.0 -1.0 -1.0 -1.0 -1.0 -1.0 
-1.0 -1.0 -1.0 -2.0 -2.0 -1.0 -2.0 -1.0 -2.0 -2.0 -2.0 -2.0 -2.0 -2.0 -2.0 -2.0 -2.0 -1.0 -1.0 -1.0 -1.0 -1.0 -1.0 -1.0 -1.0 
-1.0 -1.0 -1.0 -1.0 -1.0 -1.0 -1.0 -1.0 -1.0 -2.0 -2.0 -2.0 -2.0 -2.0 -2.0 -2.0 -2.0 -1.0 -1.0 -1.0 -1.0 1.0 -1.0 -1.0 -1.0 
-1.0 -1.0 -1.0 -1.0 -1.0 -1.0 -1.0 -1.0 -1.0 -1.0 -1.0 -2.0 -1.0 -2.0 -1.0 -2.0 -1.0 -1.0 -1.0 -1.0 1.0 1.0 1.0 -1.0 -1.0 
1.0 -1.0 -1.0 -1.0 -1.0 -1.0 -1.0 -1.0 -1.0 -1.0 -1.0 -1.0 -1.0 -1.0 -1.0 -1.0 -1.0 -1.0 -1.0 1.0 1.0 1.0 1.0 1.0 -1.0 
1.0 1.0 -1.0 -1.0 -1.0 -1.0 -1.0 -1.0 -1.0 -1.0 1.0 1.0 1.0 1.0 1.0 -1.0 1.0 1.0 1.0 1.0 1.0 1.0 1.0 1.0 -1.0 
1.0 -1.0 -1.0 -1.0 1.0 1.0 -1.0 1.0 -1.0 -1.0 1.0 1.0 1.0 1.0 1.0 1.0 1.0 1.0 1.0 1.0 1.0 1.0 1.0 1.0 1.0 
1.0 -1.0 -1.0 -1.0 1.0 1.0 1.0 1.0 1.0 1.0 1.0 1.0 1.0 1.0 1.0 1.0 1.0 1.0 1.0 1.0 1.0 1.0 1.0 1.0 1.0 
1.0 -1.0 1.0 1.0 1.0 1.0 1.0 1.0 1.0 1.0 1.0 1.0 1.0 1.0 1.0 1.0 1.0 1.0 1.0 1.0 1.0 1.0 1.0 1.0 1.0 
1.0 1.0 1.0 1.0 1.0 1.0 1.0 1.0 1.0 1.0 1.0 1.0 1.0 1.0 1.0 1.0 1.0 1.0 1.0 1.0 1.0 1.0 1.0 1.0 1.0 

0.0 0.0 1.0 1.0 1.0 1.0 1.0 1.0 1.0 1.0 1.0 1.0 1.0 1.0 1.0 1.0 1.0 1.0 1.0 -2.0 -2.0 -2.0 -2.0 -2.0 -2.0 
0.0 1.0 1.0 1.0 1.0 1.0 1.0 1.0 1.0 1.0 1.0 1.0 1.0 1.0 1.0 1.0 1.0 1.0 1.0 1.0 -2.0 -2.0 -2.0 -2.0 -2.0 
0.0 1.0 1.0 1.0 1.0 1.0 1.0 1.0 1.0 1.0 1.0 1.0 1.0 1.0 1.0 1.0 1.0 1.0 1.0 1.0 -2.0 -2.0 -2.0 -2.0 -2.0 
0.0 1.0 1.0 1.0 1.0 1.0 1.0 1.0 1.0 1.0 1.0 1.0 1.0 1.0 1.0 1.0 1.0 1.0 -2.0 -2.0 -2.0 -2.0 -2.0 -2.0 -2.0 
0.0 0.0 1.0 1.0 1.0 1.0 1.0 1.0 1.0 1.0 1.0 1.0 1.0 1.0 1.0 1.0 1.0 -2.0 -2.0 -2.0 -2.0 -2.0 -2.0 -2.0 -2.0 
0.0 1.0 1.0 1.0 1.0 1.0 1.0 1.0 1.0 1.0 1.0 1.0 1.0 1.0 1.0 1.0 1.0 -2.0 -2.0 -2.0 -2.0 -2.0 -2.0 -2.0 -2.0 
0.0 0.0 0.0 1.0 1.0 1.0 1.0 1.0 1.0 1.0 1.0 1.0 1.0 1.0 1.0 1.0 -2.0 -2.0 -2.0 -2.0 -2.0 -2.0 -2.0 -2.0 -2.0 
0.0 0.0 1.0 1.0 1.0 1.0 1.0 1.0 1.0 1.0 1.0 1.0 1.0 1.0 1.0 1.0 -2.0 -2.0 -2.0 -2.0 -2.0 -2.0 -2.0 -2.0 -2.0 
0.0 1.0 1.0 1.0 1.0 1.0 2.0 1.0 2.0 1.0 2.0 2.0 1.0 1.0 1.0 2.0 -2.0 -2.0 -2.0 -2.0 -2.0 -2.0 -2.0 -2.0 -2.0 
0.0 2.0 2.0 2.0 1.0 2.0 2.0 2.0 2.0 2.0 2.0 2.0 1.0 1.0 2.0 2.0 2.0 -2.0 -2.0 -2.0 -2.0 -2.0 -2.0 -2.0 -2.0 
0.0 0.0 2.0 2.0 2.0 2.0 2.0 2.0 2.0 2.0 2.0 2.0 2.0 2.0 2.0 2.0 -2.0 -2.0 -2.0 -2.0 -2.0 -2.0 -2.0 -2.0 -2.0 
0.0 0.0 2.0 2.0 2.0 2.0 2.0 2.0 2.0 2.0 2.0 2.0 2.0 2.0 2.0 2.0 -2.0 -2.0 -2.0 -2.0 -2.0 0.0 0.0 -2.0 -2.0 
0.0 2.0 2.0 2.0 2.0 2.0 2.0 2.0 2.0 2.0 2.0 2.0 2.0 2.0 2.0 2.0 -2.0 -2.0 -2.0 0.0 0.0 0.0 0.0 0.0 0.0 
0.0 2.0 2.0 2.0 2.0 2.0 2.0 2.0 2.0 2.0 2.0 2.0 2.0 2.0 2.0 2.0 2.0 2.0 0.0 0.0 0.0 0.0 0.0 0.0 0.0 
0.0 2.0 2.0 2.0 2.0 2.0 2.0 2.0 2.0 2.0 2.0 2.0 2.0 2.0 2.0 2.0 2.0 2.0 0.0 0.0 0.0 0.0 0.0 0.0 0.0 
0.0 0.0 2.0 2.0 2.0 2.0 2.0 0.0 2.0 2.0 2.0 2.0 2.0 2.0 2.0 2.0 2.0 0.0 0.0 0.0 0.0 0.0 0.0 0.0 0.0 
0.0 0.0 0.0 2.0 2.0 0.0 2.0 0.0 2.0 2.0 2.0 2.0 2.0 2.0 2.0 2.0 2.0 0.0 0.0 0.0 0.0 0.0 0.0 0.0 0.0 
0.0 0.0 0.0 0.0 0.0 0.0 0.0 0.0 0.0 2.0 2.0 2.0 2.0 2.0 2.0 2.0 2.0 0.0 0.0 0.0 0.0 -1.0 0.0 0.0 0.0 
0.0 0.0 0.0 0.0 0.0 0.0 0.0 0.0 0.0 0.0 0.0 2.0 0.0 2.0 0.0 2.0 0.0 0.0 0.0 0.0 -1.0 -1.0 -1.0 0.0 0.0 
-1.0 0.0 0.0 0.0 0.0 0.0 0.0 0.0 0.0 0.0 0.0 0.0 0.0 0.0 0.0 0.0 0.0 0.0 0.0 -1.0 -1.0 -1.0 -1.0 -1.0 0.0 
-1.0 -1.0 0.0 0.0 0.0 0.0 0.0 0.0 0.0 0.0 -1.0 -1.0 -1.0 -1.0 -1.0 0.0 -1.0 -1.0 -1.0 -1.0 -1.0 -1.0 -1.0 -1.0 0.0 
-1.0 0.0 0.0 0.0 -1.0 -1.0 0.0 -1.0 0.0 0.0 -1.0 -1.0 -1.0 -1.0 -1.0 -1.0 -1.0 -1.0 -1.0 -1.0 -1.0 -1.0 -1.0 -1.0 -1.0 
-1.0 0.0 0.0 0.0 -1.0 -1.0 -1.0 -1.0 -1.0 -1.0 -1.0 -1.0 -1.0 -1.0 -1.0 -1.0 -1.0 -1.0 -1.0 -1.0 -1.0 -1.0 -1.0 -1.0 -1.0 
-1.0 0.0 -1.0 -1.0 -1.0 -1.0 -1.0 -1.0 -1.0 -1.0 -1.0 -1.0 -1.0 -1.0 -1.0 -1.0 -1.0 -1.0 -1.0 -1.0 -1.0 -1.0 -1.0 -1.0 -1.0 
-1.0 -1.0 -1.0 -1.0 -1.0 -1.0 -1.0 -1.0 -1.0 -1.0 -1.0 -1.0 -1.0 -1.0 -1.0 -1.0 -1.0 -1.0 -1.0 -1.0 -1.0 -1.0 -1.0 -1.0 -1.0 

