0.433940 0.956328 0.070281 0.346793 0.132744 0.407996 0.968724 0.470690 0.719830 0.154928 0.459951 0.439773 0.366950 0.730712 0.088079 0.698409 0.207982 0.939213 0.405002 0.257596 0.147334 0.519298 0.558119 0.707408 0.506248 
0.426503 0.598673 0.608199 0.219955 0.473232 0.851763 0.504061 0.717470 0.492789 0.205912 0.939212 0.935870 0.485210 0.634022 0.285955 0.887348 0.365951 0.539550 0.981894 0.439908 0.213387 0.197162 0.749841 0.059029 0.391803 
0.655563 0.111781 0.704212 0.210938 0.015303 0.060755 0.559934 0.293048 0.275435 0.040557 0.792094 0.403715 0.960346 0.725520 0.478003 0.726889 0.545728 0.162305 0.847875 0.503943 0.254946 0.366139 0.702963 0.935144 0.865480 
0.119840 0.949959 0.997036 0.714304 0.005297 0.151729 0.243358 0.459555 0.712742 0.815546 0.021762 0.428691 0.897535 0.927729 0.518601 0.660983 0.991481 0.486023 0.861707 0.539960 0.860031 0.199763 0.875194 0.931307 0.038360 
0.300751 0.223748 0.137673 0.626297 0.907573 0.554188 0.643904 0.433746 0.480668 0.698056 0.652998 0.280064 0.936782 0.210103 0.063974 0.522580 0.511797 0.104509 0.466283 0.599845 0.532080 0.552563 0.203189 0.673783 0.842127 
0.390779 0.004038 0.888711 0.526961 0.705589 0.776708 0.591831 0.445624 0.291294 0.200633 0.162258 0.946324 0.856092 0.364858 0.985276 0.649641 0.446913 0.704955 0.555001 0.892545 0.548664 0.565895 0.472326 0.305563 0.346181 
0.814821 0.234882 0.324968 0.888886 0.796244 0.411842 0.490012 0.069254 0.018199 0.333648 0.069725 0.120870 0.592920 0.639153 0.648001 0.486083 0.984616 0.612639 0.497981 0.909939 0.832474 0.478944 0.478737 0.784006 0.363919 
0.869995 0.753816 0.511862 0.447050 0.313328 0.231408 0.983360 0.377856 0.692825 0.546438 0.169430 0.160619 0.092972 0.146143 0.417614 0.880859 0.795163 0.719509 0.243258 0.631015 0.171248 0.004862 0.775563 0.607403 0.111853 
0.483123 0.896693 0.058397 0.062009 0.309560 0.494175 0.018691 0.845623 0.050099 0.675874 0.905960 0.357506 0.912989 0.621380 0.030512 0.769227 0.976563 0.417505 0.611475 0.114842 0.757437 0.526587 0.342271 0.525322 0.762437 
0.056802 0.531962 0.323026 0.728127 0.791229 0.245106 0.501372 0.845288 0.113558 0.303516 0.539078 0.673857 0.862769 0.220076 0.434077 0.097398 0.582770 0.176415 0.028495 0.055054 0.382770 0.433644 0.228752 0.351160 0.905724 
0.355260 0.151770 0.848201 0.130870 0.640163 0.238754 0.769606 0.073664 0.229732 0.322858 0.299631 0.590344 0.492652 0.049265 0.125673 0.904495 0.487147 0.657219 0.898811 0.441121 0.377346 0.291012 0.379804 0.637157 0.984644 
0.627489 0.470740 0.484178 0.274232 0.822587 0.951299 0.936552 0.088652 0.127204 0.968773 0.585991 0.397068 0.967600 0.394547 0.039821 0.404723 0.155019 0.830280 0.736325 0.142127 0.352562 0.480119 0.970477 0.802627 0.409961 
0.371506 0.472667 0.394066 0.254629 0.020312 0.399864 0.200484 0.995580 0.480300 0.149008 0.664624 0.806102 0.426305 0.733305 0.761464 0.841213 0.009742 0.469369 0.070424 0.555592 0.741484 0.688397 0.941805 0.648827 0.064179 
0.038540 0.603368 0.692667 0.250151 0.737635 0.741299 0.720858 0.450666 0.232165 0.793466 0.857608 0.555372 0.610691 0.922263 0.455768 0.208364 0.477943 0.464134 0.663257 0.195639 0.929006 0.427459 0.408202 0.282351 0.539284 
0.760152 0.579759 0.620331 0.858383 0.159033 0.444927 0.052419 0.497328 0.072037 0.012373 0.994074 0.483968 0.855807 0.048059 0.566948 0.650247 0.656401 0.814939 0.999109 0.949572 0.776990 0.071677 0.867038 0.229868 0.077343 
0.045144 0.347463 0.055721 0.409674 0.352415 0.152207 0.579703 0.996818 0.116927 0.923830 0.465698 0.455267 0.811974 0.455229 0.001451 0.122547 0.989187 0.006383 0.496667 0.588039 0.250647 0.600772 0.667632 0.357319 0.289492 
0.741112 0.003926 0.381290 0.725473 0.893822 0.405697 0.820724 0.508815 0.691554 0.521783 0.265939 0.250489 0.540795 0.778736 0.996288 0.514602 0.304167 0.596363 0.082749 0.954625 0.457750 0.666455 0.594856 0.048587 0.758257 
0.019811 0.508540 0.978838 0.479037 0.571060 0.167892 0.250210 0.328422 0.267242 0.295335 0.343669 0.566508 0.073038 0.998922 0.759026 0.922963 0.528205 0.057187 0.605628 0.943597 0.047006 0.479146 0.220682 0.299241 0.748802 
0.474709 0.108545 0.576515 0.825963 0.068917 0.179828 0.264008 0.948942 0.082541 0.633759 0.719815 0.770989 0.800645 0.686948 0.327902 0.445290 0.995583 0.615629 0.468254 0.609203 0.067369 0.450671 0.948527 0.710198 0.816884 
0.121921 0.242752 0.479676 0.233665 0.119439 0.017124 0.010712 0.287664 0.480779 0.964690 0.994353 0.111853 0.670926 0.002235 0.893821 0.827366 0.073670 0.062352 0.563431 0.602684 0.358448 0.767024 0.542464 0.213233 0.010100 
0.167596 0.372589 0.927215 0.471636 0.121074 0.166058 0.129706 0.280828 0.980620 0.838630 0.626772 0.294783 0.135889 0.719206 0.924063 0.850435 0.347679 0.283468 0.639695 0.947839 0.685557 0.792471 0.534380 0.991435 0.965969 
0.257555 0.582617 0.739507 0.388875 0.393657 0.045445 0.743787 0.677544 0.143862 0.519691 0.869975 0.631790 0.038107 0.548219 0.989607 0.346748 0.601001 0.532760 0.434882 0.759234 0.899278 0.421422 0.793681 0.626002 0.873274 
0.757152 0.093189 0.117060 0.585914 0.030276 0.579530 0.670951 0.643613 0.934082 0.866532 0.902821 0.015357 0.670945 0.907162 0.592921 0.762138 0.314513 0.239301 0.825831 0.803302 0.920693 0.749583 0.415006 0.976432 0.818333 
0.239203 0.844070 0.369117 0.220112 0.680187 0.274016 0.493808 0.092682 0.544882 0.963197 0.862567 0.806566 0.271123 0.405622 0.705816 0.052472 0.870146 0.915152 0.706772 0.202708 0.560249 0.960149 0.211352 0.813720 0.540886 
0.378251 0.039205 0.955604 0.887687 0.384851 0.613320 0.021243 0.238022 0.521696 0.953174 0.614903 0.480444 0.171985 0.721310 0.417383 0.533652 0.991732 0.399539 0.071976 0.357881 0.067444 0.693309 0.853068 0.538544 0.525528 

0.992994 0.198888 0.463810 0.934917 0.339160 0.770450 0.464086 0.252807 0.915886 0.710232 0.533331 0.913654 0.537006 0.677229 0.285437 0.403350 0.569291 0.238923 0.738389 0.686936 0.348210 0.401104 0.369483 0.568813 0.854975 
0.503451 0.575726 0.744930 0.067393 0.396433 0.371888 0.261699 0.449564 0.387934 0.780028 0.834345 0.358370 0.992531 0.970997 0.466912 0.228714 0.697510 0.355876 0.543495 0.131671 0.694962 0.111687 0.505348 0.306803 0.250180 
0.179521 0.622887 0.747236 0.531708 0.542301 0.119866 0.632236 0.009037 0.201838 0.308768 0.796831 0.898215 0.222413 0.768530 0.807616 0.840229 0.774363 0.846389 0.231016 0.503680 0.308695 0.467512 0.271779 0.076576 0.227481 
0.375939 0.035398 0.552453 0.289229 0.069995 0.089469 0.092161 0.059617 0.679040 0.438975 0.294046 0.922841 0.573426 0.093144 0.957577 0.874507 0.460056 0.173651 0.248657 0.481199 0.112930 0.306223 0.381639 0.705349 0.273412 
0.980113 0.335816 0.844956 0.617035 0.260229 0.967755 0.236061 0.287670 0.092751 0.688767 0.039658 0.714307 0.244526 0.805132 0.020525 0.226370 0.146646 0.333436 0.222514 0.625144 0.386542 0.982219 0.654643 0.545929 0.037663 
0.436133 0.868187 0.566760 0.338338 0.873272 0.789550 0.689402 0.927906 0.940073 0.124785 0.251042 0.459741 0.950518 0.906156 0.492641 0.025909 0.994111 0.296232 0.056735 0.541528 0.396026 0.123940 0.186562 0.822566 0.326390 
0.328291 0.043700 0.998163 0.327787 0.372979 0.875555 0.451261 0.297514 0.604484 0.573317 0.146169 0.195074 0.128801 0.025751 0.557784 0.029084 0.363816 0.972838 0.049684 0.194575 0.696267 0.269280 0.294877 0.267204 0.768636 
0.317208 0.836390 0.514553 0.396623 0.943872 0.414221 0.734973 0.142045 0.320822 0.195451 0.315483 0.833453 0.345122 0.316815 0.088260 0.725072 0.873030 0.783794 0.459412 0.464531 0.215249 0.958494 0.071659 0.590856 0.524286 
0.221870 0.627172 0.366233 0.430333 0.080548 0.303636 0.074069 0.019063 0.164174 0.135326 0.130905 0.195564 0.349899 0.866507 0.491058 0.919559 0.553101 0.693892 0.996299 0.242627 0.590706 0.249752 0.930865 0.166887 0.454608 
0.990775 0.179912 0.722785 0.437067 0.083934 0.095032 0.093251 0.347367 0.930159 0.452918 0.830233 0.255915 0.309289 0.722117 0.677745 0.387438 0.436773 0.773627 0.189929 0.229143 0.809953 0.383868 0.794011 0.673538 0.795431 
0.003789 0.719945 0.968546 0.010205 0.491007 0.630199 0.330964 0.235033 0.732863 0.792690 0.459942 0.377912 0.450710 0.976170 0.257577 0.146212 0.741465 0.297719 0.693800 0.824775 0.379661 0.438387 0.735380 0.209295 0.524080 
0.042723 0.481297 0.547143 0.233228 0.276168 0.363727 0.348204 0.040969 0.859918 0.835843 0.840906 0.159914 0.059242 0.192677 0.205360 0.990968 0.535564 0.728982 0.949781 0.519162 0.166357 0.922322 0.184891 0.137586 0.103170 
0.297100 0.529711 0.380374 0.220184 0.872131 0.448311 0.210556 0.676763 0.839770 0.953113 0.663408 0.926845 0.133321 0.000768 0.953208 0.767905 0.205869 0.111370 0.019695 0.943634 0.871278 0.323617 0.167950 0.568881 0.676026 
0.062343 0.687246 0.230670 0.698629 0.143160 0.197048 0.055148 0.394781 0.416777 0.854574 0.429418 0.145111 0.983310 0.982443 0.733286 0.724377 0.706388 0.081951 0.488407 0.569510 0.983189 0.767989 0.055300 0.028863 0.701789 
0.064668 0.125453 0.505107 0.798375 0.534431 0.934415 0.362405 0.932745 0.188990 0.262690 0.653066 0.090528 0.515502 0.513160 0.619931 0.143485 0.303220 0.601358 0.962033 0.965904 0.508098 0.847857 0.869717 0.069597 0.178404 
0.585804 0.760133 0.354761 0.126728 0.866644 0.107202 0.863517 0.373929 0.569434 0.015041 0.517437 0.617376 0.326479 0.718627 0.560949 0.115060 0.333186 0.103489 0.640615 0.551260 0.408769 0.749085 0.223932 0.053306 0.412666 
0.364315 0.400251 0.931643 0.865507 0.254085 0.920403 0.603316 0.289284 0.246038 0.044705 0.601927 0.684816 0.677447 0.744844 0.639686 0.748232 0.006509 0.089921 0.933493 0.928990 0.115258 0.516498 0.050247 0.163991 0.770961 
0.801831 0.062451 0.332149 0.067338 0.540925 0.086411 0.043442 0.971072 0.019329 0.458579 0.824502 0.188608 0.318469 0.206023 0.427640 0.673302 0.749910 0.883956 0.561780 0.141496 0.412505 0.470163 0.730317 0.333773 0.611451 
0.928403 0.966206 0.184709 0.882962 0.501643 0.161065 0.754744 0.503824 0.250968 0.718099 0.084602 0.716070 0.921762 0.072112 0.990265 0.817369 0.117319 0.021753 0.903844 0.110061 0.993069 0.040143 0.599439 0.771592 0.935401 
0.765511 0.099878 0.865298 0.501457 0.516327 0.029049 0.498709 0.373826 0.345407 0.197119 0.406539 0.301186 0.011792 0.202523 0.196212 0.730088 0.817484 0.392351 0.276559 0.102083 0.483019 0.221940 0.553006 0.837688 0.189377 
0.576548 0.054301 0.477164 0.840647 0.444780 0.005696 0.737566 0.152951 0.620943 0.731152 0.172079 0.024194 0.302877 0.812727 0.598988 0.633195 0.309184 0.736018 0.630621 0.588164 0.688941 0.025706 0.246311 0.255046 0.436980 
0.636451 0.649894 0.792434 0.473987 0.483850 0.782302 0.114996 0.696317 0.296270 0.088551 0.783865 0.980380 0.143463 0.443229 0.363448 0.953224 0.631897 0.452544 0.678652 0.420831 0.401340 0.283023 0.402320 0.225138 0.965138 
0.413932 0.025889 0.334560 0.928065 0.742260 0.609547 0.199300 0.183181 0.612113 0.176994 0.402288 0.771235 0.660219 0.126913 0.536616 0.118021 0.789828 0.213012 0.445752 0.490183 0.086444 0.669914 0.126916 0.994008 0.124684 
0.960435 0.314329 0.981848 0.627463 0.900212 0.253776 0.148515 0.895711 0.298199 0.584582 0.946867 0.175998 0.339442 0.538674 0.575620 0.807258 0.814363 0.542115 0.786615 0.954344 0.101492 0.823455 0.381414 0.883976 0.297636 
0.656185 0.960964 0.466912 0.431571 0.355769 0.709876 0.259673 0.175634 0.936969 0.019385 0.162136 0.026332 0.638325 0.070379 0.539615 0.408574 0.486430 0.487489 0.347543 0.895068 0.055321 0.981748 0.282279 0.928216 0.804367 

-2.021359 0.454849 -0.863721 -1.810239 -0.474465 -1.081632 -0.302383 0.018909 -1.106993 -1.430814 -0.349477 -1.692438 -0.959575 -0.536673 -0.516130 -0.417152 -0.862221 0.728537 -1.176376 -1.135679 -0.594431 -0.161113 -0.197864 -0.321796 -1.254960 
-0.563871 -0.402221 -0.899238 -0.162548 -0.343223 0.043686 0.224488 -0.051786 -0.554318 -1.384940 -0.635896 0.512499 -1.674446 -1.484969 -0.796211 0.730700 -0.945862 0.228808 -0.326247 -0.124175 -1.388358 0.051806 0.003856 -0.892756 -0.530710 
0.462787 -1.330043 -0.702175 -0.598915 -1.351732 -0.411948 -0.679626 -0.016445 -0.251340 -0.559780 -0.493288 -1.175651 0.682300 -1.156679 -1.239311 -0.549738 -0.915796 -0.994422 0.214276 -0.472873 -0.672224 -0.597563 0.000981 0.859521 0.771154 
-0.391364 1.009476 -0.040362 0.324487 -0.333873 0.069614 -0.138489 0.347888 -0.412677 -0.034942 -0.319488 -1.199018 0.349081 0.299556 -1.441022 -0.729261 -0.023151 0.347247 0.225575 -0.293541 0.681695 -0.236916 0.022753 -0.305403 -0.699962 
-1.599529 -0.765670 -1.572277 -0.408607 0.348565 -1.189628 0.128445 0.298073 0.410216 -0.720661 0.472271 -1.328917 0.358510 -1.540361 0.089446 0.128337 0.278403 -0.507696 -0.132425 -0.244458 -0.433635 -1.295854 -1.044860 -0.395685 0.686903 
0.918189 1.963303 0.904571 0.796015 1.859656 1.217293 1.335545 1.868427 1.908506 0.062528 0.640347 1.107039 1.842081 1.749233 1.320126 0.245801 2.179388 0.646333 0.314914 0.765979 0.947301 0.195092 0.192014 1.653769 0.863362 
0.729864 0.108139 1.944997 0.438182 0.382388 1.727748 0.924043 0.547631 1.156337 1.091309 0.076071 0.360471 0.182823 -0.094194 0.852296 -0.026619 1.033750 1.796714 -0.041204 0.223503 1.249371 0.691329 0.340242 0.529825 1.540484 
0.810888 1.843839 1.206800 0.602866 1.788065 0.747285 1.441826 0.363797 0.820573 0.322730 0.689845 1.597739 0.693548 0.414837 0.198447 1.709266 1.837329 1.372187 0.659602 1.027646 0.550096 1.504732 -0.008567 1.296311 1.223161 
0.368679 1.271802 0.685194 0.784440 0.003537 0.524733 0.383559 -0.407339 0.305559 0.232881 0.542838 0.418132 0.708274 2.023924 0.886561 2.139113 0.794088 1.430218 1.847589 0.678181 0.942499 0.701393 1.885691 -0.006696 0.629158 
2.005125 0.807457 1.811409 0.798766 0.481921 0.175992 -0.084813 0.812083 1.831618 0.718327 1.405039 0.462846 0.361333 1.778938 1.668854 0.720426 1.216376 1.964094 0.478558 0.518812 1.829310 0.755797 1.666586 1.419455 1.508559 
-0.894695 -1.250292 -2.507140 -0.535897 -1.844583 -1.061167 -1.605401 -0.696411 -1.303633 -1.081109 -1.129262 -1.412225 -1.424925 -1.050164 -0.734399 -2.284455 -1.664815 -1.326302 -2.304957 -1.618437 -0.963602 -1.121585 -1.507363 -1.270861 -2.607954 
-1.266856 -1.412862 -1.429127 -0.629044 -2.208404 -2.130296 -1.797683 -0.471435 -0.902280 -2.895733 -1.831651 -1.178143 -1.938076 -1.088654 -0.213559 -1.547294 -0.786413 -2.456890 -2.252504 -0.754589 -1.158362 -1.710836 -2.086732 -2.033398 -1.116811 
-0.782701 -1.475104 -1.312407 -0.710469 -1.161605 -1.320182 -0.521709 -2.786595 -1.837400 -1.491596 -2.338954 -2.525067 -1.299042 -1.433716 -2.477090 -2.719306 -0.439219 -1.029252 -0.375656 -1.681326 -2.607954 -1.753680 -2.036686 -1.707773 -0.959706 
-0.142312 -1.913022 -1.441352 -1.060668 -2.140686 -1.646888 -1.086684 -1.324175 -0.859450 -2.444880 -2.148307 -1.424627 -2.436417 -3.132206 -1.508188 -1.160848 -1.805055 -1.279083 -2.062701 -1.255484 -2.730399 -1.288661 -0.846375 -0.434995 -1.943789 
-1.362750 -1.502052 -2.068836 -2.431093 -0.999874 -1.751836 -0.502895 -1.585248 -0.463519 -0.189084 -2.633997 -1.057251 -2.229917 -0.693273 -1.427541 -1.273112 -1.935848 -2.410524 -2.930692 -3.021012 -2.192887 -0.791733 -2.865777 -0.875180 -0.472412 
0.311203 0.439024 0.334064 -0.227291 0.429244 -0.322793 0.646449 -0.550382 0.620772 -0.893647 0.206662 0.187125 -0.590115 0.063851 0.505930 -0.245366 -0.481231 0.114730 0.150379 -0.385958 -0.067933 -0.007668 -0.384590 -0.194592 -0.084252 
-0.417542 0.593824 0.543068 0.469608 -0.441063 0.581249 -0.266773 -0.005701 -0.694045 -0.329429 0.632202 0.529132 0.228936 -0.287283 -0.321164 0.061933 -0.536160 -0.836393 1.065199 -0.070575 -0.197370 -0.456868 -0.291695 0.134591 0.346262 
0.814325 -0.528187 -0.436015 -0.372764 0.147929 -0.036515 -0.417454 0.440170 -0.379137 -0.009838 0.392042 -0.300592 0.159908 -0.896179 -0.284462 -0.292985 0.007339 0.810678 -0.248356 -0.764990 0.291133 -0.129489 0.823418 -0.013243 0.037983 
0.694984 0.565484 -0.236620 0.188868 0.307829 -0.124138 0.486889 -0.537215 0.510157 0.147711 -0.478688 -0.193665 0.352721 -0.453720 1.005769 0.516235 -0.882760 -0.272994 0.414085 -0.255026 0.985859 -0.525727 -0.353014 -0.046428 0.305820 
0.536669 0.297071 0.239742 0.113997 0.678379 0.039509 0.598251 0.107119 -0.145210 -0.882957 -0.685770 0.221712 -0.447437 0.288854 -0.525277 0.040295 0.993554 0.588925 -0.354900 -0.723045 -0.015135 -0.497117 -0.359016 0.877224 0.071691 
0.356406 0.874950 1.854275 1.036757 0.030173 0.495579 0.138989 0.356627 1.995711 1.736422 1.166677 0.592973 0.415330 1.160884 2.171260 1.305280 0.531546 0.195723 1.291720 1.588067 0.930505 1.559116 1.328439 1.722113 1.905448 
0.338667 0.753446 1.452008 1.057444 0.487684 -0.170053 1.319202 1.653839 0.451871 1.221925 1.810858 1.098909 -0.226078 0.972847 1.584471 0.977620 1.043313 1.239316 0.972928 1.583635 1.857343 0.954424 1.700897 1.287319 1.789952 
1.464181 0.518661 0.484143 0.657312 -0.176570 1.167172 0.983017 1.768337 1.891568 1.909671 2.096084 0.003781 1.554126 1.473129 1.178314 1.254672 0.847062 0.159631 1.470254 1.556830 1.727202 1.575201 0.821612 2.409658 1.686445 
0.621739 1.794937 0.542453 0.459996 1.366133 0.410306 1.226384 0.081028 1.151869 1.767670 1.546404 1.882403 0.481345 0.853925 1.513680 0.023805 1.617197 1.605194 1.548233 0.321243 1.168019 1.774653 0.351231 1.488026 0.974727 
0.762377 -0.064144 1.925374 1.633488 0.644898 0.894032 -0.054530 0.260393 1.099493 1.752821 1.450059 0.722885 0.378817 1.370008 0.807371 1.189132 1.957455 0.837116 0.230930 1.123299 0.343130 1.426992 1.946020 1.243186 1.227343 

0 0 0 0 0 0 0 0 0 0 0 0 0 0 0 0 0 0 0 0 0 0 0 0 0 
0 0 0 0 0 0 0 0 0 0 0 0 0 0 0 0 0 0 0 0 0 0 0 0 0 
0 0 0 0 0 0 0 0 0 0 0 0 0 0 0 0 0 0 0 0 0 0 0 0 0 
0 0 0 0 0 0 0 0 0 0 0 0 0 0 0 0 0 0 0 0 0 0 0 0 0 
0 0 0 0 0 0 0 0 0 0 0 0 0 0 0 0 0 0 0 0 0 0 0 0 0 
1 1 1 1 1 1 1 1 1 1 1 1 1 1 1 1 1 1 1 1 1 1 1 1 1 
1 1 1 1 1 1 1 1 1 1 1 1 1 1 1 1 1 1 1 1 1 1 1 1 1 
1 1 1 1 1 1 1 1 1 1 1 1 1 1 1 1 1 1 1 1 1 1 1 1 1 
1 1 1 1 1 1 1 1 1 1 1 1 1 1 1 1 1 1 1 1 1 1 1 1 1 
1 1 1 1 1 1 1 1 1 1 1 1 1 1 1 1 1 1 1 1 1 1 1 1 1 
2 2 2 2 2 2 2 2 2 2 2 2 2 2 2 2 2 2 2 2 2 2 2 2 2 
2 2 2 2 2 2 2 2 2 2 2 2 2 2 2 2 2 2 2 2 2 2 2 2 2 
2 2 2 2 2 2 2 2 2 2 2 2 2 2 2 2 2 2 2 2 2 2 2 2 2 
2 2 2 2 2 2 2 2 2 2 2 2 2 2 2 2 2 2 2 2 2 2 2 2 2 
2 2 2 2 2 2 2 2 2 2 2 2 2 2 2 2 2 2 2 2 2 2 2 2 2 
3 3 3 3 3 3 3 3 3 3 3 3 3 3 3 3 3 3 3 3 3 3 3 3 3 
3 3 3 3 3 3 3 3 3 3 3 3 3 3 3 3 3 3 3 3 3 3 3 3 3 
3 3 3 3 3 3 3 3 3 3 3 3 3 3 3 3 3 3 3 3 3 3 3 3 3 
3 3 3 3 3 3 3 3 3 3 3 3 3 3 3 3 3 3 3 3 3 3 3 3 3 
3 3 3 3 3 3 3 3 3 3 3 3 3 3 3 3 3 3 3 3 3 3 3 3 3 
4 4 4 4 4 4 4 4 4 4 4 4 4 4 4 4 4 4 4 4 4 4 4 4 4 
4 4 4 4 4 4 4 4 4 4 4 4 4 4 4 4 4 4 4 4 4 4 4 4 4 
4 4 4 4 4 4 4 4 4 4 4 4 4 4 4 4 4 4 4 4 4 4 4 4 4 
4 4 4 4 4 4 4 4 4 4 4 4 4 4 4 4 4 4 4 4 4 4 4 4 4 
4 4 4 4 4 4 4 4 4 4 4 4 4 4 4 4 4 4 4 4 4 4 4 4 4 

1.0 1.0 1.0 1.0 1.0 1.0 1.0 1.0 1.0 1.0 1.0 1.0 1.0 1.0 1.0 1.0 1.0 1.0 1.0 1.0 1.0 1.0 1.0 1.0 1.0 
1.0 1.0 1.0 1.0 1.0 1.0 1.0 1.0 1.0 1.0 1.0 1.0 1.0 1.0 1.0 1.0 1.0 1.0 1.0 1.0 1.0 1.0 1.0 1.0 1.0 
1.0 1.0 1.0 1.0 1.0 1.0 1.0 1.0 1.0 1.0 1.0 1.0 1.0 1.0 1.0 1.0 1.0 1.0 1.0 1.0 1.0 1.0 1.0 1.0 1.0 
1.0 1.0 1.0 1.0 1.0 1.0 1.0 1.0 1.0 1.0 1.0 1.0 1.0 1.0 1.0 1.0 1.0 1.0 1.0 1.0 1.0 1.0 1.0 1.0 1.0 
1.0 1.0 1.0 1.0 1.0 1.0 1.0 1.0 1.0 1.0 1.0 1.0 1.0 1.0 1.0 1.0 1.0 1.0 1.0 1.0 1.0 1.0 1.0 1.0 1.0 
0.0 0.0 0.0 0.0 0.0 0.0 0.0 0.0 0.0 0.0 0.0 0.0 0.0 0.0 0.0 0.0 0.0 0.0 0.0 0.0 0.0 0.0 0.0 0.0 0.0 
0.0 0.0 0.0 0.0 0.0 0.0 0.0 0.0 0.0 0.0 0.0 0.0 0.0 0.0 0.0 0.0 0.0 0.0 0.0 0.0 0.0 0.0 0.0 0.0 0.0 
0.0 0.0 0.0 0.0 0.0 0.0 0.0 0.0 0.0 0.0 0.0 0.0 0.0 0.0 0.0 0.0 0.0 0.0 0.0 0.0 0.0 0.0 0.0 0.0 0.0 
0.0 0.0 0.0 0.0 0.0 0.0 0.0 0.0 0.0 0.0 0.0 0.0 0.0 0.0 0.0 0.0 0.0 0.0 0.0 0.0 0.0 0.0 0.0 0.0 0.0 
0.0 0.0 0.0 0.0 0.0 0.0 0.0 0.0 0.0 0.0 0.0 0.0 0.0 0.0 0.0 0.0 0.0 0.0 0.0 0.0 0.0 0.0 0.0 0.0 0.0 
-2.0 -2.0 -2.0 -2.0 -2.0 -2.0 -2.0 -2.0 -2.0 -2.0 -2.0 -2.0 -2.0 -2.0 -2.0 -2.0 -2.0 -2.0 -2.0 -2.0 -2.0 -2.0 -2.0 -2.0 -2.0 
-2.0 -2.0 -2.0 -2.0 -2.0 -2.0 -2.0 -2.0 -2.0 -2.0 -2.0 -2.0 -2.0 -2.0 -2.0 -2.0 -2.0 -2.0 -2.0 -2.0 -2.0 -2.0 -2.0 -2.0 -2.0 
-2.0 -2.0 -2.0 -2.0 -2.0 -2.0 -2.0 -2.0 -2.0 -2.0 -2.0 -2.0 -2.0 -2.0 -2.0 -2.0 -2.0 -2.0 -2.0 -2.0 -2.0 -2.0 -2.0 -2.0 -2.0 
-2.0 -2.0 -2.0 -2.0 -2.0 -2.0 -2.0 -2.0 -2.0 -2.0 -2.0 -2.0 -2.0 -2.0 -2.0 -2.0 -2.0 -2.0 -2.0 -2.0 -2.0 -2.0 -2.0 -2.0 -2.0 
-2.0 -2.0 -2.0 -2.0 -2.0 -2.0 -2.0 -2.0 -2.0 -2.0 -2.0 -2.0 -2.0 -2.0 -2.0 -2.0 -2.0 -2.0 -2.0 -2.0 -2.0 -2.0 -2.0 -2.0 -2.0 
-1.0 -1.0 -1.0 -1.0 -1.0 -1.0 -1.0 -1.0 -1.0 -1.0 -1.0 -1.0 -1.0 -1.0 -1.0 -1.0 -1.0 -1.0 -1.0 -1.0 -1.0 -1.0 -1.0 -1.0 -1.0 
-1.0 -1.0 -1.0 -1.0 -1.0 -1.0 -1.0 -1.0 -1.0 -1.0 -1.0 -1.0 -1.0 -1.0 -1.0 -1.0 -1.0 -1.0 -1.0 -1.0 -1.0 -1.0 -1.0 -1.0 -1.0 
-1.0 -1.0 -1.0 -1.0 -1.0 -1.0 -1.0 -1.0 -1.0 -1.0 -1.0 -1.0 -1.0 -1.0 -1.0 -1.0 -1.0 -1.0 -1.0 -1.0 -1.0 -1.0 -1.0 -1.0 -1.0 
-1.0 -1.0 -1.0 -1.0 -1.0 -1.0 -1.0 -1.0 -1.0 -1.0 -1.0 -1.0 -1.0 -1.0 -1.0 -1.0 -1.0 -1.0 -1.0 -1.0 -1.0 -1.0 -1.0 -1.0 -1.0 
-1.0 -1.0 -1.0 -1.0 -1.0 -1.0 -1.0 -1.0 -1.0 -1.0 -1.0 -1.0 -1.0 -1.0 -1.0 -1.0 -1.0 -1.0 -1.0 -1.0 -1.0 -1.0 -1.0 -1.0 -1.0 
2.0 2.0 2.0 2.0 2.0 2.0 2.0 2.0 2.0 2.0 2.0 2.0 2.0 2.0 2.0 2.0 2.0 2.0 2.0 2.0 2.0 2.0 2.0 2.0 2.0 
2.0 2.0 2.0 2.0 2.0 2.0 2.0 2.0 2.0 2.0 2.0 2.0 2.0 2.0 2.0 2.0 2.0 2.0 2.0 2.0 2.0 2.0 2.0 2.0 2.0 
2.0 2.0 2.0 2.0 2.0 2.0 2.0 2.0 2.0 2.0 2.0 2.0 2.0 2.0 2.0 2.0 2.0 2.0 2.0 2.0 2.0 2.0 2.0 2.0 2.0 
2.0 2.0 2.0 2.0 2.0 2.0 2.0 2.0 2.0 2.0 2.0 2.0 2.0 2.0 2.0 2.0 2.0 2.0 2.0 2.0 2.0 2.0 2.0 2.0 2.0 
2.0 2.0 2.0 2.0 2.0 2.0 2.0 2.0 2.0 2.0 2.0 2.0 2.0 2.0 2.0 2.0 2.0 2.0 2.0 2.0 2.0 2.0 2.0 2.0 2.0 

-2.0 -2.0 -2.0 -2.0 -2.0 -2.0 -2.0 -2.0 -2.0 -2.0 -2.0 -2.0 -2.0 -2.0 -2.0 -2.0 -2.0 -2.0 -2.0 -2.0 -2.0 -2.0 -2.0 -2.0 -2.0 
-2.0 -2.0 -2.0 -2.0 -2.0 -2.0 -2.0 -2.0 -2.0 -2.0 -2.0 -2.0 -2.0 -2.0 -2.0 -2.0 -2.0 -2.0 -2.0 -2.0 -2.0 -2.0 -2.0 -2.0 -2.0 
-2.0 -2.0 -2.0 -2.0 -2.0 -2.0 -2.0 -2.0 -2.0 -2.0 -2.0 -2.0 -2.0 -2.0 -2.0 -2.0 -2.0 -2.0 -2.0 -2.0 -2.0 -2.0 -2.0 -2.0 -2.0 
-2.0 -2.0 -2.0 -2.0 -2.0 -2.0 -2.0 -2.0 -2.0 -2.0 -2.0 -2.0 -2.0 -2.0 -2.0 -2.0 -2.0 -2.0 -2.0 -2.0 -2.0 -2.0 -2.0 -2.0 -2.0 
-2.0 -2.0 -2.0 -2.0 -2.0 -2.0 -2.0 -2.0 -2.0 -2.0 -2.0 -2.0 -2.0 -2.0 -2.0 -2.0 -2.0 -2.0 -2.0 -2.0 -2.0 -2.0 -2.0 -2.0 -2.0 
2.0 2.0 2.0 2.0 2.0 2.0 2.0 2.0 2.0 2.0 2.0 2.0 2.0 2.0 2.0 2.0 2.0 2.0 2.0 2.0 2.0 2.0 2.0 2.0 2.0 
2.0 2.0 2.0 2.0 2.0 2.0 2.0 2.0 2.0 2.0 2.0 2.0 2.0 2.0 2.0 2.0 2.0 2.0 2.0 2.0 2.0 2.0 2.0 2.0 2.0 
2.0 2.0 2.0 2.0 2.0 2.0 2.0 2.0 2.0 2.0 2.0 2.0 2.0 2.0 2.0 2.0 2.0 2.0 2.0 2.0 2.0 2.0 2.0 2.0 2.0 
2.0 2.0 2.0 2.0 2.0 2.0 2.0 2.0 2.0 2.0 2.0 2.0 2.0 2.0 2.0 2.0 2.0 2.0 2.0 2.0 2.0 2.0 2.0 2.0 2.0 
2.0 2.0 2.0 2.0 2.0 2.0 2.0 2.0 2.0 2.0 2.0 2.0 2.0 2.0 2.0 2.0 2.0 2.0 2.0 2.0 2.0 2.0 2.0 2.0 2.0 
-1.0 -1.0 -1.0 -1.0 -1.0 -1.0 -1.0 -1.0 -1.0 -1.0 -1.0 -1.0 -1.0 -1.0 -1.0 -1.0 -1.0 -1.0 -1.0 -1.0 -1.0 -1.0 -1.0 -1.0 -1.0 
-1.0 -1.0 -1.0 -1.0 -1.0 -1.0 -1.0 -1.0 -1.0 -1.0 -1.0 -1.0 -1.0 -1.0 -1.0 -1.0 -1.0 -1.0 -1.0 -1.0 -1.0 -1.0 -1.0 -1.0 -1.0 
-1.0 -1.0 -1.0 -1.0 -1.0 -1.0 -1.0 -1.0 -1.0 -1.0 -1.0 -1.0 -1.0 -1.0 -1.0 -1.0 -1.0 -1.0 -1.0 -1.0 -1.0 -1.0 -1.0 -1.0 -1.0 
-1.0 -1.0 -1.0 -1.0 -1.0 -1.0 -1.0 -1.0 -1.0 -1.0 -1.0 -1.0 -1.0 -1.0 -1.0 -1.0 -1.0 -1.0 -1.0 -1.0 -1.0 -1.0 -1.0 -1.0 -1.0 
-1.0 -1.0 -1.0 -1.0 -1.0 -1.0 -1.0 -1.0 -1.0 -1.0 -1.0 -1.0 -1.0 -1.0 -1.0 -1.0 -1.0 -1.0 -1.0 -1.0 -1.0 -1.0 -1.0 -1.0 -1.0 
1.0 1.0 1.0 1.0 1.0 1.0 1.0 1.0 1.0 1.0 1.0 1.0 1.0 1.0 1.0 1.0 1.0 1.0 1.0 1.0 1.0 1.0 1.0 1.0 1.0 
1.0 1.0 1.0 1.0 1.0 1.0 1.0 1.0 1.0 1.0 1.0 1.0 1.0 1.0 1.0 1.0 1.0 1.0 1.0 1.0 1.0 1.0 1.0 1.0 1.0 
1.0 1.0 1.0 1.0 1.0 1.0 1.0 1.0 1.0 1.0 1.0 1.0 1.0 1.0 1.0 1.0 1.0 1.0 1.0 1.0 1.0 1.0 1.0 1.0 1.0 
1.0 1.0 1.0 1.0 1.0 1.0 1.0 1.0 1.0 1.0 1.0 1.0 1.0 1.0 1.0 1.0 1.0 1.0 1.0 1.0 1.0 1.0 1.0 1.0 1.0 
1.0 1.0 1.0 1.0 1.0 1.0 1.0 1.0 1.0 1.0 1.0 1.0 1.0 1.0 1.0 1.0 1.0 1.0 1.0 1.0 1.0 1.0 1.0 1.0 1.0 
0.0 0.0 0.0 0.0 0.0 0.0 0.0 0.0 0.0 0.0 0.0 0.0 0.0 0.0 0.0 0.0 0.0 0.0 0.0 0.0 0.0 0.0 0.0 0.0 0.0 
0.0 0.0 0.0 0.0 0.0 0.0 0.0 0.0 0.0 0.0 0.0 0.0 0.0 0.0 0.0 0.0 0.0 0.0 0.0 0.0 0.0 0.0 0.0 0.0 0.0 
0.0 0.0 0.0 0.0 0.0 0.0 0.0 0.0 0.0 0.0 0.0 0.0 0.0 0.0 0.0 0.0 0.0 0.0 0.0 0.0 0.0 0.0 0.0 0.0 0.0 
0.0 0.0 0.0 0.0 0.0 0.0 0.0 0.0 0.0 0.0 0.0 0.0 0.0 0.0 0.0 0.0 0.0 0.0 0.0 0.0 0.0 0.0 0.0 0.0 0.0 
0.0 0.0 0.0 0.0 0.0 0.0 0.0 0.0 0.0 0.0 0.0 0.0 0.0 0.0 0.0 0.0 0.0 0.0 0.0 0.0 0.0 0.0 0.0 0.0 0.0 

