0.580378 0.293019 0.279011 0.499590 0.575081 0.509213 0.941208 0.045790 0.963238 0.794079 0.193314 0.709357 0.959248 0.026621 0.028211 0.569133 0.776499 0.856636 0.895338 0.409390 0.232546 0.179011 0.142862 0.537382 0.740930 
0.818054 0.798017 0.276313 0.941816 0.245066 0.279206 0.732609 0.752964 0.791418 0.769865 0.275382 0.204537 0.076972 0.048183 0.419992 0.539975 0.521061 0.056808 0.109657 0.863378 0.737491 0.172566 0.103345 0.591345 0.324225 
0.727097 0.127410 0.579204 0.601723 0.769913 0.741355 0.550703 0.939315 0.557626 0.602808 0.010641 0.402830 0.245860 0.830880 0.960692 0.298573 0.230615 0.002015 0.313686 0.200455 0.866734 0.482506 0.101234 0.108461 0.445135 
0.142464 0.089660 0.796989 0.707034 0.167286 0.059048 0.809764 0.004722 0.582478 0.850709 0.766520 0.871180 0.087264 0.078590 0.276667 0.349220 0.415326 0.645565 0.337007 0.197804 0.387121 0.150466 0.495353 0.820841 0.283924 
0.165701 0.652069 0.821482 0.098915 0.841662 0.353292 0.522979 0.696361 0.447535 0.804502 0.123984 0.162340 0.751157 0.572609 0.185199 0.306227 0.564213 0.561848 0.585164 0.613171 0.904516 0.285446 0.943145 0.015225 0.416995 
0.079127 0.519020 0.837840 0.987270 0.392374 0.420947 0.557692 0.022885 0.363525 0.702349 0.080437 0.541167 0.396435 0.495664 0.279939 0.723421 0.668016 0.342865 0.429625 0.901131 0.284869 0.593864 0.399786 0.429376 0.552327 
0.963824 0.439210 0.045725 0.905525 0.104603 0.297450 0.538057 0.628929 0.205794 0.385578 0.637572 0.686461 0.657549 0.562386 0.398664 0.236044 0.395040 0.388236 0.424551 0.310399 0.213722 0.758053 0.908710 0.577967 0.301956 
0.857862 0.152194 0.574295 0.838378 0.562526 0.820551 0.372379 0.226444 0.023330 0.641926 0.262693 0.997655 0.437840 0.139432 0.564959 0.887360 0.777832 0.248100 0.182218 0.757849 0.534595 0.293229 0.858837 0.873190 0.512943 
0.114778 0.369439 0.963274 0.510334 0.462472 0.864260 0.613146 0.350006 0.683441 0.420567 0.914062 0.893744 0.333231 0.143362 0.672580 0.212304 0.765509 0.400729 0.819430 0.287286 0.538918 0.845385 0.566705 0.131450 0.228500 
0.135594 0.710870 0.134851 0.690016 0.797388 0.092249 0.869214 0.155410 0.346493 0.244549 0.006781 0.193636 0.014152 0.803241 0.025945 0.459662 0.314486 0.344108 0.306687 0.390320 0.574500 0.341378 0.915273 0.655235 0.365319 
0.388383 0.843399 0.488574 0.975001 0.542894 0.667125 0.367476 0.967853 0.630341 0.175688 0.368218 0.785999 0.543875 0.434633 0.197854 0.858882 0.586746 0.331049 0.807548 0.093243 0.883006 0.549719 0.827413 0.408621 0.656760 
0.886824 0.351550 0.844749 0.765337 0.566671 0.002787 0.617552 0.110367 0.568997 0.229405 0.079548 0.105289 0.854267 0.291789 0.422837 0.474765 0.837199 0.257819 0.341394 0.945049 0.593231 0.307299 0.640917 0.893733 0.931695 
0.408355 0.573767 0.144569 0.840111 0.305122 0.232653 0.407782 0.460286 0.377039 0.405434 0.112333 0.937733 0.130218 0.623680 0.739922 0.906046 0.048645 0.451578 0.532628 0.336508 0.640292 0.929676 0.636412 0.930665 0.717500 
0.329440 0.573747 0.615745 0.435702 0.122815 0.005088 0.307763 0.318727 0.945940 0.204374 0.933956 0.356306 0.433153 0.682545 0.903591 0.835509 0.953065 0.526695 0.326536 0.064539 0.321566 0.533567 0.732627 0.297617 0.306606 
0.620573 0.798745 0.508548 0.985625 0.386413 0.268328 0.251938 0.777705 0.001800 0.494932 0.178133 0.006238 0.969262 0.153548 0.709165 0.953966 0.030080 0.093695 0.535030 0.804658 0.995677 0.427391 0.767895 0.659208 0.545879 
0.601697 0.919077 0.951091 0.348805 0.270299 0.654349 0.069294 0.180150 0.696767 0.088388 0.252173 0.978313 0.015537 0.022615 0.455849 0.880445 0.520635 0.704808 0.447132 0.107845 0.880314 0.703921 0.255801 0.105457 0.181295 
0.391534 0.721225 0.653302 0.024357 0.230976 0.216895 0.883745 0.690742 0.455713 0.153038 0.265245 0.978453 0.737490 0.282041 0.774894 0.588915 0.103253 0.964973 0.228633 0.037291 0.352976 0.735656 0.394276 0.080082 0.423696 
0.403779 0.024495 0.532699 0.525004 0.342754 0.680070 0.020759 0.181272 0.295759 0.153914 0.022448 0.177986 0.871893 0.772970 0.254312 0.205233 0.343362 0.886016 0.385490 0.002159 0.727248 0.229848 0.208594 0.100831 0.243297 
0.202801 0.598429 0.313542 0.960032 0.597585 0.028442 0.769347 0.751645 0.516555 0.465855 0.581004 0.792681 0.467015 0.036986 0.340125 0.604021 0.711633 0.353183 0.491223 0.858558 0.749464 0.285874 0.762256 0.844769 0.235003 
0.077563 0.707866 0.484142 0.329782 0.674876 0.264357 0.560161 0.515374 0.969035 0.603318 0.116340 0.879663 0.968624 0.288461 0.444208 0.709196 0.520305 0.218047 0.312929 0.485305 0.269320 0.873949 0.245538 0.546844 0.075520 
0.737118 0.325565 0.115868 0.097495 0.049156 0.989939 0.021193 0.809575 0.552776 0.733267 0.694810 0.023572 0.019967 0.455319 0.957263 0.336457 0.326759 0.847519 0.262276 0.495153 0.961811 0.628935 0.366798 0.629915 0.979814 
0.704363 0.234651 0.668052 0.542359 0.831263 0.074336 0.217123 0.296792 0.012968 0.261068 0.216356 0.195114 0.773226 0.933512 0.886219 0.163875 0.585470 0.721070 0.184865 0.417571 0.983927 0.710811 0.598927 0.765735 0.123516 
0.784734 0.001486 0.309814 0.328233 0.201352 0.487787 0.511128 0.515955 0.744985 0.853381 0.155179 0.924841 0.945763 0.615798 0.659037 0.035162 0.309179 0.539394 0.141666 0.240656 0.850408 0.133662 0.252151 0.652503 0.858217 
0.011232 0.302304 0.936118 0.426430 0.045494 0.347328 0.811385 0.912031 0.808913 0.649762 0.703143 0.257972 0.035966 0.191735 0.638777 0.546215 0.379005 0.224028 0.697656 0.656058 0.595401 0.973131 0.707789 0.288202 0.976075 
0.571466 0.921849 0.640919 0.767450 0.985143 0.787721 0.985036 0.326199 0.993510 0.612590 0.875614 0.046586 0.432276 0.009256 0.626547 0.726453 0.277248 0.647688 0.274210 0.232041 0.669442 0.453609 0.498269 0.429630 0.869140 

0.141852 0.408466 0.489750 0.230442 0.135597 0.291662 0.232937 0.691720 0.876834 0.153798 0.816961 0.950286 0.075225 0.081036 0.587088 0.783001 0.761738 0.208627 0.842352 0.601538 0.314260 0.999368 0.500627 0.499095 0.670462 
0.633454 0.441336 0.698712 0.956759 0.537010 0.520253 0.085702 0.075607 0.744172 0.507809 0.611960 0.139784 0.707536 0.782996 0.311786 0.098575 0.104530 0.788846 0.922629 0.649910 0.080359 0.594821 0.034936 0.731322 0.815764 
0.824323 0.827640 0.212602 0.475019 0.102316 0.925193 0.793465 0.510430 0.587694 0.341640 0.755134 0.225934 0.432231 0.483860 0.473682 0.190214 0.538681 0.491719 0.041706 0.706544 0.272061 0.134507 0.122042 0.548195 0.726980 
0.526864 0.868279 0.844004 0.740203 0.484948 0.089183 0.424670 0.584419 0.620418 0.691894 0.659488 0.777839 0.114277 0.797511 0.101707 0.981654 0.646584 0.870803 0.335979 0.558067 0.797476 0.757460 0.539609 0.766190 0.323270 
0.472502 0.197817 0.050734 0.551455 0.679162 0.582937 0.906168 0.478656 0.942645 0.095964 0.612964 0.388100 0.789462 0.815438 0.462146 0.130846 0.177098 0.556745 0.533840 0.593316 0.360867 0.670916 0.085337 0.557184 0.051223 
0.238582 0.027205 0.446179 0.170963 0.916728 0.568738 0.517479 0.801549 0.031801 0.314148 0.240737 0.478554 0.187650 0.511839 0.543813 0.673085 0.795906 0.448109 0.321176 0.194436 0.684298 0.503324 0.045732 0.484168 0.609601 
0.172043 0.985128 0.467097 0.823558 0.793668 0.435865 0.238888 0.165876 0.350459 0.333728 0.487594 0.728420 0.864170 0.627487 0.125862 0.019704 0.271967 0.382948 0.953397 0.444870 0.801547 0.610769 0.509477 0.823215 0.801035 
0.403122 0.803572 0.068516 0.183034 0.289245 0.907541 0.348301 0.593162 0.436763 0.289495 0.050019 0.302512 0.432923 0.398530 0.371992 0.675193 0.648824 0.027321 0.388369 0.737552 0.067015 0.247459 0.670725 0.715940 0.833584 
0.598515 0.571894 0.576052 0.511215 0.434598 0.582869 0.478699 0.027328 0.828143 0.881041 0.946296 0.460747 0.895581 0.771809 0.817312 0.562017 0.810445 0.366254 0.480219 0.384694 0.092223 0.696566 0.342676 0.253458 0.110515 
0.340944 0.098282 0.217261 0.235546 0.958907 0.494049 0.009967 0.553962 0.854090 0.942666 0.714174 0.775454 0.884827 0.329582 0.256463 0.788890 0.213904 0.059522 0.594450 0.475669 0.876184 0.686087 0.518326 0.396897 0.533647 
0.068674 0.610770 0.231175 0.852834 0.658109 0.124840 0.825931 0.587159 0.423010 0.382816 0.324541 0.947987 0.674589 0.219592 0.269997 0.973978 0.035570 0.855460 0.177200 0.117568 0.536384 0.368552 0.240445 0.300984 0.714573 
0.145445 0.797069 0.815390 0.426106 0.939609 0.825426 0.178402 0.621529 0.034164 0.865594 0.667167 0.319609 0.013651 0.713527 0.179517 0.812808 0.009489 0.392035 0.080495 0.333525 0.187990 0.130018 0.188680 0.877072 0.264425 
0.822042 0.291898 0.443595 0.464002 0.016205 0.180972 0.043174 0.215405 0.022577 0.200965 0.001608 0.456328 0.967590 0.911280 0.559127 0.715781 0.512702 0.641104 0.897779 0.502265 0.238580 0.098279 0.441903 0.604618 0.570996 
0.721452 0.597273 0.044116 0.701108 0.856442 0.376203 0.089623 0.617552 0.966261 0.581449 0.273184 0.051121 0.492948 0.684200 0.117104 0.137095 0.945500 0.053616 0.746240 0.593095 0.294243 0.197366 0.777791 0.516439 0.733415 
0.449270 0.436698 0.207643 0.560870 0.278323 0.753170 0.194864 0.583975 0.090277 0.469591 0.906029 0.831568 0.236671 0.577241 0.298797 0.664834 0.308301 0.514358 0.056602 0.377545 0.552548 0.111834 0.375371 0.406737 0.943433 
0.316232 0.843090 0.551798 0.699378 0.188762 0.620481 0.408581 0.706166 0.770235 0.903858 0.860639 0.597388 0.380191 0.445955 0.160647 0.683993 0.607344 0.646730 0.876457 0.502672 0.165670 0.783198 0.325816 0.654197 0.672356 
0.687003 0.434505 0.798966 0.190137 0.247235 0.247768 0.617271 0.742767 0.679128 0.740767 0.570762 0.237874 0.531654 0.274235 0.055533 0.437553 0.044645 0.318452 0.136321 0.974497 0.707846 0.249900 0.789569 0.146882 0.920811 
0.046225 0.574051 0.666676 0.066651 0.636252 0.207327 0.443686 0.410911 0.034907 0.325761 0.846766 0.578087 0.558062 0.523433 0.320200 0.313182 0.936467 0.550579 0.018773 0.847249 0.130480 0.219060 0.269952 0.176798 0.970221 
0.979537 0.725145 0.250548 0.115101 0.404893 0.329691 0.428370 0.670265 0.611313 0.526237 0.026807 0.398359 0.336298 0.290777 0.931159 0.550879 0.107855 0.204313 0.184058 0.264878 0.902834 0.496884 0.326937 0.430339 0.795949 
0.594988 0.675408 0.010040 0.594189 0.088388 0.726090 0.942769 0.094126 0.198914 0.050834 0.718215 0.214136 0.042000 0.016861 0.853682 0.396338 0.395366 0.651359 0.928305 0.195769 0.981197 0.528601 0.253675 0.512559 0.285782 
0.453574 0.876765 0.851792 0.293548 0.984041 0.773030 0.523315 0.644753 0.569206 0.857528 0.547066 0.933580 0.082938 0.283182 0.155102 0.908137 0.901775 0.873078 0.719093 0.577712 0.691980 0.108493 0.337859 0.583654 0.350657 
0.195477 0.537663 0.274301 0.748633 0.207357 0.364722 0.387964 0.086299 0.216951 0.120784 0.829927 0.100790 0.311268 0.569532 0.576989 0.105948 0.386737 0.083379 0.242273 0.357912 0.438167 0.293893 0.967123 0.862455 0.481738 
0.187682 0.865882 0.084255 0.478942 0.864578 0.914977 0.707684 0.849057 0.740615 0.500399 0.273671 0.869380 0.469922 0.831016 0.179255 0.752013 0.887085 0.739028 0.714172 0.709476 0.809729 0.085430 0.616504 0.601145 0.975497 
0.912775 0.588050 0.525816 0.476298 0.619470 0.859993 0.165331 0.600287 0.680013 0.483816 0.900362 0.254009 0.317817 0.492741 0.146822 0.953729 0.420887 0.436556 0.005097 0.646822 0.166220 0.894134 0.281547 0.890878 0.581470 
0.722110 0.075654 0.178950 0.687404 0.584294 0.468492 0.131645 0.776525 0.964371 0.587401 0.674367 0.062843 0.471813 0.260236 0.749041 0.607502 0.013076 0.079566 0.389397 0.773249 0.226964 0.101176 0.005177 0.584106 0.902979 

-0.441478 0.454753 0.667495 -0.558984 -0.986496 0.127349 0.999906 0.195396 1.115595 0.636275 0.110964 0.710768 0.453043 0.212046 0.093829 0.495887 -1.032815 -0.146927 -0.601385 -0.470266 -0.436494 -0.891032 -0.609087 -0.296955 -0.503791 
-0.069970 0.096667 0.822631 1.342799 0.977798 0.687089 0.707638 0.597237 0.835348 0.619060 0.431213 0.664425 0.583666 -0.165484 1.259897 0.638553 0.245267 -1.381247 -0.376164 -1.048793 0.015940 -0.282852 0.119573 -0.810575 -1.027873 
0.611378 1.479763 -0.679413 0.861261 -0.328370 0.951224 0.827651 0.985016 0.001012 0.609487 -0.185816 0.325260 0.178681 0.824288 0.710578 0.328636 -0.024822 -0.288127 -0.319103 -0.365621 -0.222144 0.090894 -0.175821 -0.359761 -0.808579 
1.115000 1.586555 1.431448 0.761928 0.873495 0.189322 -0.202858 1.351207 0.878555 0.674893 1.350542 0.794975 0.039997 0.324709 0.121651 0.348133 0.943047 -1.448098 -0.381450 -0.642131 -0.441638 -0.638631 -0.587626 -1.034532 0.009598 
1.001855 0.005912 -0.829602 0.511405 -0.044908 0.933200 1.374226 -0.006222 1.011873 0.341408 0.239143 0.145128 0.886970 0.358646 0.496697 0.060140 0.874475 0.402162 0.678495 0.660151 0.435774 -0.268591 -0.547738 -0.892226 -0.504531 
-0.038899 -1.037068 0.158193 -0.245021 2.207524 1.195660 0.044041 1.362309 -0.512774 0.691739 0.320031 0.548498 0.449163 0.611874 0.324937 0.006926 0.417107 0.576258 0.638072 -0.879341 -0.329786 -0.673271 -0.015307 -0.106593 -0.815816 
-0.956417 1.543959 0.806268 0.864852 1.363142 0.176490 -0.097856 -0.010930 0.162325 0.728892 0.449564 0.696578 0.619294 0.561047 0.533638 0.599019 0.466692 -0.330736 -0.993367 -0.659082 -0.783236 -1.059955 -0.738449 -0.831836 -0.697606 
0.448952 1.541163 -0.263884 -0.922236 0.631023 1.205152 0.286901 0.948764 0.695185 -0.051465 0.306608 0.423721 0.652864 0.408296 0.544735 0.952492 0.704373 0.222340 0.415567 -0.507526 -0.371208 -0.193118 -0.483115 -0.370042 -0.198689 
1.425289 0.483934 0.242187 -0.043652 1.038361 0.511940 0.776219 -0.012692 0.932605 1.158472 1.399746 -0.038549 0.070548 -0.149656 0.733499 0.445999 0.525028 0.040616 0.701675 -0.389552 -0.426187 -0.608750 -0.391214 -0.378156 -0.293355 
0.810748 -0.419042 0.140034 -0.378295 1.342326 0.662053 -0.713219 1.221934 1.377324 0.984411 1.292091 0.901609 2.279883 0.764596 0.118080 0.398264 0.162613 0.322887 -0.455824 -0.282783 -0.535144 -0.540208 -0.356735 -0.146078 -1.016690 
-0.251179 0.870995 -0.047183 0.427378 -0.264613 -0.576698 1.496421 0.092351 0.501279 0.541233 0.267479 1.254900 0.754906 0.451190 -0.122827 0.830797 0.476708 0.390504 -0.603259 0.246495 -1.036426 -0.400205 -0.331757 -0.488957 -0.325266 
-0.547580 1.513803 0.744608 -0.075449 -0.777003 1.664640 -0.392849 1.033658 -0.490943 1.484903 1.295146 0.587559 -0.561714 0.091096 -0.106266 0.506252 0.758364 -0.315337 -0.044152 -0.763200 0.251165 -0.823698 0.153729 -0.719442 -0.159188 
-0.886259 0.633659 -0.254436 0.270939 0.593249 0.499005 0.691844 0.048844 -0.269320 -0.012556 0.042880 0.902817 -0.100864 -0.133745 0.505409 0.745258 -0.289415 0.520550 -1.563243 -0.452163 -0.068604 0.281293 -0.287260 -0.138640 -0.935207 
-0.493837 0.019299 1.364334 -0.461698 -1.415151 -1.205237 1.005880 -0.442203 0.169542 -1.160257 -0.743968 -0.310790 0.009189 0.672586 1.259680 1.178017 -0.491388 1.194791 -0.124186 -0.611228 -0.304594 -0.239791 -0.812109 -0.311179 -0.605491 
0.265210 0.965115 0.824894 0.386191 0.528041 -1.123574 0.183624 0.492684 -0.562882 0.138120 -1.494390 2.332862 1.502065 -0.536169 1.134026 0.566762 -0.525493 -0.751829 -0.104369 -0.212499 -0.565662 -0.198416 -0.388795 -0.098969 -0.735200 
0.635438 -0.313756 0.994243 -0.842123 -0.062792 0.126705 -0.775751 -1.161289 -0.433552 -1.721772 -1.497435 0.808445 -0.555521 -0.597797 0.741387 -0.040504 -0.540568 0.487496 -0.978611 -0.593219 1.171999 -0.461632 -0.773619 -0.564254 -0.986959 
-0.350612 0.943204 -0.310758 -0.570518 0.006187 -0.445492 0.166250 -0.530974 0.238961 -1.102819 -0.359040 1.557301 0.191611 0.122842 1.319538 0.791282 -0.083478 1.219386 0.247719 -2.253193 -1.297985 -0.203742 -1.089015 -0.437398 -0.389688 
0.694920 -0.485317 0.154061 0.930673 -0.928829 1.298094 -0.840003 -0.722640 -0.125526 -0.648895 -1.713178 -1.154351 0.882477 0.473987 0.465155 -0.184806 -1.260304 0.444212 0.901782 -2.104485 -0.212529 -0.018436 -0.452920 -0.414847 -0.796855 
-1.938059 0.381579 0.630852 1.645542 0.306729 -0.271833 0.455289 -0.607306 -0.634843 -0.378634 -0.936226 -1.531363 -0.657841 0.628790 0.280031 -0.598583 -1.450035 0.489365 0.617036 0.936105 -0.242749 -0.376594 -0.670782 -0.394525 -1.035763 
-0.858172 0.264328 0.842627 -0.574804 -1.286727 -0.937313 -0.100804 -1.510857 -1.543765 -1.036060 0.225348 -1.663231 -1.733626 -0.899241 0.028235 -1.105957 -0.219709 0.312043 -1.006394 0.642196 -0.987268 0.904941 -0.061476 0.016760 -0.754418 
0.063420 -0.942039 -1.571651 -0.018455 1.001995 -1.574145 0.807973 -0.677045 -0.596159 -0.419250 -0.603514 1.087373 0.327049 -0.498794 -1.870837 0.168209 -0.023074 -0.540771 -0.071511 -0.830214 -0.894810 0.844233 -0.081873 -0.368141 1.046810 
-0.695851 -0.029915 -1.364272 -0.175919 -1.698680 -0.061236 0.245497 -0.599538 -0.331439 -0.633793 0.517533 0.257395 -1.579254 -1.432644 -0.860027 0.176553 -0.801663 -1.399097 -0.167906 -0.297279 -1.481550 0.026850 -0.930823 -0.168620 -0.896112 
-1.798981 1.052824 -0.113792 -0.093022 0.452763 -0.131658 -0.026993 -0.540715 -1.029966 -1.574495 -0.772309 -1.413413 -1.564833 -0.727703 -1.540503 0.400898 -0.301560 -0.500255 0.265195 0.088320 -0.865073 -0.398440 -0.705296 -0.696872 0.363913 
0.514085 0.113569 -1.032780 -0.622614 0.377102 0.346748 -1.321831 -0.918595 -0.690791 -0.170840 -1.060487 -0.289156 0.305296 0.188305 -1.138848 0.123546 0.044599 0.746965 -0.961128 -0.547065 -1.175147 -1.058477 -1.216173 -0.081232 0.853473 
-0.237939 -1.875442 -0.815944 -0.376085 -1.676428 -0.965095 -1.834879 0.136675 -0.421063 -0.249644 -0.693183 0.278954 -0.215984 0.648043 -0.657174 -0.390741 -0.590270 -0.758269 -0.055134 -0.190026 -1.054849 -0.776670 -0.418587 -0.076040 -0.518389 

4 4 4 4 4 4 3 3 3 3 3 3 3 3 3 3 0 0 0 0 0 0 0 0 0 
4 4 4 4 4 4 3 3 3 3 3 3 3 3 3 3 3 0 0 0 0 0 0 0 0 
4 4 4 4 4 4 3 3 3 3 3 3 3 3 3 3 3 0 0 0 0 0 0 0 0 
4 4 4 4 4 4 4 4 4 4 3 3 3 3 3 3 3 0 0 0 0 0 0 0 0 
4 4 4 4 4 4 4 4 4 3 3 3 3 3 3 3 3 3 3 3 0 0 0 0 0 
4 4 4 4 4 4 4 4 4 3 3 3 3 3 3 3 3 3 3 0 0 0 0 0 0 
4 4 4 4 4 4 4 4 4 3 3 3 3 3 3 3 3 0 0 0 0 0 0 0 0 
4 4 4 4 4 4 4 4 4 4 3 3 3 3 3 3 3 3 3 0 0 0 0 0 0 
4 4 4 4 4 4 4 4 4 4 4 4 3 3 3 3 3 3 3 3 3 0 0 0 0 
4 4 4 4 4 4 4 4 4 4 4 4 4 3 3 3 3 3 0 0 0 0 0 0 0 
4 4 4 4 1 4 4 4 4 4 4 4 4 3 3 3 3 3 0 0 0 0 0 0 0 
4 4 4 4 1 4 4 4 4 4 4 4 4 3 3 3 3 0 0 0 0 0 0 0 0 
1 1 1 1 1 4 1 4 4 4 4 4 3 3 3 3 3 3 0 0 0 0 0 0 0 
1 1 1 1 1 1 1 1 4 1 4 4 1 3 3 1 1 1 0 0 0 0 0 0 0 
1 1 1 1 1 1 1 1 1 1 1 4 1 1 1 1 1 1 0 0 0 0 0 0 0 
1 1 1 1 1 1 1 1 1 1 1 1 1 1 1 1 1 1 0 1 1 0 0 0 0 
1 1 1 1 1 1 1 1 1 1 1 1 1 1 1 1 1 1 1 1 0 0 0 0 0 
1 1 1 1 1 1 1 1 2 1 1 1 1 1 1 1 1 1 1 1 0 0 0 0 0 
1 1 1 1 1 1 1 2 2 2 2 2 2 2 2 2 2 1 1 1 1 0 0 0 0 
1 1 1 1 2 1 2 2 2 2 2 2 2 2 2 2 2 2 1 1 1 1 1 1 1 
1 1 1 2 2 2 2 2 2 2 2 2 2 2 2 2 2 2 2 2 2 1 1 1 1 
2 2 2 2 2 2 2 2 2 2 2 2 2 2 2 2 2 2 2 2 2 1 1 1 1 
2 2 2 2 2 2 2 2 2 2 2 2 2 2 2 2 2 2 2 2 2 2 1 2 1 
2 2 2 2 2 2 2 2 2 2 2 2 2 2 2 2 2 2 2 2 2 2 2 2 1 
2 2 2 2 2 2 2 2 2 2 2 2 2 2 2 2 2 2 2 2 2 2 2 2 2 

-1.0 -1.0 -1.0 -1.0 -1.0 -1.0 1.0 1.0 1.0 1.0 1.0 1.0 1.0 1.0 1.0 1.0 0.0 0.0 0.0 0.0 0.0 0.0 0.0 0.0 0.0 
-1.0 -1.0 -1.0 -1.0 -1.0 -1.0 1.0 1.0 1.0 1.0 1.0 1.0 1.0 1.0 1.0 1.0 1.0 0.0 0.0 0.0 0.0 0.0 0.0 0.0 0.0 
-1.0 -1.0 -1.0 -1.0 -1.0 -1.0 1.0 1.0 1.0 1.0 1.0 1.0 1.0 1.0 1.0 1.0 1.0 0.0 0.0 0.0 0.0 0.0 0.0 0.0 0.0 
-1.0 -1.0 -1.0 -1.0 -1.0 -1.0 -1.0 -1.0 -1.0 -1.0 1.0 1.0 1.0 1.0 1.0 1.0 1.0 0.0 0.0 0.0 0.0 0.0 0.0 0.0 0.0 
-1.0 -1.0 -1.0 -1.0 -1.0 -1.0 -1.0 -1.0 -1.0 1.0 1.0 1.0 1.0 1.0 1.0 1.0 1.0 1.0 1.0 1.0 0.0 0.0 0.0 0.0 0.0 
-1.0 -1.0 -1.0 -1.0 -1.0 -1.0 -1.0 -1.0 -1.0 1.0 1.0 1.0 1.0 1.0 1.0 1.0 1.0 1.0 1.0 0.0 0.0 0.0 0.0 0.0 0.0 
-1.0 -1.0 -1.0 -1.0 -1.0 -1.0 -1.0 -1.0 -1.0 1.0 1.0 1.0 1.0 1.0 1.0 1.0 1.0 0.0 0.0 0.0 0.0 0.0 0.0 0.0 0.0 
-1.0 -1.0 -1.0 -1.0 -1.0 -1.0 -1.0 -1.0 -1.0 -1.0 1.0 1.0 1.0 1.0 1.0 1.0 1.0 1.0 1.0 0.0 0.0 0.0 0.0 0.0 0.0 
-1.0 -1.0 -1.0 -1.0 -1.0 -1.0 -1.0 -1.0 -1.0 -1.0 -1.0 -1.0 1.0 1.0 1.0 1.0 1.0 1.0 1.0 1.0 1.0 0.0 0.0 0.0 0.0 
-1.0 -1.0 -1.0 -1.0 -1.0 -1.0 -1.0 -1.0 -1.0 -1.0 -1.0 -1.0 -1.0 1.0 1.0 1.0 1.0 1.0 0.0 0.0 0.0 0.0 0.0 0.0 0.0 
-1.0 -1.0 -1.0 -1.0 2.0 -1.0 -1.0 -1.0 -1.0 -1.0 -1.0 -1.0 -1.0 1.0 1.0 1.0 1.0 1.0 0.0 0.0 0.0 0.0 0.0 0.0 0.0 
-1.0 -1.0 -1.0 -1.0 2.0 -1.0 -1.0 -1.0 -1.0 -1.0 -1.0 -1.0 -1.0 1.0 1.0 1.0 1.0 0.0 0.0 0.0 0.0 0.0 0.0 0.0 0.0 
2.0 2.0 2.0 2.0 2.0 -1.0 2.0 -1.0 -1.0 -1.0 -1.0 -1.0 1.0 1.0 1.0 1.0 1.0 1.0 0.0 0.0 0.0 0.0 0.0 0.0 0.0 
2.0 2.0 2.0 2.0 2.0 2.0 2.0 2.0 -1.0 2.0 -1.0 -1.0 2.0 1.0 1.0 2.0 2.0 2.0 0.0 0.0 0.0 0.0 0.0 0.0 0.0 
2.0 2.0 2.0 2.0 2.0 2.0 2.0 2.0 2.0 2.0 2.0 -1.0 2.0 2.0 2.0 2.0 2.0 2.0 0.0 0.0 0.0 0.0 0.0 0.0 0.0 
2.0 2.0 2.0 2.0 2.0 2.0 2.0 2.0 2.0 2.0 2.0 2.0 2.0 2.0 2.0 2.0 2.0 2.0 0.0 2.0 2.0 0.0 0.0 0.0 0.0 
2.0 2.0 2.0 2.0 2.0 2.0 2.0 2.0 2.0 2.0 2.0 2.0 2.0 2.0 2.0 2.0 2.0 2.0 2.0 2.0 0.0 0.0 0.0 0.0 0.0 
2.0 2.0 2.0 2.0 2.0 2.0 2.0 2.0 -2.0 2.0 2.0 2.0 2.0 2.0 2.0 2.0 2.0 2.0 2.0 2.0 0.0 0.0 0.0 0.0 0.0 
2.0 2.0 2.0 2.0 2.0 2.0 2.0 -2.0 -2.0 -2.0 -2.0 -2.0 -2.0 -2.0 -2.0 -2.0 -2.0 2.0 2.0 2.0 2.0 0.0 0.0 0.0 0.0 
2.0 2.0 2.0 2.0 -2.0 2.0 -2.0 -2.0 -2.0 -2.0 -2.0 -2.0 -2.0 -2.0 -2.0 -2.0 -2.0 -2.0 2.0 2.0 2.0 2.0 2.0 2.0 2.0 
2.0 2.0 2.0 -2.0 -2.0 -2.0 -2.0 -2.0 -2.0 -2.0 -2.0 -2.0 -2.0 -2.0 -2.0 -2.0 -2.0 -2.0 -2.0 -2.0 -2.0 2.0 2.0 2.0 2.0 
-2.0 -2.0 -2.0 -2.0 -2.0 -2.0 -2.0 -2.0 -2.0 -2.0 -2.0 -2.0 -2.0 -2.0 -2.0 -2.0 -2.0 -2.0 -2.0 -2.0 -2.0 2.0 2.0 2.0 2.0 
-2.0 -2.0 -2.0 -2.0 -2.0 -2.0 -2.0 -2.0 -2.0 -2.0 -2.0 -2.0 -2.0 -2.0 -2.0 -2.0 -2.0 -2.0 -2.0 -2.0 -2.0 -2.0 2.0 -2.0 2.0 
-2.0 -2.0 -2.0 -2.0 -2.0 -2.0 -2.0 -2.0 -2.0 -2.0 -2.0 -2.0 -2.0 -2.0 -2.0 -2.0 -2.0 -2.0 -2.0 -2.0 -2.0 -2.0 -2.0 -2.0 2.0 
-2.0 -2.0 -2.0 -2.0 -2.0 -2.0 -2.0 -2.0 -2.0 -2.0 -2.0 -2.0 -2.0 -2.0 -2.0 -2.0 -2.0 -2.0 -2.0 -2.0 -2.0 -2.0 -2.0 -2.0 -2.0 

2.0 2.0 2.0 2.0 2.0 2.0 0.0 0.0 0.0 0.0 0.0 0.0 0.0 0.0 0.0 0.0 -1.0 -1.0 -1.0 -1.0 -1.0 -1.0 -1.0 -1.0 -1.0 
2.0 2.0 2.0 2.0 2.0 2.0 0.0 0.0 0.0 0.0 0.0 0.0 0.0 0.0 0.0 0.0 0.0 -1.0 -1.0 -1.0 -1.0 -1.0 -1.0 -1.0 -1.0 
2.0 2.0 2.0 2.0 2.0 2.0 0.0 0.0 0.0 0.0 0.0 0.0 0.0 0.0 0.0 0.0 0.0 -1.0 -1.0 -1.0 -1.0 -1.0 -1.0 -1.0 -1.0 
2.0 2.0 2.0 2.0 2.0 2.0 2.0 2.0 2.0 2.0 0.0 0.0 0.0 0.0 0.0 0.0 0.0 -1.0 -1.0 -1.0 -1.0 -1.0 -1.0 -1.0 -1.0 
2.0 2.0 2.0 2.0 2.0 2.0 2.0 2.0 2.0 0.0 0.0 0.0 0.0 0.0 0.0 0.0 0.0 0.0 0.0 0.0 -1.0 -1.0 -1.0 -1.0 -1.0 
2.0 2.0 2.0 2.0 2.0 2.0 2.0 2.0 2.0 0.0 0.0 0.0 0.0 0.0 0.0 0.0 0.0 0.0 0.0 -1.0 -1.0 -1.0 -1.0 -1.0 -1.0 
2.0 2.0 2.0 2.0 2.0 2.0 2.0 2.0 2.0 0.0 0.0 0.0 0.0 0.0 0.0 0.0 0.0 -1.0 -1.0 -1.0 -1.0 -1.0 -1.0 -1.0 -1.0 
2.0 2.0 2.0 2.0 2.0 2.0 2.0 2.0 2.0 2.0 0.0 0.0 0.0 0.0 0.0 0.0 0.0 0.0 0.0 -1.0 -1.0 -1.0 -1.0 -1.0 -1.0 
2.0 2.0 2.0 2.0 2.0 2.0 2.0 2.0 2.0 2.0 2.0 2.0 0.0 0.0 0.0 0.0 0.0 0.0 0.0 0.0 0.0 -1.0 -1.0 -1.0 -1.0 
2.0 2.0 2.0 2.0 2.0 2.0 2.0 2.0 2.0 2.0 2.0 2.0 2.0 0.0 0.0 0.0 0.0 0.0 -1.0 -1.0 -1.0 -1.0 -1.0 -1.0 -1.0 
2.0 2.0 2.0 2.0 -2.0 2.0 2.0 2.0 2.0 2.0 2.0 2.0 2.0 0.0 0.0 0.0 0.0 0.0 -1.0 -1.0 -1.0 -1.0 -1.0 -1.0 -1.0 
2.0 2.0 2.0 2.0 -2.0 2.0 2.0 2.0 2.0 2.0 2.0 2.0 2.0 0.0 0.0 0.0 0.0 -1.0 -1.0 -1.0 -1.0 -1.0 -1.0 -1.0 -1.0 
-2.0 -2.0 -2.0 -2.0 -2.0 2.0 -2.0 2.0 2.0 2.0 2.0 2.0 0.0 0.0 0.0 0.0 0.0 0.0 -1.0 -1.0 -1.0 -1.0 -1.0 -1.0 -1.0 
-2.0 -2.0 -2.0 -2.0 -2.0 -2.0 -2.0 -2.0 2.0 -2.0 2.0 2.0 -2.0 0.0 0.0 -2.0 -2.0 -2.0 -1.0 -1.0 -1.0 -1.0 -1.0 -1.0 -1.0 
-2.0 -2.0 -2.0 -2.0 -2.0 -2.0 -2.0 -2.0 -2.0 -2.0 -2.0 2.0 -2.0 -2.0 -2.0 -2.0 -2.0 -2.0 -1.0 -1.0 -1.0 -1.0 -1.0 -1.0 -1.0 
-2.0 -2.0 -2.0 -2.0 -2.0 -2.0 -2.0 -2.0 -2.0 -2.0 -2.0 -2.0 -2.0 -2.0 -2.0 -2.0 -2.0 -2.0 -1.0 -2.0 -2.0 -1.0 -1.0 -1.0 -1.0 
-2.0 -2.0 -2.0 -2.0 -2.0 -2.0 -2.0 -2.0 -2.0 -2.0 -2.0 -2.0 -2.0 -2.0 -2.0 -2.0 -2.0 -2.0 -2.0 -2.0 -1.0 -1.0 -1.0 -1.0 -1.0 
-2.0 -2.0 -2.0 -2.0 -2.0 -2.0 -2.0 -2.0 1.0 -2.0 -2.0 -2.0 -2.0 -2.0 -2.0 -2.0 -2.0 -2.0 -2.0 -2.0 -1.0 -1.0 -1.0 -1.0 -1.0 
-2.0 -2.0 -2.0 -2.0 -2.0 -2.0 -2.0 1.0 1.0 1.0 1.0 1.0 1.0 1.0 1.0 1.0 1.0 -2.0 -2.0 -2.0 -2.0 -1.0 -1.0 -1.0 -1.0 
-2.0 -2.0 -2.0 -2.0 1.0 -2.0 1.0 1.0 1.0 1.0 1.0 1.0 1.0 1.0 1.0 1.0 1.0 1.0 -2.0 -2.0 -2.0 -2.0 -2.0 -2.0 -2.0 
-2.0 -2.0 -2.0 1.0 1.0 1.0 1.0 1.0 1.0 1.0 1.0 1.0 1.0 1.0 1.0 1.0 1.0 1.0 1.0 1.0 1.0 -2.0 -2.0 -2.0 -2.0 
1.0 1.0 1.0 1.0 1.0 1.0 1.0 1.0 1.0 1.0 1.0 1.0 1.0 1.0 1.0 1.0 1.0 1.0 1.0 1.0 1.0 -2.0 -2.0 -2.0 -2.0 
1.0 1.0 1.0 1.0 1.0 1.0 1.0 1.0 1.0 1.0 1.0 1.0 1.0 1.0 1.0 1.0 1.0 1.0 1.0 1.0 1.0 1.0 -2.0 1.0 -2.0 
1.0 1.0 1.0 1.0 1.0 1.0 1.0 1.0 1.0 1.0 1.0 1.0 1.0 1.0 1.0 1.0 1.0 1.0 1.0 1.0 1.0 1.0 1.0 1.0 -2.0 
1.0 1.0 1.0 1.0 1.0 1.0 1.0 1.0 1.0 1.0 1.0 1.0 1.0 1.0 1.0 1.0 1.0 1.0 1.0 1.0 1.0 1.0 1.0 1.0 1.0 

