0.104943 0.196589 0.819623 0.782249 0.622711 0.689721 0.838395 0.636925 0.775724 0.595860 0.302441 0.176966 0.236649 0.618287 0.706447 0.219211 0.592914 0.070737 0.458672 0.863545 0.871223 0.825054 0.360805 0.855750 0.050878 
0.594446 0.394931 0.277035 0.385719 0.510961 0.549698 0.388949 0.128947 0.803323 0.421951 0.890845 0.979745 0.685280 0.023337 0.483908 0.664875 0.195081 0.340003 0.659161 0.717504 0.563046 0.583415 0.098964 0.255115 0.214556 
0.220002 0.393690 0.614805 0.546873 0.600289 0.837891 0.126221 0.370349 0.183135 0.811631 0.503288 0.923738 0.120971 0.964954 0.134188 0.525534 0.078328 0.760099 0.100665 0.718191 0.740982 0.859830 0.375255 0.517388 0.929852 
0.455498 0.886834 0.494845 0.514376 0.392644 0.770535 0.232756 0.866328 0.051817 0.868614 0.024970 0.229642 0.397170 0.717741 0.100030 0.754672 0.443726 0.387438 0.927696 0.923623 0.510389 0.074211 0.927300 0.336979 0.054035 
0.949549 0.119959 0.545882 0.237963 0.529130 0.733504 0.306936 0.276748 0.193301 0.676530 0.046945 0.777453 0.040036 0.726609 0.462377 0.805441 0.192250 0.555914 0.233004 0.853308 0.705843 0.161418 0.065039 0.169476 0.649056 
0.490927 0.805736 0.069192 0.235090 0.236726 0.417143 0.579443 0.811861 0.210738 0.594437 0.796805 0.038222 0.868654 0.485406 0.567672 0.739429 0.986777 0.876959 0.108244 0.441677 0.906136 0.769523 0.828894 0.060013 0.819395 
0.111523 0.778073 0.524678 0.750143 0.901874 0.486202 0.899179 0.613155 0.708278 0.157665 0.440186 0.700364 0.628299 0.551592 0.231916 0.791848 0.755371 0.043384 0.278786 0.654575 0.437530 0.510259 0.956373 0.920708 0.182440 
0.377245 0.227412 0.014521 0.595678 0.628761 0.589461 0.991166 0.778427 0.850874 0.942076 0.422811 0.312098 0.918674 0.913731 0.277135 0.591157 0.811182 0.274074 0.615015 0.847255 0.832103 0.621413 0.370814 0.537451 0.205650 
0.420206 0.759785 0.296192 0.927643 0.771742 0.294554 0.459454 0.563723 0.064678 0.156377 0.135594 0.537994 0.215775 0.669039 0.242885 0.166321 0.550129 0.417256 0.550262 0.264855 0.173422 0.199398 0.443200 0.877062 0.354339 
0.668528 0.550415 0.874055 0.784086 0.266148 0.003460 0.303567 0.590574 0.827306 0.887092 0.629477 0.364668 0.931224 0.384334 0.106743 0.231999 0.768952 0.315868 0.753555 0.083896 0.822016 0.751504 0.784050 0.811013 0.236155 
0.562277 0.120495 0.745158 0.649415 0.709678 0.656163 0.670144 0.023770 0.316047 0.033762 0.923107 0.953923 0.310877 0.086335 0.713806 0.456805 0.499624 0.422348 0.196686 0.081284 0.632516 0.413044 0.390443 0.298828 0.112906 
0.204322 0.390551 0.325294 0.689547 0.802504 0.205994 0.337159 0.353902 0.528503 0.435288 0.518432 0.392039 0.307932 0.279872 0.824307 0.341770 0.437580 0.618787 0.926472 0.190380 0.300273 0.053236 0.675660 0.309604 0.478194 
0.022524 0.810556 0.093333 0.126199 0.332449 0.104340 0.884160 0.449415 0.946394 0.324888 0.963596 0.104346 0.703613 0.723061 0.306571 0.375523 0.741277 0.992738 0.235994 0.594222 0.325809 0.835501 0.484685 0.621637 0.029603 
0.026566 0.826888 0.708061 0.415058 0.357484 0.091330 0.160930 0.023422 0.385663 0.154539 0.091887 0.848253 0.671317 0.276598 0.155988 0.645968 0.463652 0.107728 0.046569 0.808985 0.852131 0.476963 0.642916 0.232852 0.621910 
0.084366 0.829225 0.092529 0.787380 0.468464 0.692188 0.042816 0.051038 0.144619 0.203370 0.935747 0.955840 0.316683 0.621537 0.981569 0.618766 0.338702 0.541651 0.211429 0.428440 0.676456 0.186839 0.447849 0.413735 0.721480 
0.586254 0.675449 0.231519 0.593513 0.961478 0.212304 0.398593 0.248025 0.474013 0.341101 0.476079 0.903971 0.940984 0.225917 0.488788 0.903389 0.745649 0.950077 0.731845 0.765364 0.804196 0.167880 0.374741 0.621783 0.356931 
0.360513 0.429885 0.136781 0.756240 0.054080 0.861073 0.649220 0.487609 0.457764 0.499934 0.820694 0.822514 0.195843 0.878773 0.897225 0.053147 0.533833 0.771201 0.119417 0.523667 0.061032 0.744762 0.605910 0.901351 0.100030 
0.375126 0.984762 0.908474 0.560795 0.903080 0.986641 0.930268 0.512322 0.134683 0.180936 0.939214 0.837559 0.659870 0.033426 0.827438 0.126047 0.217800 0.488549 0.529683 0.425765 0.316499 0.857879 0.266164 0.547541 0.513401 
0.631820 0.308225 0.475669 0.386752 0.336825 0.811071 0.028091 0.966884 0.504387 0.234078 0.662840 0.258885 0.651411 0.978819 0.839807 0.963056 0.829339 0.737556 0.839613 0.024015 0.070872 0.844372 0.174106 0.247024 0.941664 
0.257083 0.614292 0.562768 0.797160 0.025024 0.183351 0.789436 0.866887 0.397667 0.076174 0.557595 0.813542 0.584434 0.619525 0.365388 0.474998 0.931794 0.398441 0.377566 0.315049 0.293642 0.397873 0.596889 0.286036 0.821214 
0.708924 0.186838 0.538445 0.233445 0.002938 0.898745 0.687648 0.306576 0.607349 0.859012 0.252667 0.944251 0.289766 0.549611 0.888883 0.484742 0.390937 0.762477 0.329774 0.470166 0.198723 0.031895 0.974832 0.354116 0.174854 
0.016607 0.403688 0.394629 0.921232 0.252067 0.011747 0.589909 0.437599 0.818375 0.246194 0.342033 0.774539 0.972803 0.592894 0.950889 0.057320 0.354532 0.111187 0.762556 0.370665 0.998334 0.095940 0.482202 0.627000 0.995747 
0.860019 0.477558 0.724601 0.382374 0.767824 0.340941 0.298391 0.574294 0.793417 0.061387 0.293250 0.257821 0.102896 0.276361 0.545506 0.597168 0.326410 0.487501 0.838772 0.582948 0.819141 0.271495 0.016255 0.419346 0.164934 
0.866676 0.289654 0.965401 0.673812 0.000307 0.145392 0.625067 0.676485 0.376422 0.714082 0.021222 0.107064 0.554323 0.646003 0.272101 0.468089 0.472514 0.293746 0.793305 0.681389 0.230448 0.998340 0.218501 0.394384 0.062010 
0.616948 0.190004 0.679185 0.894856 0.141583 0.299492 0.717329 0.816309 0.588312 0.901845 0.278071 0.447874 0.578225 0.628856 0.056400 0.975323 0.653339 0.083877 0.647261 0.668998 0.420660 0.174460 0.288250 0.684443 0.366323 

0.435707 0.758639 0.082723 0.587606 0.889455 0.807982 0.219690 0.457578 0.979224 0.361243 0.003282 0.191446 0.813431 0.152627 0.361728 0.277505 0.835748 0.762721 0.225364 0.105267 0.567806 0.824213 0.398791 0.170964 0.624730 
0.819714 0.689626 0.136013 0.629322 0.523077 0.601221 0.498304 0.778718 0.468786 0.590021 0.371191 0.911581 0.948229 0.139365 0.301044 0.498696 0.939796 0.867267 0.360536 0.744092 0.043438 0.859265 0.134736 0.453246 0.214085 
0.318569 0.918415 0.020010 0.690048 0.992189 0.230320 0.509958 0.503916 0.489010 0.447254 0.731344 0.748136 0.968874 0.169086 0.691313 0.759671 0.308923 0.935552 0.084863 0.117956 0.703261 0.134889 0.954889 0.765540 0.642264 
0.966936 0.112008 0.197145 0.669406 0.053825 0.899966 0.221406 0.633093 0.475283 0.666241 0.634937 0.626371 0.139083 0.364080 0.281310 0.855042 0.428517 0.762205 0.115866 0.457080 0.818057 0.774634 0.004889 0.052396 0.669564 
0.258574 0.282397 0.136174 0.980584 0.777565 0.085646 0.009998 0.168939 0.133333 0.937670 0.225166 0.062042 0.937541 0.508026 0.481902 0.504142 0.257495 0.172415 0.451999 0.071310 0.765493 0.527108 0.381429 0.913131 0.040898 
0.930538 0.438896 0.151181 0.252553 0.148959 0.588221 0.297954 0.568389 0.372729 0.858224 0.957670 0.720011 0.468701 0.982628 0.563912 0.797431 0.100151 0.088718 0.418670 0.775404 0.476364 0.474309 0.091266 0.774830 0.100386 
0.913544 0.099786 0.443629 0.689780 0.397898 0.145907 0.896263 0.091393 0.624744 0.271955 0.348211 0.786568 0.818282 0.095723 0.553545 0.439881 0.040586 0.187279 0.809808 0.749518 0.615865 0.251579 0.926620 0.333422 0.101195 
0.956097 0.764065 0.510141 0.182248 0.072943 0.380949 0.959760 0.677267 0.664506 0.955698 0.786410 0.335444 0.185229 0.698444 0.823198 0.378543 0.804608 0.897853 0.491880 0.910212 0.449964 0.748058 0.432800 0.055043 0.996518 
0.428988 0.586177 0.823937 0.535716 0.571924 0.745760 0.434799 0.795366 0.790478 0.609721 0.555278 0.270914 0.145219 0.317065 0.078433 0.873181 0.553266 0.295857 0.716611 0.932672 0.116811 0.537267 0.056264 0.554075 0.258621 
0.210398 0.223447 0.505311 0.484359 0.005566 0.790314 0.654007 0.368613 0.262038 0.846886 0.274397 0.451342 0.102862 0.958450 0.569108 0.303537 0.717562 0.800474 0.596605 0.771656 0.848633 0.151593 0.388841 0.169550 0.786370 
0.573563 0.154338 0.218420 0.521608 0.450739 0.937834 0.511899 0.105003 0.977677 0.836919 0.920623 0.580263 0.424717 0.094259 0.176453 0.152215 0.524743 0.500574 0.274729 0.463771 0.259888 0.619190 0.385149 0.881182 0.197282 
0.171844 0.939212 0.556176 0.172175 0.153757 0.181762 0.645897 0.971763 0.892748 0.723103 0.757650 0.086721 0.669051 0.816161 0.710113 0.132538 0.829068 0.160465 0.791825 0.998759 0.352474 0.473696 0.820971 0.445972 0.910176 
0.867943 0.321646 0.560732 0.200367 0.220022 0.191671 0.031953 0.078722 0.324643 0.973702 0.931191 0.569497 0.159242 0.953812 0.203252 0.670805 0.134109 0.772439 0.262916 0.704953 0.954447 0.238583 0.140829 0.925723 0.701883 
0.730798 0.445814 0.082926 0.475485 0.861331 0.944072 0.850875 0.675599 0.481978 0.287024 0.609378 0.107402 0.012991 0.309108 0.007344 0.614297 0.712597 0.421404 0.397708 0.610738 0.519355 0.194114 0.040523 0.257750 0.046634 
0.959151 0.945558 0.201069 0.827998 0.998843 0.414923 0.068366 0.664279 0.425705 0.004100 0.044002 0.647358 0.870151 0.207721 0.948350 0.528187 0.050689 0.159395 0.905035 0.923603 0.808215 0.642236 0.276467 0.283511 0.886379 
0.157264 0.269348 0.158794 0.520777 0.430402 0.954905 0.192131 0.779328 0.869784 0.568874 0.163977 0.059470 0.539443 0.461227 0.323062 0.361850 0.562006 0.095222 0.450094 0.065796 0.609338 0.268606 0.292842 0.555569 0.066468 
0.582098 0.844529 0.081449 0.362627 0.767048 0.724067 0.979202 0.522371 0.787723 0.862385 0.557463 0.278321 0.019951 0.385446 0.979930 0.710546 0.309715 0.299500 0.306097 0.255866 0.699153 0.853003 0.729376 0.794920 0.915193 
0.593355 0.271621 0.485561 0.652949 0.923695 0.738459 0.131424 0.865449 0.655443 0.851289 0.454895 0.464873 0.575548 0.074920 0.373252 0.308163 0.671684 0.804396 0.279529 0.993770 0.707026 0.719463 0.939668 0.383003 0.478022 
0.875600 0.073570 0.154608 0.289369 0.020982 0.652696 0.139752 0.528939 0.747621 0.063686 0.106625 0.034985 0.379398 0.428369 0.258425 0.040716 0.270001 0.743222 0.092161 0.405737 0.769906 0.393468 0.805106 0.996900 0.042210 
0.333593 0.033593 0.804214 0.624236 0.408334 0.008857 0.951648 0.964652 0.606420 0.125326 0.532792 0.995600 0.755845 0.524393 0.008595 0.171251 0.096739 0.626947 0.963149 0.658141 0.434245 0.840132 0.054865 0.438103 0.910689 
0.134898 0.013758 0.468907 0.081726 0.395795 0.976269 0.067523 0.155458 0.872344 0.181453 0.235326 0.592912 0.724894 0.079545 0.078351 0.637288 0.401264 0.926402 0.733152 0.550913 0.721731 0.593474 0.911464 0.391638 0.679127 
0.819783 0.827859 0.318694 0.082445 0.928305 0.235731 0.448175 0.355062 0.604649 0.943515 0.373911 0.908681 0.563172 0.881954 0.297659 0.622041 0.623967 0.032360 0.058923 0.517960 0.982633 0.679046 0.575399 0.187582 0.827410 
0.311244 0.562362 0.119824 0.616011 0.217903 0.575297 0.226671 0.325334 0.620424 0.277008 0.979710 0.610426 0.560001 0.493579 0.807548 0.017317 0.779077 0.453168 0.116281 0.750463 0.461035 0.385862 0.556895 0.045590 0.433541 
0.585354 0.487794 0.838925 0.494857 0.873047 0.771168 0.493445 0.940276 0.619808 0.791741 0.905958 0.139899 0.684053 0.923031 0.060902 0.844425 0.965279 0.047238 0.905932 0.184913 0.889840 0.441944 0.215267 0.153829 0.865684 
0.796612 0.844100 0.147038 0.163533 0.026439 0.121747 0.554183 0.822355 0.041874 0.013650 0.582532 0.778916 0.008057 0.940391 0.757131 0.481440 0.858421 0.681259 0.834080 0.570603 0.369988 0.749030 0.880275 0.483996 0.397063 

-0.995934 -1.082562 0.577980 -0.425458 -1.321941 -0.852815 -0.045773 -0.093021 -1.340672 0.173293 0.369253 -0.492033 -1.338679 -1.333185 -1.763795 -0.320814 -1.864845 -0.901707 -0.910203 -1.772834 -2.209227 -2.489220 -0.786164 -2.114283 -0.618922 
-0.832612 -1.095820 0.003413 -1.097492 -0.591230 -0.732719 -0.339425 -1.275116 -0.577837 -0.419917 -0.246580 -0.833567 -2.035787 -0.323366 -1.454833 -1.622480 -1.067312 -1.712954 -1.922281 -1.969799 -1.154731 -2.050210 -0.594866 -1.023679 -0.514492 
-0.842693 -0.988414 0.516230 -0.983665 -1.261841 0.337749 -0.877453 -0.848688 -0.661281 -0.231448 -0.853817 -1.171945 1.780009 -1.792587 -0.930278 -1.806645 -0.519561 -2.265714 0.070358 -1.435776 -2.422142 -1.851102 -1.539609 -2.028833 -2.763367 
-1.451773 0.793694 0.054273 -0.720984 0.364811 -0.815096 -0.057243 -0.667492 -0.635397 -0.372734 -1.350849 -1.160909 -0.326834 -0.058469 -0.318846 -2.322748 -1.143638 -1.477638 -1.720089 -2.580729 -1.977062 -0.791741 -1.970368 -0.516709 -0.532783 
0.204399 -0.451304 0.046840 -1.650098 -0.787982 0.942748 0.028040 -0.073369 0.132247 -1.287193 -0.390091 -1.191031 2.202217 0.322829 0.421743 -1.907938 -0.896333 -0.986747 -0.837209 -1.696724 -2.083611 -0.623860 -0.746476 -1.121842 -1.497660 
-1.536696 -0.122985 0.154290 -0.177855 0.296495 -1.001059 -0.033723 -0.426088 -0.521872 -1.502841 -1.258794 1.504050 0.244819 1.359250 0.425185 0.835913 -1.755376 -2.155143 -0.543800 -1.603605 -1.945172 -1.806139 -1.634051 -1.047601 -1.877140 
0.079176 1.546436 0.102701 -0.479575 -0.083696 0.214165 -0.915158 0.240402 -0.588758 -0.435171 0.341471 0.977750 1.240275 -0.419678 0.609265 0.271993 -0.759847 -0.069106 -1.256628 -2.110832 -1.743348 -1.451457 -2.630550 -2.460325 -0.677178 
1.128823 0.684071 0.392644 1.147581 0.317772 -0.117612 -0.656396 -0.799389 -0.716519 -0.770145 1.333603 0.338242 -1.047737 0.494009 1.338663 0.180114 0.932148 1.563914 -1.779830 -2.657309 -2.066100 -2.045719 -1.415332 -1.329064 -1.467614 
0.473317 1.467896 0.605947 1.562187 1.406990 0.965607 -0.256413 -1.276478 -1.162783 0.954482 0.746681 0.117427 0.105352 0.030776 -0.122693 1.618373 0.663936 0.015849 0.842990 -1.880334 -0.258420 -0.918313 -1.088253 -2.439624 -1.072588 
0.911091 1.174696 1.549719 1.369696 0.604530 0.258299 0.659938 0.689817 0.324015 0.882160 0.105872 0.364878 -0.680621 1.562068 0.962604 0.450356 0.913725 1.490056 0.603579 1.651181 0.642464 -1.301858 -1.915305 -2.265423 -1.085845 
0.999609 -0.011469 1.113645 0.904961 1.535304 1.476521 1.401275 -0.073727 0.381372 1.338584 1.156013 0.515086 0.355164 -0.419282 -0.345415 0.177302 0.793677 0.495856 0.479673 0.948178 -0.337467 0.756361 -0.742109 -1.852338 -0.542537 
0.268199 0.783895 0.715659 1.373034 1.571172 0.501782 0.692440 0.906320 0.862155 0.940542 1.155071 -0.187493 0.879967 0.992089 0.894758 0.215383 1.554904 -0.240891 0.701142 1.931491 0.596435 0.989960 1.169490 -1.207310 -1.818940 
-0.248578 1.284006 0.342759 0.476036 0.790653 0.347373 1.877371 0.697948 1.544320 1.765602 0.652019 1.022091 -0.545042 1.097716 0.053737 0.865920 -0.718248 0.540676 -0.129135 0.619780 1.788444 -0.458323 -0.402690 1.372048 -1.031920 
-0.042951 1.699301 1.546826 0.808555 0.721586 0.183129 0.309879 0.063134 0.502681 0.704044 0.881264 -0.177015 -0.899602 0.592319 -0.390174 0.373139 1.083354 0.983047 0.878850 0.372469 0.288577 0.074704 -0.435994 0.327740 -0.179950 
0.361054 1.778745 -0.033008 1.479348 1.210049 1.232645 0.038673 0.130248 0.132727 -0.165160 -0.769732 0.360324 1.324791 -0.370645 0.883889 0.300755 -0.538590 -0.273098 2.183231 1.633710 0.824551 1.353004 0.123437 0.164817 1.128075 
0.917139 1.600750 0.508640 0.931110 1.521719 0.583881 0.792806 0.440475 1.429365 0.883504 -0.082568 -0.983663 -0.126377 0.803594 0.218620 -0.068050 0.427310 -0.681807 0.053245 -0.705876 0.631465 0.752007 0.082206 0.446725 0.018383 
0.425827 0.357739 0.341262 1.429641 0.039209 2.102008 1.474192 0.679698 1.231045 1.460586 0.475935 -0.100758 -0.265919 0.281045 1.007510 1.505510 0.015510 -0.231409 0.472889 -0.228530 1.548006 0.955527 0.833556 0.636879 1.291506 
0.613707 0.661977 1.686561 1.313755 1.980842 2.349211 1.918311 0.994341 0.203126 1.607018 -0.477028 0.120188 0.440243 0.084697 -0.061753 0.752273 0.847994 1.355822 -0.090463 1.472138 1.106100 0.583095 1.891541 0.186324 0.306982 
0.786526 0.122116 -0.004304 0.031902 0.146035 0.391057 -0.281210 2.006261 1.076176 0.674587 -0.250788 -0.234715 0.088967 -0.218320 -0.487847 -0.784638 -0.542530 0.705708 -0.925474 1.107186 1.235763 -0.027905 1.319895 1.286854 -1.118471 
0.020140 0.249706 0.672763 0.716795 0.318037 -0.360568 1.030419 0.883086 0.490191 0.319810 0.488386 1.450655 0.836619 0.568667 -0.257703 -0.193669 -0.915585 0.962271 1.463282 1.139427 0.854199 1.093898 -0.273913 0.450152 1.164570 
0.344013 0.000407 0.587331 0.112764 0.701001 0.951019 0.061816 0.508102 0.923516 0.052690 0.138461 0.223224 1.426757 -0.376596 -0.555500 1.185637 0.299302 1.160374 0.713077 0.768574 1.084672 1.336694 1.013085 0.471650 1.369309 
0.950152 0.528952 0.391594 0.014221 1.028104 0.359433 0.624724 0.643264 0.315123 0.884201 0.657111 1.102458 0.195765 1.170275 -0.888896 1.351965 0.693863 -0.280618 -0.257300 0.920026 0.964784 1.079070 0.622544 -0.177509 0.444183 
0.112794 0.592737 0.301200 0.904248 0.123910 0.524387 0.032086 0.454915 0.458104 0.225873 1.005286 0.642806 0.854592 0.688466 1.270854 -0.361742 0.898370 0.358524 -0.735034 1.098032 0.037678 0.481164 1.131005 -0.403884 0.647029 
0.647333 0.526362 0.717809 0.568851 0.698613 0.577364 0.918006 0.852044 0.629267 0.790026 0.939005 0.201694 0.789944 1.151466 0.467732 1.308008 1.617635 -0.205766 1.114364 -0.578764 1.481943 -0.119990 0.753796 -0.619232 1.580605 
0.674232 1.039823 0.616289 0.310638 0.416302 0.112231 0.920608 1.066355 0.079767 0.070228 0.449736 0.928178 0.279754 1.021995 0.869163 0.634383 1.197372 1.474202 1.136593 0.300273 -0.124709 1.295755 1.389688 0.073178 0.413679 

3 3 3 3 3 3 3 3 3 3 3 3 0 0 0 0 0 0 0 0 0 0 0 0 0 
3 3 3 3 3 3 3 3 3 3 3 3 0 0 0 0 0 0 0 0 0 0 0 0 0 
3 3 3 3 3 3 3 3 3 3 3 3 4 0 0 0 0 0 0 0 0 0 0 0 0 
3 3 3 3 3 3 3 3 3 3 3 3 4 4 0 0 0 0 0 0 0 0 0 0 0 
3 3 3 3 3 3 3 3 3 3 3 4 4 4 4 0 0 0 0 0 0 0 0 0 0 
3 3 3 3 3 3 3 3 3 3 3 4 4 4 4 4 0 0 0 0 0 0 0 0 0 
1 1 3 3 3 3 3 3 3 3 4 4 4 4 4 4 4 0 0 0 0 0 0 0 0 
1 1 1 1 3 3 3 3 3 3 4 4 4 4 4 4 4 4 0 0 0 0 0 0 0 
1 1 1 1 1 1 3 3 3 4 4 4 4 4 4 4 4 4 4 0 0 0 0 0 0 
1 1 1 1 1 1 1 1 3 4 4 4 4 4 4 4 4 4 4 4 4 0 0 0 0 
1 1 1 1 1 1 1 1 1 4 4 4 4 4 4 4 4 4 4 4 4 4 0 0 0 
1 1 1 1 1 1 1 1 1 4 4 4 4 4 4 4 4 4 4 4 4 4 4 0 0 
1 1 1 1 1 1 1 1 1 4 4 4 4 4 4 4 4 4 4 4 4 4 4 4 0 
1 1 1 1 1 1 1 1 1 4 4 4 4 4 4 4 4 4 4 4 4 4 4 4 4 
1 1 1 1 1 1 1 1 1 4 4 4 4 4 4 4 4 4 4 4 4 4 4 4 4 
1 1 1 1 1 1 1 1 1 4 4 4 4 4 4 4 4 4 4 4 4 4 4 4 4 
1 1 1 1 1 1 1 1 1 4 4 4 4 4 4 4 4 4 4 4 4 4 4 4 4 
2 2 1 1 1 1 1 1 1 4 4 4 4 4 4 4 4 4 4 4 4 4 4 4 4 
2 2 2 2 2 2 1 1 1 1 4 4 4 4 4 4 4 4 4 4 4 4 4 4 4 
2 2 2 2 2 2 2 2 2 1 4 4 4 4 4 4 4 4 4 4 4 4 4 4 4 
2 2 2 2 2 2 2 2 2 2 2 4 4 4 4 4 4 4 4 4 4 4 4 4 4 
2 2 2 2 2 2 2 2 2 2 2 2 4 4 4 4 4 4 4 4 4 4 4 4 4 
2 2 2 2 2 2 2 2 2 2 2 2 2 4 4 4 4 4 4 4 4 4 4 4 4 
2 2 2 2 2 2 2 2 2 2 2 2 2 2 2 4 4 4 4 4 4 4 4 4 4 
2 2 2 2 2 2 2 2 2 2 2 2 2 2 2 2 4 4 4 4 4 4 4 4 4 

1.0 1.0 1.0 1.0 1.0 1.0 1.0 1.0 1.0 1.0 1.0 1.0 -2.0 -2.0 -2.0 -2.0 -2.0 -2.0 -2.0 -2.0 -2.0 -2.0 -2.0 -2.0 -2.0 
1.0 1.0 1.0 1.0 1.0 1.0 1.0 1.0 1.0 1.0 1.0 1.0 -2.0 -2.0 -2.0 -2.0 -2.0 -2.0 -2.0 -2.0 -2.0 -2.0 -2.0 -2.0 -2.0 
1.0 1.0 1.0 1.0 1.0 1.0 1.0 1.0 1.0 1.0 1.0 1.0 -1.0 -2.0 -2.0 -2.0 -2.0 -2.0 -2.0 -2.0 -2.0 -2.0 -2.0 -2.0 -2.0 
1.0 1.0 1.0 1.0 1.0 1.0 1.0 1.0 1.0 1.0 1.0 1.0 -1.0 -1.0 -2.0 -2.0 -2.0 -2.0 -2.0 -2.0 -2.0 -2.0 -2.0 -2.0 -2.0 
1.0 1.0 1.0 1.0 1.0 1.0 1.0 1.0 1.0 1.0 1.0 -1.0 -1.0 -1.0 -1.0 -2.0 -2.0 -2.0 -2.0 -2.0 -2.0 -2.0 -2.0 -2.0 -2.0 
1.0 1.0 1.0 1.0 1.0 1.0 1.0 1.0 1.0 1.0 1.0 -1.0 -1.0 -1.0 -1.0 -1.0 -2.0 -2.0 -2.0 -2.0 -2.0 -2.0 -2.0 -2.0 -2.0 
2.0 2.0 1.0 1.0 1.0 1.0 1.0 1.0 1.0 1.0 -1.0 -1.0 -1.0 -1.0 -1.0 -1.0 -1.0 -2.0 -2.0 -2.0 -2.0 -2.0 -2.0 -2.0 -2.0 
2.0 2.0 2.0 2.0 1.0 1.0 1.0 1.0 1.0 1.0 -1.0 -1.0 -1.0 -1.0 -1.0 -1.0 -1.0 -1.0 -2.0 -2.0 -2.0 -2.0 -2.0 -2.0 -2.0 
2.0 2.0 2.0 2.0 2.0 2.0 1.0 1.0 1.0 -1.0 -1.0 -1.0 -1.0 -1.0 -1.0 -1.0 -1.0 -1.0 -1.0 -2.0 -2.0 -2.0 -2.0 -2.0 -2.0 
2.0 2.0 2.0 2.0 2.0 2.0 2.0 2.0 1.0 -1.0 -1.0 -1.0 -1.0 -1.0 -1.0 -1.0 -1.0 -1.0 -1.0 -1.0 -1.0 -2.0 -2.0 -2.0 -2.0 
2.0 2.0 2.0 2.0 2.0 2.0 2.0 2.0 2.0 -1.0 -1.0 -1.0 -1.0 -1.0 -1.0 -1.0 -1.0 -1.0 -1.0 -1.0 -1.0 -1.0 -2.0 -2.0 -2.0 
2.0 2.0 2.0 2.0 2.0 2.0 2.0 2.0 2.0 -1.0 -1.0 -1.0 -1.0 -1.0 -1.0 -1.0 -1.0 -1.0 -1.0 -1.0 -1.0 -1.0 -1.0 -2.0 -2.0 
2.0 2.0 2.0 2.0 2.0 2.0 2.0 2.0 2.0 -1.0 -1.0 -1.0 -1.0 -1.0 -1.0 -1.0 -1.0 -1.0 -1.0 -1.0 -1.0 -1.0 -1.0 -1.0 -2.0 
2.0 2.0 2.0 2.0 2.0 2.0 2.0 2.0 2.0 -1.0 -1.0 -1.0 -1.0 -1.0 -1.0 -1.0 -1.0 -1.0 -1.0 -1.0 -1.0 -1.0 -1.0 -1.0 -1.0 
2.0 2.0 2.0 2.0 2.0 2.0 2.0 2.0 2.0 -1.0 -1.0 -1.0 -1.0 -1.0 -1.0 -1.0 -1.0 -1.0 -1.0 -1.0 -1.0 -1.0 -1.0 -1.0 -1.0 
2.0 2.0 2.0 2.0 2.0 2.0 2.0 2.0 2.0 -1.0 -1.0 -1.0 -1.0 -1.0 -1.0 -1.0 -1.0 -1.0 -1.0 -1.0 -1.0 -1.0 -1.0 -1.0 -1.0 
2.0 2.0 2.0 2.0 2.0 2.0 2.0 2.0 2.0 -1.0 -1.0 -1.0 -1.0 -1.0 -1.0 -1.0 -1.0 -1.0 -1.0 -1.0 -1.0 -1.0 -1.0 -1.0 -1.0 
0.0 0.0 2.0 2.0 2.0 2.0 2.0 2.0 2.0 -1.0 -1.0 -1.0 -1.0 -1.0 -1.0 -1.0 -1.0 -1.0 -1.0 -1.0 -1.0 -1.0 -1.0 -1.0 -1.0 
0.0 0.0 0.0 0.0 0.0 0.0 2.0 2.0 2.0 2.0 -1.0 -1.0 -1.0 -1.0 -1.0 -1.0 -1.0 -1.0 -1.0 -1.0 -1.0 -1.0 -1.0 -1.0 -1.0 
0.0 0.0 0.0 0.0 0.0 0.0 0.0 0.0 0.0 2.0 -1.0 -1.0 -1.0 -1.0 -1.0 -1.0 -1.0 -1.0 -1.0 -1.0 -1.0 -1.0 -1.0 -1.0 -1.0 
0.0 0.0 0.0 0.0 0.0 0.0 0.0 0.0 0.0 0.0 0.0 -1.0 -1.0 -1.0 -1.0 -1.0 -1.0 -1.0 -1.0 -1.0 -1.0 -1.0 -1.0 -1.0 -1.0 
0.0 0.0 0.0 0.0 0.0 0.0 0.0 0.0 0.0 0.0 0.0 0.0 -1.0 -1.0 -1.0 -1.0 -1.0 -1.0 -1.0 -1.0 -1.0 -1.0 -1.0 -1.0 -1.0 
0.0 0.0 0.0 0.0 0.0 0.0 0.0 0.0 0.0 0.0 0.0 0.0 0.0 -1.0 -1.0 -1.0 -1.0 -1.0 -1.0 -1.0 -1.0 -1.0 -1.0 -1.0 -1.0 
0.0 0.0 0.0 0.0 0.0 0.0 0.0 0.0 0.0 0.0 0.0 0.0 0.0 0.0 0.0 -1.0 -1.0 -1.0 -1.0 -1.0 -1.0 -1.0 -1.0 -1.0 -1.0 
0.0 0.0 0.0 0.0 0.0 0.0 0.0 0.0 0.0 0.0 0.0 0.0 0.0 0.0 0.0 0.0 -1.0 -1.0 -1.0 -1.0 -1.0 -1.0 -1.0 -1.0 -1.0 

-2.0 -2.0 -2.0 -2.0 -2.0 -2.0 -2.0 -2.0 -2.0 -2.0 -2.0 -2.0 -1.0 -1.0 -1.0 -1.0 -1.0 -1.0 -1.0 -1.0 -1.0 -1.0 -1.0 -1.0 -1.0 
-2.0 -2.0 -2.0 -2.0 -2.0 -2.0 -2.0 -2.0 -2.0 -2.0 -2.0 -2.0 -1.0 -1.0 -1.0 -1.0 -1.0 -1.0 -1.0 -1.0 -1.0 -1.0 -1.0 -1.0 -1.0 
-2.0 -2.0 -2.0 -2.0 -2.0 -2.0 -2.0 -2.0 -2.0 -2.0 -2.0 -2.0 2.0 -1.0 -1.0 -1.0 -1.0 -1.0 -1.0 -1.0 -1.0 -1.0 -1.0 -1.0 -1.0 
-2.0 -2.0 -2.0 -2.0 -2.0 -2.0 -2.0 -2.0 -2.0 -2.0 -2.0 -2.0 2.0 2.0 -1.0 -1.0 -1.0 -1.0 -1.0 -1.0 -1.0 -1.0 -1.0 -1.0 -1.0 
-2.0 -2.0 -2.0 -2.0 -2.0 -2.0 -2.0 -2.0 -2.0 -2.0 -2.0 2.0 2.0 2.0 2.0 -1.0 -1.0 -1.0 -1.0 -1.0 -1.0 -1.0 -1.0 -1.0 -1.0 
-2.0 -2.0 -2.0 -2.0 -2.0 -2.0 -2.0 -2.0 -2.0 -2.0 -2.0 2.0 2.0 2.0 2.0 2.0 -1.0 -1.0 -1.0 -1.0 -1.0 -1.0 -1.0 -1.0 -1.0 
0.0 0.0 -2.0 -2.0 -2.0 -2.0 -2.0 -2.0 -2.0 -2.0 2.0 2.0 2.0 2.0 2.0 2.0 2.0 -1.0 -1.0 -1.0 -1.0 -1.0 -1.0 -1.0 -1.0 
0.0 0.0 0.0 0.0 -2.0 -2.0 -2.0 -2.0 -2.0 -2.0 2.0 2.0 2.0 2.0 2.0 2.0 2.0 2.0 -1.0 -1.0 -1.0 -1.0 -1.0 -1.0 -1.0 
0.0 0.0 0.0 0.0 0.0 0.0 -2.0 -2.0 -2.0 2.0 2.0 2.0 2.0 2.0 2.0 2.0 2.0 2.0 2.0 -1.0 -1.0 -1.0 -1.0 -1.0 -1.0 
0.0 0.0 0.0 0.0 0.0 0.0 0.0 0.0 -2.0 2.0 2.0 2.0 2.0 2.0 2.0 2.0 2.0 2.0 2.0 2.0 2.0 -1.0 -1.0 -1.0 -1.0 
0.0 0.0 0.0 0.0 0.0 0.0 0.0 0.0 0.0 2.0 2.0 2.0 2.0 2.0 2.0 2.0 2.0 2.0 2.0 2.0 2.0 2.0 -1.0 -1.0 -1.0 
0.0 0.0 0.0 0.0 0.0 0.0 0.0 0.0 0.0 2.0 2.0 2.0 2.0 2.0 2.0 2.0 2.0 2.0 2.0 2.0 2.0 2.0 2.0 -1.0 -1.0 
0.0 0.0 0.0 0.0 0.0 0.0 0.0 0.0 0.0 2.0 2.0 2.0 2.0 2.0 2.0 2.0 2.0 2.0 2.0 2.0 2.0 2.0 2.0 2.0 -1.0 
0.0 0.0 0.0 0.0 0.0 0.0 0.0 0.0 0.0 2.0 2.0 2.0 2.0 2.0 2.0 2.0 2.0 2.0 2.0 2.0 2.0 2.0 2.0 2.0 2.0 
0.0 0.0 0.0 0.0 0.0 0.0 0.0 0.0 0.0 2.0 2.0 2.0 2.0 2.0 2.0 2.0 2.0 2.0 2.0 2.0 2.0 2.0 2.0 2.0 2.0 
0.0 0.0 0.0 0.0 0.0 0.0 0.0 0.0 0.0 2.0 2.0 2.0 2.0 2.0 2.0 2.0 2.0 2.0 2.0 2.0 2.0 2.0 2.0 2.0 2.0 
0.0 0.0 0.0 0.0 0.0 0.0 0.0 0.0 0.0 2.0 2.0 2.0 2.0 2.0 2.0 2.0 2.0 2.0 2.0 2.0 2.0 2.0 2.0 2.0 2.0 
1.0 1.0 0.0 0.0 0.0 0.0 0.0 0.0 0.0 2.0 2.0 2.0 2.0 2.0 2.0 2.0 2.0 2.0 2.0 2.0 2.0 2.0 2.0 2.0 2.0 
1.0 1.0 1.0 1.0 1.0 1.0 0.0 0.0 0.0 0.0 2.0 2.0 2.0 2.0 2.0 2.0 2.0 2.0 2.0 2.0 2.0 2.0 2.0 2.0 2.0 
1.0 1.0 1.0 1.0 1.0 1.0 1.0 1.0 1.0 0.0 2.0 2.0 2.0 2.0 2.0 2.0 2.0 2.0 2.0 2.0 2.0 2.0 2.0 2.0 2.0 
1.0 1.0 1.0 1.0 1.0 1.0 1.0 1.0 1.0 1.0 1.0 2.0 2.0 2.0 2.0 2.0 2.0 2.0 2.0 2.0 2.0 2.0 2.0 2.0 2.0 
1.0 1.0 1.0 1.0 1.0 1.0 1.0 1.0 1.0 1.0 1.0 1.0 2.0 2.0 2.0 2.0 2.0 2.0 2.0 2.0 2.0 2.0 2.0 2.0 2.0 
1.0 1.0 1.0 1.0 1.0 1.0 1.0 1.0 1.0 1.0 1.0 1.0 1.0 2.0 2.0 2.0 2.0 2.0 2.0 2.0 2.0 2.0 2.0 2.0 2.0 
1.0 1.0 1.0 1.0 1.0 1.0 1.0 1.0 1.0 1.0 1.0 1.0 1.0 1.0 1.0 2.0 2.0 2.0 2.0 2.0 2.0 2.0 2.0 2.0 2.0 
1.0 1.0 1.0 1.0 1.0 1.0 1.0 1.0 1.0 1.0 1.0 1.0 1.0 1.0 1.0 1.0 2.0 2.0 2.0 2.0 2.0 2.0 2.0 2.0 2.0 

