0.951910 0.442902 0.699662 0.187301 0.438608 0.141076 0.660423 0.648083 0.628506 0.713309 0.981297 0.405505 0.274336 0.591137 0.087053 0.517920 0.317367 0.165661 0.351098 0.596222 0.291720 0.970388 0.106572 0.307324 0.023675 
0.415727 0.182852 0.022711 0.176929 0.979981 0.557946 0.723979 0.686932 0.180783 0.695403 0.028263 0.865215 0.017735 0.658807 0.317442 0.251261 0.230056 0.975252 0.682241 0.494546 0.928563 0.934893 0.737958 0.326140 0.192797 
0.174462 0.744744 0.942712 0.606195 0.861932 0.699572 0.629576 0.606603 0.206929 0.024436 0.160194 0.038116 0.053844 0.578214 0.447494 0.583961 0.757069 0.892001 0.592528 0.945135 0.015783 0.525376 0.147657 0.485090 0.801517 
0.412046 0.946976 0.528943 0.770483 0.433905 0.204167 0.941254 0.118147 0.841226 0.869506 0.978650 0.447069 0.230916 0.033008 0.235491 0.026407 0.871793 0.601436 0.376191 0.270608 0.564572 0.892315 0.824911 0.460371 0.525817 
0.124310 0.300402 0.246624 0.775975 0.963778 0.091659 0.693821 0.794901 0.830019 0.072035 0.347196 0.351599 0.290927 0.983132 0.791638 0.845964 0.519627 0.837141 0.972017 0.592426 0.783261 0.197751 0.939945 0.535327 0.835694 
0.193008 0.647741 0.844536 0.245334 0.225613 0.603208 0.078456 0.675286 0.802592 0.535747 0.982957 0.343065 0.266295 0.841536 0.092552 0.262190 0.471231 0.387349 0.035991 0.115279 0.741330 0.589022 0.909155 0.668275 0.807189 
0.233579 0.095595 0.409968 0.304451 0.444985 0.466095 0.155025 0.485709 0.201487 0.584026 0.840526 0.435480 0.092483 0.065932 0.919348 0.748793 0.222354 0.607351 0.670387 0.797065 0.882335 0.347092 0.169786 0.163336 0.508440 
0.354157 0.799510 0.172104 0.558924 0.043390 0.150639 0.466695 0.518132 0.431097 0.757688 0.466702 0.529403 0.012605 0.670569 0.964568 0.590827 0.836985 0.203354 0.088285 0.736643 0.816152 0.163519 0.921292 0.305738 0.960049 
0.970231 0.636218 0.380873 0.138884 0.835150 0.448993 0.279723 0.701076 0.075549 0.870055 0.128665 0.147958 0.817694 0.243961 0.830701 0.821056 0.054235 0.500398 0.986896 0.307547 0.352848 0.822991 0.688092 0.956642 0.607454 
0.830591 0.160297 0.526251 0.426553 0.947984 0.533660 0.457386 0.882882 0.407003 0.608220 0.467377 0.842385 0.341816 0.384413 0.324979 0.547355 0.025507 0.719316 0.936064 0.929172 0.378907 0.159437 0.154198 0.935974 0.396315 
0.086291 0.774168 0.355448 0.445580 0.602686 0.726660 0.867902 0.289153 0.449912 0.648061 0.843988 0.575132 0.784623 0.613299 0.064666 0.504804 0.980923 0.923444 0.673716 0.449232 0.377549 0.432651 0.900504 0.466060 0.891166 
0.146155 0.794585 0.603034 0.003954 0.103308 0.149365 0.847897 0.164115 0.210130 0.250692 0.545443 0.425700 0.128793 0.427316 0.928202 0.599803 0.402422 0.159399 0.942471 0.279219 0.608905 0.998882 0.299694 0.795672 0.327676 
0.260253 0.651045 0.369980 0.554343 0.181248 0.955039 0.566041 0.257677 0.840260 0.699525 0.855039 0.967177 0.834980 0.911270 0.352343 0.796331 0.738561 0.805740 0.128055 0.986062 0.927984 0.483795 0.888545 0.126194 0.387159 
0.242862 0.662896 0.928360 0.866282 0.730069 0.294565 0.915401 0.104081 0.794979 0.844423 0.363612 0.801488 0.382310 0.504143 0.605803 0.250951 0.834483 0.451444 0.221285 0.165334 0.910117 0.844390 0.919058 0.897768 0.154302 
0.293951 0.487688 0.908276 0.917129 0.713701 0.396888 0.826978 0.417634 0.121578 0.702876 0.021275 0.889988 0.462210 0.779545 0.719612 0.112976 0.740305 0.416958 0.816238 0.566836 0.613194 0.500830 0.283866 0.660189 0.576132 
0.730086 0.988445 0.722238 0.253742 0.949483 0.537864 0.955227 0.226774 0.072688 0.623377 0.968604 0.304073 0.373429 0.371880 0.904387 0.323863 0.411624 0.684209 0.542824 0.864547 0.623810 0.550991 0.520424 0.087756 0.763051 
0.021892 0.061180 0.300818 0.762431 0.398002 0.018467 0.762576 0.385908 0.121732 0.492971 0.807909 0.179439 0.183880 0.769301 0.119633 0.561443 0.794594 0.336233 0.800963 0.929741 0.425706 0.227697 0.096188 0.661247 0.943469 
0.409907 0.917150 0.931555 0.101168 0.809421 0.751668 0.341649 0.214883 0.039630 0.500093 0.623557 0.760824 0.154684 0.189287 0.208571 0.530278 0.958595 0.760581 0.442263 0.825084 0.395132 0.520325 0.685072 0.959824 0.110334 
0.084219 0.301262 0.282835 0.137810 0.069965 0.283927 0.408654 0.826562 0.179583 0.186752 0.509602 0.425773 0.945065 0.434753 0.458307 0.693807 0.756828 0.744793 0.899444 0.466536 0.949714 0.098287 0.967641 0.081040 0.897873 
0.415705 0.446556 0.200071 0.072685 0.807632 0.313824 0.979651 0.539510 0.816448 0.977426 0.044014 0.687107 0.375029 0.637448 0.382779 0.039461 0.524828 0.053135 0.100694 0.370237 0.340140 0.958939 0.707381 0.326814 0.090930 
0.200537 0.271542 0.359253 0.433080 0.386026 0.908163 0.998776 0.471869 0.301592 0.851949 0.971023 0.354853 0.523276 0.740827 0.675842 0.895447 0.078920 0.479672 0.385597 0.947843 0.458685 0.700086 0.875439 0.133083 0.971218 
0.896834 0.648424 0.689970 0.016828 0.058084 0.692527 0.024552 0.928268 0.854787 0.659952 0.199120 0.898083 0.656279 0.706107 0.010912 0.301626 0.558443 0.046324 0.730779 0.362813 0.526593 0.829051 0.134368 0.311463 0.696650 
0.412670 0.989486 0.994594 0.221563 0.593605 0.624015 0.438153 0.095853 0.980860 0.400919 0.015871 0.026557 0.196310 0.494234 0.546453 0.616885 0.644871 0.837271 0.924426 0.056141 0.075199 0.456881 0.839731 0.196080 0.827983 
0.908909 0.448138 0.641031 0.150413 0.483784 0.337571 0.446297 0.127738 0.026911 0.503932 0.865093 0.047208 0.966995 0.103682 0.324985 0.841735 0.165670 0.704757 0.897994 0.497697 0.190239 0.504821 0.057370 0.937732 0.688345 
0.568968 0.590308 0.961869 0.807352 0.987497 0.721362 0.178120 0.111314 0.248830 0.382411 0.581269 0.583844 0.884651 0.644996 0.295914 0.909944 0.143391 0.312326 0.164198 0.223880 0.718256 0.833570 0.874600 0.496952 0.963841 

0.693562 0.366593 0.684709 0.033808 0.564639 0.747923 0.351306 0.071392 0.074501 0.873884 0.982619 0.083827 0.217479 0.921670 0.876350 0.649220 0.466696 0.459421 0.397277 0.137624 0.336421 0.868093 0.457577 0.025580 0.388834 
0.040723 0.042827 0.951947 0.280766 0.492302 0.349198 0.565603 0.644932 0.959104 0.650493 0.002547 0.124546 0.066144 0.354161 0.015026 0.065830 0.087055 0.517769 0.460566 0.508790 0.679229 0.183530 0.755579 0.675577 0.701759 
0.904457 0.078421 0.558423 0.106750 0.931335 0.732055 0.200934 0.273521 0.113716 0.575558 0.339558 0.709723 0.004423 0.010290 0.592553 0.648309 0.191395 0.857558 0.402399 0.513773 0.844381 0.827979 0.815184 0.185762 0.106227 
0.565626 0.417046 0.854964 0.877792 0.966671 0.669320 0.922013 0.984136 0.781189 0.237497 0.093705 0.914369 0.614401 0.847481 0.164211 0.606519 0.342084 0.884976 0.261414 0.700400 0.697272 0.426913 0.375926 0.117426 0.439826 
0.901130 0.628412 0.429750 0.951489 0.927655 0.081273 0.230337 0.522856 0.810501 0.357172 0.096061 0.856050 0.997303 0.492287 0.525374 0.772175 0.376156 0.463458 0.729810 0.620109 0.289007 0.735565 0.031732 0.708748 0.892882 
0.368303 0.478120 0.458174 0.555868 0.594701 0.648584 0.624788 0.017400 0.490089 0.021427 0.901748 0.232238 0.790798 0.967811 0.847886 0.715896 0.509227 0.305395 0.995118 0.126786 0.308494 0.280715 0.085909 0.394785 0.082713 
0.852704 0.073313 0.190056 0.887083 0.225725 0.856649 0.888000 0.347229 0.790346 0.364899 0.517323 0.905169 0.246213 0.049958 0.212576 0.961873 0.444941 0.923905 0.925822 0.412808 0.390603 0.802750 0.215614 0.113266 0.691557 
0.458886 0.933679 0.346411 0.205438 0.713529 0.592743 0.247197 0.179669 0.625961 0.479417 0.116316 0.289482 0.354912 0.797274 0.176216 0.546068 0.203436 0.956166 0.921211 0.329472 0.284751 0.477541 0.247215 0.727126 0.747679 
0.719942 0.163946 0.448860 0.781540 0.396605 0.554774 0.869598 0.698798 0.363536 0.396602 0.260771 0.103303 0.393317 0.702695 0.131014 0.857311 0.368048 0.879881 0.679394 0.812080 0.770242 0.831700 0.970634 0.353137 0.182606 
0.357435 0.120145 0.255731 0.989482 0.841783 0.510143 0.932802 0.529531 0.289578 0.710269 0.442919 0.312111 0.617528 0.557683 0.404576 0.378879 0.415509 0.427894 0.985758 0.495135 0.376613 0.102828 0.223597 0.211563 0.920653 
0.069997 0.536203 0.527963 0.201022 0.113743 0.476788 0.744427 0.184245 0.786329 0.699761 0.105517 0.494862 0.060627 0.481286 0.230274 0.628410 0.611951 0.500718 0.284705 0.091205 0.392721 0.121899 0.891341 0.553628 0.875316 
0.239050 0.097752 0.472092 0.654810 0.340252 0.904547 0.032050 0.655843 0.238388 0.529936 0.520868 0.588305 0.753641 0.936637 0.822931 0.690303 0.341255 0.785617 0.468194 0.833613 0.339315 0.488055 0.953718 0.104674 0.162547 
0.592464 0.076583 0.590940 0.553231 0.172357 0.491788 0.285075 0.255626 0.695407 0.642084 0.084890 0.388688 0.125348 0.966061 0.136458 0.260994 0.672930 0.208398 0.153940 0.118055 0.277948 0.839863 0.122079 0.801303 0.019072 
0.709789 0.792797 0.431501 0.341831 0.442665 0.252205 0.047052 0.198676 0.479829 0.999878 0.386361 0.176313 0.257854 0.487074 0.773191 0.029491 0.025962 0.036343 0.832447 0.926737 0.759707 0.763792 0.060457 0.328255 0.145348 
0.456262 0.837421 0.568086 0.644470 0.884591 0.829707 0.413914 0.401212 0.829560 0.023081 0.302129 0.122228 0.213521 0.970676 0.252656 0.921801 0.544242 0.283485 0.621158 0.762441 0.953584 0.205475 0.482218 0.748222 0.529071 
0.058298 0.207932 0.716401 0.955267 0.891726 0.120551 0.450410 0.947018 0.369723 0.225503 0.473622 0.760039 0.300950 0.277402 0.900779 0.453199 0.003381 0.899807 0.547501 0.100198 0.176449 0.633096 0.523368 0.433892 0.195557 
0.281563 0.526300 0.551207 0.614834 0.063348 0.828375 0.225435 0.521002 0.670596 0.621258 0.404490 0.861215 0.612205 0.288429 0.393163 0.190878 0.719776 0.182095 0.232986 0.635491 0.522917 0.529642 0.322570 0.254776 0.867032 
0.074931 0.216694 0.238712 0.447274 0.427288 0.149243 0.594654 0.000119 0.309126 0.518076 0.095448 0.604149 0.677124 0.471277 0.502369 0.125081 0.976659 0.804396 0.853826 0.141243 0.448081 0.455645 0.688929 0.577205 0.131630 
0.855488 0.443383 0.930733 0.452390 0.314097 0.810555 0.220105 0.397142 0.024670 0.858379 0.338762 0.910642 0.235149 0.962529 0.020161 0.527461 0.369904 0.138419 0.568898 0.254910 0.079945 0.971673 0.628259 0.136660 0.704987 
0.486708 0.745854 0.280222 0.345937 0.401039 0.901611 0.954641 0.099800 0.868395 0.444523 0.854508 0.719850 0.333456 0.987747 0.393946 0.909782 0.574715 0.598927 0.065534 0.331396 0.476254 0.307534 0.889785 0.212174 0.135131 
0.095431 0.855343 0.019642 0.466734 0.604618 0.023610 0.969495 0.556361 0.107055 0.414077 0.803703 0.715847 0.562375 0.178514 0.752001 0.902604 0.634231 0.276528 0.375139 0.500469 0.671839 0.373795 0.314915 0.044877 0.830678 
0.114079 0.508688 0.810641 0.651545 0.857673 0.700630 0.260530 0.523285 0.084331 0.329692 0.617514 0.414136 0.379217 0.138624 0.971584 0.702564 0.052931 0.271291 0.349648 0.528029 0.613135 0.721605 0.700251 0.059606 0.768870 
0.730188 0.316726 0.811878 0.342623 0.438941 0.618614 0.303568 0.902555 0.771265 0.802628 0.933966 0.782776 0.496934 0.780490 0.726169 0.837750 0.679316 0.364999 0.591259 0.173012 0.688492 0.819575 0.879350 0.552487 0.399977 
0.287014 0.830070 0.376101 0.778819 0.690432 0.070396 0.513026 0.882291 0.180314 0.510827 0.882039 0.729964 0.670124 0.360849 0.009522 0.867262 0.476327 0.504801 0.311797 0.463030 0.380069 0.886361 0.097769 0.592466 0.945537 
0.323656 0.919350 0.839595 0.718690 0.798189 0.858276 0.398305 0.969563 0.396771 0.356970 0.126358 0.761414 0.537772 0.816762 0.310009 0.467152 0.253678 0.992286 0.867954 0.423502 0.633923 0.890709 0.387151 0.971088 0.387590 

1.604748 0.708254 1.047359 0.317269 1.078789 0.806386 1.242904 -0.684755 0.229067 1.793008 2.065882 0.240616 0.726911 2.074068 2.082455 1.768343 0.501758 0.794636 0.823387 0.004340 0.682782 1.891927 0.879764 -0.034036 0.815276 
0.049633 -0.016552 1.066365 0.540727 1.360239 0.910268 1.246329 -1.630975 -2.165328 1.495137 0.032766 0.414029 0.030710 0.905429 -0.120516 0.125097 0.253609 0.989763 1.265582 1.087512 1.269293 0.159066 1.765040 1.686890 0.954105 
1.436143 0.372906 1.660113 1.088404 1.611625 1.760293 -0.904991 -1.416463 -0.178633 -1.554111 0.875038 1.398107 0.055353 -0.066523 1.524022 1.435959 0.308277 1.818614 0.899831 1.294643 1.500729 1.462587 1.665098 0.669505 0.381031 
1.136348 1.258064 1.350882 1.956495 1.295449 1.006392 -2.756756 -2.461486 -2.329355 -1.511525 -1.147851 1.574143 1.036798 1.929747 0.523470 1.173089 0.605954 1.804978 0.557856 1.650941 1.105451 0.791887 0.506269 0.185630 0.484428 
1.250212 0.832416 1.069024 2.028824 1.995524 0.313675 -1.410285 -1.827012 -2.396405 -1.062234 -0.655777 -2.033379 2.004182 0.992322 0.867489 1.460971 0.737039 0.815360 1.335635 1.105371 0.604487 1.362208 -0.031973 1.349697 1.799680 
0.736250 1.052017 1.584107 0.841012 0.666206 1.186284 -1.531281 -0.636261 -1.625937 -0.554028 -2.418537 -0.790633 -1.598589 1.600250 1.769978 1.217392 0.902764 0.711002 2.046856 -0.137447 0.485772 0.281321 0.067856 0.946188 0.100762 
1.200256 0.112006 0.769168 1.156761 0.636712 1.382669 -2.159083 -1.275746 -1.565870 -1.406694 -1.802271 -2.027664 -0.594818 -0.010709 0.473761 2.163388 0.633600 1.663047 1.535779 0.918782 0.614424 1.281542 0.044329 -0.017846 1.546876 
1.330652 1.494079 0.582105 0.892579 0.744224 0.723934 -0.786115 -0.695514 -1.402358 -1.657695 -0.643479 -1.093605 -1.025196 -2.341743 -1.611227 0.763731 0.161531 1.916943 2.110094 0.639414 0.786596 1.054404 0.656837 1.773884 1.684666 
1.669915 0.813159 1.019544 1.041940 1.090885 1.140380 -2.050400 -2.305472 -0.525434 -1.439835 -0.471392 -0.405367 -1.478989 -1.356022 -0.938145 -2.457839 0.767078 1.748468 1.316692 1.178798 1.857358 1.850769 1.746144 1.014196 0.450834 
1.320044 0.378865 0.770712 1.524822 1.654313 0.877925 -2.106160 -1.998999 -1.154434 -1.548403 -1.362325 -1.266697 -1.580162 -1.557506 -1.260050 -1.535203 -1.010064 0.668636 2.004258 1.577746 0.879536 0.341782 0.289498 0.193433 -0.921876 
0.181783 1.316435 0.556845 0.518516 0.573154 0.901382 -2.070240 -0.327454 -1.704212 -1.640230 -0.978820 -1.599114 -1.205650 -1.755912 -0.209293 -1.781232 -2.255528 -1.583172 -1.281434 -0.846866 -0.841173 -0.539001 -1.921628 -1.117862 -1.702889 
0.385472 0.776352 1.317797 0.589295 0.519851 1.063778 -0.928726 -1.231946 -0.469885 -1.175129 -1.713763 -1.564443 -1.753572 -2.486963 -2.254863 -1.930447 -0.767516 -0.078739 -1.986237 -0.528304 -1.032006 -2.134642 -0.632855 -1.443788 -1.082928 
0.903295 0.699320 1.051228 1.128453 0.601139 -1.800050 -1.211993 -0.774282 -2.524870 -2.041174 -0.833924 -1.770043 -1.110636 -2.932193 -0.705355 -1.133446 -1.672194 -1.556159 -0.443127 -2.239897 -1.485924 -0.691858 -1.992628 -0.513816 -0.996015 
1.104746 1.317444 1.568666 0.840667 1.224257 -0.714937 -1.000885 -0.657807 -2.054968 -2.827761 -1.399897 -1.223850 -0.579984 -1.255781 -2.128916 -0.242532 -1.626671 -1.063711 -0.301473 -0.506308 -1.734277 -1.384850 -1.815187 -1.578594 -0.633587 
0.993196 1.359343 1.450039 1.251840 1.549789 -2.375753 -1.967438 -1.247622 -2.018464 -0.526608 -0.719843 -1.235733 -0.943366 -2.885667 -1.436377 -2.007116 -1.271858 -0.934794 -1.630530 -1.117599 -1.163676 -0.818669 -0.426143 -1.433783 -1.137531 
1.516852 1.338690 1.615669 1.242162 1.444770 -1.112789 -1.723891 -2.151182 -0.717159 -1.110633 -2.102140 -2.007380 -0.671385 -0.914049 -2.928523 -1.308767 -0.442060 -1.377095 -1.126086 -1.864290 -1.595510 -0.687070 -1.162486 -0.238310 -1.842070 
0.395990 0.604292 0.994227 1.251952 0.578331 -1.809822 -1.450984 -1.377967 -1.363571 -1.715131 -1.308470 -1.918639 -1.181970 -1.909496 -0.334314 1.040009 -1.712101 -0.578751 -1.961337 -1.643909 -0.727170 -0.138095 -0.236792 -1.075540 -1.369193 
0.241669 0.908359 0.859470 0.624750 1.573113 -0.914950 -1.644042 -0.161238 -0.529596 -1.154397 -1.207226 0.760799 -0.561445 -0.364897 0.309972 1.214870 0.913653 -1.796468 -1.082924 -1.621620 -0.647205 -1.273414 -1.181166 -1.735022 -0.169472 
0.669684 0.474138 0.850449 0.689009 0.197944 -1.985334 -1.090114 -1.592804 -0.442059 -0.541944 0.485881 0.229961 1.549499 -0.282473 0.947791 0.860202 1.463173 1.187968 -1.774803 -0.992673 -1.938831 -0.222983 -1.592435 -0.232406 -1.610945 
0.807942 0.864760 0.275183 0.325935 0.940148 -2.133052 -2.877568 0.996907 0.377251 1.019033 -0.767599 0.423151 0.237703 0.190983 0.223515 -0.718011 0.221188 -0.191358 -0.150770 -0.496711 -0.606358 -2.058623 -1.726700 -0.465790 -0.380993 
-0.042404 1.159373 0.335850 0.797449 1.281765 1.962121 1.295779 0.278002 0.165161 0.950991 1.173110 -0.041176 0.640028 1.458523 0.166140 1.072191 -0.315387 0.283810 0.093205 -1.749448 -0.881094 -1.544625 -1.621089 -0.131390 -1.850050 
1.032852 1.147641 1.482654 0.911104 -0.810540 0.712666 -0.623440 1.236537 1.893584 1.210813 -0.561477 1.736075 0.568321 1.114422 -1.166766 -0.292417 0.802292 -0.082254 0.991708 0.212780 -0.753376 -1.729209 -0.114340 -0.504782 -1.213450 
1.092695 1.254985 1.602099 -0.200174 0.827572 0.582025 0.611082 -0.839510 0.889418 0.109765 -0.888104 -0.760277 0.019361 0.149073 0.302820 0.112156 0.862369 0.978481 0.972059 0.030624 -0.123826 -1.164813 -1.494609 -0.290254 -1.369612 
0.941589 1.114687 1.352562 -0.739433 0.073925 0.559476 0.552724 -0.674510 -0.331800 0.339763 0.944278 -0.562130 1.661870 -0.193395 -0.171888 0.911026 0.110657 1.089948 1.658528 0.560959 -0.170744 -0.949266 -0.378177 -2.058980 -1.776266 
1.267487 1.613706 0.851799 0.886359 1.071287 0.523147 -0.046741 -1.060817 0.189099 0.208659 0.879161 0.347705 0.806356 0.798052 0.290228 1.352938 0.064987 -0.323256 -0.700761 -0.383183 0.922654 0.566001 -1.548271 -1.422443 -1.905636 

0 0 0 0 0 0 0 1 4 4 4 4 4 4 4 4 4 4 4 4 4 4 4 4 4 
0 0 0 0 0 0 0 1 1 4 4 4 4 4 4 4 4 4 4 4 4 4 4 4 4 
0 0 0 0 0 0 1 1 1 1 4 4 4 4 4 4 4 4 4 4 4 4 4 4 4 
0 0 0 0 0 0 1 1 1 1 1 4 4 4 4 4 4 4 4 4 4 4 4 4 4 
0 0 0 0 0 0 1 1 1 1 1 1 4 4 4 4 4 4 4 4 4 4 4 4 4 
0 0 0 0 0 0 1 1 1 1 1 1 1 4 4 4 4 4 4 4 4 4 4 4 4 
0 0 0 0 0 0 1 1 1 1 1 1 1 1 4 4 4 4 4 4 4 4 4 4 4 
0 0 0 0 0 0 1 1 1 1 1 1 1 1 1 4 4 4 4 4 4 4 4 4 4 
0 0 0 0 0 0 1 1 1 1 1 1 1 1 1 1 4 4 4 4 4 4 4 4 4 
0 0 0 0 0 0 1 1 1 1 1 1 1 1 1 1 1 4 4 4 4 4 4 4 2 
0 0 0 0 0 0 1 1 1 1 1 1 1 1 1 1 1 2 2 2 2 2 2 2 2 
0 0 0 0 0 0 1 1 1 1 1 1 1 1 1 1 1 2 2 2 2 2 2 2 2 
0 0 0 0 0 1 1 1 1 1 1 1 1 1 1 1 1 2 2 2 2 2 2 2 2 
0 0 0 0 0 1 1 1 1 1 1 1 1 1 1 1 2 2 2 2 2 2 2 2 2 
0 0 0 0 0 1 1 1 1 1 1 1 1 1 1 1 2 2 2 2 2 2 2 2 2 
0 0 0 0 0 1 1 1 1 1 1 1 1 1 1 1 2 2 2 2 2 2 2 2 2 
0 0 0 0 0 1 1 1 1 1 1 1 1 1 3 3 2 2 2 2 2 2 2 2 2 
0 0 0 0 0 1 1 1 1 1 1 3 3 3 3 3 3 2 2 2 2 2 2 2 2 
0 0 0 0 0 1 1 1 1 3 3 3 3 3 3 3 3 3 2 2 2 2 2 2 2 
0 0 0 0 0 1 1 3 3 3 3 3 3 3 3 3 3 3 2 2 2 2 2 2 2 
0 0 0 0 0 3 3 3 3 3 3 3 3 3 3 3 3 3 3 2 2 2 2 2 2 
0 0 0 0 3 3 3 3 3 3 3 3 3 3 3 3 3 3 3 3 2 2 2 2 2 
0 0 0 3 3 3 3 3 3 3 3 3 3 3 3 3 3 3 3 3 2 2 2 2 2 
0 0 0 3 3 3 3 3 3 3 3 3 3 3 3 3 3 3 3 3 3 2 2 2 2 
0 0 3 3 3 3 3 3 3 3 3 3 3 3 3 3 3 3 3 3 3 3 2 2 2 

1.0 1.0 1.0 1.0 1.0 1.0 1.0 -1.0 0.0 0.0 0.0 0.0 0.0 0.0 0.0 0.0 0.0 0.0 0.0 0.0 0.0 0.0 0.0 0.0 0.0 
1.0 1.0 1.0 1.0 1.0 1.0 1.0 -1.0 -1.0 0.0 0.0 0.0 0.0 0.0 0.0 0.0 0.0 0.0 0.0 0.0 0.0 0.0 0.0 0.0 0.0 
1.0 1.0 1.0 1.0 1.0 1.0 -1.0 -1.0 -1.0 -1.0 0.0 0.0 0.0 0.0 0.0 0.0 0.0 0.0 0.0 0.0 0.0 0.0 0.0 0.0 0.0 
1.0 1.0 1.0 1.0 1.0 1.0 -1.0 -1.0 -1.0 -1.0 -1.0 0.0 0.0 0.0 0.0 0.0 0.0 0.0 0.0 0.0 0.0 0.0 0.0 0.0 0.0 
1.0 1.0 1.0 1.0 1.0 1.0 -1.0 -1.0 -1.0 -1.0 -1.0 -1.0 0.0 0.0 0.0 0.0 0.0 0.0 0.0 0.0 0.0 0.0 0.0 0.0 0.0 
1.0 1.0 1.0 1.0 1.0 1.0 -1.0 -1.0 -1.0 -1.0 -1.0 -1.0 -1.0 0.0 0.0 0.0 0.0 0.0 0.0 0.0 0.0 0.0 0.0 0.0 0.0 
1.0 1.0 1.0 1.0 1.0 1.0 -1.0 -1.0 -1.0 -1.0 -1.0 -1.0 -1.0 -1.0 0.0 0.0 0.0 0.0 0.0 0.0 0.0 0.0 0.0 0.0 0.0 
1.0 1.0 1.0 1.0 1.0 1.0 -1.0 -1.0 -1.0 -1.0 -1.0 -1.0 -1.0 -1.0 -1.0 0.0 0.0 0.0 0.0 0.0 0.0 0.0 0.0 0.0 0.0 
1.0 1.0 1.0 1.0 1.0 1.0 -1.0 -1.0 -1.0 -1.0 -1.0 -1.0 -1.0 -1.0 -1.0 -1.0 0.0 0.0 0.0 0.0 0.0 0.0 0.0 0.0 0.0 
1.0 1.0 1.0 1.0 1.0 1.0 -1.0 -1.0 -1.0 -1.0 -1.0 -1.0 -1.0 -1.0 -1.0 -1.0 -1.0 0.0 0.0 0.0 0.0 0.0 0.0 0.0 -2.0 
1.0 1.0 1.0 1.0 1.0 1.0 -1.0 -1.0 -1.0 -1.0 -1.0 -1.0 -1.0 -1.0 -1.0 -1.0 -1.0 -2.0 -2.0 -2.0 -2.0 -2.0 -2.0 -2.0 -2.0 
1.0 1.0 1.0 1.0 1.0 1.0 -1.0 -1.0 -1.0 -1.0 -1.0 -1.0 -1.0 -1.0 -1.0 -1.0 -1.0 -2.0 -2.0 -2.0 -2.0 -2.0 -2.0 -2.0 -2.0 
1.0 1.0 1.0 1.0 1.0 -1.0 -1.0 -1.0 -1.0 -1.0 -1.0 -1.0 -1.0 -1.0 -1.0 -1.0 -1.0 -2.0 -2.0 -2.0 -2.0 -2.0 -2.0 -2.0 -2.0 
1.0 1.0 1.0 1.0 1.0 -1.0 -1.0 -1.0 -1.0 -1.0 -1.0 -1.0 -1.0 -1.0 -1.0 -1.0 -2.0 -2.0 -2.0 -2.0 -2.0 -2.0 -2.0 -2.0 -2.0 
1.0 1.0 1.0 1.0 1.0 -1.0 -1.0 -1.0 -1.0 -1.0 -1.0 -1.0 -1.0 -1.0 -1.0 -1.0 -2.0 -2.0 -2.0 -2.0 -2.0 -2.0 -2.0 -2.0 -2.0 
1.0 1.0 1.0 1.0 1.0 -1.0 -1.0 -1.0 -1.0 -1.0 -1.0 -1.0 -1.0 -1.0 -1.0 -1.0 -2.0 -2.0 -2.0 -2.0 -2.0 -2.0 -2.0 -2.0 -2.0 
1.0 1.0 1.0 1.0 1.0 -1.0 -1.0 -1.0 -1.0 -1.0 -1.0 -1.0 -1.0 -1.0 2.0 2.0 -2.0 -2.0 -2.0 -2.0 -2.0 -2.0 -2.0 -2.0 -2.0 
1.0 1.0 1.0 1.0 1.0 -1.0 -1.0 -1.0 -1.0 -1.0 -1.0 2.0 2.0 2.0 2.0 2.0 2.0 -2.0 -2.0 -2.0 -2.0 -2.0 -2.0 -2.0 -2.0 
1.0 1.0 1.0 1.0 1.0 -1.0 -1.0 -1.0 -1.0 2.0 2.0 2.0 2.0 2.0 2.0 2.0 2.0 2.0 -2.0 -2.0 -2.0 -2.0 -2.0 -2.0 -2.0 
1.0 1.0 1.0 1.0 1.0 -1.0 -1.0 2.0 2.0 2.0 2.0 2.0 2.0 2.0 2.0 2.0 2.0 2.0 -2.0 -2.0 -2.0 -2.0 -2.0 -2.0 -2.0 
1.0 1.0 1.0 1.0 1.0 2.0 2.0 2.0 2.0 2.0 2.0 2.0 2.0 2.0 2.0 2.0 2.0 2.0 2.0 -2.0 -2.0 -2.0 -2.0 -2.0 -2.0 
1.0 1.0 1.0 1.0 2.0 2.0 2.0 2.0 2.0 2.0 2.0 2.0 2.0 2.0 2.0 2.0 2.0 2.0 2.0 2.0 -2.0 -2.0 -2.0 -2.0 -2.0 
1.0 1.0 1.0 2.0 2.0 2.0 2.0 2.0 2.0 2.0 2.0 2.0 2.0 2.0 2.0 2.0 2.0 2.0 2.0 2.0 -2.0 -2.0 -2.0 -2.0 -2.0 
1.0 1.0 1.0 2.0 2.0 2.0 2.0 2.0 2.0 2.0 2.0 2.0 2.0 2.0 2.0 2.0 2.0 2.0 2.0 2.0 2.0 -2.0 -2.0 -2.0 -2.0 
1.0 1.0 2.0 2.0 2.0 2.0 2.0 2.0 2.0 2.0 2.0 2.0 2.0 2.0 2.0 2.0 2.0 2.0 2.0 2.0 2.0 2.0 -2.0 -2.0 -2.0 

1.0 1.0 1.0 1.0 1.0 1.0 1.0 -2.0 2.0 2.0 2.0 2.0 2.0 2.0 2.0 2.0 2.0 2.0 2.0 2.0 2.0 2.0 2.0 2.0 2.0 
1.0 1.0 1.0 1.0 1.0 1.0 1.0 -2.0 -2.0 2.0 2.0 2.0 2.0 2.0 2.0 2.0 2.0 2.0 2.0 2.0 2.0 2.0 2.0 2.0 2.0 
1.0 1.0 1.0 1.0 1.0 1.0 -2.0 -2.0 -2.0 -2.0 2.0 2.0 2.0 2.0 2.0 2.0 2.0 2.0 2.0 2.0 2.0 2.0 2.0 2.0 2.0 
1.0 1.0 1.0 1.0 1.0 1.0 -2.0 -2.0 -2.0 -2.0 -2.0 2.0 2.0 2.0 2.0 2.0 2.0 2.0 2.0 2.0 2.0 2.0 2.0 2.0 2.0 
1.0 1.0 1.0 1.0 1.0 1.0 -2.0 -2.0 -2.0 -2.0 -2.0 -2.0 2.0 2.0 2.0 2.0 2.0 2.0 2.0 2.0 2.0 2.0 2.0 2.0 2.0 
1.0 1.0 1.0 1.0 1.0 1.0 -2.0 -2.0 -2.0 -2.0 -2.0 -2.0 -2.0 2.0 2.0 2.0 2.0 2.0 2.0 2.0 2.0 2.0 2.0 2.0 2.0 
1.0 1.0 1.0 1.0 1.0 1.0 -2.0 -2.0 -2.0 -2.0 -2.0 -2.0 -2.0 -2.0 2.0 2.0 2.0 2.0 2.0 2.0 2.0 2.0 2.0 2.0 2.0 
1.0 1.0 1.0 1.0 1.0 1.0 -2.0 -2.0 -2.0 -2.0 -2.0 -2.0 -2.0 -2.0 -2.0 2.0 2.0 2.0 2.0 2.0 2.0 2.0 2.0 2.0 2.0 
1.0 1.0 1.0 1.0 1.0 1.0 -2.0 -2.0 -2.0 -2.0 -2.0 -2.0 -2.0 -2.0 -2.0 -2.0 2.0 2.0 2.0 2.0 2.0 2.0 2.0 2.0 2.0 
1.0 1.0 1.0 1.0 1.0 1.0 -2.0 -2.0 -2.0 -2.0 -2.0 -2.0 -2.0 -2.0 -2.0 -2.0 -2.0 2.0 2.0 2.0 2.0 2.0 2.0 2.0 0.0 
1.0 1.0 1.0 1.0 1.0 1.0 -2.0 -2.0 -2.0 -2.0 -2.0 -2.0 -2.0 -2.0 -2.0 -2.0 -2.0 0.0 0.0 0.0 0.0 0.0 0.0 0.0 0.0 
1.0 1.0 1.0 1.0 1.0 1.0 -2.0 -2.0 -2.0 -2.0 -2.0 -2.0 -2.0 -2.0 -2.0 -2.0 -2.0 0.0 0.0 0.0 0.0 0.0 0.0 0.0 0.0 
1.0 1.0 1.0 1.0 1.0 -2.0 -2.0 -2.0 -2.0 -2.0 -2.0 -2.0 -2.0 -2.0 -2.0 -2.0 -2.0 0.0 0.0 0.0 0.0 0.0 0.0 0.0 0.0 
1.0 1.0 1.0 1.0 1.0 -2.0 -2.0 -2.0 -2.0 -2.0 -2.0 -2.0 -2.0 -2.0 -2.0 -2.0 0.0 0.0 0.0 0.0 0.0 0.0 0.0 0.0 0.0 
1.0 1.0 1.0 1.0 1.0 -2.0 -2.0 -2.0 -2.0 -2.0 -2.0 -2.0 -2.0 -2.0 -2.0 -2.0 0.0 0.0 0.0 0.0 0.0 0.0 0.0 0.0 0.0 
1.0 1.0 1.0 1.0 1.0 -2.0 -2.0 -2.0 -2.0 -2.0 -2.0 -2.0 -2.0 -2.0 -2.0 -2.0 0.0 0.0 0.0 0.0 0.0 0.0 0.0 0.0 0.0 
1.0 1.0 1.0 1.0 1.0 -2.0 -2.0 -2.0 -2.0 -2.0 -2.0 -2.0 -2.0 -2.0 -1.0 -1.0 0.0 0.0 0.0 0.0 0.0 0.0 0.0 0.0 0.0 
1.0 1.0 1.0 1.0 1.0 -2.0 -2.0 -2.0 -2.0 -2.0 -2.0 -1.0 -1.0 -1.0 -1.0 -1.0 -1.0 0.0 0.0 0.0 0.0 0.0 0.0 0.0 0.0 
1.0 1.0 1.0 1.0 1.0 -2.0 -2.0 -2.0 -2.0 -1.0 -1.0 -1.0 -1.0 -1.0 -1.0 -1.0 -1.0 -1.0 0.0 0.0 0.0 0.0 0.0 0.0 0.0 
1.0 1.0 1.0 1.0 1.0 -2.0 -2.0 -1.0 -1.0 -1.0 -1.0 -1.0 -1.0 -1.0 -1.0 -1.0 -1.0 -1.0 0.0 0.0 0.0 0.0 0.0 0.0 0.0 
1.0 1.0 1.0 1.0 1.0 -1.0 -1.0 -1.0 -1.0 -1.0 -1.0 -1.0 -1.0 -1.0 -1.0 -1.0 -1.0 -1.0 -1.0 0.0 0.0 0.0 0.0 0.0 0.0 
1.0 1.0 1.0 1.0 -1.0 -1.0 -1.0 -1.0 -1.0 -1.0 -1.0 -1.0 -1.0 -1.0 -1.0 -1.0 -1.0 -1.0 -1.0 -1.0 0.0 0.0 0.0 0.0 0.0 
1.0 1.0 1.0 -1.0 -1.0 -1.0 -1.0 -1.0 -1.0 -1.0 -1.0 -1.0 -1.0 -1.0 -1.0 -1.0 -1.0 -1.0 -1.0 -1.0 0.0 0.0 0.0 0.0 0.0 
1.0 1.0 1.0 -1.0 -1.0 -1.0 -1.0 -1.0 -1.0 -1.0 -1.0 -1.0 -1.0 -1.0 -1.0 -1.0 -1.0 -1.0 -1.0 -1.0 -1.0 0.0 0.0 0.0 0.0 
1.0 1.0 -1.0 -1.0 -1.0 -1.0 -1.0 -1.0 -1.0 -1.0 -1.0 -1.0 -1.0 -1.0 -1.0 -1.0 -1.0 -1.0 -1.0 -1.0 -1.0 -1.0 0.0 0.0 0.0 

