0.539618 0.912779 0.182098 0.451067 0.962327 0.176876 0.452825 0.209030 0.571546 0.983393 0.347708 0.793592 0.406852 0.338619 0.137233 0.525869 0.936840 0.094230 0.258377 0.795932 0.560747 0.886053 0.987767 0.011827 0.837431 
0.807552 0.566327 0.909982 0.519344 0.367638 0.313748 0.439233 0.476515 0.328137 0.325937 0.295661 0.338874 0.723435 0.505290 0.899654 0.689707 0.266866 0.400120 0.397987 0.385253 0.825983 0.985226 0.852702 0.667540 0.883053 
0.295248 0.899558 0.945724 0.490488 0.328786 0.197955 0.882187 0.494358 0.679063 0.290938 0.103419 0.413571 0.233107 0.688139 0.850835 0.343257 0.808885 0.710196 0.760151 0.453920 0.365155 0.155824 0.280693 0.463102 0.356642 
0.299280 0.179329 0.899050 0.826554 0.696618 0.637546 0.617981 0.640969 0.565980 0.108839 0.593866 0.224482 0.302524 0.058358 0.227248 0.195275 0.701008 0.811380 0.395843 0.737566 0.003263 0.434154 0.582746 0.878006 0.037625 
0.769183 0.282822 0.499159 0.230882 0.227919 0.719987 0.360293 0.474215 0.361718 0.114087 0.332286 0.074188 0.414320 0.043643 0.728825 0.840542 0.794647 0.244627 0.268847 0.125983 0.913068 0.331883 0.116914 0.663034 0.832784 
0.837642 0.862183 0.879994 0.784966 0.813392 0.092547 0.627745 0.591191 0.862203 0.156509 0.922974 0.837210 0.275490 0.460165 0.062044 0.867193 0.326631 0.731877 0.685059 0.111176 0.471039 0.875100 0.999771 0.799329 0.200500 
0.304766 0.196255 0.702300 0.794665 0.570251 0.279482 0.395479 0.217841 0.463273 0.398008 0.772634 0.894870 0.921600 0.063979 0.284511 0.890061 0.301584 0.146052 0.999101 0.052950 0.276045 0.183180 0.670060 0.123277 0.342307 
0.964194 0.437151 0.162367 0.121748 0.220515 0.355091 0.155103 0.865541 0.233638 0.427440 0.610132 0.618349 0.372547 0.282334 0.153083 0.043008 0.711765 0.302728 0.899320 0.491373 0.097974 0.766515 0.994564 0.769116 0.367130 
0.296347 0.327624 0.346666 0.720424 0.058236 0.573414 0.026610 0.019104 0.038099 0.012005 0.962592 0.514957 0.464426 0.977611 0.443914 0.446745 0.132504 0.090855 0.502527 0.287466 0.579108 0.522130 0.352644 0.000718 0.574569 
0.675382 0.106351 0.808076 0.191437 0.635008 0.261558 0.927453 0.540573 0.055839 0.193737 0.130203 0.430141 0.672557 0.560644 0.985843 0.986949 0.669027 0.543987 0.476469 0.693855 0.725912 0.227122 0.091034 0.946877 0.665681 
0.463494 0.608014 0.250346 0.955753 0.078989 0.222652 0.306848 0.537096 0.674121 0.647630 0.862781 0.843702 0.688486 0.294152 0.144915 0.233367 0.823054 0.099308 0.373665 0.712696 0.523741 0.307953 0.474905 0.016539 0.895639 
0.906358 0.788801 0.766360 0.120220 0.336277 0.022126 0.567764 0.779706 0.197475 0.428187 0.372954 0.509875 0.533877 0.622515 0.489431 0.914163 0.641202 0.314192 0.967329 0.637980 0.438690 0.270494 0.929324 0.639816 0.987087 
0.155261 0.964095 0.055048 0.237488 0.484799 0.951800 0.666802 0.205448 0.541252 0.439374 0.427125 0.128186 0.769150 0.744595 0.322054 0.869243 0.951085 0.222042 0.219699 0.440370 0.946216 0.709898 0.032644 0.852329 0.466996 
0.452476 0.237967 0.378392 0.597939 0.936287 0.517652 0.075268 0.058866 0.619055 0.389259 0.903357 0.239867 0.619557 0.043486 0.440217 0.092939 0.435883 0.684313 0.178583 0.296212 0.105218 0.543125 0.207923 0.920295 0.658854 
0.117874 0.243562 0.854861 0.434377 0.038136 0.495443 0.923869 0.458914 0.999067 0.358948 0.271361 0.630302 0.592631 0.396139 0.147776 0.848016 0.289000 0.168441 0.295555 0.764714 0.656149 0.564456 0.360377 0.612059 0.558895 
0.070311 0.977120 0.030489 0.227336 0.941003 0.554445 0.071068 0.735427 0.432148 0.234571 0.783434 0.104653 0.008464 0.777801 0.231801 0.343362 0.585875 0.732925 0.136640 0.120695 0.833390 0.497251 0.047394 0.223778 0.663442 
0.723427 0.790167 0.101046 0.311945 0.494741 0.497009 0.543187 0.110648 0.982396 0.650516 0.771641 0.116612 0.769958 0.986484 0.593659 0.773918 0.614227 0.818544 0.049011 0.200848 0.357676 0.915260 0.620377 0.190503 0.427231 
0.327558 0.881370 0.957533 0.095104 0.699951 0.339454 0.211781 0.335462 0.074276 0.466186 0.759520 0.968468 0.954222 0.784282 0.116322 0.868148 0.018107 0.729870 0.055371 0.098187 0.857345 0.160879 0.024351 0.618554 0.152028 
0.836055 0.017029 0.422852 0.868026 0.509042 0.280203 0.389820 0.327262 0.906890 0.595789 0.685417 0.321443 0.676857 0.107389 0.012224 0.850440 0.540726 0.650954 0.360573 0.163777 0.210365 0.055111 0.218672 0.287004 0.798560 
0.740686 0.768728 0.512374 0.567876 0.737352 0.939721 0.623471 0.872917 0.232500 0.460924 0.858537 0.674479 0.932595 0.895565 0.229609 0.385903 0.331108 0.499412 0.490628 0.517476 0.469987 0.138543 0.659772 0.323975 0.590134 
0.034673 0.177139 0.877221 0.083134 0.010911 0.458104 0.589594 0.301251 0.969703 0.645308 0.433677 0.383130 0.878993 0.528932 0.802970 0.788092 0.985397 0.088949 0.808299 0.848611 0.029813 0.803510 0.948941 0.129259 0.306972 
0.913818 0.458818 0.542640 0.176299 0.688557 0.916275 0.129612 0.662172 0.757785 0.068039 0.828454 0.525714 0.352105 0.560391 0.215520 0.506725 0.321980 0.630363 0.438398 0.423702 0.219485 0.366634 0.734094 0.212698 0.139184 
0.372705 0.298550 0.529161 0.872162 0.461167 0.119746 0.254300 0.726859 0.881968 0.314396 0.393950 0.277167 0.970444 0.749198 0.913948 0.017543 0.482763 0.760147 0.164644 0.395572 0.766962 0.009143 0.589728 0.392782 0.230297 
0.769276 0.937447 0.347507 0.134079 0.078252 0.239068 0.821296 0.525693 0.160644 0.577398 0.059256 0.682034 0.948507 0.142344 0.808016 0.486948 0.239706 0.229922 0.945008 0.612848 0.564395 0.516702 0.069442 0.153328 0.354026 
0.247484 0.776708 0.835598 0.636554 0.225579 0.153776 0.310860 0.572796 0.570832 0.271330 0.283549 0.945899 0.776982 0.399230 0.196492 0.646823 0.135262 0.611109 0.725066 0.496417 0.799508 0.063053 0.604221 0.816041 0.373114 

0.669079 0.225555 0.700121 0.343816 0.693784 0.346164 0.229646 0.670184 0.345064 0.062977 0.768222 0.009362 0.932033 0.010299 0.147452 0.009151 0.266250 0.335201 0.444277 0.328754 0.240662 0.695170 0.557349 0.990979 0.025469 
0.036229 0.990470 0.106540 0.522198 0.431837 0.962271 0.808520 0.237543 0.277248 0.172447 0.157283 0.981906 0.574761 0.164302 0.857077 0.262183 0.569977 0.253875 0.280770 0.725902 0.839906 0.809798 0.009757 0.355796 0.091761 
0.903947 0.697204 0.034818 0.805578 0.079504 0.754591 0.179584 0.981887 0.853550 0.849868 0.183680 0.557751 0.883845 0.141296 0.418359 0.179302 0.253070 0.851034 0.168737 0.125305 0.130651 0.074174 0.845043 0.137341 0.891473 
0.012142 0.856533 0.503197 0.702762 0.568213 0.635470 0.833095 0.239849 0.914505 0.185073 0.557102 0.197858 0.302500 0.469442 0.418747 0.645087 0.815806 0.724260 0.096232 0.082950 0.453380 0.806324 0.587298 0.522423 0.662821 
0.708661 0.337630 0.284894 0.223038 0.012597 0.484562 0.829514 0.568205 0.784492 0.390236 0.453022 0.267567 0.701776 0.970164 0.733722 0.429904 0.796545 0.832456 0.514453 0.484957 0.969475 0.799579 0.096412 0.150814 0.187436 
0.438450 0.770320 0.789574 0.988987 0.495551 0.125594 0.686076 0.722171 0.079343 0.784295 0.055708 0.325074 0.649805 0.791286 0.596642 0.985890 0.277109 0.401258 0.476857 0.441303 0.260583 0.590989 0.566162 0.659976 0.485384 
0.673557 0.559407 0.324584 0.612092 0.087776 0.351535 0.422926 0.129112 0.902283 0.649117 0.388823 0.808720 0.549094 0.750353 0.536072 0.904434 0.763649 0.544484 0.369775 0.607837 0.940243 0.195880 0.915444 0.635350 0.780004 
0.437980 0.074256 0.378054 0.684585 0.499196 0.392014 0.720477 0.391447 0.908061 0.421070 0.280563 0.331175 0.727215 0.515859 0.189485 0.381092 0.135207 0.859401 0.301493 0.442676 0.442793 0.137657 0.027624 0.700941 0.848700 
0.083173 0.034276 0.480767 0.312339 0.211860 0.661097 0.840263 0.875464 0.029852 0.056921 0.773865 0.972785 0.934556 0.673859 0.663393 0.683918 0.837166 0.973402 0.756301 0.322150 0.302565 0.432273 0.155070 0.807480 0.330192 
0.253366 0.715360 0.902799 0.477507 0.674204 0.659849 0.030040 0.424793 0.957213 0.721892 0.825191 0.135269 0.091313 0.992934 0.903445 0.986924 0.838018 0.691957 0.214621 0.513919 0.343621 0.307315 0.110908 0.849955 0.894872 
0.492802 0.155376 0.542280 0.371889 0.879014 0.577105 0.873050 0.675554 0.122048 0.118167 0.746164 0.992656 0.562006 0.541180 0.006847 0.589909 0.144935 0.597072 0.012701 0.750372 0.805722 0.005947 0.633401 0.350465 0.273386 
0.721079 0.837745 0.137474 0.847441 0.966721 0.375089 0.918871 0.439967 0.615240 0.699731 0.820449 0.291600 0.579306 0.265616 0.807586 0.045746 0.065142 0.696725 0.425938 0.149157 0.828617 0.518624 0.458453 0.140673 0.955923 
0.876406 0.370523 0.625104 0.310164 0.970938 0.101992 0.557535 0.272575 0.047595 0.947410 0.700071 0.190558 0.582332 0.213864 0.941411 0.287625 0.919881 0.147550 0.697684 0.338422 0.252753 0.817805 0.313825 0.637122 0.513582 
0.042712 0.258558 0.341746 0.576559 0.613156 0.754143 0.886784 0.733407 0.500956 0.187374 0.892415 0.743474 0.457346 0.991545 0.688057 0.245442 0.630467 0.615306 0.832637 0.670424 0.781811 0.591749 0.969867 0.849034 0.754478 
0.989720 0.747069 0.843523 0.733160 0.809964 0.493113 0.965978 0.459236 0.970041 0.444555 0.439755 0.402075 0.374380 0.486076 0.189180 0.263179 0.624148 0.519661 0.195574 0.233338 0.572301 0.690943 0.659708 0.603689 0.105779 
0.784947 0.352131 0.894364 0.101081 0.646968 0.030823 0.227068 0.412591 0.940280 0.858937 0.807894 0.422432 0.776814 0.046698 0.986064 0.921761 0.631871 0.475213 0.417719 0.536235 0.220727 0.921215 0.207830 0.750154 0.356872 
0.860177 0.778151 0.509334 0.248738 0.526266 0.754746 0.074754 0.847943 0.617502 0.219515 0.682732 0.703151 0.307077 0.782520 0.604697 0.781118 0.249353 0.632892 0.633181 0.584647 0.864457 0.250426 0.973160 0.898348 0.172441 
0.734876 0.491142 0.279284 0.177715 0.397925 0.572564 0.695636 0.646400 0.606475 0.134478 0.417310 0.513784 0.361707 0.232883 0.174554 0.928863 0.454826 0.434191 0.417933 0.565936 0.531205 0.558826 0.360804 0.707234 0.024425 
0.271232 0.967107 0.246698 0.213769 0.247770 0.237373 0.015484 0.736962 0.098994 0.307834 0.428040 0.292939 0.533019 0.180537 0.547199 0.574822 0.378060 0.210175 0.792171 0.082033 0.444970 0.883664 0.346009 0.041864 0.605192 
0.743363 0.038609 0.758719 0.740378 0.552948 0.400940 0.584838 0.460420 0.122503 0.045785 0.811131 0.490682 0.073491 0.382554 0.464676 0.822205 0.546384 0.596725 0.005534 0.993484 0.699841 0.124206 0.115758 0.069632 0.939914 
0.988851 0.515108 0.581988 0.096637 0.738538 0.921667 0.857430 0.165592 0.571467 0.919491 0.907767 0.393922 0.098541 0.540470 0.022046 0.991484 0.055560 0.038809 0.463425 0.789162 0.074266 0.161666 0.873843 0.285754 0.431263 
0.166470 0.504903 0.138344 0.884667 0.439074 0.244469 0.469851 0.578265 0.056561 0.316403 0.972438 0.525368 0.380897 0.732054 0.426774 0.619737 0.179614 0.089398 0.667430 0.922035 0.657846 0.739850 0.259300 0.277627 0.610195 
0.413178 0.769060 0.766231 0.077289 0.667090 0.052969 0.330121 0.299686 0.014865 0.415988 0.680978 0.030259 0.213103 0.512846 0.036942 0.337837 0.684739 0.713149 0.701132 0.845272 0.294646 0.251302 0.148688 0.570759 0.764276 
0.087559 0.167997 0.523953 0.720138 0.189349 0.531458 0.337782 0.675868 0.540441 0.026912 0.624332 0.760039 0.225108 0.973393 0.826686 0.340077 0.411555 0.616249 0.196709 0.975222 0.231990 0.674520 0.448216 0.904607 0.799487 
0.765415 0.149901 0.253571 0.579148 0.610988 0.356660 0.123735 0.719792 0.822712 0.396995 0.886375 0.888388 0.809561 0.625435 0.521860 0.658660 0.591588 0.523354 0.453908 0.334631 0.264479 0.512015 0.652951 0.939812 0.343391 

0.758904 -0.261975 -0.986538 -0.180762 -0.528859 -0.303377 0.167327 -0.751701 0.108168 0.148330 -2.518148 -1.530536 -2.883727 -0.971921 -0.255045 -1.147670 -2.537392 -0.444731 -1.324194 -2.384295 -1.177308 -3.028334 -3.144447 -2.325240 -1.261329 
-0.894772 -0.824328 -0.201895 -0.621933 -0.627653 -0.800425 -0.540471 -0.665099 0.191475 0.367075 -0.283001 -2.646759 -2.931695 -0.897643 -3.690958 -1.502006 -1.835612 -1.181950 -0.939497 -2.454660 -3.468422 -3.040662 -1.814371 -2.297065 -1.884398 
1.343664 0.107301 0.293195 -0.871854 -0.377642 -0.580473 -0.787247 -1.055530 -0.334496 -0.562884 0.371524 -0.573819 -2.334878 -2.023412 -2.252988 -0.655475 -2.678110 -3.063763 -1.937307 -1.190311 -0.680378 -0.714934 -2.327067 -1.355379 0.788636 
-0.746051 1.605080 -0.252184 -0.604360 -0.739075 -1.153682 -0.622157 -0.233738 -1.007111 0.065378 -0.565401 -0.446854 -0.313509 -0.519133 -1.843239 -2.054822 -2.874085 -2.974280 -1.423121 -1.784794 -0.813115 -2.350280 -2.501765 2.001340 0.119889 
0.534006 0.838329 0.749456 -0.234191 0.219270 -0.170872 -0.476823 -1.101967 -0.856260 -1.043009 -0.807398 -0.126511 -0.563073 -0.932126 -2.757293 -2.669852 -3.112531 -2.076186 -2.042594 -0.825891 -3.772760 -2.331251 -0.180434 0.874514 1.326815 
0.010040 1.273638 0.504684 1.248689 -0.562481 0.677766 -0.759787 -0.764477 -0.055804 -0.940277 -0.185332 -0.563838 -0.815863 -1.013191 -1.030517 -3.407618 -1.174513 -2.248827 -2.295968 -0.779857 -1.545833 1.762813 1.954076 1.965754 0.214436 
0.624721 1.107266 0.184282 -0.016980 -0.546086 -0.415625 -0.536519 -0.373714 -0.819407 -0.253486 0.154568 -0.882180 -1.142100 -0.480736 -0.824599 -0.460041 -2.095102 -1.511148 -2.423440 -1.469504 0.512352 -0.012736 1.153321 -0.262263 1.306155 
0.045381 -0.448616 0.977614 0.791491 0.844609 -0.516009 -0.513174 -0.154604 -0.563535 -0.468127 -0.240289 -0.341169 -0.511153 0.185392 0.005928 -0.307929 -0.452197 -2.909261 -1.864803 1.019565 0.098823 1.456016 1.986172 1.459608 0.627184 
-0.346064 -0.297079 1.088977 0.317813 0.062081 0.620364 -0.934851 -1.114544 -0.076574 0.099401 -1.007739 -0.479673 -0.883268 -0.457796 -0.583536 -0.437753 -0.640965 -0.521252 1.253406 0.311695 0.875076 1.295955 0.270231 -0.061944 0.871188 
-0.001016 1.151640 0.905356 0.755702 0.803940 1.046646 -1.038315 -0.567524 -1.002055 -1.105081 -1.208070 0.187745 -0.638620 -0.830158 -0.847451 -1.168981 -1.046700 -0.766019 1.145725 1.815756 1.270273 0.779769 -0.309885 2.313598 1.303713 
0.795496 -0.264685 0.772867 0.419458 1.445788 0.781410 1.090332 -0.552017 -0.289373 -0.304014 -0.919076 -0.993461 -0.513959 -0.796075 -0.268475 -0.207674 -0.494907 -0.700236 -0.268203 1.171045 1.179290 0.743889 1.017129 -0.078163 2.027524 
0.958437 1.102659 -0.255945 1.220708 1.456150 0.541577 1.458784 0.647029 -0.305177 -0.752799 -0.677583 -0.745838 -0.599213 -0.372353 -1.168414 0.323929 -0.011660 -1.017079 -0.063286 0.941492 0.984949 0.726392 1.805217 1.082694 1.419756 
1.402507 -0.374634 0.954277 0.741434 1.530488 -1.366357 0.691506 0.643726 0.103616 -0.936487 -0.995843 -0.070052 -0.924627 -0.311567 -0.809098 -0.992831 -0.949258 0.039439 -0.951442 -0.669043 1.882164 0.923170 -0.415879 1.188654 0.527386 
-0.234628 0.275820 0.438431 0.427442 -0.273907 1.413118 1.007805 1.320362 0.209651 -0.194719 -1.161390 -0.821291 -0.920992 -1.008096 -0.613366 -1.085003 -0.405262 -0.850286 -1.187563 1.618303 -0.167978 0.618896 0.310258 2.216641 1.312872 
2.035736 1.599192 0.491805 0.933349 1.358363 0.361799 0.238822 0.432385 0.951496 0.346730 -0.149256 -0.765757 -0.230783 -0.061023 0.101774 1.096006 0.525488 0.273540 0.347271 0.933147 0.797669 1.623577 0.896854 0.200656 1.672641 
2.037347 0.555911 2.156443 -0.223901 0.179613 -0.422759 0.201987 -0.203058 1.185050 1.602231 0.389662 -0.425082 0.537927 0.792801 1.153517 1.487106 0.614071 1.257165 0.143196 0.706752 0.712746 0.632780 0.366124 0.186292 1.274094 
1.401370 0.945239 0.649923 0.164313 0.813906 1.176695 -0.547543 1.792988 0.497235 -0.285307 0.729998 0.928239 1.211450 1.854533 0.822206 1.042065 1.050945 1.665661 0.902504 0.884903 1.613419 1.156124 1.488286 1.398885 0.908724 
1.794916 0.439109 -0.050438 0.796254 0.161572 0.748746 1.607533 0.832003 1.092193 -0.266548 1.059210 1.503641 1.083988 0.397722 0.291433 1.880776 0.337598 0.995693 0.302776 0.467919 1.692048 0.392179 0.078209 1.574108 -0.272972 
-0.506523 1.528823 -0.131580 -0.284288 -0.330194 0.603108 0.096935 0.838873 -0.738884 0.219115 1.013781 0.581111 1.342901 0.388992 0.568798 1.441861 0.769852 0.553381 0.439217 0.002959 0.533233 0.948283 0.230535 0.326850 1.772622 
1.142098 -0.718869 0.975133 1.147323 0.084219 -0.088046 0.744914 -0.064998 -0.297769 -0.467301 1.958490 1.068144 0.825303 0.711446 0.645434 0.963061 0.972903 0.786427 -0.000422 1.795662 1.336833 0.336684 0.619263 0.248067 1.574815 
1.674094 0.750652 -0.112834 -0.328979 2.079126 0.793806 1.023327 -0.067496 0.429136 1.937773 1.108457 0.522448 0.536452 0.818644 0.824392 1.352717 1.422726 0.107629 0.818263 1.391903 0.404561 1.235538 1.735136 0.270849 0.510928 
-0.642346 0.040442 -0.359800 1.568770 0.093541 -0.283180 1.077625 0.001681 -0.585008 0.377900 2.121527 0.814898 0.234562 0.850212 0.655672 1.572413 0.513849 0.500492 1.084224 1.230702 0.675385 1.524928 1.097423 0.864461 0.953423 
0.647947 1.320035 1.107475 -0.539388 1.016564 -0.494320 0.617424 -0.361447 0.869758 0.254378 1.495423 0.193704 1.206595 1.325633 0.631166 0.479266 1.304696 1.245691 0.719791 0.828224 0.773360 -0.015566 0.776567 0.584201 0.772607 
-0.466055 -0.736358 0.831514 1.062235 0.283285 1.911122 -0.170055 0.597902 0.940451 0.710060 0.612505 1.957859 1.589395 1.518962 1.136331 0.620341 0.615199 0.888841 1.541972 1.696052 0.702399 1.273711 0.612914 1.045208 0.753272 
1.711027 -0.295331 -0.006848 1.022018 0.977314 0.954677 -0.151575 0.850366 1.852417 0.707931 0.825793 2.027607 1.745392 1.468388 0.854669 1.644467 0.904626 0.742907 0.945289 0.824022 0.660869 0.216986 1.098421 1.669632 0.795463 

2 1 1 1 1 1 1 1 1 1 4 4 4 4 4 4 4 4 4 4 4 4 4 4 4 
2 1 1 1 1 1 1 1 1 1 1 4 4 4 4 4 4 4 4 4 4 4 4 4 4 
2 2 1 1 1 1 1 1 1 1 1 1 4 4 4 4 4 4 4 4 4 4 4 4 3 
2 2 2 1 1 1 1 1 1 1 1 1 1 4 4 4 4 4 4 4 4 4 4 3 3 
2 2 2 1 1 1 1 1 1 1 1 1 1 1 4 4 4 4 4 4 4 4 3 3 3 
2 2 2 2 1 1 1 1 1 1 1 1 1 1 1 4 4 4 4 4 4 3 3 3 3 
2 2 2 2 2 1 1 1 1 1 1 1 1 1 1 1 4 4 4 4 3 3 3 3 3 
2 2 2 2 2 1 1 1 1 1 1 1 1 1 1 1 1 4 4 3 3 3 3 3 3 
2 2 2 2 2 2 1 1 1 1 1 1 1 1 1 1 1 1 3 3 3 3 3 3 3 
2 2 2 2 2 2 2 1 1 1 1 1 1 1 1 1 1 1 3 3 3 3 3 3 3 
2 2 2 2 2 2 2 1 1 1 1 1 1 1 1 1 1 1 1 3 3 3 3 3 3 
2 2 2 2 2 2 2 2 1 1 1 1 1 1 1 1 1 1 1 3 3 3 3 3 3 
2 2 2 2 2 2 2 2 2 1 1 1 1 1 1 1 1 1 1 1 3 3 3 3 3 
2 2 2 2 2 2 2 2 2 1 1 1 1 1 1 1 1 1 1 0 3 3 3 3 3 
2 2 2 2 2 2 2 2 2 2 1 1 1 1 1 0 0 0 0 0 0 0 3 3 3 
2 2 2 2 2 2 2 2 2 2 2 1 0 0 0 0 0 0 0 0 0 0 0 3 3 
2 2 2 2 2 2 2 2 2 2 2 0 0 0 0 0 0 0 0 0 0 0 0 0 3 
2 2 2 2 2 2 2 2 2 2 0 0 0 0 0 0 0 0 0 0 0 0 0 0 0 
2 2 2 2 2 2 2 2 2 2 0 0 0 0 0 0 0 0 0 0 0 0 0 0 0 
2 2 2 2 2 2 2 2 2 2 0 0 0 0 0 0 0 0 0 0 0 0 0 0 0 
2 2 2 2 2 2 2 2 2 0 0 0 0 0 0 0 0 0 0 0 0 0 0 0 0 
2 2 2 2 2 2 2 2 2 0 0 0 0 0 0 0 0 0 0 0 0 0 0 0 0 
2 2 2 2 2 2 2 2 0 0 0 0 0 0 0 0 0 0 0 0 0 0 0 0 0 
2 2 2 2 2 2 2 2 0 0 0 0 0 0 0 0 0 0 0 0 0 0 0 0 0 
2 2 2 2 2 2 2 2 0 0 0 0 0 0 0 0 0 0 0 0 0 0 0 0 0 

-1.0 0.0 0.0 0.0 0.0 0.0 0.0 0.0 0.0 0.0 -2.0 -2.0 -2.0 -2.0 -2.0 -2.0 -2.0 -2.0 -2.0 -2.0 -2.0 -2.0 -2.0 -2.0 -2.0 
-1.0 0.0 0.0 0.0 0.0 0.0 0.0 0.0 0.0 0.0 0.0 -2.0 -2.0 -2.0 -2.0 -2.0 -2.0 -2.0 -2.0 -2.0 -2.0 -2.0 -2.0 -2.0 -2.0 
-1.0 -1.0 0.0 0.0 0.0 0.0 0.0 0.0 0.0 0.0 0.0 0.0 -2.0 -2.0 -2.0 -2.0 -2.0 -2.0 -2.0 -2.0 -2.0 -2.0 -2.0 -2.0 2.0 
-1.0 -1.0 -1.0 0.0 0.0 0.0 0.0 0.0 0.0 0.0 0.0 0.0 0.0 -2.0 -2.0 -2.0 -2.0 -2.0 -2.0 -2.0 -2.0 -2.0 -2.0 2.0 2.0 
-1.0 -1.0 -1.0 0.0 0.0 0.0 0.0 0.0 0.0 0.0 0.0 0.0 0.0 0.0 -2.0 -2.0 -2.0 -2.0 -2.0 -2.0 -2.0 -2.0 2.0 2.0 2.0 
-1.0 -1.0 -1.0 -1.0 0.0 0.0 0.0 0.0 0.0 0.0 0.0 0.0 0.0 0.0 0.0 -2.0 -2.0 -2.0 -2.0 -2.0 -2.0 2.0 2.0 2.0 2.0 
-1.0 -1.0 -1.0 -1.0 -1.0 0.0 0.0 0.0 0.0 0.0 0.0 0.0 0.0 0.0 0.0 0.0 -2.0 -2.0 -2.0 -2.0 2.0 2.0 2.0 2.0 2.0 
-1.0 -1.0 -1.0 -1.0 -1.0 0.0 0.0 0.0 0.0 0.0 0.0 0.0 0.0 0.0 0.0 0.0 0.0 -2.0 -2.0 2.0 2.0 2.0 2.0 2.0 2.0 
-1.0 -1.0 -1.0 -1.0 -1.0 -1.0 0.0 0.0 0.0 0.0 0.0 0.0 0.0 0.0 0.0 0.0 0.0 0.0 2.0 2.0 2.0 2.0 2.0 2.0 2.0 
-1.0 -1.0 -1.0 -1.0 -1.0 -1.0 -1.0 0.0 0.0 0.0 0.0 0.0 0.0 0.0 0.0 0.0 0.0 0.0 2.0 2.0 2.0 2.0 2.0 2.0 2.0 
-1.0 -1.0 -1.0 -1.0 -1.0 -1.0 -1.0 0.0 0.0 0.0 0.0 0.0 0.0 0.0 0.0 0.0 0.0 0.0 0.0 2.0 2.0 2.0 2.0 2.0 2.0 
-1.0 -1.0 -1.0 -1.0 -1.0 -1.0 -1.0 -1.0 0.0 0.0 0.0 0.0 0.0 0.0 0.0 0.0 0.0 0.0 0.0 2.0 2.0 2.0 2.0 2.0 2.0 
-1.0 -1.0 -1.0 -1.0 -1.0 -1.0 -1.0 -1.0 -1.0 0.0 0.0 0.0 0.0 0.0 0.0 0.0 0.0 0.0 0.0 0.0 2.0 2.0 2.0 2.0 2.0 
-1.0 -1.0 -1.0 -1.0 -1.0 -1.0 -1.0 -1.0 -1.0 0.0 0.0 0.0 0.0 0.0 0.0 0.0 0.0 0.0 0.0 1.0 2.0 2.0 2.0 2.0 2.0 
-1.0 -1.0 -1.0 -1.0 -1.0 -1.0 -1.0 -1.0 -1.0 -1.0 0.0 0.0 0.0 0.0 0.0 1.0 1.0 1.0 1.0 1.0 1.0 1.0 2.0 2.0 2.0 
-1.0 -1.0 -1.0 -1.0 -1.0 -1.0 -1.0 -1.0 -1.0 -1.0 -1.0 0.0 1.0 1.0 1.0 1.0 1.0 1.0 1.0 1.0 1.0 1.0 1.0 2.0 2.0 
-1.0 -1.0 -1.0 -1.0 -1.0 -1.0 -1.0 -1.0 -1.0 -1.0 -1.0 1.0 1.0 1.0 1.0 1.0 1.0 1.0 1.0 1.0 1.0 1.0 1.0 1.0 2.0 
-1.0 -1.0 -1.0 -1.0 -1.0 -1.0 -1.0 -1.0 -1.0 -1.0 1.0 1.0 1.0 1.0 1.0 1.0 1.0 1.0 1.0 1.0 1.0 1.0 1.0 1.0 1.0 
-1.0 -1.0 -1.0 -1.0 -1.0 -1.0 -1.0 -1.0 -1.0 -1.0 1.0 1.0 1.0 1.0 1.0 1.0 1.0 1.0 1.0 1.0 1.0 1.0 1.0 1.0 1.0 
-1.0 -1.0 -1.0 -1.0 -1.0 -1.0 -1.0 -1.0 -1.0 -1.0 1.0 1.0 1.0 1.0 1.0 1.0 1.0 1.0 1.0 1.0 1.0 1.0 1.0 1.0 1.0 
-1.0 -1.0 -1.0 -1.0 -1.0 -1.0 -1.0 -1.0 -1.0 1.0 1.0 1.0 1.0 1.0 1.0 1.0 1.0 1.0 1.0 1.0 1.0 1.0 1.0 1.0 1.0 
-1.0 -1.0 -1.0 -1.0 -1.0 -1.0 -1.0 -1.0 -1.0 1.0 1.0 1.0 1.0 1.0 1.0 1.0 1.0 1.0 1.0 1.0 1.0 1.0 1.0 1.0 1.0 
-1.0 -1.0 -1.0 -1.0 -1.0 -1.0 -1.0 -1.0 1.0 1.0 1.0 1.0 1.0 1.0 1.0 1.0 1.0 1.0 1.0 1.0 1.0 1.0 1.0 1.0 1.0 
-1.0 -1.0 -1.0 -1.0 -1.0 -1.0 -1.0 -1.0 1.0 1.0 1.0 1.0 1.0 1.0 1.0 1.0 1.0 1.0 1.0 1.0 1.0 1.0 1.0 1.0 1.0 
-1.0 -1.0 -1.0 -1.0 -1.0 -1.0 -1.0 -1.0 1.0 1.0 1.0 1.0 1.0 1.0 1.0 1.0 1.0 1.0 1.0 1.0 1.0 1.0 1.0 1.0 1.0 

2.0 -1.0 -1.0 -1.0 -1.0 -1.0 -1.0 -1.0 -1.0 -1.0 -2.0 -2.0 -2.0 -2.0 -2.0 -2.0 -2.0 -2.0 -2.0 -2.0 -2.0 -2.0 -2.0 -2.0 -2.0 
2.0 -1.0 -1.0 -1.0 -1.0 -1.0 -1.0 -1.0 -1.0 -1.0 -1.0 -2.0 -2.0 -2.0 -2.0 -2.0 -2.0 -2.0 -2.0 -2.0 -2.0 -2.0 -2.0 -2.0 -2.0 
2.0 2.0 -1.0 -1.0 -1.0 -1.0 -1.0 -1.0 -1.0 -1.0 -1.0 -1.0 -2.0 -2.0 -2.0 -2.0 -2.0 -2.0 -2.0 -2.0 -2.0 -2.0 -2.0 -2.0 0.0 
2.0 2.0 2.0 -1.0 -1.0 -1.0 -1.0 -1.0 -1.0 -1.0 -1.0 -1.0 -1.0 -2.0 -2.0 -2.0 -2.0 -2.0 -2.0 -2.0 -2.0 -2.0 -2.0 0.0 0.0 
2.0 2.0 2.0 -1.0 -1.0 -1.0 -1.0 -1.0 -1.0 -1.0 -1.0 -1.0 -1.0 -1.0 -2.0 -2.0 -2.0 -2.0 -2.0 -2.0 -2.0 -2.0 0.0 0.0 0.0 
2.0 2.0 2.0 2.0 -1.0 -1.0 -1.0 -1.0 -1.0 -1.0 -1.0 -1.0 -1.0 -1.0 -1.0 -2.0 -2.0 -2.0 -2.0 -2.0 -2.0 0.0 0.0 0.0 0.0 
2.0 2.0 2.0 2.0 2.0 -1.0 -1.0 -1.0 -1.0 -1.0 -1.0 -1.0 -1.0 -1.0 -1.0 -1.0 -2.0 -2.0 -2.0 -2.0 0.0 0.0 0.0 0.0 0.0 
2.0 2.0 2.0 2.0 2.0 -1.0 -1.0 -1.0 -1.0 -1.0 -1.0 -1.0 -1.0 -1.0 -1.0 -1.0 -1.0 -2.0 -2.0 0.0 0.0 0.0 0.0 0.0 0.0 
2.0 2.0 2.0 2.0 2.0 2.0 -1.0 -1.0 -1.0 -1.0 -1.0 -1.0 -1.0 -1.0 -1.0 -1.0 -1.0 -1.0 0.0 0.0 0.0 0.0 0.0 0.0 0.0 
2.0 2.0 2.0 2.0 2.0 2.0 2.0 -1.0 -1.0 -1.0 -1.0 -1.0 -1.0 -1.0 -1.0 -1.0 -1.0 -1.0 0.0 0.0 0.0 0.0 0.0 0.0 0.0 
2.0 2.0 2.0 2.0 2.0 2.0 2.0 -1.0 -1.0 -1.0 -1.0 -1.0 -1.0 -1.0 -1.0 -1.0 -1.0 -1.0 -1.0 0.0 0.0 0.0 0.0 0.0 0.0 
2.0 2.0 2.0 2.0 2.0 2.0 2.0 2.0 -1.0 -1.0 -1.0 -1.0 -1.0 -1.0 -1.0 -1.0 -1.0 -1.0 -1.0 0.0 0.0 0.0 0.0 0.0 0.0 
2.0 2.0 2.0 2.0 2.0 2.0 2.0 2.0 2.0 -1.0 -1.0 -1.0 -1.0 -1.0 -1.0 -1.0 -1.0 -1.0 -1.0 -1.0 0.0 0.0 0.0 0.0 0.0 
2.0 2.0 2.0 2.0 2.0 2.0 2.0 2.0 2.0 -1.0 -1.0 -1.0 -1.0 -1.0 -1.0 -1.0 -1.0 -1.0 -1.0 1.0 0.0 0.0 0.0 0.0 0.0 
2.0 2.0 2.0 2.0 2.0 2.0 2.0 2.0 2.0 2.0 -1.0 -1.0 -1.0 -1.0 -1.0 1.0 1.0 1.0 1.0 1.0 1.0 1.0 0.0 0.0 0.0 
2.0 2.0 2.0 2.0 2.0 2.0 2.0 2.0 2.0 2.0 2.0 -1.0 1.0 1.0 1.0 1.0 1.0 1.0 1.0 1.0 1.0 1.0 1.0 0.0 0.0 
2.0 2.0 2.0 2.0 2.0 2.0 2.0 2.0 2.0 2.0 2.0 1.0 1.0 1.0 1.0 1.0 1.0 1.0 1.0 1.0 1.0 1.0 1.0 1.0 0.0 
2.0 2.0 2.0 2.0 2.0 2.0 2.0 2.0 2.0 2.0 1.0 1.0 1.0 1.0 1.0 1.0 1.0 1.0 1.0 1.0 1.0 1.0 1.0 1.0 1.0 
2.0 2.0 2.0 2.0 2.0 2.0 2.0 2.0 2.0 2.0 1.0 1.0 1.0 1.0 1.0 1.0 1.0 1.0 1.0 1.0 1.0 1.0 1.0 1.0 1.0 
2.0 2.0 2.0 2.0 2.0 2.0 2.0 2.0 2.0 2.0 1.0 1.0 1.0 1.0 1.0 1.0 1.0 1.0 1.0 1.0 1.0 1.0 1.0 1.0 1.0 
2.0 2.0 2.0 2.0 2.0 2.0 2.0 2.0 2.0 1.0 1.0 1.0 1.0 1.0 1.0 1.0 1.0 1.0 1.0 1.0 1.0 1.0 1.0 1.0 1.0 
2.0 2.0 2.0 2.0 2.0 2.0 2.0 2.0 2.0 1.0 1.0 1.0 1.0 1.0 1.0 1.0 1.0 1.0 1.0 1.0 1.0 1.0 1.0 1.0 1.0 
2.0 2.0 2.0 2.0 2.0 2.0 2.0 2.0 1.0 1.0 1.0 1.0 1.0 1.0 1.0 1.0 1.0 1.0 1.0 1.0 1.0 1.0 1.0 1.0 1.0 
2.0 2.0 2.0 2.0 2.0 2.0 2.0 2.0 1.0 1.0 1.0 1.0 1.0 1.0 1.0 1.0 1.0 1.0 1.0 1.0 1.0 1.0 1.0 1.0 1.0 
2.0 2.0 2.0 2.0 2.0 2.0 2.0 2.0 1.0 1.0 1.0 1.0 1.0 1.0 1.0 1.0 1.0 1.0 1.0 1.0 1.0 1.0 1.0 1.0 1.0 

