0.925098 0.542966 0.677601 0.635596 0.039350 0.225382 0.524335 0.176470 0.647839 0.405833 0.330447 0.361145 0.919321 0.930543 0.646444 0.727251 0.826140 0.683086 0.193875 0.511965 0.056486 0.852286 0.958012 0.137703 0.435206 
0.642795 0.315171 0.433484 0.029913 0.050117 0.002191 0.784710 0.495695 0.653941 0.862126 0.455428 0.132031 0.238697 0.586921 0.789396 0.259476 0.785819 0.473768 0.674284 0.423117 0.423619 0.010459 0.760062 0.655982 0.719806 
0.061109 0.004968 0.081475 0.378223 0.796287 0.221703 0.389778 0.872081 0.239006 0.393285 0.146679 0.299116 0.368002 0.001582 0.218738 0.902345 0.501608 0.230680 0.834710 0.935038 0.645301 0.402036 0.395474 0.097137 0.954338 
0.622994 0.379778 0.028384 0.690003 0.387589 0.020866 0.627610 0.334056 0.423979 0.052698 0.485232 0.564516 0.315422 0.734828 0.197330 0.200848 0.531590 0.753580 0.417293 0.802396 0.506855 0.052724 0.657881 0.345282 0.160661 
0.873139 0.242535 0.979174 0.711060 0.056111 0.184951 0.918389 0.682753 0.032802 0.633609 0.960073 0.941793 0.441446 0.925588 0.707640 0.286745 0.246898 0.134295 0.185924 0.235089 0.448388 0.697401 0.411337 0.673852 0.398942 
0.874224 0.017958 0.028933 0.186243 0.256072 0.944207 0.914189 0.659781 0.145072 0.156920 0.315536 0.916694 0.424702 0.928004 0.149712 0.212223 0.298623 0.049316 0.987608 0.674904 0.430940 0.999457 0.569119 0.957387 0.350964 
0.247601 0.276546 0.180712 0.393595 0.003797 0.158979 0.329305 0.744293 0.415218 0.282398 0.741566 0.073540 0.897381 0.110145 0.145486 0.290904 0.712117 0.882708 0.051097 0.639217 0.687169 0.511886 0.790694 0.325759 0.084869 
0.512176 0.394100 0.110442 0.100437 0.910655 0.276916 0.458404 0.824252 0.448889 0.029508 0.992743 0.576531 0.365250 0.645865 0.908322 0.944837 0.214015 0.500675 0.659472 0.761293 0.569284 0.784510 0.762169 0.867981 0.558855 
0.062543 0.608865 0.602012 0.859796 0.227744 0.570086 0.160114 0.428237 0.213176 0.761103 0.820599 0.145028 0.137455 0.140062 0.714432 0.593997 0.612711 0.572539 0.827006 0.596956 0.311677 0.908403 0.945004 0.239616 0.552937 
0.217075 0.502601 0.970059 0.359908 0.048800 0.940613 0.760652 0.257278 0.486909 0.713848 0.962889 0.512133 0.640086 0.217077 0.839599 0.694054 0.398745 0.338359 0.566167 0.004921 0.718576 0.043926 0.918447 0.518733 0.342262 
0.361828 0.071028 0.877417 0.635527 0.210726 0.613889 0.608940 0.196967 0.206297 0.766798 0.408906 0.661012 0.151449 0.563975 0.661982 0.585325 0.345377 0.472406 0.639378 0.731875 0.108282 0.533066 0.464105 0.545036 0.986907 
0.863686 0.556604 0.682277 0.574273 0.809072 0.724972 0.747420 0.903230 0.026076 0.919481 0.201552 0.671634 0.143359 0.469025 0.608552 0.014062 0.587430 0.386972 0.342296 0.957918 0.954239 0.294590 0.185116 0.764712 0.014607 
0.391573 0.303392 0.687984 0.888603 0.703424 0.301278 0.715607 0.624264 0.412854 0.712883 0.840304 0.860131 0.703202 0.858809 0.918234 0.575454 0.299749 0.310758 0.586157 0.117013 0.873203 0.512614 0.466355 0.089030 0.676946 
0.330552 0.110291 0.664370 0.207889 0.347674 0.986834 0.541294 0.695270 0.178123 0.142675 0.616725 0.876710 0.022136 0.691747 0.203972 0.799283 0.275298 0.241327 0.966162 0.254512 0.077359 0.083124 0.706135 0.291980 0.404620 
0.761162 0.745229 0.123099 0.842023 0.024349 0.023064 0.088032 0.895700 0.526789 0.233642 0.072248 0.820808 0.059108 0.164886 0.529256 0.056868 0.036586 0.931164 0.078098 0.235102 0.501886 0.240819 0.507438 0.441242 0.748199 
0.585698 0.897881 0.291031 0.046285 0.701726 0.708688 0.032563 0.385071 0.581471 0.843134 0.922612 0.067743 0.571129 0.295256 0.241668 0.555734 0.348081 0.823060 0.515135 0.476285 0.851574 0.972457 0.855771 0.030215 0.204018 
0.869655 0.377984 0.923928 0.628267 0.068910 0.658109 0.344119 0.951151 0.068475 0.185688 0.038410 0.457490 0.425053 0.141887 0.641003 0.206438 0.491271 0.996448 0.343462 0.763130 0.221286 0.278749 0.693279 0.129680 0.338227 
0.094813 0.199572 0.169516 0.615442 0.610392 0.290151 0.908100 0.084805 0.009665 0.623285 0.906521 0.073925 0.538183 0.751231 0.776645 0.771847 0.793270 0.563730 0.096769 0.408225 0.335395 0.819800 0.216914 0.748350 0.321879 
0.161354 0.770715 0.390882 0.426679 0.815872 0.169524 0.364496 0.467383 0.171754 0.937443 0.770209 0.110438 0.655400 0.109156 0.397258 0.678957 0.305030 0.600873 0.034889 0.438791 0.627771 0.171014 0.220945 0.739012 0.719488 
0.358294 0.058833 0.520030 0.726335 0.750853 0.547112 0.806653 0.895793 0.765271 0.024990 0.366787 0.495002 0.974807 0.019097 0.722384 0.417669 0.250461 0.917131 0.016689 0.532248 0.030177 0.432423 0.594698 0.537636 0.671678 
0.651546 0.858144 0.732838 0.441750 0.950333 0.091949 0.074985 0.851134 0.163015 0.799213 0.229932 0.178751 0.470711 0.716174 0.148338 0.890522 0.286279 0.029567 0.887862 0.092620 0.487799 0.461167 0.078802 0.435663 0.336072 
0.303812 0.331724 0.874226 0.517390 0.747361 0.239126 0.246413 0.978351 0.211885 0.056922 0.440789 0.186755 0.221658 0.662221 0.642855 0.369428 0.093329 0.461155 0.930865 0.783493 0.600200 0.389299 0.908241 0.879634 0.739696 
0.315489 0.110296 0.623822 0.091485 0.156518 0.570997 0.717568 0.121200 0.475097 0.974249 0.418965 0.104495 0.060006 0.454107 0.183778 0.407716 0.873899 0.557692 0.733105 0.612570 0.467335 0.314481 0.928881 0.473143 0.043228 
0.990903 0.193379 0.458265 0.673521 0.985599 0.906417 0.047373 0.354777 0.987873 0.295277 0.745498 0.119163 0.735029 0.538368 0.700437 0.816364 0.522167 0.830903 0.831044 0.507266 0.157943 0.835786 0.993917 0.523618 0.978459 
0.857805 0.126299 0.163847 0.031135 0.850397 0.768119 0.632379 0.302284 0.178969 0.347381 0.340900 0.601176 0.882475 0.471335 0.155580 0.750148 0.885299 0.752352 0.249555 0.072086 0.264712 0.727700 0.445734 0.387918 0.259555 

0.287343 0.164764 0.385610 0.194379 0.112119 0.257670 0.909119 0.830477 0.106634 0.576131 0.849551 0.239131 0.570384 0.686263 0.081742 0.583972 0.019111 0.806775 0.250080 0.524928 0.463630 0.460888 0.092775 0.536698 0.663106 
0.964655 0.385232 0.588185 0.619531 0.912776 0.751268 0.443624 0.376538 0.067691 0.698577 0.640366 0.352200 0.123163 0.046360 0.568566 0.971691 0.090054 0.690396 0.315020 0.109674 0.669153 0.985099 0.738689 0.626154 0.475349 
0.389254 0.720746 0.648287 0.875280 0.751214 0.970664 0.962659 0.864546 0.027914 0.584840 0.452467 0.459923 0.370912 0.631455 0.346681 0.569135 0.438322 0.524849 0.491091 0.992701 0.390799 0.182367 0.367192 0.752724 0.924228 
0.385377 0.453826 0.930190 0.857833 0.973196 0.228466 0.978306 0.391163 0.011394 0.914405 0.950891 0.083373 0.041427 0.576784 0.693442 0.940320 0.463521 0.830511 0.243419 0.321078 0.950479 0.645828 0.270339 0.431656 0.062130 
0.193603 0.599493 0.587771 0.022342 0.875537 0.716785 0.769910 0.156735 0.207404 0.976106 0.880382 0.358232 0.188322 0.783165 0.440112 0.621262 0.019307 0.713357 0.342578 0.677827 0.695328 0.570626 0.413744 0.740867 0.733146 
0.668120 0.099110 0.476620 0.705291 0.321851 0.811087 0.506880 0.293029 0.103227 0.234353 0.060418 0.318033 0.673076 0.529121 0.929430 0.399070 0.540835 0.218566 0.007653 0.910846 0.902358 0.007162 0.641816 0.613031 0.892504 
0.613290 0.188658 0.790287 0.137666 0.868939 0.397030 0.921048 0.493940 0.885836 0.131342 0.612897 0.272292 0.915454 0.752861 0.025597 0.987896 0.744572 0.076579 0.167925 0.377030 0.752795 0.774097 0.716328 0.826187 0.046639 
0.016896 0.370869 0.505982 0.521049 0.918131 0.197967 0.929492 0.386376 0.341833 0.630584 0.419712 0.876267 0.130445 0.462885 0.445992 0.329611 0.032101 0.117206 0.580798 0.566134 0.947925 0.960290 0.644140 0.677667 0.029709 
0.781145 0.351959 0.234332 0.002261 0.050915 0.768592 0.741246 0.835419 0.143247 0.398400 0.458363 0.285957 0.765292 0.135438 0.601755 0.932197 0.247731 0.919399 0.529476 0.621318 0.752563 0.087162 0.566984 0.843131 0.382447 
0.258203 0.043871 0.277958 0.320668 0.680034 0.067831 0.794260 0.811699 0.317853 0.668773 0.998054 0.273405 0.920077 0.575275 0.197420 0.881041 0.730952 0.803709 0.358463 0.974900 0.898056 0.176262 0.929713 0.423281 0.768461 
0.546179 0.530419 0.866202 0.884505 0.897632 0.677814 0.625791 0.045525 0.765892 0.921182 0.179287 0.380061 0.852703 0.777785 0.159750 0.238249 0.732564 0.446551 0.811301 0.504477 0.895495 0.780364 0.573416 0.817427 0.774676 
0.395441 0.091236 0.812819 0.918414 0.100352 0.167252 0.907358 0.961226 0.442678 0.360086 0.961308 0.722357 0.782844 0.399148 0.467380 0.728408 0.806277 0.109176 0.042738 0.471328 0.715654 0.393916 0.263053 0.560213 0.509702 
0.528763 0.388501 0.468265 0.913288 0.227834 0.269697 0.250175 0.801062 0.130905 0.331031 0.618081 0.081434 0.148184 0.887080 0.730209 0.101947 0.875480 0.607474 0.931621 0.928760 0.939127 0.119769 0.331303 0.807604 0.114793 
0.588968 0.519758 0.884279 0.745626 0.860010 0.576129 0.980047 0.251602 0.961554 0.560827 0.777633 0.358913 0.779614 0.038986 0.421261 0.042793 0.869804 0.357377 0.374028 0.767616 0.585340 0.378527 0.953701 0.831725 0.464761 
0.917520 0.028201 0.865977 0.926281 0.226502 0.372840 0.371000 0.409521 0.498718 0.174345 0.394935 0.425277 0.578865 0.491789 0.930708 0.369285 0.881513 0.866136 0.310234 0.231249 0.007782 0.350158 0.746409 0.483152 0.938174 
0.754265 0.611831 0.980804 0.269551 0.866913 0.975579 0.157244 0.754273 0.982592 0.945535 0.607551 0.350151 0.935844 0.111116 0.122660 0.496559 0.894547 0.960317 0.887340 0.966629 0.076085 0.027662 0.810707 0.947531 0.363955 
0.462147 0.750299 0.682791 0.298094 0.103101 0.895918 0.621893 0.554829 0.532267 0.652108 0.820941 0.849917 0.220141 0.061420 0.620413 0.177343 0.907673 0.879429 0.424689 0.095861 0.257519 0.832981 0.629888 0.695463 0.269370 
0.926405 0.702357 0.845225 0.168706 0.085209 0.787870 0.618725 0.166133 0.181999 0.075358 0.088269 0.212642 0.622703 0.901127 0.844750 0.398463 0.193898 0.588938 0.488642 0.382287 0.089373 0.906574 0.857943 0.810846 0.791956 
0.123178 0.823850 0.628774 0.812713 0.289383 0.882862 0.425259 0.491287 0.251467 0.347749 0.635494 0.161805 0.468942 0.504956 0.480783 0.238484 0.107617 0.107558 0.099325 0.541134 0.994951 0.864542 0.479030 0.398439 0.159474 
0.245916 0.759822 0.481788 0.991003 0.044828 0.434004 0.615591 0.050455 0.029710 0.780075 0.753526 0.146758 0.392626 0.045053 0.921445 0.708556 0.206297 0.879757 0.328185 0.592169 0.741738 0.993612 0.735875 0.290865 0.944992 
0.608730 0.268456 0.465631 0.704838 0.408928 0.268325 0.345262 0.584431 0.100765 0.169884 0.130450 0.457974 0.002200 0.094907 0.347518 0.740136 0.613291 0.356183 0.723707 0.947727 0.247732 0.996488 0.114634 0.423362 0.907152 
0.693225 0.215683 0.825095 0.331923 0.418115 0.583212 0.811337 0.123855 0.471174 0.967013 0.651335 0.186453 0.647770 0.973010 0.761571 0.467189 0.107330 0.547546 0.276317 0.674059 0.133022 0.004570 0.605617 0.710254 0.488888 
0.222698 0.423667 0.426221 0.039685 0.246509 0.904264 0.111233 0.973186 0.350054 0.235359 0.498972 0.459074 0.972494 0.033668 0.896446 0.162069 0.186393 0.833813 0.515867 0.864111 0.863071 0.209939 0.038287 0.257154 0.329843 
0.860556 0.641788 0.366418 0.647407 0.867258 0.234936 0.504669 0.530752 0.897513 0.100156 0.285937 0.795039 0.930945 0.968773 0.816290 0.232377 0.568698 0.349993 0.456580 0.931246 0.445462 0.950046 0.042010 0.472428 0.215580 
0.900654 0.420822 0.046123 0.783075 0.147890 0.403873 0.858400 0.034364 0.463132 0.267327 0.592513 0.870579 0.120989 0.299864 0.539460 0.861405 0.243667 0.269426 0.293298 0.635931 0.955305 0.751155 0.892583 0.196664 0.261625 

2.004847 1.669511 2.039057 2.025793 -0.082167 1.108356 3.097271 2.183159 1.665898 1.634769 2.370264 1.218820 3.007380 2.788870 1.677651 2.787133 2.122457 2.891809 0.566664 1.917360 1.154442 2.200247 2.019300 1.548003 1.768890 
2.973574 1.106686 2.126473 1.658859 2.281064 1.526682 2.251769 1.872018 1.867886 3.601183 2.288288 1.145084 0.518009 1.091168 2.394569 2.033260 2.061239 2.752714 1.686836 1.338479 1.862537 2.175056 3.541465 2.419557 2.562903 
0.748416 1.462062 1.371023 2.474816 3.238908 2.675882 2.382064 3.370749 0.472985 1.401617 1.367068 1.505717 1.372748 1.144186 1.258339 2.896448 1.957735 1.855003 2.293642 3.790746 2.336482 1.095651 0.987348 2.114670 3.756878 
2.057161 1.426236 1.932429 3.101124 2.662867 0.582204 3.355764 1.336087 1.151111 1.900200 2.882594 1.326681 0.807480 2.189963 1.893751 2.471742 1.926487 2.866610 1.064032 2.028234 2.738881 1.009615 1.743828 1.233371 0.584022 
2.390427 1.438792 2.992955 1.516331 2.041465 1.261473 3.382232 1.937378 0.499752 3.979611 3.204106 2.475987 0.687945 3.463775 2.563940 1.587713 0.945207 1.406762 0.786212 1.748091 2.369569 2.551851 1.769970 3.452745 2.134776 
3.115727 0.393903 1.569547 1.992378 1.229469 3.406422 1.816816 1.656410 0.370570 0.461516 1.241527 2.673271 1.906307 2.432097 1.950585 1.257139 1.382580 0.702797 1.988224 3.125384 3.179221 2.216323 2.375530 3.038798 3.122899 
1.839653 0.762917 1.758172 1.147005 0.993405 0.962215 1.898255 2.498387 1.871888 0.462567 2.994722 0.349623 3.872526 1.926227 0.157827 2.558553 2.689992 1.657690 0.726488 2.681158 3.196459 2.764572 3.168533 2.558003 0.669677 
0.816490 -0.277893 1.339752 1.491555 3.227289 1.051798 2.943326 2.601679 2.004795 1.754051 3.129749 2.831348 0.663820 2.169289 2.729585 2.619848 0.254254 1.292517 2.811208 2.234623 2.775336 2.849361 2.781163 2.782327 1.272715 
-1.647194 -0.133257 0.318306 0.685438 -0.019598 0.361594 1.085549 0.854956 -0.382725 0.523312 0.336138 0.827595 0.668930 0.155692 0.027613 1.194140 0.102726 0.703672 0.909988 0.180643 1.273666 0.388370 0.622344 0.863784 0.138095 
-0.813056 0.637561 0.761711 -0.815612 -0.971065 0.258377 0.526615 0.584090 0.271679 0.207041 0.611441 0.021401 0.869017 0.984272 0.664164 0.616941 1.038267 0.908193 0.455438 1.218304 0.381901 0.271699 1.084577 0.302905 0.674695 
-0.854499 -1.347566 -0.842173 -1.400202 -1.807818 -0.507564 0.428889 -0.224479 1.025359 1.120186 0.045429 0.618632 0.946207 0.802133 0.533203 0.229941 0.575472 -0.443967 0.642458 0.399214 0.680898 0.054206 0.316385 0.429044 0.977058 
0.531574 0.401475 -0.921251 -1.423479 0.092307 0.832632 -1.047776 1.552807 0.039110 0.438210 0.739986 0.645443 0.198091 0.558854 0.783659 1.080075 0.913558 -0.072814 0.300867 0.430684 0.660369 0.240417 0.306418 0.384139 0.440443 
-0.297769 0.169596 -0.207784 -0.948400 0.161213 0.185050 0.320261 -1.054005 -0.140003 0.245295 1.029766 0.003329 0.180788 0.583948 0.400692 -0.038605 0.914136 0.748392 1.255995 1.143236 1.063497 -0.143661 0.323312 0.585442 0.304663 
-0.847068 -0.708493 -1.074741 -1.825093 -1.406743 -0.234133 -1.438143 -0.371900 -1.456150 0.896099 1.070758 0.803309 1.031210 -0.346402 0.608348 -0.010895 0.685560 0.535111 0.466713 0.966752 0.560121 -0.458994 1.381750 0.322814 0.182489 
-1.218497 0.669989 -1.503940 -1.107328 -0.104840 -0.400855 -0.784345 -0.194370 -0.536095 -0.185952 0.684275 0.120868 0.567944 1.116729 1.172803 0.347246 0.838087 0.806435 0.499803 0.192387 -0.006453 0.370979 0.856662 0.154131 1.278847 
-1.236400 0.119698 -1.864353 -0.337121 -0.817528 -0.311773 0.077534 -1.518399 -0.994041 -0.792355 0.815520 0.454599 0.668780 0.317785 0.334806 0.480299 1.516526 1.530381 0.628537 0.539262 0.373053 0.309113 0.560277 0.881130 0.502591 
0.088916 -1.220570 -0.269711 0.173611 -0.272536 -0.787757 -0.876929 -0.122533 -1.552070 -0.871294 -1.606632 0.655310 0.065747 -0.688256 0.786508 0.564410 0.923312 0.751203 0.658781 0.327738 0.289934 0.769259 0.797134 0.440345 0.613783 
-2.166958 -1.175949 -0.992663 0.239335 0.720603 -1.264407 0.050596 -0.115416 -0.895761 0.472837 0.991611 -0.282992 0.781273 1.009131 0.965024 0.127260 0.110678 0.638058 0.444762 0.713846 0.523622 0.721190 0.880611 1.224848 0.449943 
0.133100 -1.194651 -1.085561 -1.132440 0.489993 -1.458880 -0.036736 -0.809957 -0.123220 -0.404949 0.358696 -0.155550 -0.629424 0.178401 0.738322 0.653944 0.017257 0.039459 0.128004 0.862677 1.075326 0.947256 0.868432 -0.902545 -1.063692 
-0.820950 -2.262805 0.094993 -1.661026 0.709961 -0.048615 0.087878 0.587717 1.010196 -1.289346 -0.583766 0.234100 0.161593 0.025390 0.880193 0.387643 0.672633 1.323625 1.032928 0.578375 -1.048205 -1.746168 -1.895421 -0.621136 -1.669898 
-1.513074 -1.536124 -1.918882 -1.000674 0.426708 -0.760417 -0.725053 -0.156580 0.211700 0.280230 0.067731 -0.390480 0.734551 0.068491 -0.643499 0.958375 1.073405 -0.263044 -1.726807 -1.083131 -0.888062 -1.820005 -0.120007 -1.123508 -0.438997 
-0.723204 -0.540128 -2.310767 -0.553460 -1.644279 -0.992812 -0.759057 1.131604 -0.907440 -2.189601 -0.641747 -0.305502 -1.354278 -1.678234 -1.324254 -0.677909 0.476612 -0.631065 -1.465106 -1.301500 -1.009542 -0.128199 -1.451481 -1.803717 -1.080909 
-0.731248 -0.658882 -1.227076 -0.167512 -0.211335 -1.741892 -1.309162 -1.949495 0.063022 0.656650 -0.718223 -0.534153 -1.519004 0.681748 -1.228461 -0.150989 -1.402771 -1.436394 -1.562481 -1.476345 -0.671236 -0.079807 -0.800556 -0.576462 -0.717093 
-2.226915 0.154524 -0.841078 -1.324083 -2.282237 -1.898868 -0.745146 0.059499 -1.962387 0.289729 0.011517 -1.513145 -1.726104 -1.483514 -0.769789 -0.787542 -1.272377 -0.654717 -1.530540 -1.228254 -0.470103 -1.994279 -1.119657 -0.331130 -1.432371 
-1.826349 -0.477587 -0.000706 -0.244529 -1.884392 -1.900033 -1.781071 -0.327521 -0.326575 -0.931634 -0.141601 -1.615504 0.484913 -0.028839 -1.717087 -2.266295 -0.521590 -1.164687 -0.647352 -0.891310 -1.702565 -1.625585 -1.353245 -0.522992 -0.434522 

3 3 3 3 3 3 3 3 3 3 3 3 3 3 3 3 3 3 3 3 3 3 3 3 3 
3 3 3 3 3 3 3 3 3 3 3 3 3 3 3 3 3 3 3 3 3 3 3 3 3 
3 3 3 3 3 3 3 3 3 3 3 3 3 3 3 3 3 3 3 3 3 3 3 3 3 
3 3 3 3 3 3 3 3 3 3 3 3 3 3 3 3 3 3 3 3 3 3 3 3 3 
3 3 3 3 3 3 3 3 3 3 3 3 3 3 3 3 3 3 3 3 3 3 3 3 3 
3 3 3 3 3 3 3 3 3 3 3 3 3 3 3 3 3 3 3 3 3 3 3 3 3 
3 3 3 3 3 3 3 3 3 3 3 3 3 3 3 3 3 3 3 3 3 3 3 3 3 
1 1 3 3 3 3 3 3 3 3 3 3 3 3 3 3 3 3 3 3 3 3 3 3 3 
1 1 1 1 2 2 2 2 2 2 2 2 2 2 2 2 2 2 2 2 2 2 2 2 2 
1 1 1 1 1 2 2 2 2 2 2 2 2 2 2 2 2 2 2 2 2 2 2 2 2 
1 1 1 1 1 1 2 2 2 2 2 2 2 2 2 2 2 2 2 2 2 2 2 2 2 
1 1 1 1 1 1 1 2 2 2 2 2 2 2 2 2 2 2 2 2 2 2 2 2 2 
1 1 1 1 1 1 1 1 2 2 2 2 2 2 2 2 2 2 2 2 2 2 2 2 2 
1 1 1 1 1 1 1 1 1 2 2 2 2 2 2 2 2 2 2 2 2 2 2 2 2 
1 1 1 1 1 1 1 1 1 1 2 2 2 2 2 2 2 2 2 2 2 2 2 2 2 
1 1 1 1 1 1 1 1 1 1 2 2 2 2 2 2 2 2 2 2 2 2 2 2 2 
1 1 1 1 1 1 1 1 1 1 1 2 2 2 2 2 2 2 2 2 2 2 2 2 2 
1 1 1 1 1 1 1 1 1 1 1 1 2 2 2 2 2 2 2 2 2 2 2 2 2 
1 1 1 1 1 1 1 1 1 1 1 1 1 2 2 2 2 2 2 2 2 2 2 0 0 
4 1 1 1 1 1 1 1 1 1 1 1 1 1 2 2 2 2 2 2 0 0 0 0 0 
4 4 4 1 1 1 1 1 1 1 1 1 1 1 1 2 2 0 0 0 0 0 0 0 0 
4 4 4 4 4 1 1 1 1 1 1 1 1 1 1 0 0 0 0 0 0 0 0 0 0 
4 4 4 4 4 4 4 1 1 1 1 1 1 1 1 0 0 0 0 0 0 0 0 0 0 
4 4 4 4 4 4 4 4 4 1 1 1 1 1 1 0 0 0 0 0 0 0 0 0 0 
4 4 4 4 4 4 4 4 4 4 4 1 1 1 1 0 0 0 0 0 0 0 0 0 0 

2.0 2.0 2.0 2.0 2.0 2.0 2.0 2.0 2.0 2.0 2.0 2.0 2.0 2.0 2.0 2.0 2.0 2.0 2.0 2.0 2.0 2.0 2.0 2.0 2.0 
2.0 2.0 2.0 2.0 2.0 2.0 2.0 2.0 2.0 2.0 2.0 2.0 2.0 2.0 2.0 2.0 2.0 2.0 2.0 2.0 2.0 2.0 2.0 2.0 2.0 
2.0 2.0 2.0 2.0 2.0 2.0 2.0 2.0 2.0 2.0 2.0 2.0 2.0 2.0 2.0 2.0 2.0 2.0 2.0 2.0 2.0 2.0 2.0 2.0 2.0 
2.0 2.0 2.0 2.0 2.0 2.0 2.0 2.0 2.0 2.0 2.0 2.0 2.0 2.0 2.0 2.0 2.0 2.0 2.0 2.0 2.0 2.0 2.0 2.0 2.0 
2.0 2.0 2.0 2.0 2.0 2.0 2.0 2.0 2.0 2.0 2.0 2.0 2.0 2.0 2.0 2.0 2.0 2.0 2.0 2.0 2.0 2.0 2.0 2.0 2.0 
2.0 2.0 2.0 2.0 2.0 2.0 2.0 2.0 2.0 2.0 2.0 2.0 2.0 2.0 2.0 2.0 2.0 2.0 2.0 2.0 2.0 2.0 2.0 2.0 2.0 
2.0 2.0 2.0 2.0 2.0 2.0 2.0 2.0 2.0 2.0 2.0 2.0 2.0 2.0 2.0 2.0 2.0 2.0 2.0 2.0 2.0 2.0 2.0 2.0 2.0 
1.0 1.0 2.0 2.0 2.0 2.0 2.0 2.0 2.0 2.0 2.0 2.0 2.0 2.0 2.0 2.0 2.0 2.0 2.0 2.0 2.0 2.0 2.0 2.0 2.0 
1.0 1.0 1.0 1.0 0.0 0.0 0.0 0.0 0.0 0.0 0.0 0.0 0.0 0.0 0.0 0.0 0.0 0.0 0.0 0.0 0.0 0.0 0.0 0.0 0.0 
1.0 1.0 1.0 1.0 1.0 0.0 0.0 0.0 0.0 0.0 0.0 0.0 0.0 0.0 0.0 0.0 0.0 0.0 0.0 0.0 0.0 0.0 0.0 0.0 0.0 
1.0 1.0 1.0 1.0 1.0 1.0 0.0 0.0 0.0 0.0 0.0 0.0 0.0 0.0 0.0 0.0 0.0 0.0 0.0 0.0 0.0 0.0 0.0 0.0 0.0 
1.0 1.0 1.0 1.0 1.0 1.0 1.0 0.0 0.0 0.0 0.0 0.0 0.0 0.0 0.0 0.0 0.0 0.0 0.0 0.0 0.0 0.0 0.0 0.0 0.0 
1.0 1.0 1.0 1.0 1.0 1.0 1.0 1.0 0.0 0.0 0.0 0.0 0.0 0.0 0.0 0.0 0.0 0.0 0.0 0.0 0.0 0.0 0.0 0.0 0.0 
1.0 1.0 1.0 1.0 1.0 1.0 1.0 1.0 1.0 0.0 0.0 0.0 0.0 0.0 0.0 0.0 0.0 0.0 0.0 0.0 0.0 0.0 0.0 0.0 0.0 
1.0 1.0 1.0 1.0 1.0 1.0 1.0 1.0 1.0 1.0 0.0 0.0 0.0 0.0 0.0 0.0 0.0 0.0 0.0 0.0 0.0 0.0 0.0 0.0 0.0 
1.0 1.0 1.0 1.0 1.0 1.0 1.0 1.0 1.0 1.0 0.0 0.0 0.0 0.0 0.0 0.0 0.0 0.0 0.0 0.0 0.0 0.0 0.0 0.0 0.0 
1.0 1.0 1.0 1.0 1.0 1.0 1.0 1.0 1.0 1.0 1.0 0.0 0.0 0.0 0.0 0.0 0.0 0.0 0.0 0.0 0.0 0.0 0.0 0.0 0.0 
1.0 1.0 1.0 1.0 1.0 1.0 1.0 1.0 1.0 1.0 1.0 1.0 0.0 0.0 0.0 0.0 0.0 0.0 0.0 0.0 0.0 0.0 0.0 0.0 0.0 
1.0 1.0 1.0 1.0 1.0 1.0 1.0 1.0 1.0 1.0 1.0 1.0 1.0 0.0 0.0 0.0 0.0 0.0 0.0 0.0 0.0 0.0 0.0 -1.0 -1.0 
-2.0 1.0 1.0 1.0 1.0 1.0 1.0 1.0 1.0 1.0 1.0 1.0 1.0 1.0 0.0 0.0 0.0 0.0 0.0 0.0 -1.0 -1.0 -1.0 -1.0 -1.0 
-2.0 -2.0 -2.0 1.0 1.0 1.0 1.0 1.0 1.0 1.0 1.0 1.0 1.0 1.0 1.0 0.0 0.0 -1.0 -1.0 -1.0 -1.0 -1.0 -1.0 -1.0 -1.0 
-2.0 -2.0 -2.0 -2.0 -2.0 1.0 1.0 1.0 1.0 1.0 1.0 1.0 1.0 1.0 1.0 -1.0 -1.0 -1.0 -1.0 -1.0 -1.0 -1.0 -1.0 -1.0 -1.0 
-2.0 -2.0 -2.0 -2.0 -2.0 -2.0 -2.0 1.0 1.0 1.0 1.0 1.0 1.0 1.0 1.0 -1.0 -1.0 -1.0 -1.0 -1.0 -1.0 -1.0 -1.0 -1.0 -1.0 
-2.0 -2.0 -2.0 -2.0 -2.0 -2.0 -2.0 -2.0 -2.0 1.0 1.0 1.0 1.0 1.0 1.0 -1.0 -1.0 -1.0 -1.0 -1.0 -1.0 -1.0 -1.0 -1.0 -1.0 
-2.0 -2.0 -2.0 -2.0 -2.0 -2.0 -2.0 -2.0 -2.0 -2.0 -2.0 1.0 1.0 1.0 1.0 -1.0 -1.0 -1.0 -1.0 -1.0 -1.0 -1.0 -1.0 -1.0 -1.0 

2.0 2.0 2.0 2.0 2.0 2.0 2.0 2.0 2.0 2.0 2.0 2.0 2.0 2.0 2.0 2.0 2.0 2.0 2.0 2.0 2.0 2.0 2.0 2.0 2.0 
2.0 2.0 2.0 2.0 2.0 2.0 2.0 2.0 2.0 2.0 2.0 2.0 2.0 2.0 2.0 2.0 2.0 2.0 2.0 2.0 2.0 2.0 2.0 2.0 2.0 
2.0 2.0 2.0 2.0 2.0 2.0 2.0 2.0 2.0 2.0 2.0 2.0 2.0 2.0 2.0 2.0 2.0 2.0 2.0 2.0 2.0 2.0 2.0 2.0 2.0 
2.0 2.0 2.0 2.0 2.0 2.0 2.0 2.0 2.0 2.0 2.0 2.0 2.0 2.0 2.0 2.0 2.0 2.0 2.0 2.0 2.0 2.0 2.0 2.0 2.0 
2.0 2.0 2.0 2.0 2.0 2.0 2.0 2.0 2.0 2.0 2.0 2.0 2.0 2.0 2.0 2.0 2.0 2.0 2.0 2.0 2.0 2.0 2.0 2.0 2.0 
2.0 2.0 2.0 2.0 2.0 2.0 2.0 2.0 2.0 2.0 2.0 2.0 2.0 2.0 2.0 2.0 2.0 2.0 2.0 2.0 2.0 2.0 2.0 2.0 2.0 
2.0 2.0 2.0 2.0 2.0 2.0 2.0 2.0 2.0 2.0 2.0 2.0 2.0 2.0 2.0 2.0 2.0 2.0 2.0 2.0 2.0 2.0 2.0 2.0 2.0 
-2.0 -2.0 2.0 2.0 2.0 2.0 2.0 2.0 2.0 2.0 2.0 2.0 2.0 2.0 2.0 2.0 2.0 2.0 2.0 2.0 2.0 2.0 2.0 2.0 2.0 
-2.0 -2.0 -2.0 -2.0 1.0 1.0 1.0 1.0 1.0 1.0 1.0 1.0 1.0 1.0 1.0 1.0 1.0 1.0 1.0 1.0 1.0 1.0 1.0 1.0 1.0 
-2.0 -2.0 -2.0 -2.0 -2.0 1.0 1.0 1.0 1.0 1.0 1.0 1.0 1.0 1.0 1.0 1.0 1.0 1.0 1.0 1.0 1.0 1.0 1.0 1.0 1.0 
-2.0 -2.0 -2.0 -2.0 -2.0 -2.0 1.0 1.0 1.0 1.0 1.0 1.0 1.0 1.0 1.0 1.0 1.0 1.0 1.0 1.0 1.0 1.0 1.0 1.0 1.0 
-2.0 -2.0 -2.0 -2.0 -2.0 -2.0 -2.0 1.0 1.0 1.0 1.0 1.0 1.0 1.0 1.0 1.0 1.0 1.0 1.0 1.0 1.0 1.0 1.0 1.0 1.0 
-2.0 -2.0 -2.0 -2.0 -2.0 -2.0 -2.0 -2.0 1.0 1.0 1.0 1.0 1.0 1.0 1.0 1.0 1.0 1.0 1.0 1.0 1.0 1.0 1.0 1.0 1.0 
-2.0 -2.0 -2.0 -2.0 -2.0 -2.0 -2.0 -2.0 -2.0 1.0 1.0 1.0 1.0 1.0 1.0 1.0 1.0 1.0 1.0 1.0 1.0 1.0 1.0 1.0 1.0 
-2.0 -2.0 -2.0 -2.0 -2.0 -2.0 -2.0 -2.0 -2.0 -2.0 1.0 1.0 1.0 1.0 1.0 1.0 1.0 1.0 1.0 1.0 1.0 1.0 1.0 1.0 1.0 
-2.0 -2.0 -2.0 -2.0 -2.0 -2.0 -2.0 -2.0 -2.0 -2.0 1.0 1.0 1.0 1.0 1.0 1.0 1.0 1.0 1.0 1.0 1.0 1.0 1.0 1.0 1.0 
-2.0 -2.0 -2.0 -2.0 -2.0 -2.0 -2.0 -2.0 -2.0 -2.0 -2.0 1.0 1.0 1.0 1.0 1.0 1.0 1.0 1.0 1.0 1.0 1.0 1.0 1.0 1.0 
-2.0 -2.0 -2.0 -2.0 -2.0 -2.0 -2.0 -2.0 -2.0 -2.0 -2.0 -2.0 1.0 1.0 1.0 1.0 1.0 1.0 1.0 1.0 1.0 1.0 1.0 1.0 1.0 
-2.0 -2.0 -2.0 -2.0 -2.0 -2.0 -2.0 -2.0 -2.0 -2.0 -2.0 -2.0 -2.0 1.0 1.0 1.0 1.0 1.0 1.0 1.0 1.0 1.0 1.0 -1.0 -1.0 
0.0 -2.0 -2.0 -2.0 -2.0 -2.0 -2.0 -2.0 -2.0 -2.0 -2.0 -2.0 -2.0 -2.0 1.0 1.0 1.0 1.0 1.0 1.0 -1.0 -1.0 -1.0 -1.0 -1.0 
0.0 0.0 0.0 -2.0 -2.0 -2.0 -2.0 -2.0 -2.0 -2.0 -2.0 -2.0 -2.0 -2.0 -2.0 1.0 1.0 -1.0 -1.0 -1.0 -1.0 -1.0 -1.0 -1.0 -1.0 
0.0 0.0 0.0 0.0 0.0 -2.0 -2.0 -2.0 -2.0 -2.0 -2.0 -2.0 -2.0 -2.0 -2.0 -1.0 -1.0 -1.0 -1.0 -1.0 -1.0 -1.0 -1.0 -1.0 -1.0 
0.0 0.0 0.0 0.0 0.0 0.0 0.0 -2.0 -2.0 -2.0 -2.0 -2.0 -2.0 -2.0 -2.0 -1.0 -1.0 -1.0 -1.0 -1.0 -1.0 -1.0 -1.0 -1.0 -1.0 
0.0 0.0 0.0 0.0 0.0 0.0 0.0 0.0 0.0 -2.0 -2.0 -2.0 -2.0 -2.0 -2.0 -1.0 -1.0 -1.0 -1.0 -1.0 -1.0 -1.0 -1.0 -1.0 -1.0 
0.0 0.0 0.0 0.0 0.0 0.0 0.0 0.0 0.0 0.0 0.0 -2.0 -2.0 -2.0 -2.0 -1.0 -1.0 -1.0 -1.0 -1.0 -1.0 -1.0 -1.0 -1.0 -1.0 

