0.217445 0.211160 0.172998 0.998107 0.541210 0.701323 0.177587 0.475453 0.255828 0.270272 0.704228 0.702545 0.807751 0.639361 0.414458 0.106867 0.737408 0.351427 0.922044 0.620322 0.435697 0.678323 0.114730 0.560390 0.794308 
0.517287 0.523526 0.388621 0.245631 0.387280 0.812132 0.330483 0.982833 0.699771 0.689742 0.807778 0.037767 0.099236 0.850529 0.589550 0.939687 0.706546 0.240125 0.324922 0.087520 0.238604 0.430339 0.281198 0.302820 0.099958 
0.918680 0.821717 0.786759 0.222325 0.975932 0.420997 0.711260 0.883096 0.293346 0.469569 0.153234 0.479266 0.996231 0.849864 0.869392 0.357320 0.993695 0.261219 0.531642 0.207652 0.548489 0.680906 0.140431 0.461271 0.878192 
0.961962 0.860977 0.606908 0.355824 0.864029 0.239773 0.266594 0.878161 0.911869 0.721652 0.006943 0.963977 0.529455 0.346802 0.645602 0.689330 0.545887 0.824275 0.206247 0.385255 0.152210 0.487720 0.010498 0.651922 0.139299 
0.735034 0.654971 0.229268 0.064156 0.611032 0.958327 0.556704 0.756036 0.151986 0.320914 0.255598 0.793628 0.238055 0.432998 0.716441 0.173585 0.937228 0.056960 0.535152 0.906862 0.381212 0.133786 0.985499 0.119857 0.305800 
0.200743 0.202924 0.999886 0.463155 0.477093 0.614181 0.551490 0.547280 0.982057 0.689932 0.671365 0.165101 0.522996 0.173034 0.266498 0.063256 0.290545 0.793003 0.071469 0.688915 0.180156 0.431768 0.839269 0.736314 0.766920 
0.350717 0.801365 0.005663 0.793441 0.996640 0.063218 0.347744 0.080747 0.655794 0.127046 0.947420 0.623422 0.397828 0.180621 0.901028 0.657088 0.979821 0.366626 0.929492 0.806073 0.874800 0.641004 0.255904 0.750064 0.520392 
0.874081 0.978473 0.615689 0.855999 0.019298 0.534670 0.429636 0.329356 0.824881 0.670263 0.035713 0.702605 0.153817 0.956390 0.365582 0.069690 0.854996 0.879226 0.737278 0.984769 0.352474 0.753661 0.722879 0.245134 0.685346 
0.347455 0.591852 0.984588 0.978936 0.280451 0.447519 0.496539 0.155167 0.890643 0.809357 0.594117 0.806453 0.048985 0.951462 0.778578 0.513245 0.528974 0.547591 0.330387 0.118344 0.167575 0.937317 0.870652 0.058077 0.616622 
0.187171 0.596441 0.368270 0.556659 0.785513 0.026969 0.733999 0.539268 0.101037 0.533267 0.718739 0.064629 0.719316 0.419134 0.367089 0.072202 0.416827 0.928314 0.774826 0.635012 0.102162 0.761954 0.065085 0.526962 0.921961 
0.277476 0.519901 0.587336 0.002272 0.961863 0.800684 0.006816 0.780471 0.407034 0.162182 0.345625 0.424546 0.139784 0.299593 0.221676 0.618357 0.895451 0.883696 0.586985 0.257342 0.064635 0.229699 0.456784 0.626866 0.410015 
0.597252 0.692445 0.948126 0.278438 0.121239 0.816569 0.667115 0.017166 0.500198 0.238055 0.973803 0.948621 0.261156 0.887481 0.050939 0.359292 0.544862 0.356557 0.294903 0.883708 0.047173 0.177185 0.811725 0.797070 0.973607 
0.601564 0.945423 0.136651 0.526468 0.889504 0.913093 0.209834 0.480409 0.536750 0.170950 0.066135 0.869201 0.237101 0.665017 0.347281 0.064333 0.231308 0.510140 0.862515 0.534046 0.936297 0.312769 0.919635 0.700077 0.572229 
0.281723 0.535164 0.904141 0.070772 0.351833 0.808468 0.366352 0.450433 0.900184 0.170986 0.230781 0.474146 0.033421 0.597689 0.704808 0.606874 0.111743 0.822080 0.345285 0.641996 0.236596 0.551800 0.918728 0.526010 0.331066 
0.880162 0.700554 0.149095 0.988982 0.065650 0.428573 0.167285 0.284023 0.848852 0.685849 0.731925 0.258770 0.036825 0.859599 0.844226 0.965182 0.623615 0.752078 0.670876 0.432108 0.296537 0.247202 0.685786 0.661673 0.532045 
0.258904 0.039836 0.672051 0.481409 0.510744 0.272943 0.170485 0.446748 0.257604 0.747455 0.038793 0.374766 0.405474 0.179559 0.763613 0.109498 0.925667 0.092067 0.421366 0.345824 0.640152 0.136498 0.695879 0.202568 0.323779 
0.218988 0.464682 0.320175 0.225014 0.117534 0.776092 0.439628 0.259231 0.129596 0.088186 0.417266 0.268647 0.507322 0.532298 0.355569 0.529087 0.258946 0.597363 0.160699 0.163503 0.614576 0.627522 0.391282 0.282929 0.959148 
0.907896 0.591589 0.807939 0.215096 0.700215 0.225117 0.805303 0.543619 0.528053 0.634172 0.829100 0.271228 0.547866 0.232366 0.757051 0.163399 0.971136 0.973872 0.975094 0.178325 0.746771 0.527230 0.049847 0.814197 0.800831 
0.008959 0.045928 0.612988 0.168346 0.461954 0.380939 0.882751 0.767178 0.083486 0.343428 0.485800 0.199253 0.937558 0.767993 0.131506 0.786111 0.261943 0.891093 0.639275 0.956179 0.706962 0.673897 0.721024 0.173707 0.118300 
0.484228 0.276492 0.619588 0.781034 0.155238 0.320017 0.394699 0.717979 0.213710 0.097002 0.698639 0.783601 0.935517 0.890988 0.828924 0.719241 0.079304 0.047545 0.904467 0.284947 0.650386 0.935227 0.748798 0.312396 0.231892 
0.432913 0.655712 0.028651 0.281744 0.289699 0.875723 0.623348 0.818991 0.519998 0.266578 0.235617 0.745207 0.903614 0.126089 0.698423 0.979783 0.486362 0.653519 0.660751 0.533888 0.958551 0.964220 0.247773 0.120990 0.251702 
0.787805 0.967459 0.654907 0.559361 0.958375 0.744800 0.606392 0.955704 0.993094 0.435166 0.853645 0.964465 0.189655 0.654460 0.025325 0.865803 0.607566 0.337604 0.571270 0.883139 0.180532 0.216354 0.945692 0.962682 0.715862 
0.448076 0.595358 0.324151 0.534940 0.117429 0.002328 0.815555 0.436559 0.058053 0.240947 0.926405 0.355979 0.151001 0.018201 0.494259 0.965056 0.846927 0.377419 0.539743 0.493472 0.761817 0.484642 0.265365 0.814183 0.416604 
0.012912 0.760814 0.794275 0.410843 0.221469 0.606418 0.112982 0.345784 0.173928 0.285836 0.774957 0.734109 0.746813 0.888034 0.248281 0.679345 0.211463 0.709692 0.645825 0.163150 0.879280 0.203549 0.063526 0.376498 0.151204 
0.992933 0.042868 0.715473 0.514819 0.783257 0.738015 0.345056 0.913188 0.175009 0.889341 0.535653 0.566430 0.388309 0.886947 0.468955 0.403916 0.191877 0.539278 0.535707 0.418921 0.765579 0.497259 0.628454 0.261379 0.903901 

0.925080 0.637166 0.818791 0.231048 0.689262 0.584287 0.369118 0.204393 0.179538 0.887024 0.727096 0.309268 0.134518 0.722916 0.711022 0.582046 0.237464 0.643232 0.792733 0.346560 0.625592 0.480749 0.175306 0.843900 0.934437 
0.577231 0.061959 0.176728 0.344588 0.559603 0.101605 0.334328 0.764281 0.745249 0.571168 0.827359 0.587141 0.048823 0.969633 0.789850 0.332604 0.591276 0.036902 0.160237 0.157955 0.583847 0.416280 0.721854 0.601517 0.638857 
0.683744 0.032390 0.094331 0.360349 0.562670 0.497526 0.848904 0.387375 0.962657 0.457767 0.009407 0.356256 0.765601 0.044819 0.686249 0.531182 0.525564 0.698041 0.659494 0.266899 0.025182 0.367662 0.642485 0.595189 0.671437 
0.087728 0.484923 0.850037 0.692736 0.569914 0.656508 0.170183 0.922530 0.009519 0.911146 0.909851 0.940772 0.995217 0.986481 0.962436 0.803428 0.894807 0.089861 0.119022 0.979389 0.349230 0.478732 0.871479 0.459251 0.327997 
0.515725 0.909233 0.911885 0.526847 0.804998 0.469240 0.662255 0.272275 0.982404 0.746680 0.538074 0.779086 0.939923 0.491576 0.821173 0.924501 0.530615 0.241828 0.547364 0.289261 0.402182 0.864148 0.050387 0.324268 0.675574 
0.440737 0.425254 0.612801 0.962132 0.312612 0.482847 0.746867 0.514404 0.139858 0.712433 0.004412 0.121126 0.793274 0.366924 0.640183 0.390852 0.234968 0.581050 0.427981 0.462191 0.904299 0.167418 0.555758 0.853988 0.747049 
0.424986 0.454729 0.893565 0.500927 0.488140 0.973916 0.348006 0.231803 0.233796 0.429882 0.410970 0.000548 0.456665 0.731642 0.875131 0.276159 0.447279 0.969076 0.518043 0.531612 0.898703 0.554270 0.463957 0.534055 0.527411 
0.395410 0.320396 0.134763 0.454463 0.996550 0.611401 0.389812 0.601310 0.466910 0.321834 0.413798 0.515046 0.726785 0.338159 0.399930 0.365347 0.711643 0.568713 0.897022 0.190144 0.457708 0.391730 0.808738 0.844835 0.349238 
0.872720 0.421716 0.764057 0.509098 0.619790 0.098740 0.500267 0.201284 0.236644 0.655725 0.456590 0.407883 0.269705 0.674354 0.173622 0.547939 0.518724 0.829881 0.106581 0.652499 0.958080 0.596061 0.454209 0.577044 0.449622 
0.182373 0.557113 0.371485 0.113363 0.202147 0.174342 0.880293 0.925901 0.093460 0.892799 0.799135 0.307961 0.162763 0.437443 0.905758 0.256534 0.868692 0.700157 0.840954 0.038036 0.924512 0.610253 0.825928 0.375228 0.234607 
0.796354 0.552865 0.572563 0.142985 0.256391 0.493264 0.743100 0.573815 0.776302 0.872180 0.357844 0.842871 0.431701 0.577971 0.576777 0.152822 0.114623 0.713304 0.903185 0.927866 0.235415 0.106454 0.254776 0.548311 0.192305 
0.320791 0.931464 0.730434 0.941455 0.703558 0.416497 0.471004 0.480750 0.960434 0.618924 0.712677 0.158967 0.100390 0.406287 0.739265 0.037886 0.297811 0.782926 0.375365 0.930192 0.758558 0.271380 0.616177 0.083886 0.904358 
0.503085 0.137563 0.692519 0.860601 0.315998 0.145607 0.027655 0.081877 0.977314 0.509626 0.241713 0.090061 0.889000 0.541520 0.476769 0.296897 0.937189 0.850655 0.460558 0.869968 0.188430 0.125458 0.130836 0.366975 0.237394 
0.666348 0.121652 0.153433 0.803986 0.680399 0.081505 0.102966 0.716428 0.504775 0.761336 0.892383 0.760898 0.999455 0.492931 0.541735 0.445036 0.661333 0.417935 0.045446 0.399607 0.121379 0.810994 0.758234 0.676981 0.172349 
0.284313 0.926261 0.558154 0.355907 0.049168 0.091553 0.737619 0.808433 0.320639 0.128043 0.304983 0.327099 0.998134 0.819405 0.258874 0.138912 0.977975 0.552218 0.510227 0.500786 0.074138 0.943176 0.876649 0.026768 0.422438 
0.453701 0.309057 0.721319 0.652736 0.216633 0.233185 0.669699 0.209950 0.726248 0.523615 0.997752 0.867479 0.148104 0.253699 0.113635 0.993260 0.397411 0.502690 0.950003 0.035548 0.696626 0.768266 0.439784 0.670120 0.114770 
0.640335 0.747342 0.766474 0.307112 0.755813 0.668868 0.111925 0.626535 0.405903 0.824649 0.398457 0.573354 0.249522 0.262240 0.093444 0.435095 0.907323 0.491824 0.230997 0.659442 0.836634 0.481013 0.098359 0.843534 0.733675 
0.027811 0.643858 0.029303 0.780047 0.586978 0.705594 0.201289 0.639607 0.356197 0.115952 0.595292 0.879031 0.665374 0.953589 0.529849 0.642809 0.288649 0.792728 0.064693 0.462957 0.248135 0.892167 0.229861 0.244071 0.053188 
0.536231 0.200514 0.086116 0.373992 0.562426 0.866482 0.936966 0.508350 0.584678 0.600454 0.183085 0.101022 0.133388 0.841179 0.334798 0.404701 0.857578 0.397538 0.248478 0.113888 0.779108 0.166338 0.475908 0.695612 0.593342 
0.183559 0.805654 0.060775 0.374119 0.352830 0.592881 0.912521 0.530156 0.048447 0.618813 0.612379 0.972775 0.464221 0.870973 0.669242 0.219468 0.849940 0.353521 0.462871 0.164100 0.576175 0.992911 0.332309 0.093360 0.196192 
0.391729 0.060880 0.624556 0.836633 0.914610 0.746853 0.167904 0.711399 0.168642 0.136434 0.502369 0.631643 0.881098 0.637711 0.949901 0.631271 0.210857 0.673559 0.428770 0.299861 0.743733 0.717927 0.977073 0.446921 0.771967 
0.869736 0.569664 0.126852 0.098205 0.292813 0.243818 0.731773 0.406952 0.111086 0.389278 0.864052 0.332730 0.963061 0.342048 0.453393 0.324770 0.457997 0.714758 0.867832 0.371637 0.214324 0.450980 0.681292 0.572932 0.057781 
0.979562 0.265177 0.449540 0.491220 0.400021 0.914829 0.308952 0.863877 0.088661 0.111888 0.524929 0.913841 0.785661 0.026930 0.012490 0.436918 0.185833 0.374490 0.961447 0.853400 0.705431 0.146353 0.403750 0.468146 0.123492 
0.517535 0.155143 0.278137 0.893470 0.523494 0.023404 0.959484 0.898721 0.575921 0.476420 0.427438 0.039489 0.088526 0.758256 0.626075 0.339938 0.034908 0.426052 0.599605 0.473893 0.344812 0.380911 0.317328 0.586797 0.083749 
0.961469 0.851221 0.057779 0.492734 0.622063 0.680541 0.455591 0.703101 0.052884 0.010076 0.058335 0.773134 0.166044 0.855671 0.118896 0.852843 0.604332 0.006459 0.530719 0.486743 0.162141 0.665612 0.130616 0.261137 0.809824 

0.577418 0.078984 0.557739 -1.818470 -0.409544 -0.801182 -0.046309 -0.935808 -0.388998 0.283300 -0.601361 -1.151718 -1.523975 -0.585639 -0.174811 0.428274 -1.258840 0.054527 0.965106 0.995612 0.239892 0.777369 0.028936 0.228555 0.678399 
-0.564184 -0.938959 -0.787309 -0.078043 -0.266917 -1.464953 -0.359808 -1.166597 -0.557381 -0.881037 -0.935800 0.622800 -0.083148 -0.728746 -0.436482 -1.611642 -0.837905 0.302273 0.385841 -0.158266 -0.195839 0.448420 -0.084029 0.095657 -0.593143 
2.218595 -1.644050 -1.409091 -0.003904 -1.388059 -0.453072 -0.512802 -1.315294 0.280805 -0.465044 -0.391044 -0.452998 -1.211010 -1.772093 -0.922893 -0.106833 1.486933 -0.147661 0.511875 0.244615 1.074636 0.967954 -0.362240 0.340626 1.004498 
1.176479 1.915478 2.313927 -0.031173 -1.175152 0.282449 -0.283795 -0.711965 -1.537727 -0.551043 0.911253 -0.941103 -0.019140 0.200951 -0.305394 -0.557785 0.279049 1.496342 0.266323 -0.362149 -0.112566 0.433825 -0.801923 0.961385 0.010371 
1.711685 2.369076 2.118516 0.988537 -0.411416 -1.351755 -0.561801 -1.400370 0.582779 0.097250 0.111811 -0.754638 0.389967 -0.330612 -0.598607 -0.544425 1.411282 0.010306 0.579348 1.406953 0.327677 -0.485933 1.851295 -0.078717 0.097396 
1.127242 0.976610 2.278919 2.334538 1.274291 -0.926681 -1.486571 -1.009219 -0.375950 -1.441239 0.167004 -0.169274 -1.615233 -0.661843 -1.552001 -0.074906 0.495225 1.091501 -0.132128 1.051253 -0.690838 0.486091 0.994073 0.452541 0.721808 
1.236318 1.728015 1.863485 1.710080 1.926751 1.855693 -0.551495 -0.416724 -0.509374 -0.781201 -0.839285 -0.079983 -0.994402 -1.427881 -1.824462 1.065360 1.303626 -0.056692 1.431450 1.075873 0.942786 0.606600 0.153632 0.978623 0.407964 
1.541520 1.548045 0.889042 1.674387 2.033461 1.874424 -0.684612 -1.219164 -0.966709 -0.641963 -0.812367 -1.057898 -1.464919 -0.679011 -0.880399 -0.278797 0.958484 1.256776 0.561735 1.769402 0.053978 0.998821 0.593646 -0.308884 0.820279 
2.139587 1.456606 2.593969 2.086584 1.563293 0.667137 1.398105 -0.512504 -0.428208 -1.374821 -0.714238 -0.723597 -0.509139 -1.202226 -0.437985 -1.013192 0.561464 0.277886 0.672782 -0.587906 -0.545038 1.342761 1.257114 -0.460480 0.745655 
0.511875 1.709113 1.156853 0.821552 1.169274 0.290070 2.349743 -1.824952 -0.340995 -1.769342 -1.567802 -0.758776 -0.419075 -0.715739 -1.786723 -0.501732 -0.105778 1.274262 0.634186 1.411445 -0.743195 0.857441 -0.775611 0.637689 1.596530 
1.899850 1.783260 1.784141 0.112773 1.303089 1.862490 1.433761 -1.211031 -1.537546 -1.700434 -0.760511 -1.809717 -0.973915 -1.201274 -1.080270 -0.350507 1.567322 1.135739 0.158503 -0.489253 -0.247916 0.364684 0.691298 0.799068 0.708134 
1.247061 2.635380 2.367644 2.258544 1.660285 1.573456 1.508981 0.786916 -1.847072 -1.186221 -1.630699 -0.185193 -0.178197 -0.863709 -1.606111 -0.157864 -0.451177 0.050282 0.179030 0.943362 -0.832166 0.001595 0.884817 1.459545 1.103340 
1.485481 1.163258 1.342382 2.172808 1.498548 1.343540 0.370556 0.585665 -2.010030 -0.872260 -0.457655 -0.060021 -1.940083 -0.857172 -0.986113 -0.563761 -0.464471 -0.457517 -0.819966 -0.636027 1.520972 0.433879 1.707673 1.013607 1.025413 
1.391870 0.647814 1.093206 1.561807 1.818137 0.872331 0.452685 1.942884 -1.077797 -1.451043 -1.479897 -1.406195 -2.171254 -0.996087 -0.751345 -0.572802 -0.119976 -0.933031 -0.378432 -0.712114 -0.258071 -0.448435 -0.830688 -0.639960 0.547930 
1.482316 2.551363 1.335491 1.776990 0.098354 0.691280 1.569789 1.746728 1.563308 -0.317600 -0.414108 -0.619175 -0.055326 -0.757744 -0.678353 -1.001535 -0.642234 -0.561333 -0.692251 -0.514852 -0.382416 -0.124721 -0.616906 -0.785190 -0.563051 
0.965377 0.645493 2.179395 1.797201 0.873709 0.792276 1.550725 0.753292 1.817997 -1.019499 -1.877399 -0.415844 -0.425860 -0.278972 -0.739266 -0.169501 -0.890076 0.020789 -0.200196 -0.237993 -0.657035 -0.236770 -0.692977 -0.229710 -0.347497 
1.518039 1.941165 1.736036 0.745194 1.588260 2.131196 0.733526 1.458500 1.006295 0.061992 -0.359871 -0.089602 -0.459364 -0.642488 -0.208173 -0.402030 -0.357113 -0.631646 -0.212636 -0.215324 -0.767544 -0.586174 -0.221191 -0.551637 -1.084370 
1.011346 2.039913 0.877700 1.608089 1.956648 1.673011 1.132012 1.808675 1.348834 -0.704566 -1.022439 -0.188765 -0.616118 -0.298842 -0.584871 -0.230941 -0.880345 -0.837616 -0.955131 -0.242827 -0.776379 -0.526758 0.010955 -0.845087 -0.644361 
1.121012 0.318719 0.758574 1.065184 1.531740 2.217508 2.675710 1.833637 1.313665 -0.280166 -0.542498 -0.225860 -1.129004 -0.808573 -0.266874 -0.817603 -0.305971 -0.897931 -0.613368 -1.108252 -0.675660 -0.701697 -0.533703 -0.033860 -0.084879 
1.022439 1.981353 0.669466 1.467915 0.852424 1.602821 2.145758 1.678879 -0.308883 -0.283773 -0.744803 -0.767994 -0.678346 -1.067791 -0.674376 -0.621525 -0.116211 -0.035630 -0.902691 -0.460915 -0.583458 -1.052353 -0.657440 -0.346236 -0.268017 
1.220754 0.566299 1.459873 1.999724 2.106458 2.389058 0.924864 2.293788 -0.562021 -0.193131 -0.224815 -0.710738 -0.924506 -0.284068 -0.574289 -0.854725 -0.445278 -0.728304 -0.606712 -0.529694 -0.866113 -0.730368 -0.222509 -0.069236 -0.298728 
2.555247 2.197752 0.937669 0.718594 1.433976 1.202429 2.131290 -0.951523 -0.890968 -0.366148 -0.869853 -1.111068 -0.382525 -0.752906 -0.284835 -0.768211 -0.682806 -0.300589 -0.739366 -0.809131 -0.245896 -0.317359 -1.073705 -0.906370 -0.590319 
2.470035 1.061885 1.412754 1.315180 1.071950 1.728772 1.359360 -0.575689 -0.135938 -0.354439 -0.802086 -0.482079 -0.036618 -0.074118 -0.484937 -0.959207 -0.955309 -0.363615 -0.427330 -0.595288 -0.910113 -0.431009 -0.233484 -0.812119 -0.406741 
0.851497 1.127348 1.309490 2.335155 1.167156 0.543431 1.983137 -0.501793 -0.191263 -0.257722 -0.708853 -0.810483 -0.867511 -0.842865 -0.228239 -0.754301 -0.245497 -0.861208 -0.731414 -0.310497 -1.083805 -0.065647 -0.098975 -0.400599 -0.090311 
2.931177 1.737651 0.842243 1.560539 1.980004 2.064475 -0.458561 -1.028405 -0.215483 -0.798105 -0.435222 -0.611685 -0.465707 -0.861987 -0.471603 -0.342825 -0.231345 -0.630006 -0.443757 -0.372637 -0.735905 -0.511453 -0.635109 -0.236026 -0.880792 

2 2 2 2 2 2 2 2 2 2 2 2 2 2 2 2 2 2 4 4 4 4 4 4 4 
2 2 2 2 2 2 2 2 2 2 2 2 2 2 2 2 2 4 4 4 4 4 4 4 4 
3 2 2 2 2 2 2 2 2 2 2 2 2 2 2 2 4 4 4 4 4 4 4 4 4 
3 3 3 2 2 2 2 2 2 2 2 2 2 2 2 2 4 4 4 4 4 4 4 4 4 
3 3 3 3 2 2 2 2 2 2 2 2 2 2 2 4 4 4 4 4 4 4 4 4 4 
3 3 3 3 3 1 1 1 1 1 1 1 1 1 1 4 4 4 4 4 4 4 4 4 4 
3 3 3 3 3 3 1 1 1 1 1 1 1 1 1 4 4 4 4 4 4 4 4 4 4 
3 3 3 3 3 3 1 1 1 1 1 1 1 1 1 4 4 4 4 4 4 4 4 4 4 
3 3 3 3 3 3 3 1 1 1 1 1 1 1 1 1 4 4 4 4 4 4 4 4 4 
3 3 3 3 3 3 3 1 1 1 1 1 1 1 1 1 4 4 4 4 4 4 4 4 4 
3 3 3 3 3 3 3 1 1 1 1 1 1 1 1 1 4 4 4 4 4 4 4 4 4 
3 3 3 3 3 3 3 3 1 1 1 1 1 1 1 1 1 4 4 4 4 4 4 4 4 
3 3 3 3 3 3 3 3 1 1 1 1 1 1 1 1 0 0 0 0 4 4 4 4 4 
3 3 3 3 3 3 3 3 1 1 1 1 1 1 0 0 0 0 0 0 0 0 0 0 4 
3 3 3 3 3 3 3 3 3 1 1 1 0 0 0 0 0 0 0 0 0 0 0 0 0 
3 3 3 3 3 3 3 3 3 1 1 0 0 0 0 0 0 0 0 0 0 0 0 0 0 
3 3 3 3 3 3 3 3 3 0 0 0 0 0 0 0 0 0 0 0 0 0 0 0 0 
3 3 3 3 3 3 3 3 3 0 0 0 0 0 0 0 0 0 0 0 0 0 0 0 0 
3 3 3 3 3 3 3 3 3 0 0 0 0 0 0 0 0 0 0 0 0 0 0 0 0 
3 3 3 3 3 3 3 3 0 0 0 0 0 0 0 0 0 0 0 0 0 0 0 0 0 
3 3 3 3 3 3 3 3 0 0 0 0 0 0 0 0 0 0 0 0 0 0 0 0 0 
3 3 3 3 3 3 3 0 0 0 0 0 0 0 0 0 0 0 0 0 0 0 0 0 0 
3 3 3 3 3 3 3 0 0 0 0 0 0 0 0 0 0 0 0 0 0 0 0 0 0 
3 3 3 3 3 3 3 0 0 0 0 0 0 0 0 0 0 0 0 0 0 0 0 0 0 
3 3 3 3 3 3 0 0 0 0 0 0 0 0 0 0 0 0 0 0 0 0 0 0 0 

-2.0 -2.0 -2.0 -2.0 -2.0 -2.0 -2.0 -2.0 -2.0 -2.0 -2.0 -2.0 -2.0 -2.0 -2.0 -2.0 -2.0 -2.0 2.0 2.0 2.0 2.0 2.0 2.0 2.0 
-2.0 -2.0 -2.0 -2.0 -2.0 -2.0 -2.0 -2.0 -2.0 -2.0 -2.0 -2.0 -2.0 -2.0 -2.0 -2.0 -2.0 2.0 2.0 2.0 2.0 2.0 2.0 2.0 2.0 
1.0 -2.0 -2.0 -2.0 -2.0 -2.0 -2.0 -2.0 -2.0 -2.0 -2.0 -2.0 -2.0 -2.0 -2.0 -2.0 2.0 2.0 2.0 2.0 2.0 2.0 2.0 2.0 2.0 
1.0 1.0 1.0 -2.0 -2.0 -2.0 -2.0 -2.0 -2.0 -2.0 -2.0 -2.0 -2.0 -2.0 -2.0 -2.0 2.0 2.0 2.0 2.0 2.0 2.0 2.0 2.0 2.0 
1.0 1.0 1.0 1.0 -2.0 -2.0 -2.0 -2.0 -2.0 -2.0 -2.0 -2.0 -2.0 -2.0 -2.0 2.0 2.0 2.0 2.0 2.0 2.0 2.0 2.0 2.0 2.0 
1.0 1.0 1.0 1.0 1.0 0.0 0.0 0.0 0.0 0.0 0.0 0.0 0.0 0.0 0.0 2.0 2.0 2.0 2.0 2.0 2.0 2.0 2.0 2.0 2.0 
1.0 1.0 1.0 1.0 1.0 1.0 0.0 0.0 0.0 0.0 0.0 0.0 0.0 0.0 0.0 2.0 2.0 2.0 2.0 2.0 2.0 2.0 2.0 2.0 2.0 
1.0 1.0 1.0 1.0 1.0 1.0 0.0 0.0 0.0 0.0 0.0 0.0 0.0 0.0 0.0 2.0 2.0 2.0 2.0 2.0 2.0 2.0 2.0 2.0 2.0 
1.0 1.0 1.0 1.0 1.0 1.0 1.0 0.0 0.0 0.0 0.0 0.0 0.0 0.0 0.0 0.0 2.0 2.0 2.0 2.0 2.0 2.0 2.0 2.0 2.0 
1.0 1.0 1.0 1.0 1.0 1.0 1.0 0.0 0.0 0.0 0.0 0.0 0.0 0.0 0.0 0.0 2.0 2.0 2.0 2.0 2.0 2.0 2.0 2.0 2.0 
1.0 1.0 1.0 1.0 1.0 1.0 1.0 0.0 0.0 0.0 0.0 0.0 0.0 0.0 0.0 0.0 2.0 2.0 2.0 2.0 2.0 2.0 2.0 2.0 2.0 
1.0 1.0 1.0 1.0 1.0 1.0 1.0 1.0 0.0 0.0 0.0 0.0 0.0 0.0 0.0 0.0 0.0 2.0 2.0 2.0 2.0 2.0 2.0 2.0 2.0 
1.0 1.0 1.0 1.0 1.0 1.0 1.0 1.0 0.0 0.0 0.0 0.0 0.0 0.0 0.0 0.0 -1.0 -1.0 -1.0 -1.0 2.0 2.0 2.0 2.0 2.0 
1.0 1.0 1.0 1.0 1.0 1.0 1.0 1.0 0.0 0.0 0.0 0.0 0.0 0.0 -1.0 -1.0 -1.0 -1.0 -1.0 -1.0 -1.0 -1.0 -1.0 -1.0 2.0 
1.0 1.0 1.0 1.0 1.0 1.0 1.0 1.0 1.0 0.0 0.0 0.0 -1.0 -1.0 -1.0 -1.0 -1.0 -1.0 -1.0 -1.0 -1.0 -1.0 -1.0 -1.0 -1.0 
1.0 1.0 1.0 1.0 1.0 1.0 1.0 1.0 1.0 0.0 0.0 -1.0 -1.0 -1.0 -1.0 -1.0 -1.0 -1.0 -1.0 -1.0 -1.0 -1.0 -1.0 -1.0 -1.0 
1.0 1.0 1.0 1.0 1.0 1.0 1.0 1.0 1.0 -1.0 -1.0 -1.0 -1.0 -1.0 -1.0 -1.0 -1.0 -1.0 -1.0 -1.0 -1.0 -1.0 -1.0 -1.0 -1.0 
1.0 1.0 1.0 1.0 1.0 1.0 1.0 1.0 1.0 -1.0 -1.0 -1.0 -1.0 -1.0 -1.0 -1.0 -1.0 -1.0 -1.0 -1.0 -1.0 -1.0 -1.0 -1.0 -1.0 
1.0 1.0 1.0 1.0 1.0 1.0 1.0 1.0 1.0 -1.0 -1.0 -1.0 -1.0 -1.0 -1.0 -1.0 -1.0 -1.0 -1.0 -1.0 -1.0 -1.0 -1.0 -1.0 -1.0 
1.0 1.0 1.0 1.0 1.0 1.0 1.0 1.0 -1.0 -1.0 -1.0 -1.0 -1.0 -1.0 -1.0 -1.0 -1.0 -1.0 -1.0 -1.0 -1.0 -1.0 -1.0 -1.0 -1.0 
1.0 1.0 1.0 1.0 1.0 1.0 1.0 1.0 -1.0 -1.0 -1.0 -1.0 -1.0 -1.0 -1.0 -1.0 -1.0 -1.0 -1.0 -1.0 -1.0 -1.0 -1.0 -1.0 -1.0 
1.0 1.0 1.0 1.0 1.0 1.0 1.0 -1.0 -1.0 -1.0 -1.0 -1.0 -1.0 -1.0 -1.0 -1.0 -1.0 -1.0 -1.0 -1.0 -1.0 -1.0 -1.0 -1.0 -1.0 
1.0 1.0 1.0 1.0 1.0 1.0 1.0 -1.0 -1.0 -1.0 -1.0 -1.0 -1.0 -1.0 -1.0 -1.0 -1.0 -1.0 -1.0 -1.0 -1.0 -1.0 -1.0 -1.0 -1.0 
1.0 1.0 1.0 1.0 1.0 1.0 1.0 -1.0 -1.0 -1.0 -1.0 -1.0 -1.0 -1.0 -1.0 -1.0 -1.0 -1.0 -1.0 -1.0 -1.0 -1.0 -1.0 -1.0 -1.0 
1.0 1.0 1.0 1.0 1.0 1.0 -1.0 -1.0 -1.0 -1.0 -1.0 -1.0 -1.0 -1.0 -1.0 -1.0 -1.0 -1.0 -1.0 -1.0 -1.0 -1.0 -1.0 -1.0 -1.0 

1.0 1.0 1.0 1.0 1.0 1.0 1.0 1.0 1.0 1.0 1.0 1.0 1.0 1.0 1.0 1.0 1.0 1.0 -1.0 -1.0 -1.0 -1.0 -1.0 -1.0 -1.0 
1.0 1.0 1.0 1.0 1.0 1.0 1.0 1.0 1.0 1.0 1.0 1.0 1.0 1.0 1.0 1.0 1.0 -1.0 -1.0 -1.0 -1.0 -1.0 -1.0 -1.0 -1.0 
2.0 1.0 1.0 1.0 1.0 1.0 1.0 1.0 1.0 1.0 1.0 1.0 1.0 1.0 1.0 1.0 -1.0 -1.0 -1.0 -1.0 -1.0 -1.0 -1.0 -1.0 -1.0 
2.0 2.0 2.0 1.0 1.0 1.0 1.0 1.0 1.0 1.0 1.0 1.0 1.0 1.0 1.0 1.0 -1.0 -1.0 -1.0 -1.0 -1.0 -1.0 -1.0 -1.0 -1.0 
2.0 2.0 2.0 2.0 1.0 1.0 1.0 1.0 1.0 1.0 1.0 1.0 1.0 1.0 1.0 -1.0 -1.0 -1.0 -1.0 -1.0 -1.0 -1.0 -1.0 -1.0 -1.0 
2.0 2.0 2.0 2.0 2.0 -2.0 -2.0 -2.0 -2.0 -2.0 -2.0 -2.0 -2.0 -2.0 -2.0 -1.0 -1.0 -1.0 -1.0 -1.0 -1.0 -1.0 -1.0 -1.0 -1.0 
2.0 2.0 2.0 2.0 2.0 2.0 -2.0 -2.0 -2.0 -2.0 -2.0 -2.0 -2.0 -2.0 -2.0 -1.0 -1.0 -1.0 -1.0 -1.0 -1.0 -1.0 -1.0 -1.0 -1.0 
2.0 2.0 2.0 2.0 2.0 2.0 -2.0 -2.0 -2.0 -2.0 -2.0 -2.0 -2.0 -2.0 -2.0 -1.0 -1.0 -1.0 -1.0 -1.0 -1.0 -1.0 -1.0 -1.0 -1.0 
2.0 2.0 2.0 2.0 2.0 2.0 2.0 -2.0 -2.0 -2.0 -2.0 -2.0 -2.0 -2.0 -2.0 -2.0 -1.0 -1.0 -1.0 -1.0 -1.0 -1.0 -1.0 -1.0 -1.0 
2.0 2.0 2.0 2.0 2.0 2.0 2.0 -2.0 -2.0 -2.0 -2.0 -2.0 -2.0 -2.0 -2.0 -2.0 -1.0 -1.0 -1.0 -1.0 -1.0 -1.0 -1.0 -1.0 -1.0 
2.0 2.0 2.0 2.0 2.0 2.0 2.0 -2.0 -2.0 -2.0 -2.0 -2.0 -2.0 -2.0 -2.0 -2.0 -1.0 -1.0 -1.0 -1.0 -1.0 -1.0 -1.0 -1.0 -1.0 
2.0 2.0 2.0 2.0 2.0 2.0 2.0 2.0 -2.0 -2.0 -2.0 -2.0 -2.0 -2.0 -2.0 -2.0 -2.0 -1.0 -1.0 -1.0 -1.0 -1.0 -1.0 -1.0 -1.0 
2.0 2.0 2.0 2.0 2.0 2.0 2.0 2.0 -2.0 -2.0 -2.0 -2.0 -2.0 -2.0 -2.0 -2.0 0.0 0.0 0.0 0.0 -1.0 -1.0 -1.0 -1.0 -1.0 
2.0 2.0 2.0 2.0 2.0 2.0 2.0 2.0 -2.0 -2.0 -2.0 -2.0 -2.0 -2.0 0.0 0.0 0.0 0.0 0.0 0.0 0.0 0.0 0.0 0.0 -1.0 
2.0 2.0 2.0 2.0 2.0 2.0 2.0 2.0 2.0 -2.0 -2.0 -2.0 0.0 0.0 0.0 0.0 0.0 0.0 0.0 0.0 0.0 0.0 0.0 0.0 0.0 
2.0 2.0 2.0 2.0 2.0 2.0 2.0 2.0 2.0 -2.0 -2.0 0.0 0.0 0.0 0.0 0.0 0.0 0.0 0.0 0.0 0.0 0.0 0.0 0.0 0.0 
2.0 2.0 2.0 2.0 2.0 2.0 2.0 2.0 2.0 0.0 0.0 0.0 0.0 0.0 0.0 0.0 0.0 0.0 0.0 0.0 0.0 0.0 0.0 0.0 0.0 
2.0 2.0 2.0 2.0 2.0 2.0 2.0 2.0 2.0 0.0 0.0 0.0 0.0 0.0 0.0 0.0 0.0 0.0 0.0 0.0 0.0 0.0 0.0 0.0 0.0 
2.0 2.0 2.0 2.0 2.0 2.0 2.0 2.0 2.0 0.0 0.0 0.0 0.0 0.0 0.0 0.0 0.0 0.0 0.0 0.0 0.0 0.0 0.0 0.0 0.0 
2.0 2.0 2.0 2.0 2.0 2.0 2.0 2.0 0.0 0.0 0.0 0.0 0.0 0.0 0.0 0.0 0.0 0.0 0.0 0.0 0.0 0.0 0.0 0.0 0.0 
2.0 2.0 2.0 2.0 2.0 2.0 2.0 2.0 0.0 0.0 0.0 0.0 0.0 0.0 0.0 0.0 0.0 0.0 0.0 0.0 0.0 0.0 0.0 0.0 0.0 
2.0 2.0 2.0 2.0 2.0 2.0 2.0 0.0 0.0 0.0 0.0 0.0 0.0 0.0 0.0 0.0 0.0 0.0 0.0 0.0 0.0 0.0 0.0 0.0 0.0 
2.0 2.0 2.0 2.0 2.0 2.0 2.0 0.0 0.0 0.0 0.0 0.0 0.0 0.0 0.0 0.0 0.0 0.0 0.0 0.0 0.0 0.0 0.0 0.0 0.0 
2.0 2.0 2.0 2.0 2.0 2.0 2.0 0.0 0.0 0.0 0.0 0.0 0.0 0.0 0.0 0.0 0.0 0.0 0.0 0.0 0.0 0.0 0.0 0.0 0.0 
2.0 2.0 2.0 2.0 2.0 2.0 0.0 0.0 0.0 0.0 0.0 0.0 0.0 0.0 0.0 0.0 0.0 0.0 0.0 0.0 0.0 0.0 0.0 0.0 0.0 

