0.143584 0.326033 0.590203 0.174263 0.085091 0.040719 0.323348 0.235166 0.255021 0.384939 0.521263 0.029339 0.544576 0.402010 0.382429 0.937447 0.247865 0.989910 0.738615 0.155842 0.170527 0.784506 0.069079 0.487353 0.178049 
0.271984 0.831351 0.560579 0.546500 0.640524 0.291045 0.184329 0.141056 0.739855 0.948191 0.600041 0.576512 0.819564 0.084349 0.546693 0.848851 0.309575 0.368178 0.876445 0.478468 0.784540 0.470416 0.838304 0.050777 0.376660 
0.068608 0.933691 0.999659 0.048930 0.169880 0.443095 0.599091 0.860601 0.056563 0.517629 0.421901 0.773480 0.244032 0.010231 0.006216 0.039041 0.295693 0.004744 0.363681 0.597128 0.183785 0.433229 0.968734 0.635804 0.001422 
0.217212 0.258995 0.125665 0.484050 0.157609 0.119184 0.626403 0.249484 0.114202 0.139721 0.673664 0.907773 0.657568 0.986772 0.502552 0.757439 0.045206 0.510630 0.112255 0.424728 0.829938 0.450442 0.963449 0.498375 0.665562 
0.721342 0.755846 0.365808 0.415792 0.093654 0.965617 0.447483 0.857448 0.472013 0.552819 0.906555 0.020081 0.688400 0.667794 0.450778 0.622148 0.427419 0.889153 0.458330 0.582498 0.887216 0.561925 0.019768 0.875867 0.445994 
0.681516 0.713498 0.670843 0.732847 0.925155 0.984301 0.130779 0.177330 0.707915 0.169577 0.574061 0.094759 0.250782 0.450371 0.623887 0.192394 0.089335 0.478911 0.860855 0.529710 0.765738 0.452109 0.007396 0.608195 0.877947 
0.545595 0.271564 0.320384 0.662510 0.795446 0.300505 0.430139 0.665372 0.938324 0.704580 0.876009 0.903893 0.674081 0.217646 0.804946 0.304078 0.630501 0.352401 0.836632 0.471948 0.555344 0.516434 0.814686 0.383164 0.922280 
0.103790 0.142605 0.629504 0.504230 0.109532 0.004297 0.069277 0.460750 0.567548 0.996854 0.082498 0.882531 0.635644 0.691359 0.038936 0.521039 0.410034 0.806500 0.215293 0.049032 0.244146 0.636739 0.568042 0.636241 0.628252 
0.929946 0.847880 0.279256 0.117031 0.783015 0.725889 0.976340 0.078002 0.749973 0.304000 0.397299 0.052809 0.708193 0.162005 0.820770 0.665875 0.476151 0.841610 0.813671 0.896419 0.019404 0.570979 0.117106 0.528631 0.857854 
0.701919 0.219661 0.484511 0.751328 0.648760 0.545922 0.152200 0.575548 0.881743 0.139895 0.519748 0.929666 0.923107 0.746325 0.178151 0.988874 0.198478 0.470126 0.365535 0.258704 0.282463 0.571287 0.474109 0.470527 0.666848 
0.852243 0.618157 0.659387 0.916333 0.219215 0.505426 0.080890 0.014367 0.364365 0.577328 0.514713 0.967532 0.237170 0.743140 0.289616 0.310652 0.443624 0.229005 0.650388 0.165082 0.283046 0.344873 0.349393 0.998336 0.574856 
0.646847 0.516990 0.528501 0.637424 0.383115 0.133310 0.227181 0.104433 0.087819 0.834991 0.985848 0.387068 0.249562 0.317363 0.571025 0.170096 0.458022 0.798110 0.903958 0.253389 0.021224 0.894033 0.249803 0.541967 0.631476 
0.183389 0.889317 0.799563 0.114532 0.694489 0.812331 0.859575 0.438898 0.061128 0.927074 0.671694 0.075445 0.471732 0.085035 0.983791 0.288688 0.334644 0.515442 0.770634 0.743397 0.014223 0.314762 0.489037 0.322513 0.532049 
0.280146 0.345817 0.426666 0.374850 0.218532 0.667462 0.344648 0.292106 0.587951 0.961142 0.949412 0.586280 0.755282 0.704209 0.930557 0.352213 0.335036 0.438602 0.141556 0.276770 0.187145 0.577373 0.472776 0.524082 0.521944 
0.609814 0.705197 0.300379 0.242470 0.351446 0.351090 0.187686 0.603214 0.999336 0.811015 0.938969 0.890366 0.574095 0.549734 0.834236 0.045619 0.079672 0.106215 0.513604 0.662946 0.070910 0.650234 0.112574 0.975232 0.953104 
0.335843 0.526944 0.493319 0.328158 0.822345 0.273878 0.395618 0.337426 0.723957 0.752017 0.742284 0.069401 0.316271 0.542557 0.547259 0.430456 0.182515 0.214525 0.169130 0.827966 0.551199 0.124272 0.497359 0.820076 0.472082 
0.895059 0.911651 0.790256 0.060509 0.612186 0.983924 0.932482 0.447854 0.620356 0.196222 0.419527 0.668335 0.595353 0.760577 0.561111 0.072152 0.087276 0.288743 0.478314 0.058963 0.209959 0.399408 0.119880 0.937927 0.017741 
0.860122 0.088536 0.618767 0.434379 0.704339 0.402370 0.439374 0.434415 0.676923 0.722350 0.904857 0.318723 0.001150 0.159187 0.434738 0.345336 0.874201 0.099448 0.380775 0.667283 0.720730 0.840140 0.829436 0.690543 0.387031 
0.152315 0.754707 0.393089 0.663291 0.427101 0.792800 0.221323 0.482866 0.951596 0.071854 0.426884 0.713893 0.095037 0.293433 0.827904 0.798800 0.091541 0.310542 0.396075 0.219327 0.083248 0.216514 0.345229 0.314414 0.043871 
0.960872 0.403199 0.071128 0.203585 0.874775 0.700015 0.746752 0.923646 0.592608 0.458160 0.928448 0.112456 0.614801 0.033397 0.916499 0.395215 0.741610 0.037656 0.744643 0.728691 0.018664 0.509043 0.759899 0.834030 0.702697 
0.538505 0.802568 0.724971 0.791844 0.049929 0.698762 0.001506 0.681807 0.726598 0.216966 0.079729 0.541278 0.053826 0.305105 0.236746 0.282607 0.503140 0.933096 0.944591 0.921749 0.867540 0.829267 0.710763 0.534054 0.637133 
0.653619 0.508272 0.605697 0.081794 0.464517 0.151002 0.396910 0.436795 0.832869 0.765807 0.730832 0.146142 0.887639 0.204065 0.227805 0.394852 0.116217 0.646077 0.955370 0.405923 0.268370 0.638271 0.819166 0.137983 0.725138 
0.467304 0.800854 0.858012 0.828292 0.110973 0.941742 0.457275 0.840281 0.770413 0.701480 0.776762 0.055947 0.726392 0.166366 0.585970 0.182107 0.934503 0.696340 0.845207 0.035123 0.525176 0.765014 0.373365 0.539391 0.918004 
0.108171 0.481905 0.263949 0.673024 0.738083 0.623851 0.558167 0.441413 0.998532 0.927506 0.717855 0.501256 0.222370 0.270096 0.817799 0.092476 0.908805 0.605783 0.223038 0.504643 0.925788 0.083984 0.052301 0.466600 0.730586 
0.926830 0.990042 0.687765 0.575116 0.013233 0.080011 0.011862 0.270143 0.508110 0.940042 0.135162 0.058983 0.473438 0.400696 0.560437 0.973416 0.498058 0.048508 0.164215 0.499027 0.141050 0.715209 0.010190 0.993850 0.500363 

0.312912 0.987044 0.703741 0.892992 0.469580 0.172575 0.546587 0.561518 0.443545 0.634907 0.156954 0.601225 0.484438 0.518091 0.370566 0.921153 0.534048 0.260453 0.824610 0.931171 0.411537 0.722780 0.921493 0.349074 0.198436 
0.526385 0.308365 0.441096 0.646219 0.944763 0.742718 0.319846 0.854003 0.836585 0.191912 0.113563 0.553204 0.060769 0.101022 0.965148 0.357316 0.199536 0.114603 0.323725 0.086105 0.529557 0.393076 0.503558 0.109422 0.136040 
0.517097 0.407517 0.528918 0.788005 0.115391 0.217214 0.531169 0.117672 0.735276 0.955570 0.858269 0.395590 0.955741 0.088828 0.572301 0.845803 0.805693 0.007491 0.141358 0.888103 0.100505 0.426338 0.063929 0.375415 0.235531 
0.046702 0.581728 0.090668 0.423813 0.854296 0.387266 0.075553 0.019314 0.997377 0.446838 0.610224 0.195830 0.999762 0.430489 0.186028 0.860839 0.783145 0.120127 0.342719 0.600253 0.956679 0.932466 0.581671 0.688881 0.446486 
0.404091 0.977436 0.253958 0.610888 0.404111 0.533641 0.027215 0.592530 0.069348 0.626455 0.589508 0.276889 0.980534 0.425565 0.137013 0.229141 0.510769 0.991501 0.549854 0.195830 0.140657 0.197004 0.709503 0.370590 0.686634 
0.746980 0.974829 0.049222 0.040507 0.205553 0.925290 0.175461 0.870953 0.272110 0.600008 0.358834 0.482490 0.372582 0.093868 0.454693 0.670793 0.942686 0.124514 0.491183 0.961711 0.094419 0.214659 0.540524 0.591339 0.739134 
0.374540 0.566206 0.676422 0.140518 0.859620 0.924543 0.227030 0.284521 0.753415 0.588981 0.568068 0.539596 0.447467 0.913417 0.788909 0.458246 0.669906 0.541187 0.821812 0.217084 0.088184 0.067066 0.018216 0.490693 0.134125 
0.370568 0.522129 0.294447 0.286006 0.986036 0.604685 0.831439 0.287443 0.592187 0.463759 0.652621 0.343464 0.278205 0.979086 0.500785 0.058584 0.615772 0.036625 0.584937 0.301563 0.373917 0.050607 0.982746 0.095257 0.640575 
0.926278 0.569374 0.676769 0.487287 0.348882 0.723745 0.904282 0.154008 0.821227 0.532794 0.019927 0.823161 0.374071 0.595272 0.184554 0.218916 0.097509 0.321131 0.701828 0.795146 0.050808 0.942449 0.671308 0.845436 0.043921 
0.504713 0.936515 0.582324 0.918994 0.755257 0.818220 0.302340 0.984927 0.094258 0.875112 0.938867 0.445859 0.366246 0.785793 0.281796 0.889218 0.794008 0.359197 0.313315 0.809125 0.066469 0.798744 0.892867 0.638591 0.547505 
0.572260 0.059300 0.436466 0.927766 0.624598 0.549570 0.755632 0.615720 0.804142 0.154830 0.158052 0.272940 0.158996 0.762180 0.686512 0.720654 0.520587 0.961688 0.533604 0.054902 0.036593 0.890274 0.512960 0.202080 0.257219 
0.821477 0.426896 0.829714 0.558646 0.214759 0.701472 0.306748 0.371714 0.790481 0.634858 0.158833 0.131223 0.768743 0.870763 0.050201 0.886827 0.199051 0.496555 0.694219 0.071820 0.590202 0.880452 0.235998 0.636379 0.490552 
0.013013 0.041027 0.707168 0.492423 0.859700 0.664796 0.789591 0.886832 0.667748 0.731077 0.635011 0.766060 0.039739 0.466540 0.364194 0.505193 0.045656 0.939080 0.662635 0.346451 0.350020 0.052242 0.840488 0.327550 0.148506 
0.140384 0.207352 0.383010 0.160393 0.076747 0.355920 0.984610 0.998730 0.452094 0.363873 0.051434 0.179420 0.158465 0.237343 0.923691 0.276064 0.843803 0.389352 0.206100 0.316902 0.902838 0.710739 0.321754 0.505559 0.683582 
0.568027 0.079472 0.266149 0.512587 0.951525 0.840110 0.333176 0.519719 0.290185 0.345411 0.967567 0.762906 0.213252 0.732231 0.934467 0.848520 0.827544 0.925069 0.001571 0.521327 0.820846 0.885808 0.459548 0.546057 0.041606 
0.618474 0.237773 0.398788 0.299353 0.307209 0.752253 0.658008 0.481275 0.455327 0.438054 0.340936 0.657848 0.433096 0.652927 0.629934 0.255287 0.142813 0.499831 0.650779 0.498646 0.590617 0.503940 0.933701 0.031512 0.734197 
0.929855 0.898207 0.141250 0.168652 0.815623 0.075612 0.097134 0.463877 0.483431 0.104828 0.464260 0.188881 0.257429 0.271526 0.443817 0.254141 0.014596 0.341200 0.011428 0.300657 0.543465 0.159517 0.706290 0.907306 0.950795 
0.542333 0.818930 0.602703 0.693907 0.251324 0.699642 0.609101 0.769923 0.861124 0.236103 0.290679 0.415810 0.591269 0.680558 0.944403 0.867740 0.412211 0.840060 0.457944 0.339673 0.572899 0.168811 0.337590 0.980327 0.298660 
0.040655 0.280732 0.040001 0.975344 0.838397 0.777501 0.301969 0.227336 0.677272 0.571491 0.022528 0.283548 0.236904 0.108834 0.720238 0.145389 0.957527 0.710312 0.053482 0.143852 0.099524 0.144392 0.668474 0.608459 0.410694 
0.011028 0.643728 0.646678 0.196068 0.255403 0.980708 0.156394 0.678513 0.498496 0.382507 0.215142 0.047449 0.221511 0.147511 0.130562 0.160354 0.192986 0.654410 0.854302 0.594230 0.541059 0.846448 0.281081 0.701762 0.790594 
0.330526 0.323116 0.562089 0.324895 0.328596 0.358839 0.543854 0.922734 0.903838 0.371731 0.522837 0.160933 0.119079 0.261802 0.687753 0.214281 0.159395 0.076077 0.370791 0.658220 0.538332 0.497949 0.602183 0.184828 0.840649 
0.092083 0.237631 0.798689 0.242862 0.221216 0.609677 0.355850 0.716030 0.075051 0.348162 0.407545 0.945475 0.638548 0.770386 0.763189 0.340540 0.315450 0.733081 0.149077 0.956632 0.255166 0.945745 0.276499 0.702038 0.148469 
0.461861 0.103979 0.399540 0.917374 0.358903 0.033648 0.255730 0.140209 0.851972 0.067040 0.391151 0.929116 0.744726 0.374950 0.952718 0.832850 0.993872 0.686413 0.923729 0.449081 0.317110 0.011592 0.643487 0.752090 0.820793 
0.410954 0.961565 0.134802 0.447129 0.565739 0.523802 0.433980 0.771406 0.952296 0.309113 0.219281 0.235657 0.668318 0.289130 0.650982 0.673243 0.397957 0.869296 0.330529 0.880705 0.650478 0.818440 0.250752 0.373939 0.036142 
0.540581 0.583531 0.384276 0.591317 0.122593 0.464203 0.596761 0.623795 0.191852 0.251408 0.541095 0.633210 0.088830 0.894182 0.120975 0.491906 0.649422 0.948563 0.676810 0.624776 0.777532 0.948262 0.956625 0.488349 0.286421 

0.256359 1.136714 0.599060 0.813368 0.187823 0.324594 0.811975 0.552122 0.623147 1.110019 -0.004545 0.587428 1.141475 0.281339 0.150421 0.902226 0.783200 0.127425 0.862231 1.083906 0.590098 0.812190 1.171451 0.856636 0.094430 
0.445412 0.187671 0.245526 0.621219 0.858316 0.720692 0.605572 0.839852 0.641584 0.060138 0.171542 0.708341 0.337072 0.038759 0.909185 0.462526 0.339817 -0.026499 0.104154 0.000212 0.617653 0.154107 0.371364 0.336146 0.024349 
0.772914 0.486053 0.670376 0.923498 0.086575 0.267097 0.462688 0.221665 0.678251 0.863614 0.768468 0.373723 1.037929 -0.120122 0.668849 0.750328 0.599104 0.071675 0.280931 1.214373 -0.076313 0.275628 -0.013352 0.190566 0.486176 
-0.153164 0.642433 -0.008356 0.667932 0.658370 0.624825 0.073546 0.058199 0.959843 0.116607 0.584108 0.171312 0.950103 0.122882 0.191618 1.204610 0.841070 0.494075 0.423646 0.829291 1.209442 0.551022 0.543527 0.876965 0.513049 
0.192489 0.622241 -0.012194 0.959875 0.239725 0.718871 0.161718 0.782608 -0.004469 0.690761 0.905988 0.374439 0.790711 0.432481 0.321992 0.068965 0.837975 0.987772 0.672684 -0.068374 0.543210 0.394104 0.495830 0.286364 0.500971 
1.082871 0.712291 0.250676 0.598203 1.197708 0.828569 0.019530 0.495080 0.312914 -0.131683 0.768429 0.309402 0.567242 0.753836 0.431843 0.487937 0.193599 0.142256 1.033196 0.750726 1.015767 0.542897 0.138136 0.620462 0.737362 
0.434507 0.196379 -0.117213 0.490755 0.824480 -0.007449 -0.041021 0.663758 1.022565 0.613219 1.005245 1.067681 0.835563 0.090718 0.967996 -0.019888 0.256185 0.622776 0.721131 0.387236 0.434068 0.554021 0.718808 0.181970 1.240529 
-0.079640 0.313043 0.613379 0.588765 0.163368 0.440770 0.057132 0.640534 0.569042 0.818045 0.187819 0.716962 0.608884 0.819661 0.013637 0.904509 0.333021 0.810158 0.557681 0.591192 0.373644 0.699699 0.481874 0.591196 0.442484 
1.159542 0.525395 0.024780 0.308793 0.596189 0.827366 1.039203 0.137593 1.010804 0.098227 0.483599 0.013262 0.579543 0.199898 0.834037 0.919698 0.450990 1.058225 0.554756 0.651683 0.287125 0.806407 0.018911 0.665319 1.122538 
1.061341 0.134208 0.507948 0.765962 0.741235 0.833267 0.073231 0.030955 0.351954 0.633682 0.706277 0.874012 1.075933 0.605083 0.138655 0.967729 0.204553 0.313398 0.476653 0.450900 0.206006 0.607297 0.564633 0.318179 0.502981 
-1.921978 -0.366779 -1.465316 -2.631586 -1.489037 -1.596432 -1.951456 -0.848033 -1.705825 -0.929762 -0.808091 -1.623962 -0.801384 -2.167631 -1.466760 -1.672511 -1.493109 -2.144468 -1.498073 0.140107 -0.405688 -2.214859 -1.294436 -1.545348 -1.104890 
-2.012146 -1.303236 -2.199623 -1.732803 -0.519959 -1.557705 -0.666249 -0.459158 -1.498391 -2.128738 -1.116970 -0.280592 -1.720078 -2.133375 -0.397173 -1.780343 -0.811967 -1.209659 -2.144952 -0.518395 -1.131338 -2.744382 -0.527184 -1.597992 -1.916586 
-0.063283 -0.925151 -2.084644 -1.127788 -2.473364 -1.929212 -2.408039 -2.182550 -1.437027 -2.849579 -1.981879 -1.563633 -0.576385 -1.142041 -1.532363 -1.405150 -0.258720 -2.246029 -1.729678 -0.819228 -0.800002 -0.595042 -2.341416 -0.904650 -0.760918 
-0.388274 -0.702152 -1.314702 -0.552877 -0.675972 -1.549795 -2.618986 -2.272121 -1.628238 -1.837255 -0.579810 -0.779940 -1.313225 -1.378891 -2.733077 -1.387314 -1.668540 -0.808271 -0.301486 -0.765150 -2.023623 -1.829709 -1.201143 -1.336278 -1.924708 
-1.804620 -1.139989 -0.614056 -1.455162 -1.902640 -2.223010 -0.944184 -1.782699 -1.518548 -1.361745 -2.921859 -2.411896 -0.835967 -2.077749 -2.227177 -1.887809 -1.738151 -1.787860 -0.450066 -1.662510 -1.477675 -2.236518 -1.053684 -2.012407 -0.986790 
0.394564 -0.453989 -0.107519 -0.267565 -0.942443 0.968696 0.318958 0.215906 -0.214435 -0.710501 -0.417506 1.128049 0.314238 0.080451 0.000679 -0.616431 0.023979 0.663815 1.380853 -0.738946 -0.084736 0.894811 1.148710 -1.532203 0.392618 
0.219014 0.081555 -1.264207 0.317054 0.529953 -2.030286 -1.347827 0.125849 -0.467433 -0.121807 -0.310145 -0.852854 -0.534717 -0.908926 -0.140589 0.041846 -0.390839 0.098949 -1.011700 0.588790 0.789437 -0.078714 1.394917 -0.436711 2.000276 
-0.560382 1.645135 0.164971 0.256696 -0.891823 0.860610 0.103482 0.475052 0.233051 -1.050908 -1.267369 0.015966 1.345292 1.190983 1.349850 0.841945 -1.056703 1.882950 -0.007472 -0.379259 -0.362594 -1.408985 -1.207873 0.576836 -0.003181 
-0.438013 -1.183395 -0.735263 0.889170 0.653990 0.284606 0.147476 -0.448154 -0.509235 0.813111 -0.684916 -0.643003 0.122761 -0.438123 -0.075463 -1.355481 1.744445 1.098700 -0.528122 -0.291771 0.220007 -0.583871 0.774724 0.311406 0.721250 
-2.043581 0.519880 1.382478 -0.333082 -1.265020 0.097343 -1.110390 -0.403975 -0.053599 -0.345846 -1.789686 -0.125807 -0.534494 0.233698 -1.614739 -0.917105 -1.064015 1.383911 0.125891 0.091227 1.369152 0.717183 -1.074326 -0.325279 0.227316 
0.598182 1.531061 0.810842 1.135029 -0.234579 0.990220 -0.438545 0.680617 0.555006 -0.194547 -0.500041 0.950736 -0.312402 0.351396 -0.134271 0.404651 1.039407 2.159059 1.864731 0.965895 0.896078 0.959380 0.807439 0.762165 0.530776 
1.706413 0.987849 0.454842 0.078897 0.687622 -0.553814 0.103791 -0.150526 1.729709 1.229300 1.217000 -0.258909 1.113870 -0.454291 -0.501882 0.324842 -0.124492 0.714134 1.822102 -0.339344 0.201141 0.357966 1.598649 -0.339989 0.935341 
0.533782 1.751688 1.363192 0.716189 0.011333 2.118071 0.578599 0.934584 0.711317 1.734424 0.793250 -0.663289 0.771253 -0.103938 0.388599 -0.644330 0.803540 0.865281 0.565957 -0.438953 0.560734 1.369693 0.191264 -0.190971 1.422663 
-0.419307 -0.090694 0.220798 0.587571 0.499674 0.785930 0.802245 -0.042131 1.138201 1.488317 0.968405 0.759365 -0.107032 0.300604 0.998756 -0.280844 1.087574 0.518173 0.280737 0.272869 1.187518 -0.661007 -0.007605 0.650117 1.412256 
1.560262 1.250257 0.731925 0.795547 0.032273 0.031786 -0.605928 -0.078066 0.783622 1.569434 -0.200641 -0.355874 0.957595 -0.002322 0.952713 1.572840 0.401293 -1.046219 -0.188763 0.582798 -0.539869 0.406013 -0.937942 1.521740 0.535532 

0 0 0 0 0 0 0 0 0 0 0 0 0 0 0 0 0 0 0 0 0 0 0 0 0 
0 0 0 0 0 0 0 0 0 0 0 0 0 0 0 0 0 0 0 0 0 0 0 0 0 
0 0 0 0 0 0 0 0 0 0 0 0 0 0 0 0 0 0 0 0 0 0 0 0 0 
0 0 0 0 0 0 0 0 0 0 0 0 0 0 0 0 0 0 0 0 0 0 0 0 0 
0 0 0 0 0 0 0 0 0 0 0 0 0 0 0 0 0 0 0 0 0 0 0 0 0 
1 1 1 1 1 1 1 1 1 1 1 1 1 1 1 1 1 1 1 1 1 1 1 1 1 
1 1 1 1 1 1 1 1 1 1 1 1 1 1 1 1 1 1 1 1 1 1 1 1 1 
1 1 1 1 1 1 1 1 1 1 1 1 1 1 1 1 1 1 1 1 1 1 1 1 1 
1 1 1 1 1 1 1 1 1 1 1 1 1 1 1 1 1 1 1 1 1 1 1 1 1 
1 1 1 1 1 1 1 1 1 1 1 1 1 1 1 1 1 1 1 1 1 1 1 1 1 
2 2 2 2 2 2 2 2 2 2 2 2 2 2 2 2 2 2 2 2 2 2 2 2 2 
2 2 2 2 2 2 2 2 2 2 2 2 2 2 2 2 2 2 2 2 2 2 2 2 2 
2 2 2 2 2 2 2 2 2 2 2 2 2 2 2 2 2 2 2 2 2 2 2 2 2 
2 2 2 2 2 2 2 2 2 2 2 2 2 2 2 2 2 2 2 2 2 2 2 2 2 
2 2 2 2 2 2 2 2 2 2 2 2 2 2 2 2 2 2 2 2 2 2 2 2 2 
3 3 3 3 3 3 3 3 3 3 3 3 3 3 3 3 3 3 3 3 3 3 3 3 3 
3 3 3 3 3 3 3 3 3 3 3 3 3 3 3 3 3 3 3 3 3 3 3 3 3 
3 3 3 3 3 3 3 3 3 3 3 3 3 3 3 3 3 3 3 3 3 3 3 3 3 
3 3 3 3 3 3 3 3 3 3 3 3 3 3 3 3 3 3 3 3 3 3 3 3 3 
3 3 3 3 3 3 3 3 3 3 3 3 3 3 3 3 3 3 3 3 3 3 3 3 3 
4 4 4 4 4 4 4 4 4 4 4 4 4 4 4 4 4 4 4 4 4 4 4 4 4 
4 4 4 4 4 4 4 4 4 4 4 4 4 4 4 4 4 4 4 4 4 4 4 4 4 
4 4 4 4 4 4 4 4 4 4 4 4 4 4 4 4 4 4 4 4 4 4 4 4 4 
4 4 4 4 4 4 4 4 4 4 4 4 4 4 4 4 4 4 4 4 4 4 4 4 4 
4 4 4 4 4 4 4 4 4 4 4 4 4 4 4 4 4 4 4 4 4 4 4 4 4 

0.0 0.0 0.0 0.0 0.0 0.0 0.0 0.0 0.0 0.0 0.0 0.0 0.0 0.0 0.0 0.0 0.0 0.0 0.0 0.0 0.0 0.0 0.0 0.0 0.0 
0.0 0.0 0.0 0.0 0.0 0.0 0.0 0.0 0.0 0.0 0.0 0.0 0.0 0.0 0.0 0.0 0.0 0.0 0.0 0.0 0.0 0.0 0.0 0.0 0.0 
0.0 0.0 0.0 0.0 0.0 0.0 0.0 0.0 0.0 0.0 0.0 0.0 0.0 0.0 0.0 0.0 0.0 0.0 0.0 0.0 0.0 0.0 0.0 0.0 0.0 
0.0 0.0 0.0 0.0 0.0 0.0 0.0 0.0 0.0 0.0 0.0 0.0 0.0 0.0 0.0 0.0 0.0 0.0 0.0 0.0 0.0 0.0 0.0 0.0 0.0 
0.0 0.0 0.0 0.0 0.0 0.0 0.0 0.0 0.0 0.0 0.0 0.0 0.0 0.0 0.0 0.0 0.0 0.0 0.0 0.0 0.0 0.0 0.0 0.0 0.0 
1.0 1.0 1.0 1.0 1.0 1.0 1.0 1.0 1.0 1.0 1.0 1.0 1.0 1.0 1.0 1.0 1.0 1.0 1.0 1.0 1.0 1.0 1.0 1.0 1.0 
1.0 1.0 1.0 1.0 1.0 1.0 1.0 1.0 1.0 1.0 1.0 1.0 1.0 1.0 1.0 1.0 1.0 1.0 1.0 1.0 1.0 1.0 1.0 1.0 1.0 
1.0 1.0 1.0 1.0 1.0 1.0 1.0 1.0 1.0 1.0 1.0 1.0 1.0 1.0 1.0 1.0 1.0 1.0 1.0 1.0 1.0 1.0 1.0 1.0 1.0 
1.0 1.0 1.0 1.0 1.0 1.0 1.0 1.0 1.0 1.0 1.0 1.0 1.0 1.0 1.0 1.0 1.0 1.0 1.0 1.0 1.0 1.0 1.0 1.0 1.0 
1.0 1.0 1.0 1.0 1.0 1.0 1.0 1.0 1.0 1.0 1.0 1.0 1.0 1.0 1.0 1.0 1.0 1.0 1.0 1.0 1.0 1.0 1.0 1.0 1.0 
-1.0 -1.0 -1.0 -1.0 -1.0 -1.0 -1.0 -1.0 -1.0 -1.0 -1.0 -1.0 -1.0 -1.0 -1.0 -1.0 -1.0 -1.0 -1.0 -1.0 -1.0 -1.0 -1.0 -1.0 -1.0 
-1.0 -1.0 -1.0 -1.0 -1.0 -1.0 -1.0 -1.0 -1.0 -1.0 -1.0 -1.0 -1.0 -1.0 -1.0 -1.0 -1.0 -1.0 -1.0 -1.0 -1.0 -1.0 -1.0 -1.0 -1.0 
-1.0 -1.0 -1.0 -1.0 -1.0 -1.0 -1.0 -1.0 -1.0 -1.0 -1.0 -1.0 -1.0 -1.0 -1.0 -1.0 -1.0 -1.0 -1.0 -1.0 -1.0 -1.0 -1.0 -1.0 -1.0 
-1.0 -1.0 -1.0 -1.0 -1.0 -1.0 -1.0 -1.0 -1.0 -1.0 -1.0 -1.0 -1.0 -1.0 -1.0 -1.0 -1.0 -1.0 -1.0 -1.0 -1.0 -1.0 -1.0 -1.0 -1.0 
-1.0 -1.0 -1.0 -1.0 -1.0 -1.0 -1.0 -1.0 -1.0 -1.0 -1.0 -1.0 -1.0 -1.0 -1.0 -1.0 -1.0 -1.0 -1.0 -1.0 -1.0 -1.0 -1.0 -1.0 -1.0 
-2.0 -2.0 -2.0 -2.0 -2.0 -2.0 -2.0 -2.0 -2.0 -2.0 -2.0 -2.0 -2.0 -2.0 -2.0 -2.0 -2.0 -2.0 -2.0 -2.0 -2.0 -2.0 -2.0 -2.0 -2.0 
-2.0 -2.0 -2.0 -2.0 -2.0 -2.0 -2.0 -2.0 -2.0 -2.0 -2.0 -2.0 -2.0 -2.0 -2.0 -2.0 -2.0 -2.0 -2.0 -2.0 -2.0 -2.0 -2.0 -2.0 -2.0 
-2.0 -2.0 -2.0 -2.0 -2.0 -2.0 -2.0 -2.0 -2.0 -2.0 -2.0 -2.0 -2.0 -2.0 -2.0 -2.0 -2.0 -2.0 -2.0 -2.0 -2.0 -2.0 -2.0 -2.0 -2.0 
-2.0 -2.0 -2.0 -2.0 -2.0 -2.0 -2.0 -2.0 -2.0 -2.0 -2.0 -2.0 -2.0 -2.0 -2.0 -2.0 -2.0 -2.0 -2.0 -2.0 -2.0 -2.0 -2.0 -2.0 -2.0 
-2.0 -2.0 -2.0 -2.0 -2.0 -2.0 -2.0 -2.0 -2.0 -2.0 -2.0 -2.0 -2.0 -2.0 -2.0 -2.0 -2.0 -2.0 -2.0 -2.0 -2.0 -2.0 -2.0 -2.0 -2.0 
2.0 2.0 2.0 2.0 2.0 2.0 2.0 2.0 2.0 2.0 2.0 2.0 2.0 2.0 2.0 2.0 2.0 2.0 2.0 2.0 2.0 2.0 2.0 2.0 2.0 
2.0 2.0 2.0 2.0 2.0 2.0 2.0 2.0 2.0 2.0 2.0 2.0 2.0 2.0 2.0 2.0 2.0 2.0 2.0 2.0 2.0 2.0 2.0 2.0 2.0 
2.0 2.0 2.0 2.0 2.0 2.0 2.0 2.0 2.0 2.0 2.0 2.0 2.0 2.0 2.0 2.0 2.0 2.0 2.0 2.0 2.0 2.0 2.0 2.0 2.0 
2.0 2.0 2.0 2.0 2.0 2.0 2.0 2.0 2.0 2.0 2.0 2.0 2.0 2.0 2.0 2.0 2.0 2.0 2.0 2.0 2.0 2.0 2.0 2.0 2.0 
2.0 2.0 2.0 2.0 2.0 2.0 2.0 2.0 2.0 2.0 2.0 2.0 2.0 2.0 2.0 2.0 2.0 2.0 2.0 2.0 2.0 2.0 2.0 2.0 2.0 

1.0 1.0 1.0 1.0 1.0 1.0 1.0 1.0 1.0 1.0 1.0 1.0 1.0 1.0 1.0 1.0 1.0 1.0 1.0 1.0 1.0 1.0 1.0 1.0 1.0 
1.0 1.0 1.0 1.0 1.0 1.0 1.0 1.0 1.0 1.0 1.0 1.0 1.0 1.0 1.0 1.0 1.0 1.0 1.0 1.0 1.0 1.0 1.0 1.0 1.0 
1.0 1.0 1.0 1.0 1.0 1.0 1.0 1.0 1.0 1.0 1.0 1.0 1.0 1.0 1.0 1.0 1.0 1.0 1.0 1.0 1.0 1.0 1.0 1.0 1.0 
1.0 1.0 1.0 1.0 1.0 1.0 1.0 1.0 1.0 1.0 1.0 1.0 1.0 1.0 1.0 1.0 1.0 1.0 1.0 1.0 1.0 1.0 1.0 1.0 1.0 
1.0 1.0 1.0 1.0 1.0 1.0 1.0 1.0 1.0 1.0 1.0 1.0 1.0 1.0 1.0 1.0 1.0 1.0 1.0 1.0 1.0 1.0 1.0 1.0 1.0 
0.0 0.0 0.0 0.0 0.0 0.0 0.0 0.0 0.0 0.0 0.0 0.0 0.0 0.0 0.0 0.0 0.0 0.0 0.0 0.0 0.0 0.0 0.0 0.0 0.0 
0.0 0.0 0.0 0.0 0.0 0.0 0.0 0.0 0.0 0.0 0.0 0.0 0.0 0.0 0.0 0.0 0.0 0.0 0.0 0.0 0.0 0.0 0.0 0.0 0.0 
0.0 0.0 0.0 0.0 0.0 0.0 0.0 0.0 0.0 0.0 0.0 0.0 0.0 0.0 0.0 0.0 0.0 0.0 0.0 0.0 0.0 0.0 0.0 0.0 0.0 
0.0 0.0 0.0 0.0 0.0 0.0 0.0 0.0 0.0 0.0 0.0 0.0 0.0 0.0 0.0 0.0 0.0 0.0 0.0 0.0 0.0 0.0 0.0 0.0 0.0 
0.0 0.0 0.0 0.0 0.0 0.0 0.0 0.0 0.0 0.0 0.0 0.0 0.0 0.0 0.0 0.0 0.0 0.0 0.0 0.0 0.0 0.0 0.0 0.0 0.0 
-2.0 -2.0 -2.0 -2.0 -2.0 -2.0 -2.0 -2.0 -2.0 -2.0 -2.0 -2.0 -2.0 -2.0 -2.0 -2.0 -2.0 -2.0 -2.0 -2.0 -2.0 -2.0 -2.0 -2.0 -2.0 
-2.0 -2.0 -2.0 -2.0 -2.0 -2.0 -2.0 -2.0 -2.0 -2.0 -2.0 -2.0 -2.0 -2.0 -2.0 -2.0 -2.0 -2.0 -2.0 -2.0 -2.0 -2.0 -2.0 -2.0 -2.0 
-2.0 -2.0 -2.0 -2.0 -2.0 -2.0 -2.0 -2.0 -2.0 -2.0 -2.0 -2.0 -2.0 -2.0 -2.0 -2.0 -2.0 -2.0 -2.0 -2.0 -2.0 -2.0 -2.0 -2.0 -2.0 
-2.0 -2.0 -2.0 -2.0 -2.0 -2.0 -2.0 -2.0 -2.0 -2.0 -2.0 -2.0 -2.0 -2.0 -2.0 -2.0 -2.0 -2.0 -2.0 -2.0 -2.0 -2.0 -2.0 -2.0 -2.0 
-2.0 -2.0 -2.0 -2.0 -2.0 -2.0 -2.0 -2.0 -2.0 -2.0 -2.0 -2.0 -2.0 -2.0 -2.0 -2.0 -2.0 -2.0 -2.0 -2.0 -2.0 -2.0 -2.0 -2.0 -2.0 
2.0 2.0 2.0 2.0 2.0 2.0 2.0 2.0 2.0 2.0 2.0 2.0 2.0 2.0 2.0 2.0 2.0 2.0 2.0 2.0 2.0 2.0 2.0 2.0 2.0 
2.0 2.0 2.0 2.0 2.0 2.0 2.0 2.0 2.0 2.0 2.0 2.0 2.0 2.0 2.0 2.0 2.0 2.0 2.0 2.0 2.0 2.0 2.0 2.0 2.0 
2.0 2.0 2.0 2.0 2.0 2.0 2.0 2.0 2.0 2.0 2.0 2.0 2.0 2.0 2.0 2.0 2.0 2.0 2.0 2.0 2.0 2.0 2.0 2.0 2.0 
2.0 2.0 2.0 2.0 2.0 2.0 2.0 2.0 2.0 2.0 2.0 2.0 2.0 2.0 2.0 2.0 2.0 2.0 2.0 2.0 2.0 2.0 2.0 2.0 2.0 
2.0 2.0 2.0 2.0 2.0 2.0 2.0 2.0 2.0 2.0 2.0 2.0 2.0 2.0 2.0 2.0 2.0 2.0 2.0 2.0 2.0 2.0 2.0 2.0 2.0 
-1.0 -1.0 -1.0 -1.0 -1.0 -1.0 -1.0 -1.0 -1.0 -1.0 -1.0 -1.0 -1.0 -1.0 -1.0 -1.0 -1.0 -1.0 -1.0 -1.0 -1.0 -1.0 -1.0 -1.0 -1.0 
-1.0 -1.0 -1.0 -1.0 -1.0 -1.0 -1.0 -1.0 -1.0 -1.0 -1.0 -1.0 -1.0 -1.0 -1.0 -1.0 -1.0 -1.0 -1.0 -1.0 -1.0 -1.0 -1.0 -1.0 -1.0 
-1.0 -1.0 -1.0 -1.0 -1.0 -1.0 -1.0 -1.0 -1.0 -1.0 -1.0 -1.0 -1.0 -1.0 -1.0 -1.0 -1.0 -1.0 -1.0 -1.0 -1.0 -1.0 -1.0 -1.0 -1.0 
-1.0 -1.0 -1.0 -1.0 -1.0 -1.0 -1.0 -1.0 -1.0 -1.0 -1.0 -1.0 -1.0 -1.0 -1.0 -1.0 -1.0 -1.0 -1.0 -1.0 -1.0 -1.0 -1.0 -1.0 -1.0 
-1.0 -1.0 -1.0 -1.0 -1.0 -1.0 -1.0 -1.0 -1.0 -1.0 -1.0 -1.0 -1.0 -1.0 -1.0 -1.0 -1.0 -1.0 -1.0 -1.0 -1.0 -1.0 -1.0 -1.0 -1.0 

