0.248447 0.836635 0.386865 0.730588 0.774617 0.028703 0.254706 0.890873 0.262035 0.331910 0.346611 0.543219 0.468954 0.442144 0.151708 0.213820 0.797284 0.080612 0.693591 0.116220 0.936591 0.833735 0.047915 0.952665 0.073934 
0.511629 0.459563 0.273028 0.147676 0.182168 0.869367 0.845604 0.431299 0.423378 0.417379 0.868079 0.497272 0.803785 0.287898 0.829833 0.874509 0.839162 0.894861 0.484535 0.382322 0.646616 0.723291 0.759275 0.432738 0.255584 
0.566336 0.299409 0.444862 0.707123 0.636724 0.828952 0.657519 0.004037 0.394476 0.497640 0.216616 0.655616 0.819182 0.018822 0.876555 0.725848 0.424672 0.065495 0.157532 0.824284 0.078797 0.654273 0.479973 0.819751 0.182121 
0.611580 0.569825 0.372420 0.274169 0.849209 0.105402 0.361533 0.705999 0.295695 0.800647 0.310740 0.540215 0.494345 0.829716 0.292150 0.449062 0.668526 0.898796 0.569029 0.255455 0.879778 0.426216 0.601674 0.512601 0.874894 
0.064029 0.307558 0.485619 0.055701 0.727988 0.179399 0.821461 0.098767 0.669274 0.035468 0.424257 0.991918 0.265135 0.877493 0.630518 0.013874 0.588356 0.537741 0.854912 0.981572 0.657062 0.902301 0.928672 0.037462 0.134272 
0.155888 0.752296 0.309303 0.393819 0.957865 0.461528 0.720712 0.301153 0.870878 0.446838 0.533732 0.809036 0.770005 0.352830 0.977026 0.245773 0.341470 0.336612 0.873493 0.703325 0.940427 0.265973 0.577385 0.945295 0.365650 
0.634065 0.345453 0.776992 0.609040 0.614146 0.834075 0.227829 0.161064 0.112217 0.448537 0.088014 0.311149 0.559393 0.206042 0.902066 0.908773 0.491384 0.716503 0.632845 0.194718 0.099899 0.774228 0.964294 0.170795 0.116970 
0.060191 0.036779 0.856171 0.816600 0.759471 0.768484 0.080898 0.900666 0.129762 0.251450 0.170562 0.312006 0.179221 0.794923 0.880879 0.079312 0.842036 0.640914 0.604176 0.372367 0.993340 0.086472 0.820419 0.026223 0.217769 
0.282339 0.936238 0.036851 0.097011 0.911021 0.554686 0.905048 0.020767 0.379922 0.226888 0.172066 0.341851 0.687624 0.552504 0.277684 0.491713 0.296505 0.927277 0.678934 0.413034 0.461611 0.488361 0.207759 0.888530 0.706830 
0.406847 0.644467 0.466940 0.488051 0.983896 0.484901 0.660568 0.066784 0.224705 0.195420 0.406007 0.959660 0.192359 0.026429 0.596621 0.124120 0.737571 0.988137 0.555384 0.383767 0.356782 0.669445 0.045785 0.105050 0.928355 
0.949150 0.368316 0.816077 0.373856 0.655014 0.555834 0.503494 0.955556 0.245535 0.663415 0.059221 0.863224 0.778220 0.790800 0.616569 0.316409 0.592542 0.975257 0.759105 0.155630 0.070671 0.170481 0.241771 0.370221 0.237354 
0.508682 0.960769 0.865080 0.266690 0.943496 0.090990 0.123419 0.528378 0.715587 0.578045 0.516136 0.421717 0.963223 0.334118 0.497272 0.542137 0.080213 0.570341 0.666805 0.123998 0.965632 0.003249 0.605049 0.487278 0.709603 
0.642723 0.898506 0.060752 0.187274 0.676988 0.921088 0.795560 0.160870 0.822876 0.331604 0.824523 0.799726 0.136372 0.341970 0.211891 0.437260 0.755450 0.861846 0.527901 0.064705 0.299469 0.380315 0.649669 0.521434 0.861256 
0.097464 0.885836 0.700881 0.369764 0.780904 0.360920 0.348495 0.101366 0.932619 0.831541 0.672791 0.204633 0.620182 0.953952 0.685852 0.635950 0.280750 0.353390 0.286632 0.262552 0.696406 0.490354 0.588442 0.843460 0.952953 
0.355578 0.163390 0.261247 0.115320 0.973815 0.162485 0.359378 0.228302 0.158292 0.309441 0.819054 0.812031 0.467282 0.812804 0.760087 0.584703 0.278688 0.242149 0.398517 0.803057 0.053087 0.671559 0.006411 0.164609 0.003247 
0.047607 0.746508 0.261827 0.708840 0.759249 0.081655 0.712037 0.851257 0.674853 0.032725 0.537922 0.416045 0.763512 0.093104 0.756485 0.538435 0.605647 0.303452 0.069560 0.528035 0.379661 0.146634 0.543641 0.469419 0.419143 
0.038747 0.685840 0.614147 0.810758 0.020683 0.082720 0.214385 0.441635 0.933217 0.316459 0.238914 0.023089 0.493995 0.431484 0.028520 0.957293 0.269818 0.207715 0.158819 0.857555 0.996015 0.241347 0.989264 0.180824 0.452824 
0.921850 0.977113 0.731776 0.105398 0.229628 0.936518 0.700958 0.878453 0.335785 0.164239 0.956062 0.984655 0.453382 0.150933 0.851127 0.620180 0.098922 0.462630 0.688258 0.209633 0.592886 0.002436 0.226736 0.836848 0.535642 
0.484328 0.947124 0.579862 0.223508 0.118117 0.391139 0.242792 0.870821 0.393867 0.920005 0.875482 0.687821 0.810899 0.002299 0.679693 0.147344 0.915516 0.262069 0.132722 0.381904 0.935611 0.605333 0.577142 0.335265 0.826686 
0.371879 0.790552 0.120125 0.675841 0.974708 0.423068 0.352580 0.236942 0.503220 0.461345 0.320784 0.762907 0.910472 0.298372 0.461428 0.542286 0.708606 0.401380 0.702233 0.226602 0.347024 0.448897 0.895321 0.191144 0.720380 
0.446979 0.627582 0.412121 0.609160 0.908950 0.724412 0.943154 0.473299 0.522091 0.845230 0.343143 0.703491 0.613731 0.677736 0.288575 0.729337 0.800965 0.995925 0.128909 0.979105 0.252754 0.944186 0.080967 0.519176 0.564114 
0.595595 0.376684 0.780872 0.721679 0.802414 0.282569 0.276918 0.709210 0.286404 0.153304 0.381547 0.027852 0.241944 0.791504 0.805064 0.633654 0.122851 0.387160 0.969792 0.358685 0.519334 0.767390 0.073515 0.218101 0.476546 
0.266583 0.382658 0.141456 0.526374 0.168142 0.463446 0.659166 0.046370 0.236504 0.400445 0.313751 0.358056 0.289993 0.947932 0.953132 0.084756 0.459025 0.214444 0.023232 0.023424 0.568797 0.381550 0.500148 0.207651 0.841971 
0.193788 0.856154 0.582407 0.424972 0.670468 0.405595 0.434501 0.577508 0.205830 0.142050 0.355346 0.339817 0.467548 0.840459 0.059403 0.040372 0.797701 0.265471 0.782870 0.513632 0.110391 0.058544 0.223678 0.723316 0.536263 
0.415589 0.913090 0.745959 0.150088 0.008605 0.390827 0.326671 0.666269 0.350854 0.342040 0.335884 0.043184 0.547560 0.007392 0.212615 0.629775 0.224770 0.770421 0.049693 0.200685 0.360695 0.876254 0.596545 0.629206 0.059808 

0.757406 0.307297 0.596599 0.869364 0.214011 0.047197 0.314561 0.988187 0.531940 0.801361 0.510506 0.868103 0.835262 0.930794 0.289319 0.630146 0.903855 0.970555 0.923175 0.820343 0.630777 0.159091 0.076615 0.944074 0.417691 
0.379529 0.360576 0.849694 0.675997 0.937652 0.699386 0.148502 0.195127 0.473047 0.978253 0.165420 0.315538 0.924555 0.646004 0.811459 0.398025 0.632950 0.881695 0.683697 0.846561 0.419353 0.967304 0.304826 0.318277 0.782341 
0.270407 0.451345 0.349644 0.564336 0.577222 0.618246 0.161729 0.099846 0.892769 0.827565 0.414252 0.131889 0.097956 0.945828 0.696786 0.767040 0.301467 0.896097 0.812711 0.438189 0.143379 0.054341 0.939756 0.464124 0.279028 
0.791594 0.640273 0.205169 0.974321 0.798696 0.180112 0.761249 0.888147 0.931825 0.618003 0.955670 0.212694 0.772294 0.421257 0.396868 0.913271 0.735901 0.652984 0.194225 0.267366 0.963280 0.074590 0.376811 0.566899 0.744501 
0.062936 0.106515 0.946936 0.912914 0.258872 0.151999 0.617683 0.392494 0.003400 0.042537 0.263985 0.650628 0.903601 0.778853 0.366512 0.775729 0.540537 0.751507 0.286207 0.982168 0.663785 0.091212 0.588312 0.033398 0.058426 
0.638865 0.721119 0.060575 0.537493 0.230855 0.432766 0.139236 0.161669 0.109765 0.659332 0.877832 0.491076 0.103431 0.728637 0.376059 0.324760 0.500638 0.428322 0.850824 0.330386 0.125427 0.367391 0.452082 0.306656 0.828460 
0.141104 0.723677 0.043261 0.189330 0.599444 0.700517 0.323975 0.446270 0.634474 0.558023 0.632403 0.667902 0.302652 0.183149 0.280425 0.913829 0.897645 0.501602 0.395567 0.570195 0.054840 0.116257 0.488465 0.785885 0.655431 
0.180035 0.676637 0.045974 0.725827 0.996048 0.348521 0.253248 0.359318 0.696139 0.019547 0.642805 0.497725 0.942358 0.213136 0.149532 0.760985 0.432692 0.818032 0.048525 0.743021 0.516893 0.263388 0.743207 0.751665 0.796638 
0.218183 0.396028 0.624617 0.694304 0.432521 0.525078 0.349233 0.228734 0.102573 0.333384 0.044843 0.943757 0.201690 0.553451 0.596598 0.997135 0.302568 0.439119 0.690879 0.950398 0.698702 0.579882 0.834348 0.646508 0.915657 
0.394631 0.150342 0.168894 0.884270 0.971593 0.401923 0.694651 0.790365 0.079362 0.915498 0.151493 0.617594 0.289522 0.973847 0.984771 0.731409 0.441367 0.824517 0.308107 0.897143 0.888270 0.650915 0.423343 0.617365 0.027585 
0.303778 0.087989 0.809254 0.714491 0.283781 0.338914 0.057324 0.301337 0.920568 0.444397 0.072035 0.813155 0.781320 0.804577 0.327577 0.344131 0.666768 0.212715 0.828164 0.557361 0.623465 0.818613 0.353596 0.137540 0.713562 
0.659853 0.280732 0.758224 0.092810 0.584142 0.044030 0.701314 0.120938 0.440587 0.096024 0.048362 0.749910 0.980040 0.067318 0.763242 0.126947 0.256307 0.200721 0.394015 0.672593 0.629789 0.216289 0.149698 0.887873 0.798313 
0.837881 0.178989 0.556674 0.257634 0.204100 0.085501 0.486275 0.422913 0.185115 0.680510 0.202882 0.386797 0.920982 0.723892 0.778345 0.944694 0.183018 0.416463 0.459286 0.386642 0.661198 0.224411 0.296850 0.829692 0.359960 
0.970261 0.631254 0.783369 0.274693 0.645749 0.709288 0.499473 0.335063 0.149061 0.293339 0.043341 0.912220 0.824455 0.951538 0.503498 0.656241 0.333241 0.785837 0.736106 0.747793 0.028530 0.368212 0.078073 0.077522 0.620936 
0.165056 0.097033 0.832667 0.442987 0.585906 0.350628 0.176757 0.294914 0.508878 0.823276 0.675679 0.476114 0.422093 0.829689 0.820446 0.270497 0.763778 0.945668 0.355994 0.774314 0.909616 0.519857 0.741754 0.525681 0.250233 
0.543431 0.386111 0.988994 0.849497 0.149647 0.463318 0.797859 0.674775 0.619047 0.739774 0.350360 0.703992 0.613896 0.462261 0.305373 0.405029 0.490515 0.350435 0.863809 0.659560 0.550140 0.206047 0.970302 0.246596 0.334712 
0.058289 0.975596 0.784048 0.006419 0.950745 0.106247 0.507228 0.004782 0.963276 0.117868 0.054398 0.807035 0.714968 0.506746 0.412357 0.000106 0.600656 0.099619 0.738030 0.927005 0.144437 0.335883 0.907465 0.976682 0.191230 
0.619737 0.594534 0.832872 0.252989 0.702189 0.190950 0.408846 0.062290 0.126195 0.812900 0.452167 0.798174 0.036616 0.345491 0.923992 0.568333 0.869484 0.740856 0.938945 0.239083 0.149385 0.849715 0.863991 0.901918 0.607333 
0.854865 0.629113 0.341405 0.055075 0.668061 0.990262 0.828277 0.532288 0.919698 0.587014 0.258391 0.301330 0.659683 0.348198 0.122840 0.602295 0.671559 0.873990 0.960447 0.229511 0.461803 0.231943 0.214009 0.188656 0.513409 
0.165882 0.136789 0.021510 0.684119 0.324318 0.797076 0.407030 0.051173 0.729081 0.987671 0.407491 0.114439 0.488496 0.371174 0.563550 0.674237 0.316768 0.876283 0.580405 0.692807 0.992251 0.335959 0.828550 0.649782 0.055354 
0.563066 0.606990 0.575871 0.534394 0.555752 0.623053 0.758215 0.520513 0.913234 0.594998 0.842846 0.177254 0.236194 0.961402 0.154879 0.436218 0.260244 0.485964 0.385388 0.734547 0.480104 0.046198 0.780502 0.416484 0.059049 
0.627599 0.520941 0.022700 0.608333 0.079121 0.919481 0.588870 0.581570 0.107571 0.309925 0.103289 0.838987 0.933266 0.188789 0.169825 0.983945 0.038168 0.241601 0.658074 0.211926 0.608944 0.864131 0.160036 0.054266 0.195413 
0.400294 0.295892 0.689135 0.892585 0.684390 0.530256 0.363286 0.722386 0.200774 0.335930 0.362749 0.831714 0.128926 0.740624 0.533924 0.550646 0.677078 0.097043 0.365424 0.814989 0.908569 0.400794 0.825095 0.545414 0.309647 
0.025059 0.657773 0.297088 0.546680 0.538065 0.868611 0.287676 0.927760 0.630448 0.689632 0.268122 0.250405 0.785726 0.825905 0.714752 0.776054 0.169977 0.535747 0.105062 0.680918 0.484070 0.069146 0.675560 0.510751 0.169896 
0.813849 0.615374 0.787488 0.157092 0.336216 0.169393 0.778621 0.727552 0.516203 0.438907 0.791410 0.362837 0.320842 0.147654 0.802748 0.192902 0.836769 0.657705 0.481668 0.983892 0.608527 0.449225 0.711770 0.240668 0.171037 

-0.692326 0.327298 -0.068375 -0.370923 0.650867 -0.170121 0.301197 -0.291040 -0.344907 -0.546505 -0.178156 -0.045430 1.693083 1.860998 0.426113 1.221156 1.823351 1.762858 1.693477 1.319876 1.339917 0.356100 0.162261 2.004978 0.635383 
0.423363 0.030909 -0.451217 -0.696959 -0.775061 0.132481 0.834331 0.528191 -0.010852 -0.739335 0.500074 0.145121 0.081299 -0.402963 1.856937 0.795586 1.476138 1.589070 1.396303 1.331640 0.857034 2.174505 0.735365 0.691156 1.108337 
0.272953 -0.250438 -0.489940 -0.141218 -0.428412 0.442826 0.369885 -0.094316 -0.493240 -0.249479 1.120036 0.976211 1.132979 1.856598 1.278821 1.425685 0.705339 1.531422 1.872850 1.010609 0.640353 0.141462 1.703898 0.586078 0.644714 
-0.207348 -0.155794 0.032563 -0.861825 -0.126277 -0.271780 -0.393254 -0.513050 -0.382050 0.928253 1.991911 0.604002 1.847907 1.145258 0.995502 1.447259 1.334777 0.996541 0.654101 0.310231 1.387452 0.375992 0.926100 1.060934 1.865533 
0.121147 -0.219383 -0.460463 -0.261325 0.832950 0.142944 0.153151 -0.571797 0.356525 0.103229 -0.008218 1.195534 1.836231 1.385848 0.496176 1.829999 1.537260 1.470042 0.283053 2.171612 1.107282 0.521124 1.265596 -0.038785 0.048748 
-0.696693 -0.157622 0.306578 -0.073735 0.646609 0.265447 0.640473 0.265857 0.982015 -0.282310 -0.336517 0.339270 0.123353 1.558362 0.690844 0.639920 1.331413 0.625483 1.685365 0.614297 0.670492 0.804654 0.717629 0.741439 1.791443 
0.762302 -0.516269 0.500194 0.019232 0.224779 0.332509 -0.181085 -0.011373 -0.970486 -0.261926 -0.385992 -0.633263 0.484963 -0.124713 0.379979 1.904545 1.906848 1.000635 0.710546 0.888799 -0.153074 0.202812 1.029595 1.542019 0.889718 
-0.203720 -0.611793 0.767115 -0.100121 0.104495 -1.482069 0.166653 -1.713497 -0.546304 0.096450 -0.452070 -0.777729 -0.431075 -1.783070 0.436219 1.597294 1.018168 1.804803 -0.093773 1.222348 0.819094 0.771869 1.569637 1.579797 1.614381 
-0.140776 0.586459 -0.414375 -0.474796 -2.197945 -1.258269 -1.564772 -0.167750 -0.687138 -0.367488 -0.231396 -0.964274 -1.269904 -1.138556 -0.084539 1.986978 0.840190 0.977408 1.502931 1.997599 0.898601 1.479751 1.704125 1.185492 1.478536 
-0.154767 0.427894 -1.081765 -0.671084 -1.752674 -0.872518 -1.522057 0.120741 -0.536777 -0.194157 -0.928783 -1.976729 -0.122078 0.101436 1.834817 0.997534 1.871632 2.889031 1.130167 2.001067 1.481636 1.307643 0.864469 1.153585 0.232981 
0.472173 0.292950 -1.693352 -1.038507 -1.373841 -1.232436 -0.964289 -2.156800 -0.795524 -1.501757 0.573659 -1.824263 -1.334287 2.551205 2.049536 0.861601 1.978308 2.222212 2.556951 0.843120 1.416796 1.518583 0.350110 0.340802 1.560854 
-0.327498 -2.011590 -1.359142 -0.519965 -1.718484 -0.072879 0.277892 -1.272498 -1.613419 -1.600456 -1.467698 -0.599937 -1.787767 0.693233 2.031086 1.170187 0.015353 1.402087 1.685014 0.934042 2.540838 0.405165 1.233526 1.665824 1.450304 
-0.097221 0.313268 -0.208776 -0.132189 -1.259695 -1.873354 -1.342057 -0.486970 -1.726309 -0.503605 -1.561550 2.295235 1.296499 1.240969 1.348090 1.599387 1.566876 2.407051 1.462796 0.686457 1.435143 0.752274 1.553946 1.791561 0.934159 
-0.997657 -1.468960 -1.167258 -0.701628 -1.511097 -0.557268 -1.019710 -0.487471 -1.950665 -1.548923 -1.436241 1.377917 1.701267 3.081142 2.136643 2.202806 0.630258 1.711281 1.205412 1.503043 1.287830 1.092492 1.320534 1.563740 2.675455 
-0.239288 -0.259926 -0.506708 -0.441751 -1.498543 -0.404278 -0.521818 -0.445809 -0.033915 -0.340384 2.260093 1.708354 0.900673 2.553875 2.277112 1.165947 1.292890 1.557003 1.193958 2.274862 1.342623 1.961998 0.989985 1.155348 0.410987 
-0.036126 -1.391337 -0.574204 -1.562712 -1.550383 -0.261169 -1.281023 -1.899877 -1.010294 -0.344606 1.659054 1.502085 2.165019 0.929756 2.131299 1.734702 1.735075 1.154298 1.195508 1.651480 1.314088 0.812442 1.786071 1.135076 1.275448 
-0.155882 -1.280049 -1.356550 -1.487251 -0.284370 -0.349073 -0.224830 -1.085345 -1.455373 0.856352 0.569375 0.749042 1.723745 1.189551 0.139191 2.259789 1.171890 0.525049 1.320582 2.901284 2.158288 0.898417 2.855608 1.341713 1.285509 
-1.687791 -1.761978 -1.600229 -0.136753 -0.382092 -1.885934 -1.413027 2.024560 0.810078 1.026840 2.078475 2.453973 1.024858 0.627912 2.701224 1.876941 1.507265 1.108601 -2.068374 0.802981 1.667373 0.717620 1.306922 2.491594 1.587804 
-1.343375 -1.757191 -1.315756 -0.337997 -0.111450 -0.685131 -1.806167 -1.763330 -2.434902 -1.814674 2.142607 1.673509 -2.137041 -0.455183 1.504059 0.958123 2.144730 1.285925 -1.924515 1.000626 2.383817 1.159766 1.252942 0.856256 2.312416 
-0.502647 -1.459053 0.069056 -1.428236 -2.108621 -1.868838 -1.291660 -0.419517 -1.764375 -2.585740 1.137139 1.688766 -2.146428 -1.031462 -1.390317 1.769386 -1.833187 1.724683 -2.027868 -1.635522 1.488324 1.454503 2.966674 1.164364 1.744382 
-0.669007 -1.837709 -1.502007 -1.201152 -2.147290 -2.437164 -2.383811 -1.643709 -2.391228 -1.975386 -2.158650 -1.058686 -1.438731 -2.318810 -0.504027 -1.454830 -0.979834 -1.918779 -1.082248 -2.592309 -1.009702 1.842802 0.592752 1.373284 1.262467 
-1.352239 -0.876980 -1.108062 -1.870201 -0.969670 -1.825047 -1.768444 -1.971509 -0.400043 -0.955757 -0.718757 -1.698864 -2.072149 -0.864655 -1.281824 -2.715007 0.126654 -1.575922 -2.058811 -0.679466 -1.925364 -2.509064 -0.522785 0.515534 0.773059 
-0.972058 -0.815741 -1.256320 -2.131890 -1.260157 -1.595796 -1.646740 -1.441013 -0.858919 -0.918044 -0.932238 -1.953044 -0.294211 -2.543597 -2.079651 -0.925977 -1.665435 -0.153360 -0.856942 -1.263504 -2.519886 -1.379787 -2.371885 -1.350421 -1.554011 
-0.270935 -2.203462 -1.173193 -1.574332 -1.809027 -2.122635 -0.836082 -2.303580 -1.213899 -1.272539 -0.701351 -0.605416 -2.322341 -2.346595 -1.415675 -1.552292 -1.104850 -1.468948 -1.119303 -1.793996 -0.997123 -0.532456 -1.549299 -1.712996 -1.492250 
-2.081354 -1.849288 -2.373058 -0.289073 -0.606906 -0.727077 -1.786418 -2.188606 -1.116928 -0.860619 -1.676898 -0.890035 -1.356933 -0.378166 -1.717750 -0.784910 -2.057063 -1.793532 -1.340318 -2.226418 -1.635977 -1.844658 -1.848390 -1.350000 -0.327843 

2 2 2 2 2 2 2 2 2 2 2 2 1 1 1 1 1 1 1 1 1 1 1 1 1 
2 2 2 2 2 2 2 2 2 2 2 2 2 2 1 1 1 1 1 1 1 1 1 1 1 
2 2 2 2 2 2 2 2 2 2 1 2 2 1 1 1 1 1 1 1 1 1 1 1 1 
2 2 2 2 2 2 2 2 2 1 1 1 1 1 1 1 1 1 1 1 1 1 1 1 1 
2 2 2 2 2 2 2 2 2 2 2 1 1 1 1 1 1 1 1 1 1 1 1 1 1 
2 2 2 2 2 2 2 2 2 2 2 2 1 1 1 1 1 1 1 1 1 1 1 1 1 
2 2 2 2 2 2 2 2 2 2 2 2 1 1 1 1 1 1 1 1 1 1 1 1 1 
2 2 2 2 2 0 2 0 2 2 2 0 0 0 1 1 1 1 1 1 1 1 1 1 1 
2 2 2 2 0 0 0 0 0 2 0 0 0 0 0 3 3 1 1 1 1 1 1 1 1 
2 2 0 0 0 0 0 0 0 0 0 0 0 0 3 3 3 3 3 3 1 1 1 1 1 
2 2 0 0 0 0 0 0 0 0 0 0 0 3 3 3 3 3 3 3 1 1 1 1 1 
2 0 0 0 0 0 0 0 0 0 0 0 0 3 3 3 3 3 3 3 3 1 3 1 1 
2 2 0 0 0 0 0 0 0 0 0 3 3 3 3 3 3 3 3 3 3 3 3 3 1 
2 0 0 0 0 0 0 0 0 0 0 3 3 3 3 3 3 3 3 3 3 3 3 3 3 
0 0 0 0 0 0 0 0 0 0 3 3 3 3 3 3 3 3 3 3 3 3 3 3 3 
0 0 0 0 0 0 0 0 0 0 3 3 3 3 3 3 3 3 3 3 3 3 3 3 3 
0 0 0 0 0 0 0 0 0 3 3 3 3 3 3 3 3 3 3 3 3 3 3 3 3 
0 0 0 0 0 0 0 3 3 3 3 3 3 3 3 3 3 3 4 3 3 3 3 3 3 
0 0 0 0 0 0 4 4 4 4 3 3 4 4 3 3 3 3 4 3 3 3 3 3 3 
0 0 0 0 0 4 4 4 4 4 3 3 4 4 4 3 4 3 4 4 3 3 3 3 3 
0 4 4 4 4 4 4 4 4 4 4 4 4 4 4 4 4 4 4 4 4 3 3 3 3 
0 0 4 4 4 4 4 4 4 4 4 4 4 4 4 4 4 4 4 4 4 4 4 3 3 
4 4 4 4 4 4 4 4 4 4 4 4 4 4 4 4 4 4 4 4 4 4 4 4 4 
4 4 4 4 4 4 4 4 4 4 4 4 4 4 4 4 4 4 4 4 4 4 4 4 4 
4 4 4 4 4 4 4 4 4 4 4 4 4 4 4 4 4 4 4 4 4 4 4 4 4 

1.0 1.0 1.0 1.0 1.0 1.0 1.0 1.0 1.0 1.0 1.0 1.0 0.0 0.0 0.0 0.0 0.0 0.0 0.0 0.0 0.0 0.0 0.0 0.0 0.0 
1.0 1.0 1.0 1.0 1.0 1.0 1.0 1.0 1.0 1.0 1.0 1.0 1.0 1.0 0.0 0.0 0.0 0.0 0.0 0.0 0.0 0.0 0.0 0.0 0.0 
1.0 1.0 1.0 1.0 1.0 1.0 1.0 1.0 1.0 1.0 0.0 1.0 1.0 0.0 0.0 0.0 0.0 0.0 0.0 0.0 0.0 0.0 0.0 0.0 0.0 
1.0 1.0 1.0 1.0 1.0 1.0 1.0 1.0 1.0 0.0 0.0 0.0 0.0 0.0 0.0 0.0 0.0 0.0 0.0 0.0 0.0 0.0 0.0 0.0 0.0 
1.0 1.0 1.0 1.0 1.0 1.0 1.0 1.0 1.0 1.0 1.0 0.0 0.0 0.0 0.0 0.0 0.0 0.0 0.0 0.0 0.0 0.0 0.0 0.0 0.0 
1.0 1.0 1.0 1.0 1.0 1.0 1.0 1.0 1.0 1.0 1.0 1.0 0.0 0.0 0.0 0.0 0.0 0.0 0.0 0.0 0.0 0.0 0.0 0.0 0.0 
1.0 1.0 1.0 1.0 1.0 1.0 1.0 1.0 1.0 1.0 1.0 1.0 0.0 0.0 0.0 0.0 0.0 0.0 0.0 0.0 0.0 0.0 0.0 0.0 0.0 
1.0 1.0 1.0 1.0 1.0 -2.0 1.0 -2.0 1.0 1.0 1.0 -2.0 -2.0 -2.0 0.0 0.0 0.0 0.0 0.0 0.0 0.0 0.0 0.0 0.0 0.0 
1.0 1.0 1.0 1.0 -2.0 -2.0 -2.0 -2.0 -2.0 1.0 -2.0 -2.0 -2.0 -2.0 -2.0 2.0 2.0 0.0 0.0 0.0 0.0 0.0 0.0 0.0 0.0 
1.0 1.0 -2.0 -2.0 -2.0 -2.0 -2.0 -2.0 -2.0 -2.0 -2.0 -2.0 -2.0 -2.0 2.0 2.0 2.0 2.0 2.0 2.0 0.0 0.0 0.0 0.0 0.0 
1.0 1.0 -2.0 -2.0 -2.0 -2.0 -2.0 -2.0 -2.0 -2.0 -2.0 -2.0 -2.0 2.0 2.0 2.0 2.0 2.0 2.0 2.0 0.0 0.0 0.0 0.0 0.0 
1.0 -2.0 -2.0 -2.0 -2.0 -2.0 -2.0 -2.0 -2.0 -2.0 -2.0 -2.0 -2.0 2.0 2.0 2.0 2.0 2.0 2.0 2.0 2.0 0.0 2.0 0.0 0.0 
1.0 1.0 -2.0 -2.0 -2.0 -2.0 -2.0 -2.0 -2.0 -2.0 -2.0 2.0 2.0 2.0 2.0 2.0 2.0 2.0 2.0 2.0 2.0 2.0 2.0 2.0 0.0 
1.0 -2.0 -2.0 -2.0 -2.0 -2.0 -2.0 -2.0 -2.0 -2.0 -2.0 2.0 2.0 2.0 2.0 2.0 2.0 2.0 2.0 2.0 2.0 2.0 2.0 2.0 2.0 
-2.0 -2.0 -2.0 -2.0 -2.0 -2.0 -2.0 -2.0 -2.0 -2.0 2.0 2.0 2.0 2.0 2.0 2.0 2.0 2.0 2.0 2.0 2.0 2.0 2.0 2.0 2.0 
-2.0 -2.0 -2.0 -2.0 -2.0 -2.0 -2.0 -2.0 -2.0 -2.0 2.0 2.0 2.0 2.0 2.0 2.0 2.0 2.0 2.0 2.0 2.0 2.0 2.0 2.0 2.0 
-2.0 -2.0 -2.0 -2.0 -2.0 -2.0 -2.0 -2.0 -2.0 2.0 2.0 2.0 2.0 2.0 2.0 2.0 2.0 2.0 2.0 2.0 2.0 2.0 2.0 2.0 2.0 
-2.0 -2.0 -2.0 -2.0 -2.0 -2.0 -2.0 2.0 2.0 2.0 2.0 2.0 2.0 2.0 2.0 2.0 2.0 2.0 -1.0 2.0 2.0 2.0 2.0 2.0 2.0 
-2.0 -2.0 -2.0 -2.0 -2.0 -2.0 -1.0 -1.0 -1.0 -1.0 2.0 2.0 -1.0 -1.0 2.0 2.0 2.0 2.0 -1.0 2.0 2.0 2.0 2.0 2.0 2.0 
-2.0 -2.0 -2.0 -2.0 -2.0 -1.0 -1.0 -1.0 -1.0 -1.0 2.0 2.0 -1.0 -1.0 -1.0 2.0 -1.0 2.0 -1.0 -1.0 2.0 2.0 2.0 2.0 2.0 
-2.0 -1.0 -1.0 -1.0 -1.0 -1.0 -1.0 -1.0 -1.0 -1.0 -1.0 -1.0 -1.0 -1.0 -1.0 -1.0 -1.0 -1.0 -1.0 -1.0 -1.0 2.0 2.0 2.0 2.0 
-2.0 -2.0 -1.0 -1.0 -1.0 -1.0 -1.0 -1.0 -1.0 -1.0 -1.0 -1.0 -1.0 -1.0 -1.0 -1.0 -1.0 -1.0 -1.0 -1.0 -1.0 -1.0 -1.0 2.0 2.0 
-1.0 -1.0 -1.0 -1.0 -1.0 -1.0 -1.0 -1.0 -1.0 -1.0 -1.0 -1.0 -1.0 -1.0 -1.0 -1.0 -1.0 -1.0 -1.0 -1.0 -1.0 -1.0 -1.0 -1.0 -1.0 
-1.0 -1.0 -1.0 -1.0 -1.0 -1.0 -1.0 -1.0 -1.0 -1.0 -1.0 -1.0 -1.0 -1.0 -1.0 -1.0 -1.0 -1.0 -1.0 -1.0 -1.0 -1.0 -1.0 -1.0 -1.0 
-1.0 -1.0 -1.0 -1.0 -1.0 -1.0 -1.0 -1.0 -1.0 -1.0 -1.0 -1.0 -1.0 -1.0 -1.0 -1.0 -1.0 -1.0 -1.0 -1.0 -1.0 -1.0 -1.0 -1.0 -1.0 

-1.0 -1.0 -1.0 -1.0 -1.0 -1.0 -1.0 -1.0 -1.0 -1.0 -1.0 -1.0 2.0 2.0 2.0 2.0 2.0 2.0 2.0 2.0 2.0 2.0 2.0 2.0 2.0 
-1.0 -1.0 -1.0 -1.0 -1.0 -1.0 -1.0 -1.0 -1.0 -1.0 -1.0 -1.0 -1.0 -1.0 2.0 2.0 2.0 2.0 2.0 2.0 2.0 2.0 2.0 2.0 2.0 
-1.0 -1.0 -1.0 -1.0 -1.0 -1.0 -1.0 -1.0 -1.0 -1.0 2.0 -1.0 -1.0 2.0 2.0 2.0 2.0 2.0 2.0 2.0 2.0 2.0 2.0 2.0 2.0 
-1.0 -1.0 -1.0 -1.0 -1.0 -1.0 -1.0 -1.0 -1.0 2.0 2.0 2.0 2.0 2.0 2.0 2.0 2.0 2.0 2.0 2.0 2.0 2.0 2.0 2.0 2.0 
-1.0 -1.0 -1.0 -1.0 -1.0 -1.0 -1.0 -1.0 -1.0 -1.0 -1.0 2.0 2.0 2.0 2.0 2.0 2.0 2.0 2.0 2.0 2.0 2.0 2.0 2.0 2.0 
-1.0 -1.0 -1.0 -1.0 -1.0 -1.0 -1.0 -1.0 -1.0 -1.0 -1.0 -1.0 2.0 2.0 2.0 2.0 2.0 2.0 2.0 2.0 2.0 2.0 2.0 2.0 2.0 
-1.0 -1.0 -1.0 -1.0 -1.0 -1.0 -1.0 -1.0 -1.0 -1.0 -1.0 -1.0 2.0 2.0 2.0 2.0 2.0 2.0 2.0 2.0 2.0 2.0 2.0 2.0 2.0 
-1.0 -1.0 -1.0 -1.0 -1.0 0.0 -1.0 0.0 -1.0 -1.0 -1.0 0.0 0.0 0.0 2.0 2.0 2.0 2.0 2.0 2.0 2.0 2.0 2.0 2.0 2.0 
-1.0 -1.0 -1.0 -1.0 0.0 0.0 0.0 0.0 0.0 -1.0 0.0 0.0 0.0 0.0 0.0 1.0 1.0 2.0 2.0 2.0 2.0 2.0 2.0 2.0 2.0 
-1.0 -1.0 0.0 0.0 0.0 0.0 0.0 0.0 0.0 0.0 0.0 0.0 0.0 0.0 1.0 1.0 1.0 1.0 1.0 1.0 2.0 2.0 2.0 2.0 2.0 
-1.0 -1.0 0.0 0.0 0.0 0.0 0.0 0.0 0.0 0.0 0.0 0.0 0.0 1.0 1.0 1.0 1.0 1.0 1.0 1.0 2.0 2.0 2.0 2.0 2.0 
-1.0 0.0 0.0 0.0 0.0 0.0 0.0 0.0 0.0 0.0 0.0 0.0 0.0 1.0 1.0 1.0 1.0 1.0 1.0 1.0 1.0 2.0 1.0 2.0 2.0 
-1.0 -1.0 0.0 0.0 0.0 0.0 0.0 0.0 0.0 0.0 0.0 1.0 1.0 1.0 1.0 1.0 1.0 1.0 1.0 1.0 1.0 1.0 1.0 1.0 2.0 
-1.0 0.0 0.0 0.0 0.0 0.0 0.0 0.0 0.0 0.0 0.0 1.0 1.0 1.0 1.0 1.0 1.0 1.0 1.0 1.0 1.0 1.0 1.0 1.0 1.0 
0.0 0.0 0.0 0.0 0.0 0.0 0.0 0.0 0.0 0.0 1.0 1.0 1.0 1.0 1.0 1.0 1.0 1.0 1.0 1.0 1.0 1.0 1.0 1.0 1.0 
0.0 0.0 0.0 0.0 0.0 0.0 0.0 0.0 0.0 0.0 1.0 1.0 1.0 1.0 1.0 1.0 1.0 1.0 1.0 1.0 1.0 1.0 1.0 1.0 1.0 
0.0 0.0 0.0 0.0 0.0 0.0 0.0 0.0 0.0 1.0 1.0 1.0 1.0 1.0 1.0 1.0 1.0 1.0 1.0 1.0 1.0 1.0 1.0 1.0 1.0 
0.0 0.0 0.0 0.0 0.0 0.0 0.0 1.0 1.0 1.0 1.0 1.0 1.0 1.0 1.0 1.0 1.0 1.0 -2.0 1.0 1.0 1.0 1.0 1.0 1.0 
0.0 0.0 0.0 0.0 0.0 0.0 -2.0 -2.0 -2.0 -2.0 1.0 1.0 -2.0 -2.0 1.0 1.0 1.0 1.0 -2.0 1.0 1.0 1.0 1.0 1.0 1.0 
0.0 0.0 0.0 0.0 0.0 -2.0 -2.0 -2.0 -2.0 -2.0 1.0 1.0 -2.0 -2.0 -2.0 1.0 -2.0 1.0 -2.0 -2.0 1.0 1.0 1.0 1.0 1.0 
0.0 -2.0 -2.0 -2.0 -2.0 -2.0 -2.0 -2.0 -2.0 -2.0 -2.0 -2.0 -2.0 -2.0 -2.0 -2.0 -2.0 -2.0 -2.0 -2.0 -2.0 1.0 1.0 1.0 1.0 
0.0 0.0 -2.0 -2.0 -2.0 -2.0 -2.0 -2.0 -2.0 -2.0 -2.0 -2.0 -2.0 -2.0 -2.0 -2.0 -2.0 -2.0 -2.0 -2.0 -2.0 -2.0 -2.0 1.0 1.0 
-2.0 -2.0 -2.0 -2.0 -2.0 -2.0 -2.0 -2.0 -2.0 -2.0 -2.0 -2.0 -2.0 -2.0 -2.0 -2.0 -2.0 -2.0 -2.0 -2.0 -2.0 -2.0 -2.0 -2.0 -2.0 
-2.0 -2.0 -2.0 -2.0 -2.0 -2.0 -2.0 -2.0 -2.0 -2.0 -2.0 -2.0 -2.0 -2.0 -2.0 -2.0 -2.0 -2.0 -2.0 -2.0 -2.0 -2.0 -2.0 -2.0 -2.0 
-2.0 -2.0 -2.0 -2.0 -2.0 -2.0 -2.0 -2.0 -2.0 -2.0 -2.0 -2.0 -2.0 -2.0 -2.0 -2.0 -2.0 -2.0 -2.0 -2.0 -2.0 -2.0 -2.0 -2.0 -2.0 

