0.937050 0.101555 0.380864 0.043892 0.617822 0.161902 0.111429 0.897939 0.467226 0.288367 0.437914 0.334687 0.988873 0.174871 0.873532 0.238366 0.381974 0.488950 0.381178 0.312456 0.109462 0.270511 0.687043 0.656914 0.569474 
0.310005 0.850454 0.357732 0.371997 0.454636 0.827154 0.446025 0.952113 0.417985 0.492234 0.968912 0.396487 0.905872 0.809211 0.906619 0.101610 0.782099 0.901107 0.727634 0.654361 0.981886 0.064517 0.071497 0.914074 0.839105 
0.584030 0.630345 0.157756 0.510181 0.534688 0.388785 0.360464 0.890075 0.571511 0.613935 0.849068 0.282026 0.314258 0.862648 0.384769 0.955865 0.692840 0.861776 0.997471 0.286226 0.107210 0.382038 0.817634 0.655324 0.686300 
0.073432 0.342506 0.490404 0.994686 0.924261 0.784050 0.913959 0.562821 0.152821 0.602499 0.331366 0.726307 0.671193 0.206811 0.417271 0.901205 0.896434 0.490227 0.371305 0.869031 0.289897 0.221821 0.712420 0.221689 0.439854 
0.629072 0.617642 0.999094 0.041743 0.807969 0.356249 0.393813 0.771306 0.313738 0.095343 0.387887 0.303705 0.830788 0.483169 0.185427 0.831509 0.810246 0.338729 0.551936 0.021921 0.956822 0.150365 0.828288 0.611282 0.862744 
0.464447 0.190302 0.305798 0.250568 0.846883 0.586634 0.898506 0.161871 0.511958 0.135142 0.591981 0.268917 0.371440 0.194157 0.265576 0.442146 0.021574 0.853142 0.252115 0.818264 0.412376 0.570187 0.805523 0.060071 0.576422 
0.549238 0.651401 0.033555 0.898407 0.986720 0.439457 0.913480 0.378944 0.334312 0.648083 0.885957 0.446411 0.610054 0.724362 0.391767 0.094538 0.192955 0.474656 0.348171 0.111681 0.602375 0.579160 0.296277 0.303344 0.325451 
0.635700 0.656321 0.082112 0.117457 0.152402 0.874608 0.382161 0.241075 0.820410 0.050934 0.871366 0.712579 0.465360 0.001958 0.655691 0.365715 0.994472 0.648879 0.136854 0.351518 0.306088 0.347800 0.114276 0.936097 0.661302 
0.836443 0.745205 0.085386 0.760571 0.344400 0.562343 0.330112 0.526849 0.671257 0.623187 0.242606 0.872473 0.182804 0.883658 0.564563 0.982582 0.803850 0.912052 0.572885 0.235653 0.755918 0.173436 0.474115 0.372469 0.478945 
0.438450 0.530217 0.652548 0.601738 0.030256 0.598695 0.413487 0.106165 0.112043 0.384253 0.429198 0.897747 0.050295 0.264267 0.559412 0.694084 0.494841 0.746241 0.880484 0.681281 0.782476 0.207660 0.843192 0.380231 0.323769 
0.176471 0.605792 0.191724 0.493875 0.448554 0.110245 0.036886 0.534099 0.866226 0.332688 0.903508 0.117012 0.202456 0.083124 0.271611 0.335632 0.485795 0.745124 0.861787 0.320513 0.832439 0.649499 0.326594 0.138883 0.766509 
0.336508 0.236095 0.650244 0.798115 0.533652 0.221254 0.451374 0.000471 0.028052 0.822614 0.336910 0.490356 0.351094 0.021084 0.881886 0.281123 0.413140 0.054200 0.690423 0.444247 0.341919 0.165670 0.934115 0.154333 0.444785 
0.996549 0.087878 0.286826 0.078197 0.963340 0.644764 0.546800 0.574698 0.786056 0.724316 0.017152 0.921346 0.198996 0.521846 0.595254 0.243061 0.958572 0.165638 0.666669 0.925445 0.205728 0.968009 0.682954 0.628534 0.112061 
0.207378 0.112352 0.238454 0.765859 0.679139 0.574835 0.615537 0.096274 0.113837 0.991081 0.283513 0.221104 0.686241 0.600301 0.368013 0.622316 0.459100 0.106020 0.617123 0.472009 0.775122 0.275287 0.484193 0.322407 0.715055 
0.204340 0.521784 0.113086 0.682058 0.294360 0.368456 0.144497 0.357237 0.234614 0.272629 0.347283 0.734754 0.820764 0.775723 0.036684 0.184018 0.635323 0.584812 0.363824 0.644628 0.532432 0.189531 0.054809 0.229335 0.401912 
0.225087 0.069919 0.523970 0.156990 0.461740 0.398178 0.045590 0.451489 0.265073 0.441500 0.450862 0.899299 0.900321 0.946299 0.421960 0.909260 0.443181 0.842709 0.129282 0.224680 0.249912 0.228881 0.740946 0.335389 0.945597 
0.147433 0.346617 0.362010 0.231769 0.048499 0.874167 0.063110 0.729179 0.527748 0.206009 0.981674 0.753779 0.368077 0.161484 0.490962 0.745825 0.315726 0.773087 0.946504 0.284368 0.109766 0.225782 0.188886 0.496048 0.907194 
0.182369 0.713952 0.658789 0.157105 0.582502 0.652935 0.364047 0.033373 0.118435 0.324851 0.724615 0.760481 0.498247 0.775296 0.063916 0.247450 0.328519 0.383829 0.090953 0.755714 0.847818 0.904678 0.488339 0.477692 0.706199 
0.000662 0.938611 0.794060 0.358314 0.893456 0.978878 0.441199 0.672899 0.093892 0.195538 0.885500 0.746421 0.925971 0.658803 0.399304 0.966461 0.781110 0.285022 0.086918 0.777918 0.810712 0.228240 0.310910 0.827878 0.606351 
0.654572 0.912676 0.071542 0.760872 0.313705 0.822363 0.961549 0.954936 0.354458 0.701912 0.252932 0.755695 0.171458 0.054463 0.884127 0.025629 0.074481 0.655536 0.853145 0.315986 0.610571 0.915331 0.022633 0.753744 0.302218 
0.153769 0.943209 0.164957 0.017109 0.165634 0.174162 0.848058 0.379127 0.445576 0.780377 0.186588 0.177069 0.591509 0.396858 0.449925 0.630217 0.757681 0.111564 0.151880 0.823331 0.448176 0.411917 0.283767 0.180381 0.897300 
0.720813 0.056101 0.155323 0.255914 0.320763 0.224587 0.391786 0.079700 0.001822 0.995633 0.486861 0.026827 0.713200 0.498675 0.921153 0.158376 0.669133 0.714449 0.561677 0.974096 0.791130 0.051490 0.647993 0.498065 0.522636 
0.189447 0.365944 0.535526 0.347276 0.630935 0.599255 0.296040 0.993040 0.988349 0.516385 0.191171 0.832741 0.217630 0.393412 0.149878 0.545131 0.310194 0.373934 0.546946 0.116410 0.964252 0.496126 0.592867 0.768960 0.549999 
0.419390 0.720567 0.857395 0.329984 0.017870 0.338837 0.690287 0.600783 0.576652 0.166841 0.781222 0.617293 0.707910 0.820892 0.704809 0.808942 0.002806 0.759350 0.876003 0.885893 0.069351 0.897445 0.570209 0.002973 0.673248 
0.889889 0.609361 0.675126 0.289535 0.979375 0.983362 0.434250 0.791899 0.131623 0.812309 0.982710 0.160339 0.748893 0.209338 0.342410 0.172594 0.303591 0.013608 0.358072 0.647792 0.831648 0.689171 0.339146 0.954641 0.128471 

0.796287 0.533232 0.307233 0.152335 0.257194 0.069752 0.051493 0.310961 0.415700 0.201242 0.301252 0.982622 0.687186 0.750665 0.822806 0.611348 0.415928 0.650905 0.155515 0.745223 0.465404 0.615608 0.913677 0.959210 0.032520 
0.630097 0.892559 0.534256 0.088624 0.660003 0.166322 0.436808 0.555079 0.125018 0.827934 0.286770 0.970362 0.446100 0.246499 0.907036 0.364204 0.235979 0.182670 0.381146 0.549136 0.609826 0.469622 0.762851 0.006560 0.042272 
0.875216 0.281007 0.253846 0.912459 0.393712 0.410066 0.256722 0.286619 0.759248 0.420326 0.260532 0.725350 0.935445 0.022765 0.616543 0.861447 0.929943 0.383826 0.732305 0.399029 0.232054 0.956379 0.876127 0.774793 0.905771 
0.765608 0.406980 0.463724 0.332751 0.647033 0.895744 0.674521 0.161382 0.343706 0.293766 0.214465 0.855150 0.792170 0.354923 0.970137 0.383258 0.808856 0.060064 0.173709 0.846506 0.180434 0.444685 0.771576 0.838669 0.657012 
0.038154 0.999875 0.400938 0.373019 0.481806 0.193374 0.034884 0.951616 0.877845 0.913393 0.798607 0.035143 0.593224 0.948730 0.886697 0.286798 0.215694 0.554412 0.558998 0.937705 0.121458 0.896652 0.899705 0.618064 0.184321 
0.023595 0.619988 0.760520 0.551417 0.578726 0.607950 0.560775 0.906269 0.933419 0.171165 0.259501 0.237085 0.860603 0.357415 0.049089 0.519831 0.735373 0.319272 0.629723 0.213281 0.709734 0.548482 0.028513 0.214744 0.015716 
0.283227 0.320861 0.218498 0.555615 0.412422 0.734229 0.095281 0.569465 0.577445 0.609935 0.040714 0.888087 0.471086 0.101811 0.840399 0.483146 0.303932 0.146417 0.316568 0.675694 0.834801 0.616156 0.923761 0.645418 0.997554 
0.706270 0.279817 0.655148 0.630020 0.846895 0.434090 0.769034 0.626901 0.984746 0.493913 0.378144 0.874401 0.555089 0.694148 0.268374 0.939305 0.950606 0.499995 0.872761 0.197585 0.141982 0.370896 0.672624 0.496740 0.370720 
0.281349 0.202068 0.110128 0.823023 0.004857 0.233483 0.174531 0.653092 0.606883 0.561048 0.033880 0.241226 0.888968 0.287274 0.882215 0.390439 0.879242 0.539592 0.344235 0.814813 0.039230 0.202125 0.263914 0.059378 0.053158 
0.195902 0.308588 0.537637 0.533593 0.107926 0.048248 0.484009 0.634251 0.157683 0.206798 0.808238 0.633136 0.067968 0.604935 0.262019 0.480628 0.091279 0.421132 0.446880 0.326743 0.221007 0.380210 0.728464 0.324935 0.552873 
0.485517 0.304857 0.543054 0.688533 0.430858 0.836615 0.179287 0.022709 0.002363 0.493218 0.530042 0.782631 0.665793 0.527544 0.226703 0.757904 0.235919 0.045272 0.113144 0.268098 0.253826 0.020161 0.882455 0.914192 0.116241 
0.792806 0.134600 0.857781 0.198760 0.145537 0.951363 0.547201 0.640374 0.903563 0.690330 0.048976 0.114287 0.920493 0.728460 0.721615 0.263487 0.583510 0.195852 0.810327 0.438992 0.143353 0.296116 0.915803 0.891169 0.547910 
0.145604 0.102761 0.302178 0.249528 0.577267 0.898104 0.652616 0.028992 0.164139 0.429603 0.417447 0.146047 0.567778 0.481094 0.303767 0.551914 0.518170 0.534707 0.393476 0.667134 0.893006 0.870228 0.167043 0.085770 0.405560 
0.974834 0.172664 0.922992 0.711610 0.097417 0.114602 0.453668 0.461493 0.638043 0.462024 0.678081 0.410111 0.755062 0.898319 0.096194 0.823986 0.735079 0.750522 0.824298 0.499052 0.654359 0.055556 0.030439 0.708344 0.763525 
0.262813 0.244054 0.258403 0.861955 0.520119 0.961098 0.002399 0.071054 0.749324 0.831413 0.230079 0.825985 0.085790 0.560542 0.457719 0.937976 0.161481 0.902341 0.682836 0.042967 0.503622 0.953957 0.529028 0.613613 0.567443 
0.413402 0.105994 0.550011 0.224410 0.376275 0.172474 0.481883 0.693309 0.139576 0.193836 0.139179 0.373853 0.916578 0.277667 0.315848 0.523188 0.893095 0.130650 0.010610 0.763045 0.919096 0.829796 0.614529 0.116630 0.753908 
0.803676 0.637543 0.671031 0.617492 0.307159 0.319628 0.175789 0.052588 0.182232 0.102823 0.829298 0.497745 0.052277 0.469254 0.065752 0.274729 0.102507 0.109169 0.337041 0.618924 0.540622 0.168075 0.262564 0.339593 0.252407 
0.530805 0.060653 0.874252 0.391630 0.085692 0.134127 0.484787 0.640822 0.432086 0.039351 0.330280 0.854030 0.438758 0.771434 0.598205 0.454427 0.248410 0.300373 0.156347 0.083599 0.546321 0.328918 0.749280 0.647659 0.696599 
0.816325 0.427608 0.661122 0.236674 0.183588 0.298436 0.152312 0.300201 0.245536 0.504870 0.257486 0.930546 0.252917 0.592840 0.321019 0.013635 0.568642 0.295922 0.242846 0.693293 0.808729 0.430137 0.522744 0.026625 0.778159 
0.614142 0.071073 0.061921 0.341737 0.489605 0.373120 0.364011 0.848135 0.237853 0.081614 0.800486 0.861447 0.368287 0.238190 0.557407 0.706503 0.703750 0.654522 0.036720 0.969397 0.002721 0.507653 0.472782 0.990943 0.426308 
0.362576 0.365063 0.445467 0.452653 0.558938 0.457321 0.920913 0.297950 0.969499 0.545561 0.447424 0.962828 0.415812 0.850810 0.353471 0.566310 0.689468 0.861554 0.044928 0.658927 0.830519 0.943486 0.560733 0.302702 0.125497 
0.148927 0.793612 0.660673 0.280786 0.114262 0.297464 0.572837 0.579188 0.677741 0.926373 0.295664 0.585874 0.563585 0.961656 0.927227 0.391441 0.437303 0.319395 0.589360 0.065968 0.769093 0.400771 0.790095 0.077449 0.774130 
0.318653 0.458023 0.445315 0.732972 0.846657 0.235868 0.401946 0.394132 0.497726 0.846455 0.418555 0.452748 0.036057 0.198114 0.123566 0.811384 0.688028 0.718785 0.293424 0.265531 0.415071 0.466829 0.745435 0.000502 0.938157 
0.180223 0.225820 0.380864 0.719414 0.110073 0.939584 0.855396 0.047473 0.925459 0.271638 0.339942 0.321791 0.341161 0.276878 0.150269 0.976641 0.548888 0.498053 0.139218 0.021113 0.621583 0.575346 0.272665 0.470110 0.391529 
0.787374 0.738266 0.386917 0.363557 0.668255 0.737234 0.392436 0.202098 0.044813 0.094911 0.143399 0.616181 0.923733 0.255168 0.699682 0.347666 0.671942 0.260131 0.951241 0.377935 0.003705 0.636714 0.855553 0.830727 0.820467 

-3.688254 -0.755157 -1.258825 -0.314644 -1.132731 -0.155622 -0.098379 -1.315635 -1.057416 -0.209039 -1.049497 -1.501670 -1.815604 -0.951430 -1.636603 -0.586293 1.198753 1.354969 0.714405 1.435609 0.599720 1.073932 1.727889 1.995095 0.896435 
-1.885670 -3.610905 -1.711589 -1.158778 -1.016175 -0.898525 -0.845418 -1.327931 -0.887532 -1.446807 -1.126658 -1.222151 -1.027842 -1.123293 -1.924687 0.270897 1.694753 1.967215 2.068058 1.562051 2.701187 0.679515 0.788649 1.747133 1.840836 
-3.245866 -1.958986 -0.431063 -2.826312 -1.903766 -0.556306 -0.694613 -0.607109 -0.902892 -0.818760 -1.072692 -0.907031 -1.317631 -0.762238 1.153219 2.577438 2.470206 1.940625 2.974430 1.019871 0.735625 1.792637 2.394819 2.061931 2.274718 
-2.041844 -1.566825 -1.958080 -2.459169 -3.118614 -1.357105 -1.316962 -0.506252 -0.642259 -0.721967 -0.430317 -1.523735 2.218335 1.123496 1.775619 2.580158 2.322491 0.940900 0.957340 2.381115 0.922579 1.356119 2.224921 1.216509 1.380552 
-1.235484 -3.029526 -3.021103 -0.674182 -2.766321 -1.416386 -0.123776 -1.820940 -0.875483 -1.314205 -1.103947 0.761429 2.160208 2.199709 1.078717 2.073692 1.663693 0.822875 1.766978 0.947909 1.562987 0.973851 2.574912 1.824152 1.962691 
-1.021274 -1.767696 -2.204577 -1.313690 -2.647170 -2.092789 -1.467313 -0.557776 -1.084097 -0.470267 1.498542 0.899278 1.448796 0.829714 0.343718 1.463036 0.956717 1.880445 1.059892 1.592917 1.525589 1.382338 1.568502 -0.004947 1.282291 
-1.593204 -1.849482 -0.379646 -2.887317 -2.708742 -2.413868 -2.151856 -0.951192 -1.145471 1.854293 1.877259 1.554206 1.493835 1.366928 1.733715 0.708245 0.903722 0.924134 0.673669 1.077159 1.988510 1.501458 1.680046 1.326700 1.694359 
-2.954182 -1.845201 -1.349906 -1.745148 -2.078939 -2.842225 -2.544189 0.900287 2.504586 0.318265 2.059884 2.319654 1.174884 0.614818 1.507229 1.406891 2.626090 1.536231 1.483183 0.456908 0.446273 1.331915 0.585758 2.361338 1.782028 
-2.491134 -1.813472 -0.392538 -3.314754 -0.253458 -1.588242 -0.955860 1.256814 2.119787 1.857416 0.611567 1.879437 1.118520 1.999931 1.868878 1.908838 2.355083 2.109878 1.600962 1.424687 1.230823 0.521981 1.131050 0.743082 0.914550 
-1.456311 -1.221899 -2.635448 -2.071832 -0.097385 -1.141359 -2.220293 0.848931 0.472990 1.247507 2.103212 2.456941 0.315495 1.187347 1.449621 1.846989 1.247237 1.735126 2.175102 1.684067 1.949211 0.632875 2.282675 1.362393 1.142891 
-1.243809 -2.068200 -1.108314 -2.471024 -1.590501 -1.792249 -0.174909 0.700052 1.878653 1.145896 2.313159 0.915759 1.233061 0.771780 0.697211 1.271132 1.069448 1.197030 1.791735 0.690035 1.754779 1.305173 1.555564 1.406946 1.572080 
-2.383640 -0.804391 -3.038487 -2.137245 -0.915995 -2.704045 1.623048 1.186402 0.779184 2.299437 0.589707 1.473921 1.407471 0.658192 2.464313 0.662349 1.183205 0.531813 2.411138 1.508133 0.908654 0.362045 2.486751 0.808520 1.335610 
-2.494665 -0.190137 -1.386725 -0.652685 -3.183940 -3.348742 1.562109 1.014194 1.527254 1.833118 0.607523 1.782398 0.828465 1.399279 1.596795 0.857723 2.874703 1.084609 1.510525 2.569728 1.224764 2.577034 1.693970 1.577480 0.704588 
-1.977668 -0.173726 -2.089388 -2.937050 -1.448902 -1.402537 1.663603 0.994441 1.149288 2.660262 1.202575 0.712364 2.325834 2.019511 0.926823 2.197960 1.638732 0.803312 2.191887 1.391884 2.406183 0.501425 1.152509 0.693690 2.486032 
-0.954745 -1.554256 -0.620923 -3.269647 -1.503092 -2.811533 0.221400 0.531837 1.241150 1.227549 1.095447 2.561192 1.583793 2.058786 0.355384 1.464381 1.216025 2.012181 1.919439 0.657588 1.501964 2.294637 1.420157 1.646644 1.639631 
-1.449087 0.050566 -2.468207 -0.848028 -1.773104 -0.896255 -0.316162 0.252892 0.279601 0.210878 0.439045 1.391189 2.742714 1.149548 0.849666 1.880989 2.260949 1.575867 -0.066294 1.605068 2.020879 2.003065 1.822048 -0.149813 2.670252 
-1.865069 -2.096886 -2.145884 -1.726915 0.524992 0.187932 -0.132009 0.030529 -0.121509 -0.175108 2.697617 1.950890 0.254367 1.209688 0.388165 1.249022 0.426632 1.007498 1.655630 1.221041 0.771103 0.495977 0.550566 1.253236 1.558935 
-1.417657 -1.765727 0.208790 -0.322785 0.351204 0.314861 -0.236334 0.066949 0.082835 -0.045652 0.102270 2.616432 1.656666 2.232825 1.587128 1.130668 0.723041 0.953335 0.327336 0.928950 1.756139 1.513675 2.438519 1.447087 2.198834 
0.073248 -0.093585 0.172980 0.189518 -0.083888 0.241714 0.400375 0.258665 -0.075179 0.203888 -0.068059 2.450910 1.344581 2.274400 1.099859 1.004846 2.167914 0.896030 0.698811 2.196494 2.245934 1.177721 1.477318 0.937191 2.195864 
-0.253029 0.106843 -0.032501 -0.203032 -0.125418 0.094438 -0.142851 -0.314437 0.001256 -0.022343 -0.215055 -0.045073 0.551762 0.589201 1.867330 1.318147 1.546129 1.967359 1.007694 2.342552 0.314594 2.140619 0.993633 2.995780 1.151101 
0.372003 -0.218053 0.411796 0.230851 -0.029715 0.024192 0.283471 0.205563 -0.515214 -0.281494 0.239182 0.360258 1.427513 2.249151 1.154707 1.990493 1.985674 1.713910 0.214959 2.100746 2.000623 2.349251 1.613863 0.610706 1.048361 
0.272725 -0.028656 0.251822 0.283270 -0.167595 0.025845 -0.003134 -0.018243 -0.105244 0.208059 0.132187 -0.088219 -0.046813 2.382931 2.643481 1.146636 1.604243 1.203588 1.775594 1.112309 2.271002 0.945683 2.016770 0.575163 1.792209 
0.303277 -0.249374 -0.068807 0.234684 -0.015643 -0.216942 -0.110557 0.227040 -0.286972 -0.068448 -0.040026 0.191779 -0.218714 0.583724 0.412403 2.291653 1.938248 1.681708 1.291355 0.409782 1.352709 1.618930 1.933763 0.945740 2.443377 
0.068952 0.311412 -0.093148 -0.127072 -0.230981 -0.161202 -0.112670 0.055052 0.207850 0.097361 -0.075693 0.100215 0.022381 0.158399 0.899538 2.595552 1.179510 1.487005 1.199284 0.677256 1.372194 2.008071 0.968662 1.113348 1.244974 
-0.044859 0.246508 -0.072796 0.519229 0.085403 -0.121120 -0.178111 -0.050018 0.134499 0.252493 0.034789 0.071749 -0.034245 0.414253 1.888610 0.580705 1.340154 0.254573 2.664450 1.081777 0.545971 2.091134 2.241033 2.504507 1.848990 

4 4 4 4 0 0 0 0 0 0 0 0 0 0 0 0 2 2 2 2 2 2 2 2 2 
4 4 4 4 0 0 0 0 0 0 0 0 0 0 0 2 2 2 2 2 2 2 2 2 2 
4 4 4 4 4 0 0 0 0 0 0 0 0 0 2 2 2 2 2 2 2 2 2 2 2 
4 4 4 4 4 0 0 0 0 0 0 0 2 2 2 2 2 2 2 2 2 2 2 2 2 
4 4 4 4 4 4 0 0 0 0 0 2 2 2 2 2 2 2 2 2 2 2 2 2 2 
4 4 4 4 4 4 0 0 0 0 2 2 2 2 2 2 2 2 2 2 2 2 2 2 2 
4 4 4 4 4 4 4 0 0 2 2 2 2 2 2 2 2 2 2 2 2 2 2 2 2 
4 4 4 4 4 4 4 2 2 2 2 2 2 2 2 2 2 2 2 2 2 2 2 2 2 
4 4 4 4 4 4 4 2 2 2 2 2 2 2 2 2 2 2 2 2 2 2 2 2 2 
4 4 4 4 4 4 4 2 2 2 2 2 2 2 2 2 2 2 2 2 2 2 2 2 2 
4 4 4 4 4 4 4 2 2 2 2 2 2 2 2 2 2 2 2 2 2 2 2 2 2 
4 4 4 4 4 4 2 2 2 2 2 2 2 2 2 2 2 2 2 2 2 2 2 2 2 
4 4 4 4 4 4 2 2 2 2 2 2 2 2 2 2 2 2 2 2 2 2 2 2 2 
4 4 4 4 4 4 2 2 2 2 2 2 2 2 2 2 2 2 2 2 2 2 2 2 2 
4 4 4 4 4 4 2 2 2 2 2 2 2 2 2 2 2 3 3 3 3 3 3 3 3 
4 4 4 4 4 4 1 1 1 1 3 3 3 3 3 3 3 3 3 3 3 3 3 3 3 
4 4 4 4 1 1 1 1 1 1 3 3 3 3 3 3 3 3 3 3 3 3 3 3 3 
4 4 1 1 1 1 1 1 1 1 1 3 3 3 3 3 3 3 3 3 3 3 3 3 3 
1 1 1 1 1 1 1 1 1 1 1 3 3 3 3 3 3 3 3 3 3 3 3 3 3 
1 1 1 1 1 1 1 1 1 1 1 1 3 3 3 3 3 3 3 3 3 3 3 3 3 
1 1 1 1 1 1 1 1 1 1 1 1 3 3 3 3 3 3 3 3 3 3 3 3 3 
1 1 1 1 1 1 1 1 1 1 1 1 1 3 3 3 3 3 3 3 3 3 3 3 3 
1 1 1 1 1 1 1 1 1 1 1 1 1 3 3 3 3 3 3 3 3 3 3 3 3 
1 1 1 1 1 1 1 1 1 1 1 1 1 1 3 3 3 3 3 3 3 3 3 3 3 
1 1 1 1 1 1 1 1 1 1 1 1 1 1 3 3 3 3 3 3 3 3 3 3 3 

-2.0 -2.0 -2.0 -2.0 -1.0 -1.0 -1.0 -1.0 -1.0 -1.0 -1.0 -1.0 -1.0 -1.0 -1.0 -1.0 2.0 2.0 2.0 2.0 2.0 2.0 2.0 2.0 2.0 
-2.0 -2.0 -2.0 -2.0 -1.0 -1.0 -1.0 -1.0 -1.0 -1.0 -1.0 -1.0 -1.0 -1.0 -1.0 2.0 2.0 2.0 2.0 2.0 2.0 2.0 2.0 2.0 2.0 
-2.0 -2.0 -2.0 -2.0 -2.0 -1.0 -1.0 -1.0 -1.0 -1.0 -1.0 -1.0 -1.0 -1.0 2.0 2.0 2.0 2.0 2.0 2.0 2.0 2.0 2.0 2.0 2.0 
-2.0 -2.0 -2.0 -2.0 -2.0 -1.0 -1.0 -1.0 -1.0 -1.0 -1.0 -1.0 2.0 2.0 2.0 2.0 2.0 2.0 2.0 2.0 2.0 2.0 2.0 2.0 2.0 
-2.0 -2.0 -2.0 -2.0 -2.0 -2.0 -1.0 -1.0 -1.0 -1.0 -1.0 2.0 2.0 2.0 2.0 2.0 2.0 2.0 2.0 2.0 2.0 2.0 2.0 2.0 2.0 
-2.0 -2.0 -2.0 -2.0 -2.0 -2.0 -1.0 -1.0 -1.0 -1.0 2.0 2.0 2.0 2.0 2.0 2.0 2.0 2.0 2.0 2.0 2.0 2.0 2.0 2.0 2.0 
-2.0 -2.0 -2.0 -2.0 -2.0 -2.0 -2.0 -1.0 -1.0 2.0 2.0 2.0 2.0 2.0 2.0 2.0 2.0 2.0 2.0 2.0 2.0 2.0 2.0 2.0 2.0 
-2.0 -2.0 -2.0 -2.0 -2.0 -2.0 -2.0 2.0 2.0 2.0 2.0 2.0 2.0 2.0 2.0 2.0 2.0 2.0 2.0 2.0 2.0 2.0 2.0 2.0 2.0 
-2.0 -2.0 -2.0 -2.0 -2.0 -2.0 -2.0 2.0 2.0 2.0 2.0 2.0 2.0 2.0 2.0 2.0 2.0 2.0 2.0 2.0 2.0 2.0 2.0 2.0 2.0 
-2.0 -2.0 -2.0 -2.0 -2.0 -2.0 -2.0 2.0 2.0 2.0 2.0 2.0 2.0 2.0 2.0 2.0 2.0 2.0 2.0 2.0 2.0 2.0 2.0 2.0 2.0 
-2.0 -2.0 -2.0 -2.0 -2.0 -2.0 -2.0 2.0 2.0 2.0 2.0 2.0 2.0 2.0 2.0 2.0 2.0 2.0 2.0 2.0 2.0 2.0 2.0 2.0 2.0 
-2.0 -2.0 -2.0 -2.0 -2.0 -2.0 2.0 2.0 2.0 2.0 2.0 2.0 2.0 2.0 2.0 2.0 2.0 2.0 2.0 2.0 2.0 2.0 2.0 2.0 2.0 
-2.0 -2.0 -2.0 -2.0 -2.0 -2.0 2.0 2.0 2.0 2.0 2.0 2.0 2.0 2.0 2.0 2.0 2.0 2.0 2.0 2.0 2.0 2.0 2.0 2.0 2.0 
-2.0 -2.0 -2.0 -2.0 -2.0 -2.0 2.0 2.0 2.0 2.0 2.0 2.0 2.0 2.0 2.0 2.0 2.0 2.0 2.0 2.0 2.0 2.0 2.0 2.0 2.0 
-2.0 -2.0 -2.0 -2.0 -2.0 -2.0 2.0 2.0 2.0 2.0 2.0 2.0 2.0 2.0 2.0 2.0 2.0 1.0 1.0 1.0 1.0 1.0 1.0 1.0 1.0 
-2.0 -2.0 -2.0 -2.0 -2.0 -2.0 0.0 0.0 0.0 0.0 1.0 1.0 1.0 1.0 1.0 1.0 1.0 1.0 1.0 1.0 1.0 1.0 1.0 1.0 1.0 
-2.0 -2.0 -2.0 -2.0 0.0 0.0 0.0 0.0 0.0 0.0 1.0 1.0 1.0 1.0 1.0 1.0 1.0 1.0 1.0 1.0 1.0 1.0 1.0 1.0 1.0 
-2.0 -2.0 0.0 0.0 0.0 0.0 0.0 0.0 0.0 0.0 0.0 1.0 1.0 1.0 1.0 1.0 1.0 1.0 1.0 1.0 1.0 1.0 1.0 1.0 1.0 
0.0 0.0 0.0 0.0 0.0 0.0 0.0 0.0 0.0 0.0 0.0 1.0 1.0 1.0 1.0 1.0 1.0 1.0 1.0 1.0 1.0 1.0 1.0 1.0 1.0 
0.0 0.0 0.0 0.0 0.0 0.0 0.0 0.0 0.0 0.0 0.0 0.0 1.0 1.0 1.0 1.0 1.0 1.0 1.0 1.0 1.0 1.0 1.0 1.0 1.0 
0.0 0.0 0.0 0.0 0.0 0.0 0.0 0.0 0.0 0.0 0.0 0.0 1.0 1.0 1.0 1.0 1.0 1.0 1.0 1.0 1.0 1.0 1.0 1.0 1.0 
0.0 0.0 0.0 0.0 0.0 0.0 0.0 0.0 0.0 0.0 0.0 0.0 0.0 1.0 1.0 1.0 1.0 1.0 1.0 1.0 1.0 1.0 1.0 1.0 1.0 
0.0 0.0 0.0 0.0 0.0 0.0 0.0 0.0 0.0 0.0 0.0 0.0 0.0 1.0 1.0 1.0 1.0 1.0 1.0 1.0 1.0 1.0 1.0 1.0 1.0 
0.0 0.0 0.0 0.0 0.0 0.0 0.0 0.0 0.0 0.0 0.0 0.0 0.0 0.0 1.0 1.0 1.0 1.0 1.0 1.0 1.0 1.0 1.0 1.0 1.0 
0.0 0.0 0.0 0.0 0.0 0.0 0.0 0.0 0.0 0.0 0.0 0.0 0.0 0.0 1.0 1.0 1.0 1.0 1.0 1.0 1.0 1.0 1.0 1.0 1.0 

-2.0 -2.0 -2.0 -2.0 -1.0 -1.0 -1.0 -1.0 -1.0 -1.0 -1.0 -1.0 -1.0 -1.0 -1.0 -1.0 1.0 1.0 1.0 1.0 1.0 1.0 1.0 1.0 1.0 
-2.0 -2.0 -2.0 -2.0 -1.0 -1.0 -1.0 -1.0 -1.0 -1.0 -1.0 -1.0 -1.0 -1.0 -1.0 1.0 1.0 1.0 1.0 1.0 1.0 1.0 1.0 1.0 1.0 
-2.0 -2.0 -2.0 -2.0 -2.0 -1.0 -1.0 -1.0 -1.0 -1.0 -1.0 -1.0 -1.0 -1.0 1.0 1.0 1.0 1.0 1.0 1.0 1.0 1.0 1.0 1.0 1.0 
-2.0 -2.0 -2.0 -2.0 -2.0 -1.0 -1.0 -1.0 -1.0 -1.0 -1.0 -1.0 1.0 1.0 1.0 1.0 1.0 1.0 1.0 1.0 1.0 1.0 1.0 1.0 1.0 
-2.0 -2.0 -2.0 -2.0 -2.0 -2.0 -1.0 -1.0 -1.0 -1.0 -1.0 1.0 1.0 1.0 1.0 1.0 1.0 1.0 1.0 1.0 1.0 1.0 1.0 1.0 1.0 
-2.0 -2.0 -2.0 -2.0 -2.0 -2.0 -1.0 -1.0 -1.0 -1.0 1.0 1.0 1.0 1.0 1.0 1.0 1.0 1.0 1.0 1.0 1.0 1.0 1.0 1.0 1.0 
-2.0 -2.0 -2.0 -2.0 -2.0 -2.0 -2.0 -1.0 -1.0 1.0 1.0 1.0 1.0 1.0 1.0 1.0 1.0 1.0 1.0 1.0 1.0 1.0 1.0 1.0 1.0 
-2.0 -2.0 -2.0 -2.0 -2.0 -2.0 -2.0 1.0 1.0 1.0 1.0 1.0 1.0 1.0 1.0 1.0 1.0 1.0 1.0 1.0 1.0 1.0 1.0 1.0 1.0 
-2.0 -2.0 -2.0 -2.0 -2.0 -2.0 -2.0 1.0 1.0 1.0 1.0 1.0 1.0 1.0 1.0 1.0 1.0 1.0 1.0 1.0 1.0 1.0 1.0 1.0 1.0 
-2.0 -2.0 -2.0 -2.0 -2.0 -2.0 -2.0 1.0 1.0 1.0 1.0 1.0 1.0 1.0 1.0 1.0 1.0 1.0 1.0 1.0 1.0 1.0 1.0 1.0 1.0 
-2.0 -2.0 -2.0 -2.0 -2.0 -2.0 -2.0 1.0 1.0 1.0 1.0 1.0 1.0 1.0 1.0 1.0 1.0 1.0 1.0 1.0 1.0 1.0 1.0 1.0 1.0 
-2.0 -2.0 -2.0 -2.0 -2.0 -2.0 1.0 1.0 1.0 1.0 1.0 1.0 1.0 1.0 1.0 1.0 1.0 1.0 1.0 1.0 1.0 1.0 1.0 1.0 1.0 
-2.0 -2.0 -2.0 -2.0 -2.0 -2.0 1.0 1.0 1.0 1.0 1.0 1.0 1.0 1.0 1.0 1.0 1.0 1.0 1.0 1.0 1.0 1.0 1.0 1.0 1.0 
-2.0 -2.0 -2.0 -2.0 -2.0 -2.0 1.0 1.0 1.0 1.0 1.0 1.0 1.0 1.0 1.0 1.0 1.0 1.0 1.0 1.0 1.0 1.0 1.0 1.0 1.0 
-2.0 -2.0 -2.0 -2.0 -2.0 -2.0 1.0 1.0 1.0 1.0 1.0 1.0 1.0 1.0 1.0 1.0 1.0 2.0 2.0 2.0 2.0 2.0 2.0 2.0 2.0 
-2.0 -2.0 -2.0 -2.0 -2.0 -2.0 0.0 0.0 0.0 0.0 2.0 2.0 2.0 2.0 2.0 2.0 2.0 2.0 2.0 2.0 2.0 2.0 2.0 2.0 2.0 
-2.0 -2.0 -2.0 -2.0 0.0 0.0 0.0 0.0 0.0 0.0 2.0 2.0 2.0 2.0 2.0 2.0 2.0 2.0 2.0 2.0 2.0 2.0 2.0 2.0 2.0 
-2.0 -2.0 0.0 0.0 0.0 0.0 0.0 0.0 0.0 0.0 0.0 2.0 2.0 2.0 2.0 2.0 2.0 2.0 2.0 2.0 2.0 2.0 2.0 2.0 2.0 
0.0 0.0 0.0 0.0 0.0 0.0 0.0 0.0 0.0 0.0 0.0 2.0 2.0 2.0 2.0 2.0 2.0 2.0 2.0 2.0 2.0 2.0 2.0 2.0 2.0 
0.0 0.0 0.0 0.0 0.0 0.0 0.0 0.0 0.0 0.0 0.0 0.0 2.0 2.0 2.0 2.0 2.0 2.0 2.0 2.0 2.0 2.0 2.0 2.0 2.0 
0.0 0.0 0.0 0.0 0.0 0.0 0.0 0.0 0.0 0.0 0.0 0.0 2.0 2.0 2.0 2.0 2.0 2.0 2.0 2.0 2.0 2.0 2.0 2.0 2.0 
0.0 0.0 0.0 0.0 0.0 0.0 0.0 0.0 0.0 0.0 0.0 0.0 0.0 2.0 2.0 2.0 2.0 2.0 2.0 2.0 2.0 2.0 2.0 2.0 2.0 
0.0 0.0 0.0 0.0 0.0 0.0 0.0 0.0 0.0 0.0 0.0 0.0 0.0 2.0 2.0 2.0 2.0 2.0 2.0 2.0 2.0 2.0 2.0 2.0 2.0 
0.0 0.0 0.0 0.0 0.0 0.0 0.0 0.0 0.0 0.0 0.0 0.0 0.0 0.0 2.0 2.0 2.0 2.0 2.0 2.0 2.0 2.0 2.0 2.0 2.0 
0.0 0.0 0.0 0.0 0.0 0.0 0.0 0.0 0.0 0.0 0.0 0.0 0.0 0.0 2.0 2.0 2.0 2.0 2.0 2.0 2.0 2.0 2.0 2.0 2.0 

