0.520336 0.070848 0.715646 0.518942 0.817941 0.561108 0.697842 0.579074 0.906294 0.961662 0.245197 0.275413 0.340543 0.294984 0.946388 0.379371 0.521723 0.015759 0.184893 0.416286 0.049533 0.067002 0.146729 0.427987 0.758388 
0.322312 0.505735 0.966741 0.155844 0.554210 0.058585 0.644898 0.789781 0.800156 0.866571 0.516017 0.560141 0.796292 0.420860 0.988530 0.382684 0.146158 0.128756 0.334946 0.271181 0.732147 0.322158 0.738961 0.580131 0.786938 
0.668447 0.301681 0.502417 0.904878 0.170532 0.167599 0.022841 0.057934 0.931357 0.408166 0.930818 0.608637 0.160867 0.674871 0.531335 0.826340 0.010275 0.322390 0.468119 0.871360 0.468013 0.716258 0.175087 0.015149 0.301464 
0.748706 0.812638 0.829842 0.122786 0.838331 0.680550 0.341649 0.146233 0.635803 0.829691 0.578938 0.746977 0.060137 0.364593 0.557873 0.776926 0.357191 0.091554 0.921209 0.127842 0.892572 0.244304 0.609748 0.251514 0.452777 
0.576572 0.576776 0.171040 0.508551 0.669095 0.696551 0.377139 0.838921 0.663790 0.816418 0.258706 0.150573 0.267863 0.066199 0.802654 0.904297 0.986737 0.623100 0.218729 0.503490 0.929813 0.104807 0.033058 0.597221 0.629530 
0.370010 0.418008 0.793944 0.128226 0.297439 0.248312 0.574824 0.033327 0.375252 0.587798 0.772775 0.477730 0.478669 0.525920 0.484566 0.201372 0.582022 0.170636 0.470911 0.418357 0.551125 0.800102 0.945597 0.982366 0.398944 
0.685532 0.690701 0.243997 0.962469 0.042206 0.332228 0.402829 0.636875 0.815158 0.748099 0.145463 0.927923 0.271684 0.138072 0.026791 0.853499 0.770548 0.681120 0.047154 0.679832 0.060082 0.510934 0.722366 0.116097 0.931419 
0.792284 0.153013 0.471237 0.103062 0.451580 0.269788 0.126936 0.392449 0.836344 0.952070 0.365900 0.331322 0.694721 0.677032 0.201496 0.997167 0.639772 0.880722 0.049834 0.581203 0.217778 0.527273 0.805715 0.719373 0.258598 
0.791101 0.276586 0.438042 0.634662 0.253081 0.604004 0.889649 0.599335 0.445137 0.401750 0.302696 0.338706 0.537636 0.763351 0.740515 0.399980 0.817620 0.263576 0.133170 0.044071 0.744500 0.657910 0.592879 0.310093 0.029488 
0.054054 0.002245 0.434223 0.722109 0.788503 0.712611 0.198600 0.159841 0.690163 0.702757 0.586831 0.862856 0.280183 0.369874 0.831767 0.092484 0.256570 0.202257 0.505739 0.133134 0.278361 0.684134 0.662062 0.657660 0.978185 
0.739129 0.804570 0.353418 0.010394 0.979201 0.282348 0.427591 0.064119 0.959049 0.679456 0.635172 0.610507 0.802538 0.417859 0.530041 0.725069 0.848641 0.845550 0.529977 0.915035 0.641587 0.682058 0.814090 0.721015 0.876957 
0.149524 0.231382 0.920793 0.749301 0.506081 0.090071 0.544306 0.153200 0.290141 0.603897 0.436138 0.378413 0.867074 0.396060 0.650671 0.771600 0.490190 0.825816 0.972997 0.670087 0.526081 0.185319 0.299668 0.427898 0.130236 
0.333738 0.085200 0.857742 0.502090 0.290757 0.160033 0.121106 0.609406 0.513100 0.342206 0.435634 0.575463 0.876625 0.950099 0.974259 0.734806 0.688326 0.331322 0.243600 0.315025 0.382213 0.423369 0.939251 0.524255 0.810241 
0.163605 0.740375 0.386901 0.806072 0.257229 0.379767 0.550733 0.539405 0.279561 0.908097 0.135643 0.875685 0.848059 0.367725 0.206233 0.667168 0.764420 0.414112 0.771396 0.360491 0.832877 0.740076 0.473352 0.553265 0.443619 
0.115647 0.573934 0.184632 0.773229 0.347276 0.621169 0.280842 0.388370 0.761239 0.802762 0.845397 0.602699 0.678380 0.800862 0.077365 0.215150 0.857540 0.487400 0.644704 0.157073 0.219753 0.221508 0.319497 0.303457 0.787503 
0.851606 0.864298 0.989140 0.380589 0.166481 0.310184 0.098360 0.033375 0.221276 0.981960 0.817190 0.957780 0.500903 0.404778 0.233395 0.643990 0.199190 0.185555 0.286593 0.802001 0.677515 0.381084 0.021175 0.701744 0.089486 
0.153672 0.647551 0.574856 0.716068 0.158730 0.169469 0.632705 0.287906 0.741112 0.001273 0.682174 0.824318 0.267875 0.493394 0.335997 0.160062 0.459535 0.175202 0.526330 0.611184 0.023520 0.305765 0.254848 0.211369 0.758253 
0.416661 0.180523 0.909070 0.225788 0.167817 0.967734 0.346388 0.185969 0.155894 0.259957 0.486914 0.900774 0.751909 0.360236 0.916327 0.469293 0.183328 0.020893 0.240717 0.073418 0.174106 0.742334 0.015006 0.547048 0.401604 
0.338901 0.623102 0.157538 0.495166 0.302048 0.755112 0.148934 0.030292 0.840367 0.875670 0.938158 0.142137 0.104604 0.414598 0.412128 0.451722 0.031581 0.249035 0.589810 0.459248 0.211560 0.581807 0.157374 0.049707 0.084424 
0.795993 0.648693 0.963551 0.274734 0.666314 0.868521 0.443800 0.055384 0.828600 0.702411 0.732725 0.462233 0.107427 0.352185 0.476055 0.220271 0.970757 0.680577 0.732311 0.037038 0.018898 0.690554 0.886155 0.768759 0.918556 
0.438543 0.997622 0.049412 0.366671 0.734122 0.358851 0.204341 0.023341 0.211490 0.383999 0.582216 0.643109 0.299287 0.882306 0.981966 0.198720 0.841015 0.586192 0.702568 0.293798 0.728048 0.422282 0.227460 0.909282 0.589915 
0.894388 0.841769 0.446865 0.519947 0.566985 0.134812 0.623011 0.554105 0.636932 0.519712 0.293953 0.121158 0.305631 0.417638 0.374460 0.436132 0.854822 0.267545 0.231251 0.870044 0.730677 0.974361 0.353698 0.257975 0.394627 
0.680878 0.284816 0.306655 0.116513 0.331408 0.538671 0.151417 0.918157 0.280745 0.110459 0.453119 0.287714 0.050311 0.933277 0.875515 0.209453 0.075238 0.111336 0.648788 0.437560 0.366448 0.379504 0.713715 0.215737 0.954711 
0.114398 0.508774 0.730024 0.772625 0.070305 0.053096 0.591333 0.867993 0.464740 0.858640 0.464370 0.216273 0.731936 0.758049 0.786187 0.153599 0.157409 0.819164 0.226040 0.007337 0.260187 0.785134 0.448560 0.109541 0.422632 
0.822718 0.873661 0.860196 0.122655 0.623625 0.639617 0.081165 0.267879 0.916689 0.265738 0.071532 0.623698 0.342815 0.443842 0.923811 0.629027 0.325878 0.659334 0.340610 0.372960 0.476715 0.267847 0.431633 0.010411 0.915302 

0.110455 0.345538 0.794883 0.935882 0.173963 0.851611 0.977540 0.539976 0.288643 0.573445 0.322457 0.440819 0.840739 0.455729 0.873388 0.425179 0.147618 0.685607 0.658930 0.810293 0.769018 0.789032 0.799976 0.185896 0.395990 
0.660033 0.850204 0.374844 0.624699 0.535627 0.030838 0.605797 0.191784 0.186110 0.616629 0.105004 0.707195 0.160311 0.073407 0.179233 0.717696 0.773835 0.030403 0.412974 0.914167 0.407597 0.963904 0.743602 0.707111 0.668500 
0.075839 0.045146 0.991407 0.187347 0.464498 0.387638 0.412337 0.056828 0.721146 0.742806 0.986808 0.726552 0.899401 0.922264 0.257143 0.137215 0.698972 0.406664 0.888884 0.030645 0.335456 0.645105 0.933613 0.852180 0.325401 
0.608612 0.180537 0.567235 0.628925 0.158376 0.317517 0.620371 0.408287 0.060727 0.416676 0.749989 0.175411 0.501578 0.174105 0.139636 0.618888 0.360251 0.396785 0.857506 0.428775 0.320601 0.691292 0.419918 0.522470 0.916767 
0.762260 0.037960 0.093992 0.744238 0.862935 0.366466 0.393384 0.486294 0.757471 0.617120 0.927553 0.976351 0.649801 0.034061 0.650265 0.535532 0.960879 0.091749 0.560832 0.257470 0.144155 0.704767 0.032862 0.934453 0.268052 
0.190415 0.693086 0.754168 0.529284 0.398634 0.915043 0.977518 0.591589 0.735144 0.840002 0.303273 0.168759 0.028115 0.400561 0.674250 0.132678 0.431884 0.632819 0.118884 0.220334 0.258387 0.132496 0.167082 0.308065 0.558786 
0.085179 0.177497 0.487086 0.176326 0.405234 0.099522 0.178775 0.494375 0.074406 0.583609 0.512385 0.186722 0.712407 0.339086 0.266852 0.778950 0.329928 0.708530 0.662714 0.872519 0.250178 0.286962 0.582083 0.995280 0.917725 
0.200850 0.889988 0.826445 0.974808 0.325288 0.607785 0.859582 0.607930 0.092485 0.498529 0.457988 0.251239 0.915295 0.717887 0.442647 0.474585 0.370823 0.740814 0.748308 0.051845 0.306211 0.645390 0.446864 0.478837 0.392346 
0.201117 0.267959 0.898657 0.188464 0.484609 0.427060 0.035759 0.938391 0.276802 0.056469 0.331942 0.414798 0.932150 0.110094 0.832876 0.184341 0.990614 0.422156 0.629020 0.807787 0.282984 0.524558 0.186612 0.518510 0.399385 
0.668860 0.363419 0.082890 0.744809 0.755181 0.916405 0.801641 0.462968 0.559590 0.127123 0.250534 0.996518 0.266920 0.590994 0.955339 0.513630 0.036441 0.928386 0.094307 0.470748 0.789465 0.573741 0.483242 0.561760 0.306881 
0.243887 0.929117 0.477879 0.402985 0.855681 0.922120 0.401415 0.782790 0.068158 0.991980 0.676286 0.756059 0.299030 0.689333 0.884656 0.297546 0.142152 0.073610 0.705529 0.259006 0.834502 0.473818 0.117892 0.919495 0.493583 
0.316945 0.822484 0.075698 0.592271 0.718444 0.151421 0.445494 0.014900 0.942350 0.368279 0.900455 0.146534 0.938823 0.566117 0.595922 0.314060 0.104141 0.571872 0.381070 0.485498 0.941100 0.020305 0.090678 0.132179 0.809762 
0.590446 0.483519 0.847140 0.575414 0.141217 0.438779 0.518657 0.232951 0.761444 0.320401 0.525626 0.698188 0.555844 0.410138 0.923267 0.604288 0.281421 0.655566 0.020409 0.594328 0.397034 0.147492 0.075178 0.705313 0.408415 
0.003949 0.664740 0.690107 0.064006 0.814291 0.990105 0.549440 0.528078 0.684757 0.631011 0.738149 0.188361 0.778340 0.324957 0.265360 0.639933 0.450768 0.415598 0.532500 0.858540 0.390450 0.543884 0.915357 0.914752 0.088026 
0.969718 0.550978 0.737413 0.367211 0.959481 0.211564 0.728496 0.622701 0.492268 0.543566 0.456117 0.211267 0.959438 0.590402 0.181743 0.169960 0.793043 0.934677 0.668181 0.248175 0.119157 0.159317 0.640841 0.192977 0.415032 
0.356740 0.744130 0.805893 0.606276 0.263683 0.157193 0.110845 0.802453 0.386914 0.648100 0.429996 0.587302 0.378942 0.677710 0.730455 0.290898 0.403582 0.633543 0.504714 0.417629 0.726614 0.484928 0.742827 0.671135 0.632754 
0.813659 0.603436 0.541532 0.517309 0.123258 0.159357 0.315872 0.173132 0.503966 0.269204 0.199154 0.684654 0.892841 0.051803 0.902001 0.575480 0.428800 0.295236 0.141268 0.450334 0.427805 0.254186 0.001079 0.711250 0.246291 
0.176248 0.767701 0.173589 0.202836 0.624991 0.244161 0.620135 0.404427 0.774812 0.276232 0.018111 0.056802 0.741623 0.201931 0.521202 0.749999 0.516591 0.112907 0.374557 0.230991 0.358353 0.656319 0.130349 0.205313 0.163335 
0.094462 0.732690 0.877634 0.991176 0.089555 0.167894 0.370807 0.226077 0.274623 0.634654 0.794231 0.791380 0.499480 0.361456 0.140968 0.447111 0.823130 0.202179 0.846927 0.270240 0.390998 0.835710 0.568505 0.046991 0.240637 
0.046903 0.769302 0.318505 0.372328 0.140401 0.405812 0.164442 0.665309 0.231201 0.417939 0.638048 0.817267 0.838176 0.852933 0.593134 0.369718 0.427130 0.845863 0.613556 0.843164 0.291837 0.248156 0.862866 0.795297 0.365083 
0.834551 0.425255 0.265973 0.347086 0.955459 0.264957 0.183139 0.626227 0.078697 0.744857 0.136259 0.038561 0.517189 0.602998 0.589797 0.493592 0.591092 0.459091 0.191778 0.975347 0.046005 0.639791 0.987439 0.102623 0.382432 
0.237707 0.678138 0.833225 0.606831 0.844447 0.052235 0.636233 0.732157 0.694972 0.123280 0.350827 0.015050 0.221865 0.272996 0.541041 0.910955 0.006068 0.540659 0.681632 0.441953 0.156259 0.413995 0.928572 0.024391 0.752335 
0.473369 0.113212 0.028815 0.167759 0.214684 0.354742 0.475544 0.411198 0.414063 0.444022 0.262286 0.683075 0.088066 0.952823 0.562782 0.206387 0.753761 0.427970 0.487264 0.946113 0.428445 0.919482 0.397019 0.937663 0.848711 
0.973192 0.280763 0.878357 0.308978 0.756958 0.864133 0.986279 0.171269 0.550643 0.346034 0.513295 0.023240 0.993444 0.541369 0.731760 0.256031 0.112515 0.208180 0.029089 0.481492 0.234930 0.750555 0.808995 0.650947 0.289473 
0.514324 0.619782 0.598356 0.738430 0.779382 0.189439 0.274546 0.148371 0.763556 0.009532 0.448386 0.509779 0.818291 0.040502 0.472721 0.071560 0.148335 0.672058 0.022548 0.583658 0.939254 0.634230 0.611626 0.579524 0.024187 

-0.466274 0.242554 0.067551 0.481321 -0.737210 0.280778 0.291777 -0.050061 -0.695159 -0.302971 0.230700 0.069002 0.425829 0.115528 -0.019318 -0.188259 -0.410093 0.691952 0.457619 0.407133 0.776822 0.640324 0.796731 -0.297119 -0.361265 
0.251218 0.307863 -0.575169 0.581833 -0.169112 -0.199451 0.139274 -0.585449 -0.660946 -0.339383 -0.449985 0.246729 -0.640647 -0.443289 -0.831646 0.119586 0.593037 -0.036662 -0.162176 0.510274 -0.369666 0.663317 0.087302 0.159350 -0.252375 
-0.428436 -0.177952 0.884803 -1.488188 0.621510 0.462264 0.393052 -0.024580 -0.119293 0.326322 0.109572 0.072689 0.698913 0.303947 -0.346763 -0.821201 0.646608 0.115303 0.465745 -0.688753 -0.209601 -0.043042 0.608604 0.718491 0.033410 
-0.287587 -0.665420 -0.674700 0.990607 -1.279836 -0.639323 0.077124 0.231536 -0.634657 -0.863829 0.195846 -0.495717 0.483489 -0.185000 -0.466711 -0.221341 -0.005987 0.333789 -0.115554 0.322302 -0.547289 0.498761 -0.257295 0.309218 0.438805 
0.453192 -1.064759 -0.016095 0.527249 0.506220 -0.643994 0.148845 -0.699671 0.093163 -0.282472 0.567895 0.857684 0.294523 -0.006792 -0.129576 -0.450333 -0.064578 -0.640122 0.363778 -0.094787 -0.722502 0.573923 -0.126342 0.296829 -0.434929 
-0.095965 0.550061 -0.621537 0.776272 0.283302 1.320262 0.746222 1.242650 0.590153 0.633216 -0.893165 -0.157359 -0.521970 -0.179108 0.372415 -0.012528 -0.079161 0.529194 -0.378540 -0.219928 -0.255496 -0.705675 -0.758067 -0.714801 0.086057 
-0.176439 -0.362700 -0.364887 -0.154821 0.779046 -0.031533 -0.499236 -0.487433 -1.483451 -0.343938 0.612120 -1.613843 0.981293 0.405224 0.419915 -0.036780 -0.225972 0.106255 0.748648 0.227757 0.300880 -0.118821 -0.126307 1.005595 0.016060 
-0.227171 -0.858801 -0.843440 -1.013718 -0.095389 -0.673810 -0.879023 -0.682805 -1.520289 -0.893577 0.200737 -0.008846 0.350436 -0.051802 0.251930 -1.129220 -0.068332 -0.210008 0.700375 -0.561145 0.165236 0.244676 -0.216207 -0.229705 -0.142506 
-0.234540 -0.350246 -0.894912 -0.195750 -0.498150 -0.457026 -0.114096 -0.971158 -0.262116 0.062057 0.077443 0.030341 0.756980 -1.329105 0.108947 -0.292603 0.394793 0.276812 1.046119 1.536780 -1.014332 0.012317 -0.382295 -0.377406 -0.732547 
-0.820694 -0.280240 -0.102604 -0.742715 -0.705050 -1.185680 -0.813476 -0.491372 -0.391840 -0.095848 -0.861352 -1.031043 -0.083775 0.593448 0.270031 0.710383 -0.558151 1.419290 -0.919826 0.718212 0.906999 -0.199792 -0.222301 0.196760 1.478448 
-0.212861 -0.835991 -0.384867 -0.362215 -0.993858 -0.791199 -0.413450 -0.588396 -0.049682 -0.886854 -0.706608 -0.775708 -0.334973 -0.610043 0.527031 -0.798210 -1.488595 -1.412354 0.150619 -1.273297 0.417215 -0.343059 -1.358862 0.280188 0.623176 
-0.265860 -0.859317 0.081169 -0.744125 -0.861597 -0.052682 -0.508107 -0.187027 -0.980926 -0.363028 -0.929849 -0.200473 -0.929983 0.104326 -0.189259 -0.858513 -0.856164 -0.543159 -1.249195 -0.463402 1.100914 -0.264152 -0.372574 -0.617948 -1.477358 
-0.552313 -0.492314 -0.712025 -0.651847 -0.130559 -0.486392 -0.601028 -0.335139 -0.731167 -0.365462 -0.449531 -0.695799 -0.418020 -1.103720 0.136481 -0.342206 -0.942392 0.715506 -0.514199 0.641302 0.087688 -0.492226 -1.614525 0.227390 0.802833 
-0.092492 -0.677127 -0.769730 -0.109016 -0.881777 -1.125041 -0.432398 -0.613792 -0.760852 -0.706290 -0.885022 -0.191679 -0.766793 -0.375994 0.218290 -0.110911 -0.567808 0.078675 -0.504781 0.990539 -0.820417 -0.306713 0.865797 0.920612 0.704487 
-1.132172 0.564664 0.238954 -0.428703 -0.929486 -0.120738 -0.743218 -0.834097 -0.479788 -0.572014 -0.426735 -0.344288 -0.847062 -0.610384 -0.205753 -0.124002 -0.091875 0.983132 0.118026 0.199639 0.151560 -0.000769 0.748609 0.332570 0.671584 
0.719658 0.725405 0.857689 0.264997 -0.525732 -0.053823 -0.078302 -1.015206 -0.472480 -0.587172 -0.510136 -0.541330 -0.333231 -0.795326 -1.158291 -0.678767 0.405644 0.921316 0.254219 -0.753356 -0.011738 -0.221923 -1.424686 0.257265 -0.905414 
0.022172 0.575538 0.510723 0.739950 -0.007311 -0.074884 -0.277211 0.018966 -0.461645 -0.256538 -0.125069 -0.715738 -0.983259 1.011270 -1.109899 -0.713515 0.158239 -0.146891 -0.794635 0.329254 -0.820310 0.201986 0.648086 -1.004045 1.106755 
0.558960 0.176463 0.784495 0.252542 0.036198 0.798571 -0.602642 -0.464601 -0.907347 -0.316695 -0.053768 0.093627 -0.762226 -0.281856 0.724106 -0.613707 -0.608235 -0.100049 -0.186206 -0.268366 -0.289682 0.242627 -0.349897 0.598132 0.510514 
0.400373 0.695797 0.197621 0.336213 0.298529 0.860140 0.287479 -0.226868 0.780538 1.018054 0.992372 -0.863835 -0.630557 -0.049642 0.574998 0.007517 -1.669275 0.232097 -0.413547 0.421500 -0.319035 -0.481802 -0.926608 -0.009456 -0.266549 
0.726570 0.702399 1.043518 0.289911 0.621764 0.706258 0.410656 -0.734766 0.776225 0.643697 0.786335 0.473418 0.067831 0.424350 -0.439419 -0.306237 1.063376 -0.202232 0.111095 -1.579666 -0.304501 0.812614 -0.157884 -0.028835 1.219270 
0.562026 1.028686 -0.031725 0.393111 0.738419 0.282817 0.391015 0.056100 0.251512 0.379816 0.653273 0.722713 0.373792 0.923781 0.855663 -0.654487 0.439062 0.275701 0.948323 -1.465814 1.240911 -0.032566 -1.324305 1.710084 0.532192 
1.165423 0.836432 0.402835 0.267481 0.467384 0.256374 0.501957 0.531368 0.694830 0.506346 0.330061 0.015662 0.270484 0.352124 0.425370 -0.916322 0.894702 -0.634290 -0.888495 0.775886 1.043854 1.076172 -1.120633 0.354362 -0.719082 
0.693544 0.245130 0.217221 0.021857 0.320749 0.505405 0.109913 0.892902 0.383465 -0.034738 0.419419 0.042148 0.066891 0.929951 0.906852 0.138584 0.165678 0.051658 0.740638 -1.009952 -0.254394 -0.954798 0.675958 -1.373141 0.284906 
0.028746 0.653106 0.833813 1.007339 0.021569 -0.058342 0.660367 0.936371 0.406057 0.825052 0.470778 0.129985 0.651746 0.770824 0.617982 0.471189 0.027975 0.969042 0.498041 -1.041673 -0.210038 0.143567 -0.563726 -1.087403 0.227722 
0.654546 0.938628 0.967490 0.123755 0.544960 0.759987 0.195148 0.336101 0.813739 0.322567 -0.031252 0.649937 0.253302 0.630658 0.809255 0.745987 0.452356 -0.035508 0.485335 -0.388832 -0.993343 -0.768368 -0.498039 -0.981937 1.822874 

4 4 4 4 4 4 4 4 4 4 4 4 4 4 4 4 4 4 4 4 4 4 4 4 4 
4 4 4 4 4 4 4 4 4 4 4 4 4 4 4 4 4 4 4 4 4 4 4 4 4 
4 4 0 0 0 0 4 4 4 4 4 4 4 4 4 4 4 4 4 4 4 4 4 4 4 
0 4 0 0 0 0 4 4 4 0 4 4 4 4 4 4 4 4 4 4 4 4 4 4 4 
0 0 0 0 0 0 0 0 0 0 4 4 4 0 4 4 4 4 4 4 4 4 4 4 4 
2 0 2 0 0 0 0 0 0 0 0 4 4 0 0 4 4 4 4 4 4 4 4 4 4 
2 2 2 2 0 2 0 2 0 0 0 0 0 0 0 4 4 4 4 4 4 4 4 4 4 
2 2 2 2 2 2 2 2 0 0 0 0 0 0 0 0 4 0 4 4 0 0 4 4 3 
2 2 2 2 2 2 2 2 0 2 0 0 0 0 0 0 0 0 0 0 0 4 4 3 3 
2 2 2 2 2 2 2 2 2 2 0 2 0 0 0 0 0 0 0 0 0 4 4 3 3 
2 2 2 2 2 2 2 2 2 2 2 2 2 2 0 0 0 0 0 0 0 0 0 0 3 
2 2 2 2 2 2 2 2 2 2 2 2 2 0 0 0 0 0 0 0 0 0 0 0 3 
2 2 2 2 2 2 2 2 2 2 2 2 2 0 0 0 0 0 0 0 0 0 0 0 3 
2 2 2 2 2 2 2 2 2 2 2 2 2 2 0 0 0 0 0 0 0 0 0 0 3 
2 1 1 2 2 2 2 2 2 2 2 2 2 2 3 0 0 0 0 0 3 3 0 3 3 
1 1 1 1 2 2 2 2 2 2 2 2 2 2 3 0 0 0 0 0 3 3 3 3 3 
1 1 1 1 2 2 2 2 2 2 2 2 2 3 3 3 3 3 0 3 3 3 3 3 3 
1 1 1 1 1 1 2 2 2 2 2 2 2 2 3 3 3 3 3 3 3 3 3 3 3 
1 1 1 1 1 1 1 2 1 1 1 2 2 3 3 3 3 3 3 3 3 3 3 3 3 
1 1 1 1 1 1 1 2 1 1 1 1 1 1 3 3 3 3 3 3 3 3 3 3 3 
1 1 1 1 1 1 1 1 1 1 1 1 1 1 3 3 3 3 3 3 3 3 3 3 3 
1 1 1 1 1 1 1 1 1 1 1 1 1 1 1 3 1 3 3 3 3 3 3 3 3 
1 1 1 1 1 1 1 1 1 1 1 1 1 1 1 1 1 1 1 3 3 3 3 3 3 
1 1 1 1 1 1 1 1 1 1 1 1 1 1 1 1 3 3 3 3 3 3 3 3 3 
1 1 1 1 1 1 1 1 1 1 1 1 1 1 1 1 1 3 3 3 3 3 3 3 3 

-1.0 -1.0 -1.0 -1.0 -1.0 -1.0 -1.0 -1.0 -1.0 -1.0 -1.0 -1.0 -1.0 -1.0 -1.0 -1.0 -1.0 -1.0 -1.0 -1.0 -1.0 -1.0 -1.0 -1.0 -1.0 
-1.0 -1.0 -1.0 -1.0 -1.0 -1.0 -1.0 -1.0 -1.0 -1.0 -1.0 -1.0 -1.0 -1.0 -1.0 -1.0 -1.0 -1.0 -1.0 -1.0 -1.0 -1.0 -1.0 -1.0 -1.0 
-1.0 -1.0 -2.0 -2.0 -2.0 -2.0 -1.0 -1.0 -1.0 -1.0 -1.0 -1.0 -1.0 -1.0 -1.0 -1.0 -1.0 -1.0 -1.0 -1.0 -1.0 -1.0 -1.0 -1.0 -1.0 
-2.0 -1.0 -2.0 -2.0 -2.0 -2.0 -1.0 -1.0 -1.0 -2.0 -1.0 -1.0 -1.0 -1.0 -1.0 -1.0 -1.0 -1.0 -1.0 -1.0 -1.0 -1.0 -1.0 -1.0 -1.0 
-2.0 -2.0 -2.0 -2.0 -2.0 -2.0 -2.0 -2.0 -2.0 -2.0 -1.0 -1.0 -1.0 -2.0 -1.0 -1.0 -1.0 -1.0 -1.0 -1.0 -1.0 -1.0 -1.0 -1.0 -1.0 
0.0 -2.0 0.0 -2.0 -2.0 -2.0 -2.0 -2.0 -2.0 -2.0 -2.0 -1.0 -1.0 -2.0 -2.0 -1.0 -1.0 -1.0 -1.0 -1.0 -1.0 -1.0 -1.0 -1.0 -1.0 
0.0 0.0 0.0 0.0 -2.0 0.0 -2.0 0.0 -2.0 -2.0 -2.0 -2.0 -2.0 -2.0 -2.0 -1.0 -1.0 -1.0 -1.0 -1.0 -1.0 -1.0 -1.0 -1.0 -1.0 
0.0 0.0 0.0 0.0 0.0 0.0 0.0 0.0 -2.0 -2.0 -2.0 -2.0 -2.0 -2.0 -2.0 -2.0 -1.0 -2.0 -1.0 -1.0 -2.0 -2.0 -1.0 -1.0 2.0 
0.0 0.0 0.0 0.0 0.0 0.0 0.0 0.0 -2.0 0.0 -2.0 -2.0 -2.0 -2.0 -2.0 -2.0 -2.0 -2.0 -2.0 -2.0 -2.0 -1.0 -1.0 2.0 2.0 
0.0 0.0 0.0 0.0 0.0 0.0 0.0 0.0 0.0 0.0 -2.0 0.0 -2.0 -2.0 -2.0 -2.0 -2.0 -2.0 -2.0 -2.0 -2.0 -1.0 -1.0 2.0 2.0 
0.0 0.0 0.0 0.0 0.0 0.0 0.0 0.0 0.0 0.0 0.0 0.0 0.0 0.0 -2.0 -2.0 -2.0 -2.0 -2.0 -2.0 -2.0 -2.0 -2.0 -2.0 2.0 
0.0 0.0 0.0 0.0 0.0 0.0 0.0 0.0 0.0 0.0 0.0 0.0 0.0 -2.0 -2.0 -2.0 -2.0 -2.0 -2.0 -2.0 -2.0 -2.0 -2.0 -2.0 2.0 
0.0 0.0 0.0 0.0 0.0 0.0 0.0 0.0 0.0 0.0 0.0 0.0 0.0 -2.0 -2.0 -2.0 -2.0 -2.0 -2.0 -2.0 -2.0 -2.0 -2.0 -2.0 2.0 
0.0 0.0 0.0 0.0 0.0 0.0 0.0 0.0 0.0 0.0 0.0 0.0 0.0 0.0 -2.0 -2.0 -2.0 -2.0 -2.0 -2.0 -2.0 -2.0 -2.0 -2.0 2.0 
0.0 1.0 1.0 0.0 0.0 0.0 0.0 0.0 0.0 0.0 0.0 0.0 0.0 0.0 2.0 -2.0 -2.0 -2.0 -2.0 -2.0 2.0 2.0 -2.0 2.0 2.0 
1.0 1.0 1.0 1.0 0.0 0.0 0.0 0.0 0.0 0.0 0.0 0.0 0.0 0.0 2.0 -2.0 -2.0 -2.0 -2.0 -2.0 2.0 2.0 2.0 2.0 2.0 
1.0 1.0 1.0 1.0 0.0 0.0 0.0 0.0 0.0 0.0 0.0 0.0 0.0 2.0 2.0 2.0 2.0 2.0 -2.0 2.0 2.0 2.0 2.0 2.0 2.0 
1.0 1.0 1.0 1.0 1.0 1.0 0.0 0.0 0.0 0.0 0.0 0.0 0.0 0.0 2.0 2.0 2.0 2.0 2.0 2.0 2.0 2.0 2.0 2.0 2.0 
1.0 1.0 1.0 1.0 1.0 1.0 1.0 0.0 1.0 1.0 1.0 0.0 0.0 2.0 2.0 2.0 2.0 2.0 2.0 2.0 2.0 2.0 2.0 2.0 2.0 
1.0 1.0 1.0 1.0 1.0 1.0 1.0 0.0 1.0 1.0 1.0 1.0 1.0 1.0 2.0 2.0 2.0 2.0 2.0 2.0 2.0 2.0 2.0 2.0 2.0 
1.0 1.0 1.0 1.0 1.0 1.0 1.0 1.0 1.0 1.0 1.0 1.0 1.0 1.0 2.0 2.0 2.0 2.0 2.0 2.0 2.0 2.0 2.0 2.0 2.0 
1.0 1.0 1.0 1.0 1.0 1.0 1.0 1.0 1.0 1.0 1.0 1.0 1.0 1.0 1.0 2.0 1.0 2.0 2.0 2.0 2.0 2.0 2.0 2.0 2.0 
1.0 1.0 1.0 1.0 1.0 1.0 1.0 1.0 1.0 1.0 1.0 1.0 1.0 1.0 1.0 1.0 1.0 1.0 1.0 2.0 2.0 2.0 2.0 2.0 2.0 
1.0 1.0 1.0 1.0 1.0 1.0 1.0 1.0 1.0 1.0 1.0 1.0 1.0 1.0 1.0 1.0 2.0 2.0 2.0 2.0 2.0 2.0 2.0 2.0 2.0 
1.0 1.0 1.0 1.0 1.0 1.0 1.0 1.0 1.0 1.0 1.0 1.0 1.0 1.0 1.0 1.0 1.0 2.0 2.0 2.0 2.0 2.0 2.0 2.0 2.0 

1.0 1.0 1.0 1.0 1.0 1.0 1.0 1.0 1.0 1.0 1.0 1.0 1.0 1.0 1.0 1.0 1.0 1.0 1.0 1.0 1.0 1.0 1.0 1.0 1.0 
1.0 1.0 1.0 1.0 1.0 1.0 1.0 1.0 1.0 1.0 1.0 1.0 1.0 1.0 1.0 1.0 1.0 1.0 1.0 1.0 1.0 1.0 1.0 1.0 1.0 
1.0 1.0 2.0 2.0 2.0 2.0 1.0 1.0 1.0 1.0 1.0 1.0 1.0 1.0 1.0 1.0 1.0 1.0 1.0 1.0 1.0 1.0 1.0 1.0 1.0 
2.0 1.0 2.0 2.0 2.0 2.0 1.0 1.0 1.0 2.0 1.0 1.0 1.0 1.0 1.0 1.0 1.0 1.0 1.0 1.0 1.0 1.0 1.0 1.0 1.0 
2.0 2.0 2.0 2.0 2.0 2.0 2.0 2.0 2.0 2.0 1.0 1.0 1.0 2.0 1.0 1.0 1.0 1.0 1.0 1.0 1.0 1.0 1.0 1.0 1.0 
-1.0 2.0 -1.0 2.0 2.0 2.0 2.0 2.0 2.0 2.0 2.0 1.0 1.0 2.0 2.0 1.0 1.0 1.0 1.0 1.0 1.0 1.0 1.0 1.0 1.0 
-1.0 -1.0 -1.0 -1.0 2.0 -1.0 2.0 -1.0 2.0 2.0 2.0 2.0 2.0 2.0 2.0 1.0 1.0 1.0 1.0 1.0 1.0 1.0 1.0 1.0 1.0 
-1.0 -1.0 -1.0 -1.0 -1.0 -1.0 -1.0 -1.0 2.0 2.0 2.0 2.0 2.0 2.0 2.0 2.0 1.0 2.0 1.0 1.0 2.0 2.0 1.0 1.0 -2.0 
-1.0 -1.0 -1.0 -1.0 -1.0 -1.0 -1.0 -1.0 2.0 -1.0 2.0 2.0 2.0 2.0 2.0 2.0 2.0 2.0 2.0 2.0 2.0 1.0 1.0 -2.0 -2.0 
-1.0 -1.0 -1.0 -1.0 -1.0 -1.0 -1.0 -1.0 -1.0 -1.0 2.0 -1.0 2.0 2.0 2.0 2.0 2.0 2.0 2.0 2.0 2.0 1.0 1.0 -2.0 -2.0 
-1.0 -1.0 -1.0 -1.0 -1.0 -1.0 -1.0 -1.0 -1.0 -1.0 -1.0 -1.0 -1.0 -1.0 2.0 2.0 2.0 2.0 2.0 2.0 2.0 2.0 2.0 2.0 -2.0 
-1.0 -1.0 -1.0 -1.0 -1.0 -1.0 -1.0 -1.0 -1.0 -1.0 -1.0 -1.0 -1.0 2.0 2.0 2.0 2.0 2.0 2.0 2.0 2.0 2.0 2.0 2.0 -2.0 
-1.0 -1.0 -1.0 -1.0 -1.0 -1.0 -1.0 -1.0 -1.0 -1.0 -1.0 -1.0 -1.0 2.0 2.0 2.0 2.0 2.0 2.0 2.0 2.0 2.0 2.0 2.0 -2.0 
-1.0 -1.0 -1.0 -1.0 -1.0 -1.0 -1.0 -1.0 -1.0 -1.0 -1.0 -1.0 -1.0 -1.0 2.0 2.0 2.0 2.0 2.0 2.0 2.0 2.0 2.0 2.0 -2.0 
-1.0 0.0 0.0 -1.0 -1.0 -1.0 -1.0 -1.0 -1.0 -1.0 -1.0 -1.0 -1.0 -1.0 -2.0 2.0 2.0 2.0 2.0 2.0 -2.0 -2.0 2.0 -2.0 -2.0 
0.0 0.0 0.0 0.0 -1.0 -1.0 -1.0 -1.0 -1.0 -1.0 -1.0 -1.0 -1.0 -1.0 -2.0 2.0 2.0 2.0 2.0 2.0 -2.0 -2.0 -2.0 -2.0 -2.0 
0.0 0.0 0.0 0.0 -1.0 -1.0 -1.0 -1.0 -1.0 -1.0 -1.0 -1.0 -1.0 -2.0 -2.0 -2.0 -2.0 -2.0 2.0 -2.0 -2.0 -2.0 -2.0 -2.0 -2.0 
0.0 0.0 0.0 0.0 0.0 0.0 -1.0 -1.0 -1.0 -1.0 -1.0 -1.0 -1.0 -1.0 -2.0 -2.0 -2.0 -2.0 -2.0 -2.0 -2.0 -2.0 -2.0 -2.0 -2.0 
0.0 0.0 0.0 0.0 0.0 0.0 0.0 -1.0 0.0 0.0 0.0 -1.0 -1.0 -2.0 -2.0 -2.0 -2.0 -2.0 -2.0 -2.0 -2.0 -2.0 -2.0 -2.0 -2.0 
0.0 0.0 0.0 0.0 0.0 0.0 0.0 -1.0 0.0 0.0 0.0 0.0 0.0 0.0 -2.0 -2.0 -2.0 -2.0 -2.0 -2.0 -2.0 -2.0 -2.0 -2.0 -2.0 
0.0 0.0 0.0 0.0 0.0 0.0 0.0 0.0 0.0 0.0 0.0 0.0 0.0 0.0 -2.0 -2.0 -2.0 -2.0 -2.0 -2.0 -2.0 -2.0 -2.0 -2.0 -2.0 
0.0 0.0 0.0 0.0 0.0 0.0 0.0 0.0 0.0 0.0 0.0 0.0 0.0 0.0 0.0 -2.0 0.0 -2.0 -2.0 -2.0 -2.0 -2.0 -2.0 -2.0 -2.0 
0.0 0.0 0.0 0.0 0.0 0.0 0.0 0.0 0.0 0.0 0.0 0.0 0.0 0.0 0.0 0.0 0.0 0.0 0.0 -2.0 -2.0 -2.0 -2.0 -2.0 -2.0 
0.0 0.0 0.0 0.0 0.0 0.0 0.0 0.0 0.0 0.0 0.0 0.0 0.0 0.0 0.0 0.0 -2.0 -2.0 -2.0 -2.0 -2.0 -2.0 -2.0 -2.0 -2.0 
0.0 0.0 0.0 0.0 0.0 0.0 0.0 0.0 0.0 0.0 0.0 0.0 0.0 0.0 0.0 0.0 0.0 -2.0 -2.0 -2.0 -2.0 -2.0 -2.0 -2.0 -2.0 

