0.870427 0.623035 0.893727 0.830398 0.668109 0.035315 0.651513 0.461523 0.688254 0.559993 0.264155 0.926309 0.566261 0.503038 0.046353 0.915618 0.863114 0.700605 0.567347 0.966154 0.499721 0.083278 0.114876 0.238893 0.616114 
0.186685 0.114511 0.746134 0.601731 0.449487 0.587385 0.008654 0.872117 0.653823 0.301512 0.964338 0.466514 0.210200 0.803644 0.097664 0.180827 0.151448 0.482633 0.432752 0.788985 0.273443 0.351145 0.551219 0.042057 0.775774 
0.054569 0.575029 0.035348 0.108886 0.159200 0.466849 0.025844 0.214148 0.794990 0.054279 0.523213 0.665953 0.754875 0.287089 0.136971 0.412299 0.714981 0.236052 0.441019 0.983880 0.001246 0.281839 0.042652 0.787884 0.294961 
0.163924 0.676672 0.616366 0.491877 0.318508 0.340088 0.125998 0.669909 0.773694 0.186381 0.694655 0.455606 0.138863 0.046946 0.251517 0.137714 0.398790 0.930210 0.277424 0.555315 0.135137 0.099984 0.985953 0.130179 0.433366 
0.329470 0.177058 0.468178 0.151872 0.534925 0.393968 0.479788 0.602569 0.253608 0.354079 0.783118 0.150414 0.566158 0.184023 0.734969 0.503424 0.196800 0.041349 0.949218 0.342649 0.890927 0.303756 0.550766 0.393683 0.256181 
0.156055 0.918736 0.203943 0.329970 0.295656 0.130826 0.588134 0.793624 0.191378 0.427564 0.762267 0.343842 0.230771 0.995488 0.426903 0.515853 0.193528 0.713525 0.499957 0.673629 0.025329 0.950567 0.345329 0.555926 0.570646 
0.152763 0.254959 0.828593 0.561243 0.808544 0.163842 0.008865 0.547972 0.939651 0.024986 0.244844 0.176926 0.484701 0.988203 0.909571 0.251533 0.147534 0.258837 0.600108 0.271270 0.820373 0.644323 0.836111 0.952893 0.367832 
0.958586 0.739162 0.010946 0.732498 0.358845 0.537977 0.503492 0.876189 0.164133 0.897379 0.779462 0.183364 0.299230 0.796411 0.671268 0.536179 0.003732 0.280955 0.287434 0.059536 0.360714 0.348721 0.723536 0.560750 0.706083 
0.869581 0.889522 0.763080 0.674189 0.797055 0.317914 0.493230 0.329540 0.547067 0.149202 0.699844 0.829412 0.225105 0.915284 0.743340 0.216322 0.283198 0.556147 0.415119 0.931667 0.865230 0.557562 0.831029 0.223795 0.911818 
0.935407 0.661035 0.208090 0.848608 0.384536 0.986500 0.065884 0.848569 0.999510 0.219163 0.447017 0.014548 0.689759 0.880327 0.362545 0.144523 0.966670 0.030717 0.197223 0.292764 0.768233 0.032157 0.476809 0.801222 0.324471 
0.329450 0.193524 0.196647 0.335248 0.207700 0.572816 0.040376 0.757564 0.811303 0.356674 0.953686 0.422988 0.090762 0.657668 0.515650 0.272841 0.954311 0.595087 0.936232 0.560971 0.859090 0.791157 0.539819 0.292179 0.584609 
0.289005 0.282497 0.979691 0.865671 0.535575 0.860869 0.826604 0.494679 0.807512 0.558827 0.218701 0.977384 0.459697 0.548163 0.042984 0.619406 0.681332 0.075601 0.971906 0.160210 0.194122 0.954628 0.166483 0.624877 0.065229 
0.376348 0.680327 0.262271 0.451329 0.637742 0.223107 0.683814 0.182734 0.732649 0.049879 0.406342 0.644082 0.306806 0.342880 0.570404 0.501506 0.537874 0.473673 0.913841 0.222207 0.627188 0.196160 0.982271 0.895022 0.748998 
0.742921 0.434148 0.549285 0.084556 0.492515 0.767675 0.117743 0.183477 0.784729 0.959806 0.992932 0.557107 0.911957 0.448333 0.660222 0.836254 0.734788 0.324195 0.286574 0.001767 0.189584 0.202393 0.500220 0.842712 0.945893 
0.726909 0.756994 0.228076 0.621148 0.764451 0.461897 0.833842 0.933928 0.494446 0.978611 0.827921 0.145343 0.063483 0.509192 0.252850 0.722457 0.005779 0.309289 0.190369 0.238726 0.585931 0.174451 0.750378 0.577819 0.452148 
0.927548 0.765393 0.757925 0.863286 0.893583 0.047641 0.191116 0.527157 0.816147 0.397492 0.043896 0.284369 0.091768 0.796193 0.139339 0.795586 0.993916 0.407955 0.124658 0.127395 0.641828 0.298985 0.805420 0.014915 0.511054 
0.421144 0.448237 0.720799 0.564785 0.054805 0.081086 0.219873 0.945881 0.988251 0.293988 0.699315 0.082882 0.645899 0.096471 0.083504 0.344138 0.659927 0.544381 0.611730 0.110006 0.542656 0.817124 0.955666 0.483222 0.910130 
0.467402 0.895846 0.150000 0.986523 0.997100 0.206835 0.924611 0.357387 0.727394 0.413986 0.992184 0.146521 0.194600 0.917935 0.622297 0.897970 0.785209 0.424283 0.234726 0.064140 0.904926 0.680171 0.071679 0.287413 0.209200 
0.605764 0.377889 0.372913 0.588281 0.617699 0.859791 0.159115 0.221667 0.848418 0.710436 0.143991 0.144877 0.301476 0.887154 0.433949 0.002210 0.388427 0.741140 0.939157 0.208351 0.847509 0.293236 0.887330 0.438038 0.887070 
0.997371 0.043584 0.195035 0.416249 0.940744 0.876900 0.145829 0.469116 0.819665 0.082486 0.025371 0.733883 0.441703 0.505697 0.802301 0.172975 0.788006 0.247254 0.797607 0.541790 0.814859 0.665218 0.563046 0.570458 0.326419 
0.922669 0.057194 0.223290 0.638623 0.948661 0.883524 0.764401 0.286405 0.362743 0.161577 0.649966 0.782498 0.095279 0.092936 0.629499 0.506808 0.032671 0.323257 0.985144 0.693624 0.466249 0.047300 0.736459 0.656289 0.964576 
0.212788 0.647718 0.791699 0.015487 0.770036 0.191071 0.559273 0.930601 0.068575 0.050790 0.647089 0.506682 0.863505 0.037934 0.855163 0.967691 0.940742 0.671014 0.189942 0.691627 0.030591 0.353728 0.632162 0.663818 0.936820 
0.425976 0.825944 0.203804 0.384324 0.085873 0.970212 0.658950 0.708598 0.578213 0.430233 0.625376 0.696674 0.183156 0.519358 0.765349 0.126916 0.543405 0.034608 0.683460 0.486594 0.100659 0.391150 0.198742 0.474268 0.547769 
0.276960 0.229468 0.149439 0.526220 0.023244 0.334477 0.899049 0.552687 0.384104 0.739304 0.483949 0.912286 0.530214 0.628714 0.839198 0.249715 0.760372 0.140333 0.199520 0.387475 0.297322 0.100276 0.147237 0.726651 0.050955 
0.510476 0.145880 0.262088 0.537452 0.725043 0.267122 0.929909 0.865298 0.057447 0.745884 0.540508 0.320454 0.988318 0.011285 0.350716 0.782828 0.306355 0.110205 0.935754 0.753059 0.964004 0.247057 0.843314 0.436691 0.531556 

0.566936 0.410553 0.772062 0.866803 0.001225 0.056642 0.095265 0.331428 0.936196 0.336745 0.067027 0.348193 0.787118 0.064944 0.774594 0.950848 0.794448 0.453147 0.860072 0.224838 0.291444 0.979871 0.982889 0.024839 0.837618 
0.926850 0.772146 0.629786 0.968302 0.419206 0.066888 0.153738 0.082639 0.211786 0.777924 0.211566 0.517426 0.885890 0.738224 0.641797 0.612958 0.600160 0.419331 0.744285 0.764343 0.140379 0.491516 0.440318 0.864001 0.554605 
0.991412 0.706542 0.053812 0.332994 0.987976 0.134593 0.289479 0.402640 0.244324 0.153159 0.661054 0.109031 0.062115 0.712897 0.804690 0.408415 0.658125 0.287265 0.622049 0.607720 0.228941 0.698632 0.246569 0.427974 0.679407 
0.379322 0.583151 0.320390 0.052058 0.676824 0.156702 0.861309 0.213461 0.973841 0.819960 0.635369 0.486337 0.386309 0.967132 0.778594 0.599490 0.444013 0.345139 0.725576 0.288432 0.971327 0.994743 0.684500 0.548104 0.228711 
0.816792 0.554462 0.935945 0.300754 0.966078 0.849524 0.771486 0.378182 0.592492 0.647357 0.796070 0.355828 0.589501 0.396138 0.682508 0.129673 0.767309 0.235557 0.714569 0.763743 0.379944 0.257950 0.471866 0.249990 0.603208 
0.943291 0.955267 0.800057 0.172743 0.815734 0.732660 0.788302 0.936252 0.793434 0.943786 0.964976 0.927765 0.978671 0.336212 0.013227 0.136671 0.143622 0.534844 0.013751 0.224395 0.892172 0.595507 0.686119 0.353425 0.604408 
0.839240 0.259349 0.386598 0.426743 0.804773 0.815719 0.264496 0.811321 0.916096 0.252724 0.028830 0.273893 0.125414 0.568490 0.290811 0.664486 0.184916 0.902365 0.183658 0.997402 0.375103 0.985638 0.891038 0.748831 0.251174 
0.474915 0.856689 0.133661 0.848577 0.233765 0.747879 0.341493 0.889859 0.847770 0.917936 0.879216 0.667745 0.193566 0.256960 0.870814 0.659458 0.365995 0.025820 0.348056 0.666453 0.353079 0.184289 0.523102 0.695650 0.579527 
0.465861 0.602003 0.792814 0.614829 0.337087 0.174328 0.911678 0.803297 0.905788 0.387246 0.980823 0.621995 0.215748 0.889138 0.917273 0.245711 0.731837 0.859233 0.982211 0.869468 0.784090 0.476460 0.091452 0.666200 0.905294 
0.569915 0.921853 0.982129 0.984503 0.868763 0.721700 0.402107 0.468151 0.570799 0.835348 0.877330 0.444280 0.075666 0.088853 0.600132 0.975377 0.471675 0.936040 0.396968 0.560661 0.752595 0.338187 0.360386 0.269019 0.565042 
0.065905 0.571825 0.128101 0.192446 0.002371 0.001322 0.990524 0.274641 0.942111 0.588939 0.297029 0.583872 0.067172 0.620733 0.310830 0.047172 0.915935 0.820040 0.537033 0.895444 0.141588 0.664272 0.742088 0.038400 0.385920 
0.672655 0.883578 0.108619 0.500708 0.599244 0.123903 0.037190 0.624109 0.671523 0.016664 0.815657 0.446643 0.075052 0.474189 0.940991 0.955327 0.844879 0.872098 0.921602 0.989454 0.868899 0.481389 0.856694 0.850221 0.939662 
0.459847 0.415362 0.408297 0.163386 0.224555 0.937009 0.386052 0.249241 0.891186 0.203782 0.136857 0.857498 0.129637 0.817185 0.976278 0.684032 0.287564 0.285530 0.655703 0.490492 0.490951 0.768924 0.460009 0.384877 0.043173 
0.719826 0.193829 0.500345 0.866319 0.749854 0.790052 0.343476 0.013435 0.508810 0.092562 0.390042 0.763338 0.315707 0.719764 0.583142 0.773857 0.869615 0.962667 0.322550 0.587488 0.053216 0.509234 0.366917 0.246682 0.735977 
0.658236 0.737141 0.988189 0.303707 0.389278 0.672010 0.557186 0.610120 0.518190 0.850031 0.280764 0.828828 0.651741 0.409743 0.997946 0.096928 0.666313 0.341869 0.974179 0.605849 0.444348 0.241557 0.321328 0.287532 0.857592 
0.915904 0.207276 0.114862 0.851947 0.655520 0.419630 0.053340 0.711097 0.836751 0.499515 0.814516 0.850911 0.827446 0.187677 0.256684 0.281030 0.362273 0.538599 0.756855 0.749591 0.719057 0.701999 0.381978 0.017327 0.679050 
0.425666 0.154118 0.081198 0.526752 0.975221 0.941401 0.653328 0.118319 0.239047 0.944291 0.079847 0.664318 0.576670 0.080301 0.567424 0.110676 0.281205 0.465617 0.626657 0.544971 0.548507 0.730494 0.026555 0.266548 0.919569 
0.128010 0.795247 0.985069 0.105349 0.617404 0.878839 0.993184 0.267496 0.909062 0.080313 0.844090 0.207307 0.337395 0.265889 0.229247 0.430611 0.478135 0.578688 0.100995 0.774526 0.427451 0.451917 0.224266 0.232988 0.801862 
0.877344 0.136766 0.166754 0.756970 0.490322 0.620548 0.692421 0.875022 0.121441 0.545920 0.085192 0.716436 0.707644 0.862599 0.445879 0.692343 0.249981 0.896941 0.518927 0.005861 0.270042 0.887013 0.113224 0.442554 0.123361 
0.342272 0.170633 0.649570 0.811004 0.941749 0.598236 0.881684 0.805360 0.770437 0.765363 0.707323 0.661202 0.961626 0.889264 0.060813 0.008934 0.025384 0.794197 0.414182 0.730208 0.025428 0.019274 0.210716 0.288360 0.996115 
0.730266 0.803516 0.680996 0.481114 0.494922 0.927417 0.857034 0.556377 0.190286 0.265091 0.330990 0.244790 0.463591 0.225950 0.780784 0.402127 0.306670 0.851338 0.561426 0.593914 0.577412 0.430695 0.749549 0.667062 0.117178 
0.790843 0.624627 0.617623 0.090055 0.263101 0.021764 0.430962 0.230661 0.877767 0.670962 0.657427 0.071610 0.332295 0.268942 0.297879 0.428789 0.534104 0.729496 0.721691 0.534838 0.480963 0.344774 0.984364 0.443733 0.835220 
0.878671 0.177829 0.706210 0.317985 0.014809 0.786575 0.262385 0.285113 0.876894 0.553144 0.194257 0.125031 0.682329 0.972208 0.922906 0.621651 0.846300 0.582966 0.151035 0.094215 0.295312 0.686269 0.367107 0.742212 0.855719 
0.107552 0.676472 0.220744 0.059271 0.132646 0.553065 0.650568 0.204472 0.556937 0.650946 0.425180 0.127130 0.116335 0.416548 0.048968 0.898642 0.996255 0.698567 0.977050 0.117361 0.580676 0.441141 0.411086 0.995383 0.427234 
0.199179 0.359920 0.021184 0.601701 0.454968 0.725914 0.147152 0.451053 0.920748 0.845813 0.266645 0.481502 0.551059 0.631478 0.207599 0.487279 0.437490 0.981292 0.233064 0.360558 0.150501 0.924852 0.105522 0.652098 0.896216 

0.128496 0.341550 0.881649 0.671602 0.201798 -0.256076 -0.055258 0.495660 1.143804 0.428307 0.180451 0.084991 0.478227 0.342548 0.636515 0.896374 0.573941 0.471738 0.837168 0.076499 0.409649 1.105078 0.948298 0.103787 0.533582 
-0.419128 -0.697269 0.345095 1.077767 0.276833 0.237563 0.215558 0.111347 0.413377 0.841310 0.128544 0.481645 0.667592 0.553032 0.273469 0.656060 0.188075 0.304724 0.970593 0.950126 0.312395 0.214996 0.292383 1.187727 0.835517 
-0.591389 -0.052390 -0.057943 0.427267 0.803168 0.242506 -0.023139 0.339319 0.160982 -0.198142 0.776649 -0.042798 -0.216896 0.610114 0.709333 0.045706 0.795819 0.781621 0.627937 0.455268 0.374618 0.751070 0.378142 0.609507 0.530510 
-0.314968 0.091184 0.275307 0.467334 0.518792 0.269249 0.924760 0.201896 1.087560 0.716761 0.408467 0.441217 0.622237 1.071240 0.443666 0.729736 0.564406 0.764062 0.485514 0.308585 1.286573 1.053185 0.502939 0.757028 0.425268 
-0.439622 -0.346133 -0.592150 0.153283 -0.276083 0.566417 0.964246 0.321854 0.459427 0.604755 0.731285 0.365711 0.339516 0.414395 0.710609 0.253329 0.746587 0.350162 0.979446 0.709648 0.356260 -0.108181 0.256702 0.548761 0.504147 
-0.574245 0.155949 -0.403631 -0.189587 -0.381659 -0.752775 0.831517 0.951585 0.387769 0.879598 0.734779 1.009566 0.931289 0.122004 0.140879 0.078686 0.256657 0.620160 -0.153175 0.168650 0.860655 0.428334 0.398404 -0.150156 0.444669 
-0.846263 -0.129370 0.829509 0.293304 0.150666 -0.662141 -0.398419 0.636799 0.715054 0.420422 -0.039140 0.238457 0.210875 0.628813 0.341239 0.723120 0.325717 0.921431 0.124176 0.824560 0.450071 0.936033 1.158913 0.842329 0.261929 
0.732828 -0.084220 -0.078987 -0.050189 -0.171821 -0.121010 0.129466 0.430353 0.765331 0.930912 0.743717 0.880050 0.114991 0.307674 1.211166 0.510756 0.439667 -0.318289 0.554321 0.601288 0.404361 -0.058742 0.386011 0.751315 0.490484 
-2.632077 0.423738 0.135067 -0.069382 0.341606 0.177694 -0.461775 -0.377778 -0.798980 0.621003 0.941562 0.403079 0.143069 0.980755 0.737404 0.085307 0.766701 0.702416 0.905265 0.683055 0.705834 0.465066 0.094373 0.308727 1.091915 
-2.796751 -0.476838 -0.869522 -0.079045 -0.754922 0.188552 -0.207233 0.373935 0.278391 -0.793910 0.751037 0.427349 0.092444 0.051967 0.314243 0.924133 0.566919 0.925442 0.248402 0.636391 0.684575 0.370406 0.367595 0.408807 0.435110 
-1.008145 -0.657637 0.119342 -0.062873 0.149040 0.564244 -1.218969 0.739751 0.071232 -0.445044 0.937988 0.764355 -0.053887 0.668149 0.206941 0.122243 1.205560 0.965255 0.348436 1.132376 0.321127 0.533851 0.691737 0.184510 0.193839 
-1.857551 -2.222702 1.015401 0.068344 0.021151 0.242134 1.211596 -0.065654 0.318668 0.583445 -0.641074 0.493652 0.588723 0.360986 1.148436 0.946311 0.680569 0.791792 0.693409 0.760427 1.451228 0.563314 1.030487 0.668705 0.747267 
-1.663859 -2.011047 -0.372448 0.358052 0.189028 -0.639459 0.453715 0.074925 0.096729 -0.361870 0.336199 -0.173312 -0.234021 0.754931 1.406880 0.471038 0.299693 0.254230 0.512946 0.608631 0.309601 0.918593 0.406510 0.607269 0.260130 
-3.061417 -1.063542 0.184900 -0.992212 -0.244655 -0.233623 -0.032753 0.373741 0.081513 0.658376 0.459460 -0.247985 0.570739 -0.221391 0.405297 0.842867 0.974172 1.043356 0.174196 0.494288 0.209488 0.652465 0.302932 0.334423 0.779415 
-2.921870 -3.276800 -2.697062 0.507399 0.368582 -0.556876 0.356785 0.102248 0.170550 0.102017 0.433444 -0.960763 -0.433002 0.217842 -1.019457 0.189203 0.550565 0.018657 1.041732 0.673288 0.020909 0.340961 0.376894 0.258414 0.989780 
-3.894035 -2.022468 -1.535881 0.256365 0.457166 -0.240922 -0.292652 -0.288744 0.228718 -0.080333 -0.775817 -0.520086 -0.867372 0.600490 -0.075603 0.483458 0.673076 0.570936 0.412980 0.782369 0.698948 1.019614 0.592012 0.021619 0.606178 
-1.541877 -1.365012 -1.948848 0.229107 -1.222721 -0.808167 -0.284589 1.016426 0.755522 -0.332327 0.705634 -0.544421 -0.022331 -0.004375 -0.455184 0.627174 0.105797 0.837891 0.761761 0.696253 0.596827 0.557593 0.157904 1.097919 1.871449 
-0.970714 -3.436424 -2.612417 -2.516070 0.180768 -0.755676 0.099570 0.157758 -0.377487 0.037485 0.089091 -0.266245 -0.057783 1.265020 0.180214 0.165079 0.280583 0.807458 0.108207 1.629476 0.004724 0.647203 0.187543 0.609959 0.744353 
-2.896370 -0.923433 -1.073363 -2.981293 0.057400 0.176832 -0.366848 -0.577368 1.058460 0.123039 -0.019006 -0.208342 -0.462429 -0.152042 -0.234976 -1.071568 -0.041716 0.889217 0.181885 -0.212508 -0.369188 1.424446 -0.700626 1.245721 1.687855 
-2.634277 -0.417943 -1.841220 -2.556353 0.121016 0.161954 -0.814381 -0.448694 0.302016 -0.852224 -0.720450 0.233264 -0.306370 -0.713395 0.286759 0.066310 -0.746929 1.400156 -0.209284 1.046261 -0.560166 -0.512569 -0.659564 0.798848 0.695890 
-3.569376 -1.563814 -1.548406 -2.237409 -3.036909 -0.142937 -0.194951 -0.199786 0.291308 0.176874 0.084115 0.524510 -0.323467 -0.143455 -0.164368 0.272940 0.611603 1.166559 0.168965 0.249554 0.744476 0.781954 0.678981 1.564956 1.834643 
-2.150576 -2.209356 -3.037330 -0.077200 -2.305743 -0.302105 -0.031834 0.702852 -0.971293 -0.818905 0.098410 0.195180 0.440884 -0.291734 0.485209 0.014893 0.681315 0.976311 1.225088 0.339672 1.033911 0.513686 1.348551 1.191584 1.848915 
-2.709170 -2.204830 -1.909064 -1.384558 -0.283314 -0.024844 0.316244 0.509751 -0.362252 -0.138664 0.119274 0.466496 -0.675398 -0.575062 -0.487219 0.983132 0.936840 1.029850 -0.334252 -0.044945 0.410521 0.803853 0.378405 0.804386 1.211163 
-0.497368 -1.388081 -0.965089 -1.186765 -0.311285 -1.691833 0.192372 0.388800 -0.121053 -0.031793 0.067140 0.812409 0.472740 0.596262 -0.882490 1.356334 1.136296 1.555777 1.857773 -0.475223 0.786561 0.828039 0.600165 1.693397 0.194720 
-1.754191 -1.211194 -0.564597 -2.357440 -2.528899 -1.719837 0.981887 0.275626 -1.238346 0.064307 0.417632 -0.168383 0.350787 -0.718993 0.114953 0.389037 0.631401 2.009467 -0.735369 -0.149375 -0.971792 1.477155 -1.015617 0.880569 0.928356 

1 0 0 0 0 0 0 0 0 0 0 0 0 0 0 0 0 0 0 0 0 0 0 0 0 
1 1 0 0 0 0 0 0 0 0 0 0 0 0 0 0 0 0 0 0 0 0 0 0 0 
1 1 1 0 0 0 0 0 0 0 0 0 0 0 0 0 0 0 0 0 0 0 0 0 0 
1 1 1 1 0 0 0 0 0 0 0 0 0 0 0 0 0 0 0 0 0 0 0 0 0 
1 1 1 1 1 0 0 0 0 0 0 0 0 0 0 0 0 0 0 0 0 0 0 0 0 
1 1 1 1 1 1 0 0 0 0 0 0 0 0 0 0 0 0 0 0 0 0 0 0 0 
1 1 1 1 1 1 1 0 0 0 0 0 0 0 0 0 0 0 0 0 0 0 0 0 0 
1 1 1 1 1 1 1 1 0 0 0 0 0 0 0 0 0 0 0 0 0 0 0 0 0 
3 1 1 1 1 1 1 1 1 0 0 0 0 0 0 0 0 0 0 0 0 0 0 0 0 
3 1 1 1 1 1 1 1 1 1 0 0 0 0 0 0 0 0 0 0 0 0 0 0 0 
3 1 1 1 1 1 1 1 1 1 1 0 0 0 0 0 0 0 0 0 0 0 0 0 0 
3 3 1 1 1 1 1 1 1 1 1 1 0 0 0 0 0 0 0 0 0 0 0 0 0 
3 3 1 1 1 1 1 1 1 1 1 1 1 0 0 0 0 0 0 0 0 0 0 0 0 
3 3 1 1 1 1 1 1 1 1 1 1 1 1 0 0 0 0 0 0 0 0 0 0 0 
3 3 3 1 1 1 1 1 1 1 1 1 1 1 1 0 0 0 0 0 0 0 0 0 0 
3 3 3 1 1 1 1 1 1 1 1 1 1 1 1 1 0 0 0 0 0 0 0 0 0 
3 3 3 1 1 1 1 1 1 1 1 1 1 1 1 1 1 0 0 0 0 0 0 4 4 
3 3 3 3 1 1 1 1 1 1 1 1 1 1 1 1 1 2 2 2 2 2 2 4 4 
3 3 3 3 1 1 1 1 1 1 1 1 1 1 1 1 1 2 2 2 2 2 2 4 4 
3 3 3 3 1 1 1 1 1 1 1 1 1 1 1 1 2 2 2 2 2 2 2 4 4 
3 3 3 3 3 1 1 1 1 1 1 1 1 1 1 1 2 2 2 2 2 2 2 4 4 
3 3 3 3 3 1 1 1 1 1 1 1 1 1 1 2 2 2 2 2 2 2 2 4 4 
3 3 3 3 3 1 1 1 1 1 1 1 1 1 1 2 2 2 2 2 2 2 2 4 4 
3 3 3 3 3 3 1 1 1 1 1 1 1 1 2 2 2 2 2 2 2 2 2 4 4 
3 3 3 3 3 3 1 1 1 1 1 1 1 1 2 2 2 2 2 2 2 2 2 4 4 

1.0 0.0 0.0 0.0 0.0 0.0 0.0 0.0 0.0 0.0 0.0 0.0 0.0 0.0 0.0 0.0 0.0 0.0 0.0 0.0 0.0 0.0 0.0 0.0 0.0 
1.0 1.0 0.0 0.0 0.0 0.0 0.0 0.0 0.0 0.0 0.0 0.0 0.0 0.0 0.0 0.0 0.0 0.0 0.0 0.0 0.0 0.0 0.0 0.0 0.0 
1.0 1.0 1.0 0.0 0.0 0.0 0.0 0.0 0.0 0.0 0.0 0.0 0.0 0.0 0.0 0.0 0.0 0.0 0.0 0.0 0.0 0.0 0.0 0.0 0.0 
1.0 1.0 1.0 1.0 0.0 0.0 0.0 0.0 0.0 0.0 0.0 0.0 0.0 0.0 0.0 0.0 0.0 0.0 0.0 0.0 0.0 0.0 0.0 0.0 0.0 
1.0 1.0 1.0 1.0 1.0 0.0 0.0 0.0 0.0 0.0 0.0 0.0 0.0 0.0 0.0 0.0 0.0 0.0 0.0 0.0 0.0 0.0 0.0 0.0 0.0 
1.0 1.0 1.0 1.0 1.0 1.0 0.0 0.0 0.0 0.0 0.0 0.0 0.0 0.0 0.0 0.0 0.0 0.0 0.0 0.0 0.0 0.0 0.0 0.0 0.0 
1.0 1.0 1.0 1.0 1.0 1.0 1.0 0.0 0.0 0.0 0.0 0.0 0.0 0.0 0.0 0.0 0.0 0.0 0.0 0.0 0.0 0.0 0.0 0.0 0.0 
1.0 1.0 1.0 1.0 1.0 1.0 1.0 1.0 0.0 0.0 0.0 0.0 0.0 0.0 0.0 0.0 0.0 0.0 0.0 0.0 0.0 0.0 0.0 0.0 0.0 
-2.0 1.0 1.0 1.0 1.0 1.0 1.0 1.0 1.0 0.0 0.0 0.0 0.0 0.0 0.0 0.0 0.0 0.0 0.0 0.0 0.0 0.0 0.0 0.0 0.0 
-2.0 1.0 1.0 1.0 1.0 1.0 1.0 1.0 1.0 1.0 0.0 0.0 0.0 0.0 0.0 0.0 0.0 0.0 0.0 0.0 0.0 0.0 0.0 0.0 0.0 
-2.0 1.0 1.0 1.0 1.0 1.0 1.0 1.0 1.0 1.0 1.0 0.0 0.0 0.0 0.0 0.0 0.0 0.0 0.0 0.0 0.0 0.0 0.0 0.0 0.0 
-2.0 -2.0 1.0 1.0 1.0 1.0 1.0 1.0 1.0 1.0 1.0 1.0 0.0 0.0 0.0 0.0 0.0 0.0 0.0 0.0 0.0 0.0 0.0 0.0 0.0 
-2.0 -2.0 1.0 1.0 1.0 1.0 1.0 1.0 1.0 1.0 1.0 1.0 1.0 0.0 0.0 0.0 0.0 0.0 0.0 0.0 0.0 0.0 0.0 0.0 0.0 
-2.0 -2.0 1.0 1.0 1.0 1.0 1.0 1.0 1.0 1.0 1.0 1.0 1.0 1.0 0.0 0.0 0.0 0.0 0.0 0.0 0.0 0.0 0.0 0.0 0.0 
-2.0 -2.0 -2.0 1.0 1.0 1.0 1.0 1.0 1.0 1.0 1.0 1.0 1.0 1.0 1.0 0.0 0.0 0.0 0.0 0.0 0.0 0.0 0.0 0.0 0.0 
-2.0 -2.0 -2.0 1.0 1.0 1.0 1.0 1.0 1.0 1.0 1.0 1.0 1.0 1.0 1.0 1.0 0.0 0.0 0.0 0.0 0.0 0.0 0.0 0.0 0.0 
-2.0 -2.0 -2.0 1.0 1.0 1.0 1.0 1.0 1.0 1.0 1.0 1.0 1.0 1.0 1.0 1.0 1.0 0.0 0.0 0.0 0.0 0.0 0.0 2.0 2.0 
-2.0 -2.0 -2.0 -2.0 1.0 1.0 1.0 1.0 1.0 1.0 1.0 1.0 1.0 1.0 1.0 1.0 1.0 -1.0 -1.0 -1.0 -1.0 -1.0 -1.0 2.0 2.0 
-2.0 -2.0 -2.0 -2.0 1.0 1.0 1.0 1.0 1.0 1.0 1.0 1.0 1.0 1.0 1.0 1.0 1.0 -1.0 -1.0 -1.0 -1.0 -1.0 -1.0 2.0 2.0 
-2.0 -2.0 -2.0 -2.0 1.0 1.0 1.0 1.0 1.0 1.0 1.0 1.0 1.0 1.0 1.0 1.0 -1.0 -1.0 -1.0 -1.0 -1.0 -1.0 -1.0 2.0 2.0 
-2.0 -2.0 -2.0 -2.0 -2.0 1.0 1.0 1.0 1.0 1.0 1.0 1.0 1.0 1.0 1.0 1.0 -1.0 -1.0 -1.0 -1.0 -1.0 -1.0 -1.0 2.0 2.0 
-2.0 -2.0 -2.0 -2.0 -2.0 1.0 1.0 1.0 1.0 1.0 1.0 1.0 1.0 1.0 1.0 -1.0 -1.0 -1.0 -1.0 -1.0 -1.0 -1.0 -1.0 2.0 2.0 
-2.0 -2.0 -2.0 -2.0 -2.0 1.0 1.0 1.0 1.0 1.0 1.0 1.0 1.0 1.0 1.0 -1.0 -1.0 -1.0 -1.0 -1.0 -1.0 -1.0 -1.0 2.0 2.0 
-2.0 -2.0 -2.0 -2.0 -2.0 -2.0 1.0 1.0 1.0 1.0 1.0 1.0 1.0 1.0 -1.0 -1.0 -1.0 -1.0 -1.0 -1.0 -1.0 -1.0 -1.0 2.0 2.0 
-2.0 -2.0 -2.0 -2.0 -2.0 -2.0 1.0 1.0 1.0 1.0 1.0 1.0 1.0 1.0 -1.0 -1.0 -1.0 -1.0 -1.0 -1.0 -1.0 -1.0 -1.0 2.0 2.0 

-1.0 1.0 1.0 1.0 1.0 1.0 1.0 1.0 1.0 1.0 1.0 1.0 1.0 1.0 1.0 1.0 1.0 1.0 1.0 1.0 1.0 1.0 1.0 1.0 1.0 
-1.0 -1.0 1.0 1.0 1.0 1.0 1.0 1.0 1.0 1.0 1.0 1.0 1.0 1.0 1.0 1.0 1.0 1.0 1.0 1.0 1.0 1.0 1.0 1.0 1.0 
-1.0 -1.0 -1.0 1.0 1.0 1.0 1.0 1.0 1.0 1.0 1.0 1.0 1.0 1.0 1.0 1.0 1.0 1.0 1.0 1.0 1.0 1.0 1.0 1.0 1.0 
-1.0 -1.0 -1.0 -1.0 1.0 1.0 1.0 1.0 1.0 1.0 1.0 1.0 1.0 1.0 1.0 1.0 1.0 1.0 1.0 1.0 1.0 1.0 1.0 1.0 1.0 
-1.0 -1.0 -1.0 -1.0 -1.0 1.0 1.0 1.0 1.0 1.0 1.0 1.0 1.0 1.0 1.0 1.0 1.0 1.0 1.0 1.0 1.0 1.0 1.0 1.0 1.0 
-1.0 -1.0 -1.0 -1.0 -1.0 -1.0 1.0 1.0 1.0 1.0 1.0 1.0 1.0 1.0 1.0 1.0 1.0 1.0 1.0 1.0 1.0 1.0 1.0 1.0 1.0 
-1.0 -1.0 -1.0 -1.0 -1.0 -1.0 -1.0 1.0 1.0 1.0 1.0 1.0 1.0 1.0 1.0 1.0 1.0 1.0 1.0 1.0 1.0 1.0 1.0 1.0 1.0 
-1.0 -1.0 -1.0 -1.0 -1.0 -1.0 -1.0 -1.0 1.0 1.0 1.0 1.0 1.0 1.0 1.0 1.0 1.0 1.0 1.0 1.0 1.0 1.0 1.0 1.0 1.0 
-2.0 -1.0 -1.0 -1.0 -1.0 -1.0 -1.0 -1.0 -1.0 1.0 1.0 1.0 1.0 1.0 1.0 1.0 1.0 1.0 1.0 1.0 1.0 1.0 1.0 1.0 1.0 
-2.0 -1.0 -1.0 -1.0 -1.0 -1.0 -1.0 -1.0 -1.0 -1.0 1.0 1.0 1.0 1.0 1.0 1.0 1.0 1.0 1.0 1.0 1.0 1.0 1.0 1.0 1.0 
-2.0 -1.0 -1.0 -1.0 -1.0 -1.0 -1.0 -1.0 -1.0 -1.0 -1.0 1.0 1.0 1.0 1.0 1.0 1.0 1.0 1.0 1.0 1.0 1.0 1.0 1.0 1.0 
-2.0 -2.0 -1.0 -1.0 -1.0 -1.0 -1.0 -1.0 -1.0 -1.0 -1.0 -1.0 1.0 1.0 1.0 1.0 1.0 1.0 1.0 1.0 1.0 1.0 1.0 1.0 1.0 
-2.0 -2.0 -1.0 -1.0 -1.0 -1.0 -1.0 -1.0 -1.0 -1.0 -1.0 -1.0 -1.0 1.0 1.0 1.0 1.0 1.0 1.0 1.0 1.0 1.0 1.0 1.0 1.0 
-2.0 -2.0 -1.0 -1.0 -1.0 -1.0 -1.0 -1.0 -1.0 -1.0 -1.0 -1.0 -1.0 -1.0 1.0 1.0 1.0 1.0 1.0 1.0 1.0 1.0 1.0 1.0 1.0 
-2.0 -2.0 -2.0 -1.0 -1.0 -1.0 -1.0 -1.0 -1.0 -1.0 -1.0 -1.0 -1.0 -1.0 -1.0 1.0 1.0 1.0 1.0 1.0 1.0 1.0 1.0 1.0 1.0 
-2.0 -2.0 -2.0 -1.0 -1.0 -1.0 -1.0 -1.0 -1.0 -1.0 -1.0 -1.0 -1.0 -1.0 -1.0 -1.0 1.0 1.0 1.0 1.0 1.0 1.0 1.0 1.0 1.0 
-2.0 -2.0 -2.0 -1.0 -1.0 -1.0 -1.0 -1.0 -1.0 -1.0 -1.0 -1.0 -1.0 -1.0 -1.0 -1.0 -1.0 1.0 1.0 1.0 1.0 1.0 1.0 0.0 0.0 
-2.0 -2.0 -2.0 -2.0 -1.0 -1.0 -1.0 -1.0 -1.0 -1.0 -1.0 -1.0 -1.0 -1.0 -1.0 -1.0 -1.0 2.0 2.0 2.0 2.0 2.0 2.0 0.0 0.0 
-2.0 -2.0 -2.0 -2.0 -1.0 -1.0 -1.0 -1.0 -1.0 -1.0 -1.0 -1.0 -1.0 -1.0 -1.0 -1.0 -1.0 2.0 2.0 2.0 2.0 2.0 2.0 0.0 0.0 
-2.0 -2.0 -2.0 -2.0 -1.0 -1.0 -1.0 -1.0 -1.0 -1.0 -1.0 -1.0 -1.0 -1.0 -1.0 -1.0 2.0 2.0 2.0 2.0 2.0 2.0 2.0 0.0 0.0 
-2.0 -2.0 -2.0 -2.0 -2.0 -1.0 -1.0 -1.0 -1.0 -1.0 -1.0 -1.0 -1.0 -1.0 -1.0 -1.0 2.0 2.0 2.0 2.0 2.0 2.0 2.0 0.0 0.0 
-2.0 -2.0 -2.0 -2.0 -2.0 -1.0 -1.0 -1.0 -1.0 -1.0 -1.0 -1.0 -1.0 -1.0 -1.0 2.0 2.0 2.0 2.0 2.0 2.0 2.0 2.0 0.0 0.0 
-2.0 -2.0 -2.0 -2.0 -2.0 -1.0 -1.0 -1.0 -1.0 -1.0 -1.0 -1.0 -1.0 -1.0 -1.0 2.0 2.0 2.0 2.0 2.0 2.0 2.0 2.0 0.0 0.0 
-2.0 -2.0 -2.0 -2.0 -2.0 -2.0 -1.0 -1.0 -1.0 -1.0 -1.0 -1.0 -1.0 -1.0 2.0 2.0 2.0 2.0 2.0 2.0 2.0 2.0 2.0 0.0 0.0 
-2.0 -2.0 -2.0 -2.0 -2.0 -2.0 -1.0 -1.0 -1.0 -1.0 -1.0 -1.0 -1.0 -1.0 2.0 2.0 2.0 2.0 2.0 2.0 2.0 2.0 2.0 0.0 0.0 

