0.490448 0.535684 0.739884 0.304916 0.743832 0.543771 0.423005 0.864453 0.667638 0.186070 0.140511 0.594601 0.636697 0.290187 0.930900 0.823240 0.520892 0.204612 0.901835 0.013210 0.005703 0.661205 0.484798 0.903013 0.724173 
0.407086 0.823018 0.758851 0.206517 0.054272 0.505643 0.175044 0.446837 0.874543 0.693904 0.454293 0.731638 0.165345 0.526495 0.858290 0.365076 0.678704 0.260164 0.894852 0.799869 0.828723 0.338259 0.048285 0.783949 0.736807 
0.805217 0.214171 0.643212 0.908349 0.716354 0.129620 0.044125 0.123250 0.655046 0.591206 0.880137 0.463264 0.741303 0.687188 0.786712 0.084991 0.604554 0.661232 0.407428 0.079482 0.283250 0.459407 0.715708 0.565643 0.714306 
0.377382 0.979598 0.242686 0.605693 0.823851 0.856475 0.213201 0.238021 0.296689 0.977240 0.893963 0.836150 0.524195 0.229591 0.361809 0.679484 0.827379 0.406809 0.178271 0.536273 0.561466 0.412197 0.103596 0.816697 0.105880 
0.670767 0.397511 0.639324 0.940151 0.229803 0.197204 0.341780 0.829543 0.001808 0.062686 0.198641 0.952069 0.082735 0.907932 0.579865 0.364320 0.515193 0.027910 0.096270 0.490293 0.296562 0.334757 0.030293 0.779834 0.963741 
0.161547 0.098332 0.620921 0.793708 0.033081 0.685601 0.344905 0.853871 0.723269 0.273865 0.340046 0.641334 0.723772 0.654726 0.939354 0.275968 0.149155 0.268735 0.142238 0.819898 0.090090 0.317976 0.771015 0.197264 0.585020 
0.000935 0.520180 0.645171 0.975961 0.607286 0.240879 0.466299 0.983050 0.536286 0.660583 0.230840 0.357242 0.220339 0.523708 0.059322 0.220259 0.706374 0.026128 0.752127 0.465420 0.269744 0.074801 0.445480 0.233069 0.101514 
0.388067 0.300801 0.855698 0.597337 0.048851 0.485011 0.052124 0.592164 0.090552 0.667072 0.233663 0.999684 0.174917 0.778904 0.229929 0.099887 0.034018 0.869751 0.905853 0.404727 0.642547 0.842646 0.811647 0.363467 0.631453 
0.405035 0.625929 0.189138 0.967262 0.381967 0.218616 0.048617 0.578388 0.484291 0.343266 0.658931 0.833965 0.788685 0.004524 0.446022 0.027891 0.607577 0.494976 0.254500 0.024408 0.415486 0.705049 0.423430 0.721331 0.943532 
0.295510 0.740109 0.264305 0.417910 0.838963 0.726406 0.179898 0.201793 0.245851 0.001051 0.733095 0.236557 0.554585 0.208581 0.178867 0.922402 0.585220 0.408732 0.288103 0.925956 0.990699 0.483286 0.014143 0.366934 0.822505 
0.915216 0.318598 0.869271 0.210359 0.257033 0.436255 0.183221 0.106928 0.689562 0.301694 0.405989 0.856579 0.833700 0.639008 0.955330 0.444687 0.132575 0.504594 0.011260 0.880133 0.806687 0.306323 0.111210 0.964165 0.618542 
0.341831 0.464963 0.916680 0.424766 0.468542 0.983412 0.531244 0.673690 0.039076 0.822584 0.191569 0.570055 0.131789 0.224768 0.878176 0.859334 0.707088 0.034679 0.450484 0.220258 0.421574 0.618636 0.462305 0.473505 0.531904 
0.683446 0.022633 0.533576 0.987983 0.603360 0.075012 0.093319 0.721205 0.795707 0.518353 0.502458 0.197479 0.900329 0.575130 0.801437 0.173520 0.686137 0.487220 0.753522 0.823710 0.215593 0.646404 0.782645 0.058968 0.659328 
0.797724 0.774566 0.201727 0.840408 0.082434 0.746598 0.299558 0.272351 0.194240 0.110816 0.147243 0.701773 0.650258 0.729366 0.524593 0.617212 0.948472 0.793619 0.257038 0.870779 0.488232 0.840137 0.343696 0.853941 0.131314 
0.256510 0.810437 0.446408 0.309644 0.037742 0.627757 0.404322 0.744532 0.328648 0.939156 0.291798 0.421982 0.957541 0.032844 0.633547 0.418067 0.741912 0.106312 0.420291 0.397566 0.990654 0.350301 0.438482 0.048605 0.159977 
0.617077 0.688228 0.062401 0.303523 0.795496 0.349987 0.876210 0.318350 0.794366 0.751312 0.319916 0.757717 0.456794 0.315817 0.872585 0.337996 0.828800 0.629168 0.982909 0.813860 0.506474 0.567421 0.679543 0.055476 0.088016 
0.546652 0.683239 0.620854 0.664083 0.952752 0.129051 0.361035 0.022942 0.776019 0.916319 0.366605 0.847475 0.197562 0.080832 0.241773 0.484072 0.837071 0.216433 0.253161 0.934167 0.762786 0.706700 0.997294 0.339533 0.761717 
0.265330 0.734514 0.307590 0.545365 0.649849 0.196327 0.539709 0.824622 0.696163 0.063197 0.159805 0.471675 0.439128 0.892553 0.956325 0.714894 0.945556 0.720820 0.622356 0.218866 0.951525 0.472176 0.016248 0.084256 0.588140 
0.903022 0.464330 0.490095 0.857988 0.052504 0.651560 0.330319 0.093157 0.585349 0.962700 0.279084 0.589239 0.673081 0.502091 0.785497 0.007654 0.911714 0.506810 0.646079 0.970627 0.696249 0.944229 0.386473 0.359060 0.263127 
0.633054 0.668264 0.930297 0.671291 0.994684 0.382836 0.167676 0.428831 0.818639 0.807752 0.425061 0.908470 0.233837 0.112166 0.246281 0.839968 0.883329 0.018427 0.579474 0.723836 0.266028 0.633027 0.571681 0.539340 0.702804 
0.869600 0.167258 0.920904 0.511716 0.234690 0.964489 0.252661 0.473452 0.888987 0.072086 0.455579 0.451391 0.204026 0.671342 0.906659 0.977474 0.775074 0.771041 0.878522 0.223150 0.928541 0.562786 0.140441 0.463535 0.899187 
0.823954 0.152994 0.944681 0.182228 0.990877 0.238415 0.493776 0.906166 0.617769 0.972281 0.188562 0.192369 0.497013 0.083160 0.620337 0.567667 0.882225 0.671739 0.952857 0.165587 0.513210 0.648608 0.655030 0.210462 0.539364 
0.803749 0.890744 0.266947 0.644452 0.387962 0.574134 0.131557 0.680224 0.422667 0.184197 0.451367 0.864206 0.915020 0.286717 0.218317 0.197969 0.989037 0.357074 0.471334 0.606284 0.450938 0.113479 0.441781 0.062232 0.193997 
0.991847 0.422248 0.174967 0.253988 0.038191 0.563323 0.854157 0.048170 0.174136 0.204062 0.071790 0.847162 0.301648 0.118761 0.993374 0.792021 0.205307 0.020759 0.326414 0.787674 0.287839 0.208930 0.091388 0.128605 0.190675 
0.325909 0.643327 0.386426 0.423326 0.651503 0.554821 0.074619 0.183366 0.187084 0.803193 0.943295 0.559881 0.438301 0.513881 0.324503 0.261910 0.463199 0.389387 0.505718 0.643842 0.537996 0.429960 0.461423 0.660709 0.905434 

0.816919 0.150384 0.259519 0.762084 0.326134 0.853460 0.848752 0.156101 0.056733 0.915547 0.097740 0.584914 0.542835 0.979538 0.207207 0.624660 0.892609 0.136366 0.614248 0.188700 0.958714 0.551148 0.293533 0.882090 0.504447 
0.911773 0.979607 0.143276 0.290052 0.862475 0.694835 0.730146 0.420340 0.837830 0.929007 0.432266 0.761699 0.269078 0.712217 0.074107 0.496135 0.152877 0.317601 0.834626 0.700067 0.312037 0.277200 0.422960 0.299024 0.372216 
0.765247 0.166757 0.529353 0.975394 0.831751 0.738777 0.347594 0.788047 0.928955 0.460393 0.402544 0.143883 0.682429 0.358860 0.724499 0.888047 0.200238 0.918741 0.830762 0.456868 0.857208 0.435663 0.898688 0.693853 0.827781 
0.568903 0.780131 0.027259 0.153398 0.339304 0.564153 0.243944 0.173401 0.123417 0.885563 0.094160 0.404752 0.409845 0.261853 0.512935 0.602694 0.399852 0.105986 0.714134 0.313407 0.815676 0.614344 0.619766 0.039247 0.939536 
0.350755 0.192108 0.366998 0.852490 0.096487 0.839087 0.640739 0.834300 0.717184 0.031002 0.853494 0.854415 0.549691 0.566374 0.650198 0.088894 0.652904 0.799756 0.136263 0.108426 0.580431 0.624147 0.284822 0.760310 0.556206 
0.519824 0.012692 0.946917 0.259962 0.551570 0.067065 0.775692 0.183781 0.382126 0.694594 0.730753 0.249910 0.475481 0.276761 0.977258 0.206192 0.018632 0.304858 0.816254 0.226890 0.604392 0.018056 0.568204 0.326946 0.062632 
0.396929 0.746864 0.773343 0.190397 0.639204 0.110263 0.018330 0.703558 0.123648 0.315969 0.553619 0.654611 0.427882 0.741898 0.148259 0.653522 0.489032 0.921328 0.872311 0.128773 0.542168 0.401366 0.899014 0.967227 0.984338 
0.157200 0.326121 0.711043 0.236436 0.935753 0.737623 0.659708 0.378051 0.461615 0.500046 0.931092 0.144533 0.891594 0.813135 0.654610 0.529087 0.399828 0.442927 0.867001 0.016483 0.530628 0.523290 0.553018 0.613816 0.442462 
0.741211 0.670976 0.200143 0.772008 0.628662 0.639194 0.126387 0.042779 0.700908 0.380927 0.295573 0.520903 0.339129 0.662379 0.505300 0.793725 0.869852 0.266279 0.951705 0.469817 0.033623 0.217786 0.283448 0.384915 0.196235 
0.576029 0.744847 0.269171 0.071942 0.072599 0.145156 0.929111 0.527877 0.505889 0.964441 0.338197 0.437838 0.478876 0.505680 0.975361 0.190196 0.982451 0.134268 0.874318 0.166755 0.765053 0.119487 0.827443 0.205809 0.416967 
0.766937 0.839555 0.802846 0.527216 0.174631 0.017230 0.568258 0.901587 0.218174 0.835811 0.918509 0.963506 0.941671 0.735889 0.247564 0.789343 0.461987 0.130182 0.974686 0.211874 0.100503 0.866243 0.550312 0.379293 0.267417 
0.949042 0.111965 0.199714 0.938934 0.789073 0.519671 0.900929 0.836818 0.966342 0.724795 0.376753 0.819520 0.179819 0.158057 0.644569 0.786052 0.003848 0.307721 0.810100 0.759377 0.528908 0.381085 0.764008 0.310702 0.782143 
0.805302 0.492398 0.481429 0.203818 0.358413 0.344766 0.844931 0.182595 0.159716 0.998920 0.169158 0.233647 0.712628 0.100908 0.056772 0.350254 0.939343 0.349183 0.491727 0.916699 0.721101 0.547599 0.146991 0.171867 0.024743 
0.153489 0.981422 0.787038 0.440313 0.554501 0.888690 0.851870 0.419803 0.070769 0.636309 0.705236 0.137385 0.007036 0.354681 0.042095 0.423193 0.838024 0.120617 0.885113 0.440885 0.245709 0.989374 0.667981 0.271697 0.994751 
0.023602 0.949373 0.639292 0.079481 0.653506 0.054926 0.771410 0.774390 0.483227 0.070506 0.219576 0.932634 0.221839 0.085954 0.825976 0.900623 0.767717 0.109762 0.725293 0.807498 0.391232 0.331888 0.891452 0.907811 0.841952 
0.740175 0.831344 0.741407 0.927543 0.243944 0.030846 0.458206 0.137812 0.697379 0.959906 0.854558 0.198738 0.428811 0.533711 0.574933 0.342649 0.757339 0.939047 0.600514 0.174533 0.090123 0.105249 0.193638 0.998439 0.579056 
0.339169 0.598915 0.462742 0.050024 0.816722 0.564839 0.315822 0.751661 0.258778 0.348005 0.131777 0.519975 0.960000 0.053929 0.781015 0.252290 0.744972 0.046292 0.252394 0.281616 0.849154 0.163689 0.296639 0.239104 0.477722 
0.946135 0.195783 0.669525 0.439843 0.044610 0.488896 0.079161 0.626302 0.235576 0.178308 0.982586 0.805674 0.877752 0.935530 0.799796 0.490703 0.656749 0.582884 0.964181 0.562007 0.413312 0.808698 0.261504 0.111586 0.369767 
0.679171 0.594534 0.376329 0.412601 0.285188 0.838320 0.485122 0.238289 0.905021 0.086982 0.669097 0.979797 0.216189 0.727291 0.915134 0.176733 0.900145 0.656633 0.394589 0.662949 0.334269 0.682658 0.763890 0.515921 0.710331 
0.325355 0.132489 0.165394 0.825022 0.979678 0.112396 0.538496 0.021140 0.257111 0.258901 0.249763 0.408749 0.856805 0.720624 0.755123 0.616635 0.166023 0.855654 0.679129 0.463884 0.477927 0.008147 0.123375 0.133155 0.713685 
0.801203 0.020340 0.246293 0.869405 0.527110 0.825827 0.126319 0.928400 0.012253 0.307057 0.822635 0.394991 0.747653 0.801272 0.175156 0.879680 0.057593 0.194983 0.513860 0.411501 0.567214 0.404674 0.223624 0.145673 0.452871 
0.961522 0.315786 0.241239 0.733200 0.331163 0.486584 0.449046 0.019171 0.225646 0.108936 0.170698 0.615074 0.275047 0.313501 0.399002 0.214091 0.158207 0.522663 0.102255 0.722428 0.667142 0.180170 0.438730 0.791032 0.823013 
0.459796 0.136819 0.566327 0.974288 0.579204 0.241036 0.772284 0.721025 0.964290 0.651736 0.133334 0.138712 0.284784 0.679593 0.271051 0.486258 0.061287 0.347401 0.738217 0.417218 0.515604 0.498794 0.679268 0.860583 0.632888 
0.979804 0.237894 0.978616 0.295064 0.051007 0.619473 0.303983 0.366668 0.682223 0.868147 0.712006 0.342718 0.622536 0.314828 0.577981 0.745566 0.191256 0.273372 0.529610 0.476162 0.964715 0.208222 0.170638 0.615437 0.144371 
0.480105 0.558396 0.626092 0.350348 0.286660 0.823371 0.203335 0.514548 0.251618 0.991266 0.076996 0.848323 0.723010 0.355316 0.463686 0.622654 0.569213 0.365003 0.488988 0.699421 0.247949 0.633131 0.278966 0.656376 0.117591 

1.196335 0.906834 0.421323 -0.456118 -2.393560 -3.174756 -2.520363 -1.935140 -1.495687 -2.161092 -0.610917 -2.276966 -2.422056 -2.354175 -2.134246 -3.143606 -3.052604 -0.765985 -2.902280 -0.610514 -2.667365 -2.364214 -1.853285 -3.148929 -2.374875 
0.781706 -0.571468 0.158166 0.233399 -0.566700 -2.522829 -1.971166 -1.518270 -3.944077 -3.136264 -1.736472 -3.202451 -0.636210 -1.968616 -1.678849 -1.896652 -1.522108 -1.127626 -3.334585 -2.781734 -2.037021 -1.128075 -0.893938 -1.872322 -1.883994 
1.900551 -0.166049 0.043058 -0.132114 0.251579 -0.604460 -0.581017 -1.480309 -3.532690 -2.113212 -2.704234 -1.761403 -2.778143 -2.050328 -3.055625 -1.669085 -2.208414 -2.753985 -2.366193 -1.037563 -2.035872 -1.537563 -2.859758 -2.369462 -2.958496 
0.921485 -0.173046 0.379159 0.587009 0.949210 0.247608 -0.269274 -1.528841 -0.118529 -3.650786 -1.930379 -2.616730 -1.950355 -0.921370 -2.017251 -2.440626 -2.643459 -1.300971 -2.228882 -1.691232 -3.174612 -1.979979 -1.777281 -1.768591 -1.862219 
1.369793 0.054701 0.199263 -0.053977 -0.554490 -0.646670 -0.249468 -3.368639 -1.517748 -0.484337 -1.957582 -3.445754 -1.253616 -3.593547 -2.316072 -1.336896 -2.562916 -1.448061 -0.587200 -1.694317 -1.460770 -1.824255 -0.326163 -2.992620 -2.990002 
0.122000 0.085972 -0.714221 0.150274 -0.163417 0.897490 -0.528480 0.667027 -2.326142 -2.195995 -2.146745 -1.558098 -2.655996 -1.616058 -4.048321 -0.604761 -0.130927 -1.486537 -2.369066 -2.222086 -1.589789 -0.733080 -2.072200 -1.305747 -1.387870 
-0.064516 -0.390345 0.502274 0.435043 0.038156 0.333756 0.746368 0.436429 0.389958 -2.537017 -1.600600 -1.554800 -1.316268 -2.761697 -0.154379 -1.545578 -2.349377 -1.553896 -3.005049 -1.056564 -1.443874 -0.771165 -2.549386 -2.451187 -1.911574 
1.011590 -0.588017 -0.089382 0.703383 -0.221021 -0.295093 -0.735059 0.452963 0.703544 0.007473 -2.696821 -2.303625 -2.094706 -2.537983 -1.864133 -0.984405 -0.894967 -2.588480 -4.252652 -0.837624 -2.423436 -2.596097 -2.971831 -2.067322 -2.053560 
0.895080 -0.139418 0.395149 0.504499 -0.851421 0.376134 0.111593 0.476810 -0.149857 -0.165027 -0.236013 -2.574299 -2.169874 -1.533298 -2.449165 -1.729398 -2.666548 -1.581629 -2.237894 -0.944532 -1.032033 -2.077226 -1.835443 -2.344401 -2.557679 
0.130913 -0.327616 -0.026464 0.442636 0.688104 1.032418 -0.732590 -0.344844 -0.326891 -1.078139 -0.096570 1.224445 -1.735010 -0.928827 -2.554148 -1.440066 -3.202719 -0.812870 -2.121883 -1.861483 -2.994734 -0.961082 -1.658366 -0.757681 -2.132320 
1.739548 -0.468303 0.517627 -0.237715 0.021456 0.865031 -0.262126 -0.521923 0.258777 -0.462264 -0.681144 0.556560 0.514712 0.936871 0.030482 0.297231 0.250817 -0.146834 0.940917 0.059947 0.166777 1.100264 0.703622 0.470591 -0.093306 
0.515479 0.984094 0.755201 0.098971 -0.536048 0.478394 -0.592213 -0.411137 -1.192754 0.571932 -0.422139 1.003649 0.189400 0.106431 0.512150 0.929099 -0.440993 -0.223244 0.324604 0.779284 1.064217 0.573282 1.362151 0.173035 0.781065 
0.924115 -0.933202 -0.138542 0.736864 -0.499773 -0.382368 -0.504965 0.836284 0.894808 -0.701830 0.443719 0.265798 0.678737 -0.685491 -0.220489 0.293975 0.636969 0.885189 0.606257 0.447678 0.539751 0.160316 0.254530 -0.110279 0.488351 
1.036850 -0.370983 -0.688693 0.254016 -0.753168 -0.086149 -0.869468 -0.430118 0.117823 -0.518315 1.777901 -0.322230 -0.312729 -0.012840 0.091322 0.909831 0.915303 0.013865 0.897112 1.076291 0.461100 1.285914 0.564116 -0.341539 1.108682 
0.033054 0.155655 -0.212951 0.558194 -0.484636 -0.015427 -0.184973 0.094093 0.249754 0.666802 0.348582 2.050307 -0.549039 0.419797 0.768326 0.910402 0.454460 -0.129126 0.272013 0.133845 0.343030 0.813670 1.179064 1.097264 0.825606 
0.942529 -0.151497 -0.559759 -0.829800 0.271421 0.622959 0.079562 0.854137 0.090584 -0.022719 1.545325 -0.324077 0.530549 0.575948 0.571933 0.424193 0.581007 0.927515 0.876018 0.165304 0.202714 -0.098208 0.065713 1.429757 0.804721 
0.615407 -0.471557 0.211563 0.248277 0.159969 -1.015403 -0.060898 -0.717548 1.060452 -0.037558 -0.326978 0.146038 1.968040 0.123616 1.737115 0.271429 0.702118 0.250207 0.005527 0.503030 0.531817 0.314731 0.672367 -0.200328 0.666087 
0.320348 0.159187 -0.372908 0.038037 0.686562 0.029755 0.215788 0.331414 0.608880 0.270652 1.401802 1.385116 1.486218 1.234871 0.514229 0.330871 0.109341 0.771039 1.481288 0.181553 0.429186 1.055726 0.036779 -0.332977 0.421862 
1.467492 0.047435 0.560565 0.297812 -0.404815 0.027900 0.345270 -0.502072 -0.168328 -0.880965 0.998002 1.227058 -0.102840 0.642609 0.880215 0.601119 0.360042 0.893727 0.370260 0.290829 0.615628 0.735963 0.638985 0.747370 0.755608 
1.304918 -0.033607 0.445680 -0.763342 0.212133 0.499425 -0.430982 0.775679 1.121473 -0.001970 -0.307129 -0.000232 1.521625 1.078433 1.247407 0.524068 -0.274700 1.771347 0.578153 0.540034 0.594315 0.161293 0.578460 0.533857 0.805316 
2.549990 0.133339 0.561808 -0.776725 -0.077719 -0.478306 -0.206607 -1.161977 -0.824621 0.025219 1.451635 0.394904 1.501452 0.706195 -0.693148 0.760862 -0.907062 -0.388888 -0.123289 0.237624 1.068747 -0.142377 0.495230 0.228940 0.528551 
1.761301 -0.054487 0.344167 -0.361347 0.300775 -0.441982 0.004283 1.210547 -0.208988 -1.273717 0.335005 0.792226 0.029647 0.613906 0.504228 0.266170 -0.883841 0.752191 -0.641832 1.096779 0.866383 0.025394 0.514044 0.469474 0.400281 
1.202023 1.071601 -0.241529 -0.308854 0.232839 0.742401 -0.584279 0.492417 1.214123 1.366257 0.047601 -0.735845 -0.115562 1.148366 0.296701 0.390514 -0.752501 0.035509 0.751974 0.611685 0.902956 0.248783 0.624634 1.172718 0.490593 
1.653906 0.824198 -1.064513 -0.290278 -0.238803 -0.166942 0.439401 0.777292 1.409056 1.840832 1.450489 -0.072532 1.292991 0.135510 -0.098919 0.907813 0.141975 0.188417 1.025274 0.106555 1.697613 0.126663 0.372054 0.877547 0.402591 
0.876308 0.204714 -0.073638 0.190401 0.583746 0.123663 -0.321938 0.895708 0.160604 1.567271 -0.899623 1.184319 1.141192 0.086347 0.657455 0.741254 0.906389 0.448954 -0.018900 1.242924 -0.111178 1.387451 0.187810 0.484845 0.362796 

1 3 3 3 0 0 0 0 0 0 0 0 0 0 0 0 0 0 0 0 0 0 0 0 0 
1 3 3 3 3 0 0 0 0 0 0 0 0 0 0 0 0 0 0 0 0 0 0 0 0 
1 3 3 3 3 3 0 0 0 0 0 0 0 0 0 0 0 0 0 0 0 0 0 0 0 
1 3 3 3 3 3 3 0 0 0 0 0 0 0 0 0 0 0 0 0 0 0 0 0 0 
1 3 3 3 3 3 3 0 0 0 0 0 0 0 0 0 0 0 0 0 0 0 0 0 0 
1 3 3 3 3 3 3 3 0 0 0 0 0 0 0 0 0 0 0 0 0 0 0 0 0 
1 3 3 3 3 3 3 3 3 0 0 0 0 0 0 0 0 0 0 0 0 0 0 0 0 
1 3 3 3 3 3 3 3 3 3 0 0 0 0 0 0 0 0 0 0 0 0 0 0 0 
1 3 3 3 3 3 3 3 3 3 3 0 0 0 0 0 0 0 0 0 0 0 0 0 0 
1 3 3 3 3 3 3 3 3 3 3 4 0 0 0 0 0 0 0 0 0 0 0 0 0 
1 3 3 3 3 3 3 3 3 3 3 4 2 2 2 2 2 2 2 2 2 2 2 2 2 
1 3 3 3 3 3 3 3 3 3 3 4 4 2 2 2 2 2 2 2 2 2 2 2 2 
1 3 3 3 3 3 3 3 3 3 3 4 4 4 2 2 2 2 2 2 2 2 2 2 2 
1 3 3 3 3 3 3 3 3 3 4 4 4 4 2 2 2 2 2 2 2 2 2 2 2 
1 3 3 3 3 3 3 3 3 3 4 4 4 4 4 2 2 2 2 2 2 2 2 2 2 
1 3 3 3 3 3 3 3 3 3 4 4 4 4 4 4 2 2 2 2 2 2 2 2 2 
1 3 3 3 3 3 3 3 3 4 4 4 4 4 4 4 2 2 2 2 2 2 2 2 2 
1 3 3 3 3 3 3 3 3 4 4 4 4 4 4 4 4 2 2 2 2 2 2 2 2 
1 3 3 3 3 3 3 3 3 4 4 4 4 4 4 4 4 4 2 2 2 2 2 2 2 
1 3 3 3 3 3 3 3 3 4 4 4 4 4 4 4 4 4 2 2 2 2 2 2 2 
1 3 3 3 3 3 3 3 4 4 4 4 4 4 4 4 4 4 4 2 2 2 2 2 2 
1 3 3 3 3 3 3 3 4 4 4 4 4 4 4 4 4 4 4 4 2 2 2 2 2 
1 3 3 3 3 3 3 3 4 4 4 4 4 4 4 4 4 4 4 4 2 2 2 2 2 
1 3 3 3 3 3 3 4 4 4 4 4 4 4 4 4 4 4 4 4 4 2 2 2 2 
1 3 3 3 3 3 3 4 4 4 4 4 4 4 4 4 4 4 4 4 4 4 2 2 2 

2.0 1.0 1.0 1.0 -2.0 -2.0 -2.0 -2.0 -2.0 -2.0 -2.0 -2.0 -2.0 -2.0 -2.0 -2.0 -2.0 -2.0 -2.0 -2.0 -2.0 -2.0 -2.0 -2.0 -2.0 
2.0 1.0 1.0 1.0 1.0 -2.0 -2.0 -2.0 -2.0 -2.0 -2.0 -2.0 -2.0 -2.0 -2.0 -2.0 -2.0 -2.0 -2.0 -2.0 -2.0 -2.0 -2.0 -2.0 -2.0 
2.0 1.0 1.0 1.0 1.0 1.0 -2.0 -2.0 -2.0 -2.0 -2.0 -2.0 -2.0 -2.0 -2.0 -2.0 -2.0 -2.0 -2.0 -2.0 -2.0 -2.0 -2.0 -2.0 -2.0 
2.0 1.0 1.0 1.0 1.0 1.0 1.0 -2.0 -2.0 -2.0 -2.0 -2.0 -2.0 -2.0 -2.0 -2.0 -2.0 -2.0 -2.0 -2.0 -2.0 -2.0 -2.0 -2.0 -2.0 
2.0 1.0 1.0 1.0 1.0 1.0 1.0 -2.0 -2.0 -2.0 -2.0 -2.0 -2.0 -2.0 -2.0 -2.0 -2.0 -2.0 -2.0 -2.0 -2.0 -2.0 -2.0 -2.0 -2.0 
2.0 1.0 1.0 1.0 1.0 1.0 1.0 1.0 -2.0 -2.0 -2.0 -2.0 -2.0 -2.0 -2.0 -2.0 -2.0 -2.0 -2.0 -2.0 -2.0 -2.0 -2.0 -2.0 -2.0 
2.0 1.0 1.0 1.0 1.0 1.0 1.0 1.0 1.0 -2.0 -2.0 -2.0 -2.0 -2.0 -2.0 -2.0 -2.0 -2.0 -2.0 -2.0 -2.0 -2.0 -2.0 -2.0 -2.0 
2.0 1.0 1.0 1.0 1.0 1.0 1.0 1.0 1.0 1.0 -2.0 -2.0 -2.0 -2.0 -2.0 -2.0 -2.0 -2.0 -2.0 -2.0 -2.0 -2.0 -2.0 -2.0 -2.0 
2.0 1.0 1.0 1.0 1.0 1.0 1.0 1.0 1.0 1.0 1.0 -2.0 -2.0 -2.0 -2.0 -2.0 -2.0 -2.0 -2.0 -2.0 -2.0 -2.0 -2.0 -2.0 -2.0 
2.0 1.0 1.0 1.0 1.0 1.0 1.0 1.0 1.0 1.0 1.0 -1.0 -2.0 -2.0 -2.0 -2.0 -2.0 -2.0 -2.0 -2.0 -2.0 -2.0 -2.0 -2.0 -2.0 
2.0 1.0 1.0 1.0 1.0 1.0 1.0 1.0 1.0 1.0 1.0 -1.0 0.0 0.0 0.0 0.0 0.0 0.0 0.0 0.0 0.0 0.0 0.0 0.0 0.0 
2.0 1.0 1.0 1.0 1.0 1.0 1.0 1.0 1.0 1.0 1.0 -1.0 -1.0 0.0 0.0 0.0 0.0 0.0 0.0 0.0 0.0 0.0 0.0 0.0 0.0 
2.0 1.0 1.0 1.0 1.0 1.0 1.0 1.0 1.0 1.0 1.0 -1.0 -1.0 -1.0 0.0 0.0 0.0 0.0 0.0 0.0 0.0 0.0 0.0 0.0 0.0 
2.0 1.0 1.0 1.0 1.0 1.0 1.0 1.0 1.0 1.0 -1.0 -1.0 -1.0 -1.0 0.0 0.0 0.0 0.0 0.0 0.0 0.0 0.0 0.0 0.0 0.0 
2.0 1.0 1.0 1.0 1.0 1.0 1.0 1.0 1.0 1.0 -1.0 -1.0 -1.0 -1.0 -1.0 0.0 0.0 0.0 0.0 0.0 0.0 0.0 0.0 0.0 0.0 
2.0 1.0 1.0 1.0 1.0 1.0 1.0 1.0 1.0 1.0 -1.0 -1.0 -1.0 -1.0 -1.0 -1.0 0.0 0.0 0.0 0.0 0.0 0.0 0.0 0.0 0.0 
2.0 1.0 1.0 1.0 1.0 1.0 1.0 1.0 1.0 -1.0 -1.0 -1.0 -1.0 -1.0 -1.0 -1.0 0.0 0.0 0.0 0.0 0.0 0.0 0.0 0.0 0.0 
2.0 1.0 1.0 1.0 1.0 1.0 1.0 1.0 1.0 -1.0 -1.0 -1.0 -1.0 -1.0 -1.0 -1.0 -1.0 0.0 0.0 0.0 0.0 0.0 0.0 0.0 0.0 
2.0 1.0 1.0 1.0 1.0 1.0 1.0 1.0 1.0 -1.0 -1.0 -1.0 -1.0 -1.0 -1.0 -1.0 -1.0 -1.0 0.0 0.0 0.0 0.0 0.0 0.0 0.0 
2.0 1.0 1.0 1.0 1.0 1.0 1.0 1.0 1.0 -1.0 -1.0 -1.0 -1.0 -1.0 -1.0 -1.0 -1.0 -1.0 0.0 0.0 0.0 0.0 0.0 0.0 0.0 
2.0 1.0 1.0 1.0 1.0 1.0 1.0 1.0 -1.0 -1.0 -1.0 -1.0 -1.0 -1.0 -1.0 -1.0 -1.0 -1.0 -1.0 0.0 0.0 0.0 0.0 0.0 0.0 
2.0 1.0 1.0 1.0 1.0 1.0 1.0 1.0 -1.0 -1.0 -1.0 -1.0 -1.0 -1.0 -1.0 -1.0 -1.0 -1.0 -1.0 -1.0 0.0 0.0 0.0 0.0 0.0 
2.0 1.0 1.0 1.0 1.0 1.0 1.0 1.0 -1.0 -1.0 -1.0 -1.0 -1.0 -1.0 -1.0 -1.0 -1.0 -1.0 -1.0 -1.0 0.0 0.0 0.0 0.0 0.0 
2.0 1.0 1.0 1.0 1.0 1.0 1.0 -1.0 -1.0 -1.0 -1.0 -1.0 -1.0 -1.0 -1.0 -1.0 -1.0 -1.0 -1.0 -1.0 -1.0 0.0 0.0 0.0 0.0 
2.0 1.0 1.0 1.0 1.0 1.0 1.0 -1.0 -1.0 -1.0 -1.0 -1.0 -1.0 -1.0 -1.0 -1.0 -1.0 -1.0 -1.0 -1.0 -1.0 -1.0 0.0 0.0 0.0 

0.0 -1.0 -1.0 -1.0 -2.0 -2.0 -2.0 -2.0 -2.0 -2.0 -2.0 -2.0 -2.0 -2.0 -2.0 -2.0 -2.0 -2.0 -2.0 -2.0 -2.0 -2.0 -2.0 -2.0 -2.0 
0.0 -1.0 -1.0 -1.0 -1.0 -2.0 -2.0 -2.0 -2.0 -2.0 -2.0 -2.0 -2.0 -2.0 -2.0 -2.0 -2.0 -2.0 -2.0 -2.0 -2.0 -2.0 -2.0 -2.0 -2.0 
0.0 -1.0 -1.0 -1.0 -1.0 -1.0 -2.0 -2.0 -2.0 -2.0 -2.0 -2.0 -2.0 -2.0 -2.0 -2.0 -2.0 -2.0 -2.0 -2.0 -2.0 -2.0 -2.0 -2.0 -2.0 
0.0 -1.0 -1.0 -1.0 -1.0 -1.0 -1.0 -2.0 -2.0 -2.0 -2.0 -2.0 -2.0 -2.0 -2.0 -2.0 -2.0 -2.0 -2.0 -2.0 -2.0 -2.0 -2.0 -2.0 -2.0 
0.0 -1.0 -1.0 -1.0 -1.0 -1.0 -1.0 -2.0 -2.0 -2.0 -2.0 -2.0 -2.0 -2.0 -2.0 -2.0 -2.0 -2.0 -2.0 -2.0 -2.0 -2.0 -2.0 -2.0 -2.0 
0.0 -1.0 -1.0 -1.0 -1.0 -1.0 -1.0 -1.0 -2.0 -2.0 -2.0 -2.0 -2.0 -2.0 -2.0 -2.0 -2.0 -2.0 -2.0 -2.0 -2.0 -2.0 -2.0 -2.0 -2.0 
0.0 -1.0 -1.0 -1.0 -1.0 -1.0 -1.0 -1.0 -1.0 -2.0 -2.0 -2.0 -2.0 -2.0 -2.0 -2.0 -2.0 -2.0 -2.0 -2.0 -2.0 -2.0 -2.0 -2.0 -2.0 
0.0 -1.0 -1.0 -1.0 -1.0 -1.0 -1.0 -1.0 -1.0 -1.0 -2.0 -2.0 -2.0 -2.0 -2.0 -2.0 -2.0 -2.0 -2.0 -2.0 -2.0 -2.0 -2.0 -2.0 -2.0 
0.0 -1.0 -1.0 -1.0 -1.0 -1.0 -1.0 -1.0 -1.0 -1.0 -1.0 -2.0 -2.0 -2.0 -2.0 -2.0 -2.0 -2.0 -2.0 -2.0 -2.0 -2.0 -2.0 -2.0 -2.0 
0.0 -1.0 -1.0 -1.0 -1.0 -1.0 -1.0 -1.0 -1.0 -1.0 -1.0 2.0 -2.0 -2.0 -2.0 -2.0 -2.0 -2.0 -2.0 -2.0 -2.0 -2.0 -2.0 -2.0 -2.0 
0.0 -1.0 -1.0 -1.0 -1.0 -1.0 -1.0 -1.0 -1.0 -1.0 -1.0 2.0 1.0 1.0 1.0 1.0 1.0 1.0 1.0 1.0 1.0 1.0 1.0 1.0 1.0 
0.0 -1.0 -1.0 -1.0 -1.0 -1.0 -1.0 -1.0 -1.0 -1.0 -1.0 2.0 2.0 1.0 1.0 1.0 1.0 1.0 1.0 1.0 1.0 1.0 1.0 1.0 1.0 
0.0 -1.0 -1.0 -1.0 -1.0 -1.0 -1.0 -1.0 -1.0 -1.0 -1.0 2.0 2.0 2.0 1.0 1.0 1.0 1.0 1.0 1.0 1.0 1.0 1.0 1.0 1.0 
0.0 -1.0 -1.0 -1.0 -1.0 -1.0 -1.0 -1.0 -1.0 -1.0 2.0 2.0 2.0 2.0 1.0 1.0 1.0 1.0 1.0 1.0 1.0 1.0 1.0 1.0 1.0 
0.0 -1.0 -1.0 -1.0 -1.0 -1.0 -1.0 -1.0 -1.0 -1.0 2.0 2.0 2.0 2.0 2.0 1.0 1.0 1.0 1.0 1.0 1.0 1.0 1.0 1.0 1.0 
0.0 -1.0 -1.0 -1.0 -1.0 -1.0 -1.0 -1.0 -1.0 -1.0 2.0 2.0 2.0 2.0 2.0 2.0 1.0 1.0 1.0 1.0 1.0 1.0 1.0 1.0 1.0 
0.0 -1.0 -1.0 -1.0 -1.0 -1.0 -1.0 -1.0 -1.0 2.0 2.0 2.0 2.0 2.0 2.0 2.0 1.0 1.0 1.0 1.0 1.0 1.0 1.0 1.0 1.0 
0.0 -1.0 -1.0 -1.0 -1.0 -1.0 -1.0 -1.0 -1.0 2.0 2.0 2.0 2.0 2.0 2.0 2.0 2.0 1.0 1.0 1.0 1.0 1.0 1.0 1.0 1.0 
0.0 -1.0 -1.0 -1.0 -1.0 -1.0 -1.0 -1.0 -1.0 2.0 2.0 2.0 2.0 2.0 2.0 2.0 2.0 2.0 1.0 1.0 1.0 1.0 1.0 1.0 1.0 
0.0 -1.0 -1.0 -1.0 -1.0 -1.0 -1.0 -1.0 -1.0 2.0 2.0 2.0 2.0 2.0 2.0 2.0 2.0 2.0 1.0 1.0 1.0 1.0 1.0 1.0 1.0 
0.0 -1.0 -1.0 -1.0 -1.0 -1.0 -1.0 -1.0 2.0 2.0 2.0 2.0 2.0 2.0 2.0 2.0 2.0 2.0 2.0 1.0 1.0 1.0 1.0 1.0 1.0 
0.0 -1.0 -1.0 -1.0 -1.0 -1.0 -1.0 -1.0 2.0 2.0 2.0 2.0 2.0 2.0 2.0 2.0 2.0 2.0 2.0 2.0 1.0 1.0 1.0 1.0 1.0 
0.0 -1.0 -1.0 -1.0 -1.0 -1.0 -1.0 -1.0 2.0 2.0 2.0 2.0 2.0 2.0 2.0 2.0 2.0 2.0 2.0 2.0 1.0 1.0 1.0 1.0 1.0 
0.0 -1.0 -1.0 -1.0 -1.0 -1.0 -1.0 2.0 2.0 2.0 2.0 2.0 2.0 2.0 2.0 2.0 2.0 2.0 2.0 2.0 2.0 1.0 1.0 1.0 1.0 
0.0 -1.0 -1.0 -1.0 -1.0 -1.0 -1.0 2.0 2.0 2.0 2.0 2.0 2.0 2.0 2.0 2.0 2.0 2.0 2.0 2.0 2.0 2.0 1.0 1.0 1.0 

