0.711414 0.933162 0.006886 0.072577 0.092646 0.690083 0.261799 0.981091 0.191728 0.179200 0.714996 0.832765 0.843290 0.634490 0.302000 0.577137 0.939262 0.465192 0.610970 0.576829 0.617737 0.917990 0.733550 0.287386 0.765573 
0.768101 0.239094 0.642495 0.179358 0.764477 0.913733 0.181828 0.150631 0.969868 0.598830 0.413670 0.321471 0.703328 0.310360 0.886896 0.104526 0.413374 0.223013 0.423164 0.527997 0.043379 0.295610 0.686672 0.884865 0.963836 
0.531335 0.515037 0.463272 0.891592 0.038628 0.083814 0.099174 0.123410 0.536186 0.834442 0.319013 0.135896 0.509399 0.561494 0.042271 0.416638 0.511812 0.914796 0.282456 0.821115 0.140779 0.836160 0.261220 0.396933 0.712681 
0.901484 0.483918 0.160968 0.876740 0.675919 0.647717 0.448928 0.242897 0.662762 0.534634 0.896105 0.012633 0.661607 0.780044 0.845984 0.794725 0.644271 0.899345 0.177787 0.648873 0.509095 0.401662 0.237106 0.138421 0.683481 
0.455934 0.902000 0.329138 0.653428 0.083942 0.517704 0.088216 0.939888 0.020640 0.657334 0.163143 0.677248 0.436956 0.647921 0.193829 0.571380 0.029812 0.583981 0.097960 0.245362 0.430885 0.679233 0.955757 0.982796 0.562096 
0.545014 0.219986 0.633822 0.857461 0.934554 0.106894 0.491580 0.773636 0.063704 0.000320 0.015478 0.093677 0.801199 0.304083 0.601435 0.716491 0.188530 0.479804 0.208917 0.552603 0.970578 0.429571 0.507157 0.947557 0.750467 
0.848315 0.254775 0.277224 0.831806 0.646260 0.610612 0.049350 0.715332 0.136656 0.912415 0.281544 0.589498 0.620378 0.395769 0.039083 0.979762 0.905600 0.101905 0.226515 0.370193 0.373291 0.749452 0.677783 0.679463 0.031872 
0.109390 0.542268 0.509273 0.588960 0.020280 0.372914 0.167389 0.374441 0.565151 0.840767 0.381797 0.305334 0.989480 0.398924 0.860626 0.141162 0.315908 0.559836 0.362739 0.670170 0.774395 0.885678 0.956368 0.997836 0.747389 
0.315994 0.282973 0.189101 0.659913 0.499557 0.153900 0.766184 0.188790 0.523231 0.782906 0.153968 0.744989 0.306504 0.832026 0.650611 0.438856 0.656572 0.682575 0.829943 0.956653 0.943608 0.631903 0.535527 0.746242 0.791359 
0.639560 0.471771 0.780940 0.092581 0.481608 0.128645 0.387600 0.714540 0.806126 0.855944 0.334138 0.124242 0.948138 0.774295 0.737415 0.734323 0.654803 0.805032 0.104307 0.820857 0.953480 0.215827 0.099205 0.718935 0.184537 
0.574136 0.934308 0.227688 0.338489 0.047236 0.390201 0.682444 0.733227 0.367520 0.433105 0.215341 0.447053 0.295781 0.399914 0.836567 0.603182 0.624394 0.976894 0.372696 0.103160 0.072383 0.849845 0.870491 0.428623 0.382558 
0.322695 0.024226 0.832463 0.552160 0.053466 0.346827 0.044569 0.758657 0.984536 0.919837 0.369585 0.507420 0.090726 0.570688 0.259770 0.226065 0.000457 0.514771 0.725054 0.565705 0.592550 0.779164 0.663167 0.086542 0.997130 
0.326531 0.047252 0.575567 0.672464 0.240951 0.079757 0.613713 0.675968 0.866051 0.513758 0.952922 0.269926 0.464803 0.688867 0.780866 0.394217 0.362437 0.226904 0.130604 0.460661 0.045719 0.420700 0.205879 0.675061 0.296995 
0.653196 0.582036 0.706114 0.343300 0.970329 0.474303 0.614040 0.864853 0.243310 0.227572 0.229950 0.513567 0.758426 0.957977 0.515169 0.343953 0.149524 0.742096 0.365425 0.914251 0.741124 0.187323 0.543887 0.739536 0.093652 
0.558633 0.083485 0.286545 0.492427 0.329710 0.284880 0.395589 0.274770 0.822619 0.561831 0.372640 0.086658 0.745153 0.719657 0.392029 0.301389 0.273530 0.017241 0.815500 0.252486 0.572668 0.076060 0.358269 0.625037 0.629598 
0.939064 0.957545 0.914044 0.961459 0.081098 0.599684 0.413900 0.077526 0.880215 0.042965 0.007976 0.215072 0.450363 0.033940 0.422161 0.976489 0.229121 0.988486 0.022945 0.240301 0.048259 0.676293 0.522424 0.271472 0.937835 
0.583896 0.234292 0.008145 0.606144 0.653960 0.833028 0.174073 0.948971 0.813465 0.509011 0.467483 0.527008 0.520566 0.309732 0.188938 0.857947 0.689867 0.958839 0.669386 0.711352 0.350589 0.097815 0.543885 0.442030 0.883696 
0.523505 0.966972 0.633091 0.600115 0.256141 0.468315 0.688883 0.574202 0.562434 0.158135 0.203216 0.678854 0.478121 0.874830 0.562534 0.828318 0.661480 0.812089 0.976229 0.792869 0.031526 0.075936 0.108387 0.351725 0.453473 
0.503975 0.847905 0.220343 0.636728 0.857293 0.480933 0.380079 0.837353 0.782750 0.602670 0.271092 0.906247 0.234427 0.606756 0.832864 0.455506 0.694577 0.106557 0.132917 0.408229 0.335027 0.250226 0.435211 0.433299 0.584548 
0.497377 0.098194 0.590306 0.405090 0.157012 0.374663 0.707484 0.451782 0.641577 0.173248 0.145786 0.772632 0.077411 0.171284 0.816689 0.544490 0.930466 0.686728 0.283985 0.395937 0.640532 0.834758 0.334229 0.463716 0.433046 
0.316855 0.086067 0.575151 0.063363 0.155835 0.546684 0.596548 0.023277 0.179243 0.446037 0.279248 0.725658 0.004815 0.481335 0.018770 0.856945 0.085719 0.823779 0.532513 0.601576 0.098188 0.898623 0.300447 0.672356 0.534737 
0.888242 0.461652 0.637546 0.404152 0.709346 0.708135 0.969150 0.804134 0.706647 0.549090 0.722053 0.988176 0.897750 0.270328 0.369167 0.163797 0.132617 0.712687 0.675731 0.194703 0.379852 0.460172 0.836946 0.691471 0.308732 
0.033561 0.092774 0.723859 0.266436 0.054888 0.302891 0.734322 0.168688 0.341961 0.002298 0.402349 0.898523 0.532572 0.128150 0.992989 0.877433 0.319789 0.559173 0.757283 0.126514 0.009757 0.768468 0.596683 0.416215 0.618218 
0.172125 0.217613 0.204175 0.856478 0.660334 0.143423 0.572166 0.672498 0.973182 0.387263 0.109507 0.261173 0.792301 0.338134 0.775294 0.041843 0.052976 0.872710 0.539650 0.817660 0.547761 0.335523 0.295575 0.187330 0.986565 
0.276334 0.719750 0.946093 0.416359 0.926373 0.502493 0.715009 0.869179 0.641850 0.665803 0.997125 0.924397 0.088282 0.111112 0.536854 0.612512 0.362451 0.436995 0.868789 0.594495 0.782828 0.344061 0.789953 0.576516 0.161693 

0.560627 0.076470 0.478099 0.901623 0.404387 0.166136 0.524617 0.054990 0.610670 0.186127 0.870367 0.155573 0.901354 0.585769 0.695627 0.004722 0.814953 0.232905 0.106905 0.537100 0.877913 0.794168 0.755810 0.214271 0.352180 
0.063931 0.058391 0.742330 0.697471 0.630813 0.742347 0.260302 0.326858 0.315286 0.192597 0.552466 0.764279 0.749799 0.293204 0.190508 0.722356 0.734822 0.596529 0.311587 0.446236 0.073675 0.021226 0.432126 0.219663 0.949410 
0.865491 0.691488 0.006571 0.790350 0.831078 0.638877 0.268363 0.176849 0.958470 0.064751 0.901736 0.770089 0.442204 0.218920 0.392771 0.618606 0.202277 0.682031 0.950508 0.497114 0.116892 0.331356 0.522295 0.664823 0.526986 
0.333953 0.086491 0.331036 0.096765 0.554615 0.665299 0.549751 0.071916 0.774321 0.485651 0.480827 0.427748 0.742975 0.457540 0.021668 0.041360 0.084170 0.780305 0.101242 0.573742 0.483571 0.621681 0.476211 0.501100 0.163332 
0.006397 0.853635 0.927449 0.634308 0.233017 0.063134 0.131314 0.449053 0.521576 0.911883 0.515652 0.436743 0.071392 0.378515 0.385175 0.974836 0.961328 0.433759 0.942405 0.772795 0.874178 0.395866 0.833482 0.078984 0.780902 
0.995771 0.878268 0.537796 0.677720 0.988058 0.637080 0.938110 0.296007 0.232574 0.520754 0.545314 0.682517 0.234459 0.742381 0.218903 0.433134 0.119434 0.568698 0.082968 0.814663 0.311487 0.710993 0.208617 0.930902 0.920536 
0.819634 0.156460 0.171897 0.286261 0.310628 0.561672 0.733310 0.695095 0.041365 0.775698 0.451256 0.801517 0.788601 0.206348 0.746264 0.192045 0.966056 0.987695 0.211648 0.876110 0.353116 0.487596 0.866928 0.395292 0.337852 
0.922198 0.459583 0.992456 0.763726 0.586858 0.189990 0.578441 0.465721 0.173909 0.120500 0.143918 0.446137 0.955303 0.319694 0.469984 0.494145 0.181043 0.819015 0.930245 0.572070 0.923241 0.479501 0.410064 0.401224 0.889034 
0.791244 0.368336 0.458512 0.785879 0.873796 0.198886 0.293823 0.095828 0.928821 0.594768 0.417802 0.762008 0.205532 0.695493 0.780398 0.318380 0.021400 0.062276 0.744572 0.191894 0.682250 0.345852 0.574107 0.478489 0.423007 
0.654633 0.638866 0.912204 0.060562 0.651192 0.224747 0.965491 0.811220 0.795382 0.150047 0.246348 0.964174 0.352978 0.598284 0.332035 0.987076 0.934244 0.270484 0.625743 0.122101 0.867276 0.756951 0.342755 0.897921 0.951953 
0.094727 0.209374 0.010398 0.968027 0.524095 0.450135 0.044754 0.318139 0.644923 0.494926 0.698175 0.014005 0.476691 0.278890 0.117292 0.977227 0.595679 0.005836 0.334961 0.134180 0.626162 0.538645 0.083555 0.011468 0.925780 
0.234788 0.207065 0.598370 0.638248 0.876874 0.537738 0.803111 0.448926 0.093284 0.234795 0.421309 0.279324 0.625021 0.472300 0.644978 0.670379 0.621002 0.747549 0.004268 0.238897 0.786685 0.445509 0.721228 0.249950 0.723662 
0.314468 0.652929 0.244593 0.327953 0.131820 0.326699 0.306803 0.308425 0.086126 0.587169 0.491424 0.380681 0.880734 0.848509 0.373980 0.089085 0.424842 0.357073 0.331529 0.181363 0.691520 0.854860 0.802336 0.456227 0.693247 
0.051669 0.704570 0.240347 0.681632 0.450818 0.083169 0.015983 0.675525 0.408937 0.547138 0.576339 0.943626 0.133181 0.377662 0.664808 0.218002 0.002025 0.880578 0.212759 0.315076 0.825279 0.358478 0.119982 0.107587 0.377711 
0.338992 0.666182 0.177150 0.563249 0.699542 0.950866 0.995542 0.191017 0.222527 0.606122 0.774048 0.647243 0.185364 0.954203 0.246001 0.647864 0.490578 0.041767 0.266290 0.024568 0.717313 0.745435 0.674778 0.517594 0.016927 
0.567936 0.779119 0.809426 0.583645 0.713967 0.121497 0.505564 0.353684 0.892728 0.520083 0.265098 0.284251 0.228748 0.878998 0.122538 0.255461 0.994722 0.128053 0.663916 0.200739 0.562088 0.293745 0.021041 0.062853 0.388375 
0.840190 0.649758 0.906049 0.620688 0.901063 0.304764 0.044747 0.154433 0.516169 0.481763 0.890269 0.099851 0.769081 0.793074 0.181853 0.553863 0.010641 0.105666 0.532796 0.962554 0.305530 0.406105 0.998654 0.640189 0.277016 
0.518068 0.014611 0.083551 0.175218 0.073152 0.032812 0.189823 0.083387 0.311127 0.704409 0.231597 0.834551 0.613749 0.001017 0.391313 0.111458 0.890271 0.968344 0.516948 0.277456 0.685190 0.993358 0.426302 0.706762 0.746299 
0.918343 0.627050 0.269301 0.503553 0.494855 0.398016 0.552596 0.179045 0.088404 0.550324 0.101837 0.736315 0.263579 0.840733 0.507213 0.963138 0.565323 0.970082 0.868420 0.500265 0.418263 0.700499 0.594610 0.273355 0.469465 
0.284842 0.736970 0.772020 0.636995 0.528268 0.337428 0.430118 0.517071 0.103302 0.461947 0.917859 0.819538 0.447509 0.311472 0.871996 0.770547 0.404386 0.993687 0.016547 0.594140 0.035689 0.223619 0.643661 0.067808 0.553759 
0.433526 0.339207 0.368614 0.176046 0.332862 0.058874 0.088761 0.921335 0.660324 0.324810 0.643100 0.776824 0.605673 0.004543 0.484505 0.707081 0.655875 0.275458 0.473809 0.221101 0.028038 0.833544 0.291611 0.048824 0.108767 
0.828389 0.861324 0.622357 0.939987 0.409379 0.712066 0.918991 0.004120 0.087333 0.695322 0.053521 0.315872 0.215045 0.050075 0.626178 0.065937 0.588433 0.813567 0.177801 0.580001 0.185772 0.354894 0.612066 0.133727 0.921067 
0.810463 0.150302 0.304235 0.914906 0.345059 0.527103 0.083189 0.969299 0.028492 0.429638 0.094862 0.020014 0.070976 0.201456 0.611592 0.035186 0.162780 0.253694 0.317761 0.278358 0.092468 0.666897 0.604306 0.719488 0.495450 
0.722192 0.142320 0.428786 0.202705 0.362711 0.250960 0.105799 0.192695 0.242556 0.831027 0.859803 0.599165 0.410003 0.162542 0.586260 0.471296 0.164082 0.547298 0.564775 0.867031 0.436041 0.829574 0.600365 0.218123 0.073306 
0.543976 0.486489 0.985006 0.740425 0.724762 0.237432 0.436337 0.130346 0.711429 0.108455 0.762731 0.508257 0.376067 0.075476 0.620609 0.905314 0.658228 0.549766 0.032879 0.067553 0.187043 0.054197 0.145573 0.180989 0.741009 

-0.699418 -1.707636 0.513610 0.742571 0.172654 -1.263273 0.042390 -1.950374 0.189147 -0.025209 -1.724606 -0.424724 -1.755517 -1.127439 -1.407536 0.091024 -1.623236 -0.424121 -0.332468 -1.067354 -1.939008 -1.407463 -1.312596 -0.355090 -0.833382 
-1.356207 -0.540313 -0.545678 0.262106 -0.863085 -1.016126 -0.142526 0.138218 -1.486346 -1.098565 -0.327655 -1.546418 -1.605955 -0.607362 -0.238254 -1.402147 -1.573565 -1.173600 -0.634932 -0.894378 -0.101012 -0.044510 -1.012412 -0.296176 -1.950677 
-0.123647 -0.402100 -0.869884 -1.128315 0.692129 0.346233 0.108222 -0.026244 -0.101731 -1.502374 0.232621 -1.542996 -0.850672 -0.381695 -0.835135 -1.272986 -0.366147 -1.573047 -1.781631 -0.975302 -0.291466 -0.655069 -0.930851 -1.365326 -1.114717 
-1.543782 -0.795563 0.075417 -1.713878 -0.748914 -0.527418 -0.460030 -0.482961 -0.522625 -0.604816 -1.258476 0.441169 -1.332108 -0.858653 -0.001217 -0.138379 -0.032201 -1.602799 -0.011320 -1.189034 -1.138427 -1.257052 -0.920199 -1.248095 -0.170327 
-0.898481 -0.912525 0.099332 -0.786472 0.060513 -0.984003 -0.010966 -1.493364 0.542805 -0.538821 0.105084 -0.845390 -0.172071 -0.748022 -0.825578 -1.953143 -1.872027 -0.884248 -2.020515 -1.545682 -1.826939 -0.705545 -1.617185 -0.140063 -1.693173 
-0.048413 0.349233 -0.697830 -1.148041 -0.929859 0.440048 -0.101854 -1.183255 -0.058971 0.508715 0.490223 0.765798 -1.267962 -1.543012 -0.399620 -1.036787 -0.379762 -1.143924 -0.319130 -1.673406 -0.671112 -1.170978 -0.357958 -1.961747 -1.792183 
-0.869959 -0.267599 -0.345051 -1.412722 -0.954605 -0.659677 0.621535 -0.718607 -0.286952 -1.112505 -0.279130 -0.434971 -0.650580 -0.451146 -0.052070 -0.170552 -1.969927 -2.058396 -0.346692 -1.755775 -0.788724 -0.990656 -1.852967 -1.044752 -0.838286 
0.783235 -0.689863 -0.216266 -0.325737 0.470052 -0.458219 0.390372 -0.300272 -1.070155 -1.499669 -0.747769 -0.151939 -1.032399 -0.553141 -0.826430 -0.116593 -0.399156 -1.630042 -2.036883 -1.190861 -1.739413 -1.006842 -0.853146 -0.717230 -1.750162 
0.201042 -0.235217 0.243291 -0.427746 -0.282275 0.077272 -1.026379 -0.508722 -0.156384 -1.008601 0.077538 -0.675908 -0.376761 -0.841555 -0.561396 -0.290506 -0.659891 -0.521329 -0.742402 -0.446368 -1.319045 -0.445300 -1.239046 -0.931705 -1.042314 
-0.399297 -0.374032 -0.658175 -0.124452 -0.383719 0.173567 0.255775 -0.480607 -0.736378 -1.646090 -0.292303 -0.011062 -0.870059 -0.609984 -0.691123 -0.637987 -0.649890 -0.867946 -0.217572 -0.950169 -1.797044 -1.562454 -0.672590 -1.826605 -1.897275 
-1.043480 -1.644704 -0.501860 0.343901 0.499238 -0.368908 -1.285853 -1.044728 -0.180250 -0.403871 -0.159108 -0.224201 -0.285124 -0.360284 -0.865118 -0.554878 -0.428414 -0.949873 -0.596260 -0.183008 0.036092 -0.951542 0.012048 0.185397 -1.782253 
-0.396387 0.274343 -0.945357 -0.547682 0.827577 -0.143018 0.585080 -1.153736 -1.932442 -1.636752 -0.617416 -0.515717 -0.162544 -0.517210 -0.340052 -0.336238 -0.112706 -0.485318 -0.802100 -0.612466 -0.613291 -0.688879 -0.629544 -0.141288 -1.387271 
0.611115 -0.654964 0.915540 -0.890198 -0.535694 0.200207 -0.997979 -1.030284 -1.722962 -0.486809 -0.964283 -0.185054 -0.348671 -0.670551 -0.827353 -0.400741 -0.474569 -0.155626 -0.016641 -0.491819 -0.267671 -0.438075 -0.097928 -0.932678 -0.211485 
1.146526 0.550725 1.093128 -0.019451 1.553822 0.895922 -1.249546 -1.003108 0.039453 -0.110365 -0.322022 -0.672207 -0.913368 -0.886544 -0.514166 -0.181584 -0.313662 -0.694757 -0.349985 -0.987117 -0.917926 -0.009006 -0.614139 0.900898 0.936194 
0.759024 -0.393634 0.569081 0.462922 -0.035768 -0.456224 -0.085915 0.382241 1.455907 -0.519184 -0.529500 0.106321 -0.730324 -0.708370 -0.431116 -0.349386 -0.242638 -0.068669 -0.784055 -0.253534 -0.534234 -0.197750 1.825846 1.629109 0.617112 
1.238527 1.170205 1.054550 1.585138 -0.764917 0.963833 0.457776 -0.114451 0.829343 -0.063591 -0.107608 -0.125031 -0.340990 -0.041788 -0.380937 -0.984786 -0.154028 -1.232521 -0.058838 -0.336139 -0.096109 1.315957 0.515452 0.437380 1.745498 
0.342723 -0.288632 -0.869627 0.616455 0.328392 1.186657 0.243184 1.673073 1.103375 0.621695 -0.654363 -0.476946 -0.550325 -0.259805 -0.288498 -0.808740 -0.687042 -0.880993 -0.740522 2.707207 0.969475 0.911862 2.639454 1.702340 1.451176 
0.358934 1.983048 1.079901 0.924172 0.454955 0.833821 1.317866 1.176907 0.895818 -0.261520 0.133857 -0.804410 -0.710463 -0.935462 -0.510062 -0.881475 -0.562500 -0.716080 2.004730 1.180011 1.420055 2.044880 1.114237 1.899723 1.959087 
-0.193479 1.166541 0.276629 0.746866 1.263816 0.570446 0.281467 1.395439 1.544985 0.734036 0.507812 1.112324 -0.192742 -0.553691 -0.689541 -0.538105 -0.573984 1.969813 1.763824 1.343948 1.319551 1.495680 1.624327 1.075215 1.583121 
0.838160 -0.570973 0.456739 0.298043 -0.109059 0.466549 1.060461 0.311201 1.125864 -0.188035 -0.704473 0.850738 -0.332103 -0.193447 -0.973910 2.059173 1.710191 2.695088 0.407731 1.488162 0.549049 1.174105 1.649850 0.416087 1.607372 
0.058487 -0.125055 0.830585 -0.039987 0.043587 1.053426 1.040510 -0.883955 -0.393546 0.526369 0.016215 0.440382 -0.472279 -0.462087 1.057479 2.386551 1.360770 1.477352 1.449146 0.994320 0.021550 2.519689 0.860803 0.782820 0.565118 
1.008082 0.078555 0.625198 -0.072572 0.953040 0.635920 0.921244 1.702717 1.327332 0.444850 1.362735 1.569848 1.585438 0.396927 1.519660 0.287877 1.338274 2.124728 0.997569 1.388812 0.844724 1.143623 2.035393 0.971605 2.066615 
-0.930059 -0.014303 1.244916 -0.350955 -0.285840 0.044153 1.147777 -0.715658 0.659264 -0.366959 0.819578 1.876552 0.927405 0.562531 2.208164 1.015001 0.613091 1.216164 1.325329 0.665150 0.326189 1.889324 1.942721 1.787918 1.556523 
-0.400275 0.384010 -0.182069 1.409393 1.093566 0.011300 1.086647 1.155481 1.723536 -0.025689 -0.618069 -0.107390 1.361077 0.735487 2.108710 0.910957 0.472555 1.872820 1.495819 2.795729 1.451695 2.026143 1.574644 0.629886 1.308787 
-0.030442 0.881172 0.869523 0.161690 1.070375 0.691820 1.137345 1.693223 0.495361 1.186394 1.261185 1.370135 -0.275273 0.255366 1.715157 2.324691 1.682667 1.527413 0.811037 0.715990 1.160764 0.542848 1.065545 0.999144 1.596009 

4 4 4 4 4 4 4 4 4 4 1 1 1 1 1 1 1 1 1 1 1 1 1 1 1 
4 4 4 4 4 4 4 4 4 4 4 1 1 1 1 1 1 1 1 1 1 1 1 1 1 
4 4 4 4 4 4 4 4 4 4 4 1 1 1 1 1 1 1 1 1 1 1 1 1 1 
4 4 4 4 4 4 4 4 4 4 4 4 1 1 1 1 1 1 1 1 1 1 1 1 1 
4 4 4 4 4 4 4 4 4 4 4 4 1 1 1 1 1 1 1 1 1 1 1 1 1 
4 4 4 4 4 4 4 4 4 4 4 4 4 1 1 1 1 1 1 1 1 1 1 1 1 
4 4 4 4 4 4 4 4 4 4 4 4 3 3 3 1 1 1 1 1 1 1 1 1 1 
4 4 4 4 4 4 4 4 4 4 4 4 3 3 3 3 3 1 1 1 1 1 1 1 1 
4 4 4 4 4 4 4 4 4 4 4 3 3 3 3 3 3 3 3 1 1 1 1 1 1 
4 4 4 4 4 4 4 4 4 4 4 3 3 3 3 3 3 3 3 3 1 1 1 1 1 
4 4 4 4 4 4 4 4 4 4 3 3 3 3 3 3 3 3 3 3 3 3 1 1 1 
4 4 4 4 4 4 4 4 4 4 3 3 3 3 3 3 3 3 3 3 3 3 3 3 1 
2 2 2 4 4 4 4 4 4 3 3 3 3 3 3 3 3 3 3 3 3 3 3 3 3 
2 2 2 2 2 2 4 4 4 3 3 3 3 3 3 3 3 3 3 3 3 3 3 0 0 
2 2 2 2 2 2 2 2 2 3 3 3 3 3 3 3 3 3 3 3 3 3 0 0 0 
2 2 2 2 2 2 2 2 2 3 3 3 3 3 3 3 3 3 3 3 3 0 0 0 0 
2 2 2 2 2 2 2 2 2 2 3 3 3 3 3 3 3 3 3 0 0 0 0 0 0 
2 2 2 2 2 2 2 2 2 2 2 3 3 3 3 3 3 3 0 0 0 0 0 0 0 
2 2 2 2 2 2 2 2 2 2 2 2 3 3 3 3 3 0 0 0 0 0 0 0 0 
2 2 2 2 2 2 2 2 2 2 2 2 2 3 3 0 0 0 0 0 0 0 0 0 0 
2 2 2 2 2 2 2 2 2 2 2 2 2 3 0 0 0 0 0 0 0 0 0 0 0 
2 2 2 2 2 2 2 2 2 2 2 2 2 0 0 0 0 0 0 0 0 0 0 0 0 
2 2 2 2 2 2 2 2 2 2 2 2 2 0 0 0 0 0 0 0 0 0 0 0 0 
2 2 2 2 2 2 2 2 2 2 2 2 2 0 0 0 0 0 0 0 0 0 0 0 0 
2 2 2 2 2 2 2 2 2 2 2 2 2 0 0 0 0 0 0 0 0 0 0 0 0 

-2.0 -2.0 -2.0 -2.0 -2.0 -2.0 -2.0 -2.0 -2.0 -2.0 0.0 0.0 0.0 0.0 0.0 0.0 0.0 0.0 0.0 0.0 0.0 0.0 0.0 0.0 0.0 
-2.0 -2.0 -2.0 -2.0 -2.0 -2.0 -2.0 -2.0 -2.0 -2.0 -2.0 0.0 0.0 0.0 0.0 0.0 0.0 0.0 0.0 0.0 0.0 0.0 0.0 0.0 0.0 
-2.0 -2.0 -2.0 -2.0 -2.0 -2.0 -2.0 -2.0 -2.0 -2.0 -2.0 0.0 0.0 0.0 0.0 0.0 0.0 0.0 0.0 0.0 0.0 0.0 0.0 0.0 0.0 
-2.0 -2.0 -2.0 -2.0 -2.0 -2.0 -2.0 -2.0 -2.0 -2.0 -2.0 -2.0 0.0 0.0 0.0 0.0 0.0 0.0 0.0 0.0 0.0 0.0 0.0 0.0 0.0 
-2.0 -2.0 -2.0 -2.0 -2.0 -2.0 -2.0 -2.0 -2.0 -2.0 -2.0 -2.0 0.0 0.0 0.0 0.0 0.0 0.0 0.0 0.0 0.0 0.0 0.0 0.0 0.0 
-2.0 -2.0 -2.0 -2.0 -2.0 -2.0 -2.0 -2.0 -2.0 -2.0 -2.0 -2.0 -2.0 0.0 0.0 0.0 0.0 0.0 0.0 0.0 0.0 0.0 0.0 0.0 0.0 
-2.0 -2.0 -2.0 -2.0 -2.0 -2.0 -2.0 -2.0 -2.0 -2.0 -2.0 -2.0 -1.0 -1.0 -1.0 0.0 0.0 0.0 0.0 0.0 0.0 0.0 0.0 0.0 0.0 
-2.0 -2.0 -2.0 -2.0 -2.0 -2.0 -2.0 -2.0 -2.0 -2.0 -2.0 -2.0 -1.0 -1.0 -1.0 -1.0 -1.0 0.0 0.0 0.0 0.0 0.0 0.0 0.0 0.0 
-2.0 -2.0 -2.0 -2.0 -2.0 -2.0 -2.0 -2.0 -2.0 -2.0 -2.0 -1.0 -1.0 -1.0 -1.0 -1.0 -1.0 -1.0 -1.0 0.0 0.0 0.0 0.0 0.0 0.0 
-2.0 -2.0 -2.0 -2.0 -2.0 -2.0 -2.0 -2.0 -2.0 -2.0 -2.0 -1.0 -1.0 -1.0 -1.0 -1.0 -1.0 -1.0 -1.0 -1.0 0.0 0.0 0.0 0.0 0.0 
-2.0 -2.0 -2.0 -2.0 -2.0 -2.0 -2.0 -2.0 -2.0 -2.0 -1.0 -1.0 -1.0 -1.0 -1.0 -1.0 -1.0 -1.0 -1.0 -1.0 -1.0 -1.0 0.0 0.0 0.0 
-2.0 -2.0 -2.0 -2.0 -2.0 -2.0 -2.0 -2.0 -2.0 -2.0 -1.0 -1.0 -1.0 -1.0 -1.0 -1.0 -1.0 -1.0 -1.0 -1.0 -1.0 -1.0 -1.0 -1.0 0.0 
2.0 2.0 2.0 -2.0 -2.0 -2.0 -2.0 -2.0 -2.0 -1.0 -1.0 -1.0 -1.0 -1.0 -1.0 -1.0 -1.0 -1.0 -1.0 -1.0 -1.0 -1.0 -1.0 -1.0 -1.0 
2.0 2.0 2.0 2.0 2.0 2.0 -2.0 -2.0 -2.0 -1.0 -1.0 -1.0 -1.0 -1.0 -1.0 -1.0 -1.0 -1.0 -1.0 -1.0 -1.0 -1.0 -1.0 1.0 1.0 
2.0 2.0 2.0 2.0 2.0 2.0 2.0 2.0 2.0 -1.0 -1.0 -1.0 -1.0 -1.0 -1.0 -1.0 -1.0 -1.0 -1.0 -1.0 -1.0 -1.0 1.0 1.0 1.0 
2.0 2.0 2.0 2.0 2.0 2.0 2.0 2.0 2.0 -1.0 -1.0 -1.0 -1.0 -1.0 -1.0 -1.0 -1.0 -1.0 -1.0 -1.0 -1.0 1.0 1.0 1.0 1.0 
2.0 2.0 2.0 2.0 2.0 2.0 2.0 2.0 2.0 2.0 -1.0 -1.0 -1.0 -1.0 -1.0 -1.0 -1.0 -1.0 -1.0 1.0 1.0 1.0 1.0 1.0 1.0 
2.0 2.0 2.0 2.0 2.0 2.0 2.0 2.0 2.0 2.0 2.0 -1.0 -1.0 -1.0 -1.0 -1.0 -1.0 -1.0 1.0 1.0 1.0 1.0 1.0 1.0 1.0 
2.0 2.0 2.0 2.0 2.0 2.0 2.0 2.0 2.0 2.0 2.0 2.0 -1.0 -1.0 -1.0 -1.0 -1.0 1.0 1.0 1.0 1.0 1.0 1.0 1.0 1.0 
2.0 2.0 2.0 2.0 2.0 2.0 2.0 2.0 2.0 2.0 2.0 2.0 2.0 -1.0 -1.0 1.0 1.0 1.0 1.0 1.0 1.0 1.0 1.0 1.0 1.0 
2.0 2.0 2.0 2.0 2.0 2.0 2.0 2.0 2.0 2.0 2.0 2.0 2.0 -1.0 1.0 1.0 1.0 1.0 1.0 1.0 1.0 1.0 1.0 1.0 1.0 
2.0 2.0 2.0 2.0 2.0 2.0 2.0 2.0 2.0 2.0 2.0 2.0 2.0 1.0 1.0 1.0 1.0 1.0 1.0 1.0 1.0 1.0 1.0 1.0 1.0 
2.0 2.0 2.0 2.0 2.0 2.0 2.0 2.0 2.0 2.0 2.0 2.0 2.0 1.0 1.0 1.0 1.0 1.0 1.0 1.0 1.0 1.0 1.0 1.0 1.0 
2.0 2.0 2.0 2.0 2.0 2.0 2.0 2.0 2.0 2.0 2.0 2.0 2.0 1.0 1.0 1.0 1.0 1.0 1.0 1.0 1.0 1.0 1.0 1.0 1.0 
2.0 2.0 2.0 2.0 2.0 2.0 2.0 2.0 2.0 2.0 2.0 2.0 2.0 1.0 1.0 1.0 1.0 1.0 1.0 1.0 1.0 1.0 1.0 1.0 1.0 

1.0 1.0 1.0 1.0 1.0 1.0 1.0 1.0 1.0 1.0 -2.0 -2.0 -2.0 -2.0 -2.0 -2.0 -2.0 -2.0 -2.0 -2.0 -2.0 -2.0 -2.0 -2.0 -2.0 
1.0 1.0 1.0 1.0 1.0 1.0 1.0 1.0 1.0 1.0 1.0 -2.0 -2.0 -2.0 -2.0 -2.0 -2.0 -2.0 -2.0 -2.0 -2.0 -2.0 -2.0 -2.0 -2.0 
1.0 1.0 1.0 1.0 1.0 1.0 1.0 1.0 1.0 1.0 1.0 -2.0 -2.0 -2.0 -2.0 -2.0 -2.0 -2.0 -2.0 -2.0 -2.0 -2.0 -2.0 -2.0 -2.0 
1.0 1.0 1.0 1.0 1.0 1.0 1.0 1.0 1.0 1.0 1.0 1.0 -2.0 -2.0 -2.0 -2.0 -2.0 -2.0 -2.0 -2.0 -2.0 -2.0 -2.0 -2.0 -2.0 
1.0 1.0 1.0 1.0 1.0 1.0 1.0 1.0 1.0 1.0 1.0 1.0 -2.0 -2.0 -2.0 -2.0 -2.0 -2.0 -2.0 -2.0 -2.0 -2.0 -2.0 -2.0 -2.0 
1.0 1.0 1.0 1.0 1.0 1.0 1.0 1.0 1.0 1.0 1.0 1.0 1.0 -2.0 -2.0 -2.0 -2.0 -2.0 -2.0 -2.0 -2.0 -2.0 -2.0 -2.0 -2.0 
1.0 1.0 1.0 1.0 1.0 1.0 1.0 1.0 1.0 1.0 1.0 1.0 0.0 0.0 0.0 -2.0 -2.0 -2.0 -2.0 -2.0 -2.0 -2.0 -2.0 -2.0 -2.0 
1.0 1.0 1.0 1.0 1.0 1.0 1.0 1.0 1.0 1.0 1.0 1.0 0.0 0.0 0.0 0.0 0.0 -2.0 -2.0 -2.0 -2.0 -2.0 -2.0 -2.0 -2.0 
1.0 1.0 1.0 1.0 1.0 1.0 1.0 1.0 1.0 1.0 1.0 0.0 0.0 0.0 0.0 0.0 0.0 0.0 0.0 -2.0 -2.0 -2.0 -2.0 -2.0 -2.0 
1.0 1.0 1.0 1.0 1.0 1.0 1.0 1.0 1.0 1.0 1.0 0.0 0.0 0.0 0.0 0.0 0.0 0.0 0.0 0.0 -2.0 -2.0 -2.0 -2.0 -2.0 
1.0 1.0 1.0 1.0 1.0 1.0 1.0 1.0 1.0 1.0 0.0 0.0 0.0 0.0 0.0 0.0 0.0 0.0 0.0 0.0 0.0 0.0 -2.0 -2.0 -2.0 
1.0 1.0 1.0 1.0 1.0 1.0 1.0 1.0 1.0 1.0 0.0 0.0 0.0 0.0 0.0 0.0 0.0 0.0 0.0 0.0 0.0 0.0 0.0 0.0 -2.0 
-1.0 -1.0 -1.0 1.0 1.0 1.0 1.0 1.0 1.0 0.0 0.0 0.0 0.0 0.0 0.0 0.0 0.0 0.0 0.0 0.0 0.0 0.0 0.0 0.0 0.0 
-1.0 -1.0 -1.0 -1.0 -1.0 -1.0 1.0 1.0 1.0 0.0 0.0 0.0 0.0 0.0 0.0 0.0 0.0 0.0 0.0 0.0 0.0 0.0 0.0 2.0 2.0 
-1.0 -1.0 -1.0 -1.0 -1.0 -1.0 -1.0 -1.0 -1.0 0.0 0.0 0.0 0.0 0.0 0.0 0.0 0.0 0.0 0.0 0.0 0.0 0.0 2.0 2.0 2.0 
-1.0 -1.0 -1.0 -1.0 -1.0 -1.0 -1.0 -1.0 -1.0 0.0 0.0 0.0 0.0 0.0 0.0 0.0 0.0 0.0 0.0 0.0 0.0 2.0 2.0 2.0 2.0 
-1.0 -1.0 -1.0 -1.0 -1.0 -1.0 -1.0 -1.0 -1.0 -1.0 0.0 0.0 0.0 0.0 0.0 0.0 0.0 0.0 0.0 2.0 2.0 2.0 2.0 2.0 2.0 
-1.0 -1.0 -1.0 -1.0 -1.0 -1.0 -1.0 -1.0 -1.0 -1.0 -1.0 0.0 0.0 0.0 0.0 0.0 0.0 0.0 2.0 2.0 2.0 2.0 2.0 2.0 2.0 
-1.0 -1.0 -1.0 -1.0 -1.0 -1.0 -1.0 -1.0 -1.0 -1.0 -1.0 -1.0 0.0 0.0 0.0 0.0 0.0 2.0 2.0 2.0 2.0 2.0 2.0 2.0 2.0 
-1.0 -1.0 -1.0 -1.0 -1.0 -1.0 -1.0 -1.0 -1.0 -1.0 -1.0 -1.0 -1.0 0.0 0.0 2.0 2.0 2.0 2.0 2.0 2.0 2.0 2.0 2.0 2.0 
-1.0 -1.0 -1.0 -1.0 -1.0 -1.0 -1.0 -1.0 -1.0 -1.0 -1.0 -1.0 -1.0 0.0 2.0 2.0 2.0 2.0 2.0 2.0 2.0 2.0 2.0 2.0 2.0 
-1.0 -1.0 -1.0 -1.0 -1.0 -1.0 -1.0 -1.0 -1.0 -1.0 -1.0 -1.0 -1.0 2.0 2.0 2.0 2.0 2.0 2.0 2.0 2.0 2.0 2.0 2.0 2.0 
-1.0 -1.0 -1.0 -1.0 -1.0 -1.0 -1.0 -1.0 -1.0 -1.0 -1.0 -1.0 -1.0 2.0 2.0 2.0 2.0 2.0 2.0 2.0 2.0 2.0 2.0 2.0 2.0 
-1.0 -1.0 -1.0 -1.0 -1.0 -1.0 -1.0 -1.0 -1.0 -1.0 -1.0 -1.0 -1.0 2.0 2.0 2.0 2.0 2.0 2.0 2.0 2.0 2.0 2.0 2.0 2.0 
-1.0 -1.0 -1.0 -1.0 -1.0 -1.0 -1.0 -1.0 -1.0 -1.0 -1.0 -1.0 -1.0 2.0 2.0 2.0 2.0 2.0 2.0 2.0 2.0 2.0 2.0 2.0 2.0 

