0.974589 0.341814 0.072085 0.651359 0.202668 0.724245 0.805478 0.374228 0.971687 0.987662 0.558006 0.788179 0.447144 0.609282 0.127652 0.698559 0.076728 0.186965 0.971459 0.864134 0.007169 0.701463 0.475816 0.960680 0.875476 
0.861645 0.711682 0.655626 0.775195 0.834552 0.388504 0.611525 0.861075 0.224348 0.947906 0.047456 0.327495 0.997480 0.050415 0.191809 0.049669 0.966537 0.904619 0.612996 0.752230 0.459581 0.224697 0.033293 0.777152 0.456352 
0.880063 0.871481 0.283131 0.809594 0.931666 0.845273 0.187308 0.135964 0.085856 0.242247 0.449582 0.922863 0.833773 0.825040 0.132409 0.638324 0.881820 0.615501 0.025772 0.096653 0.938481 0.888347 0.838701 0.800127 0.192847 
0.767072 0.253803 0.377349 0.181205 0.340804 0.611267 0.706845 0.892249 0.852350 0.956583 0.615713 0.641587 0.557081 0.222081 0.403615 0.687974 0.932186 0.179737 0.916308 0.984775 0.814985 0.998939 0.033744 0.540239 0.415630 
0.018464 0.956774 0.146556 0.789737 0.588488 0.016753 0.644978 0.031259 0.841341 0.491932 0.173386 0.885144 0.868029 0.045338 0.493616 0.925783 0.265737 0.210825 0.276851 0.342244 0.060457 0.637769 0.049583 0.049336 0.624497 
0.907821 0.889528 0.972772 0.362844 0.518700 0.514461 0.127979 0.395786 0.635775 0.705641 0.364756 0.777502 0.242665 0.570460 0.310124 0.295025 0.598967 0.336253 0.477401 0.815837 0.374297 0.141644 0.792234 0.725583 0.636675 
0.246486 0.553620 0.732822 0.596886 0.739720 0.615408 0.949777 0.541526 0.217328 0.325877 0.514878 0.525756 0.509541 0.822582 0.067959 0.943126 0.109353 0.313128 0.508622 0.089669 0.051031 0.139618 0.545292 0.432513 0.462527 
0.199104 0.447880 0.982139 0.148199 0.257452 0.948985 0.548437 0.030710 0.851804 0.560709 0.230229 0.002436 0.305154 0.264182 0.285305 0.450132 0.321543 0.015098 0.382947 0.060891 0.132601 0.354671 0.415340 0.901490 0.074936 
0.470786 0.626906 0.228138 0.203436 0.223066 0.870923 0.218080 0.419735 0.630105 0.075124 0.114247 0.327161 0.533379 0.933309 0.191441 0.435527 0.644092 0.937698 0.160687 0.286757 0.782681 0.145311 0.064158 0.644126 0.985193 
0.688414 0.875247 0.597747 0.741390 0.585897 0.934658 0.721112 0.643733 0.888379 0.159294 0.947051 0.716042 0.055309 0.178618 0.512777 0.796940 0.591682 0.076807 0.572428 0.496456 0.630394 0.360691 0.931635 0.177818 0.711175 
0.733042 0.968807 0.525022 0.977957 0.337806 0.557425 0.277854 0.492122 0.407588 0.732977 0.283736 0.742411 0.173592 0.035240 0.907589 0.475315 0.782639 0.310008 0.772445 0.267384 0.405674 0.090623 0.905470 0.668562 0.409499 
0.534415 0.772891 0.057170 0.698709 0.794836 0.058634 0.817369 0.684006 0.022746 0.068773 0.296017 0.083789 0.364846 0.002779 0.798336 0.173766 0.997453 0.246627 0.232060 0.993844 0.487290 0.394486 0.986308 0.651637 0.659983 
0.405181 0.541328 0.100580 0.763033 0.445830 0.675096 0.500699 0.465601 0.980669 0.416757 0.332640 0.034598 0.026912 0.128071 0.017094 0.997541 0.116838 0.693981 0.416174 0.955644 0.379983 0.995836 0.858924 0.943165 0.907855 
0.134525 0.805624 0.600232 0.310920 0.127382 0.342506 0.593892 0.154069 0.528560 0.136323 0.551764 0.988946 0.634795 0.719984 0.454171 0.533432 0.507268 0.498927 0.167394 0.336911 0.318575 0.818849 0.959061 0.879245 0.266537 
0.906250 0.311465 0.568782 0.357596 0.546963 0.202079 0.048885 0.800340 0.264817 0.374172 0.071287 0.131042 0.966289 0.953440 0.037009 0.195606 0.238692 0.247261 0.269210 0.226259 0.023659 0.324928 0.014420 0.222288 0.388973 
0.141013 0.792807 0.006188 0.715356 0.731334 0.205957 0.944424 0.589888 0.667282 0.100969 0.170558 0.947836 0.552484 0.345664 0.650521 0.000996 0.910139 0.850320 0.416454 0.713289 0.170035 0.422555 0.600451 0.129487 0.418609 
0.849895 0.378049 0.413339 0.472565 0.162026 0.876473 0.810221 0.867990 0.779839 0.896403 0.220310 0.325254 0.540763 0.003036 0.513513 0.044042 0.404232 0.573094 0.242856 0.872198 0.028535 0.718319 0.778445 0.766194 0.122305 
0.004198 0.934655 0.939904 0.575792 0.747963 0.119770 0.196047 0.540642 0.447576 0.036167 0.107094 0.136625 0.558234 0.087041 0.534234 0.480605 0.677831 0.854701 0.012282 0.232598 0.827992 0.730331 0.336067 0.392143 0.118702 
0.024442 0.853456 0.296597 0.745785 0.717592 0.140522 0.788891 0.292148 0.211035 0.787325 0.948177 0.499146 0.873923 0.197835 0.073130 0.843584 0.609439 0.658610 0.526474 0.055335 0.445926 0.346894 0.956210 0.470233 0.730441 
0.967701 0.747590 0.921543 0.215416 0.972047 0.429081 0.988158 0.529972 0.449275 0.234887 0.141592 0.340582 0.059785 0.879538 0.778265 0.183888 0.847059 0.223148 0.096703 0.562494 0.081905 0.489934 0.384687 0.671646 0.177309 
0.614483 0.204433 0.137367 0.905579 0.324292 0.624636 0.440337 0.077106 0.730418 0.542754 0.576000 0.461589 0.588988 0.510832 0.715065 0.446566 0.073856 0.065258 0.021269 0.692057 0.023061 0.152529 0.318427 0.378834 0.265453 
0.483502 0.429310 0.253321 0.151035 0.209722 0.424997 0.891505 0.500225 0.740197 0.607313 0.036566 0.394829 0.810137 0.002635 0.869429 0.745646 0.608266 0.048612 0.199832 0.662233 0.305376 0.893388 0.787185 0.068688 0.812294 
0.258121 0.201237 0.085934 0.044936 0.681676 0.164533 0.371069 0.203197 0.909409 0.297267 0.587999 0.340381 0.540815 0.872850 0.129510 0.385035 0.027638 0.668172 0.265705 0.301728 0.108689 0.299636 0.791323 0.008982 0.748178 
0.743851 0.473139 0.600423 0.291393 0.218540 0.290506 0.890918 0.359739 0.015796 0.826737 0.934245 0.176716 0.029493 0.930374 0.126916 0.030047 0.930131 0.346007 0.984163 0.654225 0.668540 0.757390 0.945806 0.337268 0.890240 
0.295958 0.527598 0.079133 0.423666 0.671544 0.066986 0.385661 0.451385 0.125961 0.786072 0.241104 0.439668 0.384352 0.338406 0.521361 0.523666 0.129423 0.978511 0.030429 0.937744 0.866040 0.226015 0.188438 0.706266 0.168994 

0.025324 0.398849 0.762107 0.846836 0.172367 0.958370 0.370800 0.204943 0.010186 0.732008 0.653444 0.438046 0.572448 0.763865 0.865783 0.593446 0.231331 0.974048 0.374579 0.978792 0.918269 0.524723 0.220990 0.440891 0.451265 
0.594745 0.260858 0.524121 0.443852 0.177802 0.252763 0.390172 0.951053 0.468475 0.561454 0.850342 0.841396 0.700340 0.647995 0.911810 0.032454 0.286651 0.411048 0.656788 0.233081 0.784309 0.901195 0.966742 0.714501 0.733350 
0.229351 0.568011 0.124429 0.950769 0.776785 0.581071 0.736182 0.630643 0.944502 0.897173 0.491788 0.390319 0.080783 0.607167 0.823719 0.719846 0.640375 0.439532 0.042644 0.437053 0.275709 0.003628 0.221613 0.924877 0.916353 
0.443641 0.861023 0.796772 0.641722 0.572617 0.995303 0.744152 0.451924 0.794579 0.219662 0.192452 0.815999 0.238888 0.061470 0.458325 0.705136 0.284332 0.269502 0.195855 0.204670 0.533543 0.131351 0.728049 0.953104 0.712772 
0.544460 0.554647 0.999959 0.064501 0.881043 0.860722 0.136488 0.720372 0.606019 0.270600 0.351822 0.091447 0.057775 0.601319 0.230550 0.035065 0.778073 0.851033 0.439862 0.162679 0.720691 0.712632 0.113386 0.665927 0.343741 
0.778950 0.274575 0.643857 0.936490 0.233225 0.049873 0.740543 0.903746 0.021671 0.753214 0.221111 0.076548 0.792011 0.264415 0.971645 0.206722 0.002147 0.337251 0.412312 0.678313 0.753474 0.219691 0.048609 0.403195 0.857880 
0.025828 0.549551 0.687523 0.627200 0.818026 0.324171 0.390479 0.723259 0.933587 0.589329 0.027495 0.223574 0.480520 0.642651 0.964251 0.755632 0.457681 0.640175 0.099346 0.304595 0.716700 0.528420 0.558021 0.843698 0.633768 
0.754894 0.717660 0.518735 0.093592 0.882898 0.314908 0.409154 0.110615 0.389865 0.898911 0.845087 0.486137 0.604402 0.263356 0.493318 0.547855 0.875073 0.711139 0.766094 0.598703 0.990162 0.718269 0.233986 0.000092 0.556367 
0.205742 0.320932 0.095150 0.948125 0.922475 0.569329 0.761284 0.584601 0.691478 0.826834 0.609535 0.804863 0.612703 0.843828 0.565387 0.630932 0.084102 0.390189 0.571453 0.772963 0.101699 0.862200 0.340514 0.864581 0.331202 
0.382045 0.593498 0.492038 0.275607 0.097897 0.452806 0.672990 0.921642 0.867146 0.080515 0.482180 0.596186 0.994156 0.659875 0.121754 0.696386 0.150615 0.323268 0.277164 0.029094 0.907083 0.888189 0.837272 0.863240 0.851205 
0.274953 0.748381 0.109225 0.199971 0.933605 0.764329 0.266368 0.250815 0.332652 0.538880 0.576127 0.942670 0.607867 0.439101 0.689227 0.502703 0.278315 0.155717 0.400054 0.689042 0.218887 0.532130 0.212720 0.905961 0.970194 
0.668873 0.996707 0.086956 0.432554 0.321756 0.883489 0.066750 0.298301 0.488784 0.253552 0.017281 0.311876 0.035694 0.739450 0.190581 0.780487 0.213650 0.540950 0.412589 0.424026 0.679511 0.172204 0.334814 0.415716 0.541008 
0.904412 0.270841 0.549761 0.899373 0.519181 0.511350 0.126107 0.331277 0.419392 0.130996 0.656748 0.344383 0.918874 0.341155 0.398027 0.911112 0.399063 0.315155 0.145617 0.397599 0.736479 0.889173 0.857085 0.796916 0.627626 
0.847419 0.954822 0.427053 0.262673 0.550511 0.174110 0.314860 0.806020 0.672926 0.096524 0.847730 0.591031 0.981447 0.801065 0.318723 0.465189 0.279995 0.242688 0.315805 0.818737 0.136618 0.716313 0.365293 0.776978 0.802196 
0.238281 0.402098 0.200971 0.755518 0.041057 0.998431 0.567245 0.292699 0.829221 0.632517 0.920559 0.190521 0.259970 0.010528 0.016491 0.055803 0.809422 0.368559 0.219745 0.258443 0.731474 0.828602 0.568099 0.231505 0.399333 
0.254240 0.542355 0.364425 0.942195 0.601073 0.276039 0.393232 0.989218 0.683732 0.602671 0.858549 0.640409 0.795186 0.048610 0.882537 0.664763 0.263073 0.320101 0.061473 0.240437 0.484444 0.609479 0.907005 0.024222 0.251994 
0.145733 0.459548 0.450526 0.556657 0.677767 0.836178 0.751810 0.163509 0.209573 0.689715 0.127407 0.245625 0.384706 0.213956 0.244114 0.899642 0.095225 0.497303 0.141808 0.372337 0.615018 0.344546 0.930374 0.200282 0.054565 
0.773212 0.312879 0.765242 0.539171 0.969244 0.616554 0.769008 0.200074 0.679945 0.937935 0.313473 0.950809 0.930454 0.735747 0.205705 0.683612 0.044304 0.436770 0.183329 0.987126 0.150431 0.224078 0.573410 0.210973 0.056783 
0.774600 0.495913 0.481433 0.560170 0.451784 0.471173 0.066955 0.738050 0.008334 0.974261 0.109069 0.511933 0.411142 0.668916 0.911057 0.743102 0.634702 0.766238 0.326052 0.542304 0.327535 0.294199 0.606662 0.776851 0.625037 
0.580414 0.882438 0.132486 0.631222 0.388220 0.854135 0.466456 0.477796 0.287392 0.231101 0.784914 0.894228 0.809834 0.243132 0.693636 0.474732 0.953380 0.508044 0.183318 0.303064 0.119903 0.690349 0.885835 0.535743 0.339483 
0.752384 0.961188 0.121445 0.126011 0.920962 0.796912 0.194804 0.752765 0.430542 0.142606 0.620026 0.919063 0.964396 0.577026 0.631281 0.479568 0.239657 0.501860 0.546474 0.686394 0.601815 0.859841 0.136489 0.367246 0.707481 
0.491506 0.897864 0.084698 0.267795 0.411546 0.687057 0.245700 0.007857 0.189505 0.105534 0.397838 0.267926 0.693950 0.029132 0.592354 0.690377 0.266587 0.390495 0.931542 0.251141 0.307616 0.620961 0.630972 0.180794 0.414974 
0.922510 0.588568 0.369180 0.283714 0.292226 0.059371 0.433132 0.573207 0.710110 0.642849 0.541513 0.187223 0.682437 0.826405 0.310219 0.133752 0.771878 0.742794 0.484739 0.379364 0.104861 0.028549 0.819523 0.109702 0.632782 
0.852654 0.504225 0.331830 0.434767 0.593252 0.646658 0.114440 0.443614 0.611376 0.456625 0.349337 0.589330 0.292803 0.248548 0.854747 0.426513 0.508916 0.107207 0.055307 0.864530 0.970477 0.934367 0.598327 0.468221 0.771326 
0.133101 0.653799 0.819068 0.556196 0.314293 0.149518 0.186864 0.585705 0.935502 0.565594 0.020511 0.145492 0.977658 0.594341 0.555233 0.439412 0.401026 0.421149 0.278463 0.081779 0.317540 0.048106 0.366189 0.155739 0.428229 

-1.499377 0.306733 0.550604 -0.371008 -0.058528 -0.229691 -1.776940 -0.518329 -1.348429 -1.007795 -0.674378 -1.285758 -0.104014 -0.324552 0.424193 -0.866126 0.114340 1.142256 -1.582115 -0.949346 0.802859 -0.826780 -0.733839 -1.234506 -1.042545 
-1.417951 -1.482503 -0.752353 -0.881661 -1.102071 -0.538098 -0.842979 -1.160343 0.725349 -1.194963 0.379291 0.662031 -1.606295 0.632616 0.196483 0.436783 -1.881009 -1.842950 -0.767831 -1.128962 -0.147163 0.596692 1.233506 -1.137371 -0.151282 
-1.737101 -1.018011 -0.850874 -0.666405 -1.271629 -1.098495 0.452710 0.306117 0.524875 0.757175 -0.308489 -1.191939 -1.725141 -1.367308 0.813458 -0.486105 -0.813818 -0.689813 0.043470 -0.155983 -1.890248 -1.554662 -1.506775 -0.792701 0.441758 
-1.466275 0.687612 0.229913 0.247570 -0.282709 -0.111907 -0.498970 -1.300603 -0.804526 -1.649199 -1.111104 -0.635300 -0.314085 -0.277501 -0.762462 -0.295285 -2.006246 -0.514462 -1.876853 -1.815396 -1.332999 -1.279019 0.683618 -0.422622 -0.105610 
0.632368 -1.583766 0.527289 -2.047217 -0.988566 1.074269 -1.662015 0.262164 -1.270957 -0.815377 -0.212578 -1.966975 -1.735467 0.050838 -0.908637 -1.773590 0.561515 0.447388 0.061160 -1.245096 0.973075 -1.034791 -0.054834 0.284521 -0.825080 
-1.791504 -0.875670 -0.891407 -2.344986 -0.306490 -0.761229 -1.659142 -2.273964 -0.094985 -1.892242 -0.482970 -0.426843 -2.106935 -0.906123 -2.025944 -0.614243 0.607334 -0.609165 -0.958587 -1.434372 -1.789485 -0.468331 -0.000016 -0.792703 -1.631246 
-0.096722 -1.583075 -1.859786 -1.540726 -1.831470 -0.680585 -0.364380 -1.244157 -1.863375 -0.655982 -0.243063 -0.346600 -1.344256 -0.700437 -2.254550 -1.455369 -1.207663 -1.175023 -0.928742 -0.399402 -1.347763 -1.252559 -1.099334 -1.758911 -0.978430 
-1.782904 -2.245191 -0.823468 -0.253322 -2.054828 -0.677548 -0.916427 -0.533690 -0.973265 -1.805746 -1.560432 -0.546857 -0.681538 -0.940014 -1.049548 -1.099239 -1.820871 -1.323104 -1.426410 -0.854248 -1.998966 -1.629020 -0.323348 -0.159862 -0.996172 
-0.537355 -0.286059 -0.101643 -1.581027 -1.969091 -1.173286 -1.755888 -1.318915 -1.401466 -1.614573 -0.977197 -1.844596 -0.739694 -1.003390 -1.176340 -1.234391 0.073019 -0.384769 -0.685380 -1.511332 -0.259619 -1.688607 -1.035600 -0.948886 -0.268034 
-0.874189 -1.022398 -1.045596 -0.771399 -0.349589 -1.395880 -1.277397 -1.457969 -1.099694 -0.066774 -1.032339 -1.335802 -1.686966 -1.726795 -0.587727 -1.008630 0.086508 -0.473608 -1.082086 -0.169680 -2.476201 -1.677776 -2.100429 -1.930464 -1.539992 
0.615013 -0.080476 0.291424 1.145768 -0.912121 0.013446 0.011311 -0.089864 0.362923 0.227323 -0.092816 -0.186799 -0.693373 -1.021993 -0.080206 0.579289 0.596587 0.209944 0.819284 -0.053631 0.059676 -0.069426 1.236220 -0.389367 -1.548333 
0.248657 -0.062832 -0.244349 -0.014054 0.170637 -0.967147 0.446038 0.725340 -0.296223 0.013291 1.192832 -0.466911 0.559213 -0.489297 1.095560 -0.496209 1.375781 -0.141506 -0.450885 0.386218 -0.454742 -0.145244 0.478415 -0.517504 0.510909 
-0.015393 -0.163318 -0.354217 -0.274354 0.008102 -0.408671 0.527092 0.103297 0.374982 0.322811 -0.461410 -0.528957 -0.955539 -0.013475 -0.627838 0.665110 -0.443675 0.540118 0.033562 0.178600 -0.310439 -0.255833 -0.154376 -0.080075 0.475100 
-0.537021 -0.180281 -0.044775 -0.190008 -0.458386 0.261515 -0.268922 -0.743440 -0.602144 0.316527 -0.305126 0.502064 -0.517359 0.230343 -0.016386 0.465436 0.718424 -0.360220 0.203702 -0.079562 -0.018030 0.125270 0.513565 -0.076084 -0.694864 
0.575363 0.061383 0.136559 -0.472318 0.634778 -0.490832 -0.383310 0.986845 -0.814794 -0.517340 -0.714544 0.294979 0.847051 0.975471 0.073796 -0.013898 -0.513976 0.192917 -0.125696 -0.128135 -0.371904 -0.808705 -0.454127 0.223697 -0.211241 
0.690965 0.122977 0.424646 1.504814 0.377122 0.750961 -0.598718 0.938988 0.813899 1.284366 1.535086 0.193442 1.093647 -0.148360 1.455263 1.252647 -0.484330 -0.115497 -0.075657 -0.308602 0.802088 0.713795 1.237574 0.424918 0.001243 
-0.830223 0.183061 0.266996 0.892744 1.341899 0.599877 0.750775 -0.103144 -0.205937 0.247888 0.152351 0.310218 0.004429 0.592299 0.088808 1.765933 -0.680276 0.876871 0.196331 0.103332 1.349360 -0.203578 0.969643 -0.425891 0.010780 
1.631782 -0.334983 0.921693 0.397957 1.105768 1.184036 1.246063 0.246020 0.803759 1.973127 0.556739 1.909338 1.505838 1.243090 0.029642 0.805702 -0.595919 0.194762 0.294823 1.943591 -0.754870 -0.177647 0.727997 0.066737 0.296733 
1.579338 0.284584 0.855930 0.315679 0.204664 0.837292 -0.657648 0.864129 -0.227478 1.722913 -0.632707 0.544796 0.236466 1.171188 1.765879 0.530894 0.926844 0.935004 0.149652 1.910772 0.253445 0.132961 0.120096 1.519543 0.619968 
-0.248960 0.807129 -0.940841 0.952228 -0.671246 0.959751 -0.287187 0.430617 0.501088 0.632462 1.643402 1.446867 1.694760 0.703681 0.365958 0.456323 0.595678 0.640950 0.527001 0.432252 0.026882 0.615299 1.590771 0.050126 0.880363 
1.663083 0.768657 0.338058 1.621310 0.594307 0.843371 0.544049 0.100126 1.003754 1.005843 1.485489 0.981593 1.492249 1.158100 0.798659 0.617322 -0.145377 0.063820 0.641306 0.971688 -0.007258 0.720383 0.902603 1.098178 0.510768 
0.800395 0.438493 0.340626 -0.074544 0.251567 1.032460 1.661168 1.237148 1.753330 1.147257 0.525204 0.892982 1.534174 0.241932 2.206582 1.402206 1.178425 -0.330908 0.456564 1.459620 0.194381 1.761783 1.935678 0.004925 1.486607 
0.182727 0.638217 0.431693 0.127830 1.433566 0.507329 0.850249 0.421073 1.808942 0.135818 0.986647 0.733752 0.857576 1.712761 0.287842 0.863134 0.118155 1.564886 0.557749 0.605650 -0.257386 0.835462 1.266810 -0.647974 1.201493 
2.035212 0.967075 1.382768 0.703412 0.235323 0.317219 1.810384 0.847417 -0.222976 1.869465 2.233303 0.504099 0.340019 2.159820 0.142369 0.073777 1.663452 0.459337 1.597868 1.775489 1.195594 1.456803 1.728445 0.823419 2.167226 
1.015240 0.877484 0.240044 1.129392 1.211234 0.269600 0.817049 1.320325 0.309832 1.742848 0.965722 1.268864 0.512443 0.463049 1.066585 1.018701 0.460560 1.695819 -0.001233 1.435842 1.962503 1.019478 0.403558 2.392948 0.261470 

0 0 0 0 0 0 0 0 0 0 0 0 0 0 0 0 0 0 0 0 0 0 0 0 0 
0 0 0 0 0 0 0 0 0 0 0 0 0 0 0 0 0 0 0 0 0 0 0 0 0 
0 0 0 0 0 0 0 0 0 0 0 0 0 0 0 0 0 0 0 0 0 0 0 0 0 
0 0 0 0 0 0 0 0 0 0 0 0 0 0 0 0 0 0 0 0 0 0 0 0 0 
0 0 0 0 0 0 0 0 0 0 0 0 0 0 0 0 0 0 0 0 0 0 0 0 0 
1 1 1 1 1 1 1 1 1 1 1 1 1 1 1 1 1 1 1 1 1 1 1 1 1 
1 1 1 1 1 1 1 1 1 1 1 1 1 1 1 1 1 1 1 1 1 1 1 1 1 
1 1 1 1 1 1 1 1 1 1 1 1 1 1 1 1 1 1 1 1 1 1 1 1 1 
1 1 1 1 1 1 1 1 1 1 1 1 1 1 1 1 1 1 1 1 1 1 1 1 1 
1 1 1 1 1 1 1 1 1 1 1 1 1 1 1 1 1 1 1 1 1 1 1 1 1 
2 2 2 2 2 2 2 2 2 2 2 2 2 2 2 2 2 2 2 2 2 2 2 2 2 
2 2 2 2 2 2 2 2 2 2 2 2 2 2 2 2 2 2 2 2 2 2 2 2 2 
2 2 2 2 2 2 2 2 2 2 2 2 2 2 2 2 2 2 2 2 2 2 2 2 2 
2 2 2 2 2 2 2 2 2 2 2 2 2 2 2 2 2 2 2 2 2 2 2 2 2 
2 2 2 2 2 2 2 2 2 2 2 2 2 2 2 2 2 2 2 2 2 2 2 2 2 
3 3 3 3 3 3 3 3 3 3 3 3 3 3 3 3 3 3 3 3 3 3 3 3 3 
3 3 3 3 3 3 3 3 3 3 3 3 3 3 3 3 3 3 3 3 3 3 3 3 3 
3 3 3 3 3 3 3 3 3 3 3 3 3 3 3 3 3 3 3 3 3 3 3 3 3 
3 3 3 3 3 3 3 3 3 3 3 3 3 3 3 3 3 3 3 3 3 3 3 3 3 
3 3 3 3 3 3 3 3 3 3 3 3 3 3 3 3 3 3 3 3 3 3 3 3 3 
4 4 4 4 4 4 4 4 4 4 4 4 4 4 4 4 4 4 4 4 4 4 4 4 4 
4 4 4 4 4 4 4 4 4 4 4 4 4 4 4 4 4 4 4 4 4 4 4 4 4 
4 4 4 4 4 4 4 4 4 4 4 4 4 4 4 4 4 4 4 4 4 4 4 4 4 
4 4 4 4 4 4 4 4 4 4 4 4 4 4 4 4 4 4 4 4 4 4 4 4 4 
4 4 4 4 4 4 4 4 4 4 4 4 4 4 4 4 4 4 4 4 4 4 4 4 4 

-2.0 -2.0 -2.0 -2.0 -2.0 -2.0 -2.0 -2.0 -2.0 -2.0 -2.0 -2.0 -2.0 -2.0 -2.0 -2.0 -2.0 -2.0 -2.0 -2.0 -2.0 -2.0 -2.0 -2.0 -2.0 
-2.0 -2.0 -2.0 -2.0 -2.0 -2.0 -2.0 -2.0 -2.0 -2.0 -2.0 -2.0 -2.0 -2.0 -2.0 -2.0 -2.0 -2.0 -2.0 -2.0 -2.0 -2.0 -2.0 -2.0 -2.0 
-2.0 -2.0 -2.0 -2.0 -2.0 -2.0 -2.0 -2.0 -2.0 -2.0 -2.0 -2.0 -2.0 -2.0 -2.0 -2.0 -2.0 -2.0 -2.0 -2.0 -2.0 -2.0 -2.0 -2.0 -2.0 
-2.0 -2.0 -2.0 -2.0 -2.0 -2.0 -2.0 -2.0 -2.0 -2.0 -2.0 -2.0 -2.0 -2.0 -2.0 -2.0 -2.0 -2.0 -2.0 -2.0 -2.0 -2.0 -2.0 -2.0 -2.0 
-2.0 -2.0 -2.0 -2.0 -2.0 -2.0 -2.0 -2.0 -2.0 -2.0 -2.0 -2.0 -2.0 -2.0 -2.0 -2.0 -2.0 -2.0 -2.0 -2.0 -2.0 -2.0 -2.0 -2.0 -2.0 
0.0 0.0 0.0 0.0 0.0 0.0 0.0 0.0 0.0 0.0 0.0 0.0 0.0 0.0 0.0 0.0 0.0 0.0 0.0 0.0 0.0 0.0 0.0 0.0 0.0 
0.0 0.0 0.0 0.0 0.0 0.0 0.0 0.0 0.0 0.0 0.0 0.0 0.0 0.0 0.0 0.0 0.0 0.0 0.0 0.0 0.0 0.0 0.0 0.0 0.0 
0.0 0.0 0.0 0.0 0.0 0.0 0.0 0.0 0.0 0.0 0.0 0.0 0.0 0.0 0.0 0.0 0.0 0.0 0.0 0.0 0.0 0.0 0.0 0.0 0.0 
0.0 0.0 0.0 0.0 0.0 0.0 0.0 0.0 0.0 0.0 0.0 0.0 0.0 0.0 0.0 0.0 0.0 0.0 0.0 0.0 0.0 0.0 0.0 0.0 0.0 
0.0 0.0 0.0 0.0 0.0 0.0 0.0 0.0 0.0 0.0 0.0 0.0 0.0 0.0 0.0 0.0 0.0 0.0 0.0 0.0 0.0 0.0 0.0 0.0 0.0 
1.0 1.0 1.0 1.0 1.0 1.0 1.0 1.0 1.0 1.0 1.0 1.0 1.0 1.0 1.0 1.0 1.0 1.0 1.0 1.0 1.0 1.0 1.0 1.0 1.0 
1.0 1.0 1.0 1.0 1.0 1.0 1.0 1.0 1.0 1.0 1.0 1.0 1.0 1.0 1.0 1.0 1.0 1.0 1.0 1.0 1.0 1.0 1.0 1.0 1.0 
1.0 1.0 1.0 1.0 1.0 1.0 1.0 1.0 1.0 1.0 1.0 1.0 1.0 1.0 1.0 1.0 1.0 1.0 1.0 1.0 1.0 1.0 1.0 1.0 1.0 
1.0 1.0 1.0 1.0 1.0 1.0 1.0 1.0 1.0 1.0 1.0 1.0 1.0 1.0 1.0 1.0 1.0 1.0 1.0 1.0 1.0 1.0 1.0 1.0 1.0 
1.0 1.0 1.0 1.0 1.0 1.0 1.0 1.0 1.0 1.0 1.0 1.0 1.0 1.0 1.0 1.0 1.0 1.0 1.0 1.0 1.0 1.0 1.0 1.0 1.0 
-1.0 -1.0 -1.0 -1.0 -1.0 -1.0 -1.0 -1.0 -1.0 -1.0 -1.0 -1.0 -1.0 -1.0 -1.0 -1.0 -1.0 -1.0 -1.0 -1.0 -1.0 -1.0 -1.0 -1.0 -1.0 
-1.0 -1.0 -1.0 -1.0 -1.0 -1.0 -1.0 -1.0 -1.0 -1.0 -1.0 -1.0 -1.0 -1.0 -1.0 -1.0 -1.0 -1.0 -1.0 -1.0 -1.0 -1.0 -1.0 -1.0 -1.0 
-1.0 -1.0 -1.0 -1.0 -1.0 -1.0 -1.0 -1.0 -1.0 -1.0 -1.0 -1.0 -1.0 -1.0 -1.0 -1.0 -1.0 -1.0 -1.0 -1.0 -1.0 -1.0 -1.0 -1.0 -1.0 
-1.0 -1.0 -1.0 -1.0 -1.0 -1.0 -1.0 -1.0 -1.0 -1.0 -1.0 -1.0 -1.0 -1.0 -1.0 -1.0 -1.0 -1.0 -1.0 -1.0 -1.0 -1.0 -1.0 -1.0 -1.0 
-1.0 -1.0 -1.0 -1.0 -1.0 -1.0 -1.0 -1.0 -1.0 -1.0 -1.0 -1.0 -1.0 -1.0 -1.0 -1.0 -1.0 -1.0 -1.0 -1.0 -1.0 -1.0 -1.0 -1.0 -1.0 
2.0 2.0 2.0 2.0 2.0 2.0 2.0 2.0 2.0 2.0 2.0 2.0 2.0 2.0 2.0 2.0 2.0 2.0 2.0 2.0 2.0 2.0 2.0 2.0 2.0 
2.0 2.0 2.0 2.0 2.0 2.0 2.0 2.0 2.0 2.0 2.0 2.0 2.0 2.0 2.0 2.0 2.0 2.0 2.0 2.0 2.0 2.0 2.0 2.0 2.0 
2.0 2.0 2.0 2.0 2.0 2.0 2.0 2.0 2.0 2.0 2.0 2.0 2.0 2.0 2.0 2.0 2.0 2.0 2.0 2.0 2.0 2.0 2.0 2.0 2.0 
2.0 2.0 2.0 2.0 2.0 2.0 2.0 2.0 2.0 2.0 2.0 2.0 2.0 2.0 2.0 2.0 2.0 2.0 2.0 2.0 2.0 2.0 2.0 2.0 2.0 
2.0 2.0 2.0 2.0 2.0 2.0 2.0 2.0 2.0 2.0 2.0 2.0 2.0 2.0 2.0 2.0 2.0 2.0 2.0 2.0 2.0 2.0 2.0 2.0 2.0 

1.0 1.0 1.0 1.0 1.0 1.0 1.0 1.0 1.0 1.0 1.0 1.0 1.0 1.0 1.0 1.0 1.0 1.0 1.0 1.0 1.0 1.0 1.0 1.0 1.0 
1.0 1.0 1.0 1.0 1.0 1.0 1.0 1.0 1.0 1.0 1.0 1.0 1.0 1.0 1.0 1.0 1.0 1.0 1.0 1.0 1.0 1.0 1.0 1.0 1.0 
1.0 1.0 1.0 1.0 1.0 1.0 1.0 1.0 1.0 1.0 1.0 1.0 1.0 1.0 1.0 1.0 1.0 1.0 1.0 1.0 1.0 1.0 1.0 1.0 1.0 
1.0 1.0 1.0 1.0 1.0 1.0 1.0 1.0 1.0 1.0 1.0 1.0 1.0 1.0 1.0 1.0 1.0 1.0 1.0 1.0 1.0 1.0 1.0 1.0 1.0 
1.0 1.0 1.0 1.0 1.0 1.0 1.0 1.0 1.0 1.0 1.0 1.0 1.0 1.0 1.0 1.0 1.0 1.0 1.0 1.0 1.0 1.0 1.0 1.0 1.0 
-2.0 -2.0 -2.0 -2.0 -2.0 -2.0 -2.0 -2.0 -2.0 -2.0 -2.0 -2.0 -2.0 -2.0 -2.0 -2.0 -2.0 -2.0 -2.0 -2.0 -2.0 -2.0 -2.0 -2.0 -2.0 
-2.0 -2.0 -2.0 -2.0 -2.0 -2.0 -2.0 -2.0 -2.0 -2.0 -2.0 -2.0 -2.0 -2.0 -2.0 -2.0 -2.0 -2.0 -2.0 -2.0 -2.0 -2.0 -2.0 -2.0 -2.0 
-2.0 -2.0 -2.0 -2.0 -2.0 -2.0 -2.0 -2.0 -2.0 -2.0 -2.0 -2.0 -2.0 -2.0 -2.0 -2.0 -2.0 -2.0 -2.0 -2.0 -2.0 -2.0 -2.0 -2.0 -2.0 
-2.0 -2.0 -2.0 -2.0 -2.0 -2.0 -2.0 -2.0 -2.0 -2.0 -2.0 -2.0 -2.0 -2.0 -2.0 -2.0 -2.0 -2.0 -2.0 -2.0 -2.0 -2.0 -2.0 -2.0 -2.0 
-2.0 -2.0 -2.0 -2.0 -2.0 -2.0 -2.0 -2.0 -2.0 -2.0 -2.0 -2.0 -2.0 -2.0 -2.0 -2.0 -2.0 -2.0 -2.0 -2.0 -2.0 -2.0 -2.0 -2.0 -2.0 
-1.0 -1.0 -1.0 -1.0 -1.0 -1.0 -1.0 -1.0 -1.0 -1.0 -1.0 -1.0 -1.0 -1.0 -1.0 -1.0 -1.0 -1.0 -1.0 -1.0 -1.0 -1.0 -1.0 -1.0 -1.0 
-1.0 -1.0 -1.0 -1.0 -1.0 -1.0 -1.0 -1.0 -1.0 -1.0 -1.0 -1.0 -1.0 -1.0 -1.0 -1.0 -1.0 -1.0 -1.0 -1.0 -1.0 -1.0 -1.0 -1.0 -1.0 
-1.0 -1.0 -1.0 -1.0 -1.0 -1.0 -1.0 -1.0 -1.0 -1.0 -1.0 -1.0 -1.0 -1.0 -1.0 -1.0 -1.0 -1.0 -1.0 -1.0 -1.0 -1.0 -1.0 -1.0 -1.0 
-1.0 -1.0 -1.0 -1.0 -1.0 -1.0 -1.0 -1.0 -1.0 -1.0 -1.0 -1.0 -1.0 -1.0 -1.0 -1.0 -1.0 -1.0 -1.0 -1.0 -1.0 -1.0 -1.0 -1.0 -1.0 
-1.0 -1.0 -1.0 -1.0 -1.0 -1.0 -1.0 -1.0 -1.0 -1.0 -1.0 -1.0 -1.0 -1.0 -1.0 -1.0 -1.0 -1.0 -1.0 -1.0 -1.0 -1.0 -1.0 -1.0 -1.0 
2.0 2.0 2.0 2.0 2.0 2.0 2.0 2.0 2.0 2.0 2.0 2.0 2.0 2.0 2.0 2.0 2.0 2.0 2.0 2.0 2.0 2.0 2.0 2.0 2.0 
2.0 2.0 2.0 2.0 2.0 2.0 2.0 2.0 2.0 2.0 2.0 2.0 2.0 2.0 2.0 2.0 2.0 2.0 2.0 2.0 2.0 2.0 2.0 2.0 2.0 
2.0 2.0 2.0 2.0 2.0 2.0 2.0 2.0 2.0 2.0 2.0 2.0 2.0 2.0 2.0 2.0 2.0 2.0 2.0 2.0 2.0 2.0 2.0 2.0 2.0 
2.0 2.0 2.0 2.0 2.0 2.0 2.0 2.0 2.0 2.0 2.0 2.0 2.0 2.0 2.0 2.0 2.0 2.0 2.0 2.0 2.0 2.0 2.0 2.0 2.0 
2.0 2.0 2.0 2.0 2.0 2.0 2.0 2.0 2.0 2.0 2.0 2.0 2.0 2.0 2.0 2.0 2.0 2.0 2.0 2.0 2.0 2.0 2.0 2.0 2.0 
0.0 0.0 0.0 0.0 0.0 0.0 0.0 0.0 0.0 0.0 0.0 0.0 0.0 0.0 0.0 0.0 0.0 0.0 0.0 0.0 0.0 0.0 0.0 0.0 0.0 
0.0 0.0 0.0 0.0 0.0 0.0 0.0 0.0 0.0 0.0 0.0 0.0 0.0 0.0 0.0 0.0 0.0 0.0 0.0 0.0 0.0 0.0 0.0 0.0 0.0 
0.0 0.0 0.0 0.0 0.0 0.0 0.0 0.0 0.0 0.0 0.0 0.0 0.0 0.0 0.0 0.0 0.0 0.0 0.0 0.0 0.0 0.0 0.0 0.0 0.0 
0.0 0.0 0.0 0.0 0.0 0.0 0.0 0.0 0.0 0.0 0.0 0.0 0.0 0.0 0.0 0.0 0.0 0.0 0.0 0.0 0.0 0.0 0.0 0.0 0.0 
0.0 0.0 0.0 0.0 0.0 0.0 0.0 0.0 0.0 0.0 0.0 0.0 0.0 0.0 0.0 0.0 0.0 0.0 0.0 0.0 0.0 0.0 0.0 0.0 0.0 

