0.875413 0.081041 0.956332 0.040488 0.679870 0.828136 0.425386 0.838234 0.197557 0.618804 0.662845 0.875577 0.478630 0.104857 0.254360 0.401347 0.563573 0.767705 0.558019 0.359377 0.759644 0.729104 0.003003 0.323411 0.793443 
0.206324 0.161350 0.068671 0.059683 0.509527 0.874332 0.382418 0.772670 0.687878 0.908188 0.069421 0.710628 0.933922 0.935806 0.234625 0.173667 0.680116 0.531148 0.163860 0.748974 0.927526 0.754598 0.346374 0.272952 0.622527 
0.198253 0.219773 0.679839 0.202037 0.385671 0.507669 0.979645 0.677595 0.697788 0.967246 0.745007 0.028141 0.104370 0.447204 0.030474 0.745485 0.963222 0.813245 0.583966 0.380520 0.295147 0.144149 0.204234 0.420917 0.960063 
0.801686 0.692645 0.456356 0.996762 0.593295 0.563576 0.832763 0.360362 0.144338 0.084845 0.622461 0.791805 0.427400 0.791490 0.828917 0.042203 0.981635 0.718807 0.146304 0.408758 0.483157 0.828308 0.610680 0.745994 0.924058 
0.082441 0.978512 0.409135 0.987169 0.197116 0.918363 0.112493 0.448802 0.626183 0.458382 0.366505 0.978152 0.293889 0.783242 0.220198 0.399401 0.101637 0.913213 0.223035 0.579698 0.887366 0.352353 0.154266 0.564357 0.817034 
0.154744 0.878171 0.367442 0.084814 0.768757 0.581726 0.766256 0.257155 0.459887 0.916674 0.068300 0.969171 0.095377 0.489943 0.317599 0.069320 0.209198 0.664279 0.667064 0.976561 0.185272 0.008570 0.824916 0.127039 0.868772 
0.571788 0.467715 0.230508 0.644843 0.744714 0.520007 0.808156 0.214327 0.715469 0.945802 0.575500 0.085667 0.193779 0.034716 0.799893 0.676162 0.120252 0.221758 0.824535 0.224921 0.102851 0.302697 0.449764 0.119240 0.770669 
0.867607 0.582524 0.992363 0.112962 0.208844 0.846801 0.212715 0.791526 0.463851 0.978174 0.805667 0.510970 0.579979 0.232536 0.644913 0.027039 0.551268 0.120491 0.248798 0.965976 0.352405 0.025102 0.426792 0.497585 0.967334 
0.741291 0.477617 0.440803 0.929064 0.716557 0.801759 0.617581 0.821778 0.633479 0.352913 0.160004 0.667114 0.214878 0.583943 0.995724 0.339542 0.941981 0.845581 0.464132 0.345204 0.040299 0.807986 0.162009 0.779088 0.116991 
0.723372 0.286306 0.163146 0.823795 0.680066 0.512232 0.235092 0.560680 0.333929 0.520243 0.966506 0.110636 0.061875 0.298040 0.863836 0.095517 0.560599 0.466758 0.798409 0.426226 0.508841 0.599422 0.017316 0.103414 0.124757 
0.943208 0.832965 0.575536 0.264106 0.568860 0.684831 0.533349 0.672724 0.004032 0.761346 0.605104 0.358209 0.285893 0.642011 0.450591 0.095580 0.258600 0.660492 0.768064 0.682371 0.927365 0.019148 0.833804 0.575641 0.233444 
0.726241 0.531042 0.032091 0.980868 0.925217 0.800047 0.863347 0.110521 0.591308 0.243262 0.602314 0.296674 0.727367 0.985562 0.179046 0.123722 0.763939 0.935130 0.528159 0.056727 0.789417 0.490583 0.030355 0.662208 0.128036 
0.192344 0.273527 0.930661 0.053853 0.425224 0.294375 0.354866 0.939763 0.759827 0.098178 0.024704 0.991581 0.162943 0.270057 0.084237 0.572275 0.466990 0.609268 0.901428 0.249507 0.273797 0.926668 0.417221 0.400997 0.214687 
0.238052 0.827756 0.608297 0.996401 0.428208 0.702395 0.202126 0.851520 0.958645 0.806368 0.645060 0.675334 0.270013 0.051285 0.344074 0.874859 0.987630 0.973534 0.806922 0.354429 0.511251 0.636670 0.001128 0.907972 0.172964 
0.846831 0.517154 0.809172 0.353670 0.776713 0.409591 0.712060 0.834355 0.998151 0.781522 0.237616 0.841704 0.870027 0.423487 0.663400 0.661836 0.139817 0.351230 0.079373 0.059323 0.747544 0.978775 0.598890 0.653938 0.935464 
0.352367 0.039473 0.797078 0.564848 0.211089 0.294223 0.401955 0.917068 0.830060 0.213758 0.847736 0.028045 0.437438 0.773077 0.821170 0.055347 0.777494 0.524998 0.876376 0.075758 0.626252 0.248081 0.797700 0.958325 0.279877 
0.583890 0.342439 0.479794 0.969300 0.521247 0.488223 0.688388 0.117162 0.964176 0.841148 0.250824 0.233929 0.755275 0.000101 0.993623 0.810718 0.365083 0.032494 0.128576 0.041993 0.804343 0.624816 0.973459 0.013874 0.137116 
0.177053 0.167954 0.485494 0.169755 0.191640 0.383923 0.534658 0.566922 0.602409 0.199034 0.530316 0.262552 0.626137 0.287051 0.332630 0.340471 0.971280 0.709684 0.408802 0.024343 0.979952 0.772561 0.525200 0.624858 0.505788 
0.162539 0.493700 0.713950 0.211927 0.829270 0.692821 0.921241 0.378691 0.282279 0.670064 0.238616 0.868120 0.084178 0.751507 0.377531 0.351186 0.509122 0.206104 0.266592 0.478944 0.370788 0.495493 0.530662 0.251053 0.172246 
0.724458 0.520023 0.237764 0.302202 0.611110 0.315799 0.397949 0.294987 0.514351 0.654797 0.688315 0.070029 0.826350 0.608254 0.482329 0.516916 0.067239 0.228283 0.133426 0.190786 0.738068 0.291387 0.318983 0.335462 0.335814 
0.318214 0.084968 0.321993 0.058968 0.899584 0.508072 0.871845 0.586851 0.777218 0.947145 0.500326 0.870561 0.892349 0.171884 0.755799 0.202196 0.128955 0.143993 0.606082 0.142152 0.208940 0.836303 0.727267 0.627233 0.060456 
0.809058 0.292988 0.104257 0.424368 0.268056 0.181776 0.925904 0.398469 0.033288 0.506667 0.759649 0.286290 0.238978 0.736128 0.067708 0.746206 0.640146 0.712072 0.648145 0.179060 0.447430 0.982457 0.237895 0.673506 0.306665 
0.889024 0.272112 0.136079 0.296937 0.280562 0.705923 0.226868 0.049138 0.908893 0.460363 0.042565 0.010273 0.838396 0.910731 0.290114 0.380797 0.674241 0.473301 0.266828 0.650606 0.978698 0.965426 0.982062 0.518586 0.345585 
0.708713 0.770712 0.425631 0.220387 0.130233 0.467747 0.180161 0.780685 0.290461 0.840564 0.078197 0.826894 0.967924 0.578742 0.044086 0.716972 0.175831 0.287265 0.224040 0.174676 0.511919 0.320214 0.666065 0.230673 0.357000 
0.339412 0.458858 0.582416 0.813556 0.484741 0.995247 0.154849 0.386203 0.324360 0.025105 0.420928 0.230711 0.863376 0.044279 0.230596 0.196297 0.404848 0.089248 0.389715 0.213161 0.270234 0.294204 0.633434 0.626982 0.741396 

0.283176 0.462872 0.652305 0.834128 0.336663 0.865960 0.446712 0.366627 0.137896 0.345830 0.227301 0.595704 0.492191 0.606171 0.644712 0.304637 0.239501 0.862775 0.380865 0.440436 0.583796 0.173407 0.018491 0.746924 0.508099 
0.342189 0.871088 0.217606 0.835001 0.098971 0.145216 0.815850 0.405027 0.740832 0.400722 0.105406 0.423598 0.937618 0.891462 0.727979 0.288524 0.418896 0.942850 0.661420 0.993158 0.190343 0.276400 0.429902 0.993655 0.159161 
0.510847 0.101791 0.819374 0.816635 0.913527 0.230475 0.209241 0.477817 0.773516 0.875796 0.219891 0.604675 0.972798 0.117400 0.432413 0.579892 0.580656 0.084942 0.492732 0.852180 0.285250 0.514467 0.291340 0.537924 0.657241 
0.015879 0.580517 0.510401 0.762865 0.706734 0.208258 0.093834 0.591746 0.445611 0.924533 0.926893 0.491833 0.950078 0.100553 0.164506 0.303680 0.601390 0.116194 0.415333 0.527447 0.472221 0.352141 0.931270 0.877482 0.817730 
0.259300 0.578554 0.748179 0.140242 0.877707 0.709269 0.818546 0.682748 0.935191 0.024753 0.490678 0.963168 0.313953 0.325373 0.618958 0.952246 0.377664 0.776995 0.778639 0.002128 0.490569 0.915419 0.411754 0.625011 0.810816 
0.446067 0.489887 0.331922 0.025878 0.758918 0.606694 0.659725 0.939149 0.723044 0.139574 0.688282 0.571278 0.935857 0.541226 0.610989 0.142063 0.131676 0.219071 0.904844 0.630883 0.670715 0.479905 0.190836 0.642375 0.181383 
0.698110 0.385678 0.944455 0.142599 0.226565 0.502240 0.960920 0.811164 0.425848 0.624082 0.900811 0.006910 0.364253 0.631547 0.240606 0.074234 0.615061 0.585077 0.120065 0.872243 0.872308 0.309796 0.447597 0.850762 0.815630 
0.196967 0.145742 0.059780 0.234012 0.452156 0.861181 0.721849 0.266301 0.476101 0.815212 0.781909 0.386463 0.961502 0.764633 0.864778 0.103632 0.535147 0.370676 0.236790 0.755923 0.781745 0.244409 0.560912 0.502945 0.645507 
0.042345 0.229469 0.464021 0.660913 0.404255 0.953848 0.631099 0.795778 0.668245 0.039831 0.664330 0.099594 0.245656 0.433879 0.042525 0.338466 0.026574 0.339916 0.909989 0.922481 0.985445 0.344457 0.924901 0.429207 0.458935 
0.005752 0.283003 0.821808 0.090329 0.691637 0.411273 0.744642 0.801151 0.244504 0.694656 0.476965 0.734342 0.769834 0.589826 0.777980 0.878617 0.984542 0.988906 0.663483 0.759664 0.152786 0.145404 0.623857 0.724371 0.064710 
0.005558 0.237350 0.766549 0.617479 0.428031 0.289426 0.455127 0.711908 0.855179 0.806562 0.932135 0.580290 0.793650 0.367280 0.756783 0.753939 0.074983 0.153554 0.325540 0.134051 0.560698 0.625377 0.518554 0.414056 0.107213 
0.379835 0.973181 0.427352 0.824566 0.402289 0.150986 0.821902 0.764356 0.172894 0.567438 0.843110 0.664223 0.714274 0.624882 0.130234 0.753839 0.599846 0.780107 0.502705 0.195084 0.888856 0.937473 0.014937 0.279282 0.557984 
0.018391 0.890168 0.264000 0.060562 0.497049 0.008334 0.950817 0.754401 0.199027 0.818684 0.846846 0.346937 0.798614 0.842975 0.477203 0.122411 0.735150 0.102500 0.458871 0.249739 0.854484 0.787745 0.770879 0.443813 0.547407 
0.477494 0.451750 0.892536 0.057883 0.757449 0.565538 0.832836 0.809242 0.152985 0.721504 0.883053 0.750212 0.983453 0.172540 0.645804 0.830438 0.644212 0.175480 0.005527 0.310450 0.883902 0.073502 0.469332 0.414200 0.218759 
0.745171 0.452783 0.078251 0.126691 0.229968 0.926158 0.783624 0.193370 0.788018 0.744453 0.677536 0.480601 0.682227 0.170743 0.017814 0.515726 0.632709 0.350815 0.471731 0.667325 0.905700 0.202425 0.352302 0.416561 0.252360 
0.387936 0.001205 0.516318 0.853991 0.340236 0.242875 0.060701 0.002098 0.800090 0.054289 0.694409 0.270890 0.509380 0.332595 0.544329 0.122876 0.680470 0.427671 0.661808 0.510335 0.918200 0.264479 0.651800 0.487871 0.717363 
0.768727 0.493828 0.889984 0.913994 0.234364 0.618037 0.712119 0.037297 0.644601 0.985877 0.146952 0.517529 0.998057 0.014342 0.641947 0.572621 0.666283 0.942385 0.413216 0.573565 0.119439 0.993085 0.632054 0.418477 0.313504 
0.532448 0.468028 0.718876 0.402736 0.605598 0.367040 0.110954 0.357729 0.790329 0.906656 0.589661 0.106466 0.848144 0.625647 0.389224 0.256081 0.374846 0.353939 0.310198 0.322487 0.950931 0.133836 0.099559 0.865696 0.732240 
0.238422 0.043025 0.075988 0.036315 0.874056 0.102616 0.473772 0.040419 0.405897 0.091904 0.511245 0.123349 0.532630 0.132870 0.199151 0.706745 0.521351 0.788310 0.651636 0.067277 0.173110 0.268006 0.596936 0.480598 0.697689 
0.350465 0.976369 0.822018 0.724466 0.048689 0.544221 0.894778 0.563337 0.730128 0.928520 0.558996 0.031638 0.878002 0.695607 0.337535 0.424078 0.021812 0.513482 0.681131 0.293594 0.474090 0.949495 0.524376 0.788287 0.928741 
0.608941 0.447319 0.716069 0.999250 0.540676 0.072589 0.828551 0.158026 0.880932 0.519618 0.662747 0.259837 0.757726 0.359203 0.607016 0.254789 0.560616 0.012060 0.431075 0.472015 0.578225 0.030386 0.306636 0.436371 0.512015 
0.472537 0.987180 0.805815 0.335773 0.212387 0.932093 0.005493 0.305866 0.525908 0.394559 0.309460 0.294049 0.115812 0.480023 0.314657 0.704607 0.249846 0.072198 0.908609 0.687645 0.207035 0.041056 0.498540 0.362682 0.752253 
0.028506 0.716956 0.377550 0.606942 0.500888 0.820570 0.485595 0.341266 0.341933 0.704171 0.492735 0.345711 0.414680 0.643219 0.379213 0.099077 0.710796 0.756912 0.516302 0.818493 0.734044 0.930295 0.303377 0.054118 0.200486 
0.942828 0.574795 0.069455 0.919710 0.037725 0.867431 0.353350 0.322299 0.036197 0.016233 0.895714 0.160279 0.639671 0.674585 0.432656 0.009076 0.360701 0.004896 0.356029 0.018053 0.273098 0.062726 0.472536 0.360763 0.064232 
0.193346 0.381846 0.666919 0.077256 0.825141 0.685043 0.070442 0.275043 0.073352 0.759123 0.506677 0.977603 0.734946 0.445481 0.937512 0.251246 0.077798 0.495975 0.448917 0.863086 0.235380 0.344438 0.613672 0.649989 0.388674 

1.732463 0.081901 2.037628 0.051793 1.452629 1.639763 0.756143 1.657040 0.320600 1.299203 1.225823 -0.584096 -0.500838 -0.602031 -0.486058 -0.396478 -0.343982 -0.981776 -0.278918 -0.481254 -0.622430 -0.113337 -0.003103 -0.767889 -0.339948 
0.522036 0.380221 0.235484 0.133352 1.276997 1.870070 0.764488 1.466750 1.448453 1.770629 -0.209523 -0.335071 -0.966881 -0.858438 -0.895510 -0.385475 -0.369154 -1.077079 -0.753627 -1.073948 -0.482434 -0.300488 -0.445097 -0.844053 -0.210702 
0.395533 0.397648 1.380003 0.492587 0.826994 1.171482 2.002684 1.456582 1.631565 2.024201 -0.086301 -0.517000 -1.023176 -0.180240 -0.434832 -0.509717 -0.481649 -0.109271 -0.576311 -1.080518 -0.257069 -0.515926 -0.293415 -0.669238 -0.728039 
1.602221 1.378163 0.927763 1.917191 1.265344 0.997038 1.695357 0.752852 0.263883 -0.969543 -1.001604 -0.475484 -0.968210 -0.160970 -0.166511 -0.231947 -0.586883 0.059266 -0.434780 -0.577849 -0.525176 -0.441701 -1.025763 -0.852068 -0.933296 
0.328992 1.947710 0.593726 2.001186 0.405412 1.667878 0.145839 0.966621 1.274123 1.162856 0.699613 -0.757372 -0.398667 -0.362150 -0.616773 -1.078044 -0.378133 -0.636381 -0.850589 0.091077 -0.486351 -0.983942 -0.351132 -0.596534 -0.818210 
0.242147 1.656048 0.751263 0.009069 1.472931 1.110913 1.555034 0.577338 0.740016 1.923513 0.172779 -0.066344 -0.834480 -0.658605 -0.739470 -0.237769 0.009727 -0.191391 -0.811001 -0.693079 -0.656280 -0.506381 -0.183459 -0.649646 -0.076669 
1.148211 0.996073 0.551601 1.286730 1.353339 1.115514 1.524102 0.622545 1.487759 1.770810 -1.204431 0.088265 -0.504340 -1.182439 0.355869 -0.199800 -0.566308 -0.520175 -0.116053 -0.790450 -0.868490 -0.405260 -0.447805 -0.853014 -0.853120 
1.674098 1.114362 1.838779 0.263328 0.556568 1.607476 0.593735 1.633249 1.022598 -0.729932 -0.779206 -0.380136 -1.286173 -1.710770 -1.156846 -0.091239 -0.376693 -0.270321 -0.219744 -0.866195 -0.914880 -0.309818 -0.520353 -0.680319 -0.519134 
1.468750 0.801276 0.975966 1.848507 1.399105 1.489179 1.369732 -0.806087 -0.619847 0.093482 -1.163547 0.677843 -0.358208 -0.201768 0.907940 -0.462288 0.988772 -0.333071 -0.769812 -0.890525 -1.168527 -0.331246 -1.011043 -0.452872 -0.483598 
1.485187 0.669646 0.430067 1.574160 1.485472 1.108636 -1.291535 -0.914089 -0.274726 -0.896561 0.151050 -1.581883 -1.600873 -0.686488 -0.736663 -1.468830 -1.346751 -1.365496 -0.638390 -0.871493 0.294952 -0.132136 -0.665491 -0.747232 -0.009016 
1.785257 1.676267 1.231679 0.574369 1.182279 1.433456 1.045910 -0.699373 -1.663781 -0.816020 -1.334806 -0.873958 -1.354384 -0.207169 -1.109666 -1.315370 0.197851 0.432328 0.168181 0.291531 -0.173771 -0.780516 -0.387417 -0.403303 -0.046442 
1.387588 1.004128 -0.731430 2.118895 1.791676 1.623571 1.650335 -1.361026 0.270453 -0.823642 1.108456 -1.058643 -0.738215 -0.433087 -0.090241 -1.606535 -0.397269 -0.534663 -0.364373 -0.313779 -0.743452 -0.953830 0.020148 0.108104 -0.523715 
0.355441 -1.501687 0.401052 -0.053100 -0.507589 0.175707 -1.558771 -0.584542 0.463998 -1.554254 1.696615 -0.303026 -1.540509 -1.393662 -0.997805 -0.450491 -1.043771 0.314010 0.039169 -0.270408 -1.556067 -0.659041 -1.181697 -0.479876 -0.829494 
0.538594 1.564302 -1.303817 -1.853597 -1.086708 -0.878674 -1.480104 -0.733360 -1.904646 -0.833111 -0.425490 0.840411 -1.708281 -0.378371 -1.041000 0.710865 0.395105 -0.435398 -0.883139 -0.326011 1.289780 0.549808 -1.037134 0.041009 -0.240268 
1.562480 -0.478043 0.528523 -0.625904 -1.281786 0.185688 -0.670611 -1.483382 -1.347018 -0.938273 0.123368 0.252187 -0.471243 0.054602 0.661347 0.233540 1.045611 0.367533 0.888357 1.281772 0.993682 0.574477 -0.055214 -0.076804 -0.434361 
0.880534 -0.005585 -0.119809 -0.437067 -0.181497 -0.422542 -0.857176 -1.882416 -0.752766 -0.389321 0.533408 0.473922 0.681478 -0.298256 0.180776 0.073158 0.329012 0.290291 0.443611 0.809737 1.203671 0.238420 -0.554811 0.010069 1.080467 
1.233953 0.161273 -0.055296 -1.160505 -0.799592 -0.412258 -0.563948 -0.225647 -1.114024 -0.644981 -0.324395 0.753418 1.261754 -0.043083 0.166665 0.457930 1.017653 1.872563 0.606938 1.173572 -0.440907 1.170993 0.147509 -1.066757 0.522957 
0.257278 -0.150334 -0.438221 0.110867 0.200917 -0.432903 -1.080915 -0.768818 -0.341526 0.419579 -0.461423 -0.343263 1.069978 0.977346 0.407183 0.179308 -0.218812 0.006375 0.273084 0.672545 0.978139 -0.372320 -0.340705 1.075823 1.004392 
-0.050127 -0.857191 -1.307615 -0.439238 -0.592321 -1.330375 -1.351596 -0.696620 -0.282748 -1.246749 0.086958 -1.687363 0.156589 -1.374117 -0.175706 1.133386 0.623762 1.363609 1.058922 -0.362634 -0.042774 0.289260 0.608970 0.567033 1.200545 
-1.136977 0.002022 0.347340 0.126843 -1.289591 -0.050552 0.166655 -0.169164 -0.247266 -0.531982 -0.765752 -0.212086 -0.820142 -0.393469 0.218248 0.402881 -0.200847 0.807280 1.128503 0.514467 0.365395 1.721671 0.842513 1.324387 1.390203 
0.037038 0.528522 -0.006806 0.905574 -1.327721 -0.850245 -0.966244 -1.077451 -0.869971 -1.271204 -0.335057 -1.478707 -1.109916 -0.073219 0.395308 0.338703 1.151677 -0.096415 0.370769 0.786833 0.808966 -0.669885 -0.082277 0.175316 0.833681 
-1.042617 0.514557 0.585263 -0.425663 -0.227172 0.542138 -1.948978 -0.493627 0.514903 -0.534659 -1.135439 -0.285979 -0.332556 -0.986720 0.497868 0.726432 0.013430 -0.398812 0.988141 1.079766 0.096792 -0.824153 0.882660 -0.020561 1.128060 
-1.883250 0.186404 0.184954 0.109323 -0.077199 -0.656079 -0.094163 0.153682 -1.584989 -0.266865 0.641846 0.239443 -1.295063 -1.183987 -0.103195 -0.179629 0.556511 1.046366 0.686932 1.084712 0.307098 1.074205 -0.343103 -0.502659 0.126928 
-0.425819 -1.031504 -0.765384 0.457352 -0.139203 -0.158816 0.039839 -1.227869 -0.692842 -1.684681 0.597245 -1.357207 -1.369473 -0.500368 0.285575 -0.649114 0.445972 -0.323782 0.720698 0.095271 -0.023240 -0.221805 0.258225 0.479484 -0.086044 
-0.449213 -0.743999 -0.554584 -1.638617 -0.004636 -1.233268 -0.366501 -0.486292 -0.538996 0.732317 -0.372232 0.421323 -0.994635 0.343191 0.584848 0.209380 -0.191487 0.857461 0.527485 1.411087 0.198683 0.515014 0.791975 0.583912 0.079118 

1 1 1 1 1 1 1 1 1 1 1 0 0 0 0 0 0 0 0 0 0 0 0 0 0 
1 1 1 1 1 1 1 1 1 1 0 0 0 0 0 0 0 0 0 0 0 0 0 0 0 
1 1 1 1 1 1 1 1 1 1 0 0 0 0 0 0 0 0 0 0 0 0 0 0 0 
1 1 1 1 1 1 1 1 1 0 0 0 0 0 0 0 0 0 0 0 0 0 0 0 0 
1 1 1 1 1 1 1 1 1 1 1 0 0 0 0 0 0 0 0 0 0 0 0 0 0 
1 1 1 1 1 1 1 1 1 1 1 3 0 3 0 0 0 0 0 0 0 0 0 0 0 
1 1 1 1 1 1 1 1 1 1 3 3 3 3 3 0 0 0 0 0 0 0 0 0 0 
1 1 1 1 1 1 1 1 1 3 3 3 3 3 3 3 3 0 0 0 0 0 0 0 0 
1 1 1 1 1 1 1 3 3 3 3 3 3 3 3 3 3 0 0 0 0 0 0 0 0 
1 1 1 1 1 1 3 3 3 3 3 3 3 3 3 3 3 3 0 3 3 0 0 0 0 
1 1 1 1 1 1 1 3 3 3 3 3 3 3 3 3 3 3 3 3 3 0 0 0 0 
1 1 3 1 1 1 1 3 3 3 2 3 3 3 3 3 3 3 3 3 3 0 3 3 0 
1 3 3 3 3 3 3 3 3 3 2 2 3 3 3 2 3 3 3 3 3 3 3 3 3 
1 1 3 4 3 4 3 3 4 4 4 2 3 3 3 2 2 2 2 3 2 3 3 3 3 
1 3 3 4 4 4 4 4 4 4 4 2 3 2 3 2 2 2 2 2 2 3 3 3 2 
1 3 3 4 4 4 4 4 4 4 2 2 2 2 2 2 2 2 2 2 2 2 3 3 2 
1 4 4 4 4 4 4 4 4 4 4 2 2 2 2 2 2 2 2 2 2 2 2 3 2 
1 4 4 4 4 4 4 4 4 4 4 4 2 2 2 2 2 2 2 2 2 2 2 2 2 
4 4 4 4 4 4 4 4 4 4 4 4 4 4 2 2 2 2 2 2 2 2 2 2 2 
4 4 4 4 4 4 4 4 4 4 4 4 4 4 2 2 2 2 2 2 2 2 2 2 2 
4 4 4 4 4 4 4 4 4 4 4 4 4 4 2 2 2 2 2 2 2 2 2 2 2 
4 4 4 4 4 4 4 4 4 4 4 4 4 4 2 2 2 2 2 2 2 2 2 2 2 
4 4 4 4 4 4 4 4 4 4 4 4 4 4 4 2 2 2 2 2 2 2 2 2 2 
4 4 4 4 4 4 4 4 4 4 4 4 4 4 4 2 2 2 2 2 2 2 2 2 2 
4 4 4 4 4 4 4 4 4 4 4 4 4 4 4 2 2 2 2 2 2 2 2 2 2 

2.0 2.0 2.0 2.0 2.0 2.0 2.0 2.0 2.0 2.0 2.0 0.0 0.0 0.0 0.0 0.0 0.0 0.0 0.0 0.0 0.0 0.0 0.0 0.0 0.0 
2.0 2.0 2.0 2.0 2.0 2.0 2.0 2.0 2.0 2.0 0.0 0.0 0.0 0.0 0.0 0.0 0.0 0.0 0.0 0.0 0.0 0.0 0.0 0.0 0.0 
2.0 2.0 2.0 2.0 2.0 2.0 2.0 2.0 2.0 2.0 0.0 0.0 0.0 0.0 0.0 0.0 0.0 0.0 0.0 0.0 0.0 0.0 0.0 0.0 0.0 
2.0 2.0 2.0 2.0 2.0 2.0 2.0 2.0 2.0 0.0 0.0 0.0 0.0 0.0 0.0 0.0 0.0 0.0 0.0 0.0 0.0 0.0 0.0 0.0 0.0 
2.0 2.0 2.0 2.0 2.0 2.0 2.0 2.0 2.0 2.0 2.0 0.0 0.0 0.0 0.0 0.0 0.0 0.0 0.0 0.0 0.0 0.0 0.0 0.0 0.0 
2.0 2.0 2.0 2.0 2.0 2.0 2.0 2.0 2.0 2.0 2.0 1.0 0.0 1.0 0.0 0.0 0.0 0.0 0.0 0.0 0.0 0.0 0.0 0.0 0.0 
2.0 2.0 2.0 2.0 2.0 2.0 2.0 2.0 2.0 2.0 1.0 1.0 1.0 1.0 1.0 0.0 0.0 0.0 0.0 0.0 0.0 0.0 0.0 0.0 0.0 
2.0 2.0 2.0 2.0 2.0 2.0 2.0 2.0 2.0 1.0 1.0 1.0 1.0 1.0 1.0 1.0 1.0 0.0 0.0 0.0 0.0 0.0 0.0 0.0 0.0 
2.0 2.0 2.0 2.0 2.0 2.0 2.0 1.0 1.0 1.0 1.0 1.0 1.0 1.0 1.0 1.0 1.0 0.0 0.0 0.0 0.0 0.0 0.0 0.0 0.0 
2.0 2.0 2.0 2.0 2.0 2.0 1.0 1.0 1.0 1.0 1.0 1.0 1.0 1.0 1.0 1.0 1.0 1.0 0.0 1.0 1.0 0.0 0.0 0.0 0.0 
2.0 2.0 2.0 2.0 2.0 2.0 2.0 1.0 1.0 1.0 1.0 1.0 1.0 1.0 1.0 1.0 1.0 1.0 1.0 1.0 1.0 0.0 0.0 0.0 0.0 
2.0 2.0 1.0 2.0 2.0 2.0 2.0 1.0 1.0 1.0 -1.0 1.0 1.0 1.0 1.0 1.0 1.0 1.0 1.0 1.0 1.0 0.0 1.0 1.0 0.0 
2.0 1.0 1.0 1.0 1.0 1.0 1.0 1.0 1.0 1.0 -1.0 -1.0 1.0 1.0 1.0 -1.0 1.0 1.0 1.0 1.0 1.0 1.0 1.0 1.0 1.0 
2.0 2.0 1.0 -2.0 1.0 -2.0 1.0 1.0 -2.0 -2.0 -2.0 -1.0 1.0 1.0 1.0 -1.0 -1.0 -1.0 -1.0 1.0 -1.0 1.0 1.0 1.0 1.0 
2.0 1.0 1.0 -2.0 -2.0 -2.0 -2.0 -2.0 -2.0 -2.0 -2.0 -1.0 1.0 -1.0 1.0 -1.0 -1.0 -1.0 -1.0 -1.0 -1.0 1.0 1.0 1.0 -1.0 
2.0 1.0 1.0 -2.0 -2.0 -2.0 -2.0 -2.0 -2.0 -2.0 -1.0 -1.0 -1.0 -1.0 -1.0 -1.0 -1.0 -1.0 -1.0 -1.0 -1.0 -1.0 1.0 1.0 -1.0 
2.0 -2.0 -2.0 -2.0 -2.0 -2.0 -2.0 -2.0 -2.0 -2.0 -2.0 -1.0 -1.0 -1.0 -1.0 -1.0 -1.0 -1.0 -1.0 -1.0 -1.0 -1.0 -1.0 1.0 -1.0 
2.0 -2.0 -2.0 -2.0 -2.0 -2.0 -2.0 -2.0 -2.0 -2.0 -2.0 -2.0 -1.0 -1.0 -1.0 -1.0 -1.0 -1.0 -1.0 -1.0 -1.0 -1.0 -1.0 -1.0 -1.0 
-2.0 -2.0 -2.0 -2.0 -2.0 -2.0 -2.0 -2.0 -2.0 -2.0 -2.0 -2.0 -2.0 -2.0 -1.0 -1.0 -1.0 -1.0 -1.0 -1.0 -1.0 -1.0 -1.0 -1.0 -1.0 
-2.0 -2.0 -2.0 -2.0 -2.0 -2.0 -2.0 -2.0 -2.0 -2.0 -2.0 -2.0 -2.0 -2.0 -1.0 -1.0 -1.0 -1.0 -1.0 -1.0 -1.0 -1.0 -1.0 -1.0 -1.0 
-2.0 -2.0 -2.0 -2.0 -2.0 -2.0 -2.0 -2.0 -2.0 -2.0 -2.0 -2.0 -2.0 -2.0 -1.0 -1.0 -1.0 -1.0 -1.0 -1.0 -1.0 -1.0 -1.0 -1.0 -1.0 
-2.0 -2.0 -2.0 -2.0 -2.0 -2.0 -2.0 -2.0 -2.0 -2.0 -2.0 -2.0 -2.0 -2.0 -1.0 -1.0 -1.0 -1.0 -1.0 -1.0 -1.0 -1.0 -1.0 -1.0 -1.0 
-2.0 -2.0 -2.0 -2.0 -2.0 -2.0 -2.0 -2.0 -2.0 -2.0 -2.0 -2.0 -2.0 -2.0 -2.0 -1.0 -1.0 -1.0 -1.0 -1.0 -1.0 -1.0 -1.0 -1.0 -1.0 
-2.0 -2.0 -2.0 -2.0 -2.0 -2.0 -2.0 -2.0 -2.0 -2.0 -2.0 -2.0 -2.0 -2.0 -2.0 -1.0 -1.0 -1.0 -1.0 -1.0 -1.0 -1.0 -1.0 -1.0 -1.0 
-2.0 -2.0 -2.0 -2.0 -2.0 -2.0 -2.0 -2.0 -2.0 -2.0 -2.0 -2.0 -2.0 -2.0 -2.0 -1.0 -1.0 -1.0 -1.0 -1.0 -1.0 -1.0 -1.0 -1.0 -1.0 

0.0 0.0 0.0 0.0 0.0 0.0 0.0 0.0 0.0 0.0 0.0 -1.0 -1.0 -1.0 -1.0 -1.0 -1.0 -1.0 -1.0 -1.0 -1.0 -1.0 -1.0 -1.0 -1.0 
0.0 0.0 0.0 0.0 0.0 0.0 0.0 0.0 0.0 0.0 -1.0 -1.0 -1.0 -1.0 -1.0 -1.0 -1.0 -1.0 -1.0 -1.0 -1.0 -1.0 -1.0 -1.0 -1.0 
0.0 0.0 0.0 0.0 0.0 0.0 0.0 0.0 0.0 0.0 -1.0 -1.0 -1.0 -1.0 -1.0 -1.0 -1.0 -1.0 -1.0 -1.0 -1.0 -1.0 -1.0 -1.0 -1.0 
0.0 0.0 0.0 0.0 0.0 0.0 0.0 0.0 0.0 -1.0 -1.0 -1.0 -1.0 -1.0 -1.0 -1.0 -1.0 -1.0 -1.0 -1.0 -1.0 -1.0 -1.0 -1.0 -1.0 
0.0 0.0 0.0 0.0 0.0 0.0 0.0 0.0 0.0 0.0 0.0 -1.0 -1.0 -1.0 -1.0 -1.0 -1.0 -1.0 -1.0 -1.0 -1.0 -1.0 -1.0 -1.0 -1.0 
0.0 0.0 0.0 0.0 0.0 0.0 0.0 0.0 0.0 0.0 0.0 -2.0 -1.0 -2.0 -1.0 -1.0 -1.0 -1.0 -1.0 -1.0 -1.0 -1.0 -1.0 -1.0 -1.0 
0.0 0.0 0.0 0.0 0.0 0.0 0.0 0.0 0.0 0.0 -2.0 -2.0 -2.0 -2.0 -2.0 -1.0 -1.0 -1.0 -1.0 -1.0 -1.0 -1.0 -1.0 -1.0 -1.0 
0.0 0.0 0.0 0.0 0.0 0.0 0.0 0.0 0.0 -2.0 -2.0 -2.0 -2.0 -2.0 -2.0 -2.0 -2.0 -1.0 -1.0 -1.0 -1.0 -1.0 -1.0 -1.0 -1.0 
0.0 0.0 0.0 0.0 0.0 0.0 0.0 -2.0 -2.0 -2.0 -2.0 -2.0 -2.0 -2.0 -2.0 -2.0 -2.0 -1.0 -1.0 -1.0 -1.0 -1.0 -1.0 -1.0 -1.0 
0.0 0.0 0.0 0.0 0.0 0.0 -2.0 -2.0 -2.0 -2.0 -2.0 -2.0 -2.0 -2.0 -2.0 -2.0 -2.0 -2.0 -1.0 -2.0 -2.0 -1.0 -1.0 -1.0 -1.0 
0.0 0.0 0.0 0.0 0.0 0.0 0.0 -2.0 -2.0 -2.0 -2.0 -2.0 -2.0 -2.0 -2.0 -2.0 -2.0 -2.0 -2.0 -2.0 -2.0 -1.0 -1.0 -1.0 -1.0 
0.0 0.0 -2.0 0.0 0.0 0.0 0.0 -2.0 -2.0 -2.0 2.0 -2.0 -2.0 -2.0 -2.0 -2.0 -2.0 -2.0 -2.0 -2.0 -2.0 -1.0 -2.0 -2.0 -1.0 
0.0 -2.0 -2.0 -2.0 -2.0 -2.0 -2.0 -2.0 -2.0 -2.0 2.0 2.0 -2.0 -2.0 -2.0 2.0 -2.0 -2.0 -2.0 -2.0 -2.0 -2.0 -2.0 -2.0 -2.0 
0.0 0.0 -2.0 1.0 -2.0 1.0 -2.0 -2.0 1.0 1.0 1.0 2.0 -2.0 -2.0 -2.0 2.0 2.0 2.0 2.0 -2.0 2.0 -2.0 -2.0 -2.0 -2.0 
0.0 -2.0 -2.0 1.0 1.0 1.0 1.0 1.0 1.0 1.0 1.0 2.0 -2.0 2.0 -2.0 2.0 2.0 2.0 2.0 2.0 2.0 -2.0 -2.0 -2.0 2.0 
0.0 -2.0 -2.0 1.0 1.0 1.0 1.0 1.0 1.0 1.0 2.0 2.0 2.0 2.0 2.0 2.0 2.0 2.0 2.0 2.0 2.0 2.0 -2.0 -2.0 2.0 
0.0 1.0 1.0 1.0 1.0 1.0 1.0 1.0 1.0 1.0 1.0 2.0 2.0 2.0 2.0 2.0 2.0 2.0 2.0 2.0 2.0 2.0 2.0 -2.0 2.0 
0.0 1.0 1.0 1.0 1.0 1.0 1.0 1.0 1.0 1.0 1.0 1.0 2.0 2.0 2.0 2.0 2.0 2.0 2.0 2.0 2.0 2.0 2.0 2.0 2.0 
1.0 1.0 1.0 1.0 1.0 1.0 1.0 1.0 1.0 1.0 1.0 1.0 1.0 1.0 2.0 2.0 2.0 2.0 2.0 2.0 2.0 2.0 2.0 2.0 2.0 
1.0 1.0 1.0 1.0 1.0 1.0 1.0 1.0 1.0 1.0 1.0 1.0 1.0 1.0 2.0 2.0 2.0 2.0 2.0 2.0 2.0 2.0 2.0 2.0 2.0 
1.0 1.0 1.0 1.0 1.0 1.0 1.0 1.0 1.0 1.0 1.0 1.0 1.0 1.0 2.0 2.0 2.0 2.0 2.0 2.0 2.0 2.0 2.0 2.0 2.0 
1.0 1.0 1.0 1.0 1.0 1.0 1.0 1.0 1.0 1.0 1.0 1.0 1.0 1.0 2.0 2.0 2.0 2.0 2.0 2.0 2.0 2.0 2.0 2.0 2.0 
1.0 1.0 1.0 1.0 1.0 1.0 1.0 1.0 1.0 1.0 1.0 1.0 1.0 1.0 1.0 2.0 2.0 2.0 2.0 2.0 2.0 2.0 2.0 2.0 2.0 
1.0 1.0 1.0 1.0 1.0 1.0 1.0 1.0 1.0 1.0 1.0 1.0 1.0 1.0 1.0 2.0 2.0 2.0 2.0 2.0 2.0 2.0 2.0 2.0 2.0 
1.0 1.0 1.0 1.0 1.0 1.0 1.0 1.0 1.0 1.0 1.0 1.0 1.0 1.0 1.0 2.0 2.0 2.0 2.0 2.0 2.0 2.0 2.0 2.0 2.0 

