0.366141 0.529961 0.665493 0.224325 0.533121 0.348330 0.709614 0.250150 0.901447 0.935631 0.716992 0.314904 0.558858 0.282401 0.764201 0.211624 0.606054 0.075778 0.458154 0.298306 0.333125 0.889112 0.125625 0.524364 0.589822 
0.980767 0.661341 0.277047 0.037131 0.960144 0.036497 0.491477 0.232142 0.724155 0.994305 0.377065 0.350124 0.920760 0.872043 0.036992 0.213234 0.057230 0.140512 0.796566 0.656861 0.123329 0.154217 0.033569 0.437405 0.843219 
0.307025 0.762866 0.890567 0.189295 0.013887 0.428132 0.561161 0.299974 0.489807 0.221296 0.956053 0.301754 0.833517 0.616775 0.200785 0.748694 0.255506 0.177708 0.588120 0.446314 0.009748 0.126438 0.375630 0.919869 0.505213 
0.936585 0.570177 0.112298 0.108245 0.525628 0.832581 0.117494 0.202309 0.377578 0.746077 0.970149 0.109340 0.744050 0.954534 0.375518 0.151362 0.653074 0.610998 0.564344 0.127136 0.119135 0.543345 0.526813 0.246546 0.299485 
0.032897 0.705549 0.828107 0.082794 0.921842 0.197546 0.613440 0.301778 0.599129 0.452426 0.045312 0.943808 0.119145 0.373480 0.808761 0.683165 0.954788 0.286472 0.239369 0.079271 0.318019 0.373956 0.857522 0.947367 0.585063 
0.838849 0.270793 0.967775 0.122763 0.877074 0.202433 0.395771 0.971767 0.819930 0.367650 0.294915 0.915593 0.002549 0.488796 0.313079 0.876816 0.903726 0.283109 0.471998 0.401752 0.151470 0.923651 0.330588 0.969001 0.769641 
0.630759 0.775679 0.136085 0.842938 0.341114 0.286988 0.647485 0.646338 0.505040 0.669547 0.471451 0.707645 0.573731 0.327743 0.601289 0.990748 0.649509 0.196302 0.628490 0.246189 0.723605 0.868445 0.916301 0.518509 0.411125 
0.812448 0.920583 0.835090 0.463876 0.789886 0.722564 0.612995 0.782931 0.432384 0.857617 0.898260 0.291993 0.949875 0.413728 0.011497 0.921332 0.913053 0.993428 0.385675 0.211644 0.358266 0.457280 0.305602 0.548956 0.225060 
0.119739 0.620447 0.791861 0.849483 0.668589 0.124113 0.084391 0.743868 0.297659 0.978769 0.878168 0.934939 0.260230 0.549648 0.974584 0.440993 0.227945 0.081392 0.651909 0.778682 0.066514 0.775498 0.947136 0.581782 0.438114 
0.410411 0.553419 0.299246 0.872055 0.345582 0.317802 0.466546 0.775503 0.882133 0.418410 0.327818 0.575548 0.468297 0.174111 0.166403 0.336253 0.663529 0.136211 0.900469 0.227144 0.204578 0.083968 0.785830 0.855613 0.703308 
0.930492 0.651314 0.264462 0.476629 0.119387 0.616857 0.928697 0.438608 0.280329 0.789359 0.589555 0.370760 0.285244 0.080142 0.654042 0.783167 0.551370 0.352816 0.841341 0.637174 0.939405 0.626468 0.520771 0.037276 0.752245 
0.457840 0.916380 0.384366 0.369790 0.564501 0.065109 0.472166 0.842959 0.771595 0.804467 0.321387 0.061893 0.820847 0.548505 0.943652 0.790319 0.403740 0.686198 0.068015 0.539779 0.353458 0.822936 0.745472 0.064191 0.717567 
0.844217 0.502804 0.926112 0.852258 0.057320 0.157051 0.041553 0.162660 0.772325 0.241702 0.471459 0.267266 0.029073 0.708766 0.208501 0.031612 0.150872 0.854604 0.020100 0.531978 0.829064 0.658162 0.631584 0.618068 0.170024 
0.747649 0.350359 0.390389 0.518580 0.887842 0.712582 0.603600 0.851467 0.178421 0.095653 0.634471 0.104845 0.342392 0.140849 0.550227 0.534463 0.269683 0.054353 0.864256 0.423383 0.696225 0.248360 0.193523 0.894109 0.390511 
0.290419 0.732585 0.554799 0.351466 0.018112 0.894968 0.553916 0.017845 0.583307 0.677827 0.643357 0.824936 0.013059 0.238190 0.443374 0.748274 0.900037 0.315383 0.190952 0.272814 0.690676 0.700477 0.544085 0.104014 0.876902 
0.836753 0.773050 0.921882 0.016287 0.967603 0.121001 0.374275 0.897022 0.966189 0.052649 0.518378 0.009944 0.379276 0.959096 0.801415 0.165557 0.191160 0.307087 0.209900 0.193896 0.136134 0.377284 0.473072 0.144016 0.356615 
0.500599 0.871280 0.350497 0.816884 0.035829 0.761207 0.486090 0.506590 0.465360 0.342543 0.189450 0.694315 0.146440 0.663041 0.660463 0.474568 0.853427 0.917874 0.453333 0.178539 0.010877 0.842602 0.701463 0.773101 0.792826 
0.248339 0.795679 0.218923 0.076356 0.148346 0.282238 0.854765 0.233224 0.112095 0.082506 0.245748 0.738791 0.627351 0.363979 0.434113 0.902592 0.122176 0.440774 0.504422 0.431949 0.335938 0.314254 0.389951 0.795220 0.980244 
0.977811 0.364272 0.937587 0.996007 0.952577 0.659138 0.256352 0.755050 0.575401 0.000780 0.639153 0.764884 0.151048 0.211944 0.735816 0.047588 0.767749 0.105169 0.553494 0.619366 0.228298 0.457301 0.878781 0.265672 0.525378 
0.807486 0.220550 0.953972 0.664029 0.765071 0.401781 0.308417 0.336339 0.012967 0.043135 0.459231 0.314146 0.699368 0.918390 0.619941 0.373918 0.848002 0.778835 0.921237 0.050132 0.209138 0.844786 0.239497 0.227129 0.766852 
0.323217 0.477339 0.595205 0.342556 0.117121 0.858525 0.345447 0.596016 0.992599 0.638404 0.876109 0.346253 0.190635 0.529600 0.980322 0.841773 0.048762 0.891461 0.471630 0.080477 0.185048 0.309654 0.144556 0.349578 0.954209 
0.893387 0.322624 0.437581 0.019856 0.321154 0.745518 0.517313 0.908936 0.104707 0.642222 0.216705 0.150998 0.907667 0.710890 0.779691 0.991505 0.438140 0.267613 0.563832 0.064773 0.798995 0.590461 0.702196 0.818947 0.250026 
0.383866 0.206174 0.794450 0.259115 0.210837 0.239430 0.910809 0.403303 0.661357 0.699505 0.500142 0.137334 0.610921 0.026096 0.764914 0.248104 0.875677 0.394347 0.286279 0.370905 0.353941 0.520917 0.857659 0.062730 0.355582 
0.806150 0.896526 0.564184 0.540430 0.036219 0.928321 0.862394 0.395512 0.430583 0.769907 0.276142 0.146302 0.434666 0.559210 0.910355 0.294762 0.566277 0.845344 0.563405 0.949000 0.766675 0.364774 0.386102 0.843233 0.728369 
0.506510 0.628504 0.990006 0.289153 0.123877 0.079112 0.085799 0.779434 0.124640 0.600961 0.179344 0.688471 0.878155 0.503048 0.357527 0.028554 0.272057 0.895182 0.960031 0.522375 0.898618 0.102265 0.865947 0.475452 0.064738 

0.151407 0.585643 0.198394 0.214269 0.216119 0.663367 0.835163 0.505849 0.900720 0.471047 0.959228 0.483654 0.803365 0.676041 0.364729 0.263850 0.390924 0.586357 0.230161 0.227477 0.688465 0.750686 0.924080 0.903874 0.050949 
0.812518 0.918867 0.158270 0.898623 0.676235 0.874571 0.290026 0.677136 0.847246 0.648895 0.459802 0.973124 0.019463 0.424089 0.328436 0.203214 0.524829 0.700885 0.951619 0.013591 0.351953 0.075061 0.899101 0.246486 0.179557 
0.620853 0.130181 0.134793 0.463913 0.553602 0.291619 0.676361 0.444929 0.098436 0.682067 0.716315 0.921590 0.089269 0.163500 0.524528 0.883929 0.920520 0.558778 0.375392 0.058242 0.905529 0.551201 0.389957 0.918276 0.240730 
0.125630 0.591203 0.094708 0.131469 0.305742 0.375245 0.073412 0.737142 0.056994 0.450143 0.814623 0.884765 0.989961 0.509342 0.527824 0.996991 0.148573 0.021820 0.097614 0.824268 0.868264 0.198827 0.803943 0.364353 0.528519 
0.552664 0.126275 0.913364 0.536570 0.467735 0.462143 0.441115 0.152581 0.936406 0.931523 0.049444 0.789721 0.183021 0.196375 0.108970 0.142566 0.238219 0.936879 0.683529 0.807614 0.984464 0.273888 0.395945 0.504138 0.729709 
0.176132 0.187098 0.858646 0.091632 0.656592 0.640196 0.438309 0.672690 0.114536 0.492330 0.778076 0.298110 0.957587 0.709309 0.596145 0.868962 0.163349 0.854653 0.549936 0.404060 0.765977 0.947240 0.031234 0.675364 0.342073 
0.990188 0.689532 0.110156 0.253765 0.844043 0.170962 0.540984 0.161703 0.777348 0.907083 0.866163 0.842839 0.608068 0.473344 0.843982 0.607216 0.788005 0.308355 0.450100 0.110415 0.592464 0.583071 0.255981 0.047251 0.549766 
0.806676 0.160167 0.297563 0.498854 0.506135 0.944581 0.135147 0.170772 0.560400 0.900757 0.405719 0.819848 0.056450 0.180918 0.970201 0.693691 0.169810 0.589159 0.849037 0.724041 0.168834 0.639640 0.876127 0.375235 0.400809 
0.673437 0.540211 0.640188 0.387213 0.069417 0.708453 0.447415 0.654171 0.611042 0.330066 0.340678 0.488603 0.814696 0.484577 0.159854 0.124897 0.329511 0.771644 0.525635 0.139967 0.810274 0.517947 0.111664 0.003647 0.097222 
0.320282 0.213664 0.506808 0.590592 0.634011 0.345972 0.962384 0.266864 0.421031 0.221749 0.237975 0.247681 0.061102 0.561962 0.737733 0.669050 0.996044 0.880834 0.033310 0.560754 0.870071 0.545170 0.709351 0.718229 0.671013 
0.140516 0.442498 0.890841 0.552783 0.676947 0.673323 0.511217 0.771036 0.395661 0.932397 0.536353 0.883852 0.630566 0.985160 0.486975 0.448661 0.207356 0.840537 0.198026 0.370173 0.263671 0.656737 0.169562 0.943911 0.923810 
0.843138 0.410614 0.546321 0.637174 0.547503 0.440852 0.768338 0.431558 0.402054 0.045784 0.945540 0.770082 0.034216 0.741443 0.588560 0.721782 0.786372 0.247489 0.633480 0.870212 0.527738 0.070248 0.045574 0.206445 0.181207 
0.554703 0.744561 0.556355 0.406429 0.612356 0.022713 0.375763 0.044422 0.414779 0.075920 0.600603 0.498768 0.792726 0.432919 0.074573 0.955091 0.314957 0.289858 0.695787 0.835149 0.885491 0.013055 0.664344 0.564482 0.930560 
0.965328 0.015563 0.963003 0.344234 0.639955 0.476306 0.750571 0.774945 0.570173 0.850840 0.784795 0.768936 0.817640 0.754635 0.785668 0.028714 0.146591 0.905704 0.372556 0.568198 0.386495 0.620448 0.500553 0.482966 0.779218 
0.382524 0.352257 0.778448 0.135912 0.200860 0.921697 0.069854 0.555610 0.337381 0.090077 0.357449 0.548389 0.008471 0.177967 0.054612 0.759536 0.832083 0.269092 0.712388 0.228227 0.547948 0.504828 0.026450 0.527345 0.717632 
0.698428 0.462729 0.519678 0.810684 0.099311 0.471891 0.347973 0.197361 0.339947 0.895913 0.694611 0.825315 0.910879 0.697096 0.129498 0.920384 0.578078 0.829604 0.131195 0.211893 0.651830 0.885660 0.530880 0.974225 0.315677 
0.978071 0.839508 0.963105 0.175144 0.699634 0.296268 0.576770 0.138091 0.873479 0.770414 0.849479 0.587487 0.878462 0.453668 0.019335 0.794038 0.101015 0.893860 0.775071 0.703899 0.653010 0.805903 0.155939 0.104412 0.028374 
0.831327 0.065166 0.668185 0.859726 0.835521 0.377293 0.526379 0.834737 0.995783 0.688262 0.808839 0.464538 0.022809 0.316442 0.325903 0.323806 0.868185 0.789126 0.636070 0.528792 0.847997 0.878383 0.482111 0.180059 0.036736 
0.706645 0.325979 0.882150 0.632518 0.687803 0.521629 0.873095 0.842794 0.596406 0.272264 0.352353 0.401279 0.994823 0.762204 0.733544 0.117679 0.169341 0.161730 0.335086 0.941402 0.765682 0.554636 0.234633 0.190730 0.476526 
0.504866 0.472368 0.370193 0.351409 0.511180 0.500542 0.339146 0.865415 0.949404 0.916615 0.495435 0.925857 0.339960 0.894794 0.158266 0.455447 0.427949 0.107006 0.801090 0.639537 0.719981 0.536497 0.271491 0.394060 0.703069 
0.691694 0.297870 0.365635 0.264198 0.306380 0.740334 0.163654 0.965126 0.673056 0.042072 0.707498 0.555698 0.587698 0.096168 0.559727 0.520811 0.285374 0.161190 0.876544 0.096172 0.010549 0.504750 0.569387 0.465210 0.873142 
0.956554 0.139143 0.324521 0.224511 0.643495 0.835547 0.867613 0.959711 0.120821 0.428890 0.625074 0.291617 0.825921 0.963120 0.603361 0.597347 0.205183 0.266264 0.980524 0.262579 0.485102 0.143143 0.687930 0.569000 0.920193 
0.672837 0.936182 0.988609 0.109804 0.140166 0.768309 0.365298 0.997370 0.055497 0.922064 0.313692 0.262200 0.003269 0.669308 0.873433 0.386845 0.079143 0.400423 0.933151 0.460071 0.296739 0.057127 0.116934 0.516979 0.531543 
0.906241 0.601356 0.670248 0.752710 0.754105 0.813066 0.244378 0.894190 0.238211 0.118874 0.076075 0.897732 0.244429 0.842228 0.668311 0.357576 0.431463 0.261442 0.899759 0.707131 0.545423 0.503851 0.898886 0.913583 0.003027 
0.112957 0.081572 0.574125 0.167095 0.780024 0.895641 0.688051 0.879099 0.820262 0.603184 0.637312 0.065410 0.672997 0.817941 0.189182 0.722167 0.291885 0.512704 0.671269 0.062083 0.939802 0.176334 0.152480 0.787542 0.937441 

-0.509287 -0.359389 -1.092667 -0.225590 -0.989999 0.061995 -0.421959 0.454852 -0.768595 -1.453256 -0.581497 -0.023682 -0.249124 0.076422 -1.210207 -0.206023 -0.494455 0.661922 -0.504700 -0.409789 0.592574 -0.535487 0.712681 -0.137903 -1.623594 
-0.771406 -0.620285 -0.300044 0.529182 -1.262082 0.493403 -0.838909 0.636979 -0.459003 -1.267419 -0.332235 0.505591 -2.144925 -1.519007 0.175205 -0.260848 0.756520 0.403722 -0.918843 -1.894063 -0.545992 -0.113260 0.881326 -0.007523 -1.671412 
-0.117450 -1.609905 -1.612794 0.418422 0.833248 -0.373669 -0.457965 -0.017608 -0.816157 -0.046877 -1.305711 0.066881 -1.741559 -1.088191 0.138707 -0.394113 0.886691 0.078118 -0.798234 -0.780964 0.861266 0.775124 -0.797846 -1.025881 -0.584394 
-1.611616 -0.684916 -0.159056 -0.664680 -0.902739 -0.791088 -0.041846 0.811480 -0.869943 -0.397745 -1.286434 0.478159 -0.785337 -1.799445 0.232910 1.362092 -1.401236 -0.757815 -0.549930 0.496382 0.731464 -0.789208 -0.228332 0.171726 -0.275175 
0.241452 -1.468465 -0.535097 0.022379 -0.931595 -0.283264 -0.851870 -0.370889 -0.808906 -0.173731 -0.016970 -1.220589 -0.307115 -0.865440 -1.816889 -1.332384 -1.161475 0.044021 -0.359268 0.699939 0.496305 -0.836352 -0.904399 -1.863129 -1.067822 
2.263139 0.739686 1.549868 0.092440 2.293887 0.194313 0.888765 2.240603 1.297973 0.612718 0.359427 1.626356 -0.590270 1.203352 0.747294 1.843553 1.730439 0.536316 1.016464 1.015991 0.375210 1.762021 0.235957 2.198174 1.910350 
1.540812 1.856649 0.244333 1.733197 0.367909 -0.059490 1.741690 1.232058 1.033332 1.461841 0.996870 1.262750 1.104946 0.471236 1.217913 1.385356 1.369298 0.538988 1.325375 0.505253 1.520846 1.244560 2.028886 1.411044 1.120052 
1.806689 1.347097 1.306611 0.237357 1.879951 1.270328 1.242493 1.583086 0.559757 1.860759 1.743189 -0.013636 2.091613 0.765776 -0.328972 2.136082 1.917916 2.038566 0.835995 0.308307 0.909659 1.085172 0.681803 1.320955 -0.135133 
0.860441 1.462758 1.156199 1.938612 1.447807 0.554194 0.180087 1.507970 0.479095 1.946574 1.322018 1.848733 0.885916 0.550458 1.724783 0.819696 0.104663 -0.095963 1.124782 0.876680 0.436388 2.113044 2.066179 0.848664 1.240165 
1.297686 0.735954 0.829951 1.968234 1.193669 0.424093 0.366829 1.616624 1.619070 0.396882 0.104244 0.997711 1.193034 -0.106553 0.194999 0.390557 1.228491 0.315869 2.087616 0.225368 0.634058 -0.093060 1.793627 1.311465 1.618040 
0.816631 0.431472 -0.733145 -0.051592 -0.898824 0.167914 0.285722 0.171001 0.310456 -0.214420 -0.176048 -1.134368 -0.234805 -1.328418 -0.017514 0.243683 0.455775 -0.325732 0.458631 -0.012718 0.408216 -0.129581 0.683378 -1.055531 0.251820 
-0.212820 0.123801 -0.366401 -0.357691 0.020330 -1.026400 -0.224346 0.658821 -0.192741 0.920443 -0.237012 -1.113781 0.779104 -0.090553 0.700903 0.041444 -0.269079 0.274273 -0.708562 0.443778 -0.394768 0.661909 0.980681 -0.219296 0.713000 
0.551565 -0.376947 -0.196974 0.256999 -0.778625 -0.150764 -0.062047 -0.090456 0.788386 0.130428 0.131583 -0.034841 -0.976651 0.251249 0.671506 -0.629199 -0.342088 0.576689 -0.837620 -0.887810 -0.325006 0.933194 0.095642 -0.181678 -1.423522 
-0.477026 0.647136 -0.590847 0.544744 0.225496 0.604767 -0.126702 -0.349593 -0.268731 -0.820364 -0.639270 -0.670951 -0.218254 -0.485659 -0.585491 0.100317 0.062527 -0.724805 0.393961 -0.309796 0.378590 0.132576 -0.134462 0.287304 -0.597597 
0.127513 0.611190 -0.176635 0.452390 0.208523 -0.267990 0.794844 -0.335330 0.431213 0.269506 0.381353 0.451547 0.166880 0.149719 0.514138 -0.181374 0.264199 -0.214567 -0.846150 0.241243 -0.202457 -0.058635 0.356845 0.039180 0.575668 
0.998039 0.460567 0.525559 1.653958 -1.095850 1.734900 -0.017363 -0.499131 -0.504283 1.586245 1.169344 1.272557 0.856984 0.878744 -0.245180 1.458316 1.111326 0.839050 0.017795 0.171463 1.226645 1.197218 0.562954 2.073694 0.493415 
1.454950 0.893115 1.600006 -0.228600 1.212217 0.047559 1.185377 -0.678869 1.196127 1.186544 1.010047 0.319916 0.722947 0.472868 -0.293618 1.040290 -0.197175 0.827939 0.945036 1.255853 1.345907 0.829197 -0.365474 -0.435114 -0.860241 
1.538114 -0.581098 1.285724 1.696505 1.100037 0.726872 0.149000 1.348294 1.868757 2.153775 1.471024 0.037272 -0.768527 0.018259 0.236953 -0.231084 1.763337 1.346266 0.780837 0.464612 0.817344 1.455175 0.534882 -0.472051 -1.394338 
-0.027765 0.600726 0.370719 0.024073 0.224653 0.484951 1.690896 1.203778 0.911823 0.897074 -0.052636 0.179050 1.743388 1.127007 0.403568 -0.151873 -0.396968 0.566701 0.003525 0.733979 1.573747 0.627060 -0.023213 0.333104 0.409340 
0.201257 1.167160 0.089194 -0.000715 0.233628 0.479959 0.752286 1.297449 2.259661 2.019442 0.881823 1.554148 0.268420 0.686366 -0.195267 0.317961 0.264152 -0.667099 0.626613 0.728055 1.319557 0.035338 -0.062872 1.088485 0.402701 
-1.487916 -0.667318 -0.781533 -0.411595 -0.627185 -1.566722 -0.347855 -2.503667 -1.701022 -0.035137 -1.561266 -0.875066 -1.329809 0.397860 -1.291436 -1.398628 -0.583084 -0.627301 -1.500392 -0.612562 -0.171304 -1.227093 -0.961555 -0.853775 -1.566858 
-2.124543 -0.230620 -0.343588 -0.370555 -1.239358 -1.757601 -1.715130 -1.862904 -0.421924 -1.198225 -1.270692 -0.228584 -1.358339 -1.520769 -1.587270 -0.886964 -0.291607 -0.326367 -2.232649 -0.108859 -0.904778 -0.209334 -1.254686 -1.472070 -1.426941 
-0.805613 -2.343344 -2.157246 -0.266062 -0.752021 -2.051510 -0.912186 -2.196611 0.408537 -1.895287 -0.504233 -0.796002 0.353604 -1.063722 -1.860546 -0.484256 -0.241847 -0.588826 -2.567998 -1.278245 -0.800975 -0.234167 0.225947 -0.896157 -1.489946 
-1.917627 -1.418702 -0.992862 -1.750568 -1.686612 -1.373197 -0.463275 -2.051657 0.028093 0.126424 0.231798 -1.448484 -0.371069 -1.691445 -1.085197 -0.647763 -0.821862 -0.585238 -1.658301 -1.195842 -1.153758 -1.321189 -1.119881 -2.065882 -0.066833 
-0.008537 -0.511074 -1.094772 -0.490745 -1.584759 -1.788909 -1.610514 -2.069389 -1.196559 -1.184050 -0.976362 0.287587 -1.723032 -1.531520 -0.734932 -1.663529 -0.198686 -1.702608 -1.432674 -0.769057 -2.092764 -0.642694 -0.510802 -1.823688 -2.034724 

0 0 0 0 0 0 0 0 0 0 0 0 0 0 0 0 0 0 0 0 0 0 0 0 0 
0 0 0 0 0 0 0 0 0 0 0 0 0 0 0 0 0 0 0 0 0 0 0 0 0 
0 0 0 0 0 0 0 0 0 0 0 0 0 0 0 0 0 0 0 0 0 0 0 0 0 
0 0 0 0 0 0 0 0 0 0 0 0 0 0 0 0 0 0 0 0 0 0 0 0 0 
0 0 0 0 0 0 0 0 0 0 0 0 0 0 0 0 0 0 0 0 0 0 0 0 0 
1 1 1 1 1 1 1 1 1 1 1 1 1 1 1 1 1 1 1 1 1 1 1 1 1 
1 1 1 1 1 1 1 1 1 1 1 1 1 1 1 1 1 1 1 1 1 1 1 1 1 
1 1 1 1 1 1 1 1 1 1 1 1 1 1 1 1 1 1 1 1 1 1 1 1 1 
1 1 1 1 1 1 1 1 1 1 1 1 1 1 1 1 1 1 1 1 1 1 1 1 1 
1 1 1 1 1 1 1 1 1 1 1 1 1 1 1 1 1 1 1 1 1 1 1 1 1 
2 2 2 2 2 2 2 2 2 2 2 2 2 2 2 2 2 2 2 2 2 2 2 2 2 
2 2 2 2 2 2 2 2 2 2 2 2 2 2 2 2 2 2 2 2 2 2 2 2 2 
2 2 2 2 2 2 2 2 2 2 2 2 2 2 2 2 2 2 2 2 2 2 2 2 2 
2 2 2 2 2 2 2 2 2 2 2 2 2 2 2 2 2 2 2 2 2 2 2 2 2 
2 2 2 2 2 2 2 2 2 2 2 2 2 2 2 2 2 2 2 2 2 2 2 2 2 
3 3 3 3 3 3 3 3 3 3 3 3 3 3 3 3 3 3 3 3 3 3 3 3 3 
3 3 3 3 3 3 3 3 3 3 3 3 3 3 3 3 3 3 3 3 3 3 3 3 3 
3 3 3 3 3 3 3 3 3 3 3 3 3 3 3 3 3 3 3 3 3 3 3 3 3 
3 3 3 3 3 3 3 3 3 3 3 3 3 3 3 3 3 3 3 3 3 3 3 3 3 
3 3 3 3 3 3 3 3 3 3 3 3 3 3 3 3 3 3 3 3 3 3 3 3 3 
4 4 4 4 4 4 4 4 4 4 4 4 4 4 4 4 4 4 4 4 4 4 4 4 4 
4 4 4 4 4 4 4 4 4 4 4 4 4 4 4 4 4 4 4 4 4 4 4 4 4 
4 4 4 4 4 4 4 4 4 4 4 4 4 4 4 4 4 4 4 4 4 4 4 4 4 
4 4 4 4 4 4 4 4 4 4 4 4 4 4 4 4 4 4 4 4 4 4 4 4 4 
4 4 4 4 4 4 4 4 4 4 4 4 4 4 4 4 4 4 4 4 4 4 4 4 4 

-2.0 -2.0 -2.0 -2.0 -2.0 -2.0 -2.0 -2.0 -2.0 -2.0 -2.0 -2.0 -2.0 -2.0 -2.0 -2.0 -2.0 -2.0 -2.0 -2.0 -2.0 -2.0 -2.0 -2.0 -2.0 
-2.0 -2.0 -2.0 -2.0 -2.0 -2.0 -2.0 -2.0 -2.0 -2.0 -2.0 -2.0 -2.0 -2.0 -2.0 -2.0 -2.0 -2.0 -2.0 -2.0 -2.0 -2.0 -2.0 -2.0 -2.0 
-2.0 -2.0 -2.0 -2.0 -2.0 -2.0 -2.0 -2.0 -2.0 -2.0 -2.0 -2.0 -2.0 -2.0 -2.0 -2.0 -2.0 -2.0 -2.0 -2.0 -2.0 -2.0 -2.0 -2.0 -2.0 
-2.0 -2.0 -2.0 -2.0 -2.0 -2.0 -2.0 -2.0 -2.0 -2.0 -2.0 -2.0 -2.0 -2.0 -2.0 -2.0 -2.0 -2.0 -2.0 -2.0 -2.0 -2.0 -2.0 -2.0 -2.0 
-2.0 -2.0 -2.0 -2.0 -2.0 -2.0 -2.0 -2.0 -2.0 -2.0 -2.0 -2.0 -2.0 -2.0 -2.0 -2.0 -2.0 -2.0 -2.0 -2.0 -2.0 -2.0 -2.0 -2.0 -2.0 
2.0 2.0 2.0 2.0 2.0 2.0 2.0 2.0 2.0 2.0 2.0 2.0 2.0 2.0 2.0 2.0 2.0 2.0 2.0 2.0 2.0 2.0 2.0 2.0 2.0 
2.0 2.0 2.0 2.0 2.0 2.0 2.0 2.0 2.0 2.0 2.0 2.0 2.0 2.0 2.0 2.0 2.0 2.0 2.0 2.0 2.0 2.0 2.0 2.0 2.0 
2.0 2.0 2.0 2.0 2.0 2.0 2.0 2.0 2.0 2.0 2.0 2.0 2.0 2.0 2.0 2.0 2.0 2.0 2.0 2.0 2.0 2.0 2.0 2.0 2.0 
2.0 2.0 2.0 2.0 2.0 2.0 2.0 2.0 2.0 2.0 2.0 2.0 2.0 2.0 2.0 2.0 2.0 2.0 2.0 2.0 2.0 2.0 2.0 2.0 2.0 
2.0 2.0 2.0 2.0 2.0 2.0 2.0 2.0 2.0 2.0 2.0 2.0 2.0 2.0 2.0 2.0 2.0 2.0 2.0 2.0 2.0 2.0 2.0 2.0 2.0 
1.0 1.0 1.0 1.0 1.0 1.0 1.0 1.0 1.0 1.0 1.0 1.0 1.0 1.0 1.0 1.0 1.0 1.0 1.0 1.0 1.0 1.0 1.0 1.0 1.0 
1.0 1.0 1.0 1.0 1.0 1.0 1.0 1.0 1.0 1.0 1.0 1.0 1.0 1.0 1.0 1.0 1.0 1.0 1.0 1.0 1.0 1.0 1.0 1.0 1.0 
1.0 1.0 1.0 1.0 1.0 1.0 1.0 1.0 1.0 1.0 1.0 1.0 1.0 1.0 1.0 1.0 1.0 1.0 1.0 1.0 1.0 1.0 1.0 1.0 1.0 
1.0 1.0 1.0 1.0 1.0 1.0 1.0 1.0 1.0 1.0 1.0 1.0 1.0 1.0 1.0 1.0 1.0 1.0 1.0 1.0 1.0 1.0 1.0 1.0 1.0 
1.0 1.0 1.0 1.0 1.0 1.0 1.0 1.0 1.0 1.0 1.0 1.0 1.0 1.0 1.0 1.0 1.0 1.0 1.0 1.0 1.0 1.0 1.0 1.0 1.0 
-1.0 -1.0 -1.0 -1.0 -1.0 -1.0 -1.0 -1.0 -1.0 -1.0 -1.0 -1.0 -1.0 -1.0 -1.0 -1.0 -1.0 -1.0 -1.0 -1.0 -1.0 -1.0 -1.0 -1.0 -1.0 
-1.0 -1.0 -1.0 -1.0 -1.0 -1.0 -1.0 -1.0 -1.0 -1.0 -1.0 -1.0 -1.0 -1.0 -1.0 -1.0 -1.0 -1.0 -1.0 -1.0 -1.0 -1.0 -1.0 -1.0 -1.0 
-1.0 -1.0 -1.0 -1.0 -1.0 -1.0 -1.0 -1.0 -1.0 -1.0 -1.0 -1.0 -1.0 -1.0 -1.0 -1.0 -1.0 -1.0 -1.0 -1.0 -1.0 -1.0 -1.0 -1.0 -1.0 
-1.0 -1.0 -1.0 -1.0 -1.0 -1.0 -1.0 -1.0 -1.0 -1.0 -1.0 -1.0 -1.0 -1.0 -1.0 -1.0 -1.0 -1.0 -1.0 -1.0 -1.0 -1.0 -1.0 -1.0 -1.0 
-1.0 -1.0 -1.0 -1.0 -1.0 -1.0 -1.0 -1.0 -1.0 -1.0 -1.0 -1.0 -1.0 -1.0 -1.0 -1.0 -1.0 -1.0 -1.0 -1.0 -1.0 -1.0 -1.0 -1.0 -1.0 
0.0 0.0 0.0 0.0 0.0 0.0 0.0 0.0 0.0 0.0 0.0 0.0 0.0 0.0 0.0 0.0 0.0 0.0 0.0 0.0 0.0 0.0 0.0 0.0 0.0 
0.0 0.0 0.0 0.0 0.0 0.0 0.0 0.0 0.0 0.0 0.0 0.0 0.0 0.0 0.0 0.0 0.0 0.0 0.0 0.0 0.0 0.0 0.0 0.0 0.0 
0.0 0.0 0.0 0.0 0.0 0.0 0.0 0.0 0.0 0.0 0.0 0.0 0.0 0.0 0.0 0.0 0.0 0.0 0.0 0.0 0.0 0.0 0.0 0.0 0.0 
0.0 0.0 0.0 0.0 0.0 0.0 0.0 0.0 0.0 0.0 0.0 0.0 0.0 0.0 0.0 0.0 0.0 0.0 0.0 0.0 0.0 0.0 0.0 0.0 0.0 
0.0 0.0 0.0 0.0 0.0 0.0 0.0 0.0 0.0 0.0 0.0 0.0 0.0 0.0 0.0 0.0 0.0 0.0 0.0 0.0 0.0 0.0 0.0 0.0 0.0 

1.0 1.0 1.0 1.0 1.0 1.0 1.0 1.0 1.0 1.0 1.0 1.0 1.0 1.0 1.0 1.0 1.0 1.0 1.0 1.0 1.0 1.0 1.0 1.0 1.0 
1.0 1.0 1.0 1.0 1.0 1.0 1.0 1.0 1.0 1.0 1.0 1.0 1.0 1.0 1.0 1.0 1.0 1.0 1.0 1.0 1.0 1.0 1.0 1.0 1.0 
1.0 1.0 1.0 1.0 1.0 1.0 1.0 1.0 1.0 1.0 1.0 1.0 1.0 1.0 1.0 1.0 1.0 1.0 1.0 1.0 1.0 1.0 1.0 1.0 1.0 
1.0 1.0 1.0 1.0 1.0 1.0 1.0 1.0 1.0 1.0 1.0 1.0 1.0 1.0 1.0 1.0 1.0 1.0 1.0 1.0 1.0 1.0 1.0 1.0 1.0 
1.0 1.0 1.0 1.0 1.0 1.0 1.0 1.0 1.0 1.0 1.0 1.0 1.0 1.0 1.0 1.0 1.0 1.0 1.0 1.0 1.0 1.0 1.0 1.0 1.0 
0.0 0.0 0.0 0.0 0.0 0.0 0.0 0.0 0.0 0.0 0.0 0.0 0.0 0.0 0.0 0.0 0.0 0.0 0.0 0.0 0.0 0.0 0.0 0.0 0.0 
0.0 0.0 0.0 0.0 0.0 0.0 0.0 0.0 0.0 0.0 0.0 0.0 0.0 0.0 0.0 0.0 0.0 0.0 0.0 0.0 0.0 0.0 0.0 0.0 0.0 
0.0 0.0 0.0 0.0 0.0 0.0 0.0 0.0 0.0 0.0 0.0 0.0 0.0 0.0 0.0 0.0 0.0 0.0 0.0 0.0 0.0 0.0 0.0 0.0 0.0 
0.0 0.0 0.0 0.0 0.0 0.0 0.0 0.0 0.0 0.0 0.0 0.0 0.0 0.0 0.0 0.0 0.0 0.0 0.0 0.0 0.0 0.0 0.0 0.0 0.0 
0.0 0.0 0.0 0.0 0.0 0.0 0.0 0.0 0.0 0.0 0.0 0.0 0.0 0.0 0.0 0.0 0.0 0.0 0.0 0.0 0.0 0.0 0.0 0.0 0.0 
-1.0 -1.0 -1.0 -1.0 -1.0 -1.0 -1.0 -1.0 -1.0 -1.0 -1.0 -1.0 -1.0 -1.0 -1.0 -1.0 -1.0 -1.0 -1.0 -1.0 -1.0 -1.0 -1.0 -1.0 -1.0 
-1.0 -1.0 -1.0 -1.0 -1.0 -1.0 -1.0 -1.0 -1.0 -1.0 -1.0 -1.0 -1.0 -1.0 -1.0 -1.0 -1.0 -1.0 -1.0 -1.0 -1.0 -1.0 -1.0 -1.0 -1.0 
-1.0 -1.0 -1.0 -1.0 -1.0 -1.0 -1.0 -1.0 -1.0 -1.0 -1.0 -1.0 -1.0 -1.0 -1.0 -1.0 -1.0 -1.0 -1.0 -1.0 -1.0 -1.0 -1.0 -1.0 -1.0 
-1.0 -1.0 -1.0 -1.0 -1.0 -1.0 -1.0 -1.0 -1.0 -1.0 -1.0 -1.0 -1.0 -1.0 -1.0 -1.0 -1.0 -1.0 -1.0 -1.0 -1.0 -1.0 -1.0 -1.0 -1.0 
-1.0 -1.0 -1.0 -1.0 -1.0 -1.0 -1.0 -1.0 -1.0 -1.0 -1.0 -1.0 -1.0 -1.0 -1.0 -1.0 -1.0 -1.0 -1.0 -1.0 -1.0 -1.0 -1.0 -1.0 -1.0 
2.0 2.0 2.0 2.0 2.0 2.0 2.0 2.0 2.0 2.0 2.0 2.0 2.0 2.0 2.0 2.0 2.0 2.0 2.0 2.0 2.0 2.0 2.0 2.0 2.0 
2.0 2.0 2.0 2.0 2.0 2.0 2.0 2.0 2.0 2.0 2.0 2.0 2.0 2.0 2.0 2.0 2.0 2.0 2.0 2.0 2.0 2.0 2.0 2.0 2.0 
2.0 2.0 2.0 2.0 2.0 2.0 2.0 2.0 2.0 2.0 2.0 2.0 2.0 2.0 2.0 2.0 2.0 2.0 2.0 2.0 2.0 2.0 2.0 2.0 2.0 
2.0 2.0 2.0 2.0 2.0 2.0 2.0 2.0 2.0 2.0 2.0 2.0 2.0 2.0 2.0 2.0 2.0 2.0 2.0 2.0 2.0 2.0 2.0 2.0 2.0 
2.0 2.0 2.0 2.0 2.0 2.0 2.0 2.0 2.0 2.0 2.0 2.0 2.0 2.0 2.0 2.0 2.0 2.0 2.0 2.0 2.0 2.0 2.0 2.0 2.0 
-2.0 -2.0 -2.0 -2.0 -2.0 -2.0 -2.0 -2.0 -2.0 -2.0 -2.0 -2.0 -2.0 -2.0 -2.0 -2.0 -2.0 -2.0 -2.0 -2.0 -2.0 -2.0 -2.0 -2.0 -2.0 
-2.0 -2.0 -2.0 -2.0 -2.0 -2.0 -2.0 -2.0 -2.0 -2.0 -2.0 -2.0 -2.0 -2.0 -2.0 -2.0 -2.0 -2.0 -2.0 -2.0 -2.0 -2.0 -2.0 -2.0 -2.0 
-2.0 -2.0 -2.0 -2.0 -2.0 -2.0 -2.0 -2.0 -2.0 -2.0 -2.0 -2.0 -2.0 -2.0 -2.0 -2.0 -2.0 -2.0 -2.0 -2.0 -2.0 -2.0 -2.0 -2.0 -2.0 
-2.0 -2.0 -2.0 -2.0 -2.0 -2.0 -2.0 -2.0 -2.0 -2.0 -2.0 -2.0 -2.0 -2.0 -2.0 -2.0 -2.0 -2.0 -2.0 -2.0 -2.0 -2.0 -2.0 -2.0 -2.0 
-2.0 -2.0 -2.0 -2.0 -2.0 -2.0 -2.0 -2.0 -2.0 -2.0 -2.0 -2.0 -2.0 -2.0 -2.0 -2.0 -2.0 -2.0 -2.0 -2.0 -2.0 -2.0 -2.0 -2.0 -2.0 

