0.581157 0.120539 0.501561 0.140483 0.920896 0.266956 0.719973 0.164033 0.679492 0.551292 0.042647 0.162226 0.464506 0.991427 0.522071 0.049151 0.934367 0.387481 0.535032 0.868779 0.746370 0.516253 0.036692 0.434413 0.678207 
0.883456 0.068712 0.154945 0.204400 0.336331 0.917951 0.679329 0.538921 0.196436 0.441576 0.956556 0.117691 0.047179 0.793956 0.435318 0.724584 0.603250 0.878668 0.781482 0.940773 0.033670 0.775999 0.964739 0.114058 0.241765 
0.844632 0.659133 0.632241 0.635075 0.621537 0.370788 0.937259 0.259947 0.243849 0.966839 0.587510 0.723350 0.741529 0.158565 0.669077 0.631526 0.225565 0.593411 0.173411 0.675247 0.126393 0.421720 0.460443 0.437865 0.759244 
0.909648 0.808228 0.844833 0.107846 0.951652 0.664820 0.590405 0.857725 0.734526 0.537190 0.569956 0.719139 0.183041 0.689965 0.353072 0.350011 0.715496 0.997206 0.066454 0.429616 0.498310 0.297467 0.858207 0.501502 0.347374 
0.710057 0.850717 0.182945 0.534323 0.791141 0.601423 0.677258 0.589675 0.536855 0.107158 0.855809 0.035887 0.473055 0.417420 0.746425 0.428820 0.301911 0.564297 0.016088 0.552894 0.281073 0.486069 0.549267 0.434863 0.536939 
0.406101 0.473999 0.797713 0.724641 0.786204 0.609040 0.404822 0.172588 0.598848 0.361378 0.297033 0.756822 0.139383 0.900348 0.195141 0.241751 0.323084 0.383746 0.758134 0.296415 0.175157 0.400930 0.994854 0.240231 0.557756 
0.284455 0.488945 0.079548 0.003104 0.688089 0.529317 0.984135 0.385765 0.445858 0.698505 0.922947 0.197269 0.920606 0.564183 0.524390 0.158885 0.173817 0.784796 0.675277 0.825567 0.453054 0.364777 0.794761 0.922860 0.146439 
0.490365 0.691692 0.532948 0.982223 0.662708 0.282486 0.242587 0.730636 0.188830 0.115649 0.964391 0.707234 0.416692 0.226733 0.807051 0.032047 0.756277 0.028809 0.478766 0.542461 0.694594 0.767086 0.695786 0.801320 0.760133 
0.493289 0.704780 0.840157 0.190123 0.140723 0.258684 0.078335 0.379748 0.127433 0.613767 0.133161 0.029933 0.522362 0.067925 0.167733 0.209428 0.915824 0.559714 0.853135 0.524259 0.167484 0.268402 0.281039 0.367298 0.719042 
0.673817 0.610685 0.478094 0.446098 0.309860 0.436791 0.887808 0.498946 0.649761 0.392030 0.961335 0.084588 0.098181 0.669898 0.086816 0.046568 0.556924 0.542373 0.688211 0.756515 0.290937 0.412567 0.202133 0.616360 0.129577 
0.581983 0.671291 0.527224 0.484209 0.492010 0.564459 0.224454 0.021399 0.198441 0.769412 0.803774 0.454298 0.617661 0.244574 0.404344 0.419485 0.816096 0.053085 0.427669 0.504269 0.722860 0.098564 0.873967 0.403545 0.818248 
0.726933 0.593305 0.096582 0.778625 0.562161 0.916113 0.750552 0.200260 0.689592 0.548871 0.047234 0.091804 0.020610 0.467163 0.502844 0.913787 0.276105 0.149791 0.670617 0.388159 0.383029 0.788653 0.620775 0.109430 0.782558 
0.482168 0.257059 0.439885 0.585154 0.274975 0.155015 0.019639 0.919971 0.646049 0.054147 0.691172 0.016396 0.213785 0.236701 0.884144 0.982971 0.917077 0.961308 0.697720 0.242144 0.167386 0.503602 0.656587 0.461222 0.576299 
0.553047 0.118536 0.780019 0.767188 0.463739 0.030356 0.218760 0.776699 0.492457 0.201637 0.536180 0.057804 0.266217 0.743723 0.591272 0.447177 0.483848 0.181891 0.299169 0.301247 0.811133 0.970118 0.268264 0.256804 0.259601 
0.039924 0.058278 0.123567 0.268107 0.974718 0.773517 0.881318 0.106927 0.083827 0.034109 0.062658 0.477837 0.664188 0.948300 0.985787 0.098485 0.255202 0.025686 0.754776 0.720066 0.583714 0.544089 0.388833 0.884178 0.771554 
0.636926 0.454089 0.131353 0.184869 0.475629 0.483998 0.086288 0.332014 0.144315 0.797621 0.143190 0.646559 0.910888 0.374443 0.814471 0.270016 0.357959 0.035232 0.878412 0.144439 0.870548 0.746405 0.602374 0.497326 0.679925 
0.951172 0.494155 0.175358 0.312318 0.446838 0.096350 0.419434 0.650449 0.499748 0.779736 0.771799 0.483095 0.792361 0.550997 0.809474 0.877956 0.121145 0.080984 0.469474 0.744222 0.579262 0.139962 0.183360 0.206646 0.481127 
0.455683 0.821672 0.460046 0.587015 0.880977 0.061166 0.176970 0.647004 0.341674 0.571695 0.451709 0.280401 0.708108 0.541360 0.507393 0.058663 0.341794 0.211084 0.717735 0.322352 0.867691 0.159571 0.550481 0.364110 0.750272 
0.495165 0.240492 0.021447 0.703634 0.050213 0.811145 0.074196 0.654648 0.794000 0.950766 0.567980 0.960661 0.639334 0.876594 0.039299 0.706367 0.116324 0.160533 0.396055 0.914756 0.123423 0.486347 0.016085 0.486933 0.850260 
0.819269 0.818764 0.133800 0.605966 0.199131 0.464464 0.076681 0.065838 0.540798 0.273918 0.771727 0.340981 0.465878 0.627978 0.388822 0.572040 0.798691 0.360655 0.658683 0.297671 0.622234 0.249977 0.844893 0.155711 0.543387 
0.469884 0.695680 0.823142 0.590789 0.957315 0.024838 0.608778 0.075107 0.688875 0.782424 0.872378 0.140929 0.655841 0.976568 0.005996 0.084685 0.374808 0.114957 0.766032 0.161633 0.480478 0.044710 0.792119 0.905585 0.244328 
0.387696 0.078051 0.983427 0.145335 0.323657 0.647925 0.332735 0.076073 0.788647 0.701676 0.404421 0.365247 0.865723 0.736141 0.148027 0.783194 0.718793 0.677337 0.272274 0.862679 0.982958 0.358356 0.345460 0.866503 0.263219 
0.346627 0.057353 0.984447 0.901875 0.710780 0.667421 0.182088 0.597392 0.449110 0.809351 0.141375 0.873263 0.826539 0.614540 0.215790 0.466261 0.152972 0.994857 0.715033 0.859906 0.918759 0.962949 0.049794 0.578406 0.409818 
0.209371 0.076823 0.684013 0.393135 0.129499 0.068346 0.610980 0.741329 0.852137 0.107674 0.452138 0.567858 0.717621 0.169630 0.704196 0.899734 0.014589 0.303129 0.936724 0.692527 0.250849 0.240001 0.130684 0.893852 0.479898 
0.954470 0.309866 0.035092 0.273139 0.174070 0.055201 0.441137 0.691343 0.978277 0.589721 0.941577 0.244841 0.705262 0.203633 0.420961 0.416386 0.309332 0.124768 0.102117 0.281322 0.516722 0.922446 0.977267 0.136843 0.054473 

0.237867 0.768139 0.887460 0.193805 0.559011 0.568271 0.074605 0.994028 0.959198 0.391869 0.111918 0.788254 0.010662 0.360306 0.370291 0.759337 0.831784 0.363093 0.223378 0.002328 0.565194 0.629330 0.247627 0.859541 0.954178 
0.334340 0.829912 0.881708 0.540877 0.385969 0.440120 0.794289 0.127307 0.156476 0.140007 0.751348 0.867334 0.399491 0.665272 0.325524 0.811759 0.021465 0.939126 0.223348 0.669096 0.714417 0.887972 0.641402 0.608542 0.121616 
0.873953 0.447845 0.037303 0.357286 0.836295 0.954028 0.436183 0.439792 0.721509 0.993394 0.480995 0.087271 0.813607 0.870837 0.660754 0.861338 0.667613 0.309997 0.285301 0.574934 0.606250 0.989288 0.928928 0.691678 0.612159 
0.036502 0.127564 0.893719 0.545916 0.184965 0.111580 0.354651 0.045283 0.272668 0.503973 0.281029 0.568203 0.535349 0.594430 0.907919 0.731277 0.077885 0.619908 0.677762 0.147013 0.054086 0.188801 0.264675 0.541788 0.849949 
0.955307 0.482657 0.366461 0.132482 0.959788 0.525580 0.885804 0.709206 0.362705 0.012803 0.016091 0.552609 0.784973 0.743834 0.053154 0.143198 0.160005 0.306524 0.381160 0.620561 0.289985 0.842313 0.117368 0.631696 0.172943 
0.031134 0.225241 0.153973 0.407564 0.834622 0.081283 0.393707 0.142959 0.925085 0.920156 0.837309 0.298551 0.473235 0.897963 0.296704 0.867547 0.157865 0.188370 0.139499 0.513531 0.885606 0.542668 0.937920 0.599805 0.660190 
0.136330 0.851177 0.176601 0.826652 0.839359 0.066373 0.839609 0.016899 0.537516 0.233335 0.321911 0.965896 0.978693 0.529357 0.283675 0.352074 0.834822 0.304096 0.750844 0.912397 0.468261 0.197947 0.986876 0.562477 0.520875 
0.507395 0.882452 0.203589 0.049246 0.189255 0.215943 0.876813 0.190773 0.259436 0.033022 0.668993 0.532383 0.511693 0.844714 0.256666 0.214709 0.218574 0.869396 0.444229 0.941350 0.613667 0.787219 0.170496 0.083683 0.939581 
0.639388 0.251080 0.543130 0.422057 0.525182 0.381707 0.388158 0.980616 0.428188 0.196176 0.189987 0.060425 0.613193 0.548251 0.735257 0.666086 0.701516 0.603531 0.387098 0.227216 0.429177 0.639602 0.198477 0.779528 0.956860 
0.679154 0.328388 0.530632 0.199049 0.585134 0.329479 0.277584 0.915610 0.012835 0.673954 0.111202 0.493262 0.854527 0.572517 0.299740 0.451706 0.247266 0.671713 0.815352 0.558061 0.282949 0.564628 0.487656 0.736438 0.048478 
0.389291 0.009968 0.544106 0.886264 0.380860 0.485360 0.826046 0.665862 0.382592 0.149853 0.823818 0.075283 0.916471 0.753945 0.022944 0.033371 0.882293 0.515101 0.954978 0.893083 0.086259 0.654267 0.408102 0.952132 0.609615 
0.101162 0.942269 0.941501 0.800406 0.292704 0.834242 0.641652 0.893251 0.662054 0.568402 0.739974 0.711074 0.648179 0.435983 0.670821 0.763330 0.314125 0.085468 0.628933 0.545231 0.148347 0.596880 0.294074 0.263140 0.558082 
0.482404 0.224291 0.350096 0.113454 0.873348 0.139397 0.378474 0.311227 0.526584 0.021016 0.067769 0.044084 0.785731 0.922409 0.761513 0.315495 0.843462 0.301414 0.162478 0.695587 0.436060 0.383213 0.999125 0.784538 0.143314 
0.334801 0.041379 0.554410 0.445846 0.425089 0.226564 0.438200 0.242859 0.943652 0.307085 0.442387 0.412066 0.294390 0.719254 0.781157 0.433344 0.253633 0.031809 0.048599 0.078082 0.478206 0.338611 0.531134 0.084954 0.511903 
0.166476 0.583289 0.513468 0.578799 0.016142 0.017495 0.290311 0.094146 0.804778 0.660407 0.998421 0.677347 0.496202 0.315946 0.809154 0.412824 0.301587 0.498561 0.739742 0.981190 0.080708 0.709094 0.862628 0.641660 0.199521 
0.429250 0.255170 0.658784 0.661699 0.346203 0.460225 0.578454 0.162058 0.070427 0.811124 0.863139 0.655170 0.893923 0.194897 0.639171 0.900849 0.514688 0.623565 0.855665 0.349216 0.780416 0.051202 0.177680 0.937223 0.839323 
0.208055 0.388657 0.886284 0.080267 0.713503 0.822889 0.351489 0.284745 0.320510 0.927745 0.865839 0.258824 0.267100 0.818989 0.628932 0.479176 0.071834 0.966780 0.474456 0.667467 0.905214 0.215081 0.443034 0.168842 0.515239 
0.795383 0.619153 0.835427 0.532369 0.522840 0.242760 0.700673 0.934725 0.801128 0.812806 0.806968 0.585475 0.084398 0.029831 0.468603 0.027944 0.737556 0.561842 0.192814 0.693258 0.454924 0.070365 0.405191 0.007897 0.541282 
0.456306 0.991594 0.506318 0.180545 0.098991 0.867514 0.996714 0.118802 0.118995 0.614809 0.577302 0.335289 0.104458 0.179016 0.598753 0.489569 0.753457 0.338968 0.276837 0.988215 0.041176 0.964505 0.035785 0.392996 0.832759 
0.520918 0.405552 0.221859 0.236302 0.630973 0.399308 0.845964 0.429062 0.911062 0.076815 0.083475 0.624791 0.784323 0.520124 0.718271 0.330357 0.428201 0.294877 0.478309 0.113642 0.710441 0.749775 0.137944 0.289293 0.305741 
0.402247 0.590355 0.654887 0.864376 0.267122 0.656768 0.063187 0.163117 0.781859 0.405945 0.571856 0.397790 0.519071 0.900410 0.091023 0.163334 0.913963 0.580749 0.935819 0.449219 0.387936 0.253931 0.992359 0.317363 0.092068 
0.012051 0.742476 0.846705 0.977310 0.428858 0.589262 0.149932 0.507154 0.953665 0.661632 0.358566 0.673937 0.665247 0.767914 0.543366 0.423267 0.798519 0.563332 0.934377 0.913979 0.538670 0.875627 0.318668 0.753961 0.301462 
0.372846 0.381471 0.607677 0.520005 0.781533 0.404864 0.816765 0.176400 0.802666 0.967295 0.548278 0.606310 0.389879 0.582442 0.900752 0.944014 0.533090 0.824170 0.803344 0.173143 0.941732 0.775221 0.920964 0.824360 0.464142 
0.641574 0.775329 0.954583 0.275680 0.371513 0.251977 0.390106 0.825127 0.745450 0.043432 0.400299 0.794260 0.565297 0.606609 0.249124 0.311796 0.288887 0.377365 0.409684 0.129284 0.010060 0.744508 0.345890 0.587571 0.812190 
0.379442 0.899220 0.561516 0.030925 0.789710 0.095362 0.723675 0.046195 0.831433 0.020032 0.474314 0.991192 0.597039 0.113588 0.514510 0.634072 0.594492 0.997230 0.609278 0.882243 0.027596 0.473572 0.953977 0.295611 0.783623 

-0.494298 -1.521019 -1.841626 -0.505091 2.216329 1.334853 0.836274 2.131182 2.602774 1.515514 0.308407 1.660133 0.403692 1.856551 1.319791 1.379832 2.464929 1.119408 1.000077 0.869387 1.763207 1.769444 0.616079 2.235723 2.580882 
-0.551756 -1.682566 -1.593796 1.205945 1.234317 1.841065 2.452722 0.788586 0.613109 0.647941 2.463488 1.706912 0.800102 2.117402 1.212680 2.409375 0.654894 2.723552 1.499118 2.302116 1.651681 2.515894 2.318013 1.272023 0.521731 
-1.899406 -0.746506 0.947383 1.218841 2.443027 2.261430 1.639621 1.258276 1.806197 2.968033 1.431009 1.019672 2.486820 1.917347 2.020826 2.322030 1.605561 1.279335 0.737649 1.782560 1.449433 2.414457 2.246191 1.915893 1.995489 
-0.010849 -0.196126 -1.944732 -0.930691 1.433205 0.995069 1.237035 0.945410 1.246008 1.497194 1.230014 1.747599 1.462950 2.003342 1.927796 1.594986 0.852440 2.285423 1.278559 0.627395 0.568976 0.714543 1.479327 1.444176 2.106854 
-1.826375 -0.992005 -0.690683 -0.303041 -1.960569 -1.114273 -0.729691 2.050931 1.181806 0.118304 0.819312 1.104902 2.164410 1.909651 0.970987 0.600001 0.666870 1.137335 0.862150 1.686911 0.815248 2.016726 0.818739 1.510805 0.888485 
-0.067354 -0.337892 -0.291839 -1.050408 -1.468252 -0.102063 -0.462269 -0.223974 2.455670 2.019332 2.019110 1.308712 0.966857 2.736308 0.759910 2.100645 -0.304638 0.786252 1.063932 1.259305 1.890284 1.560052 2.896888 1.483609 1.753654 
-0.307719 -1.651894 -0.384395 -1.507870 -1.848276 -0.477028 -1.096379 -0.387534 -0.468240 1.183452 1.587438 2.069171 2.783182 1.649958 -0.670618 -0.202134 -0.075379 1.606107 -0.567682 2.472594 1.144331 0.721555 2.870957 2.040997 1.339763 
-1.073026 -1.792519 -0.275720 -0.133725 -0.449657 -0.317951 0.007275 -0.892536 0.015869 0.297264 2.251238 1.865781 -0.361070 -0.419061 -0.857879 0.050435 -0.752232 0.161354 -0.414090 2.535047 2.092780 2.532046 1.048894 1.150843 2.766007 
-1.200613 -0.338716 -1.053368 -0.816810 -1.143376 -0.644910 -0.192582 -0.271262 -0.195483 -0.652465 0.559662 -0.009502 -0.475769 -0.152502 -0.121585 0.024817 -0.838953 -0.693505 -0.599780 0.900228 -0.216964 1.616739 -0.204179 1.908515 2.452942 
-1.464989 -0.792853 -1.106999 -0.450502 -1.123497 -0.644236 -0.517194 -1.935879 -0.731083 -0.510107 -0.864413 0.018819 -0.184751 -0.701298 0.093954 -0.050558 -0.694305 -0.543600 -0.656476 -0.876977 -0.337210 1.496688 0.018212 2.132627 0.053776 
-1.021519 -0.112814 -0.883859 -1.769437 -0.656524 -0.997288 -1.851775 -1.156071 -0.626774 -0.334716 -2.666083 -0.663434 -2.047845 -0.202584 -0.456234 -0.305388 -0.837902 0.061364 -0.451364 -0.564084 -0.759735 1.418779 -0.921608 -0.404633 -0.847117 
-0.322843 -1.708775 -1.768475 -1.749110 -0.519034 -1.924728 -1.208977 -1.795769 -1.290604 -1.272592 -0.797795 -1.096926 -0.888061 -1.450349 -0.536677 -0.801188 -0.303175 -0.197594 -0.842018 -0.475574 -0.375618 -0.860372 -0.621837 -0.235692 -0.719462 
-1.001048 -0.413818 -0.852479 -0.234767 -1.639864 -0.332014 -0.735805 -0.566501 -1.225197 -0.245589 -1.329265 -0.111324 -1.191054 -0.254719 -0.872735 -1.021227 -0.922672 -1.013300 -0.779375 -0.435639 -0.198434 -0.411754 -0.631521 -0.481574 -0.469011 
-0.515722 -0.101419 -1.223730 -0.720265 -0.694257 -0.571013 -0.944808 -0.552599 -1.711548 -0.690587 -1.469077 -0.616763 -0.783717 -0.727056 -0.603718 -0.457913 -0.413233 -0.082029 -0.367419 -0.275778 -0.965570 -1.010993 -0.295157 -0.527945 -0.231498 
-0.411007 -0.979688 -0.952672 -1.013450 -0.067888 0.083583 -0.649008 -0.374410 -1.462662 -0.644094 -1.251835 -1.858080 -1.859269 -0.890702 -0.937959 -0.080922 -0.276109 0.146224 -0.805215 -0.826784 -0.513396 -0.621624 -0.478802 -0.869830 -0.884546 
-0.813545 -0.605538 -1.346344 -1.399896 -0.798262 -0.974556 -0.993277 -0.331582 -0.216664 -1.599231 -1.187182 -1.899664 -2.667898 -0.391112 -0.659097 -1.355751 -0.216570 0.018840 -1.045414 -0.281589 -0.737342 -0.688029 -0.593936 -0.505870 -0.632081 
-0.462392 -0.877206 -1.764595 -0.227865 -1.483382 -1.601462 -0.638883 -0.661361 -1.376094 -2.386435 -2.291144 -1.274350 -1.808076 -1.856061 -2.304767 -2.285547 -0.107208 -0.082464 -0.370629 -1.897748 -0.570016 -0.085354 -0.334434 -0.306458 -0.530765 
-1.737534 -1.134631 -1.681645 -0.855684 -0.984419 -0.487107 -1.629462 -1.832091 -1.520673 -1.991058 -1.544842 -1.198012 -1.424702 -0.985389 -1.410185 -0.032218 -1.423745 -1.038908 -1.667890 -1.289970 -2.280258 -0.412686 -0.556578 -0.611185 -0.632836 
-1.030831 -1.977538 -0.961457 -0.371434 -0.114587 -1.946510 -2.155732 -1.485347 -1.667960 -2.497621 -1.670283 -2.356227 -1.428359 -1.829951 -0.549859 -2.053154 -0.900809 -0.623450 -1.156023 -2.915029 -0.311822 -1.912103 -0.202753 -1.403069 -2.588972 
-1.039759 -0.863855 -0.432668 -0.547933 -1.226745 -0.838529 -1.559360 -0.938629 -2.022399 -0.695976 -1.620279 -1.363734 -1.717253 -1.894615 -1.508048 -1.547953 -1.995400 -0.900770 1.906775 0.751138 2.118903 1.463800 1.786904 -0.521277 -1.460634 
-0.659820 -1.095069 -1.415676 -1.654604 -0.641635 0.690757 0.040642 -0.252515 -2.029950 -2.019727 -2.253630 -0.650135 -1.837486 -2.921682 0.042482 -0.369978 -1.697152 -0.723061 -2.413927 0.763998 1.158059 0.428063 2.665976 2.262127 0.615794 
0.899214 -1.346612 -1.716101 -2.014969 -0.858887 1.938421 -0.539918 -0.665406 -2.563698 -2.102208 -1.282726 -1.446602 2.365749 -2.130149 0.795584 -2.055258 -2.238423 1.841728 1.552797 2.802150 2.497346 1.562606 1.066592 2.438069 0.818472 
1.060522 -0.746717 -1.096063 -1.009595 2.247957 1.564882 -1.163916 -1.680038 1.698356 2.550703 -0.903177 2.501444 1.930748 1.910192 1.279332 1.878746 0.941410 2.732813 2.345181 1.745622 2.718346 2.649565 1.077119 2.014863 1.188863 
1.118460 1.054924 -1.771706 0.860609 0.658760 0.482428 1.793246 2.353863 2.465575 0.339221 1.245779 2.051887 2.114386 0.962866 1.701180 2.134795 0.206747 0.650519 2.099183 1.658289 0.491886 1.268968 0.678798 2.322836 1.718318 
2.316342 1.824592 0.635035 0.678938 1.148669 0.239956 1.627594 1.328125 2.730850 1.162380 2.257829 1.501946 2.091990 0.597860 1.382428 1.507927 1.100919 1.030614 0.846129 1.208650 1.008236 2.328225 2.965934 0.481141 0.964850 

3 3 3 3 2 2 2 2 2 2 2 2 2 2 2 2 2 2 2 2 2 2 2 2 2 
3 3 3 2 2 2 2 2 2 2 2 2 2 2 2 2 2 2 2 2 2 2 2 2 2 
3 3 2 2 2 2 2 2 2 2 2 2 2 2 2 2 2 2 2 2 2 2 2 2 2 
3 3 3 3 2 2 2 2 2 2 2 2 2 2 2 2 2 2 2 2 2 2 2 2 2 
3 3 3 3 3 3 1 2 2 2 2 2 2 2 2 2 2 2 2 2 2 2 2 2 2 
3 3 3 3 3 3 1 1 2 2 2 2 2 2 2 2 1 2 2 2 2 2 2 2 2 
3 3 3 3 3 1 1 1 1 2 2 2 2 2 1 1 1 2 1 2 2 2 2 2 2 
3 3 3 3 3 1 1 1 1 2 2 2 1 1 1 1 1 1 1 2 2 2 2 2 2 
3 3 3 3 3 3 1 1 1 1 2 1 1 1 1 1 1 1 1 2 1 2 1 2 2 
3 3 3 3 3 3 3 3 1 1 1 1 1 1 1 1 1 1 1 1 1 2 1 2 1 
3 3 3 3 3 3 3 3 3 3 0 1 0 1 1 1 1 1 1 1 1 2 1 1 1 
3 3 3 3 3 3 3 3 3 3 0 0 0 0 1 1 1 1 1 1 1 1 1 1 1 
3 3 3 3 3 3 3 3 3 0 0 0 0 1 1 1 1 1 1 1 1 1 1 1 1 
3 3 3 3 3 3 3 3 0 0 0 0 0 1 1 1 1 1 1 1 1 1 1 1 1 
3 3 3 3 3 3 3 3 3 0 0 0 0 1 1 1 1 1 1 1 1 1 1 1 1 
3 3 3 3 3 3 3 3 3 3 0 0 0 1 1 0 1 1 1 1 1 1 1 1 1 
3 3 3 3 3 3 3 3 0 0 0 0 0 0 0 0 1 1 1 0 1 1 1 1 1 
3 3 3 3 3 3 3 3 0 0 0 0 0 0 0 0 0 0 0 0 0 0 1 0 1 
3 3 3 3 3 3 3 0 0 0 0 0 0 0 0 0 0 0 0 0 0 0 0 0 0 
3 3 3 3 3 3 3 3 0 0 0 0 0 0 0 0 0 0 4 4 4 4 4 0 0 
3 3 3 3 3 4 3 0 0 0 0 0 0 0 4 0 0 0 0 4 4 4 4 4 4 
4 3 3 3 3 4 3 0 0 0 0 0 4 0 4 0 0 4 4 4 4 4 4 4 4 
4 3 3 3 4 4 0 0 4 4 0 4 4 4 4 4 4 4 4 4 4 4 4 4 4 
4 4 3 4 4 4 4 4 4 4 4 4 4 4 4 4 4 4 4 4 4 4 4 4 4 
4 4 4 4 4 4 4 4 4 4 4 4 4 4 4 4 4 4 4 4 4 4 4 4 4 

0.0 0.0 0.0 0.0 1.0 1.0 1.0 1.0 1.0 1.0 1.0 1.0 1.0 1.0 1.0 1.0 1.0 1.0 1.0 1.0 1.0 1.0 1.0 1.0 1.0 
0.0 0.0 0.0 1.0 1.0 1.0 1.0 1.0 1.0 1.0 1.0 1.0 1.0 1.0 1.0 1.0 1.0 1.0 1.0 1.0 1.0 1.0 1.0 1.0 1.0 
0.0 0.0 1.0 1.0 1.0 1.0 1.0 1.0 1.0 1.0 1.0 1.0 1.0 1.0 1.0 1.0 1.0 1.0 1.0 1.0 1.0 1.0 1.0 1.0 1.0 
0.0 0.0 0.0 0.0 1.0 1.0 1.0 1.0 1.0 1.0 1.0 1.0 1.0 1.0 1.0 1.0 1.0 1.0 1.0 1.0 1.0 1.0 1.0 1.0 1.0 
0.0 0.0 0.0 0.0 0.0 0.0 -1.0 1.0 1.0 1.0 1.0 1.0 1.0 1.0 1.0 1.0 1.0 1.0 1.0 1.0 1.0 1.0 1.0 1.0 1.0 
0.0 0.0 0.0 0.0 0.0 0.0 -1.0 -1.0 1.0 1.0 1.0 1.0 1.0 1.0 1.0 1.0 -1.0 1.0 1.0 1.0 1.0 1.0 1.0 1.0 1.0 
0.0 0.0 0.0 0.0 0.0 -1.0 -1.0 -1.0 -1.0 1.0 1.0 1.0 1.0 1.0 -1.0 -1.0 -1.0 1.0 -1.0 1.0 1.0 1.0 1.0 1.0 1.0 
0.0 0.0 0.0 0.0 0.0 -1.0 -1.0 -1.0 -1.0 1.0 1.0 1.0 -1.0 -1.0 -1.0 -1.0 -1.0 -1.0 -1.0 1.0 1.0 1.0 1.0 1.0 1.0 
0.0 0.0 0.0 0.0 0.0 0.0 -1.0 -1.0 -1.0 -1.0 1.0 -1.0 -1.0 -1.0 -1.0 -1.0 -1.0 -1.0 -1.0 1.0 -1.0 1.0 -1.0 1.0 1.0 
0.0 0.0 0.0 0.0 0.0 0.0 0.0 0.0 -1.0 -1.0 -1.0 -1.0 -1.0 -1.0 -1.0 -1.0 -1.0 -1.0 -1.0 -1.0 -1.0 1.0 -1.0 1.0 -1.0 
0.0 0.0 0.0 0.0 0.0 0.0 0.0 0.0 0.0 0.0 -2.0 -1.0 -2.0 -1.0 -1.0 -1.0 -1.0 -1.0 -1.0 -1.0 -1.0 1.0 -1.0 -1.0 -1.0 
0.0 0.0 0.0 0.0 0.0 0.0 0.0 0.0 0.0 0.0 -2.0 -2.0 -2.0 -2.0 -1.0 -1.0 -1.0 -1.0 -1.0 -1.0 -1.0 -1.0 -1.0 -1.0 -1.0 
0.0 0.0 0.0 0.0 0.0 0.0 0.0 0.0 0.0 -2.0 -2.0 -2.0 -2.0 -1.0 -1.0 -1.0 -1.0 -1.0 -1.0 -1.0 -1.0 -1.0 -1.0 -1.0 -1.0 
0.0 0.0 0.0 0.0 0.0 0.0 0.0 0.0 -2.0 -2.0 -2.0 -2.0 -2.0 -1.0 -1.0 -1.0 -1.0 -1.0 -1.0 -1.0 -1.0 -1.0 -1.0 -1.0 -1.0 
0.0 0.0 0.0 0.0 0.0 0.0 0.0 0.0 0.0 -2.0 -2.0 -2.0 -2.0 -1.0 -1.0 -1.0 -1.0 -1.0 -1.0 -1.0 -1.0 -1.0 -1.0 -1.0 -1.0 
0.0 0.0 0.0 0.0 0.0 0.0 0.0 0.0 0.0 0.0 -2.0 -2.0 -2.0 -1.0 -1.0 -2.0 -1.0 -1.0 -1.0 -1.0 -1.0 -1.0 -1.0 -1.0 -1.0 
0.0 0.0 0.0 0.0 0.0 0.0 0.0 0.0 -2.0 -2.0 -2.0 -2.0 -2.0 -2.0 -2.0 -2.0 -1.0 -1.0 -1.0 -2.0 -1.0 -1.0 -1.0 -1.0 -1.0 
0.0 0.0 0.0 0.0 0.0 0.0 0.0 0.0 -2.0 -2.0 -2.0 -2.0 -2.0 -2.0 -2.0 -2.0 -2.0 -2.0 -2.0 -2.0 -2.0 -2.0 -1.0 -2.0 -1.0 
0.0 0.0 0.0 0.0 0.0 0.0 0.0 -2.0 -2.0 -2.0 -2.0 -2.0 -2.0 -2.0 -2.0 -2.0 -2.0 -2.0 -2.0 -2.0 -2.0 -2.0 -2.0 -2.0 -2.0 
0.0 0.0 0.0 0.0 0.0 0.0 0.0 0.0 -2.0 -2.0 -2.0 -2.0 -2.0 -2.0 -2.0 -2.0 -2.0 -2.0 2.0 2.0 2.0 2.0 2.0 -2.0 -2.0 
0.0 0.0 0.0 0.0 0.0 2.0 0.0 -2.0 -2.0 -2.0 -2.0 -2.0 -2.0 -2.0 2.0 -2.0 -2.0 -2.0 -2.0 2.0 2.0 2.0 2.0 2.0 2.0 
2.0 0.0 0.0 0.0 0.0 2.0 0.0 -2.0 -2.0 -2.0 -2.0 -2.0 2.0 -2.0 2.0 -2.0 -2.0 2.0 2.0 2.0 2.0 2.0 2.0 2.0 2.0 
2.0 0.0 0.0 0.0 2.0 2.0 -2.0 -2.0 2.0 2.0 -2.0 2.0 2.0 2.0 2.0 2.0 2.0 2.0 2.0 2.0 2.0 2.0 2.0 2.0 2.0 
2.0 2.0 0.0 2.0 2.0 2.0 2.0 2.0 2.0 2.0 2.0 2.0 2.0 2.0 2.0 2.0 2.0 2.0 2.0 2.0 2.0 2.0 2.0 2.0 2.0 
2.0 2.0 2.0 2.0 2.0 2.0 2.0 2.0 2.0 2.0 2.0 2.0 2.0 2.0 2.0 2.0 2.0 2.0 2.0 2.0 2.0 2.0 2.0 2.0 2.0 

-2.0 -2.0 -2.0 -2.0 2.0 2.0 2.0 2.0 2.0 2.0 2.0 2.0 2.0 2.0 2.0 2.0 2.0 2.0 2.0 2.0 2.0 2.0 2.0 2.0 2.0 
-2.0 -2.0 -2.0 2.0 2.0 2.0 2.0 2.0 2.0 2.0 2.0 2.0 2.0 2.0 2.0 2.0 2.0 2.0 2.0 2.0 2.0 2.0 2.0 2.0 2.0 
-2.0 -2.0 2.0 2.0 2.0 2.0 2.0 2.0 2.0 2.0 2.0 2.0 2.0 2.0 2.0 2.0 2.0 2.0 2.0 2.0 2.0 2.0 2.0 2.0 2.0 
-2.0 -2.0 -2.0 -2.0 2.0 2.0 2.0 2.0 2.0 2.0 2.0 2.0 2.0 2.0 2.0 2.0 2.0 2.0 2.0 2.0 2.0 2.0 2.0 2.0 2.0 
-2.0 -2.0 -2.0 -2.0 -2.0 -2.0 0.0 2.0 2.0 2.0 2.0 2.0 2.0 2.0 2.0 2.0 2.0 2.0 2.0 2.0 2.0 2.0 2.0 2.0 2.0 
-2.0 -2.0 -2.0 -2.0 -2.0 -2.0 0.0 0.0 2.0 2.0 2.0 2.0 2.0 2.0 2.0 2.0 0.0 2.0 2.0 2.0 2.0 2.0 2.0 2.0 2.0 
-2.0 -2.0 -2.0 -2.0 -2.0 0.0 0.0 0.0 0.0 2.0 2.0 2.0 2.0 2.0 0.0 0.0 0.0 2.0 0.0 2.0 2.0 2.0 2.0 2.0 2.0 
-2.0 -2.0 -2.0 -2.0 -2.0 0.0 0.0 0.0 0.0 2.0 2.0 2.0 0.0 0.0 0.0 0.0 0.0 0.0 0.0 2.0 2.0 2.0 2.0 2.0 2.0 
-2.0 -2.0 -2.0 -2.0 -2.0 -2.0 0.0 0.0 0.0 0.0 2.0 0.0 0.0 0.0 0.0 0.0 0.0 0.0 0.0 2.0 0.0 2.0 0.0 2.0 2.0 
-2.0 -2.0 -2.0 -2.0 -2.0 -2.0 -2.0 -2.0 0.0 0.0 0.0 0.0 0.0 0.0 0.0 0.0 0.0 0.0 0.0 0.0 0.0 2.0 0.0 2.0 0.0 
-2.0 -2.0 -2.0 -2.0 -2.0 -2.0 -2.0 -2.0 -2.0 -2.0 -1.0 0.0 -1.0 0.0 0.0 0.0 0.0 0.0 0.0 0.0 0.0 2.0 0.0 0.0 0.0 
-2.0 -2.0 -2.0 -2.0 -2.0 -2.0 -2.0 -2.0 -2.0 -2.0 -1.0 -1.0 -1.0 -1.0 0.0 0.0 0.0 0.0 0.0 0.0 0.0 0.0 0.0 0.0 0.0 
-2.0 -2.0 -2.0 -2.0 -2.0 -2.0 -2.0 -2.0 -2.0 -1.0 -1.0 -1.0 -1.0 0.0 0.0 0.0 0.0 0.0 0.0 0.0 0.0 0.0 0.0 0.0 0.0 
-2.0 -2.0 -2.0 -2.0 -2.0 -2.0 -2.0 -2.0 -1.0 -1.0 -1.0 -1.0 -1.0 0.0 0.0 0.0 0.0 0.0 0.0 0.0 0.0 0.0 0.0 0.0 0.0 
-2.0 -2.0 -2.0 -2.0 -2.0 -2.0 -2.0 -2.0 -2.0 -1.0 -1.0 -1.0 -1.0 0.0 0.0 0.0 0.0 0.0 0.0 0.0 0.0 0.0 0.0 0.0 0.0 
-2.0 -2.0 -2.0 -2.0 -2.0 -2.0 -2.0 -2.0 -2.0 -2.0 -1.0 -1.0 -1.0 0.0 0.0 -1.0 0.0 0.0 0.0 0.0 0.0 0.0 0.0 0.0 0.0 
-2.0 -2.0 -2.0 -2.0 -2.0 -2.0 -2.0 -2.0 -1.0 -1.0 -1.0 -1.0 -1.0 -1.0 -1.0 -1.0 0.0 0.0 0.0 -1.0 0.0 0.0 0.0 0.0 0.0 
-2.0 -2.0 -2.0 -2.0 -2.0 -2.0 -2.0 -2.0 -1.0 -1.0 -1.0 -1.0 -1.0 -1.0 -1.0 -1.0 -1.0 -1.0 -1.0 -1.0 -1.0 -1.0 0.0 -1.0 0.0 
-2.0 -2.0 -2.0 -2.0 -2.0 -2.0 -2.0 -1.0 -1.0 -1.0 -1.0 -1.0 -1.0 -1.0 -1.0 -1.0 -1.0 -1.0 -1.0 -1.0 -1.0 -1.0 -1.0 -1.0 -1.0 
-2.0 -2.0 -2.0 -2.0 -2.0 -2.0 -2.0 -2.0 -1.0 -1.0 -1.0 -1.0 -1.0 -1.0 -1.0 -1.0 -1.0 -1.0 1.0 1.0 1.0 1.0 1.0 -1.0 -1.0 
-2.0 -2.0 -2.0 -2.0 -2.0 1.0 -2.0 -1.0 -1.0 -1.0 -1.0 -1.0 -1.0 -1.0 1.0 -1.0 -1.0 -1.0 -1.0 1.0 1.0 1.0 1.0 1.0 1.0 
1.0 -2.0 -2.0 -2.0 -2.0 1.0 -2.0 -1.0 -1.0 -1.0 -1.0 -1.0 1.0 -1.0 1.0 -1.0 -1.0 1.0 1.0 1.0 1.0 1.0 1.0 1.0 1.0 
1.0 -2.0 -2.0 -2.0 1.0 1.0 -1.0 -1.0 1.0 1.0 -1.0 1.0 1.0 1.0 1.0 1.0 1.0 1.0 1.0 1.0 1.0 1.0 1.0 1.0 1.0 
1.0 1.0 -2.0 1.0 1.0 1.0 1.0 1.0 1.0 1.0 1.0 1.0 1.0 1.0 1.0 1.0 1.0 1.0 1.0 1.0 1.0 1.0 1.0 1.0 1.0 
1.0 1.0 1.0 1.0 1.0 1.0 1.0 1.0 1.0 1.0 1.0 1.0 1.0 1.0 1.0 1.0 1.0 1.0 1.0 1.0 1.0 1.0 1.0 1.0 1.0 

