0.814509 0.077855 0.112845 0.539061 0.011620 0.818632 0.380412 0.033507 0.770648 0.847440 0.841955 0.715217 0.801021 0.742811 0.516345 0.679474 0.196863 0.163981 0.628313 0.161804 0.147032 0.547315 0.401054 0.599610 0.723783 
0.642271 0.234034 0.236831 0.717213 0.872675 0.305874 0.305242 0.806500 0.894427 0.338508 0.405277 0.315908 0.239466 0.648079 0.297123 0.525348 0.251238 0.825501 0.566840 0.246713 0.626818 0.472694 0.875887 0.177649 0.831985 
0.049610 0.891269 0.982491 0.709146 0.707612 0.421675 0.523490 0.352090 0.093591 0.420915 0.203962 0.207230 0.452235 0.850398 0.839031 0.491718 0.803399 0.018668 0.431838 0.699288 0.152642 0.341585 0.493441 0.359954 0.480137 
0.884701 0.272726 0.035663 0.229414 0.424961 0.705006 0.574617 0.808675 0.878347 0.311088 0.031016 0.058664 0.922386 0.247906 0.942840 0.560241 0.855576 0.840704 0.217512 0.419498 0.622514 0.301354 0.430459 0.546799 0.208504 
0.298566 0.297561 0.343925 0.095341 0.418504 0.147938 0.807481 0.577739 0.205148 0.295303 0.364235 0.162674 0.408951 0.046098 0.227853 0.896699 0.389656 0.881725 0.683260 0.900636 0.311175 0.660258 0.806773 0.461445 0.269862 
0.294327 0.626591 0.068754 0.528626 0.848977 0.040881 0.655309 0.945046 0.388985 0.171551 0.882882 0.237446 0.931159 0.495420 0.084347 0.172336 0.640226 0.436857 0.643890 0.238128 0.379888 0.387388 0.645292 0.137326 0.136149 
0.325223 0.204504 0.839720 0.530378 0.964886 0.587173 0.364317 0.005575 0.788556 0.106351 0.364187 0.590022 0.715569 0.749477 0.231075 0.508112 0.732687 0.195860 0.290338 0.585505 0.309654 0.266266 0.536277 0.796632 0.028174 
0.633827 0.706146 0.426807 0.525021 0.563965 0.955293 0.950946 0.010099 0.962643 0.061769 0.003474 0.642504 0.897661 0.011743 0.775179 0.262669 0.734649 0.599293 0.383196 0.882915 0.313233 0.825418 0.967700 0.952798 0.178020 
0.607935 0.451145 0.761047 0.320300 0.308507 0.864062 0.677620 0.410376 0.545070 0.507765 0.835084 0.660018 0.392483 0.992187 0.735871 0.249646 0.059677 0.967226 0.287037 0.640126 0.666173 0.349950 0.217338 0.840898 0.023695 
0.771366 0.988948 0.362931 0.334741 0.211220 0.618239 0.238832 0.398877 0.790843 0.414031 0.058635 0.121321 0.078425 0.425063 0.152470 0.719623 0.423776 0.531690 0.780517 0.301347 0.812047 0.115251 0.890872 0.036565 0.024143 
0.346287 0.378788 0.827538 0.522925 0.581422 0.296589 0.470100 0.960289 0.532096 0.614680 0.817600 0.485055 0.495858 0.196076 0.253785 0.173060 0.766945 0.563497 0.266705 0.981933 0.295425 0.568858 0.577333 0.766069 0.409067 
0.488523 0.603173 0.505738 0.334424 0.023438 0.568489 0.843063 0.711933 0.506938 0.671706 0.828956 0.775619 0.138869 0.633292 0.320190 0.531459 0.556415 0.892443 0.109576 0.430797 0.130504 0.976468 0.225037 0.581099 0.574995 
0.052941 0.928179 0.044873 0.879367 0.776810 0.219513 0.661777 0.091795 0.527152 0.600622 0.718615 0.174130 0.982153 0.772765 0.792445 0.811251 0.635939 0.126781 0.722451 0.885875 0.457106 0.133500 0.784098 0.466785 0.874592 
0.590879 0.326741 0.837143 0.859871 0.968613 0.101661 0.505631 0.487817 0.323646 0.993044 0.425132 0.460209 0.333351 0.567092 0.840631 0.314351 0.368080 0.083669 0.564075 0.454483 0.716122 0.341103 0.154722 0.517482 0.081021 
0.342146 0.512073 0.822207 0.721024 0.345261 0.652356 0.509703 0.356388 0.529641 0.003204 0.729283 0.947910 0.910723 0.589880 0.671952 0.745736 0.186334 0.387631 0.680522 0.074312 0.471639 0.911873 0.619890 0.744309 0.474568 
0.895116 0.994482 0.470833 0.302680 0.683649 0.833489 0.036833 0.183230 0.874695 0.367123 0.608193 0.791042 0.405257 0.800831 0.645624 0.989126 0.017476 0.014455 0.726646 0.688527 0.210710 0.390545 0.293703 0.448298 0.372970 
0.068022 0.533066 0.393536 0.319241 0.182792 0.386064 0.912797 0.978746 0.722747 0.515969 0.696828 0.652237 0.558496 0.491018 0.049920 0.429338 0.507561 0.326008 0.134895 0.957025 0.278112 0.435101 0.393503 0.605359 0.193060 
0.015838 0.237413 0.738839 0.855962 0.219305 0.133483 0.834865 0.463221 0.927593 0.501979 0.836781 0.382647 0.761973 0.075261 0.632123 0.616502 0.507043 0.372837 0.127901 0.513570 0.392731 0.851700 0.366726 0.207121 0.385876 
0.850928 0.982505 0.477379 0.168327 0.427453 0.462250 0.339138 0.030680 0.864195 0.643871 0.803797 0.344817 0.486799 0.753136 0.568800 0.265738 0.012680 0.098339 0.521930 0.491353 0.163036 0.463789 0.155050 0.293333 0.929155 
0.379777 0.516243 0.312632 0.300269 0.758720 0.983505 0.148543 0.932036 0.997734 0.668684 0.433857 0.083328 0.587807 0.805607 0.593181 0.009532 0.538902 0.330137 0.670818 0.607860 0.922923 0.322534 0.300174 0.964756 0.443595 
0.900037 0.978693 0.569097 0.387494 0.381978 0.202421 0.969173 0.209523 0.239418 0.757552 0.287502 0.615171 0.038486 0.832401 0.884027 0.166458 0.550802 0.504953 0.481663 0.827561 0.530680 0.517229 0.548274 0.549259 0.930975 
0.130673 0.980122 0.406536 0.875757 0.362671 0.042235 0.433887 0.335337 0.146875 0.323243 0.599042 0.838776 0.170836 0.721445 0.920360 0.331075 0.546895 0.038529 0.618626 0.258532 0.923200 0.750043 0.037784 0.919051 0.408707 
0.403512 0.811305 0.845580 0.058629 0.387308 0.085677 0.871062 0.685135 0.100058 0.771695 0.946684 0.859653 0.951384 0.696189 0.298736 0.435791 0.498068 0.581970 0.735616 0.050664 0.553124 0.553624 0.095351 0.692546 0.993455 
0.889690 0.735530 0.738463 0.605743 0.044066 0.689936 0.980009 0.690810 0.068445 0.749859 0.276180 0.981089 0.788993 0.456646 0.569982 0.935152 0.235803 0.730568 0.076989 0.978765 0.895339 0.830265 0.896568 0.938343 0.898130 
0.568557 0.157852 0.486917 0.689083 0.140149 0.998755 0.277940 0.846814 0.648324 0.475226 0.606851 0.945967 0.757008 0.726897 0.760633 0.811493 0.452485 0.804628 0.853152 0.832574 0.874219 0.990691 0.420713 0.885716 0.191911 

0.059010 0.928570 0.015132 0.749483 0.278994 0.944396 0.160572 0.318078 0.830588 0.386316 0.189505 0.391719 0.170722 0.216068 0.283314 0.765569 0.957816 0.492639 0.803535 0.647613 0.635912 0.380318 0.004203 0.286868 0.552587 
0.875885 0.094440 0.338227 0.564778 0.430891 0.018361 0.374281 0.221264 0.304350 0.862542 0.792852 0.104997 0.932156 0.229480 0.182083 0.377508 0.126121 0.547131 0.254424 0.315409 0.025132 0.189836 0.148609 0.226476 0.914942 
0.066176 0.675076 0.502880 0.947078 0.349133 0.809234 0.837832 0.360970 0.693922 0.270349 0.446656 0.281752 0.660565 0.952145 0.547530 0.842053 0.358787 0.592651 0.136142 0.339889 0.262510 0.430185 0.793515 0.381859 0.330933 
0.240366 0.481358 0.806192 0.575882 0.766907 0.650637 0.637826 0.788307 0.756228 0.703533 0.014990 0.304713 0.299175 0.874541 0.660660 0.675430 0.606938 0.439522 0.753126 0.408456 0.359569 0.481889 0.490828 0.762569 0.474122 
0.414536 0.086547 0.284346 0.113769 0.070668 0.117310 0.197688 0.029817 0.633243 0.680238 0.832342 0.753089 0.269255 0.597603 0.401835 0.766347 0.015867 0.530179 0.214246 0.793135 0.149909 0.069108 0.166171 0.605422 0.925351 
0.923051 0.670330 0.858150 0.201598 0.086758 0.357600 0.484619 0.465057 0.232102 0.870615 0.465021 0.088250 0.498616 0.378699 0.955871 0.121050 0.853359 0.832147 0.050607 0.821438 0.091098 0.290412 0.597542 0.343169 0.386600 
0.094752 0.284224 0.868146 0.853579 0.666865 0.438237 0.155628 0.070954 0.471861 0.468258 0.148614 0.330962 0.713936 0.238665 0.958725 0.262837 0.832262 0.197540 0.472928 0.198599 0.235451 0.737921 0.984998 0.891632 0.252829 
0.035763 0.737534 0.725708 0.209421 0.633435 0.455376 0.580728 0.497289 0.624188 0.687822 0.373311 0.634900 0.943471 0.009897 0.161552 0.560982 0.914720 0.043756 0.902235 0.803345 0.012558 0.144526 0.791353 0.789707 0.804459 
0.259502 0.038493 0.694850 0.449237 0.294925 0.496368 0.092411 0.627439 0.092729 0.633494 0.159961 0.017538 0.903876 0.910964 0.537467 0.944483 0.889641 0.639370 0.413342 0.973075 0.399131 0.900136 0.482938 0.724533 0.635356 
0.256648 0.585372 0.270457 0.266281 0.783032 0.596090 0.381219 0.101303 0.028781 0.224259 0.478294 0.031639 0.144714 0.972579 0.050900 0.329867 0.385427 0.817170 0.133907 0.588921 0.675546 0.790594 0.086325 0.392489 0.426324 
0.984131 0.414452 0.989560 0.218523 0.898578 0.150416 0.403155 0.149041 0.641991 0.263157 0.876229 0.530162 0.583722 0.160186 0.158496 0.577918 0.946954 0.467699 0.206968 0.603298 0.631971 0.479054 0.095822 0.309921 0.310961 
0.246924 0.924129 0.292594 0.987202 0.319392 0.727371 0.671077 0.478336 0.153051 0.623962 0.342939 0.171284 0.564806 0.855409 0.041016 0.326885 0.612047 0.667803 0.005289 0.755565 0.762800 0.963607 0.303656 0.422481 0.685307 
0.934101 0.738034 0.318072 0.912823 0.543091 0.367422 0.393102 0.765723 0.828500 0.335680 0.593473 0.216919 0.383315 0.129790 0.916599 0.890962 0.578014 0.277343 0.281527 0.458722 0.993233 0.851718 0.259882 0.127103 0.543050 
0.337830 0.163091 0.016804 0.450732 0.714887 0.658981 0.924399 0.484395 0.078303 0.871502 0.241319 0.046468 0.301165 0.055444 0.640650 0.426510 0.438464 0.561087 0.242286 0.628562 0.232601 0.096268 0.646524 0.230772 0.808485 
0.633764 0.601049 0.432549 0.394265 0.967795 0.396890 0.273771 0.702339 0.937599 0.497461 0.238920 0.390160 0.197200 0.666333 0.023636 0.588098 0.862275 0.873647 0.001884 0.001966 0.162899 0.194164 0.464202 0.324519 0.345225 
0.757527 0.925650 0.826105 0.906922 0.493071 0.604213 0.994229 0.128465 0.626688 0.646222 0.461841 0.615566 0.690552 0.338858 0.919322 0.521669 0.917910 0.629935 0.502158 0.576370 0.286617 0.020114 0.516741 0.408193 0.710739 
0.008187 0.427451 0.632245 0.693632 0.342139 0.901867 0.704987 0.237870 0.822748 0.782690 0.308799 0.486644 0.607114 0.356072 0.925555 0.959960 0.219532 0.380324 0.118517 0.552628 0.570749 0.577510 0.366163 0.332035 0.877978 
0.848042 0.100877 0.591789 0.913005 0.711303 0.366098 0.897470 0.431290 0.390780 0.330033 0.057589 0.696110 0.873017 0.284440 0.001180 0.436443 0.013524 0.025580 0.278371 0.748387 0.725042 0.485715 0.771355 0.702992 0.118423 
0.790233 0.042153 0.706183 0.584569 0.025249 0.610371 0.539702 0.630985 0.952743 0.388283 0.426573 0.533825 0.835550 0.630362 0.755700 0.992082 0.357829 0.781919 0.272650 0.960262 0.315003 0.392062 0.815318 0.457029 0.391856 
0.249834 0.720970 0.522199 0.233308 0.211456 0.972760 0.771209 0.245966 0.670806 0.092783 0.361153 0.164921 0.818646 0.020873 0.109755 0.872630 0.198696 0.042255 0.059220 0.129896 0.121314 0.689883 0.015623 0.062129 0.917051 
0.981561 0.823041 0.348208 0.659619 0.146035 0.535535 0.569666 0.295693 0.204794 0.128551 0.167132 0.958102 0.358946 0.443888 0.364233 0.475758 0.754340 0.022212 0.062414 0.153600 0.670051 0.111985 0.538332 0.565802 0.494524 
0.336833 0.261162 0.396822 0.774142 0.126669 0.470152 0.414302 0.046489 0.312627 0.934153 0.537294 0.774560 0.304328 0.177520 0.345263 0.249990 0.624229 0.742050 0.149808 0.216776 0.206727 0.674668 0.584073 0.645762 0.511332 
0.402970 0.876953 0.362561 0.439481 0.365518 0.142311 0.388553 0.044573 0.743834 0.629186 0.913313 0.816036 0.118719 0.023598 0.535182 0.885471 0.561464 0.097421 0.352044 0.469401 0.382154 0.725085 0.897633 0.491033 0.584526 
0.139354 0.603054 0.780071 0.122489 0.393036 0.974404 0.427321 0.123152 0.883308 0.903710 0.173820 0.774878 0.454828 0.621685 0.335627 0.456562 0.318564 0.349666 0.532565 0.233293 0.086754 0.073120 0.570708 0.219444 0.695501 
0.230014 0.957175 0.056271 0.693048 0.994117 0.586820 0.700136 0.048885 0.981432 0.228647 0.051521 0.553937 0.342262 0.421846 0.614511 0.235073 0.867093 0.078469 0.304387 0.575779 0.315114 0.553976 0.367853 0.672024 0.604834 

0.678151 -1.646299 0.197852 -0.785211 -0.634688 -0.877652 0.310886 -0.604166 -0.450149 0.404526 0.450014 -0.463007 0.203918 0.051682 0.600292 1.625717 2.088174 0.499735 1.340535 1.029673 1.440375 0.598156 -0.288022 0.346836 1.554750 
-0.951790 0.100415 -0.614518 -0.372066 0.102418 0.219551 -0.430048 0.240195 0.903190 -1.366331 -0.994053 0.173492 1.837285 0.207233 0.391517 0.168347 0.039494 0.949001 0.376378 0.421403 0.137867 0.969826 0.528525 0.170655 1.857591 
-0.141873 -0.243955 0.109712 -1.427703 -0.613326 -0.900398 -1.356549 -0.128272 -0.775267 -0.387587 -0.343302 -0.649290 1.749090 1.606545 0.944509 1.504905 0.630148 0.986259 0.245203 -0.007558 0.440301 0.584504 1.917052 0.415965 -0.039133 
0.161298 -1.214209 -1.980185 -0.657803 -1.040049 -0.687315 -0.486283 -0.831025 -0.815383 -1.656353 0.050027 -0.854929 0.241100 1.730558 1.359208 1.304014 0.703367 0.961148 1.633180 0.347233 1.146167 1.088879 1.439534 1.540675 0.909192 
-0.912639 0.054581 -0.286261 -0.172662 0.170188 -0.523918 0.838832 0.487648 -1.079069 -0.799432 -1.301437 -1.504269 0.200501 1.499274 0.929893 1.684947 0.265190 1.231685 0.274918 1.381615 0.224213 0.137238 0.380790 0.937380 2.078873 
-1.307853 -1.041137 -2.235563 0.003769 0.496640 -0.649727 0.293688 -0.056754 -0.245556 -1.614585 0.121809 -0.079032 1.192022 1.080192 1.875699 0.474060 1.587249 1.883358 0.254644 1.977576 0.452702 0.327164 1.146589 0.258783 0.458689 
0.104170 0.448918 -0.633264 -0.890039 -0.268774 0.373452 0.031182 -0.442802 -0.408524 -0.829364 0.478471 -0.172870 1.770609 0.799411 1.837700 0.443030 1.298683 0.333017 1.644586 0.262651 -0.121066 1.903452 2.416398 1.494270 0.535465 
0.883657 -0.646560 -1.017035 0.336723 -1.050689 0.332548 -0.325976 -0.647578 0.175934 -1.428871 -1.136494 -1.273682 1.787547 -0.385351 1.598441 0.863803 2.153482 0.557889 2.120359 1.587291 -0.076668 0.307549 1.527290 1.606377 2.480269 
-0.283547 0.109954 -0.310348 -0.549174 -0.492062 -0.396400 0.354897 -0.436642 0.518315 -1.015085 0.110878 1.788594 1.072613 2.284873 0.960319 0.525623 0.126746 1.821699 0.632013 1.445332 0.849158 1.166222 0.783929 1.386550 1.275142 
-0.055770 -0.492816 -0.528264 0.399190 -1.396723 -0.703973 -0.754957 -0.296122 0.169828 -0.054125 -0.527868 -0.085117 0.564983 1.199775 0.796728 1.063406 0.416485 1.126658 1.669887 0.522472 1.650442 0.356088 2.152575 0.565535 -0.008931 
-1.691399 -0.650497 -0.865102 0.456468 -1.088627 0.655890 -0.308717 0.009552 -0.773762 -0.196958 1.682361 0.562921 0.800861 0.136074 0.594043 0.068767 1.637738 1.075202 0.306696 2.030300 0.588078 1.152652 1.044704 1.320798 0.710865 
-0.157301 -1.194956 0.658126 -1.919576 -0.534035 -0.592094 -0.256281 -0.483076 0.158838 -0.868036 1.719020 0.808976 -0.418474 1.605344 0.398900 0.966602 1.188707 1.846314 0.221709 0.800306 0.512628 2.192785 0.799115 1.460808 2.181342 
-1.919871 -0.622356 -0.238014 -0.968667 -0.172067 -0.446605 -0.191672 -1.563589 -1.563038 -0.067287 2.032514 0.361936 1.596287 1.476787 1.376755 1.650864 1.151209 0.579986 0.915907 2.029548 0.793297 0.493273 1.962824 0.870599 1.519052 
-0.188422 -0.774690 0.406230 0.253940 -0.556283 -0.461383 -1.200129 -0.730532 -0.910900 -1.747138 0.395423 0.444755 0.801446 1.136896 1.463291 0.386327 0.393661 0.616818 0.592973 0.597339 1.213157 0.592654 0.000604 1.483740 -0.328086 
-0.608991 -0.487796 0.201121 0.512158 0.210539 -0.883882 -1.062166 0.190126 -0.232748 0.939556 -1.905402 2.006940 2.090700 1.479118 1.175448 1.345532 0.261359 0.700201 1.310012 0.591677 1.627584 1.727687 0.956313 1.878750 0.725656 
-1.058207 -0.458714 -0.020795 0.232553 -0.669375 -1.544878 1.221536 -0.267895 -1.231934 -0.079031 -0.909782 -1.648095 -0.739740 -1.263048 -1.663004 -1.575773 -0.676622 -0.657459 -1.404430 -1.410997 -0.712821 -0.633390 -0.901560 -0.491119 -1.056929 
-0.340256 -0.426689 -0.194890 0.331358 -0.322283 0.555578 -0.590354 -1.581242 -0.434342 -0.474004 -1.848180 -0.753039 -0.388106 -0.800293 -0.813523 -1.470176 -0.736554 -0.780317 -0.345665 -1.924941 -0.951360 -1.022721 -0.669502 -0.758389 -0.721640 
1.125400 -0.555606 -0.691534 -0.699251 0.187360 0.246190 -1.138116 -0.483624 -1.507671 -1.014637 -1.970089 -0.035007 -2.366986 -0.581601 -0.843019 -1.066410 -0.735852 -0.538021 -0.195469 -1.052188 -1.202526 -0.886937 -1.063910 -0.279398 -0.570048 
-0.864501 -1.692399 -0.285444 -0.010639 -0.120487 -0.426013 0.058168 0.901176 -0.445055 -0.952336 -0.757909 -0.100390 -0.104496 -1.775015 -1.055719 -1.279096 -0.859330 -1.145496 -0.979902 -1.787326 -0.552827 -1.220895 -1.083430 -0.628031 -0.824525 
-0.278089 -0.209672 -0.270320 -0.014032 -0.943857 -1.313539 0.706330 -0.916447 -1.468971 -1.502877 -0.277980 0.461473 -0.383689 -1.146331 -0.603966 -1.365413 -0.733752 0.130703 -1.038430 -1.130751 -1.129316 -0.966081 -0.077455 -0.554775 -0.967246 
-1.038609 -1.580772 -0.507003 0.118627 -0.955895 -0.287849 -1.436076 -0.035241 0.156934 -1.206323 -0.312723 -0.633500 0.564125 -1.225063 -0.648469 -0.843819 -1.064914 -0.289017 -0.401089 -0.459342 -1.402283 -0.496195 -1.221994 -1.191608 -1.665088 
0.175722 -1.620341 -0.826937 -0.610692 -0.664032 0.625640 0.047988 -1.420675 0.576286 0.554708 -1.172492 -0.689800 -0.401614 -1.346224 -1.216708 -0.789940 -1.212599 -0.693203 -0.374233 -0.257552 -1.186771 -1.678178 -1.212766 -2.112748 -0.901632 
-0.640444 -0.831873 -1.068661 0.593781 -0.253644 0.017701 -1.733978 -1.623585 0.398852 -0.695079 -0.898237 -1.593875 -1.952945 -1.652406 -0.285555 -1.561986 -0.814967 -0.907336 -1.152242 -0.041454 -0.557381 -1.441140 -1.203662 -1.389058 -0.949096 
-1.437363 -1.281155 -0.646985 -1.063196 0.449141 -0.215845 -1.569315 -1.149992 0.247722 -0.490918 -0.139795 -1.054980 -0.460656 -0.343181 -1.156987 -1.848755 -0.930440 -1.307768 -0.614680 -1.524136 -1.325282 -0.962995 -1.230678 -1.112827 -1.808731 
-0.830944 1.147519 -0.903848 -1.078288 0.464193 -1.500932 0.082341 -1.822502 -0.086996 -0.178663 -1.033890 -1.170710 -1.637052 -1.462054 -0.456090 -1.347013 -0.543845 -0.266272 -1.028872 -1.268672 -1.573118 -1.355551 -0.993620 -2.271092 -0.709882 

4 4 4 4 4 4 4 4 4 4 4 4 3 3 3 3 3 3 3 3 3 3 3 3 3 
4 4 4 4 4 4 4 4 4 4 4 4 3 3 3 3 3 3 3 3 3 3 3 3 3 
4 4 4 4 4 4 4 4 4 4 4 4 3 3 3 3 3 3 3 3 3 3 3 3 3 
4 4 4 4 4 4 4 4 4 4 4 4 3 3 3 3 3 3 3 3 3 3 3 3 3 
4 4 4 4 4 4 4 4 4 4 4 4 3 3 3 3 3 3 3 3 3 3 3 3 3 
4 4 4 4 4 4 4 4 4 4 4 4 3 3 3 3 3 3 3 3 3 3 3 3 3 
4 4 4 4 4 4 4 4 4 4 4 4 3 3 3 3 3 3 3 3 3 3 3 3 3 
4 4 4 4 4 4 4 4 4 4 4 4 0 0 0 0 0 3 3 3 3 3 3 3 3 
4 4 4 4 4 4 4 4 4 4 4 0 0 0 0 0 0 0 0 0 0 0 0 0 3 
4 4 4 4 4 4 4 4 4 4 4 0 0 0 0 0 0 0 0 0 0 0 0 0 0 
4 4 4 4 4 4 4 4 4 4 0 0 0 0 0 0 0 0 0 0 0 0 0 0 0 
4 4 4 4 4 4 4 4 4 4 0 0 0 0 0 0 0 0 0 0 0 0 0 0 0 
4 4 4 4 4 4 4 4 4 4 0 0 0 0 0 0 0 0 0 0 0 0 0 0 0 
4 4 4 4 4 4 4 4 2 2 0 0 0 0 0 0 0 0 0 0 0 0 0 0 0 
4 4 4 4 2 2 2 2 2 2 2 0 0 0 0 0 0 0 0 0 0 0 0 0 0 
2 2 2 2 2 2 2 2 2 2 2 1 1 1 1 1 1 1 1 1 1 1 1 1 1 
2 2 2 2 2 2 2 2 2 2 2 2 1 1 1 1 1 1 1 1 1 1 1 1 1 
2 2 2 2 2 2 2 2 2 2 2 2 1 1 1 1 1 1 1 1 1 1 1 1 1 
2 2 2 2 2 2 2 2 2 2 2 2 2 1 1 1 1 1 1 1 1 1 1 1 1 
2 2 2 2 2 2 2 2 2 2 2 2 2 1 1 1 1 1 1 1 1 1 1 1 1 
2 2 2 2 2 2 2 2 2 2 2 2 2 2 1 1 1 1 1 1 1 1 1 1 1 
2 2 2 2 2 2 2 2 2 2 2 2 2 2 1 1 1 1 1 1 1 1 1 1 1 
2 2 2 2 2 2 2 2 2 2 2 2 2 2 2 1 1 1 1 1 1 1 1 1 1 
2 2 2 2 2 2 2 2 2 2 2 2 2 2 2 1 1 1 1 1 1 1 1 1 1 
2 2 2 2 2 2 2 2 2 2 2 2 2 2 2 2 1 1 1 1 1 1 1 1 1 

1.0 1.0 1.0 1.0 1.0 1.0 1.0 1.0 1.0 1.0 1.0 1.0 0.0 0.0 0.0 0.0 0.0 0.0 0.0 0.0 0.0 0.0 0.0 0.0 0.0 
1.0 1.0 1.0 1.0 1.0 1.0 1.0 1.0 1.0 1.0 1.0 1.0 0.0 0.0 0.0 0.0 0.0 0.0 0.0 0.0 0.0 0.0 0.0 0.0 0.0 
1.0 1.0 1.0 1.0 1.0 1.0 1.0 1.0 1.0 1.0 1.0 1.0 0.0 0.0 0.0 0.0 0.0 0.0 0.0 0.0 0.0 0.0 0.0 0.0 0.0 
1.0 1.0 1.0 1.0 1.0 1.0 1.0 1.0 1.0 1.0 1.0 1.0 0.0 0.0 0.0 0.0 0.0 0.0 0.0 0.0 0.0 0.0 0.0 0.0 0.0 
1.0 1.0 1.0 1.0 1.0 1.0 1.0 1.0 1.0 1.0 1.0 1.0 0.0 0.0 0.0 0.0 0.0 0.0 0.0 0.0 0.0 0.0 0.0 0.0 0.0 
1.0 1.0 1.0 1.0 1.0 1.0 1.0 1.0 1.0 1.0 1.0 1.0 0.0 0.0 0.0 0.0 0.0 0.0 0.0 0.0 0.0 0.0 0.0 0.0 0.0 
1.0 1.0 1.0 1.0 1.0 1.0 1.0 1.0 1.0 1.0 1.0 1.0 0.0 0.0 0.0 0.0 0.0 0.0 0.0 0.0 0.0 0.0 0.0 0.0 0.0 
1.0 1.0 1.0 1.0 1.0 1.0 1.0 1.0 1.0 1.0 1.0 1.0 2.0 2.0 2.0 2.0 2.0 0.0 0.0 0.0 0.0 0.0 0.0 0.0 0.0 
1.0 1.0 1.0 1.0 1.0 1.0 1.0 1.0 1.0 1.0 1.0 2.0 2.0 2.0 2.0 2.0 2.0 2.0 2.0 2.0 2.0 2.0 2.0 2.0 0.0 
1.0 1.0 1.0 1.0 1.0 1.0 1.0 1.0 1.0 1.0 1.0 2.0 2.0 2.0 2.0 2.0 2.0 2.0 2.0 2.0 2.0 2.0 2.0 2.0 2.0 
1.0 1.0 1.0 1.0 1.0 1.0 1.0 1.0 1.0 1.0 2.0 2.0 2.0 2.0 2.0 2.0 2.0 2.0 2.0 2.0 2.0 2.0 2.0 2.0 2.0 
1.0 1.0 1.0 1.0 1.0 1.0 1.0 1.0 1.0 1.0 2.0 2.0 2.0 2.0 2.0 2.0 2.0 2.0 2.0 2.0 2.0 2.0 2.0 2.0 2.0 
1.0 1.0 1.0 1.0 1.0 1.0 1.0 1.0 1.0 1.0 2.0 2.0 2.0 2.0 2.0 2.0 2.0 2.0 2.0 2.0 2.0 2.0 2.0 2.0 2.0 
1.0 1.0 1.0 1.0 1.0 1.0 1.0 1.0 -2.0 -2.0 2.0 2.0 2.0 2.0 2.0 2.0 2.0 2.0 2.0 2.0 2.0 2.0 2.0 2.0 2.0 
1.0 1.0 1.0 1.0 -2.0 -2.0 -2.0 -2.0 -2.0 -2.0 -2.0 2.0 2.0 2.0 2.0 2.0 2.0 2.0 2.0 2.0 2.0 2.0 2.0 2.0 2.0 
-2.0 -2.0 -2.0 -2.0 -2.0 -2.0 -2.0 -2.0 -2.0 -2.0 -2.0 -1.0 -1.0 -1.0 -1.0 -1.0 -1.0 -1.0 -1.0 -1.0 -1.0 -1.0 -1.0 -1.0 -1.0 
-2.0 -2.0 -2.0 -2.0 -2.0 -2.0 -2.0 -2.0 -2.0 -2.0 -2.0 -2.0 -1.0 -1.0 -1.0 -1.0 -1.0 -1.0 -1.0 -1.0 -1.0 -1.0 -1.0 -1.0 -1.0 
-2.0 -2.0 -2.0 -2.0 -2.0 -2.0 -2.0 -2.0 -2.0 -2.0 -2.0 -2.0 -1.0 -1.0 -1.0 -1.0 -1.0 -1.0 -1.0 -1.0 -1.0 -1.0 -1.0 -1.0 -1.0 
-2.0 -2.0 -2.0 -2.0 -2.0 -2.0 -2.0 -2.0 -2.0 -2.0 -2.0 -2.0 -2.0 -1.0 -1.0 -1.0 -1.0 -1.0 -1.0 -1.0 -1.0 -1.0 -1.0 -1.0 -1.0 
-2.0 -2.0 -2.0 -2.0 -2.0 -2.0 -2.0 -2.0 -2.0 -2.0 -2.0 -2.0 -2.0 -1.0 -1.0 -1.0 -1.0 -1.0 -1.0 -1.0 -1.0 -1.0 -1.0 -1.0 -1.0 
-2.0 -2.0 -2.0 -2.0 -2.0 -2.0 -2.0 -2.0 -2.0 -2.0 -2.0 -2.0 -2.0 -2.0 -1.0 -1.0 -1.0 -1.0 -1.0 -1.0 -1.0 -1.0 -1.0 -1.0 -1.0 
-2.0 -2.0 -2.0 -2.0 -2.0 -2.0 -2.0 -2.0 -2.0 -2.0 -2.0 -2.0 -2.0 -2.0 -1.0 -1.0 -1.0 -1.0 -1.0 -1.0 -1.0 -1.0 -1.0 -1.0 -1.0 
-2.0 -2.0 -2.0 -2.0 -2.0 -2.0 -2.0 -2.0 -2.0 -2.0 -2.0 -2.0 -2.0 -2.0 -2.0 -1.0 -1.0 -1.0 -1.0 -1.0 -1.0 -1.0 -1.0 -1.0 -1.0 
-2.0 -2.0 -2.0 -2.0 -2.0 -2.0 -2.0 -2.0 -2.0 -2.0 -2.0 -2.0 -2.0 -2.0 -2.0 -1.0 -1.0 -1.0 -1.0 -1.0 -1.0 -1.0 -1.0 -1.0 -1.0 
-2.0 -2.0 -2.0 -2.0 -2.0 -2.0 -2.0 -2.0 -2.0 -2.0 -2.0 -2.0 -2.0 -2.0 -2.0 -2.0 -1.0 -1.0 -1.0 -1.0 -1.0 -1.0 -1.0 -1.0 -1.0 

-2.0 -2.0 -2.0 -2.0 -2.0 -2.0 -2.0 -2.0 -2.0 -2.0 -2.0 -2.0 2.0 2.0 2.0 2.0 2.0 2.0 2.0 2.0 2.0 2.0 2.0 2.0 2.0 
-2.0 -2.0 -2.0 -2.0 -2.0 -2.0 -2.0 -2.0 -2.0 -2.0 -2.0 -2.0 2.0 2.0 2.0 2.0 2.0 2.0 2.0 2.0 2.0 2.0 2.0 2.0 2.0 
-2.0 -2.0 -2.0 -2.0 -2.0 -2.0 -2.0 -2.0 -2.0 -2.0 -2.0 -2.0 2.0 2.0 2.0 2.0 2.0 2.0 2.0 2.0 2.0 2.0 2.0 2.0 2.0 
-2.0 -2.0 -2.0 -2.0 -2.0 -2.0 -2.0 -2.0 -2.0 -2.0 -2.0 -2.0 2.0 2.0 2.0 2.0 2.0 2.0 2.0 2.0 2.0 2.0 2.0 2.0 2.0 
-2.0 -2.0 -2.0 -2.0 -2.0 -2.0 -2.0 -2.0 -2.0 -2.0 -2.0 -2.0 2.0 2.0 2.0 2.0 2.0 2.0 2.0 2.0 2.0 2.0 2.0 2.0 2.0 
-2.0 -2.0 -2.0 -2.0 -2.0 -2.0 -2.0 -2.0 -2.0 -2.0 -2.0 -2.0 2.0 2.0 2.0 2.0 2.0 2.0 2.0 2.0 2.0 2.0 2.0 2.0 2.0 
-2.0 -2.0 -2.0 -2.0 -2.0 -2.0 -2.0 -2.0 -2.0 -2.0 -2.0 -2.0 2.0 2.0 2.0 2.0 2.0 2.0 2.0 2.0 2.0 2.0 2.0 2.0 2.0 
-2.0 -2.0 -2.0 -2.0 -2.0 -2.0 -2.0 -2.0 -2.0 -2.0 -2.0 -2.0 0.0 0.0 0.0 0.0 0.0 2.0 2.0 2.0 2.0 2.0 2.0 2.0 2.0 
-2.0 -2.0 -2.0 -2.0 -2.0 -2.0 -2.0 -2.0 -2.0 -2.0 -2.0 0.0 0.0 0.0 0.0 0.0 0.0 0.0 0.0 0.0 0.0 0.0 0.0 0.0 2.0 
-2.0 -2.0 -2.0 -2.0 -2.0 -2.0 -2.0 -2.0 -2.0 -2.0 -2.0 0.0 0.0 0.0 0.0 0.0 0.0 0.0 0.0 0.0 0.0 0.0 0.0 0.0 0.0 
-2.0 -2.0 -2.0 -2.0 -2.0 -2.0 -2.0 -2.0 -2.0 -2.0 0.0 0.0 0.0 0.0 0.0 0.0 0.0 0.0 0.0 0.0 0.0 0.0 0.0 0.0 0.0 
-2.0 -2.0 -2.0 -2.0 -2.0 -2.0 -2.0 -2.0 -2.0 -2.0 0.0 0.0 0.0 0.0 0.0 0.0 0.0 0.0 0.0 0.0 0.0 0.0 0.0 0.0 0.0 
-2.0 -2.0 -2.0 -2.0 -2.0 -2.0 -2.0 -2.0 -2.0 -2.0 0.0 0.0 0.0 0.0 0.0 0.0 0.0 0.0 0.0 0.0 0.0 0.0 0.0 0.0 0.0 
-2.0 -2.0 -2.0 -2.0 -2.0 -2.0 -2.0 -2.0 1.0 1.0 0.0 0.0 0.0 0.0 0.0 0.0 0.0 0.0 0.0 0.0 0.0 0.0 0.0 0.0 0.0 
-2.0 -2.0 -2.0 -2.0 1.0 1.0 1.0 1.0 1.0 1.0 1.0 0.0 0.0 0.0 0.0 0.0 0.0 0.0 0.0 0.0 0.0 0.0 0.0 0.0 0.0 
1.0 1.0 1.0 1.0 1.0 1.0 1.0 1.0 1.0 1.0 1.0 -1.0 -1.0 -1.0 -1.0 -1.0 -1.0 -1.0 -1.0 -1.0 -1.0 -1.0 -1.0 -1.0 -1.0 
1.0 1.0 1.0 1.0 1.0 1.0 1.0 1.0 1.0 1.0 1.0 1.0 -1.0 -1.0 -1.0 -1.0 -1.0 -1.0 -1.0 -1.0 -1.0 -1.0 -1.0 -1.0 -1.0 
1.0 1.0 1.0 1.0 1.0 1.0 1.0 1.0 1.0 1.0 1.0 1.0 -1.0 -1.0 -1.0 -1.0 -1.0 -1.0 -1.0 -1.0 -1.0 -1.0 -1.0 -1.0 -1.0 
1.0 1.0 1.0 1.0 1.0 1.0 1.0 1.0 1.0 1.0 1.0 1.0 1.0 -1.0 -1.0 -1.0 -1.0 -1.0 -1.0 -1.0 -1.0 -1.0 -1.0 -1.0 -1.0 
1.0 1.0 1.0 1.0 1.0 1.0 1.0 1.0 1.0 1.0 1.0 1.0 1.0 -1.0 -1.0 -1.0 -1.0 -1.0 -1.0 -1.0 -1.0 -1.0 -1.0 -1.0 -1.0 
1.0 1.0 1.0 1.0 1.0 1.0 1.0 1.0 1.0 1.0 1.0 1.0 1.0 1.0 -1.0 -1.0 -1.0 -1.0 -1.0 -1.0 -1.0 -1.0 -1.0 -1.0 -1.0 
1.0 1.0 1.0 1.0 1.0 1.0 1.0 1.0 1.0 1.0 1.0 1.0 1.0 1.0 -1.0 -1.0 -1.0 -1.0 -1.0 -1.0 -1.0 -1.0 -1.0 -1.0 -1.0 
1.0 1.0 1.0 1.0 1.0 1.0 1.0 1.0 1.0 1.0 1.0 1.0 1.0 1.0 1.0 -1.0 -1.0 -1.0 -1.0 -1.0 -1.0 -1.0 -1.0 -1.0 -1.0 
1.0 1.0 1.0 1.0 1.0 1.0 1.0 1.0 1.0 1.0 1.0 1.0 1.0 1.0 1.0 -1.0 -1.0 -1.0 -1.0 -1.0 -1.0 -1.0 -1.0 -1.0 -1.0 
1.0 1.0 1.0 1.0 1.0 1.0 1.0 1.0 1.0 1.0 1.0 1.0 1.0 1.0 1.0 1.0 -1.0 -1.0 -1.0 -1.0 -1.0 -1.0 -1.0 -1.0 -1.0 

