0.830235 0.883691 0.768424 0.453995 0.304173 0.343247 0.562026 0.130659 0.907087 0.185946 0.831026 0.581212 0.122207 0.317688 0.031967 0.724827 0.043446 0.347070 0.351772 0.103968 0.592426 0.425695 0.010827 0.768037 0.186851 
0.931063 0.817572 0.031794 0.139238 0.488728 0.214310 0.666573 0.979832 0.675248 0.980467 0.850484 0.669627 0.369251 0.183366 0.157853 0.811841 0.465166 0.360913 0.374081 0.654901 0.196628 0.453902 0.503390 0.453843 0.252442 
0.600341 0.423574 0.147197 0.993819 0.785748 0.135118 0.558712 0.989244 0.877301 0.768118 0.090595 0.018365 0.512583 0.297475 0.353934 0.821900 0.490291 0.128945 0.321914 0.328286 0.978432 0.780457 0.887980 0.625463 0.745218 
0.368255 0.260810 0.859406 0.495763 0.788834 0.565996 0.286550 0.016515 0.115875 0.110029 0.454754 0.340969 0.544186 0.988924 0.895258 0.907144 0.524438 0.256410 0.060570 0.564869 0.016490 0.493062 0.801351 0.214290 0.609350 
0.389721 0.467092 0.924337 0.695731 0.982140 0.296984 0.460766 0.948562 0.418947 0.275784 0.804083 0.176065 0.182129 0.068193 0.672298 0.517626 0.891076 0.723490 0.245452 0.105959 0.395579 0.691310 0.700026 0.222345 0.651793 
0.125028 0.479817 0.860455 0.730400 0.972166 0.729959 0.903795 0.850150 0.769111 0.117382 0.623177 0.313458 0.202904 0.812368 0.306274 0.044832 0.335783 0.363194 0.677107 0.905021 0.045269 0.058499 0.892491 0.561752 0.915687 
0.206866 0.748838 0.454784 0.309817 0.143507 0.867172 0.763906 0.975540 0.486749 0.479341 0.817380 0.722070 0.266215 0.385751 0.116506 0.281330 0.460834 0.799541 0.346596 0.625411 0.632304 0.686890 0.392160 0.482994 0.288525 
0.420277 0.628659 0.334440 0.395225 0.681837 0.787413 0.638081 0.430510 0.509095 0.103475 0.030891 0.810644 0.781974 0.657447 0.938542 0.732914 0.160521 0.365129 0.466861 0.088997 0.661667 0.536297 0.941308 0.717039 0.387961 
0.269164 0.744929 0.682786 0.889315 0.547685 0.367344 0.046329 0.834932 0.938294 0.239144 0.166671 0.246513 0.690533 0.300820 0.046883 0.319310 0.510461 0.048678 0.442159 0.802647 0.199400 0.862326 0.968910 0.971262 0.916236 
0.458348 0.007807 0.875036 0.156617 0.280372 0.174982 0.732337 0.038493 0.537941 0.934154 0.590819 0.854997 0.449994 0.599278 0.673389 0.167189 0.231883 0.268936 0.826387 0.090725 0.138284 0.249510 0.714935 0.440746 0.635303 
0.345502 0.591933 0.889097 0.635508 0.393970 0.842984 0.088986 0.732695 0.441872 0.051444 0.999224 0.324728 0.382987 0.568213 0.732360 0.668068 0.529103 0.358586 0.320451 0.850658 0.377150 0.891437 0.977559 0.397505 0.712902 
0.325144 0.392945 0.961216 0.519820 0.381873 0.079693 0.249678 0.305481 0.115287 0.559602 0.860631 0.661182 0.472251 0.311167 0.663335 0.880809 0.404815 0.587615 0.515977 0.708964 0.808523 0.981565 0.534691 0.395465 0.561642 
0.667121 0.610874 0.988632 0.329349 0.945488 0.534905 0.926379 0.256481 0.096882 0.124130 0.284318 0.630110 0.433703 0.678128 0.419034 0.477649 0.029247 0.726981 0.473811 0.618954 0.405903 0.459128 0.153539 0.835964 0.661566 
0.312191 0.249366 0.534730 0.593809 0.555441 0.443626 0.534567 0.799213 0.524368 0.834414 0.108674 0.838122 0.153382 0.428270 0.581937 0.924050 0.434637 0.940442 0.224649 0.474634 0.875042 0.733431 0.252634 0.240741 0.776221 
0.020557 0.210071 0.487005 0.437975 0.647377 0.297958 0.264531 0.057695 0.095225 0.015214 0.900074 0.707035 0.432862 0.661700 0.727719 0.464144 0.001605 0.322307 0.968621 0.415393 0.237522 0.102211 0.903205 0.580498 0.742544 
0.226368 0.237199 0.872468 0.775397 0.153491 0.901313 0.412410 0.147364 0.064988 0.772200 0.000920 0.717560 0.473157 0.543422 0.870232 0.706194 0.025553 0.920467 0.840208 0.965443 0.317802 0.155461 0.165561 0.729068 0.679465 
0.714715 0.336645 0.347098 0.251788 0.491576 0.270790 0.312984 0.433303 0.038051 0.994163 0.816554 0.256537 0.064266 0.004629 0.944052 0.978816 0.525949 0.597532 0.423826 0.389343 0.388698 0.968793 0.375838 0.534124 0.145598 
0.644246 0.513074 0.890718 0.795284 0.189503 0.927326 0.372655 0.261229 0.635531 0.573785 0.352392 0.750885 0.048320 0.596098 0.994561 0.382245 0.616918 0.464807 0.401468 0.209422 0.053821 0.740969 0.764186 0.418704 0.004908 
0.727849 0.895405 0.901078 0.754248 0.308485 0.790310 0.506456 0.409821 0.851641 0.336836 0.059012 0.051612 0.678431 0.444655 0.193843 0.484041 0.819121 0.273935 0.416129 0.916799 0.408150 0.702871 0.623480 0.596857 0.170355 
0.455714 0.429515 0.458319 0.692908 0.881854 0.196974 0.276228 0.946817 0.846027 0.710020 0.729894 0.076068 0.046771 0.092487 0.493000 0.398667 0.956201 0.029697 0.869034 0.849142 0.357030 0.816194 0.462996 0.582898 0.137949 
0.750512 0.365245 0.570459 0.650009 0.671118 0.259157 0.357495 0.103885 0.510043 0.909398 0.820074 0.013596 0.475109 0.829542 0.418084 0.974256 0.093764 0.291533 0.396678 0.703294 0.108369 0.094914 0.064911 0.094238 0.230574 
0.754775 0.622895 0.763811 0.988035 0.436450 0.498971 0.623179 0.352444 0.149599 0.270631 0.199496 0.392252 0.662647 0.360625 0.291005 0.807859 0.459310 0.841594 0.390936 0.800843 0.048552 0.567893 0.475092 0.661155 0.146741 
0.868932 0.722169 0.684178 0.943263 0.825937 0.532524 0.024674 0.720186 0.956625 0.274262 0.933934 0.108369 0.718146 0.590388 0.178665 0.024168 0.904532 0.576331 0.234832 0.011738 0.670391 0.765818 0.729564 0.516776 0.973871 
0.399952 0.794589 0.592080 0.752834 0.128594 0.711026 0.628603 0.829892 0.938780 0.816440 0.080631 0.039202 0.244121 0.933311 0.093996 0.606364 0.037671 0.712644 0.923469 0.348190 0.101303 0.977058 0.231744 0.703933 0.693283 
0.207297 0.523565 0.115496 0.674673 0.355503 0.244890 0.019912 0.038007 0.724654 0.506405 0.352280 0.810725 0.634826 0.970988 0.531337 0.472475 0.935971 0.781118 0.289240 0.013909 0.197240 0.097298 0.666368 0.859003 0.147393 

0.055534 0.640284 0.801299 0.418001 0.270113 0.579535 0.976041 0.745397 0.749656 0.877407 0.722822 0.573475 0.037636 0.189144 0.242780 0.799984 0.526539 0.938365 0.218005 0.053305 0.706557 0.887239 0.585714 0.834256 0.687868 
0.068369 0.125136 0.979240 0.714114 0.302430 0.707288 0.988784 0.502324 0.587118 0.010764 0.374549 0.464794 0.678432 0.550846 0.982530 0.174496 0.066611 0.739585 0.474439 0.957795 0.625872 0.063468 0.874670 0.523024 0.716577 
0.037727 0.285857 0.877436 0.767065 0.937652 0.195165 0.223716 0.746776 0.686951 0.429666 0.829015 0.844633 0.812458 0.073237 0.006687 0.360568 0.662517 0.729927 0.226734 0.745469 0.548179 0.819692 0.153786 0.208260 0.123539 
0.963380 0.900619 0.948785 0.956463 0.942170 0.206803 0.038491 0.568793 0.457732 0.919192 0.287856 0.828707 0.463511 0.443731 0.978681 0.378574 0.339822 0.743410 0.006012 0.723112 0.291062 0.448845 0.308776 0.199047 0.296020 
0.182333 0.819350 0.394463 0.653904 0.026473 0.672805 0.874845 0.018080 0.078467 0.309627 0.909897 0.419894 0.790437 0.808213 0.944606 0.350954 0.145547 0.448074 0.391145 0.444796 0.395976 0.611436 0.844703 0.734127 0.665836 
0.685558 0.530270 0.092434 0.920658 0.251457 0.565318 0.372275 0.894836 0.015088 0.177508 0.371315 0.650693 0.297185 0.570661 0.764980 0.173066 0.938828 0.129309 0.698790 0.455490 0.151616 0.588324 0.608589 0.526187 0.051383 
0.354924 0.438602 0.945215 0.770297 0.462129 0.467594 0.744912 0.076001 0.734037 0.541049 0.822721 0.080054 0.540689 0.625335 0.965706 0.329313 0.982994 0.910890 0.316140 0.346917 0.186008 0.721066 0.545422 0.743486 0.504482 
0.933661 0.324210 0.571043 0.246634 0.405884 0.887093 0.170511 0.515269 0.282240 0.272293 0.162882 0.479427 0.452616 0.065641 0.442079 0.718434 0.791352 0.088611 0.372471 0.212642 0.562066 0.374701 0.664880 0.681646 0.759527 
0.178282 0.989709 0.731629 0.689040 0.667812 0.062758 0.526196 0.124735 0.905594 0.731785 0.892620 0.794243 0.781889 0.881731 0.604188 0.371257 0.453822 0.954750 0.951626 0.788036 0.337758 0.018706 0.566325 0.265239 0.314532 
0.240595 0.344592 0.500765 0.233964 0.453638 0.153675 0.202874 0.227273 0.421645 0.230943 0.629944 0.863221 0.613432 0.930425 0.067362 0.544740 0.080189 0.440465 0.546264 0.269035 0.443943 0.087448 0.139506 0.444005 0.972802 
0.570536 0.333315 0.842598 0.383189 0.646103 0.168637 0.058479 0.986110 0.232953 0.934718 0.584107 0.686353 0.371083 0.287365 0.491388 0.518921 0.162011 0.275221 0.628282 0.991999 0.897785 0.668236 0.060749 0.698301 0.558110 
0.122060 0.848872 0.502873 0.235719 0.207498 0.656552 0.461931 0.818827 0.995283 0.042508 0.116886 0.453780 0.045162 0.980520 0.654719 0.033251 0.923033 0.072838 0.354197 0.019519 0.591581 0.742852 0.635825 0.378650 0.710121 
0.923434 0.033322 0.453722 0.937961 0.500634 0.961455 0.824845 0.163147 0.689684 0.378879 0.038909 0.282141 0.999292 0.027957 0.459822 0.696592 0.447471 0.376702 0.054174 0.425939 0.868138 0.572247 0.771232 0.422972 0.754083 
0.860132 0.154016 0.147728 0.514569 0.898638 0.283128 0.594760 0.733944 0.526919 0.361923 0.903413 0.713381 0.487881 0.056175 0.613642 0.559272 0.026357 0.786349 0.081724 0.936263 0.184805 0.584507 0.460154 0.378362 0.570951 
0.035146 0.619704 0.903036 0.653740 0.386858 0.521681 0.082817 0.983205 0.927729 0.532430 0.621486 0.243306 0.148278 0.697682 0.358622 0.723242 0.411972 0.694601 0.077040 0.223724 0.638819 0.213149 0.626712 0.302752 0.713558 
0.250605 0.885551 0.087307 0.427599 0.135049 0.875859 0.497222 0.889949 0.967094 0.638214 0.366501 0.103437 0.508416 0.185690 0.084087 0.547381 0.466074 0.590344 0.290815 0.414571 0.059483 0.696506 0.291245 0.735138 0.528930 
0.389802 0.369024 0.521014 0.377774 0.479348 0.211560 0.361540 0.075318 0.899480 0.490602 0.951028 0.204209 0.502495 0.821364 0.266610 0.989262 0.505628 0.884255 0.430589 0.211454 0.497038 0.363770 0.254017 0.540936 0.316974 
0.611290 0.771215 0.693017 0.111191 0.741492 0.458146 0.208684 0.904227 0.406099 0.475320 0.845277 0.480125 0.651668 0.723721 0.625449 0.046289 0.175766 0.762657 0.403724 0.715414 0.432040 0.179335 0.608945 0.217574 0.585081 
0.150622 0.313863 0.229031 0.916627 0.715830 0.073561 0.838833 0.381754 0.068773 0.567144 0.126448 0.654985 0.920208 0.607020 0.087497 0.722944 0.020968 0.833325 0.013202 0.290858 0.553148 0.233132 0.242873 0.074229 0.447615 
0.214966 0.756823 0.777394 0.303884 0.898578 0.036244 0.867667 0.810298 0.021058 0.837014 0.499241 0.275996 0.508745 0.764753 0.339628 0.676795 0.886925 0.664181 0.011336 0.301260 0.651670 0.252934 0.371858 0.094434 0.217498 
0.209192 0.705542 0.905504 0.928136 0.450545 0.976573 0.595547 0.576346 0.509836 0.379851 0.702230 0.408427 0.106475 0.410998 0.290120 0.014736 0.946549 0.080288 0.373267 0.577196 0.896071 0.177938 0.142812 0.412838 0.208158 
0.294957 0.613184 0.823264 0.463556 0.516388 0.948739 0.571183 0.037902 0.750792 0.391115 0.557061 0.292011 0.559051 0.487045 0.437267 0.413410 0.588722 0.012622 0.084840 0.943647 0.569923 0.271896 0.791380 0.858048 0.196156 
0.905034 0.377325 0.556797 0.314941 0.964203 0.528183 0.836408 0.888404 0.417897 0.078548 0.201146 0.072285 0.441582 0.746277 0.410024 0.599255 0.265090 0.373339 0.471753 0.302367 0.926493 0.633891 0.774779 0.736059 0.918389 
0.219985 0.990619 0.218028 0.077054 0.176870 0.402403 0.191952 0.883127 0.124077 0.115765 0.879878 0.983905 0.282420 0.039138 0.007959 0.848487 0.410007 0.203532 0.359811 0.396296 0.131527 0.661468 0.232105 0.590627 0.348317 
0.789175 0.190393 0.076659 0.966489 0.637426 0.183900 0.268149 0.580177 0.119163 0.074252 0.524970 0.183970 0.773721 0.109945 0.818234 0.316837 0.172722 0.786971 0.611936 0.194271 0.951769 0.917193 0.809371 0.935797 0.547692 

1.661787 1.912884 1.726698 0.800659 0.745555 1.119122 1.881950 1.591723 1.535007 1.848911 1.310551 1.270056 0.043513 0.337869 0.539073 1.550864 1.221400 1.949667 0.423477 -0.000107 1.288770 1.680351 1.090914 1.659704 1.353418 
1.942787 1.414494 0.262605 0.455119 0.913002 0.628158 1.525160 0.734734 1.119478 0.087659 0.689718 0.953617 1.314484 1.200059 1.923732 0.360414 0.152223 1.568867 0.922870 2.002942 1.171233 0.216522 1.599835 1.135267 1.406819 
1.046495 0.889671 0.178077 2.078824 1.403811 0.297792 1.103334 2.065548 1.332604 0.827271 1.665009 1.623177 1.515270 0.043892 0.018196 0.738123 1.323236 1.472363 0.477032 1.568449 1.051872 1.626720 0.306107 0.387784 0.276039 
0.575415 0.476399 1.724471 0.879945 1.541940 1.121137 0.661902 -0.225211 0.158215 -0.007941 0.564784 1.711399 0.926202 0.883144 2.048715 0.808449 0.650723 1.417313 -0.105279 1.346977 0.593640 0.966024 0.599001 0.604425 0.576830 
0.657637 1.032456 1.800861 1.167087 1.909668 0.691965 1.045929 1.910023 0.983083 0.506762 1.746193 0.229366 1.433022 1.623894 1.808811 0.693763 0.458378 0.802020 0.817870 0.898533 0.786471 1.451921 1.697534 1.597373 1.260694 
0.375247 0.997391 1.788953 1.508377 2.055480 1.498519 1.821911 1.728805 1.515418 0.319073 1.320139 0.454713 0.351785 1.400620 1.462543 0.236987 1.943280 0.298898 1.361168 0.983616 -0.018462 1.057835 1.189360 0.845557 0.173200 
0.526138 1.477817 0.947759 0.686221 0.306135 1.672492 1.467072 2.085712 1.000729 0.831297 1.776922 1.500455 0.504935 0.748374 0.235231 0.648554 1.973609 1.894237 0.394538 0.561355 0.343497 1.461902 1.079029 -1.907930 -1.132915 
0.967343 1.281008 0.762910 0.880858 1.354022 1.618656 1.294565 0.852022 1.039994 0.292281 -0.017121 1.580664 1.522136 1.274210 1.915582 1.515289 -1.723185 -0.518905 0.744852 0.465352 -1.932791 -1.403168 -2.607000 -1.991434 -1.386285 
0.429070 1.406982 1.462632 1.756545 0.892418 0.708293 0.267923 1.851804 1.731036 0.489252 0.283156 0.401167 1.481003 0.665879 0.212496 -1.039612 -1.430859 -1.963459 -1.939240 -2.449837 -0.736483 -1.634330 -2.477676 -2.362195 -2.105568 
0.905514 0.209414 1.594973 0.334121 0.691303 0.276684 1.454336 0.251890 1.122336 1.909884 1.027541 1.769751 0.922231 1.283256 -0.701048 -1.319923 -0.363894 -1.109603 -2.310226 -0.530021 -0.799546 -0.643143 -1.530245 -1.278696 -2.319387 
0.874027 1.240799 1.861539 1.340579 0.770228 1.630694 0.216118 1.488943 0.855121 -0.009612 1.936726 0.735108 0.948321 -1.067012 -1.691859 -1.749030 -0.765353 -1.019827 -1.374217 -2.777119 -1.688345 -2.470089 -2.006464 -1.387435 -2.162492 
0.506379 0.723861 1.910697 1.093568 0.674214 0.232267 0.656641 0.760275 0.180735 1.289927 1.739780 1.299543 -0.501190 -2.419993 -2.115644 -0.974524 -2.161404 -1.207030 -1.215050 -1.527096 -2.166471 -2.693063 -1.574051 -1.190642 -1.789416 
1.356413 1.271543 1.914138 0.538092 1.805042 1.214911 1.885749 0.509475 0.186781 0.395786 0.625985 -1.225167 -2.514554 -0.934230 -1.653183 -1.902440 -0.561008 -1.807219 -1.075236 -1.704351 -1.755249 -1.558945 -1.144867 -2.280647 -2.169447 
0.655838 0.544514 1.214268 1.164125 0.976217 0.857889 0.921497 1.738711 0.995530 1.608737 -1.869699 -1.972933 -1.128257 -0.749726 -1.679107 -2.163349 -0.934657 -2.525494 -0.475082 -1.827188 -2.078641 -2.183293 -1.048406 -0.762669 -2.179492 
0.063866 0.198744 0.994548 0.864371 1.355247 0.604044 0.484754 0.032623 0.970760 0.443702 1.390986 0.889010 0.539537 1.483394 1.002403 -1.651787 -0.418466 -1.340894 -1.977718 -0.924859 -1.316391 -0.434407 -2.384259 -1.518019 -2.153265 
0.556277 1.189100 0.797737 1.119828 0.362125 1.673800 0.848282 1.087361 1.241114 1.366725 0.350581 0.826696 1.044606 0.767464 0.937526 1.376278 -0.425867 -2.433315 -1.884464 -2.342228 -0.617664 -0.980143 -0.740813 -2.371308 -1.852480 
1.148085 0.728504 1.065687 0.575360 1.014721 0.422096 0.566508 0.339020 0.955927 1.345902 1.563295 0.325603 0.612050 0.660624 1.362311 2.026350 0.981443 -2.116644 -1.315611 -0.991600 -1.359072 -2.348598 -1.035471 -1.550291 -0.658032 
1.165440 1.336586 1.651142 1.019369 1.000516 1.420444 0.605528 1.270263 1.050385 1.126806 1.230687 1.223756 0.629076 1.523196 1.816129 0.301165 0.869568 1.437066 -1.436456 -1.261699 -0.627065 -1.820521 -2.283044 -1.065221 -0.543268 
0.765019 1.189246 1.160536 1.638078 1.019153 1.013257 1.340081 0.755361 0.711112 1.084030 0.053183 0.745579 1.530876 1.075370 0.136121 1.151054 0.777714 1.112357 0.403624 -2.091877 -1.411218 -1.469421 -1.553997 -1.448008 -0.546290 
0.720619 1.185245 1.198531 0.985047 1.941300 0.301794 1.260902 1.895946 0.887421 1.477567 1.129939 0.338187 0.277845 0.916122 0.717119 1.070699 1.837198 0.707255 0.779861 -2.024173 -1.430236 -1.829832 -1.225566 -1.252151 -0.427175 
0.892851 0.998177 1.521398 1.609731 1.085042 1.182125 1.159576 0.581316 0.856935 1.292986 1.454062 0.484992 0.786144 1.277982 0.726317 1.027617 0.874870 0.358233 0.664254 1.337971 -1.116899 -0.434556 -0.295257 -0.521530 -0.802611 
0.963017 1.227624 1.669688 1.652003 1.070102 1.408587 1.151658 0.397797 0.898929 0.579741 0.673409 0.736046 1.276257 0.691453 0.674482 1.345856 0.960588 0.871138 0.526802 1.860056 0.695094 -1.598421 -1.645403 -2.235826 -0.442213 
1.789362 1.045486 1.289337 1.257399 1.646432 1.110620 0.752530 1.516874 1.399227 0.388003 1.131402 0.146736 1.120286 1.353015 0.357089 0.687401 1.101056 0.777084 0.797861 0.104845 1.497085 1.352163 -2.526687 -1.720643 -2.812910 
0.415912 1.796078 0.703214 0.760687 0.400576 1.021691 0.935334 1.715179 1.025479 0.983903 1.043086 1.116649 0.337421 0.863674 0.012226 1.353355 0.488794 1.002480 1.308990 0.870041 0.189558 1.790563 0.441487 -2.143780 -1.584115 
0.873507 0.627258 0.247493 1.644787 1.017895 0.422557 0.186471 0.368379 0.924366 0.569887 0.856216 0.900516 1.357205 1.006634 1.195142 0.797667 1.208626 1.474576 0.869216 0.198578 1.036033 1.139141 1.511239 1.809287 -0.886473 

2 2 2 2 2 3 3 3 3 3 3 3 3 3 3 3 3 3 3 3 3 3 3 3 3 
2 2 2 2 2 2 2 3 3 3 3 3 3 3 3 3 3 3 3 3 3 3 3 3 3 
2 2 2 2 2 2 2 2 3 3 3 3 3 3 3 3 3 3 3 3 3 3 3 3 3 
2 2 2 2 2 2 2 2 2 2 3 3 3 3 3 3 3 3 3 3 3 3 3 3 3 
2 2 2 2 2 2 2 2 2 2 2 2 3 3 3 3 3 3 3 3 3 3 3 3 3 
2 2 2 2 2 2 2 2 2 2 2 2 2 2 3 3 3 3 3 3 3 3 3 3 3 
2 2 2 2 2 2 2 2 2 2 2 2 2 2 2 3 3 3 3 3 3 3 3 1 1 
2 2 2 2 2 2 2 2 2 2 2 2 2 2 2 2 4 4 3 3 1 1 1 1 1 
2 2 2 2 2 2 2 2 2 2 2 2 2 2 2 4 4 4 1 1 1 1 1 1 1 
2 2 2 2 2 2 2 2 2 2 2 2 2 2 4 4 4 4 1 1 1 1 1 1 1 
2 2 2 2 2 2 2 2 2 2 2 2 2 4 4 4 4 1 1 1 1 1 1 1 1 
2 2 2 2 2 2 2 2 2 2 2 2 4 4 4 4 4 1 1 1 1 1 1 1 1 
2 2 2 2 2 2 2 2 2 2 2 4 4 4 4 4 1 1 1 1 1 1 1 1 1 
2 2 2 2 2 2 2 2 2 2 4 4 4 4 4 4 1 1 1 1 1 1 1 1 1 
2 2 2 2 2 2 2 2 0 0 0 0 0 0 0 1 1 1 1 1 1 1 1 1 1 
0 0 0 0 0 0 0 0 0 0 0 0 0 0 0 0 1 1 1 1 1 1 1 1 1 
0 0 0 0 0 0 0 0 0 0 0 0 0 0 0 0 0 1 1 1 1 1 1 1 1 
0 0 0 0 0 0 0 0 0 0 0 0 0 0 0 0 0 0 1 1 1 1 1 1 1 
0 0 0 0 0 0 0 0 0 0 0 0 0 0 0 0 0 0 0 1 1 1 1 1 1 
0 0 0 0 0 0 0 0 0 0 0 0 0 0 0 0 0 0 0 1 1 1 1 1 1 
0 0 0 0 0 0 0 0 0 0 0 0 0 0 0 0 0 0 0 0 1 1 1 1 1 
0 0 0 0 0 0 0 0 0 0 0 0 0 0 0 0 0 0 0 0 0 1 1 1 1 
0 0 0 0 0 0 0 0 0 0 0 0 0 0 0 0 0 0 0 0 0 0 1 1 1 
0 0 0 0 0 0 0 0 0 0 0 0 0 0 0 0 0 0 0 0 0 0 0 1 1 
0 0 0 0 0 0 0 0 0 0 0 0 0 0 0 0 0 0 0 0 0 0 0 0 1 

2.0 2.0 2.0 2.0 2.0 0.0 0.0 0.0 0.0 0.0 0.0 0.0 0.0 0.0 0.0 0.0 0.0 0.0 0.0 0.0 0.0 0.0 0.0 0.0 0.0 
2.0 2.0 2.0 2.0 2.0 2.0 2.0 0.0 0.0 0.0 0.0 0.0 0.0 0.0 0.0 0.0 0.0 0.0 0.0 0.0 0.0 0.0 0.0 0.0 0.0 
2.0 2.0 2.0 2.0 2.0 2.0 2.0 2.0 0.0 0.0 0.0 0.0 0.0 0.0 0.0 0.0 0.0 0.0 0.0 0.0 0.0 0.0 0.0 0.0 0.0 
2.0 2.0 2.0 2.0 2.0 2.0 2.0 2.0 2.0 2.0 0.0 0.0 0.0 0.0 0.0 0.0 0.0 0.0 0.0 0.0 0.0 0.0 0.0 0.0 0.0 
2.0 2.0 2.0 2.0 2.0 2.0 2.0 2.0 2.0 2.0 2.0 2.0 0.0 0.0 0.0 0.0 0.0 0.0 0.0 0.0 0.0 0.0 0.0 0.0 0.0 
2.0 2.0 2.0 2.0 2.0 2.0 2.0 2.0 2.0 2.0 2.0 2.0 2.0 2.0 0.0 0.0 0.0 0.0 0.0 0.0 0.0 0.0 0.0 0.0 0.0 
2.0 2.0 2.0 2.0 2.0 2.0 2.0 2.0 2.0 2.0 2.0 2.0 2.0 2.0 2.0 0.0 0.0 0.0 0.0 0.0 0.0 0.0 0.0 -2.0 -2.0 
2.0 2.0 2.0 2.0 2.0 2.0 2.0 2.0 2.0 2.0 2.0 2.0 2.0 2.0 2.0 2.0 -1.0 -1.0 0.0 0.0 -2.0 -2.0 -2.0 -2.0 -2.0 
2.0 2.0 2.0 2.0 2.0 2.0 2.0 2.0 2.0 2.0 2.0 2.0 2.0 2.0 2.0 -1.0 -1.0 -1.0 -2.0 -2.0 -2.0 -2.0 -2.0 -2.0 -2.0 
2.0 2.0 2.0 2.0 2.0 2.0 2.0 2.0 2.0 2.0 2.0 2.0 2.0 2.0 -1.0 -1.0 -1.0 -1.0 -2.0 -2.0 -2.0 -2.0 -2.0 -2.0 -2.0 
2.0 2.0 2.0 2.0 2.0 2.0 2.0 2.0 2.0 2.0 2.0 2.0 2.0 -1.0 -1.0 -1.0 -1.0 -2.0 -2.0 -2.0 -2.0 -2.0 -2.0 -2.0 -2.0 
2.0 2.0 2.0 2.0 2.0 2.0 2.0 2.0 2.0 2.0 2.0 2.0 -1.0 -1.0 -1.0 -1.0 -1.0 -2.0 -2.0 -2.0 -2.0 -2.0 -2.0 -2.0 -2.0 
2.0 2.0 2.0 2.0 2.0 2.0 2.0 2.0 2.0 2.0 2.0 -1.0 -1.0 -1.0 -1.0 -1.0 -2.0 -2.0 -2.0 -2.0 -2.0 -2.0 -2.0 -2.0 -2.0 
2.0 2.0 2.0 2.0 2.0 2.0 2.0 2.0 2.0 2.0 -1.0 -1.0 -1.0 -1.0 -1.0 -1.0 -2.0 -2.0 -2.0 -2.0 -2.0 -2.0 -2.0 -2.0 -2.0 
2.0 2.0 2.0 2.0 2.0 2.0 2.0 2.0 1.0 1.0 1.0 1.0 1.0 1.0 1.0 -2.0 -2.0 -2.0 -2.0 -2.0 -2.0 -2.0 -2.0 -2.0 -2.0 
1.0 1.0 1.0 1.0 1.0 1.0 1.0 1.0 1.0 1.0 1.0 1.0 1.0 1.0 1.0 1.0 -2.0 -2.0 -2.0 -2.0 -2.0 -2.0 -2.0 -2.0 -2.0 
1.0 1.0 1.0 1.0 1.0 1.0 1.0 1.0 1.0 1.0 1.0 1.0 1.0 1.0 1.0 1.0 1.0 -2.0 -2.0 -2.0 -2.0 -2.0 -2.0 -2.0 -2.0 
1.0 1.0 1.0 1.0 1.0 1.0 1.0 1.0 1.0 1.0 1.0 1.0 1.0 1.0 1.0 1.0 1.0 1.0 -2.0 -2.0 -2.0 -2.0 -2.0 -2.0 -2.0 
1.0 1.0 1.0 1.0 1.0 1.0 1.0 1.0 1.0 1.0 1.0 1.0 1.0 1.0 1.0 1.0 1.0 1.0 1.0 -2.0 -2.0 -2.0 -2.0 -2.0 -2.0 
1.0 1.0 1.0 1.0 1.0 1.0 1.0 1.0 1.0 1.0 1.0 1.0 1.0 1.0 1.0 1.0 1.0 1.0 1.0 -2.0 -2.0 -2.0 -2.0 -2.0 -2.0 
1.0 1.0 1.0 1.0 1.0 1.0 1.0 1.0 1.0 1.0 1.0 1.0 1.0 1.0 1.0 1.0 1.0 1.0 1.0 1.0 -2.0 -2.0 -2.0 -2.0 -2.0 
1.0 1.0 1.0 1.0 1.0 1.0 1.0 1.0 1.0 1.0 1.0 1.0 1.0 1.0 1.0 1.0 1.0 1.0 1.0 1.0 1.0 -2.0 -2.0 -2.0 -2.0 
1.0 1.0 1.0 1.0 1.0 1.0 1.0 1.0 1.0 1.0 1.0 1.0 1.0 1.0 1.0 1.0 1.0 1.0 1.0 1.0 1.0 1.0 -2.0 -2.0 -2.0 
1.0 1.0 1.0 1.0 1.0 1.0 1.0 1.0 1.0 1.0 1.0 1.0 1.0 1.0 1.0 1.0 1.0 1.0 1.0 1.0 1.0 1.0 1.0 -2.0 -2.0 
1.0 1.0 1.0 1.0 1.0 1.0 1.0 1.0 1.0 1.0 1.0 1.0 1.0 1.0 1.0 1.0 1.0 1.0 1.0 1.0 1.0 1.0 1.0 1.0 -2.0 

0.0 0.0 0.0 0.0 0.0 2.0 2.0 2.0 2.0 2.0 2.0 2.0 2.0 2.0 2.0 2.0 2.0 2.0 2.0 2.0 2.0 2.0 2.0 2.0 2.0 
0.0 0.0 0.0 0.0 0.0 0.0 0.0 2.0 2.0 2.0 2.0 2.0 2.0 2.0 2.0 2.0 2.0 2.0 2.0 2.0 2.0 2.0 2.0 2.0 2.0 
0.0 0.0 0.0 0.0 0.0 0.0 0.0 0.0 2.0 2.0 2.0 2.0 2.0 2.0 2.0 2.0 2.0 2.0 2.0 2.0 2.0 2.0 2.0 2.0 2.0 
0.0 0.0 0.0 0.0 0.0 0.0 0.0 0.0 0.0 0.0 2.0 2.0 2.0 2.0 2.0 2.0 2.0 2.0 2.0 2.0 2.0 2.0 2.0 2.0 2.0 
0.0 0.0 0.0 0.0 0.0 0.0 0.0 0.0 0.0 0.0 0.0 0.0 2.0 2.0 2.0 2.0 2.0 2.0 2.0 2.0 2.0 2.0 2.0 2.0 2.0 
0.0 0.0 0.0 0.0 0.0 0.0 0.0 0.0 0.0 0.0 0.0 0.0 0.0 0.0 2.0 2.0 2.0 2.0 2.0 2.0 2.0 2.0 2.0 2.0 2.0 
0.0 0.0 0.0 0.0 0.0 0.0 0.0 0.0 0.0 0.0 0.0 0.0 0.0 0.0 0.0 2.0 2.0 2.0 2.0 2.0 2.0 2.0 2.0 -1.0 -1.0 
0.0 0.0 0.0 0.0 0.0 0.0 0.0 0.0 0.0 0.0 0.0 0.0 0.0 0.0 0.0 0.0 -2.0 -2.0 2.0 2.0 -1.0 -1.0 -1.0 -1.0 -1.0 
0.0 0.0 0.0 0.0 0.0 0.0 0.0 0.0 0.0 0.0 0.0 0.0 0.0 0.0 0.0 -2.0 -2.0 -2.0 -1.0 -1.0 -1.0 -1.0 -1.0 -1.0 -1.0 
0.0 0.0 0.0 0.0 0.0 0.0 0.0 0.0 0.0 0.0 0.0 0.0 0.0 0.0 -2.0 -2.0 -2.0 -2.0 -1.0 -1.0 -1.0 -1.0 -1.0 -1.0 -1.0 
0.0 0.0 0.0 0.0 0.0 0.0 0.0 0.0 0.0 0.0 0.0 0.0 0.0 -2.0 -2.0 -2.0 -2.0 -1.0 -1.0 -1.0 -1.0 -1.0 -1.0 -1.0 -1.0 
0.0 0.0 0.0 0.0 0.0 0.0 0.0 0.0 0.0 0.0 0.0 0.0 -2.0 -2.0 -2.0 -2.0 -2.0 -1.0 -1.0 -1.0 -1.0 -1.0 -1.0 -1.0 -1.0 
0.0 0.0 0.0 0.0 0.0 0.0 0.0 0.0 0.0 0.0 0.0 -2.0 -2.0 -2.0 -2.0 -2.0 -1.0 -1.0 -1.0 -1.0 -1.0 -1.0 -1.0 -1.0 -1.0 
0.0 0.0 0.0 0.0 0.0 0.0 0.0 0.0 0.0 0.0 -2.0 -2.0 -2.0 -2.0 -2.0 -2.0 -1.0 -1.0 -1.0 -1.0 -1.0 -1.0 -1.0 -1.0 -1.0 
0.0 0.0 0.0 0.0 0.0 0.0 0.0 0.0 1.0 1.0 1.0 1.0 1.0 1.0 1.0 -1.0 -1.0 -1.0 -1.0 -1.0 -1.0 -1.0 -1.0 -1.0 -1.0 
1.0 1.0 1.0 1.0 1.0 1.0 1.0 1.0 1.0 1.0 1.0 1.0 1.0 1.0 1.0 1.0 -1.0 -1.0 -1.0 -1.0 -1.0 -1.0 -1.0 -1.0 -1.0 
1.0 1.0 1.0 1.0 1.0 1.0 1.0 1.0 1.0 1.0 1.0 1.0 1.0 1.0 1.0 1.0 1.0 -1.0 -1.0 -1.0 -1.0 -1.0 -1.0 -1.0 -1.0 
1.0 1.0 1.0 1.0 1.0 1.0 1.0 1.0 1.0 1.0 1.0 1.0 1.0 1.0 1.0 1.0 1.0 1.0 -1.0 -1.0 -1.0 -1.0 -1.0 -1.0 -1.0 
1.0 1.0 1.0 1.0 1.0 1.0 1.0 1.0 1.0 1.0 1.0 1.0 1.0 1.0 1.0 1.0 1.0 1.0 1.0 -1.0 -1.0 -1.0 -1.0 -1.0 -1.0 
1.0 1.0 1.0 1.0 1.0 1.0 1.0 1.0 1.0 1.0 1.0 1.0 1.0 1.0 1.0 1.0 1.0 1.0 1.0 -1.0 -1.0 -1.0 -1.0 -1.0 -1.0 
1.0 1.0 1.0 1.0 1.0 1.0 1.0 1.0 1.0 1.0 1.0 1.0 1.0 1.0 1.0 1.0 1.0 1.0 1.0 1.0 -1.0 -1.0 -1.0 -1.0 -1.0 
1.0 1.0 1.0 1.0 1.0 1.0 1.0 1.0 1.0 1.0 1.0 1.0 1.0 1.0 1.0 1.0 1.0 1.0 1.0 1.0 1.0 -1.0 -1.0 -1.0 -1.0 
1.0 1.0 1.0 1.0 1.0 1.0 1.0 1.0 1.0 1.0 1.0 1.0 1.0 1.0 1.0 1.0 1.0 1.0 1.0 1.0 1.0 1.0 -1.0 -1.0 -1.0 
1.0 1.0 1.0 1.0 1.0 1.0 1.0 1.0 1.0 1.0 1.0 1.0 1.0 1.0 1.0 1.0 1.0 1.0 1.0 1.0 1.0 1.0 1.0 -1.0 -1.0 
1.0 1.0 1.0 1.0 1.0 1.0 1.0 1.0 1.0 1.0 1.0 1.0 1.0 1.0 1.0 1.0 1.0 1.0 1.0 1.0 1.0 1.0 1.0 1.0 -1.0 

