0.738594 0.963905 0.012931 0.436915 0.281011 0.052226 0.303028 0.142965 0.105046 0.482197 0.416423 0.218820 0.893864 0.318445 0.088547 0.921549 0.862669 0.555009 0.286243 0.860758 0.452655 0.557466 0.073467 0.507851 0.859760 
0.951713 0.295925 0.089826 0.689479 0.492870 0.516965 0.581073 0.719953 0.307688 0.316635 0.676968 0.469977 0.677156 0.095058 0.084205 0.635211 0.129912 0.434081 0.142723 0.661906 0.045977 0.442475 0.989393 0.396639 0.896106 
0.406600 0.636032 0.290963 0.810425 0.336026 0.222905 0.036450 0.734679 0.206239 0.815303 0.263591 0.209417 0.931138 0.262018 0.969273 0.533541 0.293146 0.881151 0.305496 0.703986 0.815882 0.056960 0.512455 0.648470 0.186043 
0.864096 0.973726 0.271244 0.180317 0.387081 0.822787 0.677845 0.079818 0.646952 0.123355 0.270127 0.872266 0.407091 0.970533 0.041184 0.930861 0.797223 0.629930 0.183141 0.072586 0.589871 0.407565 0.030042 0.678763 0.065366 
0.479785 0.984839 0.162562 0.712961 0.546679 0.129200 0.718578 0.099190 0.698827 0.359744 0.717541 0.028509 0.139932 0.098325 0.275220 0.712183 0.279914 0.222112 0.076281 0.035350 0.319883 0.936169 0.562672 0.468250 0.635231 
0.403969 0.247490 0.153213 0.924291 0.190077 0.064304 0.090269 0.298244 0.827826 0.314728 0.052812 0.350137 0.309426 0.677458 0.635855 0.863461 0.591566 0.889151 0.668264 0.429783 0.644817 0.963571 0.611259 0.520842 0.062177 
0.788021 0.840978 0.205218 0.635839 0.338235 0.667302 0.408400 0.259621 0.065271 0.968309 0.472067 0.509962 0.135196 0.408172 0.940591 0.552571 0.387053 0.953383 0.098211 0.551071 0.671947 0.541120 0.998102 0.594771 0.553372 
0.988410 0.661118 0.009273 0.027084 0.086185 0.633245 0.371132 0.430269 0.431499 0.024614 0.686101 0.062324 0.793856 0.696671 0.005109 0.534547 0.514526 0.769271 0.786176 0.436095 0.312863 0.948950 0.795082 0.305733 0.648726 
0.006724 0.933393 0.007291 0.161769 0.156147 0.784006 0.370454 0.067977 0.638131 0.021268 0.691619 0.380784 0.998677 0.273919 0.107264 0.163634 0.976086 0.268110 0.328565 0.415693 0.513122 0.277335 0.533633 0.858936 0.500849 
0.838101 0.669876 0.805061 0.783061 0.894971 0.508920 0.637580 0.031508 0.878846 0.594610 0.628513 0.763055 0.314401 0.083270 0.032976 0.322703 0.593474 0.585871 0.712397 0.937097 0.828990 0.199103 0.680157 0.115345 0.134468 
0.349382 0.292800 0.737183 0.843491 0.849094 0.073129 0.956083 0.116128 0.046245 0.581165 0.054480 0.630872 0.630094 0.300830 0.823537 0.847154 0.640836 0.535976 0.376323 0.791356 0.137367 0.906109 0.324851 0.915297 0.860159 
0.465427 0.823834 0.360560 0.966519 0.478781 0.633771 0.298180 0.909159 0.925312 0.265191 0.010985 0.780402 0.679563 0.119070 0.636165 0.797778 0.549397 0.984820 0.352888 0.225408 0.013035 0.102325 0.733134 0.548104 0.382005 
0.546465 0.838179 0.063094 0.385379 0.817452 0.320218 0.834680 0.914120 0.695786 0.740715 0.001530 0.513678 0.845484 0.484719 0.506526 0.980765 0.354680 0.014273 0.796094 0.015378 0.837850 0.820201 0.171899 0.276204 0.360745 
0.789208 0.523139 0.240160 0.996461 0.342690 0.788521 0.098275 0.903410 0.124953 0.180027 0.136918 0.871120 0.367763 0.896251 0.568047 0.042298 0.181264 0.747162 0.696520 0.562754 0.466036 0.561468 0.909366 0.610296 0.042567 
0.259643 0.596837 0.369439 0.725457 0.750448 0.193000 0.891357 0.488086 0.689629 0.307471 0.667025 0.439830 0.975837 0.966978 0.788584 0.421588 0.985714 0.276722 0.241293 0.239540 0.863257 0.519662 0.954282 0.269040 0.105315 
0.422130 0.168868 0.319501 0.857101 0.178716 0.165380 0.227199 0.192809 0.323450 0.886651 0.533995 0.167901 0.481383 0.174198 0.245298 0.962570 0.695848 0.372385 0.428057 0.980189 0.732146 0.459707 0.325442 0.027604 0.831770 
0.430946 0.335377 0.456301 0.827828 0.222145 0.199377 0.621472 0.141160 0.109227 0.274293 0.355708 0.617635 0.531239 0.796541 0.859808 0.495633 0.446358 0.092842 0.442274 0.512870 0.117884 0.789142 0.349219 0.050817 0.890105 
0.007341 0.878489 0.657593 0.732498 0.267799 0.571813 0.413509 0.617342 0.349489 0.364882 0.143327 0.832848 0.210130 0.130746 0.671312 0.623007 0.969936 0.968442 0.460770 0.857076 0.179586 0.037038 0.887160 0.246525 0.371303 
0.251529 0.982311 0.935160 0.226333 0.581076 0.404210 0.569154 0.442865 0.820005 0.912432 0.764524 0.626597 0.658319 0.417409 0.570014 0.366976 0.800360 0.567456 0.944792 0.474165 0.537281 0.803533 0.348162 0.688675 0.526272 
0.075235 0.877081 0.269436 0.187523 0.191535 0.394472 0.375300 0.965664 0.717371 0.774736 0.063945 0.393163 0.971405 0.399517 0.961609 0.617048 0.037319 0.686830 0.629135 0.680655 0.708865 0.792591 0.927460 0.513377 0.471638 
0.306167 0.931231 0.699843 0.342208 0.795839 0.446404 0.726286 0.997963 0.182869 0.297465 0.754760 0.338976 0.434619 0.773632 0.011852 0.385547 0.265350 0.569489 0.734784 0.210588 0.110967 0.448591 0.592179 0.813584 0.344012 
0.017318 0.175709 0.665833 0.248292 0.252209 0.331944 0.170943 0.322179 0.027278 0.858579 0.185401 0.196830 0.355696 0.288903 0.430638 0.976140 0.985100 0.433180 0.901783 0.602935 0.664946 0.276648 0.478053 0.802354 0.366210 
0.502331 0.431798 0.772825 0.326686 0.284520 0.017116 0.899875 0.941843 0.644183 0.819858 0.071832 0.027227 0.373891 0.138189 0.051583 0.734000 0.984542 0.087288 0.281756 0.548062 0.022757 0.831831 0.206958 0.605147 0.103455 
0.553343 0.166231 0.261136 0.548413 0.276828 0.902770 0.795887 0.481551 0.588542 0.775058 0.812623 0.886363 0.043281 0.797694 0.052303 0.339988 0.025914 0.473264 0.235522 0.799097 0.157621 0.739651 0.557835 0.251297 0.066053 
0.500837 0.911271 0.963855 0.575637 0.381073 0.642243 0.602135 0.341772 0.528662 0.182325 0.834545 0.163464 0.869535 0.323067 0.072738 0.282312 0.423962 0.114151 0.751612 0.225263 0.681485 0.828122 0.852902 0.847999 0.187381 

0.885125 0.166338 0.967516 0.762354 0.200219 0.788234 0.813842 0.459795 0.401389 0.456982 0.616214 0.898609 0.949683 0.344998 0.276838 0.885562 0.213122 0.960175 0.361734 0.796197 0.527715 0.623812 0.345907 0.132363 0.098572 
0.954137 0.007234 0.555922 0.910002 0.673791 0.903933 0.072900 0.852312 0.991924 0.548656 0.990219 0.256034 0.717277 0.474376 0.852117 0.208505 0.383887 0.512184 0.520706 0.627802 0.598398 0.888581 0.940409 0.544143 0.304198 
0.964259 0.813767 0.667508 0.672977 0.144414 0.310136 0.807346 0.850776 0.067796 0.737899 0.640565 0.189798 0.899483 0.235527 0.530578 0.262832 0.009094 0.839426 0.198985 0.359141 0.889216 0.641739 0.015372 0.321831 0.558811 
0.113919 0.894118 0.934824 0.686599 0.386522 0.310853 0.154686 0.771192 0.313670 0.821955 0.060594 0.538678 0.568258 0.729627 0.991694 0.565372 0.122457 0.807373 0.538495 0.023467 0.929096 0.669724 0.247298 0.341913 0.378363 
0.071501 0.711790 0.033523 0.131220 0.963825 0.365190 0.895898 0.080752 0.516531 0.771416 0.282529 0.162195 0.141015 0.366594 0.576072 0.675435 0.348951 0.732066 0.727776 0.378275 0.089748 0.309780 0.341542 0.967930 0.205679 
0.476520 0.779550 0.426029 0.812096 0.957194 0.666021 0.095258 0.167089 0.251884 0.197818 0.008769 0.891434 0.208480 0.325936 0.993574 0.430040 0.140700 0.239115 0.230755 0.267474 0.841721 0.246101 0.759026 0.670226 0.912688 
0.823043 0.411398 0.888947 0.368753 0.821192 0.570595 0.559350 0.631359 0.280998 0.872560 0.903443 0.865231 0.860996 0.860983 0.152326 0.887393 0.018857 0.792262 0.292474 0.413562 0.942677 0.646281 0.684787 0.899744 0.159668 
0.872760 0.006609 0.652446 0.458393 0.513262 0.894566 0.513464 0.422601 0.311115 0.705410 0.897179 0.083293 0.391379 0.176666 0.033506 0.073724 0.807074 0.582759 0.602887 0.091311 0.956512 0.382907 0.234197 0.604658 0.558257 
0.595828 0.876046 0.279975 0.820548 0.128218 0.678329 0.862213 0.791936 0.203897 0.529529 0.339222 0.948539 0.421257 0.897356 0.965699 0.348095 0.255090 0.204482 0.868452 0.873441 0.265754 0.787344 0.260550 0.817425 0.265031 
0.036000 0.868749 0.578751 0.075750 0.455782 0.294508 0.268991 0.088002 0.187655 0.099079 0.855729 0.886882 0.609468 0.907243 0.817350 0.207386 0.998926 0.988953 0.508797 0.600121 0.424829 0.448702 0.555187 0.795647 0.724957 
0.843502 0.821786 0.540585 0.842065 0.939748 0.783127 0.999786 0.936230 0.580862 0.988656 0.143952 0.379839 0.224084 0.181442 0.102698 0.154066 0.221911 0.650867 0.528396 0.794929 0.376247 0.111740 0.446409 0.966052 0.106466 
0.362666 0.310645 0.854573 0.120444 0.596709 0.421058 0.688752 0.940022 0.113501 0.769303 0.373833 0.497266 0.337131 0.909235 0.092898 0.639700 0.731286 0.101968 0.587398 0.760501 0.505375 0.661792 0.270976 0.722873 0.462140 
0.798699 0.329287 0.430414 0.446945 0.578231 0.047212 0.566285 0.327090 0.794108 0.463454 0.463135 0.528015 0.817576 0.523370 0.819282 0.081402 0.590124 0.387482 0.916039 0.089079 0.724232 0.271574 0.192572 0.945632 0.628350 
0.084757 0.970563 0.717831 0.024849 0.886109 0.131073 0.544258 0.807719 0.625486 0.543197 0.434831 0.943014 0.483023 0.009439 0.472378 0.701517 0.001060 0.598775 0.341249 0.001296 0.776074 0.649565 0.853139 0.236821 0.169922 
0.793536 0.100348 0.705873 0.283628 0.552266 0.226463 0.120264 0.911041 0.350540 0.599893 0.164768 0.413843 0.582336 0.430057 0.439193 0.600086 0.353689 0.764231 0.407126 0.992775 0.376220 0.248387 0.523275 0.132111 0.306104 
0.650762 0.761494 0.880763 0.915047 0.520727 0.038325 0.128743 0.909507 0.054934 0.241961 0.156110 0.335691 0.505200 0.089847 0.700597 0.508960 0.094207 0.266505 0.612391 0.680310 0.535615 0.718617 0.623338 0.622597 0.377692 
0.897138 0.510622 0.849294 0.978037 0.449225 0.866615 0.958050 0.026285 0.141963 0.630624 0.852131 0.745287 0.228188 0.005388 0.054641 0.491969 0.289751 0.504321 0.596889 0.492313 0.015399 0.019727 0.856918 0.417007 0.587504 
0.106329 0.776135 0.790824 0.397394 0.609100 0.757056 0.745165 0.573601 0.304285 0.296739 0.558488 0.580616 0.437987 0.489602 0.145367 0.912638 0.990480 0.610954 0.287465 0.579922 0.859853 0.117454 0.769138 0.809972 0.730408 
0.922304 0.652119 0.819472 0.631168 0.352009 0.752445 0.340301 0.871481 0.762758 0.935873 0.366290 0.391170 0.595933 0.048591 0.600369 0.401393 0.690811 0.237549 0.379609 0.295282 0.395468 0.534777 0.158945 0.389723 0.124977 
0.549959 0.415813 0.632946 0.561358 0.085051 0.275743 0.842357 0.322802 0.842763 0.219518 0.788027 0.271188 0.240332 0.490059 0.794252 0.339895 0.289437 0.193797 0.525779 0.945537 0.634523 0.261529 0.896958 0.532648 0.670936 
0.249371 0.868085 0.950062 0.212958 0.002129 0.683825 0.715079 0.345615 0.988826 0.993105 0.076329 0.892415 0.934182 0.562735 0.073744 0.206123 0.154363 0.494388 0.510777 0.733969 0.290871 0.672006 0.388703 0.286391 0.690485 
0.998755 0.114546 0.657754 0.042570 0.361144 0.840091 0.753711 0.548587 0.391860 0.887119 0.371655 0.080359 0.591356 0.696944 0.102385 0.938429 0.789706 0.536142 0.033940 0.713643 0.038686 0.089687 0.028146 0.245723 0.887090 
0.230821 0.470805 0.386873 0.594594 0.441631 0.584452 0.917180 0.895197 0.132697 0.307435 0.648162 0.996066 0.136067 0.419032 0.427030 0.159387 0.675621 0.620832 0.507279 0.788718 0.262201 0.392230 0.810266 0.418827 0.544285 
0.187961 0.037923 0.797544 0.784078 0.516655 0.830145 0.809559 0.299644 0.580566 0.768374 0.176273 0.799560 0.335916 0.012912 0.662150 0.125990 0.891869 0.070428 0.876561 0.397055 0.264511 0.760838 0.135658 0.939602 0.671177 
0.901951 0.606806 0.283517 0.487514 0.167628 0.830976 0.740722 0.226401 0.670746 0.661220 0.517306 0.913069 0.263304 0.113870 0.938994 0.302219 0.535193 0.917742 0.702394 0.326331 0.245289 0.564687 0.763647 0.600785 0.074534 

-1.457498 -1.963266 -0.166107 -0.755732 -0.469139 -0.003270 -0.627149 -0.297544 -0.222003 -0.898956 -0.720970 -0.347963 -1.739530 -0.821026 -0.105204 -1.885568 -1.758342 2.225932 -0.942225 -2.293436 -1.619297 -1.862491 -0.862268 -0.819791 -1.097375 
-1.942630 -0.693087 -0.230542 -1.160381 -1.040203 -0.959843 -1.166259 -1.403337 -0.517010 -0.586743 -1.517131 -0.770937 -1.235504 -0.207186 -0.172877 -1.297555 0.581558 1.388993 -1.114216 -2.007265 -1.265177 -2.131358 -3.033653 -1.566896 -1.516400 
-0.773959 -1.315736 -0.662896 -1.799640 -0.605078 -0.562221 -0.007061 -1.526874 -0.363303 -1.664800 -0.531761 -0.581419 -1.783419 -0.577385 -1.808796 1.475348 0.741636 2.501873 -0.602261 -1.416524 -2.616946 -1.303787 -0.649755 -1.270249 -1.350611 
-1.787697 -1.785029 -0.479857 -0.421250 -0.811437 -1.535444 -1.509911 -0.229050 -1.261566 -0.190046 -0.532248 -1.647239 -0.686695 -2.074405 0.998180 2.359113 1.778736 1.985534 -1.055774 0.003523 -2.569941 -1.755170 -0.464187 -1.329588 -0.758247 
-0.783596 -2.032512 -0.149476 -1.301077 -1.115906 -0.398735 -1.453280 -0.270967 -1.410951 -0.750770 -1.310869 -0.257444 -0.270624 0.545990 1.013347 2.191578 0.962153 1.314943 -1.678616 -0.832771 -0.518868 -1.352600 -1.334720 -2.333378 -1.129127 
-0.622602 -0.612045 -0.161332 -1.866894 -0.378130 -0.145634 -0.297163 -0.598052 -1.920227 -0.659529 -0.063380 -0.665527 0.684144 1.778813 2.137085 2.155637 1.336205 1.979716 -1.151364 -1.066514 -2.255036 -1.463085 -2.048758 -1.821853 -1.712350 
-1.638367 -1.726465 -0.547943 -1.142009 -0.793501 -1.490634 -0.800333 -0.511892 -0.056115 -1.842831 -0.980263 1.957471 1.073603 1.539207 2.056863 2.108707 0.544039 2.667949 -0.593668 -1.387752 -2.523467 -1.803149 -2.164139 -2.483212 -0.897669 
-1.919786 -1.317293 -0.022706 -0.172872 -0.155618 -1.310538 -0.688201 -0.751598 -0.777139 -0.081946 2.275152 0.102549 1.927565 1.613078 -0.000981 1.200251 1.767869 2.266147 -1.898176 -0.572964 -2.101577 -1.738242 -1.250000 -1.589588 -1.832236 
0.043754 -1.833416 -0.205959 -0.307657 -0.247673 -1.648508 -0.817007 0.007113 -1.186572 0.556987 1.690379 1.566462 2.326864 1.468561 1.192286 0.679321 2.254262 0.681001 -1.993803 -2.356061 -1.157511 -1.960117 -0.836028 -2.479575 -0.851714 
-1.654525 -1.328803 -1.567814 -1.618074 -1.766436 -0.851635 -1.317559 -0.045763 1.916465 1.170293 2.124337 2.372668 1.349336 1.198451 1.111760 0.834411 2.226555 2.078770 -1.839234 -2.179329 -1.566532 -1.106792 -1.991981 -1.807189 -1.712369 
-0.680158 -0.469046 -1.422061 -1.651531 -1.588333 -0.231850 -1.797906 1.134802 0.690616 2.265749 0.272047 1.703824 1.564576 0.678610 1.844281 1.676023 1.593786 1.696490 -1.446984 -2.376514 -0.939713 -0.961610 -1.290229 -3.019141 -1.121666 
-1.009355 -1.585659 -0.657823 -1.982556 -0.823022 -1.316981 1.245958 2.664041 2.076953 1.465976 0.478047 1.971035 1.696859 1.213213 1.402149 2.236236 1.899192 2.107874 -1.510333 -1.744430 -1.079364 -1.490226 -1.412633 1.705320 0.870898 
-0.980876 -1.630377 -0.287027 -0.874045 -1.719468 0.559838 2.267880 2.210925 2.156936 2.025487 0.431439 1.603490 2.477281 1.712979 2.085518 2.144424 1.275742 0.606787 -2.496213 0.016495 -2.302108 0.586925 0.450457 1.827763 1.254841 
-1.756357 -0.908244 -0.406934 -2.208900 -0.510799 0.543290 -0.480997 0.207735 0.912368 0.960356 0.782027 2.646508 1.205046 1.790763 1.525280 0.656148 0.470123 2.028065 -1.400060 -0.124949 1.255902 1.240276 1.598887 0.551908 0.277237 
-0.604827 -1.223919 -0.311333 0.442955 0.222988 0.076946 0.773720 -0.270293 0.662497 -0.336802 0.505357 1.220934 2.581988 2.313903 1.915214 1.432872 2.410949 1.299527 1.002798 1.921679 0.774041 0.418148 1.015570 0.097941 0.666885 
-0.047645 -0.657462 -0.532735 -0.019547 -0.279062 0.109191 0.000281 -0.725818 0.228404 0.592559 0.325901 -0.151148 -0.056341 -0.043616 -0.458997 2.381675 1.356379 0.355431 1.317258 1.258146 0.991106 1.411727 1.307613 1.148969 0.595550 
-0.507049 -0.015461 -0.336039 -0.170119 -0.192304 -0.662887 -0.307370 0.058587 -0.073988 -0.455602 -0.589738 -0.047625 0.137702 0.699464 0.802609 -0.021953 0.216332 0.985120 1.341332 1.165620 0.005313 0.059687 1.726720 0.976288 1.260538 
0.013776 0.015275 -0.049490 0.267119 -0.500739 -0.103658 -0.317955 -0.142687 0.038547 -0.012031 -0.389061 0.244699 -0.210831 -0.350372 0.428852 -0.194656 -0.048472 0.376966 0.603455 1.023062 1.816217 0.210013 1.452887 1.581167 1.428750 
-0.645166 0.430272 0.174206 -0.318422 0.243152 -0.319761 0.201074 -0.568163 0.200258 -0.180073 0.660112 0.195707 0.047968 0.367414 0.074399 -0.183037 0.219982 0.563995 0.557675 0.715424 0.882422 0.910695 0.268141 0.790727 0.320211 
-0.534573 0.472433 -0.343989 -0.197967 0.082834 0.202678 -0.520805 0.694038 -0.135382 0.528638 -0.658723 0.213399 0.721485 -0.083035 0.117145 0.365938 -0.238651 0.588643 0.128638 -0.439310 0.172375 0.453837 1.900427 1.047564 1.362818 
-0.036362 0.118274 -0.124082 0.177225 0.817422 -0.351721 0.029401 0.515306 -0.799501 -0.850301 0.539255 -0.561825 -0.570767 0.008906 -0.209870 0.194553 0.028636 0.032168 -0.016754 -0.602343 -0.129580 -0.135482 0.761434 0.634731 1.521497 
-0.833025 0.011192 0.194234 0.218514 -0.045034 -0.449722 -0.564072 -0.263192 -0.331795 0.002306 -0.177072 0.027826 -0.269731 -0.455101 0.335291 0.048709 0.215474 -0.023618 1.166557 0.006791 0.494861 0.093651 0.432949 0.708941 1.704762 
0.241064 -0.083061 0.330700 -0.193723 -0.162782 -0.532572 -0.184686 -0.034800 0.440307 0.573008 -0.444963 -0.974692 0.124620 -0.375412 -0.277704 0.656283 0.337524 -0.424409 -0.346332 -0.319747 -0.236282 0.612954 -0.615049 0.203334 1.121214 
0.438138 0.234431 -0.497221 -0.179905 -0.167480 0.034029 -0.166788 0.208011 0.170682 0.028430 0.718440 0.259926 -0.076103 0.810298 -0.686012 0.272727 -0.715570 0.379144 -0.506376 0.407811 -0.137763 0.012070 0.367475 -0.796347 -0.797215 
-0.293728 0.205603 0.742212 0.111473 0.158379 -0.308438 -0.140584 0.155617 -0.088156 -0.523003 0.291123 -0.959922 0.548302 0.229667 -0.871762 -0.082982 0.013045 -0.881001 0.005049 -0.152971 0.522399 0.049889 0.218998 0.208255 0.226092 

2 2 2 2 2 2 2 2 2 2 2 2 2 2 2 2 2 0 4 4 4 4 4 4 4 
2 2 2 2 2 2 2 2 2 2 2 2 2 2 2 2 0 0 4 4 4 4 4 4 4 
2 2 2 2 2 2 2 2 2 2 2 2 2 2 2 0 0 0 4 4 4 4 4 4 4 
2 2 2 2 2 2 2 2 2 2 2 2 2 2 0 0 0 0 4 4 4 4 4 4 4 
2 2 2 2 2 2 2 2 2 2 2 2 2 0 0 0 0 0 4 4 4 4 4 4 4 
2 2 2 2 2 2 2 2 2 2 2 2 0 0 0 0 0 0 4 4 4 4 4 4 4 
2 2 2 2 2 2 2 2 2 2 2 0 0 0 0 0 0 0 4 4 4 4 4 4 4 
2 2 2 2 2 2 2 2 2 2 0 0 0 0 0 0 0 0 4 4 4 4 4 4 4 
2 2 2 2 2 2 2 2 2 0 0 0 0 0 0 0 0 0 4 4 4 4 4 4 4 
2 2 2 2 2 2 2 2 0 0 0 0 0 0 0 0 0 0 4 4 4 4 4 4 4 
2 2 2 2 2 2 2 0 0 0 0 0 0 0 0 0 0 0 4 4 4 4 4 4 4 
2 2 2 2 2 2 0 0 0 0 0 0 0 0 0 0 0 0 4 4 4 4 4 1 1 
2 2 2 2 2 0 0 0 0 0 0 0 0 0 0 0 0 0 4 4 4 1 1 1 1 
2 2 2 2 3 3 3 3 0 0 0 0 0 0 0 0 0 0 4 1 1 1 1 1 1 
2 2 3 3 3 3 3 3 3 3 3 0 0 0 0 0 0 0 1 1 1 1 1 1 1 
3 3 3 3 3 3 3 3 3 3 3 3 3 3 3 0 0 1 1 1 1 1 1 1 1 
3 3 3 3 3 3 3 3 3 3 3 3 3 3 3 3 3 1 1 1 1 1 1 1 1 
3 3 3 3 3 3 3 3 3 3 3 3 3 3 3 3 3 3 1 1 1 1 1 1 1 
3 3 3 3 3 3 3 3 3 3 3 3 3 3 3 3 3 3 3 1 1 1 1 1 1 
3 3 3 3 3 3 3 3 3 3 3 3 3 3 3 3 3 3 3 3 3 1 1 1 1 
3 3 3 3 3 3 3 3 3 3 3 3 3 3 3 3 3 3 3 3 3 3 1 1 1 
3 3 3 3 3 3 3 3 3 3 3 3 3 3 3 3 3 3 3 3 3 3 3 1 1 
3 3 3 3 3 3 3 3 3 3 3 3 3 3 3 3 3 3 3 3 3 3 3 3 1 
3 3 3 3 3 3 3 3 3 3 3 3 3 3 3 3 3 3 3 3 3 3 3 3 3 
3 3 3 3 3 3 3 3 3 3 3 3 3 3 3 3 3 3 3 3 3 3 3 3 3 

-2.0 -2.0 -2.0 -2.0 -2.0 -2.0 -2.0 -2.0 -2.0 -2.0 -2.0 -2.0 -2.0 -2.0 -2.0 -2.0 -2.0 2.0 -1.0 -1.0 -1.0 -1.0 -1.0 -1.0 -1.0 
-2.0 -2.0 -2.0 -2.0 -2.0 -2.0 -2.0 -2.0 -2.0 -2.0 -2.0 -2.0 -2.0 -2.0 -2.0 -2.0 2.0 2.0 -1.0 -1.0 -1.0 -1.0 -1.0 -1.0 -1.0 
-2.0 -2.0 -2.0 -2.0 -2.0 -2.0 -2.0 -2.0 -2.0 -2.0 -2.0 -2.0 -2.0 -2.0 -2.0 2.0 2.0 2.0 -1.0 -1.0 -1.0 -1.0 -1.0 -1.0 -1.0 
-2.0 -2.0 -2.0 -2.0 -2.0 -2.0 -2.0 -2.0 -2.0 -2.0 -2.0 -2.0 -2.0 -2.0 2.0 2.0 2.0 2.0 -1.0 -1.0 -1.0 -1.0 -1.0 -1.0 -1.0 
-2.0 -2.0 -2.0 -2.0 -2.0 -2.0 -2.0 -2.0 -2.0 -2.0 -2.0 -2.0 -2.0 2.0 2.0 2.0 2.0 2.0 -1.0 -1.0 -1.0 -1.0 -1.0 -1.0 -1.0 
-2.0 -2.0 -2.0 -2.0 -2.0 -2.0 -2.0 -2.0 -2.0 -2.0 -2.0 -2.0 2.0 2.0 2.0 2.0 2.0 2.0 -1.0 -1.0 -1.0 -1.0 -1.0 -1.0 -1.0 
-2.0 -2.0 -2.0 -2.0 -2.0 -2.0 -2.0 -2.0 -2.0 -2.0 -2.0 2.0 2.0 2.0 2.0 2.0 2.0 2.0 -1.0 -1.0 -1.0 -1.0 -1.0 -1.0 -1.0 
-2.0 -2.0 -2.0 -2.0 -2.0 -2.0 -2.0 -2.0 -2.0 -2.0 2.0 2.0 2.0 2.0 2.0 2.0 2.0 2.0 -1.0 -1.0 -1.0 -1.0 -1.0 -1.0 -1.0 
-2.0 -2.0 -2.0 -2.0 -2.0 -2.0 -2.0 -2.0 -2.0 2.0 2.0 2.0 2.0 2.0 2.0 2.0 2.0 2.0 -1.0 -1.0 -1.0 -1.0 -1.0 -1.0 -1.0 
-2.0 -2.0 -2.0 -2.0 -2.0 -2.0 -2.0 -2.0 2.0 2.0 2.0 2.0 2.0 2.0 2.0 2.0 2.0 2.0 -1.0 -1.0 -1.0 -1.0 -1.0 -1.0 -1.0 
-2.0 -2.0 -2.0 -2.0 -2.0 -2.0 -2.0 2.0 2.0 2.0 2.0 2.0 2.0 2.0 2.0 2.0 2.0 2.0 -1.0 -1.0 -1.0 -1.0 -1.0 -1.0 -1.0 
-2.0 -2.0 -2.0 -2.0 -2.0 -2.0 2.0 2.0 2.0 2.0 2.0 2.0 2.0 2.0 2.0 2.0 2.0 2.0 -1.0 -1.0 -1.0 -1.0 -1.0 0.0 0.0 
-2.0 -2.0 -2.0 -2.0 -2.0 2.0 2.0 2.0 2.0 2.0 2.0 2.0 2.0 2.0 2.0 2.0 2.0 2.0 -1.0 -1.0 -1.0 0.0 0.0 0.0 0.0 
-2.0 -2.0 -2.0 -2.0 1.0 1.0 1.0 1.0 2.0 2.0 2.0 2.0 2.0 2.0 2.0 2.0 2.0 2.0 -1.0 0.0 0.0 0.0 0.0 0.0 0.0 
-2.0 -2.0 1.0 1.0 1.0 1.0 1.0 1.0 1.0 1.0 1.0 2.0 2.0 2.0 2.0 2.0 2.0 2.0 0.0 0.0 0.0 0.0 0.0 0.0 0.0 
1.0 1.0 1.0 1.0 1.0 1.0 1.0 1.0 1.0 1.0 1.0 1.0 1.0 1.0 1.0 2.0 2.0 0.0 0.0 0.0 0.0 0.0 0.0 0.0 0.0 
1.0 1.0 1.0 1.0 1.0 1.0 1.0 1.0 1.0 1.0 1.0 1.0 1.0 1.0 1.0 1.0 1.0 0.0 0.0 0.0 0.0 0.0 0.0 0.0 0.0 
1.0 1.0 1.0 1.0 1.0 1.0 1.0 1.0 1.0 1.0 1.0 1.0 1.0 1.0 1.0 1.0 1.0 1.0 0.0 0.0 0.0 0.0 0.0 0.0 0.0 
1.0 1.0 1.0 1.0 1.0 1.0 1.0 1.0 1.0 1.0 1.0 1.0 1.0 1.0 1.0 1.0 1.0 1.0 1.0 0.0 0.0 0.0 0.0 0.0 0.0 
1.0 1.0 1.0 1.0 1.0 1.0 1.0 1.0 1.0 1.0 1.0 1.0 1.0 1.0 1.0 1.0 1.0 1.0 1.0 1.0 1.0 0.0 0.0 0.0 0.0 
1.0 1.0 1.0 1.0 1.0 1.0 1.0 1.0 1.0 1.0 1.0 1.0 1.0 1.0 1.0 1.0 1.0 1.0 1.0 1.0 1.0 1.0 0.0 0.0 0.0 
1.0 1.0 1.0 1.0 1.0 1.0 1.0 1.0 1.0 1.0 1.0 1.0 1.0 1.0 1.0 1.0 1.0 1.0 1.0 1.0 1.0 1.0 1.0 0.0 0.0 
1.0 1.0 1.0 1.0 1.0 1.0 1.0 1.0 1.0 1.0 1.0 1.0 1.0 1.0 1.0 1.0 1.0 1.0 1.0 1.0 1.0 1.0 1.0 1.0 0.0 
1.0 1.0 1.0 1.0 1.0 1.0 1.0 1.0 1.0 1.0 1.0 1.0 1.0 1.0 1.0 1.0 1.0 1.0 1.0 1.0 1.0 1.0 1.0 1.0 1.0 
1.0 1.0 1.0 1.0 1.0 1.0 1.0 1.0 1.0 1.0 1.0 1.0 1.0 1.0 1.0 1.0 1.0 1.0 1.0 1.0 1.0 1.0 1.0 1.0 1.0 

0.0 0.0 0.0 0.0 0.0 0.0 0.0 0.0 0.0 0.0 0.0 0.0 0.0 0.0 0.0 0.0 0.0 1.0 -2.0 -2.0 -2.0 -2.0 -2.0 -2.0 -2.0 
0.0 0.0 0.0 0.0 0.0 0.0 0.0 0.0 0.0 0.0 0.0 0.0 0.0 0.0 0.0 0.0 1.0 1.0 -2.0 -2.0 -2.0 -2.0 -2.0 -2.0 -2.0 
0.0 0.0 0.0 0.0 0.0 0.0 0.0 0.0 0.0 0.0 0.0 0.0 0.0 0.0 0.0 1.0 1.0 1.0 -2.0 -2.0 -2.0 -2.0 -2.0 -2.0 -2.0 
0.0 0.0 0.0 0.0 0.0 0.0 0.0 0.0 0.0 0.0 0.0 0.0 0.0 0.0 1.0 1.0 1.0 1.0 -2.0 -2.0 -2.0 -2.0 -2.0 -2.0 -2.0 
0.0 0.0 0.0 0.0 0.0 0.0 0.0 0.0 0.0 0.0 0.0 0.0 0.0 1.0 1.0 1.0 1.0 1.0 -2.0 -2.0 -2.0 -2.0 -2.0 -2.0 -2.0 
0.0 0.0 0.0 0.0 0.0 0.0 0.0 0.0 0.0 0.0 0.0 0.0 1.0 1.0 1.0 1.0 1.0 1.0 -2.0 -2.0 -2.0 -2.0 -2.0 -2.0 -2.0 
0.0 0.0 0.0 0.0 0.0 0.0 0.0 0.0 0.0 0.0 0.0 1.0 1.0 1.0 1.0 1.0 1.0 1.0 -2.0 -2.0 -2.0 -2.0 -2.0 -2.0 -2.0 
0.0 0.0 0.0 0.0 0.0 0.0 0.0 0.0 0.0 0.0 1.0 1.0 1.0 1.0 1.0 1.0 1.0 1.0 -2.0 -2.0 -2.0 -2.0 -2.0 -2.0 -2.0 
0.0 0.0 0.0 0.0 0.0 0.0 0.0 0.0 0.0 1.0 1.0 1.0 1.0 1.0 1.0 1.0 1.0 1.0 -2.0 -2.0 -2.0 -2.0 -2.0 -2.0 -2.0 
0.0 0.0 0.0 0.0 0.0 0.0 0.0 0.0 1.0 1.0 1.0 1.0 1.0 1.0 1.0 1.0 1.0 1.0 -2.0 -2.0 -2.0 -2.0 -2.0 -2.0 -2.0 
0.0 0.0 0.0 0.0 0.0 0.0 0.0 1.0 1.0 1.0 1.0 1.0 1.0 1.0 1.0 1.0 1.0 1.0 -2.0 -2.0 -2.0 -2.0 -2.0 -2.0 -2.0 
0.0 0.0 0.0 0.0 0.0 0.0 1.0 1.0 1.0 1.0 1.0 1.0 1.0 1.0 1.0 1.0 1.0 1.0 -2.0 -2.0 -2.0 -2.0 -2.0 2.0 2.0 
0.0 0.0 0.0 0.0 0.0 1.0 1.0 1.0 1.0 1.0 1.0 1.0 1.0 1.0 1.0 1.0 1.0 1.0 -2.0 -2.0 -2.0 2.0 2.0 2.0 2.0 
0.0 0.0 0.0 0.0 -1.0 -1.0 -1.0 -1.0 1.0 1.0 1.0 1.0 1.0 1.0 1.0 1.0 1.0 1.0 -2.0 2.0 2.0 2.0 2.0 2.0 2.0 
0.0 0.0 -1.0 -1.0 -1.0 -1.0 -1.0 -1.0 -1.0 -1.0 -1.0 1.0 1.0 1.0 1.0 1.0 1.0 1.0 2.0 2.0 2.0 2.0 2.0 2.0 2.0 
-1.0 -1.0 -1.0 -1.0 -1.0 -1.0 -1.0 -1.0 -1.0 -1.0 -1.0 -1.0 -1.0 -1.0 -1.0 1.0 1.0 2.0 2.0 2.0 2.0 2.0 2.0 2.0 2.0 
-1.0 -1.0 -1.0 -1.0 -1.0 -1.0 -1.0 -1.0 -1.0 -1.0 -1.0 -1.0 -1.0 -1.0 -1.0 -1.0 -1.0 2.0 2.0 2.0 2.0 2.0 2.0 2.0 2.0 
-1.0 -1.0 -1.0 -1.0 -1.0 -1.0 -1.0 -1.0 -1.0 -1.0 -1.0 -1.0 -1.0 -1.0 -1.0 -1.0 -1.0 -1.0 2.0 2.0 2.0 2.0 2.0 2.0 2.0 
-1.0 -1.0 -1.0 -1.0 -1.0 -1.0 -1.0 -1.0 -1.0 -1.0 -1.0 -1.0 -1.0 -1.0 -1.0 -1.0 -1.0 -1.0 -1.0 2.0 2.0 2.0 2.0 2.0 2.0 
-1.0 -1.0 -1.0 -1.0 -1.0 -1.0 -1.0 -1.0 -1.0 -1.0 -1.0 -1.0 -1.0 -1.0 -1.0 -1.0 -1.0 -1.0 -1.0 -1.0 -1.0 2.0 2.0 2.0 2.0 
-1.0 -1.0 -1.0 -1.0 -1.0 -1.0 -1.0 -1.0 -1.0 -1.0 -1.0 -1.0 -1.0 -1.0 -1.0 -1.0 -1.0 -1.0 -1.0 -1.0 -1.0 -1.0 2.0 2.0 2.0 
-1.0 -1.0 -1.0 -1.0 -1.0 -1.0 -1.0 -1.0 -1.0 -1.0 -1.0 -1.0 -1.0 -1.0 -1.0 -1.0 -1.0 -1.0 -1.0 -1.0 -1.0 -1.0 -1.0 2.0 2.0 
-1.0 -1.0 -1.0 -1.0 -1.0 -1.0 -1.0 -1.0 -1.0 -1.0 -1.0 -1.0 -1.0 -1.0 -1.0 -1.0 -1.0 -1.0 -1.0 -1.0 -1.0 -1.0 -1.0 -1.0 2.0 
-1.0 -1.0 -1.0 -1.0 -1.0 -1.0 -1.0 -1.0 -1.0 -1.0 -1.0 -1.0 -1.0 -1.0 -1.0 -1.0 -1.0 -1.0 -1.0 -1.0 -1.0 -1.0 -1.0 -1.0 -1.0 
-1.0 -1.0 -1.0 -1.0 -1.0 -1.0 -1.0 -1.0 -1.0 -1.0 -1.0 -1.0 -1.0 -1.0 -1.0 -1.0 -1.0 -1.0 -1.0 -1.0 -1.0 -1.0 -1.0 -1.0 -1.0 

