0.507605 0.910412 0.203033 0.060725 0.407951 0.783206 0.893954 0.010473 0.812306 0.906915 0.519819 0.890552 0.296745 0.099530 0.594725 0.872186 0.584390 0.026618 0.637692 0.257839 0.863204 0.396752 0.138974 0.701806 0.408918 
0.178499 0.080184 0.219005 0.960932 0.341790 0.747342 0.463823 0.180268 0.340317 0.916669 0.558551 0.115605 0.255202 0.578729 0.459538 0.900975 0.860926 0.871212 0.387353 0.982437 0.694046 0.756399 0.360403 0.110534 0.742398 
0.375845 0.613095 0.633445 0.758792 0.114712 0.938286 0.847841 0.356526 0.793063 0.043812 0.126836 0.626557 0.344583 0.787801 0.313204 0.251989 0.466755 0.668366 0.552352 0.433179 0.995956 0.698550 0.690022 0.772567 0.074992 
0.564493 0.242600 0.682953 0.544966 0.560924 0.167603 0.922917 0.411416 0.056870 0.282299 0.007089 0.871323 0.142763 0.130231 0.580264 0.321091 0.713045 0.262802 0.810186 0.782656 0.798960 0.285685 0.200872 0.863444 0.402194 
0.212606 0.514801 0.388565 0.091851 0.889266 0.244771 0.823288 0.037428 0.300654 0.277645 0.140727 0.486346 0.272334 0.234221 0.112461 0.459963 0.143697 0.078789 0.780423 0.076801 0.710082 0.664240 0.677069 0.988229 0.137913 
0.673333 0.368007 0.907746 0.148505 0.681782 0.266057 0.607312 0.861508 0.404058 0.691488 0.267291 0.917415 0.214777 0.553547 0.239302 0.554656 0.578700 0.693832 0.108759 0.480215 0.182827 0.874903 0.122956 0.231228 0.789451 
0.158927 0.750733 0.631909 0.454790 0.751204 0.193421 0.192053 0.564753 0.597823 0.949609 0.815467 0.511342 0.687907 0.935096 0.159251 0.087328 0.867614 0.127999 0.317766 0.259110 0.889048 0.111696 0.651268 0.063001 0.423110 
0.111910 0.908054 0.468431 0.254971 0.473974 0.257918 0.793391 0.529106 0.965260 0.074192 0.196884 0.620446 0.255664 0.186521 0.414801 0.270913 0.164191 0.555375 0.040411 0.955154 0.284643 0.301941 0.126696 0.133393 0.491701 
0.213804 0.735697 0.480004 0.483216 0.815102 0.035985 0.575512 0.845888 0.034994 0.941668 0.392764 0.851113 0.425369 0.058493 0.930078 0.709683 0.138673 0.828936 0.123202 0.225248 0.653143 0.503512 0.834947 0.455343 0.682068 
0.307663 0.764025 0.289327 0.868130 0.529124 0.753320 0.652618 0.580382 0.861479 0.288207 0.845454 0.110875 0.199215 0.488245 0.678443 0.109916 0.492870 0.338552 0.851608 0.806437 0.800143 0.012838 0.882910 0.438881 0.893799 
0.460921 0.653176 0.971251 0.463877 0.546372 0.263489 0.523199 0.938553 0.895074 0.125308 0.310498 0.912170 0.425383 0.267894 0.114257 0.045643 0.882162 0.105194 0.511689 0.204876 0.422881 0.342973 0.984393 0.637249 0.002867 
0.599249 0.015698 0.558997 0.618027 0.252530 0.003329 0.267744 0.640108 0.668573 0.490756 0.036212 0.881207 0.256994 0.934257 0.748008 0.397788 0.745290 0.517516 0.724055 0.463554 0.211386 0.383427 0.547825 0.249146 0.935541 
0.802846 0.095440 0.015951 0.147001 0.755273 0.452940 0.917862 0.454902 0.343000 0.279049 0.150441 0.686319 0.640855 0.903261 0.583849 0.904358 0.800817 0.487049 0.428105 0.222963 0.689443 0.290769 0.214768 0.858732 0.426476 
0.841279 0.576922 0.487509 0.495017 0.888469 0.132980 0.972928 0.282057 0.900496 0.180648 0.973495 0.236046 0.810740 0.726758 0.671709 0.150270 0.808070 0.903400 0.103366 0.868143 0.736669 0.386621 0.030248 0.216644 0.291159 
0.385477 0.859016 0.028857 0.308740 0.908949 0.272189 0.308976 0.484790 0.872254 0.502775 0.487356 0.243957 0.189338 0.157578 0.722610 0.445023 0.561745 0.291469 0.348000 0.812121 0.069341 0.203061 0.195254 0.596811 0.177282 
0.822434 0.763899 0.624062 0.329038 0.564511 0.326320 0.169208 0.321216 0.797126 0.891025 0.403153 0.265115 0.055111 0.176438 0.185383 0.004713 0.017436 0.571399 0.386396 0.406493 0.513403 0.831197 0.927881 0.312421 0.599333 
0.858006 0.820327 0.856098 0.422712 0.527958 0.289917 0.032014 0.000990 0.273584 0.023981 0.142782 0.284110 0.248251 0.968595 0.336967 0.869921 0.927678 0.442102 0.205897 0.691868 0.846125 0.651094 0.378517 0.960150 0.508734 
0.501382 0.437835 0.319809 0.348737 0.513012 0.395001 0.164120 0.935890 0.501944 0.558140 0.241554 0.932354 0.759209 0.003892 0.803862 0.148340 0.870014 0.162870 0.741403 0.968700 0.241574 0.616279 0.778911 0.002702 0.485802 
0.968459 0.449158 0.365613 0.481121 0.806013 0.493536 0.348651 0.032718 0.312226 0.312469 0.981496 0.714294 0.152638 0.615916 0.688361 0.397542 0.627451 0.508463 0.622108 0.775876 0.735032 0.741255 0.932243 0.035685 0.835194 
0.172480 0.700276 0.567289 0.942833 0.952373 0.634647 0.217395 0.020238 0.443803 0.206780 0.160407 0.770348 0.644315 0.668749 0.918571 0.864847 0.622429 0.483311 0.014566 0.579875 0.256216 0.301992 0.912417 0.451736 0.911305 
0.145403 0.804721 0.648294 0.328094 0.165600 0.088518 0.473611 0.760840 0.701814 0.481322 0.572377 0.719400 0.168562 0.123780 0.229276 0.774653 0.781559 0.738503 0.093138 0.655445 0.736938 0.691693 0.011948 0.588920 0.658783 
0.920077 0.783720 0.731219 0.297848 0.285844 0.241930 0.263982 0.802266 0.115462 0.481335 0.638647 0.306960 0.334139 0.282942 0.631828 0.778109 0.406672 0.529109 0.368145 0.022219 0.687806 0.560735 0.056351 0.379427 0.121877 
0.577347 0.880063 0.649042 0.765369 0.613734 0.989603 0.665128 0.408043 0.941731 0.254550 0.660410 0.997414 0.752723 0.471158 0.229985 0.773403 0.048752 0.581233 0.330848 0.588284 0.075553 0.640841 0.988900 0.008915 0.142440 
0.929180 0.369293 0.689083 0.831703 0.489268 0.346725 0.310848 0.956579 0.947227 0.520998 0.203572 0.902035 0.115186 0.112377 0.961112 0.113836 0.251839 0.052029 0.625069 0.713511 0.286686 0.363790 0.823676 0.594239 0.022469 
0.659990 0.211959 0.807323 0.931813 0.566582 0.833110 0.246800 0.272252 0.945052 0.033640 0.006023 0.128088 0.869003 0.376730 0.762449 0.305607 0.924152 0.924451 0.550376 0.249066 0.761181 0.395443 0.503108 0.584253 0.843771 

0.159630 0.658478 0.594676 0.946578 0.448607 0.855814 0.738261 0.422544 0.158088 0.233283 0.115374 0.203338 0.976475 0.209181 0.559379 0.183363 0.571115 0.743176 0.260210 0.083143 0.131492 0.456599 0.868530 0.774832 0.786020 
0.704588 0.895694 0.055734 0.448523 0.866826 0.995014 0.499977 0.829367 0.739716 0.517676 0.464409 0.501670 0.227269 0.231686 0.801319 0.431494 0.411008 0.059002 0.299157 0.395774 0.915313 0.515858 0.156099 0.163592 0.266975 
0.019769 0.856575 0.732881 0.708605 0.094416 0.354431 0.619849 0.577665 0.745206 0.726724 0.971718 0.809298 0.255610 0.740443 0.112489 0.258032 0.801696 0.048168 0.729121 0.917450 0.081607 0.482228 0.165419 0.370215 0.141876 
0.794481 0.015224 0.812386 0.962363 0.481120 0.253078 0.884824 0.685285 0.740114 0.959151 0.051938 0.595821 0.524188 0.124841 0.245032 0.370372 0.181337 0.079963 0.445987 0.869443 0.105021 0.174842 0.300561 0.084509 0.072238 
0.432602 0.336348 0.630923 0.567494 0.528895 0.377756 0.386317 0.456690 0.672108 0.248231 0.726802 0.793944 0.659526 0.180248 0.632364 0.218335 0.921419 0.969735 0.979541 0.818722 0.763809 0.345412 0.203990 0.775414 0.203772 
0.439608 0.861713 0.019902 0.453710 0.588782 0.812390 0.850562 0.013742 0.126726 0.913330 0.035299 0.793695 0.779379 0.011381 0.656835 0.033260 0.904992 0.027651 0.919778 0.744869 0.151370 0.355998 0.544914 0.064284 0.034618 
0.856381 0.003524 0.161313 0.389332 0.707973 0.881130 0.728523 0.525229 0.707054 0.708261 0.979366 0.685778 0.985071 0.965079 0.662565 0.943524 0.290424 0.741159 0.601939 0.374916 0.976962 0.281323 0.609859 0.895283 0.393451 
0.486946 0.737234 0.318381 0.589955 0.629620 0.053670 0.023894 0.708298 0.693245 0.885444 0.373178 0.857144 0.521644 0.947320 0.653102 0.417153 0.142784 0.393877 0.949245 0.711861 0.345969 0.328433 0.979996 0.713694 0.529884 
0.720385 0.285207 0.309407 0.487464 0.910188 0.316197 0.303492 0.141164 0.226099 0.490288 0.293820 0.037530 0.800029 0.466908 0.723624 0.530290 0.393138 0.881567 0.258786 0.049906 0.796776 0.172231 0.744295 0.615579 0.657978 
0.116133 0.606406 0.206639 0.228136 0.575105 0.969662 0.946560 0.830974 0.098877 0.842738 0.661061 0.572223 0.535876 0.677872 0.898087 0.074444 0.030325 0.564879 0.802889 0.120201 0.779451 0.761906 0.148464 0.344888 0.467782 
0.332376 0.238485 0.739756 0.592041 0.817546 0.303299 0.903749 0.857675 0.536418 0.761476 0.718189 0.053431 0.561870 0.852765 0.278782 0.966044 0.566862 0.996198 0.438410 0.249692 0.086573 0.931835 0.451324 0.503491 0.653108 
0.079745 0.256429 0.077638 0.984758 0.140502 0.441934 0.663607 0.798441 0.319241 0.087150 0.304220 0.277330 0.307668 0.217561 0.043055 0.331098 0.406042 0.091331 0.935403 0.626377 0.651107 0.152097 0.724523 0.660567 0.456891 
0.998094 0.912864 0.213991 0.234976 0.903022 0.833534 0.253871 0.337784 0.428867 0.062653 0.743514 0.034611 0.702780 0.537980 0.566612 0.342870 0.908954 0.962174 0.111096 0.694803 0.319382 0.055512 0.032003 0.079825 0.700111 
0.135526 0.311830 0.154306 0.579782 0.223246 0.355059 0.844881 0.746339 0.089521 0.655721 0.833563 0.753961 0.933003 0.054946 0.973510 0.377497 0.331364 0.318482 0.983757 0.950963 0.955784 0.327451 0.913270 0.243826 0.863488 
0.896188 0.718116 0.984902 0.276814 0.429082 0.765439 0.888346 0.784050 0.443913 0.252577 0.042177 0.064006 0.931163 0.138201 0.914301 0.528303 0.620304 0.745549 0.200006 0.138576 0.174564 0.635538 0.300734 0.867665 0.816784 
0.855034 0.714729 0.388666 0.719684 0.339655 0.709110 0.177182 0.114132 0.460143 0.199225 0.985853 0.580219 0.389365 0.830229 0.097583 0.153475 0.452053 0.749075 0.063111 0.944527 0.780693 0.281300 0.847656 0.589880 0.869606 
0.067414 0.387643 0.699195 0.471862 0.411682 0.608074 0.640790 0.062357 0.075294 0.468383 0.327904 0.524107 0.182493 0.415512 0.076079 0.021230 0.039713 0.173443 0.897401 0.355902 0.772757 0.158764 0.343067 0.871056 0.683252 
0.893667 0.205144 0.801064 0.819570 0.059582 0.608070 0.840210 0.242753 0.070339 0.836110 0.926737 0.097230 0.105994 0.120479 0.916984 0.461027 0.432464 0.090129 0.496998 0.802323 0.680701 0.787864 0.584297 0.064311 0.207853 
0.600899 0.839306 0.187732 0.719117 0.759309 0.652266 0.208253 0.783134 0.689122 0.463011 0.847896 0.226475 0.498244 0.647263 0.397698 0.618904 0.504497 0.055879 0.445485 0.596128 0.858013 0.421572 0.899686 0.320065 0.839170 
0.807110 0.916839 0.269656 0.893410 0.169970 0.144606 0.747800 0.013924 0.787708 0.160197 0.219557 0.474756 0.131462 0.744637 0.861723 0.266749 0.231975 0.532516 0.002524 0.272418 0.497108 0.011567 0.487052 0.952498 0.150524 
0.747212 0.896748 0.036183 0.344437 0.155132 0.865937 0.448392 0.071637 0.206935 0.406249 0.661946 0.650208 0.994110 0.263397 0.121781 0.412778 0.621441 0.021217 0.874356 0.772688 0.626247 0.289773 0.801670 0.282386 0.255034 
0.417433 0.492624 0.961762 0.577215 0.229327 0.777216 0.103496 0.933654 0.229282 0.291744 0.662678 0.078177 0.461203 0.567849 0.298357 0.763997 0.885639 0.446972 0.896466 0.908369 0.568430 0.579522 0.966195 0.141934 0.454207 
0.341354 0.113848 0.503008 0.781818 0.707127 0.710530 0.979665 0.726604 0.654663 0.134960 0.831027 0.420852 0.191296 0.524694 0.085648 0.442563 0.455478 0.613614 0.394404 0.701354 0.492977 0.528608 0.576620 0.664314 0.096859 
0.002418 0.886211 0.603428 0.141223 0.826228 0.601233 0.320926 0.869233 0.975907 0.909641 0.491262 0.526822 0.575831 0.633558 0.443411 0.170066 0.123660 0.425604 0.413557 0.410348 0.359010 0.578463 0.183123 0.047298 0.837613 
0.428538 0.570625 0.107366 0.446141 0.957833 0.136101 0.786533 0.336437 0.096858 0.117540 0.718195 0.770557 0.477181 0.399177 0.710156 0.565403 0.004056 0.423783 0.005365 0.486292 0.666367 0.249083 0.970912 0.581033 0.280471 

-0.831768 -1.111779 -0.066666 -1.945847 -0.321463 -0.244602 0.263312 -0.874177 1.345048 1.351383 0.834124 1.493190 -1.407458 -0.281632 0.052343 1.429335 -0.001860 -1.326752 0.656110 0.379095 1.304351 -0.077775 -0.052806 -0.631274 -0.316853 
0.372311 0.794602 -0.435926 1.041307 -0.996835 -0.468124 -0.185124 -1.470329 -1.101794 0.763724 0.272813 -0.712974 0.008614 0.641052 -0.645265 0.884442 0.904343 1.657400 0.293611 1.108531 -0.515839 0.447216 0.338406 -0.119319 -0.823078 
-0.629842 -0.487566 -0.672954 -0.827925 -0.071651 1.054798 0.495163 -0.644824 0.159173 -1.442738 -1.666638 -0.219969 0.145986 -0.017586 0.483211 -0.002641 -0.698093 1.316269 -0.466622 -0.785403 1.743796 0.242877 1.228188 0.781444 -0.122556 
-0.437025 -0.341630 -0.472607 -0.186279 -0.321106 -0.197263 0.055001 -0.457388 -1.235952 -1.230976 0.071887 0.518826 -0.831490 0.029967 0.519334 -0.206435 0.984476 0.426495 0.569333 -0.192416 1.349101 0.234425 -0.268050 -0.792272 -0.522829 
-0.011041 -0.804936 -0.385529 0.503735 -1.254535 -0.373177 0.790631 -0.769150 -0.671672 0.175295 -1.208951 -0.715185 -0.708830 0.110170 -1.064041 0.403587 -1.541487 -1.908949 -0.460680 -1.641538 -0.017309 -0.683274 -0.644165 -1.020911 -0.181867 
-0.784531 0.216364 -1.786251 -0.005149 -0.729404 0.330290 -0.362725 1.901234 0.504439 -0.560376 0.356257 0.494037 -1.292188 1.224925 -0.738518 1.027437 -0.638059 1.266904 -1.541320 -0.522908 0.201369 -0.814208 -0.249413 -0.132771 -0.810805 
0.408683 -1.652276 -1.118543 -0.629516 -0.812009 0.478510 0.427482 -0.049705 -0.359819 0.458307 -0.217549 -0.266005 -0.731546 -0.178619 -1.040978 -1.744728 1.278269 -1.149490 -0.541194 -0.211196 -1.073890 -0.051942 -0.663374 -0.116895 -0.407159 
0.149433 -0.985255 -0.590105 0.210626 -0.318097 -0.362087 1.615951 -0.257273 0.542005 -1.709977 -0.433212 -0.508396 -0.364404 -1.413814 -0.473620 -0.343596 0.020053 0.328052 -1.959270 0.444850 -0.398765 -0.423014 0.006046 -0.103774 -0.420664 
0.277932 -1.181319 -0.878595 -0.483948 -0.854391 0.199046 -0.839323 1.549978 -0.307894 0.959678 0.261990 1.641156 -0.543233 -0.904302 0.422696 0.274461 0.027364 -0.924586 -0.182000 0.465123 -0.292451 -0.536895 -0.819829 -0.409897 -0.568090 
-0.362437 -0.813624 -0.509847 -1.434161 -0.376051 -0.736482 -0.365014 -0.622930 1.179810 -1.132382 0.439457 -0.777350 -0.473843 -0.256387 -0.507517 -0.147307 -0.554437 -0.201547 -0.862623 -0.814944 -0.781330 0.008063 -0.933742 -0.257704 -0.878400 
-0.704460 -1.168626 -1.019707 -0.429413 -0.214510 -0.210654 -0.142302 -0.858475 0.673016 -1.302483 -0.764504 1.762593 -0.120774 -0.259454 -0.022253 0.132433 -0.816738 -0.343641 -0.585587 -0.196667 -0.384090 -0.147001 -0.877872 -0.586528 0.021643 
-1.073181 0.203602 -0.933912 -0.110367 -0.258992 0.439420 0.198491 -0.342263 -0.905368 0.950277 -0.264993 0.774886 -0.092242 -0.983018 -0.967194 -0.470035 -0.816264 -0.462291 -0.635548 -0.222007 -0.189982 -0.368308 -0.659026 -0.309581 -0.864741 
-0.592225 0.738989 0.312071 -0.085504 -0.545237 0.076630 -1.509041 -0.453676 -0.066084 0.189125 -0.502762 0.731048 -0.040582 0.383912 0.042482 -0.855972 -0.652795 -0.555030 -0.333774 -0.250826 -0.579132 -0.378037 -0.340630 -0.871168 -0.439723 
-1.485899 -0.868968 -0.806548 -0.316953 -1.750173 0.168298 -1.208981 1.357762 1.649642 -0.340633 0.086818 -0.615984 -0.185606 0.605591 -0.439962 -0.223808 -0.787779 -0.815981 -0.097475 -0.858747 -0.727037 -0.360911 -0.165991 -0.293503 -0.260904 
-0.069319 -0.969124 0.915355 -0.335736 -1.376059 0.280244 0.110984 1.450834 0.845195 0.419848 0.584668 0.240136 -0.719782 0.117076 -0.346893 -0.540034 -0.616013 -0.150077 -0.234228 -0.956636 -0.109942 -0.138830 -0.313289 -0.454943 -0.348528 
1.631860 -0.658019 -0.979613 0.070381 -0.718709 0.180644 -0.112087 0.075877 0.980425 0.535776 2.127555 -0.268114 -0.157021 -0.536233 0.081113 -0.082637 0.064522 -0.637031 -0.414859 -0.556756 -0.559104 -0.601197 -0.993413 -0.322030 -0.643251 
0.137968 0.852629 -0.947242 0.956681 -0.725713 0.105681 0.619810 -0.073117 0.190474 0.982603 0.688041 1.027751 0.236999 0.528572 0.180739 -0.816752 -0.741265 -0.371390 -0.231394 -0.659833 -0.932756 -0.537774 -0.255081 -1.062863 -0.432091 
1.828677 0.350445 0.003493 1.537202 -1.042409 1.290551 1.870826 0.537757 0.387994 1.653655 1.950316 0.903694 0.696953 -0.153155 -0.071562 -0.266305 -0.822016 -0.194829 -0.576759 -0.978690 -0.172299 -0.484041 -0.743547 -0.126404 -0.402735 
1.468364 1.550131 0.421051 1.547302 1.510879 1.282894 0.432986 1.543879 1.432235 0.953382 1.724480 0.484169 -0.466660 -0.136751 0.476574 -0.318167 -0.144106 -0.499752 -0.544332 -0.867106 -0.671340 -0.752157 -1.094735 -0.188504 -0.612928 
1.615356 1.738620 0.540590 1.671391 0.282052 0.306743 1.378896 -0.074651 1.558776 0.263530 -0.227818 0.293293 0.466571 -0.115728 0.021456 0.422853 0.449660 -0.024697 0.162468 -0.632654 -0.406502 -0.490859 -0.973789 -0.502088 -0.921538 
1.539317 1.868414 0.048783 0.759322 0.455657 1.763921 1.029989 0.116832 0.490768 0.846142 1.469473 0.187276 -0.735412 -0.151571 0.195454 0.258501 0.073564 -0.761498 -0.100056 -0.508606 -0.983906 -0.587655 -0.053519 -0.635652 -0.721538 
0.805391 1.044350 1.751142 1.057072 0.498243 1.676078 0.130508 1.877057 0.577835 0.710181 -0.098179 0.245813 -0.046073 -0.198158 0.337896 -0.011806 -0.622425 0.158904 -0.372956 -0.002046 -0.721309 -0.572420 0.098936 -0.254210 -0.088410 
0.696111 0.308707 1.072579 1.592465 1.233628 1.401072 2.127244 1.551147 1.270973 0.246333 1.639720 0.475221 0.598607 -0.249295 0.135508 0.334909 -0.439990 -0.109198 -0.566007 -0.580139 -0.226280 -0.442461 -0.895892 -0.780358 -0.146418 
0.089444 2.014575 1.120441 0.430673 1.678987 1.163656 0.572503 1.822630 1.859627 1.620245 0.930753 0.589898 -0.198896 -0.540764 0.303736 -0.111015 0.219471 -0.489686 0.109726 -0.506195 -0.266573 -0.372619 0.757462 0.581664 -0.911868 
0.934501 1.020226 0.145764 0.849468 1.883871 0.380720 1.547825 0.725140 0.207639 0.211659 1.433794 1.502204 1.018017 0.839943 0.011351 -0.205640 1.027934 0.566802 0.428836 -0.363638 0.154828 0.120311 -0.476166 -0.121709 0.722651 

3 3 3 1 1 1 1 1 1 1 1 1 1 1 1 1 1 1 1 1 1 1 4 4 4 
3 3 3 1 1 1 1 1 1 1 1 1 1 1 1 1 1 1 1 1 1 1 1 1 4 
3 3 3 3 1 1 1 1 1 1 1 1 1 1 1 1 1 1 1 1 1 1 1 1 4 
3 3 3 3 3 1 1 1 1 1 1 1 1 1 1 1 1 1 1 1 1 1 4 4 4 
3 3 3 3 3 1 1 1 1 1 1 1 1 1 1 1 1 1 1 1 1 4 4 4 4 
3 3 3 3 3 3 3 1 1 1 1 1 1 1 1 1 1 1 1 1 1 4 4 4 4 
3 3 3 3 3 3 3 1 1 1 1 1 1 1 1 1 1 1 1 1 4 4 4 4 4 
3 3 3 3 3 3 1 1 1 1 1 1 1 1 1 1 1 1 1 1 4 4 4 4 4 
3 3 3 3 3 3 3 1 1 1 1 1 1 1 1 1 4 4 4 1 1 4 4 4 4 
3 3 3 3 3 3 3 1 1 1 1 1 1 1 1 4 4 4 4 4 4 4 4 4 4 
3 3 3 3 3 3 3 3 1 1 1 1 2 4 4 4 4 4 4 4 4 4 4 4 4 
3 3 3 3 3 3 3 3 3 1 2 2 2 4 4 4 4 4 4 4 4 4 4 4 4 
3 3 3 3 3 3 3 3 1 1 2 2 2 2 2 4 4 4 4 4 4 4 4 4 4 
3 3 3 3 3 3 3 0 1 2 2 2 2 2 2 4 4 4 4 4 4 4 4 4 4 
3 3 3 3 3 3 3 0 0 0 2 2 2 2 2 4 4 4 4 4 4 4 4 4 4 
0 3 3 3 3 3 3 0 0 0 0 2 2 2 2 2 4 4 4 4 4 4 4 4 4 
0 0 3 0 3 3 3 3 0 0 0 0 2 2 2 4 4 4 4 4 4 4 4 4 4 
0 0 3 0 3 0 0 0 0 0 0 2 2 2 2 4 4 4 4 4 4 4 4 4 4 
0 0 0 0 0 0 0 0 0 0 0 2 2 2 2 2 2 4 4 4 4 4 4 4 4 
0 0 0 0 0 0 0 0 0 0 2 2 2 2 2 2 2 2 2 4 4 4 4 4 4 
0 0 0 0 0 0 0 0 0 0 0 2 2 2 2 2 2 4 4 4 4 4 4 4 4 
0 0 0 0 0 0 0 0 0 0 2 2 2 2 2 2 2 2 4 4 4 4 4 4 4 
0 0 0 0 0 0 0 0 0 0 0 2 2 2 2 2 2 2 4 4 4 4 4 2 4 
0 0 0 0 0 0 0 0 0 0 0 2 2 2 2 2 2 2 2 4 4 2 2 2 2 
0 0 0 0 0 0 0 0 0 0 0 0 0 0 2 2 2 2 2 2 2 2 2 2 2 

-2.0 -2.0 -2.0 2.0 2.0 2.0 2.0 2.0 2.0 2.0 2.0 2.0 2.0 2.0 2.0 2.0 2.0 2.0 2.0 2.0 2.0 2.0 -1.0 -1.0 -1.0 
-2.0 -2.0 -2.0 2.0 2.0 2.0 2.0 2.0 2.0 2.0 2.0 2.0 2.0 2.0 2.0 2.0 2.0 2.0 2.0 2.0 2.0 2.0 2.0 2.0 -1.0 
-2.0 -2.0 -2.0 -2.0 2.0 2.0 2.0 2.0 2.0 2.0 2.0 2.0 2.0 2.0 2.0 2.0 2.0 2.0 2.0 2.0 2.0 2.0 2.0 2.0 -1.0 
-2.0 -2.0 -2.0 -2.0 -2.0 2.0 2.0 2.0 2.0 2.0 2.0 2.0 2.0 2.0 2.0 2.0 2.0 2.0 2.0 2.0 2.0 2.0 -1.0 -1.0 -1.0 
-2.0 -2.0 -2.0 -2.0 -2.0 2.0 2.0 2.0 2.0 2.0 2.0 2.0 2.0 2.0 2.0 2.0 2.0 2.0 2.0 2.0 2.0 -1.0 -1.0 -1.0 -1.0 
-2.0 -2.0 -2.0 -2.0 -2.0 -2.0 -2.0 2.0 2.0 2.0 2.0 2.0 2.0 2.0 2.0 2.0 2.0 2.0 2.0 2.0 2.0 -1.0 -1.0 -1.0 -1.0 
-2.0 -2.0 -2.0 -2.0 -2.0 -2.0 -2.0 2.0 2.0 2.0 2.0 2.0 2.0 2.0 2.0 2.0 2.0 2.0 2.0 2.0 -1.0 -1.0 -1.0 -1.0 -1.0 
-2.0 -2.0 -2.0 -2.0 -2.0 -2.0 2.0 2.0 2.0 2.0 2.0 2.0 2.0 2.0 2.0 2.0 2.0 2.0 2.0 2.0 -1.0 -1.0 -1.0 -1.0 -1.0 
-2.0 -2.0 -2.0 -2.0 -2.0 -2.0 -2.0 2.0 2.0 2.0 2.0 2.0 2.0 2.0 2.0 2.0 -1.0 -1.0 -1.0 2.0 2.0 -1.0 -1.0 -1.0 -1.0 
-2.0 -2.0 -2.0 -2.0 -2.0 -2.0 -2.0 2.0 2.0 2.0 2.0 2.0 2.0 2.0 2.0 -1.0 -1.0 -1.0 -1.0 -1.0 -1.0 -1.0 -1.0 -1.0 -1.0 
-2.0 -2.0 -2.0 -2.0 -2.0 -2.0 -2.0 -2.0 2.0 2.0 2.0 2.0 1.0 -1.0 -1.0 -1.0 -1.0 -1.0 -1.0 -1.0 -1.0 -1.0 -1.0 -1.0 -1.0 
-2.0 -2.0 -2.0 -2.0 -2.0 -2.0 -2.0 -2.0 -2.0 2.0 1.0 1.0 1.0 -1.0 -1.0 -1.0 -1.0 -1.0 -1.0 -1.0 -1.0 -1.0 -1.0 -1.0 -1.0 
-2.0 -2.0 -2.0 -2.0 -2.0 -2.0 -2.0 -2.0 2.0 2.0 1.0 1.0 1.0 1.0 1.0 -1.0 -1.0 -1.0 -1.0 -1.0 -1.0 -1.0 -1.0 -1.0 -1.0 
-2.0 -2.0 -2.0 -2.0 -2.0 -2.0 -2.0 0.0 2.0 1.0 1.0 1.0 1.0 1.0 1.0 -1.0 -1.0 -1.0 -1.0 -1.0 -1.0 -1.0 -1.0 -1.0 -1.0 
-2.0 -2.0 -2.0 -2.0 -2.0 -2.0 -2.0 0.0 0.0 0.0 1.0 1.0 1.0 1.0 1.0 -1.0 -1.0 -1.0 -1.0 -1.0 -1.0 -1.0 -1.0 -1.0 -1.0 
0.0 -2.0 -2.0 -2.0 -2.0 -2.0 -2.0 0.0 0.0 0.0 0.0 1.0 1.0 1.0 1.0 1.0 -1.0 -1.0 -1.0 -1.0 -1.0 -1.0 -1.0 -1.0 -1.0 
0.0 0.0 -2.0 0.0 -2.0 -2.0 -2.0 -2.0 0.0 0.0 0.0 0.0 1.0 1.0 1.0 -1.0 -1.0 -1.0 -1.0 -1.0 -1.0 -1.0 -1.0 -1.0 -1.0 
0.0 0.0 -2.0 0.0 -2.0 0.0 0.0 0.0 0.0 0.0 0.0 1.0 1.0 1.0 1.0 -1.0 -1.0 -1.0 -1.0 -1.0 -1.0 -1.0 -1.0 -1.0 -1.0 
0.0 0.0 0.0 0.0 0.0 0.0 0.0 0.0 0.0 0.0 0.0 1.0 1.0 1.0 1.0 1.0 1.0 -1.0 -1.0 -1.0 -1.0 -1.0 -1.0 -1.0 -1.0 
0.0 0.0 0.0 0.0 0.0 0.0 0.0 0.0 0.0 0.0 1.0 1.0 1.0 1.0 1.0 1.0 1.0 1.0 1.0 -1.0 -1.0 -1.0 -1.0 -1.0 -1.0 
0.0 0.0 0.0 0.0 0.0 0.0 0.0 0.0 0.0 0.0 0.0 1.0 1.0 1.0 1.0 1.0 1.0 -1.0 -1.0 -1.0 -1.0 -1.0 -1.0 -1.0 -1.0 
0.0 0.0 0.0 0.0 0.0 0.0 0.0 0.0 0.0 0.0 1.0 1.0 1.0 1.0 1.0 1.0 1.0 1.0 -1.0 -1.0 -1.0 -1.0 -1.0 -1.0 -1.0 
0.0 0.0 0.0 0.0 0.0 0.0 0.0 0.0 0.0 0.0 0.0 1.0 1.0 1.0 1.0 1.0 1.0 1.0 -1.0 -1.0 -1.0 -1.0 -1.0 1.0 -1.0 
0.0 0.0 0.0 0.0 0.0 0.0 0.0 0.0 0.0 0.0 0.0 1.0 1.0 1.0 1.0 1.0 1.0 1.0 1.0 -1.0 -1.0 1.0 1.0 1.0 1.0 
0.0 0.0 0.0 0.0 0.0 0.0 0.0 0.0 0.0 0.0 0.0 0.0 0.0 0.0 1.0 1.0 1.0 1.0 1.0 1.0 1.0 1.0 1.0 1.0 1.0 

1.0 1.0 1.0 -2.0 -2.0 -2.0 -2.0 -2.0 -2.0 -2.0 -2.0 -2.0 -2.0 -2.0 -2.0 -2.0 -2.0 -2.0 -2.0 -2.0 -2.0 -2.0 0.0 0.0 0.0 
1.0 1.0 1.0 -2.0 -2.0 -2.0 -2.0 -2.0 -2.0 -2.0 -2.0 -2.0 -2.0 -2.0 -2.0 -2.0 -2.0 -2.0 -2.0 -2.0 -2.0 -2.0 -2.0 -2.0 0.0 
1.0 1.0 1.0 1.0 -2.0 -2.0 -2.0 -2.0 -2.0 -2.0 -2.0 -2.0 -2.0 -2.0 -2.0 -2.0 -2.0 -2.0 -2.0 -2.0 -2.0 -2.0 -2.0 -2.0 0.0 
1.0 1.0 1.0 1.0 1.0 -2.0 -2.0 -2.0 -2.0 -2.0 -2.0 -2.0 -2.0 -2.0 -2.0 -2.0 -2.0 -2.0 -2.0 -2.0 -2.0 -2.0 0.0 0.0 0.0 
1.0 1.0 1.0 1.0 1.0 -2.0 -2.0 -2.0 -2.0 -2.0 -2.0 -2.0 -2.0 -2.0 -2.0 -2.0 -2.0 -2.0 -2.0 -2.0 -2.0 0.0 0.0 0.0 0.0 
1.0 1.0 1.0 1.0 1.0 1.0 1.0 -2.0 -2.0 -2.0 -2.0 -2.0 -2.0 -2.0 -2.0 -2.0 -2.0 -2.0 -2.0 -2.0 -2.0 0.0 0.0 0.0 0.0 
1.0 1.0 1.0 1.0 1.0 1.0 1.0 -2.0 -2.0 -2.0 -2.0 -2.0 -2.0 -2.0 -2.0 -2.0 -2.0 -2.0 -2.0 -2.0 0.0 0.0 0.0 0.0 0.0 
1.0 1.0 1.0 1.0 1.0 1.0 -2.0 -2.0 -2.0 -2.0 -2.0 -2.0 -2.0 -2.0 -2.0 -2.0 -2.0 -2.0 -2.0 -2.0 0.0 0.0 0.0 0.0 0.0 
1.0 1.0 1.0 1.0 1.0 1.0 1.0 -2.0 -2.0 -2.0 -2.0 -2.0 -2.0 -2.0 -2.0 -2.0 0.0 0.0 0.0 -2.0 -2.0 0.0 0.0 0.0 0.0 
1.0 1.0 1.0 1.0 1.0 1.0 1.0 -2.0 -2.0 -2.0 -2.0 -2.0 -2.0 -2.0 -2.0 0.0 0.0 0.0 0.0 0.0 0.0 0.0 0.0 0.0 0.0 
1.0 1.0 1.0 1.0 1.0 1.0 1.0 1.0 -2.0 -2.0 -2.0 -2.0 -1.0 0.0 0.0 0.0 0.0 0.0 0.0 0.0 0.0 0.0 0.0 0.0 0.0 
1.0 1.0 1.0 1.0 1.0 1.0 1.0 1.0 1.0 -2.0 -1.0 -1.0 -1.0 0.0 0.0 0.0 0.0 0.0 0.0 0.0 0.0 0.0 0.0 0.0 0.0 
1.0 1.0 1.0 1.0 1.0 1.0 1.0 1.0 -2.0 -2.0 -1.0 -1.0 -1.0 -1.0 -1.0 0.0 0.0 0.0 0.0 0.0 0.0 0.0 0.0 0.0 0.0 
1.0 1.0 1.0 1.0 1.0 1.0 1.0 2.0 -2.0 -1.0 -1.0 -1.0 -1.0 -1.0 -1.0 0.0 0.0 0.0 0.0 0.0 0.0 0.0 0.0 0.0 0.0 
1.0 1.0 1.0 1.0 1.0 1.0 1.0 2.0 2.0 2.0 -1.0 -1.0 -1.0 -1.0 -1.0 0.0 0.0 0.0 0.0 0.0 0.0 0.0 0.0 0.0 0.0 
2.0 1.0 1.0 1.0 1.0 1.0 1.0 2.0 2.0 2.0 2.0 -1.0 -1.0 -1.0 -1.0 -1.0 0.0 0.0 0.0 0.0 0.0 0.0 0.0 0.0 0.0 
2.0 2.0 1.0 2.0 1.0 1.0 1.0 1.0 2.0 2.0 2.0 2.0 -1.0 -1.0 -1.0 0.0 0.0 0.0 0.0 0.0 0.0 0.0 0.0 0.0 0.0 
2.0 2.0 1.0 2.0 1.0 2.0 2.0 2.0 2.0 2.0 2.0 -1.0 -1.0 -1.0 -1.0 0.0 0.0 0.0 0.0 0.0 0.0 0.0 0.0 0.0 0.0 
2.0 2.0 2.0 2.0 2.0 2.0 2.0 2.0 2.0 2.0 2.0 -1.0 -1.0 -1.0 -1.0 -1.0 -1.0 0.0 0.0 0.0 0.0 0.0 0.0 0.0 0.0 
2.0 2.0 2.0 2.0 2.0 2.0 2.0 2.0 2.0 2.0 -1.0 -1.0 -1.0 -1.0 -1.0 -1.0 -1.0 -1.0 -1.0 0.0 0.0 0.0 0.0 0.0 0.0 
2.0 2.0 2.0 2.0 2.0 2.0 2.0 2.0 2.0 2.0 2.0 -1.0 -1.0 -1.0 -1.0 -1.0 -1.0 0.0 0.0 0.0 0.0 0.0 0.0 0.0 0.0 
2.0 2.0 2.0 2.0 2.0 2.0 2.0 2.0 2.0 2.0 -1.0 -1.0 -1.0 -1.0 -1.0 -1.0 -1.0 -1.0 0.0 0.0 0.0 0.0 0.0 0.0 0.0 
2.0 2.0 2.0 2.0 2.0 2.0 2.0 2.0 2.0 2.0 2.0 -1.0 -1.0 -1.0 -1.0 -1.0 -1.0 -1.0 0.0 0.0 0.0 0.0 0.0 -1.0 0.0 
2.0 2.0 2.0 2.0 2.0 2.0 2.0 2.0 2.0 2.0 2.0 -1.0 -1.0 -1.0 -1.0 -1.0 -1.0 -1.0 -1.0 0.0 0.0 -1.0 -1.0 -1.0 -1.0 
2.0 2.0 2.0 2.0 2.0 2.0 2.0 2.0 2.0 2.0 2.0 2.0 2.0 2.0 -1.0 -1.0 -1.0 -1.0 -1.0 -1.0 -1.0 -1.0 -1.0 -1.0 -1.0 

