0.940605 0.946592 0.554612 0.857337 0.100104 0.719760 0.695227 0.932320 0.241500 0.573117 0.591924 0.544041 0.413984 0.354994 0.278557 0.711978 0.917431 0.117942 0.263576 0.645447 0.467532 0.254358 0.843979 0.432560 0.808455 
0.131727 0.423085 0.195662 0.161136 0.138918 0.440683 0.324214 0.378274 0.357372 0.341474 0.595829 0.441288 0.432665 0.319177 0.256245 0.989190 0.502395 0.885261 0.759562 0.576067 0.537836 0.849743 0.944896 0.889937 0.437167 
0.207381 0.347259 0.629565 0.926650 0.319882 0.148229 0.806728 0.508800 0.971510 0.302754 0.618576 0.887586 0.080454 0.445620 0.198509 0.117126 0.562882 0.939743 0.091741 0.220317 0.349003 0.011951 0.665131 0.599062 0.636056 
0.913845 0.602798 0.292546 0.285635 0.335017 0.998279 0.137049 0.336422 0.806774 0.884485 0.400442 0.275853 0.343206 0.443409 0.149960 0.500129 0.177391 0.967473 0.069223 0.828739 0.516749 0.731835 0.615752 0.102045 0.638083 
0.367260 0.318942 0.688827 0.990980 0.780129 0.163614 0.138287 0.490551 0.344856 0.799155 0.563607 0.070847 0.397490 0.754884 0.234853 0.377916 0.651991 0.068766 0.208518 0.858845 0.537904 0.288206 0.504882 0.340913 0.007778 
0.021686 0.250044 0.495726 0.566813 0.982723 0.626485 0.134020 0.239856 0.386063 0.339331 0.625427 0.796882 0.103970 0.950327 0.754854 0.498325 0.911065 0.203391 0.994043 0.621505 0.679138 0.528231 0.668297 0.719276 0.028622 
0.780062 0.066188 0.718325 0.920348 0.898707 0.111565 0.226808 0.500208 0.682743 0.618070 0.429396 0.094593 0.836431 0.443610 0.716323 0.591233 0.247180 0.697665 0.442476 0.342044 0.528217 0.278619 0.440650 0.586381 0.724828 
0.611116 0.292670 0.244617 0.401771 0.422404 0.813781 0.746224 0.248304 0.870449 0.315654 0.842422 0.709325 0.039311 0.527742 0.928687 0.371709 0.316837 0.923481 0.360951 0.981960 0.955608 0.432617 0.941519 0.331727 0.452605 
0.994631 0.058014 0.209097 0.582920 0.819118 0.258111 0.074342 0.464459 0.921766 0.906287 0.533702 0.659240 0.890682 0.152095 0.164191 0.610132 0.884153 0.398446 0.009420 0.039239 0.268011 0.172942 0.445551 0.730670 0.479370 
0.246374 0.296604 0.010095 0.416134 0.877174 0.448732 0.843958 0.890439 0.208245 0.461503 0.139141 0.241948 0.088811 0.805483 0.338947 0.298985 0.453412 0.664067 0.519326 0.886209 0.632436 0.959856 0.877322 0.648222 0.087804 
0.621009 0.920416 0.909846 0.424991 0.475765 0.300081 0.055102 0.779440 0.629258 0.394663 0.156612 0.867668 0.109862 0.032337 0.722327 0.829607 0.912800 0.573883 0.900239 0.360894 0.193078 0.696209 0.382358 0.854288 0.198302 
0.618070 0.694928 0.862855 0.154160 0.458544 0.650398 0.738708 0.035452 0.550451 0.476195 0.831566 0.952712 0.938570 0.530096 0.833940 0.870633 0.106489 0.446746 0.513637 0.646639 0.429322 0.252270 0.343686 0.858887 0.896885 
0.810958 0.812661 0.406657 0.429903 0.122881 0.353943 0.926400 0.348731 0.550306 0.490090 0.324166 0.361074 0.363435 0.335777 0.414387 0.702102 0.406068 0.621335 0.494312 0.620354 0.446981 0.205256 0.757513 0.446009 0.233058 
0.114966 0.071231 0.310524 0.603393 0.217515 0.053300 0.582282 0.145513 0.528124 0.258185 0.965746 0.306208 0.281847 0.583376 0.782417 0.411932 0.126333 0.106771 0.772104 0.350311 0.207007 0.070554 0.558448 0.347975 0.070462 
0.393414 0.438269 0.104705 0.022110 0.409334 0.510905 0.354660 0.684618 0.656418 0.904680 0.405571 0.283629 0.732539 0.346235 0.774361 0.197034 0.957945 0.806058 0.829376 0.081998 0.849448 0.131614 0.708450 0.152894 0.717086 
0.824389 0.622696 0.529895 0.611607 0.381360 0.321766 0.235632 0.248587 0.379644 0.105926 0.209313 0.375220 0.331567 0.899633 0.462600 0.501212 0.587971 0.730770 0.988524 0.611263 0.942922 0.615234 0.124408 0.854316 0.491585 
0.046084 0.284305 0.530856 0.240277 0.178249 0.854860 0.247115 0.442832 0.547940 0.486325 0.771034 0.466423 0.316779 0.980156 0.296163 0.996762 0.149581 0.370406 0.287392 0.000277 0.879255 0.400324 0.521813 0.614045 0.824705 
0.260049 0.175892 0.528188 0.675318 0.453487 0.634012 0.594954 0.246064 0.983854 0.003601 0.738636 0.708628 0.570645 0.199948 0.802599 0.423686 0.994817 0.755573 0.173454 0.393767 0.976333 0.949749 0.961004 0.916698 0.381171 
0.490162 0.567422 0.256482 0.389504 0.999095 0.406820 0.004998 0.047524 0.361326 0.974849 0.828926 0.869762 0.204532 0.327944 0.476671 0.516877 0.068307 0.057258 0.788908 0.935167 0.520555 0.176806 0.388465 0.754616 0.212982 
0.054404 0.576719 0.022706 0.763502 0.711077 0.476870 0.632555 0.405066 0.058924 0.777428 0.243698 0.646382 0.222780 0.158188 0.563281 0.947496 0.761989 0.459596 0.877034 0.089719 0.655629 0.826340 0.084156 0.443618 0.423765 
0.739160 0.415909 0.637722 0.642894 0.357409 0.797380 0.839130 0.821255 0.647832 0.514393 0.073115 0.127368 0.568924 0.932380 0.522399 0.890984 0.764770 0.864004 0.902471 0.081320 0.347688 0.706270 0.052265 0.665727 0.682840 
0.358248 0.109390 0.720201 0.367322 0.735513 0.840864 0.781338 0.726146 0.321981 0.050417 0.716858 0.320249 0.535600 0.741037 0.179065 0.101882 0.772533 0.348457 0.277854 0.155701 0.748027 0.520031 0.858303 0.091853 0.834750 
0.671437 0.180067 0.468738 0.686465 0.467130 0.898111 0.213133 0.372498 0.283480 0.024180 0.766875 0.926809 0.334764 0.666925 0.237895 0.089189 0.906051 0.513734 0.521149 0.233780 0.792083 0.476678 0.787772 0.633767 0.108035 
0.039137 0.980443 0.181790 0.841826 0.995893 0.765233 0.964627 0.227621 0.499941 0.912411 0.525893 0.966454 0.279587 0.246675 0.180870 0.901131 0.391554 0.326782 0.023491 0.064436 0.237500 0.885379 0.900259 0.624184 0.686058 
0.464686 0.357593 0.020811 0.792864 0.956411 0.034594 0.019638 0.286065 0.228813 0.926032 0.374472 0.035792 0.135837 0.951232 0.842459 0.448176 0.002924 0.043339 0.925744 0.510041 0.720619 0.650431 0.612453 0.720948 0.639297 

0.289972 0.737999 0.035402 0.017662 0.670026 0.110039 0.487822 0.911408 0.029549 0.383952 0.940804 0.749639 0.964404 0.930612 0.120771 0.208910 0.223768 0.592870 0.808244 0.488696 0.026096 0.352714 0.790651 0.393802 0.898202 
0.468368 0.643967 0.150629 0.253508 0.372360 0.712580 0.409705 0.644247 0.516442 0.887615 0.136285 0.377873 0.987750 0.314817 0.831190 0.485912 0.658600 0.293698 0.401522 0.211346 0.157339 0.076542 0.473249 0.220451 0.001627 
0.230531 0.658651 0.228467 0.732660 0.470219 0.163377 0.368231 0.243220 0.764288 0.094078 0.043587 0.919897 0.112592 0.382390 0.207255 0.335183 0.394372 0.490778 0.054665 0.133757 0.840535 0.157506 0.738368 0.147183 0.024261 
0.530258 0.165684 0.842125 0.561286 0.041308 0.207747 0.428429 0.269655 0.449487 0.407728 0.619552 0.978494 0.308098 0.763842 0.439272 0.225083 0.581901 0.312301 0.837701 0.094143 0.305933 0.008999 0.396128 0.799010 0.360527 
0.815667 0.791270 0.489241 0.847320 0.546307 0.586211 0.311000 0.620003 0.638857 0.155562 0.519585 0.587281 0.985200 0.790055 0.445086 0.260254 0.924316 0.717329 0.286744 0.404986 0.837182 0.215065 0.758163 0.372701 0.463414 
0.728491 0.477594 0.275267 0.161532 0.144176 0.053949 0.107095 0.236586 0.917442 0.664530 0.460858 0.402001 0.167843 0.095986 0.712800 0.139254 0.957277 0.182285 0.957681 0.301082 0.537639 0.411833 0.845892 0.421845 0.564179 
0.974324 0.955350 0.772724 0.052037 0.986828 0.198605 0.935224 0.018032 0.935022 0.614907 0.050104 0.838952 0.779705 0.377326 0.427710 0.510805 0.631906 0.896419 0.530616 0.389047 0.644813 0.684481 0.830433 0.756207 0.807521 
0.739279 0.390085 0.812576 0.170816 0.534015 0.993986 0.630209 0.622747 0.053514 0.159555 0.236958 0.839059 0.407655 0.642122 0.785322 0.621242 0.686766 0.129806 0.980282 0.089927 0.221486 0.391544 0.931710 0.220844 0.848517 
0.258853 0.656743 0.010868 0.855474 0.113081 0.432435 0.401541 0.542992 0.581918 0.184622 0.018238 0.324831 0.715723 0.369268 0.111877 0.656727 0.583885 0.655481 0.511240 0.013510 0.552362 0.126627 0.017605 0.192030 0.140798 
0.570405 0.647137 0.273723 0.622746 0.203391 0.655496 0.833751 0.610894 0.704908 0.414193 0.567778 0.812149 0.141884 0.475424 0.941716 0.709242 0.130193 0.040908 0.890166 0.964720 0.088582 0.333733 0.696925 0.127107 0.622950 
0.304532 0.596032 0.369887 0.747773 0.706008 0.926568 0.618457 0.294106 0.852246 0.117230 0.905209 0.571101 0.398027 0.630029 0.066368 0.449999 0.354052 0.258234 0.533331 0.414517 0.886161 0.786436 0.637363 0.116531 0.201542 
0.603934 0.604445 0.740073 0.814751 0.943429 0.302659 0.035226 0.175453 0.774984 0.234603 0.349857 0.786199 0.378909 0.725325 0.257184 0.813437 0.506374 0.117372 0.014435 0.456505 0.874631 0.258036 0.421792 0.932838 0.572714 
0.190410 0.874079 0.681445 0.890750 0.900075 0.953909 0.751050 0.069479 0.590647 0.971001 0.798599 0.296395 0.985114 0.149720 0.245577 0.736202 0.472449 0.793754 0.358775 0.050952 0.865140 0.289943 0.841637 0.537062 0.444132 
0.764849 0.055244 0.912566 0.605391 0.249031 0.457829 0.190206 0.321101 0.494297 0.573765 0.781664 0.562463 0.925512 0.529690 0.266285 0.412847 0.634878 0.381007 0.600152 0.060096 0.183228 0.061295 0.417177 0.477039 0.400459 
0.587260 0.466742 0.024158 0.029027 0.200054 0.145304 0.415669 0.222368 0.962256 0.607182 0.705267 0.056930 0.622785 0.734557 0.974454 0.852654 0.769726 0.629161 0.877179 0.498677 0.802170 0.173533 0.473755 0.221101 0.570683 
0.981041 0.959796 0.960860 0.837220 0.906789 0.235071 0.412840 0.989966 0.706794 0.594760 0.393980 0.240813 0.570518 0.833592 0.902422 0.943324 0.942474 0.445099 0.617105 0.120101 0.644977 0.898502 0.319786 0.065618 0.819313 
0.761504 0.883729 0.584059 0.581601 0.258215 0.885148 0.870679 0.158776 0.136576 0.207484 0.819370 0.108196 0.051300 0.964750 0.492775 0.140298 0.639692 0.215212 0.333826 0.133631 0.457484 0.018854 0.873473 0.553998 0.260598 
0.918731 0.174595 0.630145 0.439902 0.243618 0.062236 0.068743 0.088713 0.947949 0.573766 0.530878 0.295752 0.840118 0.054131 0.280122 0.705506 0.952453 0.290219 0.059940 0.011396 0.753001 0.864624 0.700960 0.599186 0.859366 
0.919558 0.826888 0.041301 0.490235 0.516214 0.044432 0.876458 0.259627 0.776952 0.628882 0.800077 0.189950 0.867924 0.823768 0.777946 0.314607 0.823956 0.748816 0.146727 0.578811 0.557802 0.853468 0.745201 0.598849 0.869694 
0.513673 0.594466 0.951414 0.292282 0.419192 0.461033 0.624179 0.370760 0.827560 0.693814 0.669299 0.196388 0.970371 0.416703 0.677991 0.251903 0.670660 0.784792 0.162535 0.473474 0.343857 0.437068 0.171485 0.934784 0.207053 
0.378758 0.150496 0.091926 0.559230 0.548613 0.691716 0.748384 0.580449 0.579889 0.051244 0.300046 0.102262 0.119037 0.167327 0.893865 0.761280 0.801924 0.835844 0.401720 0.819927 0.967294 0.154183 0.630265 0.478567 0.658236 
0.422179 0.669596 0.228087 0.448839 0.072971 0.822767 0.943484 0.005371 0.616161 0.401610 0.709194 0.296447 0.338724 0.174072 0.692434 0.006949 0.925658 0.103047 0.578944 0.331184 0.168992 0.184670 0.791533 0.736241 0.007868 
0.450164 0.002178 0.777751 0.070635 0.879168 0.898223 0.668252 0.946133 0.944812 0.162752 0.346106 0.631198 0.064990 0.513555 0.465614 0.644460 0.750465 0.413728 0.857454 0.234117 0.001205 0.448489 0.016433 0.652329 0.121736 
0.211070 0.796618 0.169874 0.564741 0.307389 0.834419 0.855218 0.758797 0.593175 0.163258 0.926093 0.604967 0.422402 0.025200 0.866269 0.951869 0.342503 0.769478 0.559396 0.910013 0.314507 0.991142 0.371618 0.045317 0.386047 
0.503351 0.036590 0.400711 0.942293 0.722784 0.316320 0.990907 0.459830 0.033833 0.837088 0.645468 0.957507 0.493492 0.101597 0.186077 0.118425 0.706915 0.004792 0.991403 0.241233 0.395696 0.366783 0.425608 0.230558 0.462332 

1.033677 1.168823 -0.107326 0.395215 0.480466 0.180460 0.873515 1.172605 0.633372 0.425356 0.947127 0.619687 1.010712 1.235550 -0.275547 0.900675 0.004444 0.170753 0.621405 0.670748 0.341268 0.550647 1.241482 0.469186 0.594496 
-0.849818 0.063320 0.553884 0.165360 0.590320 0.361761 0.256915 0.685759 0.433742 1.047950 -0.557950 0.648425 0.976547 0.241893 0.462061 0.054281 0.630238 -0.411218 0.079986 -0.276829 0.354518 0.164537 0.788409 0.284778 -0.019365 
0.532225 -0.031350 0.209017 0.429882 0.300623 0.639646 -0.336863 0.082647 0.991489 -0.349600 -0.261982 0.716597 0.378094 -0.125100 0.311683 0.175324 0.283071 0.506561 -0.141585 0.200499 0.814836 -0.029349 1.190335 0.527042 -0.415644 
0.693951 0.312587 -0.585164 -0.296048 0.000180 0.059598 0.706353 -0.044851 0.442054 0.614609 0.328643 0.921497 -0.438887 0.569304 0.330643 -0.029253 0.226988 0.078361 0.500033 -0.353022 0.678618 -0.319137 0.391715 0.668937 0.064863 
-0.284400 -0.850858 -0.045967 0.807447 0.575442 0.240089 0.508910 0.641955 0.774274 0.121053 0.444976 0.525223 0.882745 0.633937 0.232857 0.466511 0.575138 0.870719 0.556284 0.866444 0.965607 -0.114132 0.651327 0.107117 0.585826 
-0.808900 -0.331464 0.284763 0.782416 1.298989 0.697248 -0.466884 0.272674 1.114912 0.372350 0.478496 1.122671 0.532848 0.003316 0.879140 0.031291 1.095928 0.199393 0.747648 0.557167 0.194618 0.413377 0.705826 0.307269 0.653342 
-0.738761 -1.151663 -0.148747 0.895750 0.179274 -0.412283 -0.516863 -0.089646 0.941872 0.364280 0.200358 0.670625 0.719094 0.493755 0.681884 0.640510 0.905537 0.846566 0.532398 0.537199 0.294827 0.480391 1.051316 0.562781 0.343844 
-0.394772 -0.114695 -0.176062 0.421574 -0.417966 -0.046278 0.082658 -0.116353 0.274725 0.155189 0.235987 0.553138 0.803628 0.570983 0.260008 0.416715 -0.072792 -0.163910 0.847770 0.047193 0.320196 0.424639 1.125118 0.465589 0.649968 
-3.299409 -1.069687 0.325832 -0.390024 0.453513 -0.339930 -0.260508 0.090131 0.406014 0.661510 -0.139893 0.694201 0.753940 0.288771 0.268727 0.511357 -0.008188 0.674512 0.496135 0.371811 0.678003 0.138775 0.177886 0.022317 0.318359 
-2.142781 -0.316339 -0.054820 -0.444774 0.426754 -0.348471 -0.270218 0.466084 -0.046237 0.299526 0.560550 0.626479 0.403883 0.656910 1.425716 0.334462 0.145943 0.149483 0.499111 0.539179 0.051569 1.097679 1.268248 0.243765 0.689639 
-1.847318 0.558087 0.286770 -0.765078 -0.187498 -0.405566 -0.162427 0.703777 -0.691040 0.510098 -0.368546 0.862205 0.888397 1.130532 -0.445158 0.465774 0.523880 0.374409 1.007674 1.019003 0.667822 0.599600 0.964786 0.287912 0.222229 
-3.144914 -2.993175 0.000617 -0.498790 -0.383631 0.236706 0.221985 0.206817 0.108233 0.000214 0.685259 0.136064 0.309440 0.902673 0.288457 0.885482 0.619917 -0.296084 -0.324026 0.437600 0.940801 -0.196389 0.670552 1.430907 0.561709 
-1.754213 -3.277698 -0.341964 -0.378287 -1.084556 -0.995406 0.420201 0.351525 0.526389 -0.561815 -0.477823 -0.007215 -0.866058 0.681103 0.760708 0.303047 0.037701 0.457565 -0.112150 0.057704 0.724484 0.162761 0.504696 0.805149 0.798974 
-1.417996 -0.319832 -0.752465 -0.076513 0.296228 -0.261096 0.162577 0.071835 -0.886911 -0.494780 0.215484 -0.500262 -0.343938 0.139916 0.392018 0.483829 0.586709 0.877057 0.385986 -0.044149 0.283703 0.482432 0.984755 0.441952 0.254348 
-1.785346 -1.856942 -0.612544 -0.135684 -0.270553 0.303646 0.124023 0.490304 -0.325231 0.388049 -0.356513 0.057627 0.393890 0.036775 -0.506476 1.086995 0.906439 0.759779 0.918034 0.129011 1.014423 0.328376 0.561550 0.167601 0.518490 
-3.374806 -2.709537 -2.806396 -0.428430 0.103187 0.285841 -0.011731 -0.493376 -0.005379 -0.369937 -0.054248 0.156890 0.213231 0.221911 -0.351945 -0.419179 1.097573 0.438385 0.348808 0.255436 0.848891 0.867288 0.578580 -0.121759 0.684224 
-1.681027 -2.279739 -2.184158 -0.819811 -0.450851 0.143001 -1.295559 0.815773 0.554946 0.614722 0.276960 0.455252 0.197119 -0.476277 -0.076618 0.933509 -0.681071 0.359374 0.525016 0.119835 0.672410 -0.461924 0.721490 1.159567 1.575924 
-2.343650 -0.545952 -1.987336 -2.457725 0.142868 0.316071 0.783625 -0.176884 -0.126738 -0.257833 -0.196796 0.101855 -0.668928 0.510173 0.596985 0.297433 -0.007697 -0.035565 -0.390443 -0.327747 0.307863 0.927039 0.029133 1.770232 -0.168963 
-2.477984 -2.498147 -0.728218 -1.933260 0.678570 0.203218 -0.599852 -0.422997 -0.803351 0.015702 -0.022778 0.840351 -0.756158 -0.480769 -0.270395 0.258109 -1.030463 1.448847 -0.361282 -0.017538 1.158331 1.841703 0.875274 2.247394 0.388287 
-0.985724 -2.655136 -2.172959 -2.385448 0.029948 0.083768 -0.303836 -0.590663 -0.632755 -0.009019 -0.390889 1.232438 -0.985923 -0.495961 -0.152642 0.905998 -0.092231 0.797323 -0.339366 0.953108 0.303650 0.205686 0.266155 1.211229 0.920009 
-2.354658 -1.138748 -1.699284 -2.432680 -2.057305 0.240511 -0.321929 0.349091 0.249819 0.453401 -0.330792 -0.292163 0.427505 1.095954 -0.808409 0.421971 0.900347 0.099704 0.237360 1.690175 1.699560 -0.439031 1.165727 1.235475 1.433721 
-1.254904 -1.224218 -1.992262 -1.849643 -1.394404 -0.510348 -0.109003 -0.091488 -0.193278 -0.750526 -0.317256 -0.623430 0.084252 0.825748 -0.736753 -0.179018 1.359396 -0.167633 0.657801 0.474374 -0.485849 0.213623 0.670632 -0.327214 1.295077 
-2.321235 -0.066481 -2.323923 -1.543671 -2.526248 -0.119187 -0.821534 -0.358473 -1.242652 0.019553 -0.087038 -0.259099 0.310584 0.702143 -0.302795 1.739189 0.844638 0.456720 1.601905 -0.057601 -0.989862 0.400196 -0.724308 0.798153 0.569737 
-0.987218 -3.586933 -0.484465 -2.915820 -2.649355 -2.734396 0.196538 -0.704651 0.113772 0.409435 -0.743839 0.618256 -0.436645 0.417440 1.654084 0.915577 0.612741 1.183099 0.670672 1.586351 -0.155744 0.581876 -0.199549 1.112956 1.293854 
-2.179679 -0.785042 -1.022453 -4.040475 -2.932707 -0.917497 -1.150111 -0.186367 0.177165 -0.463795 -0.346642 -0.492232 -0.547332 1.198276 -0.620059 -0.144828 1.642497 -0.259270 1.023370 -0.063171 -0.368643 0.156627 -0.574002 1.629004 1.294737 

1 0 0 0 0 0 0 0 0 0 0 0 0 0 0 0 0 0 0 0 0 0 0 0 0 
1 1 0 0 0 0 0 0 0 0 0 0 0 0 0 0 0 0 0 0 0 0 0 0 0 
1 1 1 0 0 0 0 0 0 0 0 0 0 0 0 0 0 0 0 0 0 0 0 0 0 
1 1 1 1 0 0 0 0 0 0 0 0 0 0 0 0 0 0 0 0 0 0 0 0 0 
1 1 1 1 1 0 0 0 0 0 0 0 0 0 0 0 0 0 0 0 0 0 0 0 0 
1 1 1 1 1 1 0 0 0 0 0 0 0 0 0 0 0 0 0 0 0 0 0 0 0 
1 1 1 1 1 1 1 0 0 0 0 0 0 0 0 0 0 0 0 0 0 0 0 0 0 
1 1 1 1 1 1 1 1 0 0 0 0 0 0 0 0 0 0 0 0 0 0 0 0 0 
3 1 1 1 1 1 1 1 1 0 0 0 0 0 0 0 0 0 0 0 0 0 0 0 0 
3 1 1 1 1 1 1 1 1 1 0 0 0 0 0 0 0 0 0 0 0 0 0 0 0 
3 1 1 1 1 1 1 1 1 1 1 0 0 0 0 0 0 0 0 0 0 0 0 0 0 
3 3 1 1 1 1 1 1 1 1 1 1 0 0 0 0 0 0 0 0 0 0 0 0 0 
3 3 1 1 1 1 1 1 1 1 1 1 1 0 0 0 0 0 0 0 0 0 0 0 0 
3 3 1 1 1 1 1 1 1 1 1 1 1 1 0 0 0 0 0 0 0 0 0 0 0 
3 3 3 1 1 1 1 1 1 1 1 1 1 1 1 0 0 0 0 0 0 0 0 0 0 
3 3 3 1 1 1 1 1 1 1 1 1 1 1 1 1 0 0 0 0 0 0 0 0 0 
3 3 3 1 1 1 1 1 1 1 1 1 1 1 1 1 1 0 0 0 0 0 0 4 4 
3 3 3 3 1 1 1 1 1 1 1 1 1 1 1 1 1 2 2 2 2 2 2 4 4 
3 3 3 3 1 1 1 1 1 1 1 1 1 1 1 1 1 2 2 2 2 2 2 4 4 
3 3 3 3 1 1 1 1 1 1 1 1 1 1 1 1 2 2 2 2 2 2 2 4 4 
3 3 3 3 3 1 1 1 1 1 1 1 1 1 1 1 2 2 2 2 2 2 2 4 4 
3 3 3 3 3 1 1 1 1 1 1 1 1 1 1 2 2 2 2 2 2 2 2 4 4 
3 3 3 3 3 1 1 1 1 1 1 1 1 1 1 2 2 2 2 2 2 2 2 4 4 
3 3 3 3 3 3 1 1 1 1 1 1 1 1 2 2 2 2 2 2 2 2 2 4 4 
3 3 3 3 3 3 1 1 1 1 1 1 1 1 2 2 2 2 2 2 2 2 2 4 4 

1.0 0.0 0.0 0.0 0.0 0.0 0.0 0.0 0.0 0.0 0.0 0.0 0.0 0.0 0.0 0.0 0.0 0.0 0.0 0.0 0.0 0.0 0.0 0.0 0.0 
1.0 1.0 0.0 0.0 0.0 0.0 0.0 0.0 0.0 0.0 0.0 0.0 0.0 0.0 0.0 0.0 0.0 0.0 0.0 0.0 0.0 0.0 0.0 0.0 0.0 
1.0 1.0 1.0 0.0 0.0 0.0 0.0 0.0 0.0 0.0 0.0 0.0 0.0 0.0 0.0 0.0 0.0 0.0 0.0 0.0 0.0 0.0 0.0 0.0 0.0 
1.0 1.0 1.0 1.0 0.0 0.0 0.0 0.0 0.0 0.0 0.0 0.0 0.0 0.0 0.0 0.0 0.0 0.0 0.0 0.0 0.0 0.0 0.0 0.0 0.0 
1.0 1.0 1.0 1.0 1.0 0.0 0.0 0.0 0.0 0.0 0.0 0.0 0.0 0.0 0.0 0.0 0.0 0.0 0.0 0.0 0.0 0.0 0.0 0.0 0.0 
1.0 1.0 1.0 1.0 1.0 1.0 0.0 0.0 0.0 0.0 0.0 0.0 0.0 0.0 0.0 0.0 0.0 0.0 0.0 0.0 0.0 0.0 0.0 0.0 0.0 
1.0 1.0 1.0 1.0 1.0 1.0 1.0 0.0 0.0 0.0 0.0 0.0 0.0 0.0 0.0 0.0 0.0 0.0 0.0 0.0 0.0 0.0 0.0 0.0 0.0 
1.0 1.0 1.0 1.0 1.0 1.0 1.0 1.0 0.0 0.0 0.0 0.0 0.0 0.0 0.0 0.0 0.0 0.0 0.0 0.0 0.0 0.0 0.0 0.0 0.0 
-2.0 1.0 1.0 1.0 1.0 1.0 1.0 1.0 1.0 0.0 0.0 0.0 0.0 0.0 0.0 0.0 0.0 0.0 0.0 0.0 0.0 0.0 0.0 0.0 0.0 
-2.0 1.0 1.0 1.0 1.0 1.0 1.0 1.0 1.0 1.0 0.0 0.0 0.0 0.0 0.0 0.0 0.0 0.0 0.0 0.0 0.0 0.0 0.0 0.0 0.0 
-2.0 1.0 1.0 1.0 1.0 1.0 1.0 1.0 1.0 1.0 1.0 0.0 0.0 0.0 0.0 0.0 0.0 0.0 0.0 0.0 0.0 0.0 0.0 0.0 0.0 
-2.0 -2.0 1.0 1.0 1.0 1.0 1.0 1.0 1.0 1.0 1.0 1.0 0.0 0.0 0.0 0.0 0.0 0.0 0.0 0.0 0.0 0.0 0.0 0.0 0.0 
-2.0 -2.0 1.0 1.0 1.0 1.0 1.0 1.0 1.0 1.0 1.0 1.0 1.0 0.0 0.0 0.0 0.0 0.0 0.0 0.0 0.0 0.0 0.0 0.0 0.0 
-2.0 -2.0 1.0 1.0 1.0 1.0 1.0 1.0 1.0 1.0 1.0 1.0 1.0 1.0 0.0 0.0 0.0 0.0 0.0 0.0 0.0 0.0 0.0 0.0 0.0 
-2.0 -2.0 -2.0 1.0 1.0 1.0 1.0 1.0 1.0 1.0 1.0 1.0 1.0 1.0 1.0 0.0 0.0 0.0 0.0 0.0 0.0 0.0 0.0 0.0 0.0 
-2.0 -2.0 -2.0 1.0 1.0 1.0 1.0 1.0 1.0 1.0 1.0 1.0 1.0 1.0 1.0 1.0 0.0 0.0 0.0 0.0 0.0 0.0 0.0 0.0 0.0 
-2.0 -2.0 -2.0 1.0 1.0 1.0 1.0 1.0 1.0 1.0 1.0 1.0 1.0 1.0 1.0 1.0 1.0 0.0 0.0 0.0 0.0 0.0 0.0 2.0 2.0 
-2.0 -2.0 -2.0 -2.0 1.0 1.0 1.0 1.0 1.0 1.0 1.0 1.0 1.0 1.0 1.0 1.0 1.0 -1.0 -1.0 -1.0 -1.0 -1.0 -1.0 2.0 2.0 
-2.0 -2.0 -2.0 -2.0 1.0 1.0 1.0 1.0 1.0 1.0 1.0 1.0 1.0 1.0 1.0 1.0 1.0 -1.0 -1.0 -1.0 -1.0 -1.0 -1.0 2.0 2.0 
-2.0 -2.0 -2.0 -2.0 1.0 1.0 1.0 1.0 1.0 1.0 1.0 1.0 1.0 1.0 1.0 1.0 -1.0 -1.0 -1.0 -1.0 -1.0 -1.0 -1.0 2.0 2.0 
-2.0 -2.0 -2.0 -2.0 -2.0 1.0 1.0 1.0 1.0 1.0 1.0 1.0 1.0 1.0 1.0 1.0 -1.0 -1.0 -1.0 -1.0 -1.0 -1.0 -1.0 2.0 2.0 
-2.0 -2.0 -2.0 -2.0 -2.0 1.0 1.0 1.0 1.0 1.0 1.0 1.0 1.0 1.0 1.0 -1.0 -1.0 -1.0 -1.0 -1.0 -1.0 -1.0 -1.0 2.0 2.0 
-2.0 -2.0 -2.0 -2.0 -2.0 1.0 1.0 1.0 1.0 1.0 1.0 1.0 1.0 1.0 1.0 -1.0 -1.0 -1.0 -1.0 -1.0 -1.0 -1.0 -1.0 2.0 2.0 
-2.0 -2.0 -2.0 -2.0 -2.0 -2.0 1.0 1.0 1.0 1.0 1.0 1.0 1.0 1.0 -1.0 -1.0 -1.0 -1.0 -1.0 -1.0 -1.0 -1.0 -1.0 2.0 2.0 
-2.0 -2.0 -2.0 -2.0 -2.0 -2.0 1.0 1.0 1.0 1.0 1.0 1.0 1.0 1.0 -1.0 -1.0 -1.0 -1.0 -1.0 -1.0 -1.0 -1.0 -1.0 2.0 2.0 

-1.0 1.0 1.0 1.0 1.0 1.0 1.0 1.0 1.0 1.0 1.0 1.0 1.0 1.0 1.0 1.0 1.0 1.0 1.0 1.0 1.0 1.0 1.0 1.0 1.0 
-1.0 -1.0 1.0 1.0 1.0 1.0 1.0 1.0 1.0 1.0 1.0 1.0 1.0 1.0 1.0 1.0 1.0 1.0 1.0 1.0 1.0 1.0 1.0 1.0 1.0 
-1.0 -1.0 -1.0 1.0 1.0 1.0 1.0 1.0 1.0 1.0 1.0 1.0 1.0 1.0 1.0 1.0 1.0 1.0 1.0 1.0 1.0 1.0 1.0 1.0 1.0 
-1.0 -1.0 -1.0 -1.0 1.0 1.0 1.0 1.0 1.0 1.0 1.0 1.0 1.0 1.0 1.0 1.0 1.0 1.0 1.0 1.0 1.0 1.0 1.0 1.0 1.0 
-1.0 -1.0 -1.0 -1.0 -1.0 1.0 1.0 1.0 1.0 1.0 1.0 1.0 1.0 1.0 1.0 1.0 1.0 1.0 1.0 1.0 1.0 1.0 1.0 1.0 1.0 
-1.0 -1.0 -1.0 -1.0 -1.0 -1.0 1.0 1.0 1.0 1.0 1.0 1.0 1.0 1.0 1.0 1.0 1.0 1.0 1.0 1.0 1.0 1.0 1.0 1.0 1.0 
-1.0 -1.0 -1.0 -1.0 -1.0 -1.0 -1.0 1.0 1.0 1.0 1.0 1.0 1.0 1.0 1.0 1.0 1.0 1.0 1.0 1.0 1.0 1.0 1.0 1.0 1.0 
-1.0 -1.0 -1.0 -1.0 -1.0 -1.0 -1.0 -1.0 1.0 1.0 1.0 1.0 1.0 1.0 1.0 1.0 1.0 1.0 1.0 1.0 1.0 1.0 1.0 1.0 1.0 
-2.0 -1.0 -1.0 -1.0 -1.0 -1.0 -1.0 -1.0 -1.0 1.0 1.0 1.0 1.0 1.0 1.0 1.0 1.0 1.0 1.0 1.0 1.0 1.0 1.0 1.0 1.0 
-2.0 -1.0 -1.0 -1.0 -1.0 -1.0 -1.0 -1.0 -1.0 -1.0 1.0 1.0 1.0 1.0 1.0 1.0 1.0 1.0 1.0 1.0 1.0 1.0 1.0 1.0 1.0 
-2.0 -1.0 -1.0 -1.0 -1.0 -1.0 -1.0 -1.0 -1.0 -1.0 -1.0 1.0 1.0 1.0 1.0 1.0 1.0 1.0 1.0 1.0 1.0 1.0 1.0 1.0 1.0 
-2.0 -2.0 -1.0 -1.0 -1.0 -1.0 -1.0 -1.0 -1.0 -1.0 -1.0 -1.0 1.0 1.0 1.0 1.0 1.0 1.0 1.0 1.0 1.0 1.0 1.0 1.0 1.0 
-2.0 -2.0 -1.0 -1.0 -1.0 -1.0 -1.0 -1.0 -1.0 -1.0 -1.0 -1.0 -1.0 1.0 1.0 1.0 1.0 1.0 1.0 1.0 1.0 1.0 1.0 1.0 1.0 
-2.0 -2.0 -1.0 -1.0 -1.0 -1.0 -1.0 -1.0 -1.0 -1.0 -1.0 -1.0 -1.0 -1.0 1.0 1.0 1.0 1.0 1.0 1.0 1.0 1.0 1.0 1.0 1.0 
-2.0 -2.0 -2.0 -1.0 -1.0 -1.0 -1.0 -1.0 -1.0 -1.0 -1.0 -1.0 -1.0 -1.0 -1.0 1.0 1.0 1.0 1.0 1.0 1.0 1.0 1.0 1.0 1.0 
-2.0 -2.0 -2.0 -1.0 -1.0 -1.0 -1.0 -1.0 -1.0 -1.0 -1.0 -1.0 -1.0 -1.0 -1.0 -1.0 1.0 1.0 1.0 1.0 1.0 1.0 1.0 1.0 1.0 
-2.0 -2.0 -2.0 -1.0 -1.0 -1.0 -1.0 -1.0 -1.0 -1.0 -1.0 -1.0 -1.0 -1.0 -1.0 -1.0 -1.0 1.0 1.0 1.0 1.0 1.0 1.0 0.0 0.0 
-2.0 -2.0 -2.0 -2.0 -1.0 -1.0 -1.0 -1.0 -1.0 -1.0 -1.0 -1.0 -1.0 -1.0 -1.0 -1.0 -1.0 2.0 2.0 2.0 2.0 2.0 2.0 0.0 0.0 
-2.0 -2.0 -2.0 -2.0 -1.0 -1.0 -1.0 -1.0 -1.0 -1.0 -1.0 -1.0 -1.0 -1.0 -1.0 -1.0 -1.0 2.0 2.0 2.0 2.0 2.0 2.0 0.0 0.0 
-2.0 -2.0 -2.0 -2.0 -1.0 -1.0 -1.0 -1.0 -1.0 -1.0 -1.0 -1.0 -1.0 -1.0 -1.0 -1.0 2.0 2.0 2.0 2.0 2.0 2.0 2.0 0.0 0.0 
-2.0 -2.0 -2.0 -2.0 -2.0 -1.0 -1.0 -1.0 -1.0 -1.0 -1.0 -1.0 -1.0 -1.0 -1.0 -1.0 2.0 2.0 2.0 2.0 2.0 2.0 2.0 0.0 0.0 
-2.0 -2.0 -2.0 -2.0 -2.0 -1.0 -1.0 -1.0 -1.0 -1.0 -1.0 -1.0 -1.0 -1.0 -1.0 2.0 2.0 2.0 2.0 2.0 2.0 2.0 2.0 0.0 0.0 
-2.0 -2.0 -2.0 -2.0 -2.0 -1.0 -1.0 -1.0 -1.0 -1.0 -1.0 -1.0 -1.0 -1.0 -1.0 2.0 2.0 2.0 2.0 2.0 2.0 2.0 2.0 0.0 0.0 
-2.0 -2.0 -2.0 -2.0 -2.0 -2.0 -1.0 -1.0 -1.0 -1.0 -1.0 -1.0 -1.0 -1.0 2.0 2.0 2.0 2.0 2.0 2.0 2.0 2.0 2.0 0.0 0.0 
-2.0 -2.0 -2.0 -2.0 -2.0 -2.0 -1.0 -1.0 -1.0 -1.0 -1.0 -1.0 -1.0 -1.0 2.0 2.0 2.0 2.0 2.0 2.0 2.0 2.0 2.0 0.0 0.0 

