0.563634 0.201129 0.939528 0.484219 0.405462 0.874505 0.569235 0.946727 0.480633 0.129194 0.839715 0.812950 0.383155 0.679218 0.231938 0.479597 0.671838 0.970520 0.309927 0.688740 0.782100 0.033601 0.146557 0.564815 0.745623 
0.963832 0.554577 0.754243 0.589180 0.797452 0.660011 0.156053 0.928582 0.944967 0.744429 0.184764 0.197020 0.473322 0.088889 0.708762 0.360178 0.481567 0.385425 0.372406 0.465727 0.721469 0.081614 0.464104 0.361038 0.433093 
0.321677 0.276559 0.392662 0.247446 0.785566 0.661424 0.231764 0.875083 0.917429 0.214743 0.771936 0.916050 0.782224 0.557772 0.201824 0.415152 0.947850 0.119219 0.579973 0.082524 0.989084 0.780202 0.199240 0.101714 0.640294 
0.560816 0.737556 0.402713 0.413931 0.543884 0.456680 0.867405 0.706261 0.742956 0.782855 0.405401 0.268601 0.990307 0.455509 0.970060 0.256903 0.465219 0.263971 0.126016 0.482218 0.850676 0.222172 0.242482 0.353676 0.559897 
0.654189 0.959020 0.039696 0.033798 0.510427 0.214097 0.189299 0.278918 0.515879 0.931632 0.067764 0.286459 0.100638 0.019932 0.166458 0.257700 0.686268 0.340556 0.478987 0.885616 0.899138 0.973606 0.779647 0.040314 0.641265 
0.726214 0.748995 0.238362 0.724881 0.422128 0.632838 0.704333 0.971778 0.376419 0.473749 0.669971 0.876986 0.887994 0.355832 0.191987 0.664050 0.189600 0.084230 0.349549 0.896203 0.326277 0.987163 0.840859 0.541229 0.001638 
0.544814 0.892664 0.224047 0.874083 0.152567 0.648311 0.069986 0.284960 0.937953 0.689306 0.751531 0.354417 0.558404 0.722051 0.514548 0.281541 0.044364 0.710576 0.494212 0.357779 0.030214 0.016146 0.496277 0.706230 0.501918 
0.959284 0.160519 0.930673 0.106928 0.858995 0.625462 0.715819 0.078441 0.079636 0.837302 0.077052 0.527865 0.851059 0.902484 0.004114 0.607572 0.098711 0.679928 0.351132 0.487964 0.872847 0.320388 0.241980 0.779251 0.877168 
0.126168 0.908991 0.131280 0.016934 0.595042 0.420454 0.297050 0.892520 0.079709 0.550903 0.520227 0.629776 0.837096 0.810478 0.981982 0.180604 0.661447 0.115440 0.016804 0.224307 0.911755 0.906442 0.686376 0.475882 0.341964 
0.248426 0.184468 0.477226 0.800878 0.218378 0.698731 0.853558 0.602022 0.989634 0.351579 0.867919 0.100734 0.250213 0.052446 0.704366 0.262328 0.384349 0.621299 0.438208 0.703824 0.363529 0.040600 0.422710 0.053361 0.806207 
0.814545 0.444567 0.239683 0.395101 0.107879 0.864023 0.101388 0.402661 0.506689 0.346895 0.548868 0.214790 0.117961 0.804437 0.430322 0.585833 0.921173 0.107669 0.462404 0.998646 0.298783 0.055465 0.918916 0.532836 0.090937 
0.023858 0.706789 0.292651 0.975291 0.430406 0.869288 0.155398 0.517680 0.402198 0.418908 0.536879 0.734241 0.187843 0.699843 0.167442 0.752349 0.167663 0.773758 0.515643 0.385390 0.326653 0.752707 0.456699 0.083966 0.337375 
0.888838 0.763391 0.915851 0.185720 0.393295 0.627803 0.931725 0.764107 0.177306 0.523051 0.169277 0.855110 0.732739 0.054822 0.833253 0.444829 0.721512 0.104521 0.387631 0.253555 0.506389 0.405576 0.710521 0.614203 0.465480 
0.617074 0.658200 0.086249 0.278830 0.702533 0.484590 0.400082 0.750523 0.336790 0.898861 0.805508 0.632874 0.478165 0.831730 0.412384 0.424944 0.595347 0.081842 0.873237 0.513371 0.279516 0.539366 0.447679 0.136354 0.107083 
0.016064 0.104449 0.001217 0.513792 0.554368 0.287180 0.371756 0.066102 0.759487 0.060892 0.275090 0.766301 0.575456 0.109581 0.530137 0.387436 0.776785 0.968660 0.157699 0.810690 0.972320 0.248786 0.334934 0.975765 0.833219 
0.789919 0.445822 0.377239 0.626213 0.059086 0.009421 0.569289 0.248055 0.945607 0.472349 0.830956 0.130009 0.190974 0.031969 0.716324 0.017672 0.990618 0.256788 0.752198 0.172102 0.584607 0.073096 0.168407 0.090939 0.129081 
0.121603 0.559296 0.867615 0.985342 0.630084 0.219185 0.836241 0.498680 0.283955 0.142888 0.094858 0.180399 0.596623 0.297987 0.210302 0.743415 0.184604 0.385709 0.085101 0.833114 0.981620 0.418638 0.427437 0.281845 0.056847 
0.544703 0.181019 0.186403 0.748580 0.794180 0.626795 0.318051 0.966415 0.380982 0.406249 0.249353 0.544842 0.352838 0.178658 0.918531 0.834830 0.408467 0.843829 0.335292 0.452662 0.974059 0.484400 0.895644 0.907153 0.807703 
0.482134 0.665508 0.192292 0.145391 0.775503 0.178315 0.700981 0.659235 0.554780 0.208896 0.965649 0.978188 0.433894 0.687526 0.073428 0.095222 0.628136 0.332426 0.893677 0.755614 0.507063 0.946797 0.450981 0.656272 0.663207 
0.011323 0.563133 0.613405 0.272574 0.038396 0.083030 0.762731 0.590013 0.971195 0.889953 0.058388 0.950390 0.489995 0.906040 0.069675 0.433721 0.981563 0.284788 0.381738 0.229037 0.961653 0.677340 0.078946 0.757959 0.875826 
0.692741 0.807948 0.468120 0.883641 0.795228 0.757835 0.244494 0.028832 0.419530 0.105857 0.649798 0.718653 0.231006 0.637201 0.585949 0.116874 0.852993 0.722866 0.859027 0.787235 0.544882 0.278666 0.082345 0.434590 0.481229 
0.354323 0.615731 0.412560 0.347897 0.558060 0.559087 0.254257 0.636867 0.030663 0.209616 0.844620 0.780861 0.881049 0.473537 0.693277 0.800014 0.399609 0.285536 0.297180 0.121868 0.568481 0.620325 0.374900 0.234424 0.819536 
0.669046 0.722570 0.578262 0.050237 0.177197 0.018613 0.942826 0.731475 0.704684 0.715536 0.812191 0.686473 0.720653 0.439852 0.175970 0.590554 0.798229 0.700408 0.429235 0.992174 0.969558 0.243432 0.995039 0.437852 0.622570 
0.974344 0.124782 0.759838 0.280605 0.733421 0.403318 0.700876 0.754456 0.306039 0.923315 0.850737 0.439272 0.687550 0.599157 0.273079 0.759434 0.855413 0.177050 0.489262 0.593134 0.777519 0.683375 0.074915 0.697710 0.625676 
0.109702 0.142551 0.792202 0.181860 0.797274 0.718993 0.913810 0.755831 0.664445 0.109355 0.225870 0.362724 0.573782 0.141132 0.974186 0.025317 0.655819 0.608555 0.886510 0.091925 0.712266 0.948251 0.148972 0.211592 0.032376 

0.761549 0.908276 0.479660 0.635185 0.855208 0.402460 0.374864 0.928408 0.068059 0.024040 0.200148 0.176124 0.358048 0.147981 0.112413 0.227333 0.241667 0.107140 0.946544 0.077803 0.859540 0.667961 0.612349 0.988666 0.882457 
0.533090 0.952793 0.894814 0.785129 0.244923 0.462414 0.187264 0.167735 0.177569 0.595714 0.588150 0.372655 0.128710 0.720392 0.585762 0.107079 0.951049 0.943799 0.941959 0.915812 0.175936 0.133401 0.300359 0.764821 0.226538 
0.894188 0.806652 0.539008 0.454612 0.298588 0.057079 0.982543 0.295287 0.849050 0.077425 0.277595 0.498658 0.448522 0.882822 0.631174 0.129530 0.409240 0.872233 0.745866 0.238733 0.741027 0.177072 0.733015 0.557157 0.087346 
0.293404 0.186649 0.728183 0.406725 0.670462 0.242053 0.172623 0.422418 0.500158 0.507850 0.879534 0.366870 0.035225 0.774718 0.725496 0.286594 0.518128 0.354302 0.918785 0.069711 0.148596 0.392408 0.148253 0.765455 0.860941 
0.950782 0.237652 0.640441 0.979933 0.267388 0.658800 0.564949 0.937421 0.315399 0.655844 0.558773 0.188379 0.298012 0.980624 0.488831 0.740022 0.810571 0.385905 0.782358 0.257758 0.311632 0.825516 0.721565 0.046463 0.213457 
0.197734 0.082770 0.850871 0.612801 0.029965 0.101471 0.202870 0.049924 0.870766 0.834738 0.572586 0.482032 0.000921 0.359762 0.264023 0.707932 0.677813 0.180670 0.418158 0.839261 0.084179 0.169541 0.786211 0.291846 0.193224 
0.356635 0.447034 0.402834 0.364177 0.543420 0.785500 0.344995 0.287898 0.967602 0.832040 0.521956 0.033586 0.262385 0.447207 0.180302 0.279720 0.893369 0.752088 0.671533 0.734261 0.191125 0.064514 0.430564 0.486862 0.507550 
0.469681 0.544197 0.874155 0.994058 0.202276 0.793481 0.709836 0.630528 0.664041 0.863379 0.772051 0.283441 0.546118 0.866784 0.970609 0.722926 0.143902 0.399570 0.600123 0.649702 0.755912 0.576122 0.623853 0.950286 0.241978 
0.756458 0.063746 0.260360 0.166761 0.719809 0.507764 0.160467 0.232579 0.007761 0.060671 0.217867 0.586350 0.267620 0.805484 0.179353 0.608998 0.920827 0.847468 0.698746 0.612201 0.654683 0.257209 0.568205 0.130688 0.040182 
0.509648 0.725743 0.596625 0.353861 0.501477 0.799456 0.395280 0.275128 0.510689 0.047211 0.598548 0.286529 0.387766 0.592331 0.249606 0.139767 0.487124 0.513862 0.404633 0.714837 0.128449 0.937343 0.189742 0.678652 0.363926 
0.247256 0.881316 0.961390 0.906222 0.417992 0.913140 0.826495 0.523488 0.429779 0.489233 0.334853 0.398884 0.616394 0.975391 0.622682 0.295137 0.951975 0.559846 0.018199 0.402489 0.966004 0.250935 0.730768 0.911869 0.967468 
0.606952 0.337286 0.458389 0.679167 0.172198 0.192971 0.744119 0.257755 0.808271 0.212891 0.797653 0.764428 0.379924 0.268253 0.117519 0.062392 0.415088 0.907760 0.273079 0.210746 0.394221 0.225641 0.732033 0.633546 0.463069 
0.456611 0.489867 0.452634 0.336110 0.055045 0.024330 0.395015 0.332528 0.328474 0.938644 0.667673 0.406975 0.543087 0.332481 0.546051 0.879611 0.511026 0.196039 0.309494 0.508482 0.098613 0.512319 0.588840 0.749558 0.888331 
0.497597 0.259551 0.614522 0.459345 0.864996 0.201871 0.984184 0.462844 0.103341 0.891380 0.488791 0.274876 0.137207 0.902061 0.419710 0.397217 0.128655 0.575615 0.824497 0.244002 0.942349 0.117201 0.774457 0.348118 0.199007 
0.092535 0.777806 0.476975 0.286849 0.074443 0.247481 0.083327 0.912581 0.935061 0.294174 0.815285 0.580841 0.551005 0.487466 0.892951 0.419203 0.168202 0.128724 0.389981 0.343757 0.684074 0.150261 0.961498 0.867328 0.639101 
0.729701 0.062347 0.922797 0.269810 0.910039 0.868100 0.076450 0.681330 0.510145 0.649070 0.950163 0.625315 0.726216 0.229736 0.650904 0.741415 0.357791 0.888079 0.114243 0.207012 0.726542 0.836446 0.108816 0.644975 0.767939 
0.473992 0.448755 0.149273 0.405081 0.811812 0.019552 0.311912 0.965215 0.873530 0.015012 0.182883 0.109366 0.634858 0.219170 0.370581 0.176031 0.000512 0.627754 0.010187 0.925853 0.553514 0.104726 0.085683 0.963382 0.135216 
0.442854 0.226165 0.994528 0.374991 0.874704 0.808006 0.624006 0.018832 0.104781 0.669159 0.472183 0.783924 0.494815 0.714112 0.929874 0.044838 0.908317 0.138761 0.510952 0.086787 0.715132 0.632547 0.613158 0.925925 0.552685 
0.689956 0.817791 0.898858 0.324592 0.856005 0.498985 0.357120 0.297059 0.817052 0.765269 0.234429 0.401099 0.438109 0.087438 0.563090 0.688728 0.086334 0.830450 0.160274 0.471559 0.337770 0.067448 0.179136 0.693578 0.175501 
0.443327 0.361039 0.636079 0.125414 0.556966 0.805391 0.225920 0.161789 0.007339 0.803292 0.263653 0.677121 0.176960 0.472290 0.024558 0.749627 0.253354 0.371071 0.207532 0.906936 0.612480 0.591700 0.311537 0.311591 0.718630 
0.651459 0.874116 0.756057 0.730546 0.334051 0.971667 0.555224 0.672027 0.137004 0.154771 0.885083 0.481577 0.778120 0.320044 0.663146 0.047342 0.890921 0.893115 0.984472 0.895950 0.494341 0.236754 0.110605 0.220726 0.782233 
0.564763 0.920725 0.091377 0.223498 0.150240 0.533954 0.073106 0.545502 0.470475 0.315491 0.393479 0.690577 0.396661 0.018328 0.894669 0.191711 0.046742 0.195607 0.612407 0.010196 0.589389 0.991162 0.775703 0.109252 0.959225 
0.085859 0.331771 0.472622 0.957876 0.410818 0.165320 0.194225 0.545196 0.847780 0.978521 0.067133 0.735175 0.592836 0.081148 0.676772 0.730020 0.370234 0.649521 0.585183 0.421877 0.177447 0.743721 0.567002 0.533342 0.880847 
0.822250 0.018605 0.505300 0.998079 0.946565 0.396492 0.224419 0.203677 0.011482 0.882483 0.960712 0.656167 0.032220 0.255433 0.124106 0.212940 0.461573 0.307791 0.963107 0.360510 0.425949 0.545427 0.876613 0.376931 0.413172 
0.635139 0.439934 0.987097 0.668966 0.570563 0.318456 0.316862 0.566792 0.859499 0.384166 0.109589 0.031018 0.770881 0.169732 0.593886 0.965335 0.874972 0.854559 0.339519 0.151247 0.533151 0.689104 0.749773 0.602853 0.714707 

-2.577141 -2.228817 -2.872033 -1.654307 -2.805155 -2.785321 -1.704287 -3.557402 1.337100 0.454873 2.125981 2.188943 0.856612 1.229500 0.133323 -0.777283 -0.608242 -0.589481 0.306660 -0.251381 -0.360255 -0.008187 0.580280 0.481095 -0.188262 
-2.833287 -2.716662 -2.608503 -2.407856 -1.768373 -2.416240 -1.063965 -1.923910 2.060822 1.216062 0.862715 0.372649 1.159060 -0.061560 0.356030 -0.543323 0.404683 -0.079413 0.492917 0.327911 -0.877882 -0.389813 -0.369114 0.209729 0.152083 
-2.480565 -2.134715 -1.484477 -0.836720 -2.272265 -1.310059 -2.145474 -2.722532 1.801572 0.764489 1.670999 2.300198 1.250729 1.215808 0.117105 -0.281990 2.390484 1.240002 -0.177757 0.168838 -0.103730 -0.788616 0.675053 0.192389 -0.059247 
-1.768481 -1.523405 -2.505478 -1.936869 -2.164733 -1.447839 -1.907791 -3.007530 -2.860627 1.167539 1.195376 0.559167 2.248268 0.914505 -0.513694 0.318208 1.323915 0.132993 0.521184 -0.590319 -0.291891 0.591599 0.998941 0.632941 0.633757 
-2.535218 -1.871299 -0.600127 -2.089737 -1.127951 -1.855235 -1.458427 -2.590393 -2.349945 1.864095 0.198714 0.228076 0.034883 -0.303754 0.341976 0.364854 1.255422 -0.222376 0.061655 -0.765857 -0.777339 0.343617 -0.076518 -0.224426 0.020416 
-1.252343 -1.420385 -2.339621 -2.606644 -1.119570 -1.460734 -1.778706 -2.343696 0.543637 1.185683 0.989345 1.398127 1.801259 0.583481 0.671121 1.364561 0.300954 -0.300095 0.664411 1.259760 0.085571 -1.219263 0.144335 0.274625 0.226119 
-1.743927 -2.744939 -1.024079 -2.458401 -1.205581 -2.647099 -0.919184 -1.617906 -4.313227 1.138109 1.512220 0.655622 1.372379 1.964115 0.870262 0.267742 0.356710 1.372337 0.835210 0.199577 0.181561 0.544483 -0.520730 0.184074 0.372410 
-2.531128 -1.327566 -3.578961 -2.586895 -2.125602 -2.597376 -2.361641 -0.792929 -1.876448 -3.235573 1.341665 1.176354 1.654250 1.725389 -0.152709 1.339964 -0.543957 1.123819 1.141936 0.484671 -0.078805 0.433846 0.484594 0.423088 -0.713867 
-1.348312 -2.223576 -0.327712 -0.532399 -2.582993 -1.288122 -1.183652 -1.985289 0.050464 -1.381319 0.532589 1.481402 1.620720 1.588302 1.820614 0.325651 1.146773 1.645111 1.185568 0.598740 2.187023 -0.725337 1.040122 -0.319555 -0.162752 
-1.882416 -1.357227 -1.769954 -2.055845 -1.946629 -3.239682 -2.484362 -1.517762 -2.744297 -1.126052 1.180167 1.025052 0.205441 1.056589 0.648793 0.143926 0.693902 1.387433 1.500912 1.419824 0.645170 0.508171 0.622612 0.884296 0.754892 
-2.286467 -2.061895 -1.913609 -2.554788 -1.269484 -3.948448 -1.393166 -1.609295 -1.787316 -1.549412 -1.391308 0.509516 1.111062 1.449822 1.369956 0.150694 1.675350 1.139444 -0.016392 1.146610 1.437456 0.441601 1.965350 1.949360 1.705851 
-1.105149 -1.983395 -1.530259 -3.307166 -1.414692 -2.564784 -1.630624 -1.306277 -2.333441 -1.278052 -2.425507 1.207778 -0.216449 0.570071 0.358878 0.275134 1.047604 1.792795 0.456062 0.664856 0.227630 0.742166 1.566816 1.790315 1.017099 
-2.340607 -2.093735 -3.152563 -0.485582 -0.962665 -1.148922 -2.029027 -2.804929 -0.939085 -0.601787 -0.682537 0.754188 -0.132606 -0.243545 0.420385 1.947345 1.457036 0.948019 0.138761 1.183435 -0.375600 1.136522 1.169228 1.866830 2.161825 
-2.218263 -2.387345 -1.244006 -1.082534 -3.001781 -1.879710 -2.782311 -2.675095 -1.045933 -3.707680 0.316701 0.202615 0.075528 0.133383 -0.321368 -0.254562 0.334098 0.881949 1.460526 0.859036 1.513791 0.435641 1.849300 0.818741 0.515343 
-0.223650 -1.759925 -0.517499 -1.350753 -1.311947 -1.077745 -1.177933 -2.272867 -3.416804 -0.626411 -0.216406 0.422844 0.352008 -0.221412 -0.013888 -0.674669 0.991502 0.608767 -0.376463 0.827912 1.403043 -0.392217 1.298229 1.830090 1.597743 
-2.895781 -0.634381 -2.857851 -2.029592 -1.922766 -1.738562 -1.092221 -1.988976 0.262437 -0.231130 0.337276 -0.507611 -0.033670 -0.103532 0.248200 -1.103807 0.935901 -0.339469 0.914289 0.257130 1.901725 1.946793 0.039794 0.630854 -0.564071 
-1.652092 -1.852078 -2.113910 -2.989515 -3.617768 -0.868850 -1.852189 -3.134238 -2.847046 0.074637 0.444168 -0.315583 -0.286964 0.094751 -0.704586 0.666497 0.353128 -0.317894 0.305995 1.598609 1.637123 -0.061543 -0.173946 -0.636603 -0.195083 
-2.067378 -1.192837 -2.396541 -2.463965 -3.036953 -2.652118 -1.749234 -2.179076 0.013667 0.167068 -0.175185 -0.605026 -0.027446 -0.603426 -0.510775 0.768092 -0.312456 0.976134 -0.449795 0.619147 0.604374 0.702215 1.140063 -0.364406 -0.041611 
-2.357695 -3.083859 -1.946831 -1.027647 -3.343966 -1.526518 -2.184272 -2.084023 -0.717530 0.139860 1.190196 0.584774 -0.292824 0.233547 -0.544676 -0.685350 0.829055 -0.898188 1.343597 0.322406 0.395434 1.234430 0.370952 -0.850200 0.797850 
-1.081607 -1.368036 -2.476815 -1.177083 -1.923969 -1.634493 -2.146473 -1.550762 0.981949 0.044935 -0.549138 0.210033 0.334807 0.042245 0.174916 0.283838 0.659593 0.467221 0.554421 -0.257422 0.409444 0.521887 0.016100 0.818375 0.391531 
-2.444165 -3.832279 -2.156416 -3.030876 -2.100286 -3.417309 -0.140457 -0.854633 0.235703 -0.418714 -0.397308 0.580876 -0.435153 0.420285 0.290196 0.052806 -0.317651 -0.371195 -0.196402 0.397734 0.045242 0.014609 -0.442609 0.595526 -0.356515 
-2.254965 -2.782719 -0.884617 -0.348886 -1.439235 -2.370990 -0.860400 -0.034066 -0.818770 -0.223602 0.091063 -0.057019 0.342447 0.471548 -0.077024 0.495820 0.397730 -0.210253 -0.096128 0.001372 -0.296065 -0.453531 -0.786862 0.314580 -0.266923 
-1.642273 -2.022554 -2.418982 -1.812570 -1.592332 -0.236822 -2.769201 0.799589 0.161369 -0.230136 0.891038 0.238519 0.090990 0.906167 -0.404268 0.159765 -0.288327 -0.251766 0.256903 0.217965 0.250698 -0.779174 0.799384 -0.412949 0.499284 
-3.680578 -0.570843 -2.213816 -0.940316 -0.396933 -0.259275 1.151231 0.649803 0.857492 -0.686110 -0.282885 -0.381061 1.087780 0.865322 0.527127 0.967758 0.482199 -0.298558 -1.150542 0.276423 0.216421 -0.050276 -1.148097 0.388441 0.594462 
-1.281429 -0.868927 -3.203720 -0.539609 0.235640 0.011939 1.213180 0.653240 -0.416609 -0.297845 -0.255508 0.018483 -0.161064 -0.385567 0.540432 -0.641920 -0.752900 -0.521569 0.603700 -0.427692 -0.065365 0.346525 -0.245094 0.281636 -0.599868 

1 1 1 1 1 1 1 1 2 2 2 2 2 2 0 0 0 0 0 0 0 0 0 0 0 
1 1 1 1 1 1 1 1 2 2 2 2 2 2 0 0 0 0 0 0 0 0 0 0 0 
1 1 1 1 1 1 1 1 2 2 2 2 2 2 0 0 2 0 0 0 0 0 0 0 0 
1 1 1 1 1 1 1 1 1 2 2 2 2 2 0 2 2 0 0 0 0 0 0 0 0 
1 1 1 1 1 1 1 1 1 2 2 2 2 2 2 2 2 0 0 0 0 0 0 0 0 
1 1 1 1 1 1 1 1 2 2 2 2 2 2 2 2 2 0 2 2 0 0 0 0 0 
1 1 1 1 1 1 1 1 1 2 2 2 2 2 2 2 2 2 2 0 0 0 0 0 0 
1 1 1 1 1 1 1 1 1 1 3 2 2 2 2 2 2 2 2 2 0 0 0 0 0 
1 1 1 1 1 1 1 1 1 1 3 2 2 2 2 2 2 3 3 2 2 0 3 0 0 
1 1 1 1 1 1 1 1 1 1 3 3 3 3 3 2 2 2 3 3 2 0 3 3 3 
1 1 1 1 1 1 1 1 1 1 1 3 3 3 3 3 3 3 3 3 3 3 3 3 3 
1 1 1 1 1 1 1 1 1 1 1 3 4 3 3 3 3 3 3 3 3 3 3 3 3 
1 1 1 1 1 1 1 1 1 4 4 4 4 4 4 3 3 3 3 3 3 3 3 3 3 
1 1 1 1 1 1 1 1 1 1 4 4 4 4 4 4 4 3 3 3 3 3 3 3 3 
1 1 1 1 1 1 1 1 1 1 4 4 4 4 4 4 4 4 4 3 3 3 3 3 3 
1 1 1 1 1 1 1 1 4 4 4 4 4 4 4 4 4 4 4 3 3 3 3 3 4 
1 1 1 1 1 1 1 1 1 4 4 4 4 4 4 4 4 4 4 3 3 3 4 4 4 
1 1 1 1 1 1 1 1 4 4 4 4 4 4 4 4 4 4 4 4 4 3 3 4 4 
1 1 1 1 1 1 1 1 4 4 4 4 4 4 4 4 4 4 4 4 4 4 4 4 4 
1 1 1 1 1 1 1 1 4 4 4 4 4 4 4 4 4 4 4 4 4 4 4 4 4 
1 1 1 1 1 1 4 4 4 4 4 4 4 4 4 4 4 4 4 4 4 4 4 4 4 
1 1 1 1 1 1 1 4 4 4 4 4 4 4 4 4 4 4 4 4 4 4 4 4 4 
1 1 1 1 1 1 1 4 4 4 4 4 4 4 4 4 4 4 4 4 4 4 4 4 4 
1 1 1 4 4 4 4 4 4 4 4 4 4 4 4 4 4 4 4 4 4 4 4 4 4 
1 1 1 4 4 4 4 4 4 4 4 4 4 4 4 4 4 4 4 4 4 4 4 4 4 

-2.0 -2.0 -2.0 -2.0 -2.0 -2.0 -2.0 -2.0 2.0 2.0 2.0 2.0 2.0 2.0 -1.0 -1.0 -1.0 -1.0 -1.0 -1.0 -1.0 -1.0 -1.0 -1.0 -1.0 
-2.0 -2.0 -2.0 -2.0 -2.0 -2.0 -2.0 -2.0 2.0 2.0 2.0 2.0 2.0 2.0 -1.0 -1.0 -1.0 -1.0 -1.0 -1.0 -1.0 -1.0 -1.0 -1.0 -1.0 
-2.0 -2.0 -2.0 -2.0 -2.0 -2.0 -2.0 -2.0 2.0 2.0 2.0 2.0 2.0 2.0 -1.0 -1.0 2.0 -1.0 -1.0 -1.0 -1.0 -1.0 -1.0 -1.0 -1.0 
-2.0 -2.0 -2.0 -2.0 -2.0 -2.0 -2.0 -2.0 -2.0 2.0 2.0 2.0 2.0 2.0 -1.0 2.0 2.0 -1.0 -1.0 -1.0 -1.0 -1.0 -1.0 -1.0 -1.0 
-2.0 -2.0 -2.0 -2.0 -2.0 -2.0 -2.0 -2.0 -2.0 2.0 2.0 2.0 2.0 2.0 2.0 2.0 2.0 -1.0 -1.0 -1.0 -1.0 -1.0 -1.0 -1.0 -1.0 
-2.0 -2.0 -2.0 -2.0 -2.0 -2.0 -2.0 -2.0 2.0 2.0 2.0 2.0 2.0 2.0 2.0 2.0 2.0 -1.0 2.0 2.0 -1.0 -1.0 -1.0 -1.0 -1.0 
-2.0 -2.0 -2.0 -2.0 -2.0 -2.0 -2.0 -2.0 -2.0 2.0 2.0 2.0 2.0 2.0 2.0 2.0 2.0 2.0 2.0 -1.0 -1.0 -1.0 -1.0 -1.0 -1.0 
-2.0 -2.0 -2.0 -2.0 -2.0 -2.0 -2.0 -2.0 -2.0 -2.0 0.0 2.0 2.0 2.0 2.0 2.0 2.0 2.0 2.0 2.0 -1.0 -1.0 -1.0 -1.0 -1.0 
-2.0 -2.0 -2.0 -2.0 -2.0 -2.0 -2.0 -2.0 -2.0 -2.0 0.0 2.0 2.0 2.0 2.0 2.0 2.0 0.0 0.0 2.0 2.0 -1.0 0.0 -1.0 -1.0 
-2.0 -2.0 -2.0 -2.0 -2.0 -2.0 -2.0 -2.0 -2.0 -2.0 0.0 0.0 0.0 0.0 0.0 2.0 2.0 2.0 0.0 0.0 2.0 -1.0 0.0 0.0 0.0 
-2.0 -2.0 -2.0 -2.0 -2.0 -2.0 -2.0 -2.0 -2.0 -2.0 -2.0 0.0 0.0 0.0 0.0 0.0 0.0 0.0 0.0 0.0 0.0 0.0 0.0 0.0 0.0 
-2.0 -2.0 -2.0 -2.0 -2.0 -2.0 -2.0 -2.0 -2.0 -2.0 -2.0 0.0 1.0 0.0 0.0 0.0 0.0 0.0 0.0 0.0 0.0 0.0 0.0 0.0 0.0 
-2.0 -2.0 -2.0 -2.0 -2.0 -2.0 -2.0 -2.0 -2.0 1.0 1.0 1.0 1.0 1.0 1.0 0.0 0.0 0.0 0.0 0.0 0.0 0.0 0.0 0.0 0.0 
-2.0 -2.0 -2.0 -2.0 -2.0 -2.0 -2.0 -2.0 -2.0 -2.0 1.0 1.0 1.0 1.0 1.0 1.0 1.0 0.0 0.0 0.0 0.0 0.0 0.0 0.0 0.0 
-2.0 -2.0 -2.0 -2.0 -2.0 -2.0 -2.0 -2.0 -2.0 -2.0 1.0 1.0 1.0 1.0 1.0 1.0 1.0 1.0 1.0 0.0 0.0 0.0 0.0 0.0 0.0 
-2.0 -2.0 -2.0 -2.0 -2.0 -2.0 -2.0 -2.0 1.0 1.0 1.0 1.0 1.0 1.0 1.0 1.0 1.0 1.0 1.0 0.0 0.0 0.0 0.0 0.0 1.0 
-2.0 -2.0 -2.0 -2.0 -2.0 -2.0 -2.0 -2.0 -2.0 1.0 1.0 1.0 1.0 1.0 1.0 1.0 1.0 1.0 1.0 0.0 0.0 0.0 1.0 1.0 1.0 
-2.0 -2.0 -2.0 -2.0 -2.0 -2.0 -2.0 -2.0 1.0 1.0 1.0 1.0 1.0 1.0 1.0 1.0 1.0 1.0 1.0 1.0 1.0 0.0 0.0 1.0 1.0 
-2.0 -2.0 -2.0 -2.0 -2.0 -2.0 -2.0 -2.0 1.0 1.0 1.0 1.0 1.0 1.0 1.0 1.0 1.0 1.0 1.0 1.0 1.0 1.0 1.0 1.0 1.0 
-2.0 -2.0 -2.0 -2.0 -2.0 -2.0 -2.0 -2.0 1.0 1.0 1.0 1.0 1.0 1.0 1.0 1.0 1.0 1.0 1.0 1.0 1.0 1.0 1.0 1.0 1.0 
-2.0 -2.0 -2.0 -2.0 -2.0 -2.0 1.0 1.0 1.0 1.0 1.0 1.0 1.0 1.0 1.0 1.0 1.0 1.0 1.0 1.0 1.0 1.0 1.0 1.0 1.0 
-2.0 -2.0 -2.0 -2.0 -2.0 -2.0 -2.0 1.0 1.0 1.0 1.0 1.0 1.0 1.0 1.0 1.0 1.0 1.0 1.0 1.0 1.0 1.0 1.0 1.0 1.0 
-2.0 -2.0 -2.0 -2.0 -2.0 -2.0 -2.0 1.0 1.0 1.0 1.0 1.0 1.0 1.0 1.0 1.0 1.0 1.0 1.0 1.0 1.0 1.0 1.0 1.0 1.0 
-2.0 -2.0 -2.0 1.0 1.0 1.0 1.0 1.0 1.0 1.0 1.0 1.0 1.0 1.0 1.0 1.0 1.0 1.0 1.0 1.0 1.0 1.0 1.0 1.0 1.0 
-2.0 -2.0 -2.0 1.0 1.0 1.0 1.0 1.0 1.0 1.0 1.0 1.0 1.0 1.0 1.0 1.0 1.0 1.0 1.0 1.0 1.0 1.0 1.0 1.0 1.0 

-2.0 -2.0 -2.0 -2.0 -2.0 -2.0 -2.0 -2.0 0.0 0.0 0.0 0.0 0.0 0.0 1.0 1.0 1.0 1.0 1.0 1.0 1.0 1.0 1.0 1.0 1.0 
-2.0 -2.0 -2.0 -2.0 -2.0 -2.0 -2.0 -2.0 0.0 0.0 0.0 0.0 0.0 0.0 1.0 1.0 1.0 1.0 1.0 1.0 1.0 1.0 1.0 1.0 1.0 
-2.0 -2.0 -2.0 -2.0 -2.0 -2.0 -2.0 -2.0 0.0 0.0 0.0 0.0 0.0 0.0 1.0 1.0 0.0 1.0 1.0 1.0 1.0 1.0 1.0 1.0 1.0 
-2.0 -2.0 -2.0 -2.0 -2.0 -2.0 -2.0 -2.0 -2.0 0.0 0.0 0.0 0.0 0.0 1.0 0.0 0.0 1.0 1.0 1.0 1.0 1.0 1.0 1.0 1.0 
-2.0 -2.0 -2.0 -2.0 -2.0 -2.0 -2.0 -2.0 -2.0 0.0 0.0 0.0 0.0 0.0 0.0 0.0 0.0 1.0 1.0 1.0 1.0 1.0 1.0 1.0 1.0 
-2.0 -2.0 -2.0 -2.0 -2.0 -2.0 -2.0 -2.0 0.0 0.0 0.0 0.0 0.0 0.0 0.0 0.0 0.0 1.0 0.0 0.0 1.0 1.0 1.0 1.0 1.0 
-2.0 -2.0 -2.0 -2.0 -2.0 -2.0 -2.0 -2.0 -2.0 0.0 0.0 0.0 0.0 0.0 0.0 0.0 0.0 0.0 0.0 1.0 1.0 1.0 1.0 1.0 1.0 
-2.0 -2.0 -2.0 -2.0 -2.0 -2.0 -2.0 -2.0 -2.0 -2.0 2.0 0.0 0.0 0.0 0.0 0.0 0.0 0.0 0.0 0.0 1.0 1.0 1.0 1.0 1.0 
-2.0 -2.0 -2.0 -2.0 -2.0 -2.0 -2.0 -2.0 -2.0 -2.0 2.0 0.0 0.0 0.0 0.0 0.0 0.0 2.0 2.0 0.0 0.0 1.0 2.0 1.0 1.0 
-2.0 -2.0 -2.0 -2.0 -2.0 -2.0 -2.0 -2.0 -2.0 -2.0 2.0 2.0 2.0 2.0 2.0 0.0 0.0 0.0 2.0 2.0 0.0 1.0 2.0 2.0 2.0 
-2.0 -2.0 -2.0 -2.0 -2.0 -2.0 -2.0 -2.0 -2.0 -2.0 -2.0 2.0 2.0 2.0 2.0 2.0 2.0 2.0 2.0 2.0 2.0 2.0 2.0 2.0 2.0 
-2.0 -2.0 -2.0 -2.0 -2.0 -2.0 -2.0 -2.0 -2.0 -2.0 -2.0 2.0 -1.0 2.0 2.0 2.0 2.0 2.0 2.0 2.0 2.0 2.0 2.0 2.0 2.0 
-2.0 -2.0 -2.0 -2.0 -2.0 -2.0 -2.0 -2.0 -2.0 -1.0 -1.0 -1.0 -1.0 -1.0 -1.0 2.0 2.0 2.0 2.0 2.0 2.0 2.0 2.0 2.0 2.0 
-2.0 -2.0 -2.0 -2.0 -2.0 -2.0 -2.0 -2.0 -2.0 -2.0 -1.0 -1.0 -1.0 -1.0 -1.0 -1.0 -1.0 2.0 2.0 2.0 2.0 2.0 2.0 2.0 2.0 
-2.0 -2.0 -2.0 -2.0 -2.0 -2.0 -2.0 -2.0 -2.0 -2.0 -1.0 -1.0 -1.0 -1.0 -1.0 -1.0 -1.0 -1.0 -1.0 2.0 2.0 2.0 2.0 2.0 2.0 
-2.0 -2.0 -2.0 -2.0 -2.0 -2.0 -2.0 -2.0 -1.0 -1.0 -1.0 -1.0 -1.0 -1.0 -1.0 -1.0 -1.0 -1.0 -1.0 2.0 2.0 2.0 2.0 2.0 -1.0 
-2.0 -2.0 -2.0 -2.0 -2.0 -2.0 -2.0 -2.0 -2.0 -1.0 -1.0 -1.0 -1.0 -1.0 -1.0 -1.0 -1.0 -1.0 -1.0 2.0 2.0 2.0 -1.0 -1.0 -1.0 
-2.0 -2.0 -2.0 -2.0 -2.0 -2.0 -2.0 -2.0 -1.0 -1.0 -1.0 -1.0 -1.0 -1.0 -1.0 -1.0 -1.0 -1.0 -1.0 -1.0 -1.0 2.0 2.0 -1.0 -1.0 
-2.0 -2.0 -2.0 -2.0 -2.0 -2.0 -2.0 -2.0 -1.0 -1.0 -1.0 -1.0 -1.0 -1.0 -1.0 -1.0 -1.0 -1.0 -1.0 -1.0 -1.0 -1.0 -1.0 -1.0 -1.0 
-2.0 -2.0 -2.0 -2.0 -2.0 -2.0 -2.0 -2.0 -1.0 -1.0 -1.0 -1.0 -1.0 -1.0 -1.0 -1.0 -1.0 -1.0 -1.0 -1.0 -1.0 -1.0 -1.0 -1.0 -1.0 
-2.0 -2.0 -2.0 -2.0 -2.0 -2.0 -1.0 -1.0 -1.0 -1.0 -1.0 -1.0 -1.0 -1.0 -1.0 -1.0 -1.0 -1.0 -1.0 -1.0 -1.0 -1.0 -1.0 -1.0 -1.0 
-2.0 -2.0 -2.0 -2.0 -2.0 -2.0 -2.0 -1.0 -1.0 -1.0 -1.0 -1.0 -1.0 -1.0 -1.0 -1.0 -1.0 -1.0 -1.0 -1.0 -1.0 -1.0 -1.0 -1.0 -1.0 
-2.0 -2.0 -2.0 -2.0 -2.0 -2.0 -2.0 -1.0 -1.0 -1.0 -1.0 -1.0 -1.0 -1.0 -1.0 -1.0 -1.0 -1.0 -1.0 -1.0 -1.0 -1.0 -1.0 -1.0 -1.0 
-2.0 -2.0 -2.0 -1.0 -1.0 -1.0 -1.0 -1.0 -1.0 -1.0 -1.0 -1.0 -1.0 -1.0 -1.0 -1.0 -1.0 -1.0 -1.0 -1.0 -1.0 -1.0 -1.0 -1.0 -1.0 
-2.0 -2.0 -2.0 -1.0 -1.0 -1.0 -1.0 -1.0 -1.0 -1.0 -1.0 -1.0 -1.0 -1.0 -1.0 -1.0 -1.0 -1.0 -1.0 -1.0 -1.0 -1.0 -1.0 -1.0 -1.0 

