0.037051 0.685883 0.222540 0.439346 0.342705 0.937685 0.053139 0.917758 0.892954 0.343225 0.864299 0.397911 0.314879 0.841267 0.419802 0.750984 0.676953 0.929103 0.424852 0.252338 0.213434 0.625877 0.870973 0.739846 0.960054 
0.762368 0.934105 0.429754 0.945846 0.852501 0.113028 0.069197 0.645315 0.991181 0.897237 0.407144 0.885743 0.175292 0.994326 0.435788 0.413829 0.458410 0.109703 0.809338 0.948189 0.742598 0.890871 0.036343 0.322381 0.018335 
0.953244 0.010751 0.988774 0.164805 0.140746 0.631328 0.410154 0.196214 0.660247 0.631368 0.138573 0.446984 0.385151 0.143707 0.282930 0.668102 0.050886 0.855284 0.960245 0.957488 0.323146 0.289101 0.640265 0.573578 0.525388 
0.485650 0.883082 0.886554 0.266471 0.613826 0.545092 0.776965 0.161391 0.878042 0.575665 0.843090 0.604035 0.967214 0.012264 0.104043 0.426599 0.869909 0.711445 0.803344 0.980506 0.996105 0.808560 0.770734 0.545796 0.352713 
0.891251 0.222843 0.575340 0.543964 0.260296 0.125969 0.516840 0.859646 0.023990 0.692485 0.776477 0.959288 0.455695 0.531195 0.574568 0.117956 0.389181 0.896259 0.810786 0.792083 0.992201 0.706706 0.040692 0.910214 0.479783 
0.651266 0.653919 0.749013 0.255445 0.986786 0.934671 0.682362 0.162416 0.419461 0.190108 0.657058 0.595292 0.882682 0.756678 0.613986 0.538098 0.350106 0.202100 0.689549 0.529315 0.320077 0.912651 0.475649 0.436949 0.820583 
0.986852 0.130575 0.494709 0.148388 0.180021 0.704947 0.844226 0.003506 0.738145 0.304943 0.016515 0.070274 0.881523 0.952547 0.945493 0.455472 0.801570 0.353304 0.144804 0.026331 0.904988 0.311884 0.323394 0.032740 0.456005 
0.836681 0.730144 0.612213 0.377305 0.192084 0.958078 0.402268 0.559197 0.830783 0.238853 0.712145 0.906684 0.390637 0.984383 0.369393 0.799711 0.743614 0.075360 0.034874 0.425486 0.826796 0.522916 0.069230 0.249134 0.005720 
0.495849 0.669919 0.289895 0.945333 0.570619 0.310617 0.168747 0.898184 0.181827 0.006764 0.617064 0.777027 0.473699 0.931470 0.576301 0.346430 0.667104 0.822978 0.717112 0.193434 0.773972 0.811035 0.387434 0.122475 0.020918 
0.448843 0.295680 0.193362 0.655774 0.796661 0.737042 0.096446 0.921899 0.969025 0.276141 0.960039 0.341025 0.948322 0.221841 0.932091 0.657296 0.673927 0.251241 0.196893 0.572730 0.086190 0.789401 0.250417 0.920001 0.052931 
0.737920 0.644476 0.477416 0.201906 0.838527 0.695782 0.249227 0.265197 0.733895 0.631056 0.169608 0.825846 0.132552 0.225395 0.569833 0.004761 0.840855 0.949483 0.425621 0.885432 0.017299 0.649300 0.543883 0.140914 0.504026 
0.463517 0.984663 0.050725 0.648085 0.182998 0.251709 0.512409 0.799149 0.052254 0.129729 0.778951 0.132487 0.435694 0.053916 0.367212 0.828192 0.813997 0.001477 0.716986 0.388445 0.156528 0.171551 0.468808 0.381321 0.337866 
0.365098 0.391288 0.504541 0.156239 0.264849 0.947964 0.120815 0.361719 0.729932 0.660634 0.659136 0.780919 0.052496 0.378546 0.275217 0.476811 0.142886 0.721810 0.997550 0.195244 0.868798 0.408553 0.736927 0.048647 0.761373 
0.755884 0.067138 0.754307 0.530072 0.902910 0.654675 0.785495 0.264514 0.987766 0.392544 0.787250 0.723230 0.432359 0.090003 0.283386 0.424814 0.357784 0.042477 0.719580 0.397159 0.951123 0.423027 0.176729 0.463086 0.908048 
0.461484 0.315502 0.286345 0.546764 0.902402 0.645676 0.189048 0.275045 0.472223 0.513164 0.088672 0.348220 0.452530 0.258222 0.692132 0.747341 0.663707 0.802501 0.989431 0.782800 0.398320 0.001546 0.658133 0.393546 0.857570 
0.690858 0.683196 0.541513 0.376391 0.309543 0.288333 0.456410 0.057127 0.961465 0.808195 0.279781 0.283331 0.752628 0.893757 0.397115 0.292313 0.587957 0.842949 0.318920 0.901317 0.579312 0.741516 0.309293 0.691698 0.082157 
0.536089 0.485930 0.790818 0.614939 0.575550 0.195217 0.073853 0.477429 0.081315 0.433408 0.957781 0.909841 0.590556 0.539883 0.023812 0.494417 0.243412 0.335486 0.599780 0.214574 0.520121 0.167136 0.535105 0.403328 0.793258 
0.373752 0.239306 0.961925 0.287420 0.284613 0.837304 0.208813 0.896480 0.206841 0.087463 0.178733 0.473112 0.024490 0.829396 0.696074 0.152796 0.498462 0.394665 0.320896 0.508346 0.257332 0.705064 0.539064 0.853485 0.235416 
0.366179 0.245989 0.297389 0.485288 0.963423 0.042588 0.478443 0.535713 0.112731 0.056747 0.652842 0.911926 0.131978 0.997307 0.912302 0.649723 0.839334 0.202704 0.064709 0.235522 0.133098 0.610795 0.348186 0.473491 0.101837 
0.774310 0.128425 0.892219 0.489351 0.639241 0.450610 0.571114 0.507096 0.433442 0.260015 0.846009 0.255221 0.150429 0.131798 0.457858 0.142993 0.628382 0.463485 0.577249 0.605959 0.153054 0.946264 0.111308 0.525692 0.252204 
0.462784 0.957019 0.900771 0.083174 0.980411 0.980600 0.263189 0.211213 0.064804 0.258254 0.617818 0.997180 0.707816 0.020272 0.651784 0.615481 0.076455 0.732999 0.025445 0.929338 0.307915 0.224324 0.359767 0.820340 0.288819 
0.456346 0.697163 0.280600 0.943479 0.796358 0.910181 0.283014 0.819769 0.712048 0.402407 0.055879 0.765191 0.623043 0.351947 0.440108 0.175672 0.264236 0.375071 0.191695 0.089564 0.459503 0.711450 0.160136 0.006971 0.224010 
0.297621 0.570907 0.119993 0.756386 0.387482 0.832438 0.155601 0.593581 0.355943 0.277055 0.515063 0.104111 0.391539 0.844698 0.938823 0.029284 0.314583 0.127513 0.095698 0.553027 0.624617 0.988499 0.387277 0.603327 0.946916 
0.241063 0.698481 0.314431 0.927540 0.661327 0.259523 0.952404 0.704479 0.124038 0.029414 0.482041 0.738359 0.474217 0.004103 0.271648 0.447862 0.050151 0.201679 0.543050 0.172400 0.514910 0.001296 0.889579 0.998265 0.234704 
0.487801 0.256358 0.472964 0.580039 0.582223 0.564311 0.808395 0.691528 0.817081 0.865686 0.867200 0.679253 0.105211 0.355385 0.646789 0.548212 0.877048 0.903318 0.100971 0.445562 0.758323 0.287616 0.813522 0.353087 0.153941 

0.443064 0.385995 0.102621 0.844660 0.858688 0.885233 0.642257 0.616946 0.242225 0.659255 0.823312 0.023404 0.343461 0.359866 0.252723 0.675175 0.591015 0.202061 0.090602 0.955567 0.947799 0.492905 0.349639 0.433030 0.751161 
0.386732 0.357576 0.208507 0.018948 0.109849 0.474710 0.102542 0.700253 0.469165 0.401781 0.298064 0.269776 0.444407 0.099047 0.409782 0.080848 0.068754 0.065107 0.558081 0.864738 0.756292 0.724667 0.838767 0.265256 0.594405 
0.450912 0.289315 0.462689 0.997491 0.379049 0.341218 0.723143 0.296454 0.647770 0.843364 0.170039 0.393283 0.731117 0.045690 0.123985 0.171821 0.607249 0.851959 0.900139 0.199595 0.499319 0.646888 0.391188 0.144582 0.107920 
0.477304 0.281202 0.570454 0.923454 0.558299 0.132442 0.238408 0.959879 0.254234 0.552398 0.023518 0.908700 0.895170 0.304869 0.493321 0.795811 0.466931 0.544721 0.990674 0.903636 0.472816 0.179095 0.969330 0.935047 0.265651 
0.683411 0.888405 0.444240 0.246187 0.005550 0.253406 0.530284 0.763475 0.726285 0.013752 0.958176 0.365608 0.402322 0.253534 0.688152 0.268654 0.468102 0.066986 0.094229 0.559181 0.717153 0.781451 0.595524 0.070982 0.802019 
0.780689 0.418760 0.966590 0.967035 0.932487 0.811898 0.312125 0.331501 0.523011 0.616035 0.128751 0.553187 0.292946 0.755810 0.113392 0.298765 0.173956 0.311200 0.237655 0.823032 0.232264 0.711021 0.423846 0.920521 0.339735 
0.882908 0.755950 0.568598 0.746919 0.079742 0.474259 0.062428 0.214638 0.583105 0.811857 0.857228 0.070121 0.448720 0.969681 0.968032 0.503062 0.646393 0.400738 0.458141 0.024141 0.700935 0.109751 0.513866 0.520155 0.270783 
0.313163 0.024685 0.497488 0.571957 0.689073 0.931935 0.154401 0.975163 0.122193 0.476232 0.951737 0.590348 0.630876 0.485094 0.567063 0.864337 0.119133 0.842926 0.408991 0.355818 0.342593 0.039580 0.435562 0.814777 0.045606 
0.058729 0.454334 0.079007 0.539420 0.550969 0.285839 0.013325 0.057324 0.435294 0.304523 0.330717 0.488276 0.239219 0.964856 0.419615 0.155665 0.562900 0.337788 0.726904 0.622286 0.690407 0.454603 0.445578 0.226515 0.903939 
0.473932 0.798495 0.079771 0.111968 0.257025 0.436547 0.801676 0.721049 0.693948 0.344101 0.231594 0.710074 0.021768 0.681299 0.660577 0.992640 0.270232 0.164057 0.160466 0.808006 0.741744 0.235468 0.033421 0.780438 0.824673 
0.416192 0.476726 0.574709 0.663569 0.377598 0.008159 0.392635 0.307945 0.236414 0.354490 0.592417 0.520932 0.511481 0.232745 0.474313 0.529361 0.713172 0.930421 0.583259 0.375373 0.179156 0.266620 0.272327 0.103571 0.265343 
0.155274 0.105485 0.051750 0.005353 0.106684 0.078203 0.928163 0.147024 0.998747 0.053556 0.615444 0.153037 0.716547 0.045691 0.541341 0.728134 0.230825 0.530670 0.216677 0.148175 0.343521 0.700239 0.636134 0.077583 0.380345 
0.166290 0.784184 0.747815 0.358726 0.444275 0.723013 0.852639 0.566350 0.612325 0.562598 0.310225 0.292718 0.395555 0.058891 0.084935 0.036921 0.688844 0.092710 0.010323 0.218057 0.097481 0.879802 0.838085 0.455211 0.832190 
0.994490 0.309449 0.701620 0.066642 0.248787 0.899592 0.321902 0.863938 0.443052 0.861258 0.218077 0.153944 0.719653 0.800296 0.593635 0.717308 0.762326 0.628540 0.640740 0.219921 0.213957 0.958338 0.968503 0.110981 0.853085 
0.448207 0.001166 0.020502 0.272918 0.891948 0.765366 0.770013 0.965900 0.739862 0.026912 0.046446 0.109157 0.086675 0.257938 0.006872 0.328084 0.954307 0.556215 0.449756 0.302689 0.593216 0.797176 0.685762 0.760315 0.110982 
0.005008 0.640933 0.613684 0.080848 0.517345 0.406736 0.768615 0.731733 0.163306 0.721354 0.270572 0.530883 0.307369 0.728545 0.573412 0.025146 0.319925 0.256843 0.917185 0.640907 0.001097 0.778318 0.805292 0.290732 0.894050 
0.487920 0.435537 0.504825 0.479012 0.161958 0.383236 0.938415 0.181848 0.487104 0.333874 0.034376 0.574776 0.138855 0.432907 0.887883 0.193074 0.527096 0.081219 0.916896 0.287240 0.463282 0.623830 0.668558 0.382156 0.912889 
0.865535 0.955716 0.345165 0.277773 0.768439 0.287702 0.344314 0.751171 0.628859 0.088732 0.151368 0.020433 0.691769 0.884617 0.375519 0.518148 0.080735 0.052425 0.941072 0.087223 0.807963 0.634545 0.320715 0.816160 0.287183 
0.589611 0.672728 0.480683 0.492138 0.619292 0.701304 0.631532 0.133125 0.872950 0.165827 0.585190 0.154290 0.770752 0.021788 0.556309 0.773681 0.886526 0.366557 0.030450 0.236418 0.875642 0.072681 0.288163 0.908484 0.760754 
0.159034 0.830743 0.809893 0.897014 0.087024 0.348114 0.145145 0.265928 0.262183 0.632870 0.823705 0.518398 0.136740 0.798903 0.116570 0.739164 0.487593 0.693745 0.164372 0.340745 0.753906 0.115333 0.238702 0.052060 0.040526 
0.691927 0.115501 0.206523 0.851319 0.631864 0.147314 0.339390 0.028719 0.787075 0.247300 0.446165 0.952346 0.289188 0.704339 0.770562 0.930498 0.202400 0.911056 0.858868 0.988520 0.345467 0.018844 0.669291 0.888215 0.245087 
0.999813 0.553202 0.415403 0.542429 0.620211 0.398919 0.774270 0.241697 0.173507 0.796564 0.561015 0.008210 0.435531 0.113560 0.407693 0.477847 0.211277 0.138863 0.510283 0.514277 0.069272 0.203180 0.709641 0.069826 0.199961 
0.079566 0.072354 0.883379 0.507649 0.554817 0.908531 0.204129 0.957633 0.587072 0.705670 0.463262 0.112537 0.571430 0.494751 0.645270 0.766928 0.840314 0.431760 0.126423 0.770900 0.726399 0.043468 0.262100 0.854176 0.372312 
0.858781 0.050377 0.861899 0.663496 0.155971 0.107077 0.119709 0.011262 0.881621 0.968573 0.860930 0.089172 0.877735 0.891495 0.155644 0.694258 0.773899 0.611184 0.113375 0.289560 0.276594 0.891817 0.851816 0.372624 0.199653 
0.528387 0.870178 0.407741 0.126432 0.342519 0.397253 0.324154 0.061424 0.107536 0.174270 0.484752 0.468046 0.106425 0.145354 0.841861 0.655562 0.388016 0.014751 0.397313 0.045043 0.802047 0.544884 0.986055 0.499240 0.560412 

-0.877762 0.603346 0.144575 -0.819834 -1.050727 -0.070571 -1.194603 0.619768 1.318649 -0.643771 0.092912 0.751579 -0.047844 1.045012 0.544907 0.141522 0.324286 1.507857 0.894490 -1.479371 -1.364844 0.075429 1.252322 0.631650 0.346179 
0.859375 1.045925 0.342187 1.888343 1.469644 -0.738847 -0.095065 -0.127992 1.151951 1.111157 -0.043756 1.135088 -0.599303 1.956384 0.038254 0.756094 0.820808 -0.075251 0.431151 0.225921 -0.032276 0.269581 -1.649836 0.093140 -1.185681 
1.003628 -0.562353 1.197518 -1.543132 -0.489530 0.601705 -0.467281 -0.337945 -0.060692 -0.590214 -0.105784 0.153662 -0.511312 0.238734 0.275148 1.153754 -1.064869 0.049645 0.088981 1.460748 -0.463733 -0.641354 0.343384 0.731307 0.899478 
0.152588 1.159047 0.656017 -1.216754 0.002499 0.875455 1.207425 -1.543967 1.181948 0.132394 1.586434 -0.762260 0.132414 -0.601618 -0.581087 -0.788551 0.880463 0.323985 -0.349662 0.199789 1.043094 1.243467 -0.372326 -0.809471 0.086836 
0.649871 -1.361727 0.402572 0.518371 0.510656 -0.367041 -0.031705 0.211901 -1.303918 1.505837 -0.367055 1.422469 0.090148 0.615163 -0.362063 -0.309929 -0.159281 1.650239 1.541666 0.420049 0.473135 -0.096445 -1.052840 1.571932 -0.483755 
2.278808 1.454098 2.775663 2.265969 2.845485 2.619999 1.332637 0.855554 1.303600 1.401490 0.973655 1.734596 1.585342 2.117758 0.699749 1.112153 0.577934 0.777090 1.255494 2.227315 0.565198 2.146832 1.300142 2.267164 1.445443 
2.994510 1.633776 1.553732 1.642909 0.461155 1.679577 1.157510 0.377071 1.877957 1.783697 1.410477 0.303452 1.784402 2.972935 2.932374 1.556040 2.161269 1.075198 0.988018 -0.010003 2.271072 0.623646 1.295160 1.251378 0.902114 
1.482344 0.854548 1.568477 1.482389 1.628740 2.840743 0.707457 2.325548 0.843639 1.256330 2.600859 2.071383 1.664462 1.884184 1.465808 2.285319 1.056651 1.857519 0.855439 1.257049 1.559718 0.703520 0.985446 1.922221 0.019755 
0.524047 1.524685 0.331373 2.028110 1.696956 0.995307 0.187598 1.038233 0.982468 0.691481 1.429513 1.674009 1.034310 2.878614 1.379017 0.513001 1.842739 1.507909 2.109744 1.572220 2.242263 1.806062 1.277150 0.504969 1.937196 
1.329202 1.882853 0.294105 0.937201 1.270483 1.559350 1.689677 2.370655 2.371653 1.156564 1.416091 1.677788 0.997190 1.331030 2.230693 2.787726 1.287376 0.594900 0.707573 2.243497 1.656252 1.280192 0.268059 2.514209 1.695272 
-1.827449 -1.703149 -1.323433 -1.016093 -1.875437 -1.364911 -1.076437 -0.930912 -1.547917 -1.556674 -1.000111 -2.237032 -0.827748 -0.743288 -1.548442 -0.501900 -2.462181 -2.864015 -1.511160 -2.114758 -0.117323 -1.645791 -1.385198 -0.336012 -1.257599 
-0.918000 -2.018308 -0.197314 -1.314353 -0.566329 -0.808552 -2.028820 -1.662574 -1.170229 -0.431726 -2.032598 -0.417825 -1.624923 -0.250260 -1.222429 -2.209466 -1.927831 -0.508999 -1.512170 -1.019857 -0.631649 -1.108694 -1.407237 -0.892471 -1.029443 
-1.051771 -1.555278 -1.964285 -0.876088 -1.004359 -2.599089 -1.005206 -1.324363 -2.240724 -1.853473 -1.611204 -1.772741 -0.495721 -0.903143 -0.455080 -1.113156 -0.948298 -1.605300 -2.018179 -0.570769 -1.869092 -1.613381 -2.245140 -0.453169 -2.469745 
-2.664816 -0.375540 -2.237787 -1.019402 -2.196593 -2.194563 -1.869580 -1.469453 -2.252563 -1.733466 -1.917829 -1.669332 -1.451890 -0.979308 -1.194903 -1.512101 -1.508620 -0.606619 -2.116937 -1.002084 -2.123747 -1.615190 -1.212655 -1.054677 -2.657084 
-1.443115 -0.505380 -0.613209 -1.294321 -2.399805 -1.974389 -1.183538 -1.315791 -1.674477 -1.115222 -0.285376 -1.002850 -1.092883 -0.829548 -1.328392 -1.759370 -2.225330 -2.098354 -2.313869 -2.106103 -1.268982 -0.867812 -2.006008 -1.461411 -1.904245 
-0.771170 -0.671025 -0.563538 -0.528308 -0.158408 -0.264674 -0.610914 0.094329 -1.026126 -0.840613 -0.451856 -0.234454 -0.713983 -0.975184 -0.346049 -0.233063 -0.419919 -0.814379 -0.317254 -0.941598 -0.616300 -0.746204 -0.273290 -0.792476 -0.028578 
-0.422762 -0.221638 -0.680366 -0.617594 -0.707648 0.026575 0.007573 -0.483316 -0.156688 -0.496621 -0.716470 -0.858510 -0.652562 -0.610185 0.073259 -0.550673 -0.462082 -0.360652 -0.493121 -0.131390 -0.424343 -0.232285 -0.431687 -0.264895 -0.873363 
-0.298954 -0.167013 -0.927919 -0.333737 -0.288943 -0.586118 -0.105193 -0.746620 -0.128426 -0.048094 -0.147234 -0.382753 -0.149725 -0.888851 -0.644425 -0.166532 -0.569351 -0.412665 -0.467595 -0.436188 -0.389679 -0.718169 -0.550578 -1.064283 -0.097913 
-0.368282 -0.368963 -0.252854 -0.347308 -0.870190 -0.139876 -0.542373 -0.636313 -0.047205 -0.064042 -0.680590 -1.020032 -0.041328 -1.114416 -0.842162 -0.664686 -0.803263 -0.108092 0.042498 -0.282506 -0.196944 -0.550821 -0.349367 -0.553377 -0.073528 
-0.764723 -0.207327 -0.943515 -0.628528 -0.785250 -0.408678 -0.602060 -0.595215 -0.378287 -0.078175 -0.807273 -0.150030 -0.114324 -0.169824 -0.565270 -0.304560 -0.543059 -0.508326 -0.491552 -0.840928 -0.266689 -0.952897 0.053824 -0.481113 -0.366131 
0.692195 0.036316 0.277012 0.804124 0.695962 0.136411 0.360971 0.070330 0.747907 0.015748 0.401668 0.941272 0.466099 0.743437 0.655752 1.019782 0.399935 0.858299 0.851537 0.880606 0.299684 -0.131372 0.561943 0.907123 0.162097 
1.029431 0.684793 0.504694 0.530225 0.792709 0.556130 0.820872 0.193125 0.044606 0.858470 0.656603 0.130888 0.485697 0.097473 0.333362 0.468616 0.303515 0.110905 0.508024 0.405271 0.093897 0.228817 0.601548 0.057099 0.184694 
0.147454 0.096860 0.966193 0.460949 0.507127 0.812285 0.088296 1.013175 0.744520 0.646859 0.517261 0.109514 0.575162 0.429577 0.647251 0.714906 0.776340 0.445650 0.052989 0.689122 0.732030 -0.013148 0.147481 0.717831 0.467769 
0.976405 0.099163 0.603979 0.793910 0.120247 -0.025319 0.103973 -0.195890 0.820718 1.049677 0.800273 0.167636 0.869718 0.974433 0.242671 0.755484 0.703919 0.508044 0.187716 0.355652 0.327736 0.826232 0.760623 0.507494 0.211059 
0.482800 0.969342 0.405350 0.136709 0.402565 0.400170 0.254646 0.133813 0.044450 0.005709 0.498398 0.466684 0.189913 0.142463 0.938792 0.678549 0.497811 0.004431 0.277063 0.103009 0.749596 0.545235 0.863841 0.508559 0.753200 

0 0 0 0 0 0 0 0 0 0 0 0 0 0 0 0 0 0 0 0 0 0 0 0 0 
0 0 0 0 0 0 0 0 0 0 0 0 0 0 0 0 0 0 0 0 0 0 0 0 0 
0 0 0 0 0 0 0 0 0 0 0 0 0 0 0 0 0 0 0 0 0 0 0 0 0 
0 0 0 0 0 0 0 0 0 0 0 0 0 0 0 0 0 0 0 0 0 0 0 0 0 
0 0 0 0 0 0 0 0 0 0 0 0 0 0 0 0 0 0 0 0 0 0 0 0 0 
1 1 1 1 1 1 1 1 1 1 1 1 1 1 1 1 1 1 1 1 1 1 1 1 1 
1 1 1 1 1 1 1 1 1 1 1 1 1 1 1 1 1 1 1 1 1 1 1 1 1 
1 1 1 1 1 1 1 1 1 1 1 1 1 1 1 1 1 1 1 1 1 1 1 1 1 
1 1 1 1 1 1 1 1 1 1 1 1 1 1 1 1 1 1 1 1 1 1 1 1 1 
1 1 1 1 1 1 1 1 1 1 1 1 1 1 1 1 1 1 1 1 1 1 1 1 1 
2 2 2 2 2 2 2 2 2 2 2 2 2 2 2 2 2 2 2 2 2 2 2 2 2 
2 2 2 2 2 2 2 2 2 2 2 2 2 2 2 2 2 2 2 2 2 2 2 2 2 
2 2 2 2 2 2 2 2 2 2 2 2 2 2 2 2 2 2 2 2 2 2 2 2 2 
2 2 2 2 2 2 2 2 2 2 2 2 2 2 2 2 2 2 2 2 2 2 2 2 2 
2 2 2 2 2 2 2 2 2 2 2 2 2 2 2 2 2 2 2 2 2 2 2 2 2 
3 3 3 3 3 3 3 3 3 3 3 3 3 3 3 3 3 3 3 3 3 3 3 3 3 
3 3 3 3 3 3 3 3 3 3 3 3 3 3 3 3 3 3 3 3 3 3 3 3 3 
3 3 3 3 3 3 3 3 3 3 3 3 3 3 3 3 3 3 3 3 3 3 3 3 3 
3 3 3 3 3 3 3 3 3 3 3 3 3 3 3 3 3 3 3 3 3 3 3 3 3 
3 3 3 3 3 3 3 3 3 3 3 3 3 3 3 3 3 3 3 3 3 3 3 3 3 
4 4 4 4 4 4 4 4 4 4 4 4 4 4 4 4 4 4 4 4 4 4 4 4 4 
4 4 4 4 4 4 4 4 4 4 4 4 4 4 4 4 4 4 4 4 4 4 4 4 4 
4 4 4 4 4 4 4 4 4 4 4 4 4 4 4 4 4 4 4 4 4 4 4 4 4 
4 4 4 4 4 4 4 4 4 4 4 4 4 4 4 4 4 4 4 4 4 4 4 4 4 
4 4 4 4 4 4 4 4 4 4 4 4 4 4 4 4 4 4 4 4 4 4 4 4 4 

2.0 2.0 2.0 2.0 2.0 2.0 2.0 2.0 2.0 2.0 2.0 2.0 2.0 2.0 2.0 2.0 2.0 2.0 2.0 2.0 2.0 2.0 2.0 2.0 2.0 
2.0 2.0 2.0 2.0 2.0 2.0 2.0 2.0 2.0 2.0 2.0 2.0 2.0 2.0 2.0 2.0 2.0 2.0 2.0 2.0 2.0 2.0 2.0 2.0 2.0 
2.0 2.0 2.0 2.0 2.0 2.0 2.0 2.0 2.0 2.0 2.0 2.0 2.0 2.0 2.0 2.0 2.0 2.0 2.0 2.0 2.0 2.0 2.0 2.0 2.0 
2.0 2.0 2.0 2.0 2.0 2.0 2.0 2.0 2.0 2.0 2.0 2.0 2.0 2.0 2.0 2.0 2.0 2.0 2.0 2.0 2.0 2.0 2.0 2.0 2.0 
2.0 2.0 2.0 2.0 2.0 2.0 2.0 2.0 2.0 2.0 2.0 2.0 2.0 2.0 2.0 2.0 2.0 2.0 2.0 2.0 2.0 2.0 2.0 2.0 2.0 
1.0 1.0 1.0 1.0 1.0 1.0 1.0 1.0 1.0 1.0 1.0 1.0 1.0 1.0 1.0 1.0 1.0 1.0 1.0 1.0 1.0 1.0 1.0 1.0 1.0 
1.0 1.0 1.0 1.0 1.0 1.0 1.0 1.0 1.0 1.0 1.0 1.0 1.0 1.0 1.0 1.0 1.0 1.0 1.0 1.0 1.0 1.0 1.0 1.0 1.0 
1.0 1.0 1.0 1.0 1.0 1.0 1.0 1.0 1.0 1.0 1.0 1.0 1.0 1.0 1.0 1.0 1.0 1.0 1.0 1.0 1.0 1.0 1.0 1.0 1.0 
1.0 1.0 1.0 1.0 1.0 1.0 1.0 1.0 1.0 1.0 1.0 1.0 1.0 1.0 1.0 1.0 1.0 1.0 1.0 1.0 1.0 1.0 1.0 1.0 1.0 
1.0 1.0 1.0 1.0 1.0 1.0 1.0 1.0 1.0 1.0 1.0 1.0 1.0 1.0 1.0 1.0 1.0 1.0 1.0 1.0 1.0 1.0 1.0 1.0 1.0 
-2.0 -2.0 -2.0 -2.0 -2.0 -2.0 -2.0 -2.0 -2.0 -2.0 -2.0 -2.0 -2.0 -2.0 -2.0 -2.0 -2.0 -2.0 -2.0 -2.0 -2.0 -2.0 -2.0 -2.0 -2.0 
-2.0 -2.0 -2.0 -2.0 -2.0 -2.0 -2.0 -2.0 -2.0 -2.0 -2.0 -2.0 -2.0 -2.0 -2.0 -2.0 -2.0 -2.0 -2.0 -2.0 -2.0 -2.0 -2.0 -2.0 -2.0 
-2.0 -2.0 -2.0 -2.0 -2.0 -2.0 -2.0 -2.0 -2.0 -2.0 -2.0 -2.0 -2.0 -2.0 -2.0 -2.0 -2.0 -2.0 -2.0 -2.0 -2.0 -2.0 -2.0 -2.0 -2.0 
-2.0 -2.0 -2.0 -2.0 -2.0 -2.0 -2.0 -2.0 -2.0 -2.0 -2.0 -2.0 -2.0 -2.0 -2.0 -2.0 -2.0 -2.0 -2.0 -2.0 -2.0 -2.0 -2.0 -2.0 -2.0 
-2.0 -2.0 -2.0 -2.0 -2.0 -2.0 -2.0 -2.0 -2.0 -2.0 -2.0 -2.0 -2.0 -2.0 -2.0 -2.0 -2.0 -2.0 -2.0 -2.0 -2.0 -2.0 -2.0 -2.0 -2.0 
-1.0 -1.0 -1.0 -1.0 -1.0 -1.0 -1.0 -1.0 -1.0 -1.0 -1.0 -1.0 -1.0 -1.0 -1.0 -1.0 -1.0 -1.0 -1.0 -1.0 -1.0 -1.0 -1.0 -1.0 -1.0 
-1.0 -1.0 -1.0 -1.0 -1.0 -1.0 -1.0 -1.0 -1.0 -1.0 -1.0 -1.0 -1.0 -1.0 -1.0 -1.0 -1.0 -1.0 -1.0 -1.0 -1.0 -1.0 -1.0 -1.0 -1.0 
-1.0 -1.0 -1.0 -1.0 -1.0 -1.0 -1.0 -1.0 -1.0 -1.0 -1.0 -1.0 -1.0 -1.0 -1.0 -1.0 -1.0 -1.0 -1.0 -1.0 -1.0 -1.0 -1.0 -1.0 -1.0 
-1.0 -1.0 -1.0 -1.0 -1.0 -1.0 -1.0 -1.0 -1.0 -1.0 -1.0 -1.0 -1.0 -1.0 -1.0 -1.0 -1.0 -1.0 -1.0 -1.0 -1.0 -1.0 -1.0 -1.0 -1.0 
-1.0 -1.0 -1.0 -1.0 -1.0 -1.0 -1.0 -1.0 -1.0 -1.0 -1.0 -1.0 -1.0 -1.0 -1.0 -1.0 -1.0 -1.0 -1.0 -1.0 -1.0 -1.0 -1.0 -1.0 -1.0 
0.0 0.0 0.0 0.0 0.0 0.0 0.0 0.0 0.0 0.0 0.0 0.0 0.0 0.0 0.0 0.0 0.0 0.0 0.0 0.0 0.0 0.0 0.0 0.0 0.0 
0.0 0.0 0.0 0.0 0.0 0.0 0.0 0.0 0.0 0.0 0.0 0.0 0.0 0.0 0.0 0.0 0.0 0.0 0.0 0.0 0.0 0.0 0.0 0.0 0.0 
0.0 0.0 0.0 0.0 0.0 0.0 0.0 0.0 0.0 0.0 0.0 0.0 0.0 0.0 0.0 0.0 0.0 0.0 0.0 0.0 0.0 0.0 0.0 0.0 0.0 
0.0 0.0 0.0 0.0 0.0 0.0 0.0 0.0 0.0 0.0 0.0 0.0 0.0 0.0 0.0 0.0 0.0 0.0 0.0 0.0 0.0 0.0 0.0 0.0 0.0 
0.0 0.0 0.0 0.0 0.0 0.0 0.0 0.0 0.0 0.0 0.0 0.0 0.0 0.0 0.0 0.0 0.0 0.0 0.0 0.0 0.0 0.0 0.0 0.0 0.0 

-2.0 -2.0 -2.0 -2.0 -2.0 -2.0 -2.0 -2.0 -2.0 -2.0 -2.0 -2.0 -2.0 -2.0 -2.0 -2.0 -2.0 -2.0 -2.0 -2.0 -2.0 -2.0 -2.0 -2.0 -2.0 
-2.0 -2.0 -2.0 -2.0 -2.0 -2.0 -2.0 -2.0 -2.0 -2.0 -2.0 -2.0 -2.0 -2.0 -2.0 -2.0 -2.0 -2.0 -2.0 -2.0 -2.0 -2.0 -2.0 -2.0 -2.0 
-2.0 -2.0 -2.0 -2.0 -2.0 -2.0 -2.0 -2.0 -2.0 -2.0 -2.0 -2.0 -2.0 -2.0 -2.0 -2.0 -2.0 -2.0 -2.0 -2.0 -2.0 -2.0 -2.0 -2.0 -2.0 
-2.0 -2.0 -2.0 -2.0 -2.0 -2.0 -2.0 -2.0 -2.0 -2.0 -2.0 -2.0 -2.0 -2.0 -2.0 -2.0 -2.0 -2.0 -2.0 -2.0 -2.0 -2.0 -2.0 -2.0 -2.0 
-2.0 -2.0 -2.0 -2.0 -2.0 -2.0 -2.0 -2.0 -2.0 -2.0 -2.0 -2.0 -2.0 -2.0 -2.0 -2.0 -2.0 -2.0 -2.0 -2.0 -2.0 -2.0 -2.0 -2.0 -2.0 
2.0 2.0 2.0 2.0 2.0 2.0 2.0 2.0 2.0 2.0 2.0 2.0 2.0 2.0 2.0 2.0 2.0 2.0 2.0 2.0 2.0 2.0 2.0 2.0 2.0 
2.0 2.0 2.0 2.0 2.0 2.0 2.0 2.0 2.0 2.0 2.0 2.0 2.0 2.0 2.0 2.0 2.0 2.0 2.0 2.0 2.0 2.0 2.0 2.0 2.0 
2.0 2.0 2.0 2.0 2.0 2.0 2.0 2.0 2.0 2.0 2.0 2.0 2.0 2.0 2.0 2.0 2.0 2.0 2.0 2.0 2.0 2.0 2.0 2.0 2.0 
2.0 2.0 2.0 2.0 2.0 2.0 2.0 2.0 2.0 2.0 2.0 2.0 2.0 2.0 2.0 2.0 2.0 2.0 2.0 2.0 2.0 2.0 2.0 2.0 2.0 
2.0 2.0 2.0 2.0 2.0 2.0 2.0 2.0 2.0 2.0 2.0 2.0 2.0 2.0 2.0 2.0 2.0 2.0 2.0 2.0 2.0 2.0 2.0 2.0 2.0 
-1.0 -1.0 -1.0 -1.0 -1.0 -1.0 -1.0 -1.0 -1.0 -1.0 -1.0 -1.0 -1.0 -1.0 -1.0 -1.0 -1.0 -1.0 -1.0 -1.0 -1.0 -1.0 -1.0 -1.0 -1.0 
-1.0 -1.0 -1.0 -1.0 -1.0 -1.0 -1.0 -1.0 -1.0 -1.0 -1.0 -1.0 -1.0 -1.0 -1.0 -1.0 -1.0 -1.0 -1.0 -1.0 -1.0 -1.0 -1.0 -1.0 -1.0 
-1.0 -1.0 -1.0 -1.0 -1.0 -1.0 -1.0 -1.0 -1.0 -1.0 -1.0 -1.0 -1.0 -1.0 -1.0 -1.0 -1.0 -1.0 -1.0 -1.0 -1.0 -1.0 -1.0 -1.0 -1.0 
-1.0 -1.0 -1.0 -1.0 -1.0 -1.0 -1.0 -1.0 -1.0 -1.0 -1.0 -1.0 -1.0 -1.0 -1.0 -1.0 -1.0 -1.0 -1.0 -1.0 -1.0 -1.0 -1.0 -1.0 -1.0 
-1.0 -1.0 -1.0 -1.0 -1.0 -1.0 -1.0 -1.0 -1.0 -1.0 -1.0 -1.0 -1.0 -1.0 -1.0 -1.0 -1.0 -1.0 -1.0 -1.0 -1.0 -1.0 -1.0 -1.0 -1.0 
0.0 0.0 0.0 0.0 0.0 0.0 0.0 0.0 0.0 0.0 0.0 0.0 0.0 0.0 0.0 0.0 0.0 0.0 0.0 0.0 0.0 0.0 0.0 0.0 0.0 
0.0 0.0 0.0 0.0 0.0 0.0 0.0 0.0 0.0 0.0 0.0 0.0 0.0 0.0 0.0 0.0 0.0 0.0 0.0 0.0 0.0 0.0 0.0 0.0 0.0 
0.0 0.0 0.0 0.0 0.0 0.0 0.0 0.0 0.0 0.0 0.0 0.0 0.0 0.0 0.0 0.0 0.0 0.0 0.0 0.0 0.0 0.0 0.0 0.0 0.0 
0.0 0.0 0.0 0.0 0.0 0.0 0.0 0.0 0.0 0.0 0.0 0.0 0.0 0.0 0.0 0.0 0.0 0.0 0.0 0.0 0.0 0.0 0.0 0.0 0.0 
0.0 0.0 0.0 0.0 0.0 0.0 0.0 0.0 0.0 0.0 0.0 0.0 0.0 0.0 0.0 0.0 0.0 0.0 0.0 0.0 0.0 0.0 0.0 0.0 0.0 
1.0 1.0 1.0 1.0 1.0 1.0 1.0 1.0 1.0 1.0 1.0 1.0 1.0 1.0 1.0 1.0 1.0 1.0 1.0 1.0 1.0 1.0 1.0 1.0 1.0 
1.0 1.0 1.0 1.0 1.0 1.0 1.0 1.0 1.0 1.0 1.0 1.0 1.0 1.0 1.0 1.0 1.0 1.0 1.0 1.0 1.0 1.0 1.0 1.0 1.0 
1.0 1.0 1.0 1.0 1.0 1.0 1.0 1.0 1.0 1.0 1.0 1.0 1.0 1.0 1.0 1.0 1.0 1.0 1.0 1.0 1.0 1.0 1.0 1.0 1.0 
1.0 1.0 1.0 1.0 1.0 1.0 1.0 1.0 1.0 1.0 1.0 1.0 1.0 1.0 1.0 1.0 1.0 1.0 1.0 1.0 1.0 1.0 1.0 1.0 1.0 
1.0 1.0 1.0 1.0 1.0 1.0 1.0 1.0 1.0 1.0 1.0 1.0 1.0 1.0 1.0 1.0 1.0 1.0 1.0 1.0 1.0 1.0 1.0 1.0 1.0 

