0.119313 0.422159 0.934387 0.791616 0.362632 0.336328 0.755897 0.045411 0.956718 0.565340 0.413896 0.416764 0.144068 0.654093 0.981769 0.127276 0.369771 0.543039 0.690618 0.830752 0.181988 0.093288 0.133474 0.747142 0.047690 
0.051526 0.760477 0.062842 0.615776 0.168058 0.215172 0.815876 0.434242 0.111385 0.891394 0.614939 0.130657 0.323496 0.105701 0.027184 0.742628 0.882491 0.844670 0.113111 0.317186 0.726157 0.506105 0.945513 0.169104 0.208794 
0.781036 0.692111 0.792275 0.378782 0.888680 0.201688 0.884505 0.274528 0.178092 0.712234 0.649979 0.921986 0.459327 0.551825 0.699097 0.779983 0.936060 0.646556 0.033361 0.974313 0.890764 0.764768 0.239363 0.149980 0.883162 
0.687282 0.754135 0.527504 0.955594 0.352066 0.937793 0.489233 0.798507 0.436539 0.467166 0.855564 0.609913 0.678315 0.435083 0.313356 0.153128 0.585592 0.313300 0.319528 0.592792 0.595560 0.101215 0.452901 0.960909 0.193910 
0.406270 0.452120 0.146213 0.142566 0.620716 0.429947 0.600573 0.536175 0.855863 0.587618 0.278523 0.307583 0.449964 0.758708 0.814618 0.387227 0.412410 0.815425 0.047115 0.829047 0.558868 0.312168 0.398178 0.335550 0.842549 
0.498745 0.380957 0.946906 0.641051 0.679336 0.512484 0.556853 0.680362 0.615671 0.131036 0.839624 0.893748 0.961681 0.895351 0.118497 0.517707 0.632737 0.452570 0.369730 0.792621 0.742116 0.773424 0.655368 0.242556 0.081609 
0.324741 0.700540 0.314432 0.668231 0.757420 0.647515 0.621270 0.993694 0.491387 0.832513 0.004246 0.035189 0.301162 0.822783 0.403183 0.068763 0.065761 0.443337 0.326501 0.333591 0.156786 0.057209 0.735742 0.653896 0.250416 
0.120991 0.181177 0.950099 0.504947 0.918199 0.989447 0.675857 0.455884 0.375704 0.000380 0.824899 0.825136 0.182013 0.850471 0.071331 0.365856 0.887171 0.013173 0.335673 0.398446 0.570890 0.224247 0.506694 0.587001 0.982100 
0.077934 0.191321 0.865059 0.461098 0.162341 0.848857 0.437794 0.878202 0.527960 0.127941 0.252480 0.101985 0.672686 0.600747 0.846447 0.024626 0.392286 0.948805 0.581398 0.938665 0.011107 0.248028 0.257099 0.641203 0.998871 
0.623929 0.842979 0.490541 0.134674 0.932196 0.376805 0.203463 0.376392 0.621152 0.159955 0.170871 0.300320 0.790603 0.571964 0.250750 0.063842 0.585362 0.537622 0.577441 0.350344 0.142314 0.801347 0.230710 0.802116 0.711577 
0.421396 0.232020 0.406051 0.994990 0.215261 0.732855 0.657183 0.900242 0.385774 0.201382 0.369054 0.200864 0.391238 0.560604 0.854436 0.587171 0.617329 0.172099 0.417409 0.475323 0.334184 0.954292 0.307671 0.312743 0.091682 
0.791789 0.204017 0.916852 0.262303 0.872598 0.812198 0.093813 0.190407 0.052479 0.471213 0.156733 0.095974 0.531546 0.990890 0.699997 0.457930 0.127593 0.610918 0.132049 0.210918 0.673815 0.764817 0.588788 0.462606 0.795006 
0.821339 0.118863 0.044829 0.292690 0.065817 0.867216 0.734735 0.714388 0.468400 0.102479 0.539706 0.436242 0.088798 0.887361 0.983264 0.896556 0.177411 0.140207 0.646213 0.906322 0.751142 0.947065 0.608985 0.425925 0.025568 
0.520220 0.840795 0.179837 0.680005 0.571407 0.408370 0.474706 0.611534 0.514785 0.333355 0.322393 0.345169 0.104925 0.537423 0.788614 0.573815 0.799199 0.998328 0.234273 0.692257 0.888356 0.564011 0.231337 0.234310 0.685603 
0.665588 0.544989 0.553354 0.357785 0.387539 0.936969 0.674290 0.037653 0.760879 0.193055 0.447047 0.173001 0.600284 0.620339 0.887183 0.231864 0.268635 0.771837 0.006239 0.766523 0.107739 0.746170 0.717874 0.932640 0.978023 
0.560275 0.397919 0.592607 0.264860 0.407171 0.914495 0.491584 0.620027 0.553845 0.880624 0.321888 0.112968 0.916900 0.952514 0.332757 0.152307 0.630992 0.165754 0.197245 0.388151 0.642838 0.883615 0.392015 0.777670 0.717729 
0.670980 0.881705 0.361197 0.697098 0.935939 0.054501 0.251782 0.178755 0.101851 0.755452 0.184734 0.726842 0.054396 0.478391 0.903890 0.898334 0.395163 0.780861 0.369678 0.352172 0.346657 0.557282 0.897190 0.432955 0.268234 
0.120613 0.778948 0.543666 0.996621 0.353718 0.166802 0.667689 0.482408 0.523899 0.876543 0.870358 0.608502 0.645533 0.147160 0.341461 0.744793 0.627692 0.554622 0.610499 0.282395 0.804285 0.484114 0.135508 0.962774 0.568304 
0.837764 0.021047 0.700171 0.018029 0.741833 0.237744 0.800988 0.574627 0.914065 0.807725 0.336637 0.962569 0.979452 0.528534 0.682582 0.426312 0.759187 0.844717 0.600928 0.764918 0.026811 0.460423 0.283688 0.551973 0.638592 
0.515831 0.496846 0.648022 0.599263 0.656243 0.283109 0.520857 0.550140 0.636890 0.550801 0.814049 0.162679 0.583898 0.073406 0.777760 0.645178 0.512529 0.686016 0.420567 0.967840 0.620061 0.011929 0.038715 0.233508 0.258130 
0.848543 0.242644 0.688178 0.084852 0.708727 0.781890 0.320259 0.631079 0.023290 0.588664 0.510177 0.025501 0.024156 0.415898 0.442097 0.775725 0.068901 0.906875 0.895174 0.527494 0.997649 0.475384 0.419559 0.756660 0.603095 
0.351293 0.975434 0.440986 0.328436 0.834416 0.058191 0.487913 0.550928 0.087466 0.574478 0.351784 0.242871 0.065779 0.660242 0.093804 0.610942 0.919652 0.792276 0.762728 0.891950 0.112544 0.176584 0.069454 0.739875 0.796492 
0.991316 0.213692 0.305534 0.719554 0.499822 0.559806 0.966345 0.420751 0.317517 0.640853 0.465026 0.709386 0.670162 0.228884 0.151308 0.143465 0.125084 0.970256 0.230859 0.394276 0.534477 0.910331 0.594482 0.119482 0.616665 
0.044581 0.958334 0.682011 0.256200 0.154127 0.993540 0.878534 0.140251 0.967859 0.303106 0.636658 0.419391 0.755540 0.851564 0.979586 0.335246 0.102371 0.801621 0.363619 0.007001 0.323021 0.534051 0.581111 0.084443 0.718145 
0.858397 0.255973 0.552997 0.312421 0.605021 0.196157 0.687376 0.799375 0.280690 0.735322 0.944304 0.093058 0.700701 0.171002 0.752498 0.625231 0.296879 0.267646 0.775322 0.458876 0.488376 0.151004 0.229272 0.954033 0.488892 

0.993788 0.765025 0.314452 0.538955 0.797806 0.412905 0.684605 0.948672 0.439248 0.076643 0.212757 0.542411 0.811211 0.084477 0.909028 0.285798 0.999628 0.066332 0.317666 0.706292 0.547211 0.495330 0.186024 0.122015 0.054696 
0.898715 0.582262 0.383448 0.667530 0.319811 0.908278 0.408900 0.274914 0.616055 0.461942 0.728493 0.377852 0.393439 0.465938 0.400452 0.773786 0.809764 0.984139 0.301877 0.899894 0.497007 0.768438 0.070350 0.674310 0.833471 
0.470159 0.978708 0.262226 0.330940 0.646237 0.574459 0.778579 0.498122 0.799044 0.463279 0.278504 0.076778 0.915535 0.949738 0.003841 0.905640 0.095248 0.308749 0.283528 0.395926 0.344010 0.089903 0.041681 0.572473 0.028521 
0.789896 0.190012 0.373410 0.207967 0.292637 0.833784 0.624927 0.485132 0.428460 0.420667 0.055305 0.533748 0.730723 0.217372 0.734524 0.399015 0.915765 0.229742 0.932966 0.134479 0.455088 0.061487 0.516742 0.956758 0.942717 
0.491585 0.108568 0.880563 0.347447 0.287760 0.524032 0.975162 0.854919 0.048733 0.563068 0.974049 0.893786 0.705217 0.685004 0.844384 0.236951 0.548325 0.135388 0.776731 0.114864 0.425055 0.879535 0.743608 0.836840 0.801617 
0.196558 0.915370 0.998745 0.405514 0.224191 0.300034 0.120114 0.738946 0.235546 0.916044 0.965440 0.862547 0.827983 0.947647 0.338786 0.991922 0.185526 0.051388 0.362200 0.801223 0.645613 0.299702 0.912219 0.205786 0.484965 
0.542722 0.707855 0.472420 0.571054 0.639700 0.205137 0.478931 0.840235 0.955188 0.166655 0.669722 0.126268 0.430339 0.037202 0.924302 0.975419 0.230158 0.398844 0.881952 0.247874 0.288452 0.990425 0.705054 0.889053 0.089205 
0.107338 0.026450 0.316093 0.493822 0.561064 0.288783 0.587854 0.094849 0.423577 0.174624 0.352222 0.295801 0.660999 0.661295 0.488011 0.844423 0.387850 0.624230 0.090980 0.948097 0.131937 0.961266 0.487037 0.812415 0.695319 
0.650525 0.246443 0.813312 0.917227 0.218793 0.255486 0.567680 0.881164 0.717474 0.696256 0.802179 0.010952 0.140151 0.559803 0.849735 0.158169 0.144799 0.401938 0.249208 0.287326 0.085028 0.251610 0.472031 0.979113 0.185911 
0.427682 0.765610 0.792450 0.553720 0.820211 0.031872 0.466531 0.896758 0.928318 0.490327 0.419751 0.528509 0.351456 0.382658 0.859345 0.919808 0.006370 0.608483 0.151089 0.268613 0.848598 0.200340 0.804305 0.314565 0.135433 
0.333889 0.390241 0.406441 0.744372 0.090654 0.061422 0.288914 0.090007 0.408465 0.508088 0.757170 0.906505 0.624655 0.983278 0.645659 0.669773 0.979450 0.001319 0.455744 0.710241 0.229147 0.499021 0.627828 0.647596 0.066939 
0.911508 0.341847 0.743037 0.579548 0.707918 0.933454 0.591062 0.722958 0.890891 0.650153 0.127938 0.633003 0.947328 0.630652 0.229478 0.270897 0.141593 0.423780 0.094712 0.749904 0.272166 0.794842 0.504329 0.760863 0.559993 
0.738964 0.563305 0.371973 0.715034 0.100092 0.696213 0.969583 0.472373 0.011138 0.262649 0.480117 0.307923 0.709516 0.413035 0.717694 0.601459 0.810484 0.354098 0.577446 0.751005 0.057662 0.373641 0.217751 0.737429 0.078511 
0.835334 0.442615 0.593388 0.765224 0.661191 0.811974 0.595051 0.180524 0.269260 0.033914 0.927476 0.543405 0.996992 0.810422 0.581108 0.205528 0.714561 0.614000 0.979452 0.934626 0.444483 0.012945 0.628339 0.651542 0.699641 
0.127327 0.391441 0.600563 0.056788 0.420063 0.976244 0.560848 0.607366 0.974221 0.603865 0.928072 0.982263 0.414631 0.113447 0.353784 0.826766 0.467121 0.790014 0.575241 0.288595 0.211955 0.526317 0.248600 0.419636 0.177490 
0.184642 0.684719 0.372720 0.073888 0.532804 0.168381 0.341233 0.758723 0.319236 0.493310 0.693057 0.315717 0.533303 0.355267 0.130506 0.703169 0.541549 0.256381 0.534349 0.852325 0.710944 0.082791 0.195671 0.427917 0.717138 
0.435853 0.633380 0.760184 0.768006 0.232893 0.919177 0.969062 0.999529 0.528807 0.740419 0.460548 0.987994 0.578249 0.174852 0.742477 0.605352 0.900459 0.833749 0.668653 0.461072 0.128519 0.225502 0.425235 0.491027 0.218643 
0.276838 0.393378 0.707428 0.899998 0.555814 0.626989 0.255866 0.744265 0.604088 0.687916 0.762946 0.212067 0.284887 0.523345 0.571044 0.309477 0.442977 0.877015 0.016151 0.708924 0.877947 0.276374 0.833613 0.786756 0.715251 
0.834036 0.996339 0.134806 0.159303 0.360631 0.742155 0.327421 0.158400 0.991384 0.667688 0.993444 0.060463 0.426563 0.583978 0.272519 0.437060 0.540189 0.461727 0.771894 0.123594 0.171975 0.740565 0.630561 0.533744 0.318713 
0.709583 0.709851 0.558770 0.640933 0.862564 0.310119 0.184366 0.269903 0.187155 0.141267 0.704645 0.496610 0.971799 0.096484 0.222767 0.705299 0.281201 0.855209 0.823536 0.298434 0.830676 0.333317 0.827131 0.997075 0.611021 
0.575841 0.718793 0.119846 0.806254 0.877034 0.077357 0.493341 0.681952 0.401309 0.508697 0.139724 0.940286 0.367050 0.157383 0.998959 0.722397 0.427300 0.582392 0.888977 0.094282 0.986682 0.113264 0.473943 0.363764 0.095464 
0.950488 0.275005 0.694190 0.483238 0.349898 0.570175 0.931216 0.279390 0.778945 0.302690 0.085393 0.081148 0.763215 0.681140 0.643356 0.210648 0.526895 0.203128 0.012949 0.745736 0.321600 0.471634 0.645702 0.762542 0.944764 
0.100031 0.989992 0.327769 0.143496 0.334917 0.691108 0.925745 0.842643 0.482773 0.203070 0.511253 0.378578 0.457596 0.829179 0.109385 0.085634 0.169770 0.204111 0.637683 0.839844 0.803586 0.792079 0.637905 0.999670 0.190555 
0.471098 0.265772 0.126496 0.846071 0.615121 0.635552 0.228353 0.711479 0.161840 0.209438 0.327680 0.944752 0.200841 0.405095 0.899544 0.806125 0.858940 0.289566 0.264136 0.021759 0.749203 0.138000 0.378721 0.146144 0.801121 
0.799667 0.220763 0.278455 0.565165 0.455293 0.842224 0.490055 0.654941 0.198273 0.167664 0.879393 0.012131 0.894907 0.263764 0.788006 0.851372 0.022857 0.581427 0.062436 0.091525 0.549136 0.594440 0.649510 0.355126 0.516087 

0.239926 -0.495733 -1.035203 -0.781584 -0.187326 -0.468482 -0.817439 -0.015131 -0.887497 -0.616558 -0.346447 -0.729079 0.195044 -0.407915 -0.841213 -0.106218 -0.303110 0.135352 -0.072289 -1.353091 -0.620995 -0.178131 -0.272389 0.253741 0.220098 
-0.205527 -0.710640 -0.025361 -0.866423 -0.349957 -0.323008 -0.713606 -0.612396 0.162310 -1.031514 -0.398437 -0.293874 -0.201678 -0.276175 0.119970 -0.671401 -0.471749 -0.832757 0.061739 -0.926042 -0.151943 -0.647164 -0.287714 -0.547128 -1.033928 
-0.708700 -0.677627 -1.053689 0.213631 -0.895455 -0.352818 -1.214052 0.089011 0.007417 -1.281550 -0.569539 -0.994833 -0.030222 -0.640840 -0.856706 -0.771711 -1.013703 -0.680939 -0.108618 -0.170517 -0.320607 -0.068384 -0.293554 -0.635759 -0.118454 
-0.676494 -0.738730 -0.260130 -1.023342 -0.646313 -0.908878 -0.277611 -1.030763 -0.756087 -0.328408 -0.498538 -0.716773 -0.764815 -0.508522 -0.264384 -0.462232 -0.925093 -0.044634 -1.007158 -0.137255 -0.754682 0.209951 -0.306084 -1.031833 -1.212095 
-0.646271 -0.216568 -0.188036 -0.026191 -0.639749 -0.437159 -0.520275 -0.598426 0.407661 -0.266033 -1.873646 -0.381112 -0.930761 -0.338836 -1.214252 -0.316033 -0.471584 0.080209 -0.554250 -0.025148 -0.389594 -1.273218 -0.864544 -1.364406 -0.809463 
-0.615932 -0.474787 -1.127849 -0.479586 -0.539409 -0.255899 -0.310560 -0.846668 -0.629146 0.076364 -1.457224 -0.900196 -0.874793 -0.997297 -0.544595 -1.616269 0.193775 0.300141 -0.770634 -0.720785 -0.397054 -0.230460 -0.967512 -0.291961 -0.326305 
-0.741857 2.167568 1.172454 -0.804899 -1.133037 -0.688379 -0.917243 -0.766858 -0.564887 0.827840 -1.533633 -0.233546 -0.650710 0.643590 -1.036739 -1.938167 -0.421082 -0.249841 -1.310405 -0.026225 -0.117229 -0.820793 -0.969227 -0.752295 -0.329373 
0.332303 0.464004 2.225346 1.543604 -0.926742 -0.846861 -0.439962 -0.593592 -0.213584 -0.314194 -0.204894 0.301829 -1.071623 -0.737762 -0.721877 -1.552728 0.288403 -0.851867 -0.019486 -1.103776 -0.385454 -1.010679 -0.673349 -0.764124 -0.933173 
0.747879 0.571233 2.563014 -0.586213 -0.205397 -0.747841 -0.419405 -0.639376 -0.673321 -1.128738 -1.486443 0.241562 0.802077 -0.527934 -1.086073 -0.457278 -0.032480 0.296356 -0.240060 -0.181727 -0.110692 -0.448515 -0.351439 -0.852426 -0.086427 
1.811267 2.205306 1.964056 0.742673 -0.344374 -0.729944 -0.439595 1.101589 0.755828 -0.539025 -0.663968 -0.196784 -0.049684 -0.262347 -1.455162 -1.648343 0.378597 -0.504989 0.166065 -0.201676 -1.299837 -0.515550 -0.806905 -0.390878 -0.218042 
1.193808 0.953112 1.213096 -0.392139 -0.335994 -1.315994 -0.788837 -1.403550 -0.007865 -0.595901 -1.281392 -1.411529 -0.816371 -1.463200 -0.659538 -0.798718 -1.275510 0.190375 -0.245478 -0.490661 -0.304837 -0.657739 -0.553285 -0.751795 0.256948 
3.089118 0.554756 2.777283 1.186839 2.306434 0.627162 1.206794 0.749777 1.752974 -1.030686 -0.020262 -1.301777 -1.313267 -0.396837 0.186663 -0.409406 0.034620 -0.499758 -0.335413 -1.363559 0.056522 -0.775869 -0.754139 -0.316536 -0.042195 
2.379745 0.831763 0.109797 1.568599 0.326986 2.528113 0.249845 -0.278000 -0.814859 0.470444 0.140478 -0.107841 -1.010016 0.394176 -0.685473 -0.192657 -1.472496 -0.815787 -0.362740 -0.700030 0.515819 -0.017287 -0.036399 -0.494354 -0.155177 
1.712728 2.252708 0.679602 1.989380 1.721006 0.879340 0.514139 -0.932399 -0.367809 -0.598720 1.260907 0.405957 -1.756836 -1.389328 -0.721682 -1.020055 -0.499174 -0.526179 -2.032860 -1.293708 0.074153 0.238127 -0.635306 -0.679427 -0.868545 
1.939525 1.574367 1.664872 -0.655482 -0.113588 0.038581 -0.011424 1.237948 0.485519 0.769212 0.926573 1.504474 -0.570363 -1.062974 -0.679390 1.185103 -0.576167 -1.093166 -1.210291 0.623998 -0.031215 -0.387928 -0.285082 -0.351980 -0.244771 
1.151265 1.519770 1.835277 0.685510 1.315689 -1.516550 -0.504871 0.461409 -0.519397 -0.557295 0.807278 0.590218 -0.642042 -1.164639 -0.549587 1.216270 -0.475361 -0.227773 -0.642668 -0.631006 -0.541773 -0.051388 -0.188633 -1.056991 -0.711982 
1.444492 2.676583 1.367787 2.395254 2.010547 1.130187 1.556361 1.592866 0.802677 0.069254 0.977605 0.234590 1.227044 -0.419458 -0.569291 -0.741556 -1.482986 -0.884988 -1.004510 -0.533599 0.326722 0.156230 -0.615960 -0.677996 -0.092470 
0.456656 2.038892 1.583660 3.210367 1.653238 0.751936 1.651392 0.313214 0.050817 -0.479380 0.130316 -0.673477 -0.691518 0.728161 0.255748 -0.922264 -0.609084 -1.322868 0.621054 -0.965928 -0.747478 -0.258099 -1.014905 -0.894606 -0.445105 
2.546860 0.991368 1.386218 0.421509 1.998335 0.893237 -1.207917 -0.995302 0.123371 -0.318333 1.107960 -2.043217 -1.078411 -0.130859 -0.626094 -0.001313 -0.412500 -0.539747 -1.013150 0.028178 -0.240790 -0.617709 -0.398563 -0.796940 -0.251086 
1.764386 1.766473 1.796507 1.804410 2.243604 0.837239 1.206162 1.322620 -0.703708 -1.038790 -0.327871 0.920775 0.707399 -0.088771 -1.244587 0.155519 0.120052 0.110510 -1.200262 0.189200 -1.056085 -0.508118 -0.998110 -0.760077 -0.699330 
2.325727 1.216896 1.654892 0.775909 2.212977 1.469222 1.443187 2.028826 0.768360 0.157910 -0.573393 1.910986 0.746081 -0.440317 1.269528 -0.128301 0.741689 -0.979924 -0.300312 0.099909 -0.893058 0.179161 -0.325543 -0.465084 -0.374816 
1.233629 2.298866 1.523481 0.941370 2.048316 1.029803 1.869271 1.074856 0.788985 1.204569 0.770686 -0.186818 1.089172 -0.049400 0.938124 -0.971858 -0.605034 -1.613719 -1.710142 -0.229903 -0.608678 -0.791314 -0.458030 -0.628337 -0.760721 
2.361730 1.549789 0.967441 1.462094 1.175018 1.772466 2.801312 2.115187 1.369345 1.051324 -0.263459 -0.571189 -0.112114 1.284483 -0.030929 -0.373176 0.054538 2.013901 0.923143 -1.458022 -1.321254 -1.065458 -0.379907 -0.796710 0.172948 
0.460230 2.279692 1.497950 1.201246 0.871906 2.679152 2.037959 1.099475 1.950759 0.799494 -0.683350 1.920065 -0.853369 -0.710229 -0.276948 0.909298 1.126924 1.900694 -0.396182 -0.165727 -1.109223 0.160153 -0.579618 -0.201816 -0.974927 
2.114165 1.063946 1.245694 1.060184 1.926495 1.264070 2.084582 2.322887 0.560081 1.776411 2.524309 0.024176 2.209032 0.887315 2.242079 1.998761 0.803925 1.102872 0.472438 0.440211 -0.564121 -0.981114 -1.089913 0.383392 -0.437581 

3 3 3 3 3 3 3 3 3 3 3 3 3 3 3 3 3 4 4 4 4 4 4 4 4 
3 3 3 3 3 3 3 3 3 3 3 3 3 3 3 3 3 4 4 4 4 4 4 4 4 
3 3 3 3 3 3 3 3 3 3 3 3 3 3 3 3 3 4 4 4 4 4 4 4 4 
3 3 3 3 3 3 3 3 3 3 3 3 3 3 3 3 3 4 4 4 4 4 4 4 4 
3 3 3 3 3 3 3 3 0 0 0 3 0 3 3 3 4 4 4 4 4 4 4 4 4 
3 3 3 3 3 3 3 3 3 3 0 0 0 0 0 0 0 0 4 4 4 4 4 4 4 
3 2 2 3 3 3 3 3 3 0 0 0 0 0 0 0 0 0 0 4 4 4 4 4 4 
2 2 2 2 3 3 3 3 3 0 0 0 0 0 0 0 0 0 4 4 4 4 4 4 4 
2 2 2 3 3 3 3 3 0 0 0 0 0 0 0 0 0 0 4 4 4 4 4 4 4 
2 2 2 2 1 1 3 1 1 0 0 0 0 0 0 0 0 0 0 0 4 4 4 4 4 
2 2 2 1 1 1 1 1 1 0 0 0 0 0 0 0 0 0 0 0 0 4 4 4 4 
2 2 2 2 2 1 1 1 1 0 1 0 0 0 0 0 0 0 0 0 0 4 4 4 4 
2 2 2 2 2 2 1 1 1 1 1 1 0 0 0 0 0 0 0 0 0 0 4 4 4 
2 2 2 2 2 1 1 1 1 1 1 1 0 0 0 1 0 0 0 0 0 4 4 4 4 
2 2 2 1 1 1 1 1 1 1 1 1 1 1 1 1 0 0 0 0 0 4 4 4 4 
2 2 2 2 2 1 1 1 1 1 1 1 1 1 1 1 0 0 0 4 4 4 4 4 4 
2 2 2 2 2 2 1 1 1 1 1 1 1 1 1 1 0 0 0 0 4 4 4 4 4 
2 2 2 2 2 2 2 1 1 1 1 1 1 1 1 1 0 0 0 0 4 4 4 4 4 
2 2 2 2 2 2 1 1 1 1 1 1 1 1 1 1 1 1 0 0 4 4 4 4 4 
2 2 2 2 2 2 2 2 1 1 1 1 1 1 1 1 1 1 0 0 4 4 4 4 4 
2 2 2 2 2 2 2 2 1 1 1 1 1 1 1 1 1 1 1 0 4 0 4 4 4 
2 2 2 2 2 2 2 2 2 2 2 1 1 1 1 1 1 1 1 0 0 0 4 4 4 
2 2 2 2 2 2 2 2 2 2 1 1 1 1 1 1 1 2 1 0 0 4 4 4 4 
2 2 2 2 2 2 2 2 2 2 1 2 1 1 1 1 2 2 1 0 0 4 4 4 4 
2 2 2 2 2 2 2 2 2 2 2 2 2 2 2 2 2 2 0 0 0 0 0 0 0 

-1.0 -1.0 -1.0 -1.0 -1.0 -1.0 -1.0 -1.0 -1.0 -1.0 -1.0 -1.0 -1.0 -1.0 -1.0 -1.0 -1.0 0.0 0.0 0.0 0.0 0.0 0.0 0.0 0.0 
-1.0 -1.0 -1.0 -1.0 -1.0 -1.0 -1.0 -1.0 -1.0 -1.0 -1.0 -1.0 -1.0 -1.0 -1.0 -1.0 -1.0 0.0 0.0 0.0 0.0 0.0 0.0 0.0 0.0 
-1.0 -1.0 -1.0 -1.0 -1.0 -1.0 -1.0 -1.0 -1.0 -1.0 -1.0 -1.0 -1.0 -1.0 -1.0 -1.0 -1.0 0.0 0.0 0.0 0.0 0.0 0.0 0.0 0.0 
-1.0 -1.0 -1.0 -1.0 -1.0 -1.0 -1.0 -1.0 -1.0 -1.0 -1.0 -1.0 -1.0 -1.0 -1.0 -1.0 -1.0 0.0 0.0 0.0 0.0 0.0 0.0 0.0 0.0 
-1.0 -1.0 -1.0 -1.0 -1.0 -1.0 -1.0 -1.0 1.0 1.0 1.0 -1.0 1.0 -1.0 -1.0 -1.0 0.0 0.0 0.0 0.0 0.0 0.0 0.0 0.0 0.0 
-1.0 -1.0 -1.0 -1.0 -1.0 -1.0 -1.0 -1.0 -1.0 -1.0 1.0 1.0 1.0 1.0 1.0 1.0 1.0 1.0 0.0 0.0 0.0 0.0 0.0 0.0 0.0 
-1.0 2.0 2.0 -1.0 -1.0 -1.0 -1.0 -1.0 -1.0 1.0 1.0 1.0 1.0 1.0 1.0 1.0 1.0 1.0 1.0 0.0 0.0 0.0 0.0 0.0 0.0 
2.0 2.0 2.0 2.0 -1.0 -1.0 -1.0 -1.0 -1.0 1.0 1.0 1.0 1.0 1.0 1.0 1.0 1.0 1.0 0.0 0.0 0.0 0.0 0.0 0.0 0.0 
2.0 2.0 2.0 -1.0 -1.0 -1.0 -1.0 -1.0 1.0 1.0 1.0 1.0 1.0 1.0 1.0 1.0 1.0 1.0 0.0 0.0 0.0 0.0 0.0 0.0 0.0 
2.0 2.0 2.0 2.0 -2.0 -2.0 -1.0 -2.0 -2.0 1.0 1.0 1.0 1.0 1.0 1.0 1.0 1.0 1.0 1.0 1.0 0.0 0.0 0.0 0.0 0.0 
2.0 2.0 2.0 -2.0 -2.0 -2.0 -2.0 -2.0 -2.0 1.0 1.0 1.0 1.0 1.0 1.0 1.0 1.0 1.0 1.0 1.0 1.0 0.0 0.0 0.0 0.0 
2.0 2.0 2.0 2.0 2.0 -2.0 -2.0 -2.0 -2.0 1.0 -2.0 1.0 1.0 1.0 1.0 1.0 1.0 1.0 1.0 1.0 1.0 0.0 0.0 0.0 0.0 
2.0 2.0 2.0 2.0 2.0 2.0 -2.0 -2.0 -2.0 -2.0 -2.0 -2.0 1.0 1.0 1.0 1.0 1.0 1.0 1.0 1.0 1.0 1.0 0.0 0.0 0.0 
2.0 2.0 2.0 2.0 2.0 -2.0 -2.0 -2.0 -2.0 -2.0 -2.0 -2.0 1.0 1.0 1.0 -2.0 1.0 1.0 1.0 1.0 1.0 0.0 0.0 0.0 0.0 
2.0 2.0 2.0 -2.0 -2.0 -2.0 -2.0 -2.0 -2.0 -2.0 -2.0 -2.0 -2.0 -2.0 -2.0 -2.0 1.0 1.0 1.0 1.0 1.0 0.0 0.0 0.0 0.0 
2.0 2.0 2.0 2.0 2.0 -2.0 -2.0 -2.0 -2.0 -2.0 -2.0 -2.0 -2.0 -2.0 -2.0 -2.0 1.0 1.0 1.0 0.0 0.0 0.0 0.0 0.0 0.0 
2.0 2.0 2.0 2.0 2.0 2.0 -2.0 -2.0 -2.0 -2.0 -2.0 -2.0 -2.0 -2.0 -2.0 -2.0 1.0 1.0 1.0 1.0 0.0 0.0 0.0 0.0 0.0 
2.0 2.0 2.0 2.0 2.0 2.0 2.0 -2.0 -2.0 -2.0 -2.0 -2.0 -2.0 -2.0 -2.0 -2.0 1.0 1.0 1.0 1.0 0.0 0.0 0.0 0.0 0.0 
2.0 2.0 2.0 2.0 2.0 2.0 -2.0 -2.0 -2.0 -2.0 -2.0 -2.0 -2.0 -2.0 -2.0 -2.0 -2.0 -2.0 1.0 1.0 0.0 0.0 0.0 0.0 0.0 
2.0 2.0 2.0 2.0 2.0 2.0 2.0 2.0 -2.0 -2.0 -2.0 -2.0 -2.0 -2.0 -2.0 -2.0 -2.0 -2.0 1.0 1.0 0.0 0.0 0.0 0.0 0.0 
2.0 2.0 2.0 2.0 2.0 2.0 2.0 2.0 -2.0 -2.0 -2.0 -2.0 -2.0 -2.0 -2.0 -2.0 -2.0 -2.0 -2.0 1.0 0.0 1.0 0.0 0.0 0.0 
2.0 2.0 2.0 2.0 2.0 2.0 2.0 2.0 2.0 2.0 2.0 -2.0 -2.0 -2.0 -2.0 -2.0 -2.0 -2.0 -2.0 1.0 1.0 1.0 0.0 0.0 0.0 
2.0 2.0 2.0 2.0 2.0 2.0 2.0 2.0 2.0 2.0 -2.0 -2.0 -2.0 -2.0 -2.0 -2.0 -2.0 2.0 -2.0 1.0 1.0 0.0 0.0 0.0 0.0 
2.0 2.0 2.0 2.0 2.0 2.0 2.0 2.0 2.0 2.0 -2.0 2.0 -2.0 -2.0 -2.0 -2.0 2.0 2.0 -2.0 1.0 1.0 0.0 0.0 0.0 0.0 
2.0 2.0 2.0 2.0 2.0 2.0 2.0 2.0 2.0 2.0 2.0 2.0 2.0 2.0 2.0 2.0 2.0 2.0 1.0 1.0 1.0 1.0 1.0 1.0 1.0 

0.0 0.0 0.0 0.0 0.0 0.0 0.0 0.0 0.0 0.0 0.0 0.0 0.0 0.0 0.0 0.0 0.0 -1.0 -1.0 -1.0 -1.0 -1.0 -1.0 -1.0 -1.0 
0.0 0.0 0.0 0.0 0.0 0.0 0.0 0.0 0.0 0.0 0.0 0.0 0.0 0.0 0.0 0.0 0.0 -1.0 -1.0 -1.0 -1.0 -1.0 -1.0 -1.0 -1.0 
0.0 0.0 0.0 0.0 0.0 0.0 0.0 0.0 0.0 0.0 0.0 0.0 0.0 0.0 0.0 0.0 0.0 -1.0 -1.0 -1.0 -1.0 -1.0 -1.0 -1.0 -1.0 
0.0 0.0 0.0 0.0 0.0 0.0 0.0 0.0 0.0 0.0 0.0 0.0 0.0 0.0 0.0 0.0 0.0 -1.0 -1.0 -1.0 -1.0 -1.0 -1.0 -1.0 -1.0 
0.0 0.0 0.0 0.0 0.0 0.0 0.0 0.0 -2.0 -2.0 -2.0 0.0 -2.0 0.0 0.0 0.0 -1.0 -1.0 -1.0 -1.0 -1.0 -1.0 -1.0 -1.0 -1.0 
0.0 0.0 0.0 0.0 0.0 0.0 0.0 0.0 0.0 0.0 -2.0 -2.0 -2.0 -2.0 -2.0 -2.0 -2.0 -2.0 -1.0 -1.0 -1.0 -1.0 -1.0 -1.0 -1.0 
0.0 1.0 1.0 0.0 0.0 0.0 0.0 0.0 0.0 -2.0 -2.0 -2.0 -2.0 -2.0 -2.0 -2.0 -2.0 -2.0 -2.0 -1.0 -1.0 -1.0 -1.0 -1.0 -1.0 
1.0 1.0 1.0 1.0 0.0 0.0 0.0 0.0 0.0 -2.0 -2.0 -2.0 -2.0 -2.0 -2.0 -2.0 -2.0 -2.0 -1.0 -1.0 -1.0 -1.0 -1.0 -1.0 -1.0 
1.0 1.0 1.0 0.0 0.0 0.0 0.0 0.0 -2.0 -2.0 -2.0 -2.0 -2.0 -2.0 -2.0 -2.0 -2.0 -2.0 -1.0 -1.0 -1.0 -1.0 -1.0 -1.0 -1.0 
1.0 1.0 1.0 1.0 2.0 2.0 0.0 2.0 2.0 -2.0 -2.0 -2.0 -2.0 -2.0 -2.0 -2.0 -2.0 -2.0 -2.0 -2.0 -1.0 -1.0 -1.0 -1.0 -1.0 
1.0 1.0 1.0 2.0 2.0 2.0 2.0 2.0 2.0 -2.0 -2.0 -2.0 -2.0 -2.0 -2.0 -2.0 -2.0 -2.0 -2.0 -2.0 -2.0 -1.0 -1.0 -1.0 -1.0 
1.0 1.0 1.0 1.0 1.0 2.0 2.0 2.0 2.0 -2.0 2.0 -2.0 -2.0 -2.0 -2.0 -2.0 -2.0 -2.0 -2.0 -2.0 -2.0 -1.0 -1.0 -1.0 -1.0 
1.0 1.0 1.0 1.0 1.0 1.0 2.0 2.0 2.0 2.0 2.0 2.0 -2.0 -2.0 -2.0 -2.0 -2.0 -2.0 -2.0 -2.0 -2.0 -2.0 -1.0 -1.0 -1.0 
1.0 1.0 1.0 1.0 1.0 2.0 2.0 2.0 2.0 2.0 2.0 2.0 -2.0 -2.0 -2.0 2.0 -2.0 -2.0 -2.0 -2.0 -2.0 -1.0 -1.0 -1.0 -1.0 
1.0 1.0 1.0 2.0 2.0 2.0 2.0 2.0 2.0 2.0 2.0 2.0 2.0 2.0 2.0 2.0 -2.0 -2.0 -2.0 -2.0 -2.0 -1.0 -1.0 -1.0 -1.0 
1.0 1.0 1.0 1.0 1.0 2.0 2.0 2.0 2.0 2.0 2.0 2.0 2.0 2.0 2.0 2.0 -2.0 -2.0 -2.0 -1.0 -1.0 -1.0 -1.0 -1.0 -1.0 
1.0 1.0 1.0 1.0 1.0 1.0 2.0 2.0 2.0 2.0 2.0 2.0 2.0 2.0 2.0 2.0 -2.0 -2.0 -2.0 -2.0 -1.0 -1.0 -1.0 -1.0 -1.0 
1.0 1.0 1.0 1.0 1.0 1.0 1.0 2.0 2.0 2.0 2.0 2.0 2.0 2.0 2.0 2.0 -2.0 -2.0 -2.0 -2.0 -1.0 -1.0 -1.0 -1.0 -1.0 
1.0 1.0 1.0 1.0 1.0 1.0 2.0 2.0 2.0 2.0 2.0 2.0 2.0 2.0 2.0 2.0 2.0 2.0 -2.0 -2.0 -1.0 -1.0 -1.0 -1.0 -1.0 
1.0 1.0 1.0 1.0 1.0 1.0 1.0 1.0 2.0 2.0 2.0 2.0 2.0 2.0 2.0 2.0 2.0 2.0 -2.0 -2.0 -1.0 -1.0 -1.0 -1.0 -1.0 
1.0 1.0 1.0 1.0 1.0 1.0 1.0 1.0 2.0 2.0 2.0 2.0 2.0 2.0 2.0 2.0 2.0 2.0 2.0 -2.0 -1.0 -2.0 -1.0 -1.0 -1.0 
1.0 1.0 1.0 1.0 1.0 1.0 1.0 1.0 1.0 1.0 1.0 2.0 2.0 2.0 2.0 2.0 2.0 2.0 2.0 -2.0 -2.0 -2.0 -1.0 -1.0 -1.0 
1.0 1.0 1.0 1.0 1.0 1.0 1.0 1.0 1.0 1.0 2.0 2.0 2.0 2.0 2.0 2.0 2.0 1.0 2.0 -2.0 -2.0 -1.0 -1.0 -1.0 -1.0 
1.0 1.0 1.0 1.0 1.0 1.0 1.0 1.0 1.0 1.0 2.0 1.0 2.0 2.0 2.0 2.0 1.0 1.0 2.0 -2.0 -2.0 -1.0 -1.0 -1.0 -1.0 
1.0 1.0 1.0 1.0 1.0 1.0 1.0 1.0 1.0 1.0 1.0 1.0 1.0 1.0 1.0 1.0 1.0 1.0 -2.0 -2.0 -2.0 -2.0 -2.0 -2.0 -2.0 

