0.890513 0.570618 0.487018 0.321794 0.190194 0.520053 0.691885 0.534982 0.437862 0.973392 0.821588 0.651878 0.735042 0.595798 0.218868 0.615981 0.784646 0.466279 0.440645 0.622080 0.460407 0.205702 0.201610 0.113938 0.016156 
0.751095 0.021660 0.164528 0.551810 0.978003 0.459291 0.705528 0.727875 0.962886 0.633686 0.377738 0.815247 0.102632 0.153486 0.316855 0.594514 0.292635 0.595178 0.145725 0.613080 0.881029 0.258337 0.204595 0.546549 0.660273 
0.152303 0.611384 0.761838 0.505738 0.041511 0.814442 0.838051 0.785578 0.613745 0.890676 0.456706 0.135270 0.230135 0.929292 0.885776 0.755898 0.135798 0.669002 0.649819 0.580183 0.408971 0.170185 0.530699 0.827261 0.212336 
0.875202 0.827636 0.889744 0.024968 0.416808 0.314731 0.142330 0.182491 0.957416 0.366821 0.676604 0.849355 0.759646 0.034327 0.386378 0.011200 0.392359 0.790679 0.289147 0.562090 0.654418 0.684002 0.316826 0.545149 0.486923 
0.515678 0.641322 0.974196 0.212503 0.112310 0.811172 0.460875 0.522879 0.941914 0.590464 0.063637 0.786301 0.318321 0.458702 0.770245 0.073919 0.860589 0.037362 0.722750 0.701799 0.627625 0.059684 0.752965 0.149741 0.915566 
0.080925 0.634371 0.297605 0.077378 0.280538 0.134183 0.635349 0.611549 0.718719 0.424410 0.913578 0.280857 0.072957 0.464499 0.834722 0.567383 0.238604 0.317539 0.372209 0.503643 0.090348 0.289748 0.626962 0.744744 0.530608 
0.077641 0.968252 0.133405 0.061948 0.840136 0.161430 0.547530 0.626258 0.408371 0.923282 0.910982 0.070251 0.762794 0.589772 0.211541 0.321099 0.266856 0.402774 0.018360 0.914959 0.322314 0.752952 0.965652 0.888689 0.267804 
0.355603 0.985710 0.896666 0.050510 0.448422 0.290027 0.520611 0.686645 0.092021 0.095367 0.194695 0.506211 0.233426 0.560337 0.692442 0.100596 0.632591 0.028605 0.755013 0.461907 0.359837 0.559880 0.496856 0.892432 0.913117 
0.821335 0.551498 0.815274 0.605263 0.010058 0.223033 0.681356 0.608274 0.219400 0.524574 0.838256 0.326658 0.390901 0.145576 0.567590 0.790286 0.835688 0.365938 0.992837 0.840484 0.973519 0.593052 0.356784 0.817626 0.468895 
0.762976 0.047066 0.116216 0.167043 0.075789 0.309835 0.093286 0.680447 0.090048 0.937737 0.964248 0.426364 0.011421 0.053539 0.115875 0.590371 0.796002 0.309154 0.445930 0.625383 0.162319 0.045104 0.083087 0.832972 0.700157 
0.100890 0.616857 0.738526 0.783700 0.666746 0.165345 0.234958 0.564040 0.298643 0.880598 0.209101 0.187751 0.207029 0.224173 0.138843 0.947926 0.482409 0.979684 0.532037 0.144676 0.846376 0.804239 0.066499 0.649204 0.607787 
0.210388 0.245531 0.321605 0.637445 0.080900 0.748325 0.032703 0.995737 0.827437 0.253176 0.542719 0.406480 0.938603 0.871304 0.977780 0.897728 0.108226 0.394215 0.134941 0.910942 0.503228 0.002275 0.110362 0.361262 0.818025 
0.193303 0.509081 0.767805 0.462847 0.151739 0.008493 0.142724 0.927811 0.465108 0.373364 0.276096 0.448420 0.141239 0.062918 0.326723 0.482537 0.450909 0.155333 0.095828 0.232549 0.632786 0.537392 0.679442 0.366511 0.420652 
0.619163 0.091253 0.191705 0.331843 0.848082 0.449238 0.629133 0.329443 0.865278 0.098474 0.372955 0.918473 0.864005 0.229296 0.215963 0.292891 0.161189 0.457165 0.555944 0.365492 0.191758 0.010220 0.931434 0.726613 0.605264 
0.784426 0.250877 0.647723 0.708819 0.601105 0.278917 0.793685 0.326198 0.522459 0.093149 0.545903 0.304512 0.109067 0.026496 0.515099 0.448386 0.134315 0.231711 0.853314 0.325723 0.898070 0.450033 0.496744 0.243977 0.318698 
0.515538 0.977319 0.534850 0.834052 0.242408 0.568224 0.840973 0.566837 0.490412 0.331778 0.956722 0.707926 0.001147 0.922385 0.857165 0.647172 0.599917 0.116853 0.157570 0.106669 0.612902 0.542343 0.236217 0.265673 0.845699 
0.042738 0.171913 0.852532 0.545547 0.982186 0.218832 0.326626 0.779906 0.745243 0.654553 0.561983 0.242833 0.689585 0.605748 0.708988 0.138579 0.747059 0.192088 0.689284 0.436174 0.024923 0.514067 0.209440 0.485796 0.613705 
0.209236 0.690789 0.002830 0.727566 0.023888 0.209703 0.005372 0.236447 0.269985 0.474472 0.573992 0.010861 0.969031 0.923861 0.886975 0.307588 0.870916 0.967297 0.110706 0.308738 0.935783 0.875010 0.071538 0.890051 0.481295 
0.672066 0.457715 0.974043 0.167475 0.721993 0.592235 0.446095 0.364943 0.207271 0.630167 0.547897 0.555848 0.683088 0.167222 0.638400 0.033549 0.057343 0.029908 0.156601 0.350590 0.105381 0.727839 0.060895 0.328732 0.346740 
0.726731 0.314470 0.731107 0.514276 0.853288 0.076015 0.201444 0.933999 0.106121 0.793460 0.249569 0.517252 0.772197 0.731067 0.598818 0.122339 0.562143 0.551746 0.087217 0.411325 0.158446 0.248565 0.094848 0.396650 0.212862 
0.808566 0.518303 0.063974 0.825639 0.352951 0.929966 0.998830 0.586607 0.200155 0.470282 0.881638 0.875584 0.031672 0.920797 0.678351 0.801920 0.073070 0.032448 0.967976 0.538829 0.323991 0.579259 0.344823 0.515417 0.019474 
0.673217 0.159765 0.514525 0.278683 0.174067 0.629417 0.243895 0.505818 0.692748 0.499850 0.276605 0.889714 0.167501 0.422306 0.511248 0.627546 0.430428 0.636238 0.326539 0.099728 0.405224 0.549915 0.222832 0.575052 0.204473 
0.145611 0.294746 0.529771 0.586134 0.543638 0.875582 0.959972 0.367976 0.097772 0.260357 0.710419 0.088795 0.237171 0.430047 0.534158 0.562597 0.399036 0.195201 0.354019 0.466414 0.938639 0.945556 0.276357 0.957699 0.572809 
0.978832 0.840899 0.224162 0.801501 0.256617 0.063518 0.068473 0.558773 0.444121 0.712834 0.794138 0.831820 0.916415 0.154306 0.891755 0.293472 0.750520 0.574575 0.178082 0.098815 0.813147 0.497130 0.989652 0.530607 0.910609 
0.905603 0.739510 0.623614 0.392004 0.677341 0.876042 0.008387 0.791602 0.476253 0.968450 0.926303 0.877613 0.773550 0.183179 0.369349 0.951321 0.477200 0.234665 0.297281 0.697142 0.849502 0.102499 0.214009 0.583751 0.250419 

0.632605 0.233287 0.621883 0.250201 0.511327 0.360176 0.955296 0.829958 0.674776 0.465984 0.851168 0.218052 0.327920 0.290772 0.009823 0.483391 0.851213 0.608188 0.098688 0.635122 0.662923 0.426605 0.014238 0.804068 0.342068 
0.659769 0.989857 0.955953 0.018912 0.002255 0.298877 0.511903 0.788565 0.094406 0.615688 0.474714 0.516110 0.721132 0.306563 0.445204 0.354033 0.490930 0.124635 0.965190 0.521897 0.184851 0.797127 0.520307 0.551594 0.957354 
0.699161 0.370824 0.659347 0.464381 0.961652 0.874465 0.460024 0.817646 0.513602 0.884221 0.031374 0.764683 0.569730 0.391239 0.464594 0.441230 0.347887 0.628557 0.707002 0.606206 0.366033 0.191935 0.750114 0.924544 0.207214 
0.460170 0.731084 0.590703 0.279113 0.763600 0.911791 0.787686 0.926400 0.987525 0.207084 0.361898 0.799080 0.523532 0.374462 0.296516 0.619541 0.122301 0.138245 0.829235 0.481689 0.108996 0.368586 0.985597 0.936723 0.929928 
0.504356 0.598239 0.045735 0.460153 0.499538 0.904583 0.109414 0.124435 0.451153 0.679182 0.858690 0.354108 0.957335 0.445710 0.019856 0.811344 0.259570 0.898303 0.622628 0.609662 0.674216 0.980548 0.437202 0.797292 0.128681 
0.032402 0.769769 0.411045 0.026144 0.361093 0.930465 0.484243 0.832097 0.455026 0.406487 0.020020 0.361323 0.092482 0.424332 0.213242 0.618462 0.883980 0.784876 0.681904 0.054019 0.824671 0.628374 0.106241 0.336604 0.896249 
0.241971 0.180665 0.821078 0.830572 0.012472 0.051059 0.016689 0.823487 0.692347 0.730097 0.566409 0.207617 0.266017 0.407956 0.210994 0.698059 0.476441 0.567512 0.505906 0.312182 0.355186 0.552233 0.852588 0.288567 0.986608 
0.193913 0.713636 0.743759 0.425513 0.055552 0.642370 0.803362 0.118274 0.366308 0.785118 0.578703 0.738256 0.101500 0.593966 0.800339 0.781915 0.178827 0.019876 0.622733 0.340764 0.156806 0.300212 0.801305 0.184619 0.879468 
0.973593 0.427953 0.567497 0.770740 0.399168 0.518378 0.622998 0.283266 0.294023 0.390022 0.750412 0.801760 0.467741 0.007980 0.363848 0.389279 0.707562 0.469443 0.438190 0.171270 0.451734 0.797120 0.205896 0.455272 0.756799 
0.683302 0.470965 0.758105 0.654858 0.299575 0.683970 0.614976 0.759579 0.443248 0.356056 0.279216 0.757966 0.940607 0.564870 0.268249 0.750430 0.469316 0.110078 0.821172 0.219806 0.100187 0.022922 0.582345 0.430067 0.460608 
0.121569 0.869277 0.189218 0.087912 0.973660 0.148961 0.616516 0.321293 0.868295 0.549205 0.463345 0.118488 0.834323 0.211553 0.380028 0.092384 0.374344 0.845088 0.004774 0.200244 0.287882 0.746660 0.790990 0.378415 0.017656 
0.428907 0.003625 0.860114 0.474877 0.152517 0.091969 0.619578 0.062240 0.577234 0.987717 0.658633 0.380111 0.408266 0.496490 0.298460 0.732122 0.726250 0.435959 0.538874 0.380365 0.894190 0.396796 0.247484 0.441461 0.771723 
0.902408 0.350008 0.334242 0.944785 0.249079 0.320602 0.093666 0.131572 0.539718 0.990972 0.019998 0.068510 0.356495 0.820268 0.929761 0.771991 0.552193 0.835634 0.097139 0.552139 0.543053 0.915193 0.751755 0.443541 0.529158 
0.911489 0.644148 0.195950 0.373238 0.239834 0.234488 0.569364 0.450072 0.401234 0.488393 0.797798 0.843343 0.834825 0.934487 0.737343 0.665419 0.467912 0.703556 0.507629 0.532952 0.358440 0.075194 0.717888 0.430355 0.592455 
0.334558 0.571440 0.062908 0.176163 0.711575 0.889956 0.015460 0.924501 0.084482 0.038648 0.295549 0.351433 0.599195 0.734187 0.016960 0.857358 0.717069 0.915762 0.166297 0.143065 0.848873 0.049034 0.158729 0.206491 0.315612 
0.751540 0.025845 0.702923 0.459728 0.226186 0.247158 0.305392 0.673033 0.320152 0.607439 0.472715 0.315599 0.018657 0.389720 0.442895 0.960059 0.457103 0.465049 0.833005 0.511529 0.653711 0.584707 0.582442 0.730211 0.527275 
0.071587 0.954099 0.213587 0.101248 0.359312 0.842998 0.680221 0.145972 0.250306 0.176998 0.549710 0.941929 0.058191 0.559388 0.922624 0.119414 0.022759 0.923184 0.024153 0.184804 0.476259 0.140895 0.884406 0.017592 0.255226 
0.163914 0.906394 0.824415 0.279700 0.322167 0.791528 0.977368 0.443208 0.600198 0.987958 0.092445 0.371938 0.850577 0.456431 0.181195 0.254876 0.804602 0.895908 0.579157 0.492237 0.884435 0.000042 0.242184 0.569085 0.416450 
0.418604 0.396009 0.189424 0.879002 0.516511 0.150130 0.221541 0.776369 0.711083 0.195499 0.807538 0.591771 0.940710 0.292556 0.562179 0.965217 0.658529 0.980683 0.242912 0.604447 0.272796 0.448356 0.883121 0.363383 0.264217 
0.402351 0.230419 0.367755 0.110576 0.749371 0.147385 0.170265 0.010346 0.199134 0.543792 0.429929 0.089451 0.084987 0.767760 0.864221 0.727441 0.769165 0.236939 0.593457 0.127586 0.762967 0.142309 0.207747 0.051470 0.455434 
0.378365 0.779146 0.852880 0.440003 0.780819 0.024153 0.805130 0.176353 0.527401 0.161842 0.376342 0.572854 0.155385 0.314688 0.806219 0.635442 0.553631 0.498275 0.187052 0.761346 0.438500 0.209745 0.961913 0.087204 0.773096 
0.932984 0.987114 0.578718 0.388950 0.746337 0.644058 0.201236 0.946636 0.560828 0.453960 0.622334 0.594233 0.597091 0.862406 0.730295 0.438337 0.606045 0.191317 0.455971 0.922732 0.991963 0.626536 0.607444 0.064312 0.088588 
0.379578 0.717046 0.398263 0.593347 0.167503 0.193178 0.161212 0.931873 0.933337 0.322302 0.676215 0.240475 0.563149 0.299197 0.862557 0.102766 0.099127 0.898347 0.610867 0.661623 0.629962 0.608512 0.931121 0.945989 0.257903 
0.085917 0.268612 0.979552 0.901271 0.708347 0.158347 0.385906 0.738945 0.912532 0.875369 0.230239 0.132575 0.943487 0.376351 0.148704 0.932829 0.786196 0.078834 0.817470 0.044994 0.413424 0.503848 0.489652 0.574939 0.364571 
0.525380 0.056105 0.986530 0.000379 0.061287 0.704363 0.140506 0.696277 0.701598 0.557281 0.300795 0.317751 0.580054 0.390800 0.567712 0.752392 0.780207 0.979720 0.934103 0.103686 0.213475 0.370201 0.125039 0.222934 0.339953 

-0.315220 -0.769751 -0.416507 -0.365759 -0.059791 -0.668648 -0.750892 -0.047896 0.030969 -0.945266 -0.507607 -0.683741 -0.961004 -1.181125 0.306311 -0.435956 -0.581732 -0.311417 -0.877007 -1.095964 -0.077316 -0.470408 -0.092837 0.090242 -0.590407 
-1.301319 0.334124 -0.532635 -0.624040 -0.821323 -0.890871 -0.871677 -0.907600 -1.115045 -0.290385 -0.378205 -0.977416 -0.198772 -0.507424 -0.730116 -0.460924 -0.266917 -0.114727 0.016153 -0.629932 -0.913733 0.125932 0.138973 -0.421465 -0.391757 
-0.173930 -0.758849 -0.705691 0.090273 -0.495155 -0.822206 -0.611118 -1.169520 -0.750308 -1.571898 -0.314034 -0.013117 0.633115 -0.798414 -0.703875 -1.023866 -0.023665 -0.411646 -0.703658 -0.889902 -0.349284 -0.333185 -0.640734 -1.045333 -0.293751 
-0.807164 -0.846332 -0.491078 -0.056621 -0.893335 -0.290288 0.326053 -0.092781 -0.874174 -0.451866 -0.581426 -1.311379 -0.738504 -0.450682 -0.200626 0.198253 -0.602848 -0.900827 -0.521387 -0.481053 -0.098301 -0.386049 -0.202634 -0.621944 -0.518887 
1.004994 1.170300 -0.796392 -0.309325 -0.466130 -0.335827 -0.450343 -0.221568 -0.970200 -0.701014 -0.003267 -0.382318 -0.155597 -0.529398 -0.869364 -0.364408 -1.209971 0.515532 -1.079830 -0.538653 -0.644736 -0.362108 -0.694366 -0.587559 -0.719533 
-0.105521 1.656324 0.558341 0.093578 -0.007766 -0.592848 -0.685370 -0.720734 -1.095697 -0.608116 -1.018639 -0.010060 -0.161517 -0.514607 -0.685441 -0.501165 -0.356145 -0.320877 -0.665954 -0.303055 -0.449810 -0.522524 -0.537601 -1.168810 -0.576876 
-0.320146 0.201185 2.101960 2.434150 -0.410600 0.284806 0.123477 0.163188 -0.280969 -0.840797 -0.913132 -0.011170 -0.428763 -0.917807 -0.645782 -0.193021 -0.003762 0.316582 0.041444 -0.464806 -0.174810 -1.409289 -1.626725 -0.871455 -0.017821 
0.567264 0.147581 1.413774 1.192284 0.522101 1.660211 1.556828 0.088313 0.735263 1.814382 -0.612492 -0.534580 -0.652138 -0.694599 -0.887035 -0.052371 -0.416010 0.275790 -0.725734 -0.260724 -0.839555 -0.525224 -1.106420 -1.256865 -0.840135 
-0.344834 -0.135688 1.043335 2.047134 0.885021 0.717557 1.103875 0.185027 0.755400 0.514680 1.877093 1.258047 -0.472641 -0.044766 -0.914389 -0.578303 -0.602042 -0.191079 -1.406983 -0.436762 -1.030258 -0.356389 -0.306182 -1.031972 -0.150676 
0.170338 -0.161905 1.226598 1.365509 0.447505 1.311610 0.719801 1.171059 0.816491 -0.021818 0.816416 1.220724 1.679757 1.360989 0.740720 -0.600122 -0.445711 -0.520446 -0.128268 -1.106107 -0.835135 0.210991 0.171707 -0.939981 -0.649869 
-0.441844 -0.722056 0.801369 -0.297442 2.005260 0.607851 0.973755 0.593874 1.423051 0.919075 0.962484 0.146122 1.897609 0.614247 0.883310 0.369696 1.318309 3.070065 1.104646 -0.068023 -0.996022 -0.343836 -0.693370 -0.823772 -0.610792 
-0.700366 -0.087077 -0.854144 0.648283 0.168667 -0.108906 0.711600 0.051788 1.329548 1.423831 0.947823 0.691151 0.564738 1.041477 0.491502 1.229242 1.268668 1.500994 0.789353 2.299642 1.931411 0.670110 0.571422 -0.597908 -0.481367 
-0.792611 0.522047 0.453107 -0.291047 0.950471 0.686876 0.032811 0.402102 1.141689 1.643712 -0.226329 0.000358 0.948880 1.272536 1.596373 1.406041 1.906269 1.817552 0.770114 1.125485 1.937421 1.627571 2.197748 1.145443 1.701272 
-0.331683 -0.619163 0.046385 -0.092851 0.586540 0.460017 0.954563 0.448900 0.465797 0.853122 1.483435 2.396465 1.867437 1.623817 1.188247 1.244532 0.588310 1.610490 1.253976 1.075577 1.029076 0.170599 2.150242 2.561735 2.090307 
0.241133 -0.050137 0.170967 0.220849 0.334481 1.712057 -0.415499 2.030204 -0.106222 -0.352317 0.600703 1.079726 1.934463 0.927201 -0.381635 1.872968 0.950385 1.342123 1.829162 1.010862 2.592932 0.703295 1.075238 -0.081071 0.872486 
0.022226 1.100884 -0.335583 0.735761 0.228398 -0.246091 0.315919 1.008281 0.800724 1.143901 0.539164 0.490353 0.468104 0.837975 1.337108 1.930771 2.000430 0.650571 1.258919 1.025263 2.038298 1.823674 0.447798 1.346148 1.800792 
0.077771 -0.688706 0.647010 0.151548 1.283983 -0.751446 1.131034 0.288905 0.109671 0.531514 0.850340 2.248889 0.147108 1.233826 1.427228 0.245672 1.742180 1.014082 1.940693 1.342563 0.730091 1.665618 1.477841 1.324537 1.696814 
0.408726 -0.106893 -1.306131 -0.000054 -0.166046 -0.324880 2.109700 0.760900 1.211709 2.136972 0.818202 0.141204 1.848070 1.280700 0.597782 0.300833 2.923485 2.976704 0.726949 1.224836 2.332674 1.811100 0.520243 2.102136 2.053240 
0.664863 0.101204 0.662132 -1.447785 0.302218 0.149932 -0.043123 1.525752 1.284884 0.464004 1.482865 1.033832 2.213980 1.048838 0.936034 2.559156 0.584276 1.286160 0.333731 1.170082 -0.085271 2.159945 0.477128 1.386920 1.009547 
0.708435 -0.381109 0.926569 0.969479 0.316794 0.574754 -0.326853 -0.111238 0.462007 0.460871 0.618827 0.585646 0.135862 1.964535 2.075604 1.020887 2.471992 1.197942 0.948227 1.108883 0.792450 0.249592 0.515198 0.695259 1.054147 
0.407327 -0.111896 -0.755937 0.450773 -0.791046 0.543025 0.264977 0.908111 0.995472 0.342385 0.600227 1.274914 0.826649 0.897324 1.875564 -3.058922 0.307382 0.898540 2.049268 1.519171 0.948750 1.160690 1.554760 1.587050 1.039612 
-0.415150 -1.210441 -0.224828 -0.061663 -0.658795 -0.602840 -0.064431 -0.550008 0.526796 0.881171 1.188874 -3.411098 -1.503865 -2.638068 -2.547783 -1.917378 -1.689551 -1.356308 -1.886932 -2.511043 1.305088 1.190296 1.435314 1.008972 0.208589 
-0.201249 -0.252307 0.202572 -0.022383 0.560041 0.712711 1.186951 -0.404756 -2.218005 -1.612906 -3.128468 -0.290119 -1.462101 -1.395342 -2.499357 -1.250480 -0.830934 -2.445870 -1.827870 -2.480311 -3.016105 -2.891561 -1.949944 -3.516504 1.472582 
0.512611 0.726077 -0.629485 0.340528 -0.920011 0.043530 -0.235625 0.427377 -2.865875 -3.519104 -1.809995 -1.656739 -3.476661 -1.302459 -2.226547 -2.220978 -3.481016 -1.266322 -2.202406 -0.752181 -2.323711 -2.565531 -2.623133 -2.269454 -2.456313 
0.420119 0.876322 -0.088991 0.714816 0.511027 0.192745 0.180984 0.532061 -0.486464 -2.867080 -2.919275 -1.909456 -3.050050 -0.831027 -2.015290 -3.908600 -2.279208 -2.310660 -2.568104 -1.113719 -1.917334 -1.009049 -0.153680 -1.697742 -0.900456 

4 4 4 4 4 4 4 4 4 4 4 4 4 4 4 4 4 4 4 4 4 4 4 4 4 
4 4 4 4 4 4 4 4 4 4 4 4 4 4 4 4 4 4 4 4 4 4 4 4 4 
4 4 4 4 4 4 4 4 4 4 4 4 4 4 4 4 4 4 4 4 4 4 4 4 4 
4 4 4 4 4 4 4 4 4 4 4 4 4 4 4 4 4 4 4 4 4 4 4 4 4 
0 0 4 4 4 4 4 4 4 4 4 4 4 4 4 4 4 4 4 4 4 4 4 4 4 
2 0 0 0 4 4 4 4 4 4 4 4 4 4 4 4 4 4 4 4 4 4 4 4 4 
2 0 0 0 0 0 0 4 4 4 4 4 4 4 4 4 4 4 4 4 4 4 4 4 4 
2 2 0 0 0 0 0 0 0 0 4 4 4 4 4 4 4 4 4 4 4 4 4 4 4 
2 2 0 0 0 0 0 0 0 0 0 0 4 4 4 4 4 4 4 4 4 4 4 4 4 
2 2 0 0 0 0 0 0 0 0 0 0 0 0 0 4 4 4 4 4 4 4 4 4 4 
2 2 2 0 0 0 0 0 0 0 0 0 0 0 0 0 3 3 3 4 4 4 4 4 4 
2 2 2 0 0 0 0 0 0 0 0 0 0 0 0 0 3 3 3 3 3 3 3 4 4 
2 2 2 2 0 0 0 0 0 0 0 0 0 0 0 0 3 3 3 3 3 3 3 3 3 
2 2 2 2 0 0 0 0 0 0 0 0 0 0 0 0 3 3 3 3 3 3 3 3 3 
2 2 2 2 2 0 0 0 0 0 0 0 0 0 0 0 3 3 3 3 3 3 3 3 3 
2 2 2 2 2 0 0 0 0 0 0 0 0 0 0 0 3 3 3 3 3 3 3 3 3 
2 2 2 2 2 2 0 0 0 0 0 0 0 0 0 0 3 3 3 3 3 3 3 3 3 
2 2 2 2 2 2 0 0 0 0 0 0 0 0 0 0 3 3 3 3 3 3 3 3 3 
2 2 2 2 2 2 2 0 0 0 0 0 0 0 0 0 3 3 3 3 3 3 3 3 3 
2 2 2 2 2 2 2 0 0 0 0 0 0 0 0 0 3 3 3 3 3 3 3 3 3 
2 2 2 2 2 2 2 2 0 0 0 0 0 0 0 1 3 3 3 3 3 3 3 3 3 
2 2 2 2 2 2 2 2 0 0 0 1 1 1 1 1 1 1 1 1 3 3 3 3 3 
2 2 2 2 2 2 2 2 1 1 1 1 1 1 1 1 1 1 1 1 1 1 1 1 3 
2 2 2 2 2 2 2 2 1 1 1 1 1 1 1 1 1 1 1 1 1 1 1 1 1 
2 2 2 2 2 2 2 2 2 1 1 1 1 1 1 1 1 1 1 1 1 1 1 1 1 

-1.0 -1.0 -1.0 -1.0 -1.0 -1.0 -1.0 -1.0 -1.0 -1.0 -1.0 -1.0 -1.0 -1.0 -1.0 -1.0 -1.0 -1.0 -1.0 -1.0 -1.0 -1.0 -1.0 -1.0 -1.0 
-1.0 -1.0 -1.0 -1.0 -1.0 -1.0 -1.0 -1.0 -1.0 -1.0 -1.0 -1.0 -1.0 -1.0 -1.0 -1.0 -1.0 -1.0 -1.0 -1.0 -1.0 -1.0 -1.0 -1.0 -1.0 
-1.0 -1.0 -1.0 -1.0 -1.0 -1.0 -1.0 -1.0 -1.0 -1.0 -1.0 -1.0 -1.0 -1.0 -1.0 -1.0 -1.0 -1.0 -1.0 -1.0 -1.0 -1.0 -1.0 -1.0 -1.0 
-1.0 -1.0 -1.0 -1.0 -1.0 -1.0 -1.0 -1.0 -1.0 -1.0 -1.0 -1.0 -1.0 -1.0 -1.0 -1.0 -1.0 -1.0 -1.0 -1.0 -1.0 -1.0 -1.0 -1.0 -1.0 
0.0 0.0 -1.0 -1.0 -1.0 -1.0 -1.0 -1.0 -1.0 -1.0 -1.0 -1.0 -1.0 -1.0 -1.0 -1.0 -1.0 -1.0 -1.0 -1.0 -1.0 -1.0 -1.0 -1.0 -1.0 
1.0 0.0 0.0 0.0 -1.0 -1.0 -1.0 -1.0 -1.0 -1.0 -1.0 -1.0 -1.0 -1.0 -1.0 -1.0 -1.0 -1.0 -1.0 -1.0 -1.0 -1.0 -1.0 -1.0 -1.0 
1.0 0.0 0.0 0.0 0.0 0.0 0.0 -1.0 -1.0 -1.0 -1.0 -1.0 -1.0 -1.0 -1.0 -1.0 -1.0 -1.0 -1.0 -1.0 -1.0 -1.0 -1.0 -1.0 -1.0 
1.0 1.0 0.0 0.0 0.0 0.0 0.0 0.0 0.0 0.0 -1.0 -1.0 -1.0 -1.0 -1.0 -1.0 -1.0 -1.0 -1.0 -1.0 -1.0 -1.0 -1.0 -1.0 -1.0 
1.0 1.0 0.0 0.0 0.0 0.0 0.0 0.0 0.0 0.0 0.0 0.0 -1.0 -1.0 -1.0 -1.0 -1.0 -1.0 -1.0 -1.0 -1.0 -1.0 -1.0 -1.0 -1.0 
1.0 1.0 0.0 0.0 0.0 0.0 0.0 0.0 0.0 0.0 0.0 0.0 0.0 0.0 0.0 -1.0 -1.0 -1.0 -1.0 -1.0 -1.0 -1.0 -1.0 -1.0 -1.0 
1.0 1.0 1.0 0.0 0.0 0.0 0.0 0.0 0.0 0.0 0.0 0.0 0.0 0.0 0.0 0.0 2.0 2.0 2.0 -1.0 -1.0 -1.0 -1.0 -1.0 -1.0 
1.0 1.0 1.0 0.0 0.0 0.0 0.0 0.0 0.0 0.0 0.0 0.0 0.0 0.0 0.0 0.0 2.0 2.0 2.0 2.0 2.0 2.0 2.0 -1.0 -1.0 
1.0 1.0 1.0 1.0 0.0 0.0 0.0 0.0 0.0 0.0 0.0 0.0 0.0 0.0 0.0 0.0 2.0 2.0 2.0 2.0 2.0 2.0 2.0 2.0 2.0 
1.0 1.0 1.0 1.0 0.0 0.0 0.0 0.0 0.0 0.0 0.0 0.0 0.0 0.0 0.0 0.0 2.0 2.0 2.0 2.0 2.0 2.0 2.0 2.0 2.0 
1.0 1.0 1.0 1.0 1.0 0.0 0.0 0.0 0.0 0.0 0.0 0.0 0.0 0.0 0.0 0.0 2.0 2.0 2.0 2.0 2.0 2.0 2.0 2.0 2.0 
1.0 1.0 1.0 1.0 1.0 0.0 0.0 0.0 0.0 0.0 0.0 0.0 0.0 0.0 0.0 0.0 2.0 2.0 2.0 2.0 2.0 2.0 2.0 2.0 2.0 
1.0 1.0 1.0 1.0 1.0 1.0 0.0 0.0 0.0 0.0 0.0 0.0 0.0 0.0 0.0 0.0 2.0 2.0 2.0 2.0 2.0 2.0 2.0 2.0 2.0 
1.0 1.0 1.0 1.0 1.0 1.0 0.0 0.0 0.0 0.0 0.0 0.0 0.0 0.0 0.0 0.0 2.0 2.0 2.0 2.0 2.0 2.0 2.0 2.0 2.0 
1.0 1.0 1.0 1.0 1.0 1.0 1.0 0.0 0.0 0.0 0.0 0.0 0.0 0.0 0.0 0.0 2.0 2.0 2.0 2.0 2.0 2.0 2.0 2.0 2.0 
1.0 1.0 1.0 1.0 1.0 1.0 1.0 0.0 0.0 0.0 0.0 0.0 0.0 0.0 0.0 0.0 2.0 2.0 2.0 2.0 2.0 2.0 2.0 2.0 2.0 
1.0 1.0 1.0 1.0 1.0 1.0 1.0 1.0 0.0 0.0 0.0 0.0 0.0 0.0 0.0 -2.0 2.0 2.0 2.0 2.0 2.0 2.0 2.0 2.0 2.0 
1.0 1.0 1.0 1.0 1.0 1.0 1.0 1.0 0.0 0.0 0.0 -2.0 -2.0 -2.0 -2.0 -2.0 -2.0 -2.0 -2.0 -2.0 2.0 2.0 2.0 2.0 2.0 
1.0 1.0 1.0 1.0 1.0 1.0 1.0 1.0 -2.0 -2.0 -2.0 -2.0 -2.0 -2.0 -2.0 -2.0 -2.0 -2.0 -2.0 -2.0 -2.0 -2.0 -2.0 -2.0 2.0 
1.0 1.0 1.0 1.0 1.0 1.0 1.0 1.0 -2.0 -2.0 -2.0 -2.0 -2.0 -2.0 -2.0 -2.0 -2.0 -2.0 -2.0 -2.0 -2.0 -2.0 -2.0 -2.0 -2.0 
1.0 1.0 1.0 1.0 1.0 1.0 1.0 1.0 1.0 -2.0 -2.0 -2.0 -2.0 -2.0 -2.0 -2.0 -2.0 -2.0 -2.0 -2.0 -2.0 -2.0 -2.0 -2.0 -2.0 

0.0 0.0 0.0 0.0 0.0 0.0 0.0 0.0 0.0 0.0 0.0 0.0 0.0 0.0 0.0 0.0 0.0 0.0 0.0 0.0 0.0 0.0 0.0 0.0 0.0 
0.0 0.0 0.0 0.0 0.0 0.0 0.0 0.0 0.0 0.0 0.0 0.0 0.0 0.0 0.0 0.0 0.0 0.0 0.0 0.0 0.0 0.0 0.0 0.0 0.0 
0.0 0.0 0.0 0.0 0.0 0.0 0.0 0.0 0.0 0.0 0.0 0.0 0.0 0.0 0.0 0.0 0.0 0.0 0.0 0.0 0.0 0.0 0.0 0.0 0.0 
0.0 0.0 0.0 0.0 0.0 0.0 0.0 0.0 0.0 0.0 0.0 0.0 0.0 0.0 0.0 0.0 0.0 0.0 0.0 0.0 0.0 0.0 0.0 0.0 0.0 
2.0 2.0 0.0 0.0 0.0 0.0 0.0 0.0 0.0 0.0 0.0 0.0 0.0 0.0 0.0 0.0 0.0 0.0 0.0 0.0 0.0 0.0 0.0 0.0 0.0 
-1.0 2.0 2.0 2.0 0.0 0.0 0.0 0.0 0.0 0.0 0.0 0.0 0.0 0.0 0.0 0.0 0.0 0.0 0.0 0.0 0.0 0.0 0.0 0.0 0.0 
-1.0 2.0 2.0 2.0 2.0 2.0 2.0 0.0 0.0 0.0 0.0 0.0 0.0 0.0 0.0 0.0 0.0 0.0 0.0 0.0 0.0 0.0 0.0 0.0 0.0 
-1.0 -1.0 2.0 2.0 2.0 2.0 2.0 2.0 2.0 2.0 0.0 0.0 0.0 0.0 0.0 0.0 0.0 0.0 0.0 0.0 0.0 0.0 0.0 0.0 0.0 
-1.0 -1.0 2.0 2.0 2.0 2.0 2.0 2.0 2.0 2.0 2.0 2.0 0.0 0.0 0.0 0.0 0.0 0.0 0.0 0.0 0.0 0.0 0.0 0.0 0.0 
-1.0 -1.0 2.0 2.0 2.0 2.0 2.0 2.0 2.0 2.0 2.0 2.0 2.0 2.0 2.0 0.0 0.0 0.0 0.0 0.0 0.0 0.0 0.0 0.0 0.0 
-1.0 -1.0 -1.0 2.0 2.0 2.0 2.0 2.0 2.0 2.0 2.0 2.0 2.0 2.0 2.0 2.0 1.0 1.0 1.0 0.0 0.0 0.0 0.0 0.0 0.0 
-1.0 -1.0 -1.0 2.0 2.0 2.0 2.0 2.0 2.0 2.0 2.0 2.0 2.0 2.0 2.0 2.0 1.0 1.0 1.0 1.0 1.0 1.0 1.0 0.0 0.0 
-1.0 -1.0 -1.0 -1.0 2.0 2.0 2.0 2.0 2.0 2.0 2.0 2.0 2.0 2.0 2.0 2.0 1.0 1.0 1.0 1.0 1.0 1.0 1.0 1.0 1.0 
-1.0 -1.0 -1.0 -1.0 2.0 2.0 2.0 2.0 2.0 2.0 2.0 2.0 2.0 2.0 2.0 2.0 1.0 1.0 1.0 1.0 1.0 1.0 1.0 1.0 1.0 
-1.0 -1.0 -1.0 -1.0 -1.0 2.0 2.0 2.0 2.0 2.0 2.0 2.0 2.0 2.0 2.0 2.0 1.0 1.0 1.0 1.0 1.0 1.0 1.0 1.0 1.0 
-1.0 -1.0 -1.0 -1.0 -1.0 2.0 2.0 2.0 2.0 2.0 2.0 2.0 2.0 2.0 2.0 2.0 1.0 1.0 1.0 1.0 1.0 1.0 1.0 1.0 1.0 
-1.0 -1.0 -1.0 -1.0 -1.0 -1.0 2.0 2.0 2.0 2.0 2.0 2.0 2.0 2.0 2.0 2.0 1.0 1.0 1.0 1.0 1.0 1.0 1.0 1.0 1.0 
-1.0 -1.0 -1.0 -1.0 -1.0 -1.0 2.0 2.0 2.0 2.0 2.0 2.0 2.0 2.0 2.0 2.0 1.0 1.0 1.0 1.0 1.0 1.0 1.0 1.0 1.0 
-1.0 -1.0 -1.0 -1.0 -1.0 -1.0 -1.0 2.0 2.0 2.0 2.0 2.0 2.0 2.0 2.0 2.0 1.0 1.0 1.0 1.0 1.0 1.0 1.0 1.0 1.0 
-1.0 -1.0 -1.0 -1.0 -1.0 -1.0 -1.0 2.0 2.0 2.0 2.0 2.0 2.0 2.0 2.0 2.0 1.0 1.0 1.0 1.0 1.0 1.0 1.0 1.0 1.0 
-1.0 -1.0 -1.0 -1.0 -1.0 -1.0 -1.0 -1.0 2.0 2.0 2.0 2.0 2.0 2.0 2.0 -2.0 1.0 1.0 1.0 1.0 1.0 1.0 1.0 1.0 1.0 
-1.0 -1.0 -1.0 -1.0 -1.0 -1.0 -1.0 -1.0 2.0 2.0 2.0 -2.0 -2.0 -2.0 -2.0 -2.0 -2.0 -2.0 -2.0 -2.0 1.0 1.0 1.0 1.0 1.0 
-1.0 -1.0 -1.0 -1.0 -1.0 -1.0 -1.0 -1.0 -2.0 -2.0 -2.0 -2.0 -2.0 -2.0 -2.0 -2.0 -2.0 -2.0 -2.0 -2.0 -2.0 -2.0 -2.0 -2.0 1.0 
-1.0 -1.0 -1.0 -1.0 -1.0 -1.0 -1.0 -1.0 -2.0 -2.0 -2.0 -2.0 -2.0 -2.0 -2.0 -2.0 -2.0 -2.0 -2.0 -2.0 -2.0 -2.0 -2.0 -2.0 -2.0 
-1.0 -1.0 -1.0 -1.0 -1.0 -1.0 -1.0 -1.0 -1.0 -2.0 -2.0 -2.0 -2.0 -2.0 -2.0 -2.0 -2.0 -2.0 -2.0 -2.0 -2.0 -2.0 -2.0 -2.0 -2.0 

