0.586944 0.897458 0.863466 0.406045 0.884771 0.840727 0.437740 0.841807 0.460017 0.909481 0.694700 0.477848 0.067162 0.957437 0.349189 0.739480 0.440682 0.224898 0.431467 0.999100 0.584109 0.223438 0.470655 0.853964 0.562571 
0.232638 0.214000 0.767269 0.442610 0.995417 0.709841 0.522237 0.141829 0.325433 0.867782 0.629451 0.617621 0.973657 0.125419 0.974992 0.305766 0.901630 0.572578 0.148210 0.354699 0.546988 0.607068 0.759018 0.185311 0.035583 
0.547839 0.184561 0.032385 0.962454 0.332557 0.079232 0.646464 0.874011 0.765816 0.904199 0.593883 0.530051 0.662180 0.149160 0.560227 0.797167 0.710382 0.111369 0.311212 0.317736 0.553993 0.307000 0.901689 0.009227 0.041414 
0.714124 0.301174 0.417465 0.698534 0.107347 0.283660 0.616062 0.011923 0.802833 0.737469 0.991408 0.703601 0.123702 0.517282 0.842282 0.404023 0.533847 0.984583 0.422435 0.398313 0.958476 0.731642 0.015864 0.791148 0.323488 
0.665233 0.052757 0.328003 0.333524 0.748743 0.454576 0.025242 0.943953 0.434638 0.849333 0.487060 0.462364 0.877057 0.700180 0.990005 0.858097 0.705016 0.771773 0.070516 0.301190 0.627524 0.662166 0.706863 0.525861 0.307876 
0.820719 0.621887 0.153154 0.198890 0.136732 0.481759 0.961719 0.440950 0.506656 0.331936 0.435158 0.190480 0.173396 0.126824 0.226392 0.053820 0.572526 0.766263 0.398748 0.964095 0.986573 0.530906 0.215046 0.923612 0.118101 
0.262968 0.483204 0.970124 0.157354 0.471722 0.031353 0.313931 0.626872 0.776458 0.813732 0.653536 0.923290 0.089007 0.232303 0.650566 0.637447 0.990145 0.821236 0.464218 0.774384 0.470068 0.902280 0.284625 0.899849 0.414933 
0.511481 0.503356 0.949776 0.936207 0.081019 0.217453 0.135771 0.104584 0.187353 0.309553 0.825026 0.120538 0.714308 0.873932 0.756990 0.238736 0.672440 0.832787 0.796235 0.993194 0.959870 0.734814 0.324728 0.139798 0.397480 
0.487957 0.406256 0.259094 0.175769 0.318928 0.924014 0.552957 0.256482 0.634548 0.075432 0.635744 0.614485 0.754294 0.515016 0.475003 0.077957 0.356362 0.820162 0.350479 0.815852 0.478535 0.916555 0.820461 0.098253 0.386114 
0.986294 0.450254 0.457519 0.051746 0.792913 0.608413 0.198834 0.741248 0.049976 0.324433 0.485117 0.770317 0.948021 0.928459 0.959892 0.626976 0.439652 0.809293 0.834030 0.069195 0.759539 0.550361 0.659253 0.036956 0.427829 
0.481849 0.698578 0.661198 0.960459 0.945407 0.744597 0.132521 0.390959 0.459273 0.070255 0.920133 0.543616 0.241571 0.450889 0.392382 0.738553 0.200246 0.214306 0.281912 0.735875 0.775892 0.154172 0.410199 0.606960 0.160477 
0.649325 0.280945 0.333967 0.678228 0.527388 0.069277 0.682315 0.209564 0.161799 0.706367 0.072955 0.661527 0.077307 0.987359 0.082597 0.815587 0.824819 0.265809 0.476749 0.003788 0.089751 0.923174 0.079173 0.433355 0.894198 
0.128729 0.893731 0.494253 0.667442 0.996538 0.375224 0.105584 0.588386 0.024180 0.436576 0.679482 0.748364 0.301977 0.232200 0.127560 0.286543 0.379818 0.114785 0.183446 0.353428 0.515258 0.421378 0.181165 0.748973 0.088345 
0.855160 0.260162 0.862304 0.078762 0.536854 0.667674 0.062393 0.183414 0.477610 0.687932 0.535357 0.735859 0.812545 0.124146 0.272566 0.019640 0.793655 0.071558 0.904170 0.881922 0.693113 0.530754 0.453778 0.930789 0.914804 
0.274432 0.789541 0.969434 0.945245 0.734069 0.447162 0.541581 0.750659 0.139625 0.953241 0.703438 0.720624 0.629187 0.088276 0.196799 0.606045 0.387677 0.137569 0.897176 0.601656 0.055237 0.250077 0.647974 0.210271 0.149686 
0.477788 0.514908 0.731907 0.823844 0.568280 0.708930 0.879178 0.725501 0.315163 0.046750 0.818773 0.635100 0.112228 0.805590 0.060910 0.556622 0.511443 0.017311 0.087630 0.052440 0.999343 0.997021 0.504695 0.650425 0.639524 
0.675827 0.606522 0.412528 0.680102 0.037074 0.753124 0.591375 0.682689 0.640779 0.912986 0.266638 0.660353 0.747299 0.661932 0.216961 0.753126 0.717557 0.543525 0.046180 0.824443 0.730513 0.022886 0.180562 0.993450 0.657999 
0.837484 0.888565 0.226151 0.442164 0.380863 0.836526 0.798705 0.678306 0.866786 0.229001 0.318097 0.685175 0.664401 0.385458 0.783291 0.141020 0.522813 0.305362 0.379468 0.588556 0.203502 0.259967 0.526858 0.435104 0.710017 
0.098728 0.130013 0.700866 0.175229 0.530008 0.117961 0.933379 0.793602 0.297939 0.264616 0.907842 0.496023 0.526485 0.307242 0.244183 0.558093 0.731905 0.354757 0.675059 0.190130 0.471677 0.186009 0.396253 0.998659 0.605385 
0.367939 0.940303 0.544199 0.767588 0.702919 0.508212 0.492551 0.731427 0.445398 0.011034 0.331875 0.989014 0.622404 0.979500 0.108151 0.247701 0.051275 0.378767 0.952579 0.919096 0.411693 0.213467 0.733785 0.603645 0.223848 
0.256078 0.676480 0.601291 0.229337 0.470681 0.338777 0.741556 0.302908 0.113455 0.285445 0.052491 0.367563 0.973389 0.199842 0.071685 0.606167 0.716029 0.630977 0.483071 0.440230 0.406375 0.161812 0.184570 0.456397 0.714165 
0.694256 0.427779 0.554834 0.302717 0.335419 0.777961 0.523926 0.918353 0.393598 0.412056 0.898239 0.212881 0.833299 0.966635 0.137479 0.748961 0.425776 0.789162 0.191047 0.602261 0.649517 0.289359 0.232430 0.456118 0.823518 
0.236573 0.299097 0.951796 0.879170 0.875011 0.924537 0.585503 0.397364 0.377634 0.557151 0.124085 0.587658 0.030381 0.560763 0.032078 0.249944 0.478106 0.829588 0.186319 0.534010 0.950426 0.562212 0.960247 0.796414 0.022167 
0.462302 0.428980 0.980441 0.014354 0.595458 0.790380 0.006841 0.156771 0.349863 0.704141 0.883743 0.212262 0.554182 0.622037 0.824979 0.094974 0.985083 0.040478 0.896779 0.979772 0.988001 0.454988 0.735785 0.330615 0.859777 
0.744394 0.716064 0.263662 0.068104 0.528681 0.823494 0.982100 0.826265 0.529508 0.056043 0.407997 0.819149 0.184565 0.530219 0.326300 0.215001 0.615264 0.854228 0.824395 0.073742 0.148141 0.726844 0.777016 0.997937 0.491649 

0.084198 0.718807 0.771987 0.506189 0.022323 0.500151 0.729762 0.856656 0.783055 0.904870 0.576604 0.481096 0.796077 0.572735 0.693641 0.963990 0.587988 0.286620 0.096807 0.589374 0.209666 0.567981 0.308185 0.987587 0.126628 
0.027248 0.305520 0.826445 0.093724 0.926727 0.271565 0.784981 0.759826 0.506888 0.326709 0.473651 0.087872 0.269813 0.819765 0.517246 0.396925 0.916756 0.157721 0.012309 0.246088 0.043533 0.587437 0.859510 0.581943 0.577706 
0.349999 0.900841 0.796604 0.194237 0.280545 0.032688 0.432846 0.757930 0.579793 0.279041 0.561222 0.740901 0.166000 0.258138 0.916800 0.174476 0.574374 0.384651 0.980578 0.983890 0.846983 0.634582 0.470226 0.324936 0.484771 
0.356051 0.446892 0.532989 0.341414 0.039152 0.546221 0.699025 0.900003 0.349687 0.733367 0.583019 0.115289 0.274398 0.444008 0.331125 0.720592 0.412807 0.168630 0.021281 0.467880 0.792583 0.982544 0.328033 0.852810 0.369791 
0.086268 0.108771 0.847453 0.318207 0.727656 0.374333 0.377889 0.504302 0.803266 0.531495 0.943883 0.274734 0.792915 0.800480 0.352659 0.358351 0.888732 0.072094 0.801220 0.444093 0.028531 0.668048 0.951821 0.519700 0.042232 
0.824848 0.311993 0.362893 0.718457 0.621864 0.878906 0.974014 0.794698 0.989375 0.528793 0.097954 0.122780 0.119394 0.235484 0.030545 0.862454 0.959317 0.362052 0.689076 0.615098 0.220498 0.387636 0.563508 0.200221 0.869288 
0.148963 0.473578 0.960389 0.666418 0.837126 0.100531 0.176868 0.428059 0.839773 0.746688 0.812113 0.625742 0.981948 0.579974 0.437635 0.851117 0.281873 0.619080 0.185527 0.226040 0.753674 0.094021 0.638227 0.092245 0.422563 
0.061803 0.881128 0.674304 0.989862 0.908856 0.446833 0.417767 0.853308 0.792120 0.397012 0.435519 0.529311 0.077014 0.301387 0.386699 0.468104 0.990055 0.747903 0.027377 0.615227 0.553675 0.260096 0.389073 0.868399 0.301293 
0.028041 0.610337 0.464611 0.453924 0.374733 0.975543 0.570883 0.510669 0.134153 0.683699 0.992199 0.976801 0.635942 0.796595 0.236810 0.103185 0.525226 0.478767 0.460786 0.361926 0.976747 0.814945 0.342981 0.441147 0.641996 
0.873397 0.790022 0.656656 0.614837 0.936132 0.679117 0.132831 0.588673 0.128343 0.486948 0.564115 0.613076 0.355811 0.514705 0.494080 0.504600 0.474137 0.944046 0.501066 0.809286 0.143761 0.332501 0.675663 0.175300 0.927227 
0.123336 0.928138 0.959783 0.903616 0.135505 0.457350 0.322511 0.283566 0.522642 0.983869 0.356728 0.933890 0.368477 0.076481 0.474427 0.964503 0.962893 0.883381 0.183867 0.657387 0.220393 0.480533 0.028979 0.453303 0.038748 
0.659559 0.437318 0.416274 0.622513 0.805386 0.493424 0.733856 0.994769 0.772297 0.881360 0.715671 0.405424 0.201580 0.153782 0.940305 0.510037 0.097907 0.709925 0.776167 0.884522 0.686982 0.782992 0.350718 0.253246 0.625565 
0.317544 0.355410 0.850909 0.704986 0.621800 0.686982 0.309199 0.179880 0.198240 0.590869 0.616699 0.484694 0.546091 0.222873 0.919421 0.689027 0.287438 0.482556 0.478053 0.494473 0.331393 0.539940 0.652677 0.338872 0.454128 
0.260991 0.093476 0.799367 0.760745 0.582857 0.517632 0.844542 0.955611 0.238105 0.058120 0.236144 0.091927 0.224952 0.547140 0.729524 0.278969 0.090251 0.493097 0.626992 0.437595 0.553361 0.599025 0.175110 0.107098 0.372439 
0.138683 0.590666 0.569063 0.787867 0.587787 0.546976 0.014385 0.968838 0.765965 0.324458 0.973277 0.951748 0.554521 0.238071 0.787045 0.830812 0.284496 0.025284 0.774592 0.028903 0.620479 0.900352 0.669942 0.634479 0.950313 
0.037938 0.824751 0.060393 0.978908 0.246023 0.592124 0.006332 0.649807 0.047514 0.107077 0.162763 0.895729 0.701229 0.930466 0.782921 0.038119 0.753265 0.456192 0.657448 0.831050 0.083304 0.514712 0.674566 0.784012 0.840056 
0.629081 0.159008 0.207135 0.328022 0.915240 0.603230 0.233777 0.225350 0.175928 0.977535 0.163535 0.860842 0.194901 0.490936 0.396137 0.615718 0.198213 0.782076 0.588378 0.777526 0.024505 0.730358 0.960023 0.661173 0.572135 
0.941488 0.652840 0.875855 0.626477 0.442664 0.026309 0.093678 0.015901 0.721298 0.472970 0.813393 0.664326 0.758580 0.786612 0.528027 0.667207 0.238867 0.973992 0.695529 0.491488 0.160096 0.227899 0.463920 0.130390 0.552551 
0.051456 0.702025 0.686330 0.214007 0.111222 0.446437 0.276925 0.734157 0.343596 0.420726 0.352026 0.530224 0.688909 0.725614 0.078391 0.076698 0.476140 0.608133 0.932487 0.266461 0.803541 0.997365 0.062908 0.645286 0.081974 
0.897193 0.859273 0.176360 0.570579 0.020680 0.271472 0.578420 0.929640 0.419458 0.841216 0.316277 0.627387 0.888520 0.956467 0.390705 0.504948 0.560582 0.250199 0.075597 0.051730 0.491584 0.473476 0.149917 0.087998 0.295568 
0.462145 0.992201 0.767832 0.047142 0.377583 0.516055 0.291052 0.817886 0.365139 0.477083 0.972639 0.260662 0.761815 0.112371 0.076780 0.265316 0.738497 0.835052 0.324424 0.515940 0.226194 0.675396 0.195048 0.866189 0.249185 
0.241664 0.361707 0.286023 0.460032 0.570180 0.314852 0.122771 0.858913 0.262678 0.967222 0.837744 0.726767 0.936691 0.585323 0.297007 0.240811 0.973250 0.810635 0.644479 0.984171 0.362447 0.551682 0.219669 0.211290 0.311438 
0.821061 0.335831 0.336565 0.084820 0.407251 0.309190 0.040410 0.839104 0.651965 0.236759 0.922066 0.409954 0.087246 0.835195 0.746282 0.788257 0.829953 0.296566 0.512121 0.142357 0.268456 0.393567 0.428455 0.583220 0.733079 
0.913176 0.447915 0.280942 0.046936 0.279439 0.118356 0.110222 0.879354 0.313758 0.023547 0.947485 0.323263 0.662569 0.158051 0.570055 0.307585 0.249861 0.001161 0.984271 0.579908 0.605158 0.295784 0.353929 0.348862 0.692198 
0.124300 0.231055 0.417988 0.380323 0.738673 0.368847 0.805241 0.671656 0.919653 0.454077 0.424846 0.876051 0.523167 0.477268 0.005466 0.825735 0.202518 0.699273 0.281950 0.621436 0.028918 0.908535 0.979648 0.795890 0.997617 

-0.657041 -2.334177 -2.363222 -1.331700 -0.946178 -1.825461 -1.946797 -2.427609 -1.796873 -2.790041 -1.904208 -1.532362 -1.766823 -1.881824 -1.820376 -2.622144 -1.627516 -0.783348 -0.565308 -2.104676 -0.984318 -1.375367 -1.204500 -2.905641 -0.951660 
-0.300912 -0.781294 -2.309237 -0.646841 -2.784643 -1.363412 -2.091489 -1.698887 -1.338740 -1.400211 -1.471230 -0.938904 -1.522328 -1.788068 -2.000942 -1.050143 -2.657526 -0.791790 -0.105953 -0.790677 -0.417353 -1.782375 -2.274165 -1.234608 -1.103468 
-1.136644 -2.237357 -1.779047 -1.233198 -0.821410 -0.174189 -1.490628 -2.353389 -1.932849 -1.362903 -1.812056 -1.917878 -1.044662 -0.665927 -2.383943 -1.118975 -1.828906 -0.785406 -2.269169 -2.105294 -2.308957 -1.766779 -1.851063 -0.802605 -1.059657 
-1.365947 -1.159328 -1.545664 -1.631104 -0.154191 -1.434696 -2.017224 -1.653052 -1.476315 -2.380534 -2.204352 -0.837676 -0.660769 -1.169003 -1.473633 -1.941707 -1.270537 -1.358800 -0.378807 -1.310549 -2.738210 -2.665369 -0.672245 -2.263098 -1.196282 
-0.850657 -0.176256 -2.010365 -0.904483 -2.238937 -1.227876 -0.847219 -1.879540 -1.932136 -1.857106 -2.438737 -1.057817 -2.488121 -2.307258 -1.835337 -1.548291 -2.311582 -0.961116 -1.643008 -1.197485 -0.842164 -1.895129 -2.675893 -1.630735 -0.533565 
2.380286 1.514057 0.948136 1.481299 1.443780 2.186421 2.918807 2.240466 2.516578 1.437941 0.694822 0.656997 0.331167 0.412624 0.272693 1.817284 2.604746 1.485212 1.790494 2.368520 1.264933 1.378115 1.050237 1.340635 1.856082 
0.656441 1.553430 2.912897 1.548199 2.063454 0.283464 0.504870 1.388553 2.303547 2.080567 2.348952 2.149861 2.136690 1.378749 1.593533 2.413806 1.416600 1.972550 0.817018 1.322612 2.134429 1.190404 1.499353 1.201681 1.069033 
0.729594 2.218608 2.391752 2.847626 1.831724 1.160032 0.954563 1.876649 1.598093 0.990102 1.597899 1.379838 0.919789 1.225293 1.683453 1.246952 2.796502 2.234651 0.812786 2.400031 1.870927 1.128958 1.023637 1.877544 0.961548 
0.609837 1.482631 1.071602 1.058076 1.044347 2.688321 1.792195 1.228343 0.871226 1.428103 2.657029 2.583417 2.088928 1.808079 1.130375 0.278469 1.364121 1.669036 1.192193 1.382301 2.314171 2.567911 1.622528 0.999363 1.662685 
2.719219 2.019084 1.481150 1.321930 2.466835 1.904202 0.368032 1.815129 0.467053 1.246475 1.596184 2.074469 1.580723 1.951321 2.020984 1.640158 1.504189 2.734452 1.836794 1.631367 0.967832 1.093954 2.145257 0.429457 2.206526 
-0.224862 -0.229167 -0.098224 0.071172 -0.044581 -0.103005 -0.250185 0.162813 0.024898 0.033475 -0.069465 0.168254 -0.114803 0.024317 -0.010286 0.015284 -0.039126 0.099075 0.105827 0.173301 -0.022649 -0.009126 0.158228 -0.042469 -0.129782 
-0.027271 -0.087616 0.109462 0.005628 0.013789 -0.037972 0.141871 0.223471 0.117509 0.020881 -0.048304 -0.049593 -0.014766 -0.018548 -0.136438 -0.141930 -0.068256 0.025316 -0.105864 -0.000714 -0.079659 -0.153088 -0.047612 0.085342 -0.018564 
-0.163706 0.028945 -0.021229 -0.054340 -0.002530 0.173070 0.047817 0.034978 -0.036193 0.015752 0.119807 0.114184 -0.032220 0.118002 -0.053467 -0.014682 -0.004371 -0.029167 -0.089061 0.031722 -0.013872 -0.020566 0.199479 -0.004192 -0.006541 
0.170617 -0.057168 0.045754 0.219800 -0.006626 -0.007108 -0.072429 0.062161 -0.085984 -0.086991 0.144446 -0.007010 -0.031303 0.063036 0.019240 0.033779 0.025898 0.075857 0.012239 -0.057056 -0.017475 0.085090 0.113382 -0.097890 -0.150014 
0.172306 0.039897 -0.010217 -0.049784 0.087474 0.009411 -0.206030 0.035140 0.112193 -0.057205 0.019387 0.069944 -0.211849 -0.010225 0.015142 -0.024096 -0.059257 0.263733 -0.178538 -0.134556 0.134579 0.010284 0.017550 -0.015431 -0.248922 
1.006336 0.267512 1.429840 0.614635 0.780856 0.756168 1.868652 0.763200 0.484115 0.177457 1.437651 0.142816 -0.417870 0.651846 -0.578509 1.062401 0.339478 -0.423319 -0.626557 -0.876657 2.050212 1.510964 0.108282 0.611375 0.387148 
0.844360 1.004330 0.539550 0.998179 -0.982321 0.735462 1.059819 1.124742 1.099207 0.833456 0.392937 0.483063 1.248220 0.915554 -0.037151 0.893332 1.301505 0.398354 -0.573553 0.885033 1.531293 -0.626259 -0.630658 1.310447 0.868349 
0.790541 1.195707 -0.214318 0.321405 0.345499 1.751486 1.611660 1.161360 1.137275 0.044142 -0.299645 0.741721 0.518176 -0.113420 0.970094 -0.515075 0.762381 -0.283799 0.025376 0.616504 0.087834 0.386704 0.323040 0.855561 0.736438 
0.216282 -0.495074 0.818978 0.284437 1.040329 -0.419664 1.702588 0.723177 0.291862 0.103931 1.328367 0.542796 0.394545 -0.081385 0.317767 1.107034 1.024335 0.005879 0.411988 0.023411 0.252025 -0.537901 0.717559 1.309049 1.062916 
-0.122205 0.890644 0.874245 0.741002 1.366171 0.860618 0.535792 0.496831 0.514879 -0.875207 0.191046 1.399330 0.366147 1.153163 -0.227277 0.004841 -0.456814 0.434909 1.874028 1.805939 0.233650 0.023791 1.307370 1.102626 0.193625 
0.037267 -0.440525 -0.493167 -0.367831 -0.473733 -0.143972 -1.237127 0.095689 0.115385 -0.264081 0.801180 -0.461820 -1.270189 -0.460303 -0.144524 -0.890828 -0.614422 -0.566315 -0.536750 -0.526752 -0.572259 0.485207 -0.204559 0.119178 -0.956589 
-1.336609 -0.672179 -0.851033 -0.235337 0.049647 -1.179801 -1.005343 -0.916964 -0.724513 0.089723 -0.902500 0.232996 -0.745568 -1.447322 0.114844 -1.251044 0.167336 -0.820107 0.095514 -0.102378 -0.976091 -0.069876 -0.475389 -0.815415 -1.231434 
0.324918 -0.165276 -1.567489 -1.720030 -1.437762 -1.554144 -1.083750 -0.187005 0.003544 -0.859002 0.542624 -0.618166 0.052155 -0.275467 0.615546 0.350705 -0.111113 -1.265600 -0.000341 -0.825984 -1.553095 -0.607084 -1.588430 -1.083555 0.699486 
0.046226 -0.202908 -1.718494 0.063296 -0.948201 -1.374347 0.045656 0.472210 -0.450001 -1.320499 -0.756471 -0.093022 -0.521950 -1.152917 -1.034850 0.179172 -1.817775 -0.180727 -0.981619 -1.331603 -1.543397 -0.694734 -1.090227 -0.571799 -0.902585 
-1.551596 -1.336062 -0.008034 0.170894 -0.318972 -1.272259 -1.133980 -0.755729 -0.327863 0.292391 -0.312009 -0.710676 0.016577 -0.497176 -0.545641 0.397824 -1.057348 -0.839471 -1.519740 0.545255 -0.440871 -0.592065 -0.634220 -1.271258 0.042238 

0 0 0 0 0 0 0 0 0 0 0 0 0 0 0 0 0 0 0 0 0 0 0 0 0 
0 0 0 0 0 0 0 0 0 0 0 0 0 0 0 0 0 0 0 0 0 0 0 0 0 
0 0 0 0 0 0 0 0 0 0 0 0 0 0 0 0 0 0 0 0 0 0 0 0 0 
0 0 0 0 0 0 0 0 0 0 0 0 0 0 0 0 0 0 0 0 0 0 0 0 0 
0 0 0 0 0 0 0 0 0 0 0 0 0 0 0 0 0 0 0 0 0 0 0 0 0 
1 1 1 1 1 1 1 1 1 1 1 1 1 1 1 1 1 1 1 1 1 1 1 1 1 
1 1 1 1 1 1 1 1 1 1 1 1 1 1 1 1 1 1 1 1 1 1 1 1 1 
1 1 1 1 1 1 1 1 1 1 1 1 1 1 1 1 1 1 1 1 1 1 1 1 1 
1 1 1 1 1 1 1 1 1 1 1 1 1 1 1 1 1 1 1 1 1 1 1 1 1 
1 1 1 1 1 1 1 1 1 1 1 1 1 1 1 1 1 1 1 1 1 1 1 1 1 
2 2 2 2 2 2 2 2 2 2 2 2 2 2 2 2 2 2 2 2 2 2 2 2 2 
2 2 2 2 2 2 2 2 2 2 2 2 2 2 2 2 2 2 2 2 2 2 2 2 2 
2 2 2 2 2 2 2 2 2 2 2 2 2 2 2 2 2 2 2 2 2 2 2 2 2 
2 2 2 2 2 2 2 2 2 2 2 2 2 2 2 2 2 2 2 2 2 2 2 2 2 
2 2 2 2 2 2 2 2 2 2 2 2 2 2 2 2 2 2 2 2 2 2 2 2 2 
3 3 3 3 3 3 3 3 3 3 3 3 3 3 3 3 3 3 3 3 3 3 3 3 3 
3 3 3 3 3 3 3 3 3 3 3 3 3 3 3 3 3 3 3 3 3 3 3 3 3 
3 3 3 3 3 3 3 3 3 3 3 3 3 3 3 3 3 3 3 3 3 3 3 3 3 
3 3 3 3 3 3 3 3 3 3 3 3 3 3 3 3 3 3 3 3 3 3 3 3 3 
3 3 3 3 3 3 3 3 3 3 3 3 3 3 3 3 3 3 3 3 3 3 3 3 3 
4 4 4 4 4 4 4 4 4 4 4 4 4 4 4 4 4 4 4 4 4 4 4 4 4 
4 4 4 4 4 4 4 4 4 4 4 4 4 4 4 4 4 4 4 4 4 4 4 4 4 
4 4 4 4 4 4 4 4 4 4 4 4 4 4 4 4 4 4 4 4 4 4 4 4 4 
4 4 4 4 4 4 4 4 4 4 4 4 4 4 4 4 4 4 4 4 4 4 4 4 4 
4 4 4 4 4 4 4 4 4 4 4 4 4 4 4 4 4 4 4 4 4 4 4 4 4 

-1.0 -1.0 -1.0 -1.0 -1.0 -1.0 -1.0 -1.0 -1.0 -1.0 -1.0 -1.0 -1.0 -1.0 -1.0 -1.0 -1.0 -1.0 -1.0 -1.0 -1.0 -1.0 -1.0 -1.0 -1.0 
-1.0 -1.0 -1.0 -1.0 -1.0 -1.0 -1.0 -1.0 -1.0 -1.0 -1.0 -1.0 -1.0 -1.0 -1.0 -1.0 -1.0 -1.0 -1.0 -1.0 -1.0 -1.0 -1.0 -1.0 -1.0 
-1.0 -1.0 -1.0 -1.0 -1.0 -1.0 -1.0 -1.0 -1.0 -1.0 -1.0 -1.0 -1.0 -1.0 -1.0 -1.0 -1.0 -1.0 -1.0 -1.0 -1.0 -1.0 -1.0 -1.0 -1.0 
-1.0 -1.0 -1.0 -1.0 -1.0 -1.0 -1.0 -1.0 -1.0 -1.0 -1.0 -1.0 -1.0 -1.0 -1.0 -1.0 -1.0 -1.0 -1.0 -1.0 -1.0 -1.0 -1.0 -1.0 -1.0 
-1.0 -1.0 -1.0 -1.0 -1.0 -1.0 -1.0 -1.0 -1.0 -1.0 -1.0 -1.0 -1.0 -1.0 -1.0 -1.0 -1.0 -1.0 -1.0 -1.0 -1.0 -1.0 -1.0 -1.0 -1.0 
1.0 1.0 1.0 1.0 1.0 1.0 1.0 1.0 1.0 1.0 1.0 1.0 1.0 1.0 1.0 1.0 1.0 1.0 1.0 1.0 1.0 1.0 1.0 1.0 1.0 
1.0 1.0 1.0 1.0 1.0 1.0 1.0 1.0 1.0 1.0 1.0 1.0 1.0 1.0 1.0 1.0 1.0 1.0 1.0 1.0 1.0 1.0 1.0 1.0 1.0 
1.0 1.0 1.0 1.0 1.0 1.0 1.0 1.0 1.0 1.0 1.0 1.0 1.0 1.0 1.0 1.0 1.0 1.0 1.0 1.0 1.0 1.0 1.0 1.0 1.0 
1.0 1.0 1.0 1.0 1.0 1.0 1.0 1.0 1.0 1.0 1.0 1.0 1.0 1.0 1.0 1.0 1.0 1.0 1.0 1.0 1.0 1.0 1.0 1.0 1.0 
1.0 1.0 1.0 1.0 1.0 1.0 1.0 1.0 1.0 1.0 1.0 1.0 1.0 1.0 1.0 1.0 1.0 1.0 1.0 1.0 1.0 1.0 1.0 1.0 1.0 
0.0 0.0 0.0 0.0 0.0 0.0 0.0 0.0 0.0 0.0 0.0 0.0 0.0 0.0 0.0 0.0 0.0 0.0 0.0 0.0 0.0 0.0 0.0 0.0 0.0 
0.0 0.0 0.0 0.0 0.0 0.0 0.0 0.0 0.0 0.0 0.0 0.0 0.0 0.0 0.0 0.0 0.0 0.0 0.0 0.0 0.0 0.0 0.0 0.0 0.0 
0.0 0.0 0.0 0.0 0.0 0.0 0.0 0.0 0.0 0.0 0.0 0.0 0.0 0.0 0.0 0.0 0.0 0.0 0.0 0.0 0.0 0.0 0.0 0.0 0.0 
0.0 0.0 0.0 0.0 0.0 0.0 0.0 0.0 0.0 0.0 0.0 0.0 0.0 0.0 0.0 0.0 0.0 0.0 0.0 0.0 0.0 0.0 0.0 0.0 0.0 
0.0 0.0 0.0 0.0 0.0 0.0 0.0 0.0 0.0 0.0 0.0 0.0 0.0 0.0 0.0 0.0 0.0 0.0 0.0 0.0 0.0 0.0 0.0 0.0 0.0 
2.0 2.0 2.0 2.0 2.0 2.0 2.0 2.0 2.0 2.0 2.0 2.0 2.0 2.0 2.0 2.0 2.0 2.0 2.0 2.0 2.0 2.0 2.0 2.0 2.0 
2.0 2.0 2.0 2.0 2.0 2.0 2.0 2.0 2.0 2.0 2.0 2.0 2.0 2.0 2.0 2.0 2.0 2.0 2.0 2.0 2.0 2.0 2.0 2.0 2.0 
2.0 2.0 2.0 2.0 2.0 2.0 2.0 2.0 2.0 2.0 2.0 2.0 2.0 2.0 2.0 2.0 2.0 2.0 2.0 2.0 2.0 2.0 2.0 2.0 2.0 
2.0 2.0 2.0 2.0 2.0 2.0 2.0 2.0 2.0 2.0 2.0 2.0 2.0 2.0 2.0 2.0 2.0 2.0 2.0 2.0 2.0 2.0 2.0 2.0 2.0 
2.0 2.0 2.0 2.0 2.0 2.0 2.0 2.0 2.0 2.0 2.0 2.0 2.0 2.0 2.0 2.0 2.0 2.0 2.0 2.0 2.0 2.0 2.0 2.0 2.0 
-2.0 -2.0 -2.0 -2.0 -2.0 -2.0 -2.0 -2.0 -2.0 -2.0 -2.0 -2.0 -2.0 -2.0 -2.0 -2.0 -2.0 -2.0 -2.0 -2.0 -2.0 -2.0 -2.0 -2.0 -2.0 
-2.0 -2.0 -2.0 -2.0 -2.0 -2.0 -2.0 -2.0 -2.0 -2.0 -2.0 -2.0 -2.0 -2.0 -2.0 -2.0 -2.0 -2.0 -2.0 -2.0 -2.0 -2.0 -2.0 -2.0 -2.0 
-2.0 -2.0 -2.0 -2.0 -2.0 -2.0 -2.0 -2.0 -2.0 -2.0 -2.0 -2.0 -2.0 -2.0 -2.0 -2.0 -2.0 -2.0 -2.0 -2.0 -2.0 -2.0 -2.0 -2.0 -2.0 
-2.0 -2.0 -2.0 -2.0 -2.0 -2.0 -2.0 -2.0 -2.0 -2.0 -2.0 -2.0 -2.0 -2.0 -2.0 -2.0 -2.0 -2.0 -2.0 -2.0 -2.0 -2.0 -2.0 -2.0 -2.0 
-2.0 -2.0 -2.0 -2.0 -2.0 -2.0 -2.0 -2.0 -2.0 -2.0 -2.0 -2.0 -2.0 -2.0 -2.0 -2.0 -2.0 -2.0 -2.0 -2.0 -2.0 -2.0 -2.0 -2.0 -2.0 

-2.0 -2.0 -2.0 -2.0 -2.0 -2.0 -2.0 -2.0 -2.0 -2.0 -2.0 -2.0 -2.0 -2.0 -2.0 -2.0 -2.0 -2.0 -2.0 -2.0 -2.0 -2.0 -2.0 -2.0 -2.0 
-2.0 -2.0 -2.0 -2.0 -2.0 -2.0 -2.0 -2.0 -2.0 -2.0 -2.0 -2.0 -2.0 -2.0 -2.0 -2.0 -2.0 -2.0 -2.0 -2.0 -2.0 -2.0 -2.0 -2.0 -2.0 
-2.0 -2.0 -2.0 -2.0 -2.0 -2.0 -2.0 -2.0 -2.0 -2.0 -2.0 -2.0 -2.0 -2.0 -2.0 -2.0 -2.0 -2.0 -2.0 -2.0 -2.0 -2.0 -2.0 -2.0 -2.0 
-2.0 -2.0 -2.0 -2.0 -2.0 -2.0 -2.0 -2.0 -2.0 -2.0 -2.0 -2.0 -2.0 -2.0 -2.0 -2.0 -2.0 -2.0 -2.0 -2.0 -2.0 -2.0 -2.0 -2.0 -2.0 
-2.0 -2.0 -2.0 -2.0 -2.0 -2.0 -2.0 -2.0 -2.0 -2.0 -2.0 -2.0 -2.0 -2.0 -2.0 -2.0 -2.0 -2.0 -2.0 -2.0 -2.0 -2.0 -2.0 -2.0 -2.0 
2.0 2.0 2.0 2.0 2.0 2.0 2.0 2.0 2.0 2.0 2.0 2.0 2.0 2.0 2.0 2.0 2.0 2.0 2.0 2.0 2.0 2.0 2.0 2.0 2.0 
2.0 2.0 2.0 2.0 2.0 2.0 2.0 2.0 2.0 2.0 2.0 2.0 2.0 2.0 2.0 2.0 2.0 2.0 2.0 2.0 2.0 2.0 2.0 2.0 2.0 
2.0 2.0 2.0 2.0 2.0 2.0 2.0 2.0 2.0 2.0 2.0 2.0 2.0 2.0 2.0 2.0 2.0 2.0 2.0 2.0 2.0 2.0 2.0 2.0 2.0 
2.0 2.0 2.0 2.0 2.0 2.0 2.0 2.0 2.0 2.0 2.0 2.0 2.0 2.0 2.0 2.0 2.0 2.0 2.0 2.0 2.0 2.0 2.0 2.0 2.0 
2.0 2.0 2.0 2.0 2.0 2.0 2.0 2.0 2.0 2.0 2.0 2.0 2.0 2.0 2.0 2.0 2.0 2.0 2.0 2.0 2.0 2.0 2.0 2.0 2.0 
0.0 0.0 0.0 0.0 0.0 0.0 0.0 0.0 0.0 0.0 0.0 0.0 0.0 0.0 0.0 0.0 0.0 0.0 0.0 0.0 0.0 0.0 0.0 0.0 0.0 
0.0 0.0 0.0 0.0 0.0 0.0 0.0 0.0 0.0 0.0 0.0 0.0 0.0 0.0 0.0 0.0 0.0 0.0 0.0 0.0 0.0 0.0 0.0 0.0 0.0 
0.0 0.0 0.0 0.0 0.0 0.0 0.0 0.0 0.0 0.0 0.0 0.0 0.0 0.0 0.0 0.0 0.0 0.0 0.0 0.0 0.0 0.0 0.0 0.0 0.0 
0.0 0.0 0.0 0.0 0.0 0.0 0.0 0.0 0.0 0.0 0.0 0.0 0.0 0.0 0.0 0.0 0.0 0.0 0.0 0.0 0.0 0.0 0.0 0.0 0.0 
0.0 0.0 0.0 0.0 0.0 0.0 0.0 0.0 0.0 0.0 0.0 0.0 0.0 0.0 0.0 0.0 0.0 0.0 0.0 0.0 0.0 0.0 0.0 0.0 0.0 
-1.0 -1.0 -1.0 -1.0 -1.0 -1.0 -1.0 -1.0 -1.0 -1.0 -1.0 -1.0 -1.0 -1.0 -1.0 -1.0 -1.0 -1.0 -1.0 -1.0 -1.0 -1.0 -1.0 -1.0 -1.0 
-1.0 -1.0 -1.0 -1.0 -1.0 -1.0 -1.0 -1.0 -1.0 -1.0 -1.0 -1.0 -1.0 -1.0 -1.0 -1.0 -1.0 -1.0 -1.0 -1.0 -1.0 -1.0 -1.0 -1.0 -1.0 
-1.0 -1.0 -1.0 -1.0 -1.0 -1.0 -1.0 -1.0 -1.0 -1.0 -1.0 -1.0 -1.0 -1.0 -1.0 -1.0 -1.0 -1.0 -1.0 -1.0 -1.0 -1.0 -1.0 -1.0 -1.0 
-1.0 -1.0 -1.0 -1.0 -1.0 -1.0 -1.0 -1.0 -1.0 -1.0 -1.0 -1.0 -1.0 -1.0 -1.0 -1.0 -1.0 -1.0 -1.0 -1.0 -1.0 -1.0 -1.0 -1.0 -1.0 
-1.0 -1.0 -1.0 -1.0 -1.0 -1.0 -1.0 -1.0 -1.0 -1.0 -1.0 -1.0 -1.0 -1.0 -1.0 -1.0 -1.0 -1.0 -1.0 -1.0 -1.0 -1.0 -1.0 -1.0 -1.0 
1.0 1.0 1.0 1.0 1.0 1.0 1.0 1.0 1.0 1.0 1.0 1.0 1.0 1.0 1.0 1.0 1.0 1.0 1.0 1.0 1.0 1.0 1.0 1.0 1.0 
1.0 1.0 1.0 1.0 1.0 1.0 1.0 1.0 1.0 1.0 1.0 1.0 1.0 1.0 1.0 1.0 1.0 1.0 1.0 1.0 1.0 1.0 1.0 1.0 1.0 
1.0 1.0 1.0 1.0 1.0 1.0 1.0 1.0 1.0 1.0 1.0 1.0 1.0 1.0 1.0 1.0 1.0 1.0 1.0 1.0 1.0 1.0 1.0 1.0 1.0 
1.0 1.0 1.0 1.0 1.0 1.0 1.0 1.0 1.0 1.0 1.0 1.0 1.0 1.0 1.0 1.0 1.0 1.0 1.0 1.0 1.0 1.0 1.0 1.0 1.0 
1.0 1.0 1.0 1.0 1.0 1.0 1.0 1.0 1.0 1.0 1.0 1.0 1.0 1.0 1.0 1.0 1.0 1.0 1.0 1.0 1.0 1.0 1.0 1.0 1.0 

