0.829830 0.138915 0.005731 0.488794 0.236880 0.724864 0.343556 0.098600 0.072587 0.888179 0.931065 0.698365 0.542818 0.653652 0.310128 0.044482 0.662913 0.966459 0.777631 0.913278 0.322876 0.259874 0.485820 0.938208 0.220161 
0.546927 0.015755 0.694360 0.354431 0.703333 0.263078 0.575672 0.689729 0.870895 0.417879 0.851738 0.604677 0.074198 0.578258 0.823786 0.567587 0.748359 0.699641 0.461775 0.331765 0.200622 0.351026 0.753624 0.607214 0.432092 
0.542291 0.340405 0.358643 0.976406 0.787733 0.349854 0.366140 0.829505 0.224178 0.718730 0.563227 0.661217 0.660624 0.169776 0.745628 0.493368 0.520443 0.977728 0.880142 0.684052 0.721795 0.492839 0.476721 0.874692 0.421790 
0.520386 0.479839 0.869240 0.309340 0.239723 0.812202 0.951444 0.305702 0.111463 0.384863 0.020300 0.549784 0.608454 0.023148 0.844467 0.701096 0.401638 0.057720 0.992362 0.901739 0.394130 0.819890 0.581485 0.663897 0.796804 
0.439516 0.180253 0.785443 0.900870 0.051391 0.328953 0.770862 0.885039 0.462473 0.068766 0.607572 0.017316 0.916896 0.004614 0.154343 0.992391 0.465790 0.424524 0.291202 0.719305 0.955838 0.463235 0.064252 0.573192 0.682360 
0.586439 0.855091 0.581009 0.178728 0.036597 0.393467 0.617206 0.622441 0.375906 0.183053 0.229051 0.608624 0.793045 0.650381 0.510025 0.613467 0.429411 0.197261 0.728627 0.358040 0.019737 0.479219 0.008764 0.202210 0.272056 
0.010998 0.384452 0.576603 0.171663 0.165118 0.499673 0.142456 0.717102 0.119820 0.561692 0.602467 0.879192 0.220872 0.137284 0.403748 0.369829 0.753594 0.617770 0.083968 0.317943 0.937307 0.760398 0.581784 0.476416 0.690800 
0.825779 0.060912 0.213895 0.057471 0.207657 0.094854 0.393584 0.806801 0.112382 0.162953 0.119980 0.143024 0.001917 0.238249 0.150524 0.218634 0.807390 0.919666 0.301646 0.251163 0.829008 0.223591 0.896828 0.429417 0.372373 
0.510082 0.162869 0.772473 0.335882 0.856375 0.717756 0.008358 0.902595 0.682591 0.071889 0.228357 0.035299 0.998408 0.375518 0.491706 0.253576 0.988481 0.325589 0.869835 0.361074 0.622258 0.192380 0.888569 0.196241 0.243271 
0.938724 0.225476 0.662856 0.336176 0.550250 0.368543 0.986927 0.966556 0.489194 0.148870 0.018672 0.919073 0.904008 0.006542 0.312772 0.639730 0.308252 0.874602 0.887894 0.675141 0.698140 0.538280 0.685879 0.084276 0.240107 
0.693084 0.118746 0.214405 0.033266 0.213743 0.060479 0.738729 0.857308 0.134232 0.602845 0.884500 0.246240 0.730921 0.810326 0.588728 0.375060 0.802651 0.853114 0.867538 0.778601 0.579152 0.304607 0.852051 0.924784 0.936148 
0.606844 0.503867 0.620374 0.846644 0.549990 0.948102 0.211103 0.620416 0.031595 0.672948 0.448839 0.480459 0.966251 0.964077 0.008075 0.782030 0.024088 0.681972 0.722906 0.769184 0.955859 0.666836 0.571145 0.496162 0.858823 
0.371981 0.176106 0.335782 0.936778 0.581551 0.200861 0.888907 0.841123 0.829005 0.435252 0.583772 0.977863 0.302992 0.238780 0.773139 0.602727 0.545732 0.147117 0.966714 0.002391 0.059179 0.902717 0.772401 0.998794 0.315039 
0.641887 0.096578 0.553386 0.320682 0.301185 0.225176 0.693591 0.934125 0.049295 0.800531 0.804508 0.393639 0.804407 0.365255 0.321601 0.754774 0.700691 0.604478 0.750598 0.115958 0.058017 0.692783 0.371539 0.018226 0.762550 
0.377989 0.621699 0.269246 0.191268 0.199782 0.708722 0.395056 0.127581 0.540104 0.062578 0.621704 0.340148 0.498876 0.746614 0.662717 0.435372 0.365963 0.524392 0.613861 0.534959 0.895888 0.045383 0.364505 0.639668 0.268421 
0.964098 0.259975 0.096131 0.300385 0.748631 0.764893 0.004634 0.068902 0.955118 0.670215 0.594742 0.879246 0.834398 0.427061 0.804141 0.586973 0.898942 0.353782 0.656927 0.112957 0.598789 0.987019 0.682548 0.652178 0.812512 
0.682320 0.814347 0.773574 0.154102 0.670895 0.808678 0.677124 0.282147 0.106899 0.602188 0.387828 0.213626 0.174645 0.099163 0.186586 0.243342 0.247064 0.393098 0.140192 0.749255 0.516672 0.945855 0.147803 0.062709 0.268127 
0.327208 0.321011 0.346644 0.736006 0.981537 0.091279 0.908791 0.955081 0.163206 0.330337 0.081489 0.941006 0.117695 0.753111 0.670136 0.673675 0.482809 0.859398 0.085627 0.608022 0.962466 0.557056 0.394508 0.957109 0.890685 
0.675241 0.326880 0.641591 0.874785 0.075951 0.222183 0.857157 0.362365 0.552747 0.541926 0.541532 0.202135 0.425170 0.855292 0.359258 0.919891 0.290795 0.681079 0.388515 0.839998 0.332712 0.187854 0.133748 0.993473 0.387970 
0.170521 0.754128 0.762863 0.561662 0.657658 0.525720 0.916060 0.653416 0.144212 0.779462 0.267247 0.013268 0.088704 0.946099 0.779378 0.629615 0.314255 0.707008 0.326822 0.800285 0.666885 0.471210 0.415926 0.773728 0.655745 
0.727191 0.755134 0.638575 0.004466 0.482281 0.440463 0.755945 0.872601 0.101791 0.489409 0.713043 0.916985 0.744208 0.552118 0.143545 0.355583 0.666469 0.277583 0.120123 0.555619 0.104074 0.105332 0.829108 0.213317 0.951161 
0.180115 0.840964 0.967590 0.537158 0.632790 0.463506 0.142266 0.861961 0.321117 0.771845 0.852977 0.237223 0.106052 0.425269 0.641900 0.341644 0.675589 0.883815 0.357505 0.683641 0.056764 0.047126 0.009302 0.477805 0.141473 
0.393633 0.647274 0.118255 0.010248 0.418013 0.451558 0.372380 0.062108 0.285007 0.711033 0.498250 0.421697 0.850220 0.279276 0.562776 0.051905 0.937271 0.386582 0.313267 0.429235 0.228296 0.383512 0.673372 0.349807 0.287025 
0.386942 0.944976 0.964604 0.814169 0.883546 0.407374 0.829819 0.590634 0.973677 0.841612 0.322288 0.364365 0.959473 0.881973 0.946481 0.984600 0.356138 0.983070 0.270358 0.677904 0.716558 0.761076 0.497461 0.169113 0.776788 
0.421455 0.995998 0.833295 0.808965 0.717884 0.595662 0.114451 0.755398 0.244187 0.257274 0.581614 0.767951 0.292704 0.958703 0.392842 0.831164 0.981072 0.576506 0.665087 0.392615 0.797109 0.659325 0.134873 0.117446 0.038974 

0.569410 0.822517 0.775510 0.051400 0.704242 0.071570 0.331352 0.297704 0.188839 0.916418 0.644045 0.397978 0.775681 0.745674 0.639110 0.394363 0.454762 0.460891 0.524185 0.880527 0.257333 0.883261 0.773896 0.307921 0.452749 
0.410758 0.195940 0.920585 0.406679 0.896645 0.606581 0.614592 0.057436 0.176347 0.052389 0.470750 0.996374 0.389088 0.937412 0.314049 0.966885 0.964218 0.867928 0.370977 0.583376 0.546119 0.905460 0.550616 0.079884 0.399807 
0.888381 0.851333 0.819668 0.296682 0.755315 0.960690 0.428323 0.905117 0.672507 0.990947 0.926827 0.987292 0.231119 0.146501 0.879121 0.632108 0.804232 0.991352 0.044756 0.631465 0.134495 0.933332 0.567315 0.931544 0.388681 
0.657819 0.504597 0.379222 0.561223 0.534694 0.216558 0.644120 0.934479 0.866001 0.486258 0.973859 0.346965 0.234312 0.753393 0.340970 0.557447 0.008545 0.106591 0.179009 0.451607 0.007505 0.861894 0.130557 0.701946 0.504531 
0.676356 0.087254 0.601960 0.967887 0.413290 0.355186 0.282116 0.515163 0.104626 0.075912 0.549231 0.355610 0.393623 0.488851 0.455713 0.201863 0.289265 0.259218 0.667901 0.153297 0.902530 0.627315 0.961432 0.847770 0.232527 
0.964090 0.778679 0.379014 0.851757 0.025805 0.028925 0.655591 0.971666 0.221495 0.934163 0.699032 0.259109 0.871577 0.953592 0.912821 0.205309 0.346457 0.561512 0.907572 0.417411 0.054438 0.846239 0.009970 0.902659 0.766100 
0.322632 0.133411 0.104281 0.759701 0.837394 0.951996 0.645575 0.966628 0.494677 0.176772 0.585735 0.898833 0.569630 0.518920 0.547692 0.272249 0.152478 0.255921 0.609323 0.262747 0.333350 0.191318 0.884734 0.388833 0.694652 
0.283923 0.126839 0.905714 0.928213 0.109762 0.617151 0.167334 0.112351 0.663637 0.393361 0.881210 0.420840 0.754294 0.473336 0.463043 0.185084 0.490970 0.205814 0.565149 0.531099 0.273658 0.909198 0.609396 0.769100 0.216785 
0.952752 0.070764 0.547040 0.784070 0.785264 0.869171 0.559881 0.401377 0.767674 0.585926 0.204241 0.855841 0.540166 0.366049 0.915460 0.943702 0.572670 0.833927 0.055348 0.271252 0.840195 0.514348 0.262075 0.128142 0.126218 
0.213546 0.870492 0.356188 0.474412 0.964506 0.363471 0.703938 0.770942 0.230078 0.754392 0.388703 0.248233 0.168194 0.524705 0.478418 0.019249 0.016314 0.329284 0.951791 0.529049 0.341944 0.936120 0.019723 0.346346 0.709403 
0.134626 0.620505 0.041737 0.268292 0.596647 0.155187 0.601402 0.725276 0.598868 0.805413 0.385942 0.189880 0.064384 0.251373 0.753883 0.477531 0.347758 0.330061 0.154230 0.971257 0.250701 0.895530 0.926723 0.420200 0.505600 
0.029624 0.365489 0.149495 0.571741 0.819064 0.148121 0.611854 0.349043 0.724709 0.928366 0.157743 0.579407 0.790164 0.441627 0.191661 0.367517 0.833244 0.197683 0.199462 0.888868 0.919875 0.432706 0.523314 0.516862 0.105689 
0.806696 0.805508 0.148432 0.887706 0.171869 0.558266 0.135782 0.083210 0.510014 0.388209 0.771470 0.014133 0.339281 0.468695 0.346880 0.544441 0.266611 0.911100 0.276743 0.146523 0.291262 0.000777 0.038247 0.033070 0.849947 
0.377048 0.973580 0.657005 0.589301 0.720787 0.279819 0.774858 0.655125 0.766208 0.288021 0.438979 0.175385 0.139089 0.975407 0.032669 0.474807 0.972980 0.682514 0.756686 0.343193 0.538509 0.477476 0.195096 0.427202 0.045976 
0.043772 0.603895 0.795726 0.428723 0.535093 0.809145 0.416055 0.772194 0.882309 0.522275 0.011677 0.041656 0.151563 0.423757 0.707134 0.067063 0.488304 0.104730 0.485666 0.229245 0.510046 0.066688 0.638464 0.187231 0.764182 
0.602594 0.771246 0.692173 0.620657 0.422430 0.897144 0.471809 0.234313 0.007289 0.068956 0.053353 0.024593 0.710084 0.682069 0.857525 0.769854 0.188149 0.469680 0.356963 0.535622 0.309768 0.782103 0.292657 0.725468 0.217030 
0.273746 0.434250 0.893283 0.980370 0.589840 0.791037 0.891993 0.509777 0.608944 0.605145 0.394503 0.990624 0.302874 0.000050 0.989875 0.412132 0.691550 0.844040 0.377401 0.090812 0.077600 0.254364 0.013653 0.158491 0.137932 
0.482508 0.938100 0.741918 0.276391 0.464088 0.959832 0.348084 0.300107 0.658386 0.337698 0.846627 0.604257 0.210502 0.782935 0.307695 0.608432 0.581627 0.813031 0.025749 0.146245 0.438978 0.249258 0.350797 0.713049 0.142034 
0.510687 0.089237 0.860622 0.333032 0.161667 0.309889 0.159551 0.452678 0.297207 0.681895 0.415304 0.125024 0.778018 0.073292 0.812525 0.625338 0.414410 0.839155 0.642486 0.598910 0.002093 0.501294 0.254334 0.776045 0.848080 
0.164771 0.508176 0.626319 0.880598 0.530125 0.125761 0.705131 0.309950 0.693291 0.106983 0.285194 0.896013 0.690199 0.191655 0.848886 0.159736 0.037325 0.898670 0.942335 0.479323 0.578463 0.733744 0.057291 0.288755 0.116647 
0.722089 0.846875 0.613181 0.678384 0.467390 0.528882 0.287689 0.207039 0.464890 0.209602 0.874318 0.170503 0.614303 0.209942 0.029113 0.744952 0.227938 0.009839 0.730226 0.001731 0.332043 0.528624 0.383630 0.939437 0.014328 
0.257217 0.371592 0.384880 0.296445 0.759859 0.000978 0.197482 0.299196 0.467130 0.301003 0.459660 0.733434 0.480045 0.980647 0.453219 0.366457 0.246320 0.920289 0.719002 0.678168 0.409246 0.779678 0.085548 0.357410 0.863691 
0.719349 0.296108 0.391022 0.526952 0.729494 0.956196 0.245159 0.420910 0.824574 0.931152 0.314186 0.338307 0.803043 0.566805 0.313132 0.721599 0.264711 0.168796 0.531901 0.765704 0.868364 0.142201 0.797518 0.917933 0.879306 
0.231370 0.152709 0.564572 0.651059 0.960653 0.140793 0.939443 0.812536 0.387256 0.178665 0.949923 0.473534 0.216241 0.517350 0.274094 0.161046 0.428094 0.642019 0.088208 0.864805 0.581008 0.244691 0.824472 0.493208 0.020932 
0.965144 0.536252 0.200432 0.965299 0.639829 0.064843 0.977583 0.738008 0.932006 0.199721 0.381465 0.165561 0.442125 0.365265 0.091884 0.929203 0.032362 0.958373 0.570044 0.670241 0.169736 0.672077 0.096076 0.217343 0.644502 

-0.340168 -1.025828 -0.947719 -0.000478 -0.730863 0.147962 -0.476224 -0.263503 -0.239957 -0.542573 -0.397176 -0.228465 -0.762230 -0.827384 -0.726594 -0.783252 0.761740 1.040533 1.776454 0.915992 -0.174257 0.211385 0.642390 0.773292 0.216863 
-0.875915 -0.122574 -1.130515 -0.549479 -1.104357 -0.745880 -0.392851 0.319532 0.123621 -0.371043 -1.033305 -1.427703 -0.607587 -1.078695 1.425683 0.010904 -0.806669 1.165476 0.864693 0.130311 -0.250091 0.232530 1.174836 0.377697 0.301627 
-0.843107 -0.670157 -1.145826 0.215248 -1.391585 -1.008597 -0.626667 -0.762260 -0.450056 -0.870770 -1.230083 -0.833557 -0.385280 -0.120935 -0.192779 0.027613 -0.848395 1.307411 0.847835 0.653610 1.074693 0.496451 0.122658 1.065084 0.025593 
-0.363006 -0.759785 -0.698950 -0.187222 -1.062204 -0.512407 -0.284678 -1.302542 -0.897811 -0.064338 -0.760618 -0.161523 0.946929 -1.473024 1.218891 0.231999 0.486514 -0.207917 0.955402 1.050511 0.379309 0.965242 0.476510 0.790574 1.330601 
-0.965359 -0.246286 -0.522070 -0.886286 -0.977632 -0.385335 -0.470874 -0.541355 -0.058783 -0.114296 -0.847581 -0.541731 1.023264 -0.738827 -0.434900 1.336674 0.562788 0.423835 -0.397007 0.416895 0.676592 0.742327 -0.171996 0.302473 0.731034 
-1.061195 -0.411294 0.030009 -0.862106 0.208939 -0.424316 -0.423984 -0.700948 -0.146542 -0.747798 -0.744948 0.682790 -0.008822 -0.588443 -0.823336 0.966722 -0.120783 0.455535 1.204620 0.357659 -0.233051 0.223384 0.576286 0.270607 0.274563 
0.004125 0.020833 0.292901 -0.452142 -0.512571 -0.789764 -1.366644 -0.486063 -0.352177 0.652830 0.454545 -0.280269 -0.769549 -0.874839 -0.747170 -0.063732 1.185263 0.901795 -0.277241 0.413515 1.054427 0.972313 0.499801 0.947731 0.742797 
0.142403 0.097883 -1.081867 -1.322961 -0.463465 -0.597962 -0.298473 -0.658670 -1.014671 -1.080348 -1.504655 -0.299988 -1.751533 -0.824441 -0.185248 -0.048927 0.471643 0.629666 0.131958 -0.239248 0.917745 0.028970 1.298961 0.765265 0.367265 
-1.365169 0.232839 -0.477544 -0.987492 -1.025544 -1.228651 -0.460602 0.809163 0.422826 -1.187802 -0.040859 -1.423393 1.274788 -0.148856 -1.791375 -1.782797 0.871889 0.030801 0.710057 0.405551 0.574353 0.188272 1.048363 0.754494 -0.051010 
-0.228592 -0.707442 0.173307 -0.510280 -1.525972 -0.490733 -0.398831 0.478134 0.257696 -1.298928 -1.045826 1.254387 0.980680 -1.366887 -0.306634 1.139849 0.598030 0.359200 0.852081 0.846372 0.599875 0.433103 0.903245 0.201553 0.636309 
-0.342153 -0.188263 0.058434 -0.281649 -1.276779 -0.319935 0.406166 0.544973 -0.823921 -0.221112 0.767611 0.077370 1.393228 1.156926 -0.343429 0.285859 0.588824 0.709250 1.377516 0.882497 0.681583 0.346729 0.823561 0.889667 0.852436 
0.452800 -0.493918 -1.283357 -0.790107 0.375988 -1.718633 0.814516 -0.781528 -1.263358 -0.584296 0.764223 -0.031272 0.598647 0.869344 -0.448241 0.952100 -1.302899 0.410393 0.714565 0.844065 0.799344 0.492930 0.493503 0.465855 1.267556 
0.949476 1.132602 -0.029414 -0.057289 -0.759255 0.553110 -1.749690 -1.383253 -0.652042 -0.283414 -0.047717 -1.935313 0.067184 0.290846 0.852763 0.209174 0.726733 -0.165911 0.720277 -0.372407 -0.604679 1.333571 0.521348 1.066715 0.363195 
-0.490881 1.940273 -0.031736 0.267787 0.909904 0.204589 0.229829 -0.780246 1.636385 -0.988126 -0.248167 -0.663696 -1.041587 1.998306 -0.269049 -0.387789 0.473938 0.152145 1.102418 -0.004939 0.077575 0.777457 0.258559 -0.071510 0.162992 
-1.130988 -0.388324 1.482539 0.619419 0.958076 0.115832 -0.042361 1.421482 0.936025 1.038073 -0.984383 -0.083909 -0.672755 -0.707130 0.140314 -0.791278 0.036915 -0.619257 0.160395 0.760879 1.194594 -0.023915 -0.073415 0.925843 0.370879 
-0.449085 1.007079 1.157792 1.024669 -0.585840 0.660138 0.461075 1.140726 -1.652915 -1.677795 -1.260616 -1.783541 -0.506845 1.028863 -0.192051 1.271865 -1.152525 -0.092878 -0.698645 1.214456 0.830695 0.944104 0.613097 0.592060 -0.427618 
-0.991108 -0.883243 -0.374024 1.835752 0.447323 -0.036576 0.869475 0.351731 1.346740 -0.008835 -0.133093 2.010438 0.426303 0.041279 1.681543 0.831977 1.285324 1.106464 0.551852 -1.760488 -1.155777 -0.815118 -0.578298 0.290744 -0.187194 
0.711864 1.176702 0.674505 -0.797478 -0.950169 1.459636 -1.379507 -0.527463 0.992417 0.393082 2.044358 -0.741682 0.254912 0.026720 -0.703207 0.236044 0.837812 -0.021415 -0.638876 -1.206450 -0.344752 -0.242975 -0.505456 0.070876 -1.091481 
-0.630447 -0.590585 0.911919 -0.971213 -0.241294 0.161685 -1.295893 0.298589 -0.416367 1.010423 -0.073712 -0.109676 0.531561 -2.516879 0.875724 -0.408150 0.326741 0.312899 0.350296 0.437537 -0.331122 0.500695 -0.106649 -0.715747 0.631697 
-0.372595 -0.694556 -0.355452 0.673818 0.030045 -0.521431 -0.946195 -0.235027 1.316382 -1.081946 0.328397 1.691312 0.857363 -1.502361 0.072956 -0.877447 -0.391642 0.647666 1.385615 -0.326660 -0.236400 0.048353 -0.305394 -0.478769 -0.674102 
-0.415160 0.146752 0.096818 1.239734 -0.517141 0.194880 -0.935673 -1.123872 0.942159 -0.585363 0.088706 -1.534264 -0.648274 -0.730087 -0.187940 1.791643 -1.113624 -0.710614 0.655802 -0.953055 -0.148172 0.529929 -0.305071 1.030282 -0.792678 
0.413936 -1.246516 -1.935964 -0.307326 0.823456 -1.261061 0.153913 -1.221689 0.544345 -0.797997 -0.911309 0.315695 1.332847 1.656026 -0.766169 0.382431 -1.050655 -0.102224 0.678976 -0.921237 0.473399 0.957695 0.047812 -0.310198 0.262803 
0.548342 -0.621404 0.499302 1.319917 1.436630 1.185903 -0.161500 0.892211 1.083036 0.325198 0.092402 0.708716 0.222443 0.379347 -0.811051 1.015750 -0.457565 -0.374158 -0.193418 0.581956 0.663792 0.115248 0.346614 0.549512 0.118255 
-0.297525 -1.077201 -1.027409 -0.039025 0.353539 -0.058415 0.047179 0.587384 -1.533361 -1.116970 0.674623 0.472396 -1.408130 -1.126810 -1.345525 -0.999573 -0.320292 -0.157674 -0.079866 0.494324 -0.030463 -0.502229 0.398262 0.288169 -1.008656 
1.527676 -0.941806 -1.174069 0.687791 -0.323174 -1.047550 1.827528 0.282731 0.983790 -0.249679 -0.339260 -1.207698 0.394660 -1.607234 -0.457171 0.223525 -1.037660 0.546937 0.133334 0.512345 -0.784018 0.453247 0.141275 -0.060585 0.962148 

4 4 4 4 4 4 4 4 4 4 4 4 4 4 4 4 0 1 1 1 1 1 1 1 1 
4 4 4 4 4 4 4 4 4 4 4 4 4 4 0 0 0 1 1 1 1 1 1 1 1 
4 4 4 4 4 4 4 4 4 4 4 4 4 0 0 0 0 1 1 1 1 1 1 1 1 
4 4 4 4 4 4 4 4 4 4 4 4 0 0 0 0 0 1 1 1 1 1 1 1 1 
4 4 4 4 4 4 4 4 4 4 4 0 0 0 0 0 0 1 1 1 1 1 1 1 1 
4 4 4 4 4 4 4 4 4 4 0 0 0 0 0 0 0 1 1 1 1 1 1 1 1 
4 4 4 4 4 4 4 4 4 0 0 0 0 0 0 0 0 1 1 1 1 1 1 1 1 
4 4 4 4 4 4 4 4 0 0 0 0 0 0 0 0 0 1 1 1 1 1 1 1 1 
4 4 4 4 4 4 4 0 0 0 0 0 0 0 0 0 0 1 1 1 1 1 1 1 1 
4 4 4 4 4 0 0 0 0 0 0 0 0 0 0 0 0 1 1 1 1 1 1 1 1 
4 4 4 4 0 0 0 0 0 0 0 0 0 0 0 0 0 1 1 1 1 1 1 1 1 
4 4 2 2 2 2 2 2 0 0 0 0 0 0 0 0 0 1 1 1 1 1 1 1 1 
2 2 2 2 2 2 2 2 2 2 2 2 2 2 0 0 0 1 1 1 1 1 1 1 1 
2 2 2 2 2 2 2 2 2 2 2 2 2 2 2 2 2 1 1 1 1 1 1 1 1 
2 2 2 2 2 2 2 2 2 2 2 2 2 2 2 2 2 2 1 1 1 1 1 1 1 
2 2 2 2 2 2 2 2 2 2 2 2 2 2 2 2 2 2 2 2 1 1 1 1 3 
2 2 2 2 2 2 2 2 2 2 2 2 2 2 2 2 2 2 2 2 2 3 3 3 3 
2 2 2 2 2 2 2 2 2 2 2 2 2 2 2 2 2 2 2 2 3 3 3 3 3 
2 2 2 2 2 2 2 2 2 2 2 2 2 2 2 2 2 2 2 3 3 3 3 3 3 
2 2 2 2 2 2 2 2 2 2 2 2 2 2 2 2 2 2 2 3 3 3 3 3 3 
2 2 2 2 2 2 2 2 2 2 2 2 2 2 2 2 2 2 3 3 3 3 3 3 3 
2 2 2 2 2 2 2 2 2 2 2 2 2 2 2 2 2 3 3 3 3 3 3 3 3 
2 2 2 2 2 2 2 2 2 2 2 2 2 2 2 2 3 3 3 3 3 3 3 3 3 
2 2 2 2 2 2 2 2 2 2 2 2 2 2 2 3 3 3 3 3 3 3 3 3 3 
2 2 2 2 2 2 2 2 2 2 2 2 2 2 2 3 3 3 3 3 3 3 3 3 3 

0.0 0.0 0.0 0.0 0.0 0.0 0.0 0.0 0.0 0.0 0.0 0.0 0.0 0.0 0.0 0.0 2.0 1.0 1.0 1.0 1.0 1.0 1.0 1.0 1.0 
0.0 0.0 0.0 0.0 0.0 0.0 0.0 0.0 0.0 0.0 0.0 0.0 0.0 0.0 2.0 2.0 2.0 1.0 1.0 1.0 1.0 1.0 1.0 1.0 1.0 
0.0 0.0 0.0 0.0 0.0 0.0 0.0 0.0 0.0 0.0 0.0 0.0 0.0 2.0 2.0 2.0 2.0 1.0 1.0 1.0 1.0 1.0 1.0 1.0 1.0 
0.0 0.0 0.0 0.0 0.0 0.0 0.0 0.0 0.0 0.0 0.0 0.0 2.0 2.0 2.0 2.0 2.0 1.0 1.0 1.0 1.0 1.0 1.0 1.0 1.0 
0.0 0.0 0.0 0.0 0.0 0.0 0.0 0.0 0.0 0.0 0.0 2.0 2.0 2.0 2.0 2.0 2.0 1.0 1.0 1.0 1.0 1.0 1.0 1.0 1.0 
0.0 0.0 0.0 0.0 0.0 0.0 0.0 0.0 0.0 0.0 2.0 2.0 2.0 2.0 2.0 2.0 2.0 1.0 1.0 1.0 1.0 1.0 1.0 1.0 1.0 
0.0 0.0 0.0 0.0 0.0 0.0 0.0 0.0 0.0 2.0 2.0 2.0 2.0 2.0 2.0 2.0 2.0 1.0 1.0 1.0 1.0 1.0 1.0 1.0 1.0 
0.0 0.0 0.0 0.0 0.0 0.0 0.0 0.0 2.0 2.0 2.0 2.0 2.0 2.0 2.0 2.0 2.0 1.0 1.0 1.0 1.0 1.0 1.0 1.0 1.0 
0.0 0.0 0.0 0.0 0.0 0.0 0.0 2.0 2.0 2.0 2.0 2.0 2.0 2.0 2.0 2.0 2.0 1.0 1.0 1.0 1.0 1.0 1.0 1.0 1.0 
0.0 0.0 0.0 0.0 0.0 2.0 2.0 2.0 2.0 2.0 2.0 2.0 2.0 2.0 2.0 2.0 2.0 1.0 1.0 1.0 1.0 1.0 1.0 1.0 1.0 
0.0 0.0 0.0 0.0 2.0 2.0 2.0 2.0 2.0 2.0 2.0 2.0 2.0 2.0 2.0 2.0 2.0 1.0 1.0 1.0 1.0 1.0 1.0 1.0 1.0 
0.0 0.0 -2.0 -2.0 -2.0 -2.0 -2.0 -2.0 2.0 2.0 2.0 2.0 2.0 2.0 2.0 2.0 2.0 1.0 1.0 1.0 1.0 1.0 1.0 1.0 1.0 
-2.0 -2.0 -2.0 -2.0 -2.0 -2.0 -2.0 -2.0 -2.0 -2.0 -2.0 -2.0 -2.0 -2.0 2.0 2.0 2.0 1.0 1.0 1.0 1.0 1.0 1.0 1.0 1.0 
-2.0 -2.0 -2.0 -2.0 -2.0 -2.0 -2.0 -2.0 -2.0 -2.0 -2.0 -2.0 -2.0 -2.0 -2.0 -2.0 -2.0 1.0 1.0 1.0 1.0 1.0 1.0 1.0 1.0 
-2.0 -2.0 -2.0 -2.0 -2.0 -2.0 -2.0 -2.0 -2.0 -2.0 -2.0 -2.0 -2.0 -2.0 -2.0 -2.0 -2.0 -2.0 1.0 1.0 1.0 1.0 1.0 1.0 1.0 
-2.0 -2.0 -2.0 -2.0 -2.0 -2.0 -2.0 -2.0 -2.0 -2.0 -2.0 -2.0 -2.0 -2.0 -2.0 -2.0 -2.0 -2.0 -2.0 -2.0 1.0 1.0 1.0 1.0 -1.0 
-2.0 -2.0 -2.0 -2.0 -2.0 -2.0 -2.0 -2.0 -2.0 -2.0 -2.0 -2.0 -2.0 -2.0 -2.0 -2.0 -2.0 -2.0 -2.0 -2.0 -2.0 -1.0 -1.0 -1.0 -1.0 
-2.0 -2.0 -2.0 -2.0 -2.0 -2.0 -2.0 -2.0 -2.0 -2.0 -2.0 -2.0 -2.0 -2.0 -2.0 -2.0 -2.0 -2.0 -2.0 -2.0 -1.0 -1.0 -1.0 -1.0 -1.0 
-2.0 -2.0 -2.0 -2.0 -2.0 -2.0 -2.0 -2.0 -2.0 -2.0 -2.0 -2.0 -2.0 -2.0 -2.0 -2.0 -2.0 -2.0 -2.0 -1.0 -1.0 -1.0 -1.0 -1.0 -1.0 
-2.0 -2.0 -2.0 -2.0 -2.0 -2.0 -2.0 -2.0 -2.0 -2.0 -2.0 -2.0 -2.0 -2.0 -2.0 -2.0 -2.0 -2.0 -2.0 -1.0 -1.0 -1.0 -1.0 -1.0 -1.0 
-2.0 -2.0 -2.0 -2.0 -2.0 -2.0 -2.0 -2.0 -2.0 -2.0 -2.0 -2.0 -2.0 -2.0 -2.0 -2.0 -2.0 -2.0 -1.0 -1.0 -1.0 -1.0 -1.0 -1.0 -1.0 
-2.0 -2.0 -2.0 -2.0 -2.0 -2.0 -2.0 -2.0 -2.0 -2.0 -2.0 -2.0 -2.0 -2.0 -2.0 -2.0 -2.0 -1.0 -1.0 -1.0 -1.0 -1.0 -1.0 -1.0 -1.0 
-2.0 -2.0 -2.0 -2.0 -2.0 -2.0 -2.0 -2.0 -2.0 -2.0 -2.0 -2.0 -2.0 -2.0 -2.0 -2.0 -1.0 -1.0 -1.0 -1.0 -1.0 -1.0 -1.0 -1.0 -1.0 
-2.0 -2.0 -2.0 -2.0 -2.0 -2.0 -2.0 -2.0 -2.0 -2.0 -2.0 -2.0 -2.0 -2.0 -2.0 -1.0 -1.0 -1.0 -1.0 -1.0 -1.0 -1.0 -1.0 -1.0 -1.0 
-2.0 -2.0 -2.0 -2.0 -2.0 -2.0 -2.0 -2.0 -2.0 -2.0 -2.0 -2.0 -2.0 -2.0 -2.0 -1.0 -1.0 -1.0 -1.0 -1.0 -1.0 -1.0 -1.0 -1.0 -1.0 

-1.0 -1.0 -1.0 -1.0 -1.0 -1.0 -1.0 -1.0 -1.0 -1.0 -1.0 -1.0 -1.0 -1.0 -1.0 -1.0 -2.0 0.0 0.0 0.0 0.0 0.0 0.0 0.0 0.0 
-1.0 -1.0 -1.0 -1.0 -1.0 -1.0 -1.0 -1.0 -1.0 -1.0 -1.0 -1.0 -1.0 -1.0 -2.0 -2.0 -2.0 0.0 0.0 0.0 0.0 0.0 0.0 0.0 0.0 
-1.0 -1.0 -1.0 -1.0 -1.0 -1.0 -1.0 -1.0 -1.0 -1.0 -1.0 -1.0 -1.0 -2.0 -2.0 -2.0 -2.0 0.0 0.0 0.0 0.0 0.0 0.0 0.0 0.0 
-1.0 -1.0 -1.0 -1.0 -1.0 -1.0 -1.0 -1.0 -1.0 -1.0 -1.0 -1.0 -2.0 -2.0 -2.0 -2.0 -2.0 0.0 0.0 0.0 0.0 0.0 0.0 0.0 0.0 
-1.0 -1.0 -1.0 -1.0 -1.0 -1.0 -1.0 -1.0 -1.0 -1.0 -1.0 -2.0 -2.0 -2.0 -2.0 -2.0 -2.0 0.0 0.0 0.0 0.0 0.0 0.0 0.0 0.0 
-1.0 -1.0 -1.0 -1.0 -1.0 -1.0 -1.0 -1.0 -1.0 -1.0 -2.0 -2.0 -2.0 -2.0 -2.0 -2.0 -2.0 0.0 0.0 0.0 0.0 0.0 0.0 0.0 0.0 
-1.0 -1.0 -1.0 -1.0 -1.0 -1.0 -1.0 -1.0 -1.0 -2.0 -2.0 -2.0 -2.0 -2.0 -2.0 -2.0 -2.0 0.0 0.0 0.0 0.0 0.0 0.0 0.0 0.0 
-1.0 -1.0 -1.0 -1.0 -1.0 -1.0 -1.0 -1.0 -2.0 -2.0 -2.0 -2.0 -2.0 -2.0 -2.0 -2.0 -2.0 0.0 0.0 0.0 0.0 0.0 0.0 0.0 0.0 
-1.0 -1.0 -1.0 -1.0 -1.0 -1.0 -1.0 -2.0 -2.0 -2.0 -2.0 -2.0 -2.0 -2.0 -2.0 -2.0 -2.0 0.0 0.0 0.0 0.0 0.0 0.0 0.0 0.0 
-1.0 -1.0 -1.0 -1.0 -1.0 -2.0 -2.0 -2.0 -2.0 -2.0 -2.0 -2.0 -2.0 -2.0 -2.0 -2.0 -2.0 0.0 0.0 0.0 0.0 0.0 0.0 0.0 0.0 
-1.0 -1.0 -1.0 -1.0 -2.0 -2.0 -2.0 -2.0 -2.0 -2.0 -2.0 -2.0 -2.0 -2.0 -2.0 -2.0 -2.0 0.0 0.0 0.0 0.0 0.0 0.0 0.0 0.0 
-1.0 -1.0 2.0 2.0 2.0 2.0 2.0 2.0 -2.0 -2.0 -2.0 -2.0 -2.0 -2.0 -2.0 -2.0 -2.0 0.0 0.0 0.0 0.0 0.0 0.0 0.0 0.0 
2.0 2.0 2.0 2.0 2.0 2.0 2.0 2.0 2.0 2.0 2.0 2.0 2.0 2.0 -2.0 -2.0 -2.0 0.0 0.0 0.0 0.0 0.0 0.0 0.0 0.0 
2.0 2.0 2.0 2.0 2.0 2.0 2.0 2.0 2.0 2.0 2.0 2.0 2.0 2.0 2.0 2.0 2.0 0.0 0.0 0.0 0.0 0.0 0.0 0.0 0.0 
2.0 2.0 2.0 2.0 2.0 2.0 2.0 2.0 2.0 2.0 2.0 2.0 2.0 2.0 2.0 2.0 2.0 2.0 0.0 0.0 0.0 0.0 0.0 0.0 0.0 
2.0 2.0 2.0 2.0 2.0 2.0 2.0 2.0 2.0 2.0 2.0 2.0 2.0 2.0 2.0 2.0 2.0 2.0 2.0 2.0 0.0 0.0 0.0 0.0 1.0 
2.0 2.0 2.0 2.0 2.0 2.0 2.0 2.0 2.0 2.0 2.0 2.0 2.0 2.0 2.0 2.0 2.0 2.0 2.0 2.0 2.0 1.0 1.0 1.0 1.0 
2.0 2.0 2.0 2.0 2.0 2.0 2.0 2.0 2.0 2.0 2.0 2.0 2.0 2.0 2.0 2.0 2.0 2.0 2.0 2.0 1.0 1.0 1.0 1.0 1.0 
2.0 2.0 2.0 2.0 2.0 2.0 2.0 2.0 2.0 2.0 2.0 2.0 2.0 2.0 2.0 2.0 2.0 2.0 2.0 1.0 1.0 1.0 1.0 1.0 1.0 
2.0 2.0 2.0 2.0 2.0 2.0 2.0 2.0 2.0 2.0 2.0 2.0 2.0 2.0 2.0 2.0 2.0 2.0 2.0 1.0 1.0 1.0 1.0 1.0 1.0 
2.0 2.0 2.0 2.0 2.0 2.0 2.0 2.0 2.0 2.0 2.0 2.0 2.0 2.0 2.0 2.0 2.0 2.0 1.0 1.0 1.0 1.0 1.0 1.0 1.0 
2.0 2.0 2.0 2.0 2.0 2.0 2.0 2.0 2.0 2.0 2.0 2.0 2.0 2.0 2.0 2.0 2.0 1.0 1.0 1.0 1.0 1.0 1.0 1.0 1.0 
2.0 2.0 2.0 2.0 2.0 2.0 2.0 2.0 2.0 2.0 2.0 2.0 2.0 2.0 2.0 2.0 1.0 1.0 1.0 1.0 1.0 1.0 1.0 1.0 1.0 
2.0 2.0 2.0 2.0 2.0 2.0 2.0 2.0 2.0 2.0 2.0 2.0 2.0 2.0 2.0 1.0 1.0 1.0 1.0 1.0 1.0 1.0 1.0 1.0 1.0 
2.0 2.0 2.0 2.0 2.0 2.0 2.0 2.0 2.0 2.0 2.0 2.0 2.0 2.0 2.0 1.0 1.0 1.0 1.0 1.0 1.0 1.0 1.0 1.0 1.0 

