0.856448 0.621806 0.217677 0.794718 0.678947 0.030388 0.147780 0.969057 0.548040 0.408818 0.104292 0.504872 0.946905 0.212466 0.876406 0.877441 0.631630 0.457192 0.662416 0.024229 0.895983 0.878230 0.288221 0.349189 0.561528 
0.617197 0.189051 0.008579 0.855497 0.315792 0.272331 0.331306 0.116781 0.456147 0.753893 0.154384 0.955424 0.126657 0.793189 0.375065 0.188071 0.628168 0.854677 0.728278 0.037992 0.379346 0.519397 0.229606 0.446704 0.578419 
0.877400 0.193713 0.213488 0.152558 0.590810 0.897935 0.970591 0.760094 0.039794 0.913463 0.276507 0.565746 0.943748 0.207298 0.113572 0.667312 0.793506 0.063565 0.146470 0.308502 0.735694 0.561492 0.343853 0.514267 0.472003 
0.833976 0.981800 0.087202 0.168006 0.569135 0.286238 0.184910 0.476002 0.451636 0.547809 0.381752 0.070509 0.569950 0.478375 0.425274 0.483393 0.077011 0.225454 0.524533 0.554926 0.034478 0.309472 0.679822 0.293490 0.343024 
0.306903 0.408725 0.022913 0.895851 0.748189 0.904711 0.025750 0.881985 0.982930 0.371354 0.038982 0.740987 0.664290 0.402783 0.482864 0.785571 0.013109 0.080069 0.227319 0.686520 0.939471 0.105090 0.216103 0.526465 0.074622 
0.874037 0.495057 0.027879 0.995733 0.191872 0.328063 0.464916 0.796231 0.176799 0.989282 0.778255 0.765790 0.064865 0.763495 0.344032 0.534929 0.045171 0.168658 0.438042 0.744417 0.785673 0.577921 0.513879 0.786926 0.409809 
0.757409 0.517578 0.184157 0.911771 0.069659 0.333961 0.042531 0.650675 0.161411 0.031987 0.212038 0.413153 0.299585 0.534220 0.568913 0.696702 0.781136 0.314855 0.937951 0.896954 0.038819 0.848447 0.726808 0.913131 0.005116 
0.965189 0.428724 0.022052 0.859712 0.179715 0.854011 0.303367 0.711220 0.175419 0.171959 0.908931 0.293052 0.710405 0.257131 0.528391 0.754780 0.811196 0.426871 0.840568 0.388375 0.616932 0.126349 0.428354 0.765640 0.406393 
0.083243 0.404316 0.673536 0.933348 0.537851 0.315543 0.687405 0.095576 0.555031 0.200082 0.659857 0.148103 0.161642 0.944320 0.190204 0.826544 0.284695 0.857496 0.974895 0.639434 0.701232 0.033587 0.347266 0.006731 0.110402 
0.788635 0.808396 0.390829 0.005469 0.092818 0.952662 0.177887 0.392320 0.697024 0.265300 0.652893 0.070031 0.367253 0.691409 0.916736 0.749680 0.887957 0.687964 0.034810 0.678304 0.823084 0.070697 0.499422 0.301426 0.127579 
0.224627 0.419977 0.975365 0.458695 0.307930 0.020402 0.372437 0.875821 0.541942 0.293093 0.387402 0.701307 0.145876 0.437284 0.532135 0.194406 0.190455 0.576158 0.737518 0.470890 0.746752 0.528522 0.672891 0.194976 0.004968 
0.690440 0.264101 0.848206 0.611713 0.914250 0.663065 0.732290 0.883416 0.839960 0.103201 0.827261 0.443819 0.422114 0.294627 0.180468 0.599523 0.812628 0.458248 0.901356 0.499483 0.156986 0.602704 0.669640 0.436593 0.682919 
0.480855 0.802606 0.744877 0.380639 0.835326 0.924188 0.469336 0.342782 0.043516 0.317519 0.361634 0.442650 0.510815 0.511000 0.167768 0.742107 0.364686 0.325518 0.562564 0.054770 0.149186 0.251196 0.326357 0.883101 0.881958 
0.017686 0.519056 0.320248 0.898958 0.681199 0.615860 0.429298 0.853641 0.250079 0.217647 0.290477 0.055262 0.235575 0.211834 0.428021 0.230322 0.230797 0.220710 0.387905 0.462707 0.233052 0.983590 0.832769 0.521060 0.610989 
0.695950 0.769327 0.745722 0.983016 0.531673 0.399907 0.381873 0.248760 0.790965 0.884367 0.326300 0.305226 0.629733 0.208264 0.665652 0.002537 0.059854 0.742636 0.309062 0.900842 0.776553 0.993978 0.952147 0.683594 0.440677 
0.709942 0.078543 0.041023 0.368397 0.607221 0.708220 0.340580 0.196863 0.875288 0.161867 0.779198 0.891684 0.025531 0.359172 0.920236 0.134132 0.768543 0.072820 0.802492 0.247792 0.876631 0.157123 0.388944 0.824043 0.864902 
0.695541 0.804215 0.889710 0.701242 0.002985 0.531304 0.459050 0.462371 0.374972 0.815274 0.996002 0.031596 0.151423 0.835679 0.132426 0.454976 0.327271 0.041326 0.982811 0.727064 0.495569 0.825098 0.911770 0.456041 0.640887 
0.035427 0.057328 0.899983 0.615374 0.134231 0.107493 0.402692 0.655220 0.632585 0.822929 0.843503 0.525553 0.625895 0.729146 0.765521 0.997936 0.777430 0.302347 0.004660 0.951500 0.435699 0.399285 0.297417 0.109181 0.057658 
0.777547 0.986013 0.210569 0.970782 0.827052 0.504594 0.203805 0.890359 0.965037 0.171463 0.577846 0.479334 0.643233 0.587462 0.515508 0.634549 0.138838 0.555735 0.763379 0.079596 0.459238 0.543893 0.370703 0.227414 0.218816 
0.315190 0.359880 0.907249 0.949384 0.186312 0.687559 0.202634 0.680111 0.497841 0.215453 0.514769 0.049712 0.799918 0.955007 0.313532 0.105393 0.801031 0.915966 0.527497 0.769682 0.498795 0.800864 0.486245 0.966706 0.405921 
0.847381 0.457689 0.086279 0.748342 0.909687 0.405886 0.895233 0.018730 0.295936 0.576249 0.580476 0.567158 0.214451 0.094385 0.679659 0.594077 0.909982 0.074220 0.096296 0.123295 0.610814 0.848988 0.024279 0.702379 0.199972 
0.486055 0.723194 0.354367 0.775178 0.117390 0.459938 0.992049 0.278153 0.808055 0.921448 0.498848 0.471512 0.476992 0.448540 0.807206 0.683931 0.074473 0.133923 0.550668 0.900921 0.856574 0.249103 0.032829 0.438540 0.512311 
0.897821 0.951900 0.326234 0.314457 0.498500 0.775729 0.057975 0.383803 0.643017 0.011415 0.809727 0.160002 0.155836 0.928357 0.500747 0.450189 0.986939 0.134099 0.434181 0.108693 0.744070 0.663187 0.041072 0.239056 0.578004 
0.746189 0.273737 0.606632 0.202808 0.528559 0.405189 0.087439 0.206927 0.641864 0.265163 0.519515 0.569203 0.221267 0.190333 0.023883 0.801188 0.507682 0.057870 0.880912 0.471730 0.264484 0.613809 0.256081 0.993955 0.560134 
0.825211 0.291570 0.325053 0.901375 0.993328 0.076995 0.599939 0.718155 0.480557 0.771402 0.845493 0.294812 0.488059 0.350610 0.197725 0.546732 0.328926 0.507373 0.202147 0.327567 0.468686 0.598849 0.246582 0.626109 0.978184 

0.299377 0.564654 0.986115 0.356569 0.462073 0.103294 0.020726 0.412116 0.503495 0.867029 0.928619 0.597196 0.819912 0.038271 0.312130 0.392323 0.049614 0.860840 0.393461 0.384613 0.949913 0.383641 0.942700 0.714327 0.087217 
0.856296 0.387384 0.528669 0.983473 0.880333 0.332898 0.639868 0.926707 0.306633 0.175923 0.374948 0.719886 0.594638 0.124333 0.232737 0.725562 0.835370 0.821404 0.441680 0.633083 0.019951 0.742282 0.814509 0.024623 0.545458 
0.199223 0.343999 0.188126 0.433185 0.376466 0.613396 0.039936 0.274449 0.647508 0.972178 0.634865 0.735113 0.291940 0.479275 0.538261 0.933381 0.229835 0.753404 0.736778 0.443635 0.373143 0.736378 0.307578 0.952508 0.974225 
0.117994 0.151693 0.425845 0.119338 0.996927 0.766866 0.308480 0.220330 0.824488 0.128168 0.031345 0.139520 0.240545 0.521347 0.983789 0.736020 0.479420 0.461649 0.387054 0.819254 0.094191 0.525908 0.220396 0.931652 0.627469 
0.983924 0.760544 0.742839 0.612291 0.055913 0.667420 0.715736 0.766368 0.936831 0.834584 0.859192 0.509609 0.067614 0.814882 0.266045 0.177642 0.378633 0.180803 0.831155 0.581868 0.015280 0.660482 0.484802 0.262042 0.243000 
0.133914 0.585815 0.449559 0.046279 0.035020 0.473851 0.895746 0.821371 0.338820 0.179638 0.749813 0.120387 0.374226 0.169623 0.706668 0.727507 0.899632 0.696093 0.002428 0.597198 0.088881 0.758944 0.404402 0.308098 0.977491 
0.140943 0.583518 0.482903 0.355875 0.325255 0.015806 0.043850 0.177846 0.634292 0.394355 0.914745 0.544142 0.889651 0.161929 0.620517 0.998302 0.089657 0.334906 0.947802 0.063919 0.388325 0.015558 0.574960 0.120836 0.927234 
0.755910 0.822601 0.165849 0.433266 0.808439 0.326314 0.168870 0.169719 0.572510 0.607795 0.731639 0.680906 0.297702 0.222854 0.735858 0.688998 0.530659 0.596230 0.857146 0.114192 0.454943 0.775057 0.547444 0.805008 0.583930 
0.501285 0.996883 0.818721 0.068652 0.318918 0.700422 0.886699 0.750536 0.732955 0.301857 0.604807 0.951244 0.304939 0.765843 0.352009 0.503306 0.595507 0.838496 0.145158 0.462229 0.591479 0.760664 0.654079 0.151652 0.716395 
0.410145 0.660666 0.291162 0.706817 0.650751 0.353292 0.657793 0.529531 0.605500 0.020279 0.881170 0.314166 0.569892 0.064515 0.131122 0.541356 0.424350 0.052952 0.646422 0.563811 0.643200 0.899161 0.112053 0.706062 0.434666 
0.850933 0.086871 0.527233 0.758919 0.626157 0.255778 0.823183 0.004357 0.294776 0.546247 0.373190 0.208623 0.992886 0.898037 0.326699 0.531647 0.004230 0.166968 0.609142 0.852399 0.110752 0.600399 0.133625 0.757479 0.869169 
0.715267 0.555228 0.010800 0.250168 0.849880 0.011398 0.907712 0.558619 0.965717 0.352402 0.997976 0.246928 0.760794 0.094403 0.921072 0.504704 0.915447 0.398467 0.752334 0.844505 0.837023 0.215210 0.824592 0.253360 0.792820 
0.020829 0.383549 0.191514 0.608534 0.137963 0.502425 0.058305 0.811159 0.147413 0.880178 0.241273 0.816160 0.423033 0.047509 0.575796 0.342963 0.457799 0.522909 0.253727 0.071403 0.650685 0.967981 0.144345 0.553130 0.796432 
0.170312 0.709158 0.930145 0.243082 0.731299 0.154123 0.233022 0.788407 0.587041 0.731710 0.535653 0.288654 0.433902 0.975286 0.772005 0.159097 0.132040 0.294731 0.465333 0.887732 0.383496 0.571496 0.066216 0.059321 0.183400 
0.632480 0.741240 0.468287 0.125823 0.306565 0.570175 0.708711 0.319332 0.912471 0.139246 0.549312 0.875056 0.787173 0.506563 0.657146 0.593347 0.855670 0.296118 0.745721 0.897104 0.805477 0.658182 0.041225 0.903582 0.041742 
0.504321 0.801975 0.280429 0.926611 0.404628 0.079586 0.787497 0.051961 0.115847 0.158577 0.664365 0.065962 0.779205 0.612676 0.878949 0.268021 0.078330 0.174673 0.039291 0.330463 0.577351 0.115403 0.153755 0.552540 0.440561 
0.710177 0.560985 0.611274 0.327009 0.030281 0.250180 0.913303 0.873872 0.677912 0.600724 0.566815 0.955840 0.302322 0.805916 0.514093 0.235876 0.696875 0.464157 0.073159 0.482349 0.672167 0.034247 0.619141 0.998051 0.869091 
0.477541 0.699962 0.555149 0.819450 0.239982 0.646014 0.893904 0.499061 0.304191 0.972631 0.421229 0.562124 0.999107 0.998400 0.581853 0.181927 0.338927 0.700405 0.976672 0.260258 0.774110 0.455735 0.685290 0.223134 0.828084 
0.591069 0.052364 0.077180 0.819126 0.088348 0.894734 0.997016 0.405697 0.465254 0.978634 0.236767 0.755063 0.023407 0.043558 0.544361 0.736888 0.369321 0.890220 0.108974 0.028781 0.276675 0.349832 0.074544 0.517680 0.918962 
0.360432 0.530818 0.075462 0.012862 0.039088 0.317302 0.302616 0.337182 0.839270 0.441353 0.477762 0.161485 0.281625 0.979199 0.671086 0.655298 0.953593 0.248374 0.379677 0.957201 0.866833 0.676227 0.135949 0.686811 0.106343 
0.621024 0.667752 0.669849 0.954644 0.075107 0.017981 0.657162 0.843470 0.995255 0.854471 0.021631 0.088745 0.438131 0.844388 0.729426 0.913489 0.932080 0.904076 0.392912 0.294683 0.661411 0.197077 0.108215 0.901293 0.629379 
0.751279 0.569089 0.781596 0.967255 0.235892 0.650807 0.517918 0.705450 0.557053 0.953589 0.374646 0.899322 0.541133 0.639901 0.022312 0.413381 0.983339 0.989041 0.909493 0.986168 0.700465 0.284585 0.287940 0.970208 0.130238 
0.817566 0.703255 0.033154 0.819790 0.083665 0.225842 0.875488 0.700595 0.419402 0.754203 0.066984 0.457418 0.198774 0.468083 0.123321 0.315007 0.447148 0.143339 0.354191 0.653061 0.126150 0.781319 0.116483 0.979584 0.996649 
0.279848 0.195663 0.495931 0.723385 0.027652 0.432569 0.318244 0.815141 0.715481 0.052835 0.139131 0.298533 0.677474 0.755716 0.385217 0.727924 0.011208 0.448977 0.350169 0.328509 0.590905 0.969179 0.586728 0.030720 0.720190 
0.715987 0.442806 0.499944 0.122158 0.547087 0.451010 0.647817 0.910063 0.583827 0.314537 0.697568 0.225883 0.149068 0.259870 0.374088 0.864399 0.867804 0.294883 0.123385 0.202373 0.795318 0.815277 0.274673 0.131750 0.988291 

1.095988 1.014827 1.243309 0.756201 0.964109 0.106813 -0.113911 1.126014 0.972210 1.898975 2.050777 1.035187 1.801599 -0.108885 0.524296 0.944118 0.459453 1.602802 0.800222 0.713898 2.219988 0.339184 1.655009 1.200621 0.015060 
1.626126 1.154769 1.061783 1.697473 1.740585 0.853392 1.396517 1.852686 0.532298 0.651461 0.982830 1.518626 1.199337 0.185266 0.263227 1.646119 1.570806 1.144017 0.671872 1.476684 0.236737 1.666425 1.551119 0.060878 1.191702 
0.659909 0.787282 0.497050 0.962962 1.005281 1.413507 0.063355 0.379216 1.222288 1.961336 1.144321 1.282795 0.452420 1.016784 1.058666 2.207269 0.374569 1.386581 1.788080 0.806005 1.096617 1.555122 0.800682 1.821895 2.026368 
0.808560 1.297036 0.958137 -0.320935 2.339587 1.553904 0.462446 0.859509 2.105039 -0.018766 0.407285 -0.007558 0.434461 0.936617 2.019857 1.729719 0.927454 0.720109 0.802668 1.417266 0.320422 0.964178 0.207072 1.734984 -1.972945 
1.126337 1.243698 1.370083 0.973443 0.324563 1.367723 1.307235 1.341746 2.069881 1.689442 1.959179 0.785058 0.416984 1.750998 0.494116 0.484995 1.194417 0.208453 1.783818 1.054219 0.223946 1.339661 0.997260 0.224763 -0.605498 
1.133529 1.160451 1.284139 -0.112979 0.090862 1.188939 1.582061 1.847608 0.816121 -0.008431 1.530224 0.418123 1.015720 -0.020034 1.372049 1.707995 1.995631 1.553889 -1.033276 -0.408975 -1.005423 1.201013 -0.190725 -2.501048 -2.985195 
0.952742 1.441001 0.848135 0.956543 0.484809 -0.170571 -0.036623 0.208044 1.057918 0.600471 2.137994 0.855793 1.955564 0.232961 1.050434 2.039182 0.258584 0.839869 -0.864596 -0.940507 0.009738 -1.062083 -0.485129 -2.038186 -1.628488 
1.683771 1.599252 0.388690 0.501605 2.106357 0.819095 0.630665 0.157575 1.220684 1.095580 1.904497 1.575190 0.491341 -0.086880 1.506744 -0.855086 -0.987549 -0.532880 -0.780128 -0.284243 -0.621570 -0.169821 -2.189398 -3.176098 -2.162106 
0.504362 1.252311 1.895860 0.089350 0.945659 0.977834 1.777917 0.832238 1.675466 0.245434 1.031649 -0.015706 0.130690 -1.237924 -0.239335 -0.495857 -0.182004 -1.151999 -0.739525 -0.781429 -0.568226 -0.334698 -1.947989 -0.129105 -1.831628 
1.136791 1.193958 0.580682 0.819846 0.726532 1.327346 0.669556 0.846640 1.385908 -0.313277 -0.446442 -0.076520 -0.447312 -0.613720 -1.178894 -0.450576 -0.960440 -0.522095 -0.018307 -0.788646 -2.653801 -1.906778 -0.995333 -1.711224 -1.122347 
0.914857 0.524112 1.853769 0.682572 1.549878 0.230970 1.709332 -0.049756 0.385070 0.814303 -0.673234 -0.493865 -0.028797 -0.763380 -0.500854 -0.011703 -0.274205 -0.852961 -0.814226 -0.922493 -0.602593 -2.158618 -1.601744 -1.788360 -1.618474 
1.780467 0.936405 0.919132 0.821702 1.194672 0.692163 1.528904 1.396016 1.991613 0.655496 -0.553136 -0.583556 -0.345823 -0.275301 -0.047416 -0.891966 -0.366614 -0.737123 -1.090277 -0.455536 -2.033679 -1.430287 -2.722537 -1.382204 -3.086372 
0.122756 1.228177 0.774535 0.985380 0.830874 1.574043 -0.113653 1.326399 0.073577 1.609953 -0.255139 -0.598480 -0.364197 -0.582077 -0.366738 -0.605902 -0.385053 -0.001387 -0.388919 -0.208389 -1.848642 -2.484736 -0.757781 -2.906657 -3.806826 
-0.057424 0.954319 1.216985 1.228073 1.314076 0.693810 0.886645 1.811345 0.978533 1.136018 -0.410731 0.177936 -0.401724 -0.413192 -0.466293 -0.379294 -0.105337 -0.230668 -1.852043 -2.713616 -1.326036 -3.364888 -1.691002 -1.398675 -2.009271 
1.435186 1.535352 1.142034 1.305398 0.699441 0.772106 1.311799 0.695398 1.665622 1.425059 0.815429 0.927144 -0.188655 -0.095414 -0.575429 -0.064435 -0.092940 -1.113174 -1.902510 -3.728173 -3.268321 -3.375782 -1.786758 -2.874558 -0.709040 
1.194528 0.767820 0.467122 1.321393 1.101293 0.680562 0.915248 0.177680 1.038463 0.043120 1.539111 -0.905475 -0.313085 -0.608220 -0.885708 0.115811 -0.945015 -0.465358 -1.515264 -1.396937 -2.601924 -0.573885 -1.129882 -2.911534 -2.312613 
1.311972 1.562385 1.057459 1.182573 0.133522 0.841719 1.327897 1.252341 1.088829 1.506948 1.361494 0.375853 -0.514884 -0.834354 -0.034039 -0.192197 -0.025012 -0.637736 -2.243614 -2.452207 -2.398341 -1.957377 -2.968811 -2.741432 -2.870281 
0.529331 0.556200 1.205863 1.295546 0.089828 0.628953 1.453732 0.980646 1.090074 0.455582 1.103694 0.644868 -0.852929 0.254504 -0.645061 1.785725 1.122661 0.006212 -1.684302 -2.518554 -2.149976 -1.713174 -2.157814 -0.782947 -1.555617 
1.498809 0.998952 0.566408 1.759895 0.913197 1.521585 1.011351 1.399688 1.445749 -0.745061 1.138554 0.752396 -0.749520 0.793676 0.303260 0.635519 -0.009913 0.381253 -1.884925 -0.200472 -1.445371 -1.803257 -0.803231 -1.377021 -2.017729 
0.690321 0.764289 0.981268 1.219584 0.354750 0.948450 0.577671 1.028968 0.087537 -0.245463 0.336423 0.173189 -0.888373 0.887905 -0.070852 -0.316903 0.667023 1.643376 0.737481 -3.614172 -2.857800 -2.740748 -1.345630 -3.288855 -1.033757 
1.341825 1.378500 0.803951 1.976023 1.203023 0.436074 1.692584 -0.448868 -0.859347 0.172491 1.261997 0.955217 -0.065684 -0.464331 0.410800 0.571147 0.883783 -0.672130 -0.045160 -0.103951 -2.613594 1.413342 0.039420 -3.228122 -1.610715 
1.437583 1.457434 1.072618 1.326931 0.043558 1.467974 1.754261 0.022603 1.366268 1.224035 0.605223 0.073239 0.363512 0.134240 1.664815 1.069986 -0.836210 -0.602201 0.232691 0.584613 0.880680 -0.204430 -0.571912 -2.849899 -1.215703 
1.738250 1.498746 0.532604 1.453283 0.420417 1.125302 1.039980 0.940882 0.847375 -1.159349 1.504616 -0.265513 -0.109525 1.444673 0.492465 0.589548 1.766676 -0.207771 0.365341 -0.419570 1.477303 0.459369 -0.285011 -2.506322 -3.192030 
0.719109 0.604586 0.935862 1.119458 0.551985 0.979896 -0.403429 -0.263989 0.346666 0.614600 0.970258 1.193355 -0.012242 -0.366686 -0.513604 0.578735 0.987365 -0.338559 1.260631 0.819837 -0.161477 0.248185 -1.681835 -2.029051 -2.592430 
1.626303 1.236575 0.518817 1.168195 1.523949 0.452831 1.194046 0.217465 0.407748 1.386069 0.857204 0.416719 0.648076 0.108211 -0.395038 0.028456 0.011902 0.719118 0.176119 0.526381 0.222661 0.742169 -0.967870 -1.539714 -3.834450 

4 4 4 3 3 3 3 3 3 3 3 3 3 3 3 3 3 3 3 3 3 3 3 3 3 
4 4 3 3 3 3 3 3 3 3 3 3 3 3 3 3 3 3 3 3 3 3 3 3 3 
4 4 3 3 3 3 3 3 3 3 3 3 3 3 3 3 3 3 3 3 3 3 3 3 3 
4 4 3 3 3 3 3 3 3 3 3 3 3 3 3 3 3 3 3 3 3 3 3 3 0 
4 4 3 3 3 3 3 3 3 3 3 3 3 3 3 3 3 3 3 3 3 3 3 3 0 
4 4 3 3 3 3 3 3 3 3 3 3 3 3 3 3 3 3 2 2 2 3 2 0 0 
4 4 3 3 3 3 3 3 3 3 3 3 3 3 3 3 3 3 2 2 2 2 2 0 0 
4 4 4 3 3 3 4 3 3 3 3 3 3 2 3 2 2 2 2 2 2 2 0 0 0 
4 4 4 3 4 4 4 4 3 3 3 2 2 2 2 2 2 2 2 2 2 2 0 0 0 
4 4 4 4 4 4 4 3 3 2 2 2 2 2 2 2 2 2 2 2 0 0 0 0 0 
4 4 4 4 4 4 3 3 3 4 2 2 2 2 2 2 2 2 2 2 2 0 0 0 0 
4 4 4 4 4 4 3 4 4 4 2 2 2 2 2 2 2 2 2 2 0 0 0 0 0 
4 4 4 4 4 4 3 4 4 4 2 2 2 2 2 2 2 2 2 0 0 0 0 0 0 
4 4 4 4 4 4 4 4 4 4 2 2 2 2 2 2 2 2 0 0 0 0 0 0 0 
4 4 4 4 4 4 4 4 4 4 4 4 2 2 2 2 2 2 0 0 0 0 0 0 0 
4 4 4 4 4 4 4 4 4 4 4 2 2 2 2 2 2 0 0 0 0 0 0 0 0 
4 4 4 4 4 4 4 4 4 4 4 4 2 2 2 2 1 1 0 0 0 0 0 0 0 
4 4 4 4 4 4 4 4 4 1 4 1 2 1 2 1 1 1 0 0 0 0 0 0 0 
4 4 4 4 4 4 4 4 4 1 1 1 2 1 1 1 1 1 0 0 0 0 0 0 0 
4 4 4 4 4 4 4 4 1 1 1 1 2 1 1 1 1 1 1 0 0 0 0 0 0 
4 4 4 4 4 4 4 1 1 1 1 1 1 1 1 1 1 1 1 1 0 1 0 0 0 
4 4 4 4 4 4 4 1 1 1 1 1 1 1 1 1 1 1 1 1 1 1 0 0 0 
4 4 4 4 4 4 4 4 1 1 1 1 1 1 1 1 1 1 1 1 1 1 0 0 0 
4 4 4 4 4 4 1 1 1 1 1 1 1 1 1 1 1 1 1 1 1 1 0 0 0 
4 4 4 4 4 4 4 1 1 1 1 1 1 1 1 1 1 1 1 1 1 1 0 0 0 

1.0 1.0 1.0 0.0 0.0 0.0 0.0 0.0 0.0 0.0 0.0 0.0 0.0 0.0 0.0 0.0 0.0 0.0 0.0 0.0 0.0 0.0 0.0 0.0 0.0 
1.0 1.0 0.0 0.0 0.0 0.0 0.0 0.0 0.0 0.0 0.0 0.0 0.0 0.0 0.0 0.0 0.0 0.0 0.0 0.0 0.0 0.0 0.0 0.0 0.0 
1.0 1.0 0.0 0.0 0.0 0.0 0.0 0.0 0.0 0.0 0.0 0.0 0.0 0.0 0.0 0.0 0.0 0.0 0.0 0.0 0.0 0.0 0.0 0.0 0.0 
1.0 1.0 0.0 0.0 0.0 0.0 0.0 0.0 0.0 0.0 0.0 0.0 0.0 0.0 0.0 0.0 0.0 0.0 0.0 0.0 0.0 0.0 0.0 0.0 -2.0 
1.0 1.0 0.0 0.0 0.0 0.0 0.0 0.0 0.0 0.0 0.0 0.0 0.0 0.0 0.0 0.0 0.0 0.0 0.0 0.0 0.0 0.0 0.0 0.0 -2.0 
1.0 1.0 0.0 0.0 0.0 0.0 0.0 0.0 0.0 0.0 0.0 0.0 0.0 0.0 0.0 0.0 0.0 0.0 -1.0 -1.0 -1.0 0.0 -1.0 -2.0 -2.0 
1.0 1.0 0.0 0.0 0.0 0.0 0.0 0.0 0.0 0.0 0.0 0.0 0.0 0.0 0.0 0.0 0.0 0.0 -1.0 -1.0 -1.0 -1.0 -1.0 -2.0 -2.0 
1.0 1.0 1.0 0.0 0.0 0.0 1.0 0.0 0.0 0.0 0.0 0.0 0.0 -1.0 0.0 -1.0 -1.0 -1.0 -1.0 -1.0 -1.0 -1.0 -2.0 -2.0 -2.0 
1.0 1.0 1.0 0.0 1.0 1.0 1.0 1.0 0.0 0.0 0.0 -1.0 -1.0 -1.0 -1.0 -1.0 -1.0 -1.0 -1.0 -1.0 -1.0 -1.0 -2.0 -2.0 -2.0 
1.0 1.0 1.0 1.0 1.0 1.0 1.0 0.0 0.0 -1.0 -1.0 -1.0 -1.0 -1.0 -1.0 -1.0 -1.0 -1.0 -1.0 -1.0 -2.0 -2.0 -2.0 -2.0 -2.0 
1.0 1.0 1.0 1.0 1.0 1.0 0.0 0.0 0.0 1.0 -1.0 -1.0 -1.0 -1.0 -1.0 -1.0 -1.0 -1.0 -1.0 -1.0 -1.0 -2.0 -2.0 -2.0 -2.0 
1.0 1.0 1.0 1.0 1.0 1.0 0.0 1.0 1.0 1.0 -1.0 -1.0 -1.0 -1.0 -1.0 -1.0 -1.0 -1.0 -1.0 -1.0 -2.0 -2.0 -2.0 -2.0 -2.0 
1.0 1.0 1.0 1.0 1.0 1.0 0.0 1.0 1.0 1.0 -1.0 -1.0 -1.0 -1.0 -1.0 -1.0 -1.0 -1.0 -1.0 -2.0 -2.0 -2.0 -2.0 -2.0 -2.0 
1.0 1.0 1.0 1.0 1.0 1.0 1.0 1.0 1.0 1.0 -1.0 -1.0 -1.0 -1.0 -1.0 -1.0 -1.0 -1.0 -2.0 -2.0 -2.0 -2.0 -2.0 -2.0 -2.0 
1.0 1.0 1.0 1.0 1.0 1.0 1.0 1.0 1.0 1.0 1.0 1.0 -1.0 -1.0 -1.0 -1.0 -1.0 -1.0 -2.0 -2.0 -2.0 -2.0 -2.0 -2.0 -2.0 
1.0 1.0 1.0 1.0 1.0 1.0 1.0 1.0 1.0 1.0 1.0 -1.0 -1.0 -1.0 -1.0 -1.0 -1.0 -2.0 -2.0 -2.0 -2.0 -2.0 -2.0 -2.0 -2.0 
1.0 1.0 1.0 1.0 1.0 1.0 1.0 1.0 1.0 1.0 1.0 1.0 -1.0 -1.0 -1.0 -1.0 2.0 2.0 -2.0 -2.0 -2.0 -2.0 -2.0 -2.0 -2.0 
1.0 1.0 1.0 1.0 1.0 1.0 1.0 1.0 1.0 2.0 1.0 2.0 -1.0 2.0 -1.0 2.0 2.0 2.0 -2.0 -2.0 -2.0 -2.0 -2.0 -2.0 -2.0 
1.0 1.0 1.0 1.0 1.0 1.0 1.0 1.0 1.0 2.0 2.0 2.0 -1.0 2.0 2.0 2.0 2.0 2.0 -2.0 -2.0 -2.0 -2.0 -2.0 -2.0 -2.0 
1.0 1.0 1.0 1.0 1.0 1.0 1.0 1.0 2.0 2.0 2.0 2.0 -1.0 2.0 2.0 2.0 2.0 2.0 2.0 -2.0 -2.0 -2.0 -2.0 -2.0 -2.0 
1.0 1.0 1.0 1.0 1.0 1.0 1.0 2.0 2.0 2.0 2.0 2.0 2.0 2.0 2.0 2.0 2.0 2.0 2.0 2.0 -2.0 2.0 -2.0 -2.0 -2.0 
1.0 1.0 1.0 1.0 1.0 1.0 1.0 2.0 2.0 2.0 2.0 2.0 2.0 2.0 2.0 2.0 2.0 2.0 2.0 2.0 2.0 2.0 -2.0 -2.0 -2.0 
1.0 1.0 1.0 1.0 1.0 1.0 1.0 1.0 2.0 2.0 2.0 2.0 2.0 2.0 2.0 2.0 2.0 2.0 2.0 2.0 2.0 2.0 -2.0 -2.0 -2.0 
1.0 1.0 1.0 1.0 1.0 1.0 2.0 2.0 2.0 2.0 2.0 2.0 2.0 2.0 2.0 2.0 2.0 2.0 2.0 2.0 2.0 2.0 -2.0 -2.0 -2.0 
1.0 1.0 1.0 1.0 1.0 1.0 1.0 2.0 2.0 2.0 2.0 2.0 2.0 2.0 2.0 2.0 2.0 2.0 2.0 2.0 2.0 2.0 -2.0 -2.0 -2.0 

1.0 1.0 1.0 2.0 2.0 2.0 2.0 2.0 2.0 2.0 2.0 2.0 2.0 2.0 2.0 2.0 2.0 2.0 2.0 2.0 2.0 2.0 2.0 2.0 2.0 
1.0 1.0 2.0 2.0 2.0 2.0 2.0 2.0 2.0 2.0 2.0 2.0 2.0 2.0 2.0 2.0 2.0 2.0 2.0 2.0 2.0 2.0 2.0 2.0 2.0 
1.0 1.0 2.0 2.0 2.0 2.0 2.0 2.0 2.0 2.0 2.0 2.0 2.0 2.0 2.0 2.0 2.0 2.0 2.0 2.0 2.0 2.0 2.0 2.0 2.0 
1.0 1.0 2.0 2.0 2.0 2.0 2.0 2.0 2.0 2.0 2.0 2.0 2.0 2.0 2.0 2.0 2.0 2.0 2.0 2.0 2.0 2.0 2.0 2.0 -2.0 
1.0 1.0 2.0 2.0 2.0 2.0 2.0 2.0 2.0 2.0 2.0 2.0 2.0 2.0 2.0 2.0 2.0 2.0 2.0 2.0 2.0 2.0 2.0 2.0 -2.0 
1.0 1.0 2.0 2.0 2.0 2.0 2.0 2.0 2.0 2.0 2.0 2.0 2.0 2.0 2.0 2.0 2.0 2.0 0.0 0.0 0.0 2.0 0.0 -2.0 -2.0 
1.0 1.0 2.0 2.0 2.0 2.0 2.0 2.0 2.0 2.0 2.0 2.0 2.0 2.0 2.0 2.0 2.0 2.0 0.0 0.0 0.0 0.0 0.0 -2.0 -2.0 
1.0 1.0 1.0 2.0 2.0 2.0 1.0 2.0 2.0 2.0 2.0 2.0 2.0 0.0 2.0 0.0 0.0 0.0 0.0 0.0 0.0 0.0 -2.0 -2.0 -2.0 
1.0 1.0 1.0 2.0 1.0 1.0 1.0 1.0 2.0 2.0 2.0 0.0 0.0 0.0 0.0 0.0 0.0 0.0 0.0 0.0 0.0 0.0 -2.0 -2.0 -2.0 
1.0 1.0 1.0 1.0 1.0 1.0 1.0 2.0 2.0 0.0 0.0 0.0 0.0 0.0 0.0 0.0 0.0 0.0 0.0 0.0 -2.0 -2.0 -2.0 -2.0 -2.0 
1.0 1.0 1.0 1.0 1.0 1.0 2.0 2.0 2.0 1.0 0.0 0.0 0.0 0.0 0.0 0.0 0.0 0.0 0.0 0.0 0.0 -2.0 -2.0 -2.0 -2.0 
1.0 1.0 1.0 1.0 1.0 1.0 2.0 1.0 1.0 1.0 0.0 0.0 0.0 0.0 0.0 0.0 0.0 0.0 0.0 0.0 -2.0 -2.0 -2.0 -2.0 -2.0 
1.0 1.0 1.0 1.0 1.0 1.0 2.0 1.0 1.0 1.0 0.0 0.0 0.0 0.0 0.0 0.0 0.0 0.0 0.0 -2.0 -2.0 -2.0 -2.0 -2.0 -2.0 
1.0 1.0 1.0 1.0 1.0 1.0 1.0 1.0 1.0 1.0 0.0 0.0 0.0 0.0 0.0 0.0 0.0 0.0 -2.0 -2.0 -2.0 -2.0 -2.0 -2.0 -2.0 
1.0 1.0 1.0 1.0 1.0 1.0 1.0 1.0 1.0 1.0 1.0 1.0 0.0 0.0 0.0 0.0 0.0 0.0 -2.0 -2.0 -2.0 -2.0 -2.0 -2.0 -2.0 
1.0 1.0 1.0 1.0 1.0 1.0 1.0 1.0 1.0 1.0 1.0 0.0 0.0 0.0 0.0 0.0 0.0 -2.0 -2.0 -2.0 -2.0 -2.0 -2.0 -2.0 -2.0 
1.0 1.0 1.0 1.0 1.0 1.0 1.0 1.0 1.0 1.0 1.0 1.0 0.0 0.0 0.0 0.0 -1.0 -1.0 -2.0 -2.0 -2.0 -2.0 -2.0 -2.0 -2.0 
1.0 1.0 1.0 1.0 1.0 1.0 1.0 1.0 1.0 -1.0 1.0 -1.0 0.0 -1.0 0.0 -1.0 -1.0 -1.0 -2.0 -2.0 -2.0 -2.0 -2.0 -2.0 -2.0 
1.0 1.0 1.0 1.0 1.0 1.0 1.0 1.0 1.0 -1.0 -1.0 -1.0 0.0 -1.0 -1.0 -1.0 -1.0 -1.0 -2.0 -2.0 -2.0 -2.0 -2.0 -2.0 -2.0 
1.0 1.0 1.0 1.0 1.0 1.0 1.0 1.0 -1.0 -1.0 -1.0 -1.0 0.0 -1.0 -1.0 -1.0 -1.0 -1.0 -1.0 -2.0 -2.0 -2.0 -2.0 -2.0 -2.0 
1.0 1.0 1.0 1.0 1.0 1.0 1.0 -1.0 -1.0 -1.0 -1.0 -1.0 -1.0 -1.0 -1.0 -1.0 -1.0 -1.0 -1.0 -1.0 -2.0 -1.0 -2.0 -2.0 -2.0 
1.0 1.0 1.0 1.0 1.0 1.0 1.0 -1.0 -1.0 -1.0 -1.0 -1.0 -1.0 -1.0 -1.0 -1.0 -1.0 -1.0 -1.0 -1.0 -1.0 -1.0 -2.0 -2.0 -2.0 
1.0 1.0 1.0 1.0 1.0 1.0 1.0 1.0 -1.0 -1.0 -1.0 -1.0 -1.0 -1.0 -1.0 -1.0 -1.0 -1.0 -1.0 -1.0 -1.0 -1.0 -2.0 -2.0 -2.0 
1.0 1.0 1.0 1.0 1.0 1.0 -1.0 -1.0 -1.0 -1.0 -1.0 -1.0 -1.0 -1.0 -1.0 -1.0 -1.0 -1.0 -1.0 -1.0 -1.0 -1.0 -2.0 -2.0 -2.0 
1.0 1.0 1.0 1.0 1.0 1.0 1.0 -1.0 -1.0 -1.0 -1.0 -1.0 -1.0 -1.0 -1.0 -1.0 -1.0 -1.0 -1.0 -1.0 -1.0 -1.0 -2.0 -2.0 -2.0 

