0.401271 0.882203 0.924209 0.607519 0.603040 0.385197 0.753843 0.071357 0.150408 0.220357 0.492222 0.108699 0.777431 0.890858 0.859886 0.280832 0.824972 0.017298 0.634024 0.960216 0.426829 0.653300 0.299393 0.873894 0.638170 
0.268807 0.428622 0.161163 0.606477 0.259365 0.656595 0.684917 0.212729 0.305313 0.687349 0.099922 0.608961 0.050329 0.010055 0.453087 0.668497 0.453209 0.311900 0.603174 0.960585 0.327449 0.637154 0.168743 0.707032 0.541218 
0.500615 0.796513 0.480273 0.043237 0.093700 0.404815 0.561431 0.515743 0.745279 0.950622 0.606942 0.141981 0.969938 0.680915 0.502390 0.531590 0.811605 0.377789 0.594970 0.769236 0.637317 0.947107 0.545843 0.162632 0.866856 
0.761562 0.182067 0.421937 0.241040 0.145086 0.037888 0.185847 0.650339 0.415307 0.099173 0.061553 0.656038 0.946115 0.422794 0.772828 0.809516 0.010902 0.858948 0.360918 0.532852 0.570223 0.801718 0.637415 0.725274 0.095565 
0.687664 0.490136 0.911624 0.292139 0.388814 0.214138 0.657222 0.757542 0.225372 0.792776 0.731941 0.596891 0.802467 0.283197 0.661607 0.823162 0.921683 0.964631 0.172533 0.658602 0.369883 0.191226 0.966471 0.362622 0.316049 
0.876264 0.487459 0.314880 0.882488 0.126808 0.639804 0.090741 0.307532 0.924276 0.218172 0.480266 0.544882 0.273487 0.928777 0.877091 0.842481 0.194439 0.839537 0.098232 0.702451 0.595791 0.033291 0.640657 0.592723 0.483350 
0.119162 0.284849 0.024753 0.798073 0.359668 0.567172 0.542257 0.731008 0.108720 0.525937 0.653007 0.015304 0.153375 0.391477 0.965511 0.415765 0.618113 0.191476 0.617586 0.837007 0.916564 0.680996 0.531653 0.347725 0.402341 
0.341319 0.358936 0.128659 0.049134 0.860007 0.550947 0.043738 0.781848 0.020846 0.915214 0.940998 0.629323 0.410675 0.070911 0.394555 0.313367 0.473455 0.384569 0.489631 0.856354 0.789464 0.120659 0.652422 0.959193 0.865988 
0.680199 0.899814 0.924053 0.559689 0.233514 0.754070 0.622581 0.496318 0.143176 0.620245 0.426713 0.964248 0.581767 0.827938 0.253992 0.467759 0.760268 0.785723 0.366901 0.082525 0.716005 0.805446 0.454705 0.605165 0.978874 
0.075349 0.817949 0.009506 0.569211 0.950405 0.796007 0.937467 0.397724 0.031724 0.725161 0.215478 0.258987 0.833503 0.125143 0.325022 0.087393 0.136815 0.355205 0.174807 0.755508 0.970313 0.651440 0.339192 0.712944 0.186522 
0.935031 0.480578 0.572153 0.655418 0.934177 0.299165 0.516775 0.931682 0.377267 0.503387 0.119066 0.732453 0.828615 0.490880 0.182295 0.167838 0.948254 0.969331 0.607178 0.910179 0.449548 0.737525 0.854843 0.397002 0.521543 
0.671166 0.079575 0.681588 0.537657 0.481586 0.257761 0.557541 0.692742 0.781670 0.469388 0.582916 0.806038 0.187410 0.089139 0.705830 0.414334 0.497138 0.736465 0.088080 0.756289 0.947767 0.102777 0.648310 0.067972 0.412750 
0.946621 0.399779 0.108092 0.475117 0.954593 0.373164 0.158448 0.233764 0.862639 0.183995 0.507184 0.175478 0.432253 0.738714 0.890321 0.304657 0.812125 0.580524 0.456727 0.447705 0.783399 0.454853 0.925807 0.789625 0.277374 
0.294445 0.078898 0.110087 0.422351 0.609370 0.224046 0.829196 0.209211 0.268853 0.990990 0.163330 0.348774 0.211307 0.576665 0.489020 0.793048 0.494804 0.653649 0.069953 0.282733 0.256598 0.723253 0.759846 0.930872 0.401363 
0.392469 0.481088 0.769044 0.284547 0.169070 0.673758 0.520231 0.016383 0.041717 0.352207 0.572814 0.437953 0.046400 0.010888 0.352556 0.819654 0.796576 0.196841 0.868127 0.747672 0.112579 0.783251 0.646636 0.655556 0.711362 
0.063707 0.485090 0.237868 0.865872 0.363907 0.890627 0.617797 0.747006 0.098011 0.607729 0.890091 0.631973 0.237208 0.661226 0.021278 0.116613 0.244418 0.900299 0.678210 0.508336 0.999227 0.064424 0.492381 0.025850 0.094739 
0.119325 0.017805 0.952137 0.793075 0.393998 0.925833 0.295340 0.319536 0.055682 0.813582 0.242470 0.269316 0.437709 0.447923 0.044842 0.430143 0.263779 0.594838 0.693087 0.909661 0.487009 0.893876 0.195095 0.544412 0.673332 
0.524399 0.347537 0.523792 0.663191 0.160840 0.953789 0.939950 0.871431 0.201475 0.235893 0.512384 0.108704 0.200189 0.633397 0.986760 0.935469 0.211389 0.407070 0.979636 0.461254 0.591353 0.207559 0.899549 0.627628 0.307721 
0.837608 0.870940 0.813334 0.232796 0.659581 0.388436 0.072314 0.457650 0.956050 0.353351 0.757688 0.739654 0.602421 0.852413 0.073244 0.207551 0.998307 0.645460 0.239438 0.476238 0.083415 0.973311 0.752630 0.688978 0.419533 
0.260565 0.958414 0.721055 0.344752 0.826509 0.904929 0.051746 0.957642 0.856184 0.262486 0.352376 0.583626 0.097160 0.737019 0.140282 0.281372 0.249977 0.718221 0.990794 0.819918 0.042763 0.841916 0.738145 0.039270 0.021919 
0.405570 0.055232 0.299470 0.861687 0.881538 0.870426 0.169457 0.595485 0.942829 0.197015 0.215919 0.689301 0.649845 0.468190 0.825304 0.366454 0.868534 0.991658 0.365085 0.842392 0.604083 0.884406 0.823722 0.689578 0.166674 
0.910534 0.759557 0.726081 0.540760 0.779280 0.678040 0.340550 0.611246 0.322094 0.127769 0.772767 0.948332 0.101761 0.846517 0.880088 0.692119 0.146113 0.818674 0.012937 0.788309 0.677917 0.649432 0.189146 0.729061 0.033504 
0.782613 0.982054 0.435833 0.243055 0.703089 0.814228 0.228147 0.231090 0.615004 0.794828 0.021360 0.958786 0.241536 0.715243 0.939261 0.134681 0.425171 0.034226 0.193083 0.414957 0.761239 0.445988 0.250406 0.605643 0.679859 
0.835638 0.777414 0.419298 0.680075 0.260058 0.109506 0.639847 0.094020 0.252261 0.473861 0.803034 0.271770 0.878042 0.691315 0.940149 0.636122 0.642255 0.988787 0.241381 0.232132 0.710856 0.803417 0.396716 0.473134 0.846018 
0.249169 0.803565 0.181492 0.649073 0.752676 0.720174 0.393808 0.463261 0.820570 0.135100 0.580509 0.015850 0.575796 0.050071 0.921038 0.479429 0.756077 0.052019 0.142616 0.895714 0.555381 0.022468 0.674950 0.103114 0.534962 

0.970586 0.034508 0.824800 0.309027 0.852827 0.866475 0.635025 0.108812 0.394720 0.284537 0.005646 0.380025 0.648299 0.987581 0.111498 0.288056 0.434006 0.469874 0.795066 0.525047 0.573179 0.977094 0.563451 0.577524 0.211870 
0.679203 0.803294 0.246166 0.662649 0.835973 0.317625 0.177143 0.926850 0.291945 0.207205 0.082086 0.521516 0.689297 0.467810 0.235204 0.226342 0.089688 0.123758 0.233859 0.278989 0.925530 0.089252 0.820547 0.932793 0.086500 
0.204872 0.762559 0.523623 0.716037 0.055246 0.234171 0.888873 0.245192 0.261073 0.179037 0.098949 0.604053 0.828520 0.430544 0.564738 0.606202 0.164421 0.780092 0.808420 0.534080 0.440538 0.022923 0.436791 0.718736 0.252155 
0.811902 0.479183 0.787193 0.221184 0.860774 0.785926 0.685581 0.353789 0.814211 0.219485 0.419695 0.767923 0.476030 0.425360 0.489445 0.283195 0.421076 0.152229 0.118232 0.354721 0.118023 0.896543 0.190157 0.345857 0.701128 
0.603384 0.913019 0.017669 0.205888 0.306494 0.315274 0.675609 0.408584 0.633314 0.145764 0.705255 0.382807 0.351283 0.316394 0.390177 0.377736 0.121076 0.338294 0.292177 0.247317 0.508823 0.407030 0.994388 0.742311 0.989353 
0.247405 0.623653 0.358367 0.883242 0.720417 0.178396 0.000169 0.954773 0.018221 0.407416 0.570241 0.791024 0.872454 0.653885 0.489923 0.607421 0.055931 0.004193 0.498737 0.412876 0.320826 0.434360 0.321934 0.878746 0.203029 
0.057992 0.537659 0.977738 0.240324 0.527174 0.852423 0.711586 0.879869 0.796929 0.616468 0.606655 0.891746 0.819202 0.959631 0.701511 0.896342 0.526087 0.098723 0.950546 0.914814 0.615127 0.023544 0.663055 0.194697 0.544206 
0.994467 0.455919 0.560036 0.307070 0.393902 0.827160 0.194374 0.673479 0.326225 0.050582 0.487165 0.421877 0.184842 0.128127 0.304901 0.308542 0.289266 0.153134 0.897373 0.171589 0.817912 0.321786 0.930825 0.866190 0.893722 
0.877164 0.529463 0.295992 0.828074 0.145898 0.574047 0.198950 0.125359 0.733454 0.382447 0.555251 0.803094 0.332016 0.687960 0.473186 0.669465 0.565031 0.409021 0.520249 0.640744 0.668726 0.321020 0.231873 0.317602 0.022000 
0.300473 0.217382 0.093887 0.091264 0.908224 0.303619 0.863422 0.995450 0.659971 0.578585 0.620571 0.357672 0.713930 0.582354 0.789456 0.989303 0.584448 0.670699 0.338388 0.629301 0.439738 0.454353 0.171548 0.711070 0.248475 
0.832329 0.378624 0.155590 0.983547 0.205928 0.558072 0.387309 0.850928 0.074839 0.971344 0.235369 0.784385 0.572161 0.477272 0.959183 0.429869 0.634973 0.202473 0.725174 0.174186 0.429304 0.158066 0.817958 0.095669 0.007367 
0.449592 0.681228 0.319979 0.774184 0.686709 0.233262 0.281978 0.449388 0.552003 0.625870 0.356850 0.245854 0.408796 0.284214 0.690622 0.927982 0.441256 0.726024 0.205178 0.287053 0.443634 0.618932 0.325747 0.359710 0.238482 
0.332133 0.081003 0.292263 0.129322 0.835866 0.456491 0.907701 0.221525 0.943455 0.557365 0.427162 0.462360 0.394883 0.127983 0.774197 0.733138 0.096088 0.324192 0.039035 0.158170 0.047316 0.815862 0.650854 0.870450 0.685347 
0.716937 0.023691 0.836524 0.847279 0.940715 0.154812 0.621376 0.763476 0.412066 0.592408 0.590271 0.329853 0.588853 0.011114 0.817045 0.338444 0.492040 0.084384 0.739507 0.897188 0.620110 0.756883 0.956490 0.359326 0.855925 
0.693212 0.000800 0.045862 0.685083 0.911618 0.517237 0.232110 0.006339 0.510823 0.410163 0.393033 0.217808 0.602909 0.777179 0.500904 0.369191 0.840702 0.843937 0.911603 0.878368 0.070476 0.000289 0.241549 0.067199 0.321838 
0.132070 0.795485 0.727541 0.246750 0.590056 0.201035 0.957110 0.307893 0.993296 0.601370 0.777408 0.159073 0.614417 0.715146 0.012354 0.531862 0.635176 0.631008 0.172362 0.665083 0.907284 0.761817 0.634486 0.174198 0.125483 
0.736110 0.688959 0.773785 0.444527 0.822664 0.043024 0.004592 0.468960 0.608083 0.760877 0.768484 0.966664 0.157677 0.469235 0.347288 0.013346 0.868558 0.528188 0.508718 0.187787 0.790399 0.136978 0.800209 0.305293 0.691183 
0.164991 0.768092 0.045971 0.298517 0.575362 0.873989 0.011306 0.932979 0.863745 0.846730 0.847807 0.028488 0.270937 0.056168 0.047165 0.303089 0.207930 0.575768 0.850955 0.971774 0.323217 0.770669 0.061305 0.432042 0.389718 
0.924234 0.864638 0.366762 0.882294 0.857454 0.429480 0.080796 0.343052 0.206599 0.210762 0.577430 0.501810 0.712366 0.660198 0.330550 0.761754 0.819372 0.950443 0.578013 0.766659 0.288807 0.906706 0.665214 0.926854 0.795680 
0.969229 0.047583 0.937867 0.209981 0.454874 0.333525 0.206834 0.529991 0.681120 0.759555 0.258299 0.276800 0.607964 0.503191 0.361993 0.283247 0.755148 0.514595 0.649581 0.810127 0.032721 0.082953 0.030730 0.030467 0.117932 
0.346749 0.521331 0.204634 0.879809 0.690279 0.531802 0.050607 0.766175 0.219142 0.680505 0.137488 0.510388 0.975569 0.372035 0.314952 0.203763 0.586731 0.787731 0.489746 0.929723 0.485687 0.069949 0.375330 0.902915 0.625873 
0.952242 0.154709 0.284159 0.034001 0.695869 0.486910 0.068757 0.272161 0.522209 0.835233 0.497825 0.483179 0.003567 0.531187 0.180120 0.850526 0.138663 0.858694 0.706517 0.013346 0.599835 0.355327 0.468087 0.519166 0.816781 
0.630642 0.083660 0.211708 0.160122 0.807060 0.608240 0.392186 0.775074 0.578310 0.227614 0.018403 0.638544 0.237585 0.144653 0.196220 0.940543 0.156585 0.502560 0.620957 0.953056 0.620489 0.509245 0.469333 0.675363 0.282465 
0.364805 0.012567 0.191353 0.236429 0.251145 0.588440 0.457648 0.445313 0.791117 0.326262 0.133968 0.898242 0.147309 0.881991 0.362343 0.898279 0.351739 0.641892 0.300452 0.746024 0.632611 0.038796 0.411184 0.644012 0.865176 
0.766916 0.839424 0.649857 0.786594 0.072327 0.820752 0.667763 0.344515 0.458377 0.093316 0.439225 0.302238 0.185357 0.371667 0.046207 0.627955 0.100896 0.935188 0.576632 0.724679 0.765086 0.662348 0.503687 0.295429 0.434383 

-2.119600 -1.327060 -2.375275 1.099972 2.658476 2.232726 -1.450210 -0.200456 -0.443249 -0.239293 -0.530187 -0.358766 -1.753855 -2.781186 -1.319722 -1.066025 -1.737755 -1.035302 -2.655643 -2.204991 -1.814936 -2.502155 -1.658511 -2.019482 -0.969189 
-0.882153 -1.839211 -0.604340 2.208637 2.599461 1.623908 1.265784 -1.917369 -1.096115 -0.765686 -0.872007 -1.268748 -2.073160 -0.604225 -0.783508 -1.182588 -0.732957 -0.468402 -0.720000 -1.694063 -2.521647 -1.086476 -1.564994 -2.817052 -0.392306 
-1.368678 -2.203914 -1.640852 -1.069579 0.391776 0.800622 2.358033 -1.156706 -0.768414 -1.372433 -0.755451 -1.484570 -2.268598 -1.461736 -1.846604 -1.606733 -1.181366 -2.028459 -2.238009 -1.848809 -1.315965 -1.141979 -1.169127 -1.820273 -1.366507 
-2.425371 -0.957500 -1.431558 0.714944 1.940953 1.287756 -1.377627 -1.302621 -2.761465 0.739916 -1.032662 -2.490073 -1.400242 -1.386530 -1.850574 -1.413353 -0.569415 -1.548292 -0.140638 -1.446578 -0.811127 -3.041083 -1.727235 -1.883046 -1.357600 
-1.658585 -1.455460 -1.614604 -0.696692 -1.236637 1.053095 2.457861 1.544472 -1.260802 1.500409 -2.008115 -1.525280 -0.977792 -1.216863 -1.069080 -1.962744 -1.385879 -1.837205 -0.473340 -0.633316 -1.583669 -0.969693 -2.447557 -1.972029 -1.685951 
-1.895106 -1.617261 -1.183248 -2.440753 -1.098006 0.562034 -0.011369 2.102704 0.506768 0.502637 1.370635 2.180229 -2.252390 -2.283512 -1.978045 -2.074259 -0.233643 -1.220203 -1.104376 -1.547817 -1.259179 -0.554881 0.952700 -2.049155 -0.810059 
-0.567407 -1.423496 -1.132025 -2.057842 -1.344195 1.938004 2.225745 2.326171 1.858512 1.720640 1.516569 1.489074 -2.199406 -2.240596 -2.387983 -2.823593 -1.521759 0.147689 -2.492480 -2.970929 -1.881698 -1.455380 1.100050 -0.724098 -1.888708 
-1.832034 -1.367266 -0.959007 -0.653256 -2.001928 1.890786 0.553574 1.880684 1.160863 0.796634 1.836374 1.194500 1.005311 -0.073623 -0.463803 1.413011 -0.591099 0.767824 0.572581 0.738379 0.578283 0.369488 1.128244 1.979207 -3.080270 
-2.611125 -2.002899 -2.413730 -1.561779 -0.210214 -2.099263 -0.853640 0.957363 1.594806 1.281715 1.818026 2.162942 2.003524 1.991058 1.549331 1.666711 0.278375 0.434973 0.320089 0.319450 1.421783 1.516103 0.799594 1.884401 1.765207 
-0.525356 -1.923089 -0.584235 -1.224328 -2.724631 -1.968051 -2.769323 2.411181 1.651879 1.968559 1.806761 0.967926 2.398980 1.488237 1.861681 0.988463 0.679886 0.692957 -0.044958 0.780666 0.230159 1.748694 0.236728 0.971561 0.257372 
-3.136919 -1.460679 -0.957310 -2.407895 -1.521613 -1.353299 -1.460418 -2.912904 0.229478 1.966652 0.921956 2.109671 1.835914 0.249713 1.814895 0.557327 0.306143 -0.244241 1.074585 -0.343509 1.019845 1.002881 1.738871 0.177328 1.402631 
-2.301941 -0.872081 -1.370168 -2.188883 -1.358909 -0.686294 -1.527448 -1.912186 1.929963 1.801162 1.033106 1.509303 0.247767 0.092621 0.736918 1.165586 0.258160 0.941704 0.256748 1.971331 2.259592 0.018174 0.606305 -0.265609 1.471474 
-2.569397 -0.916119 -0.698285 -0.794844 -2.882442 -0.570212 -1.375597 -0.811822 3.062738 1.726050 1.478363 0.092885 0.107317 0.219573 0.706411 1.040426 0.015914 0.486520 0.278169 1.465662 0.998840 1.163846 1.786789 0.918121 1.145413 
-1.734235 -0.426178 -1.268729 -1.854894 -2.160222 -0.826239 2.103758 1.423064 1.597680 2.091725 0.683653 0.574472 0.651072 -0.090013 1.215448 0.464326 0.521164 0.109856 0.659704 0.740151 0.148904 1.444694 1.277153 1.941619 0.480838 
-1.360934 -0.791533 -1.495382 -1.384877 -1.521403 1.340827 1.263419 0.498122 0.864845 1.102365 1.044417 0.190156 0.765025 0.929423 0.650043 0.020831 0.708083 0.656176 0.717267 0.508227 0.231598 1.647115 1.566069 1.730480 1.489909 
-0.113006 -1.662075 -1.333084 -2.022375 -0.720829 1.498926 3.042410 1.007737 2.297853 1.904985 0.718742 0.410713 0.593896 -0.033590 0.336374 0.088621 0.899954 0.967802 0.176804 1.197959 2.373977 0.339248 0.786660 0.598484 0.458220 
-0.667733 -1.048143 -2.713449 -1.964045 -0.924792 0.908421 0.524260 1.770195 1.509532 2.447713 0.503332 0.761948 0.485408 0.897150 0.062877 0.054152 1.495843 0.829317 1.343838 2.152966 0.811414 1.533925 0.268714 1.176814 1.894755 
-1.224384 -1.420713 -1.200608 -1.554970 -1.197669 -2.586498 0.489626 2.268841 1.577387 1.423122 2.221352 -0.297341 0.123726 0.392677 0.297707 0.255585 0.260639 0.715956 2.103077 1.205353 0.900299 0.181684 1.557987 1.156253 0.666231 
-2.549419 -2.754180 -2.126336 -1.722627 -1.738681 -0.623384 0.452339 1.215465 1.028532 0.476496 0.966313 0.548122 0.898288 0.379025 0.345995 0.597910 1.714063 0.947090 0.716040 1.071175 0.388909 1.888620 1.580750 1.083524 0.842293 
-1.568859 -2.160758 -2.253855 -0.626750 -1.901774 -2.010935 0.526620 2.200977 2.224889 0.548781 0.111634 0.683272 0.245680 0.506708 0.498964 0.501467 0.192537 1.594225 2.118943 1.484175 0.159117 1.832255 1.676810 0.065323 -0.731904 
-1.078698 -1.010143 -0.403690 -2.982256 -2.314897 -2.241037 -0.322729 2.028527 0.887019 1.382935 0.144902 0.553195 0.944966 0.201781 1.301567 0.638011 2.243265 1.761042 0.977954 1.765702 1.235588 1.681921 1.940976 1.703822 0.100986 
-2.752897 -1.881042 -1.172681 -1.620983 -2.143956 -1.690364 0.436896 1.266404 1.241032 2.434672 0.696932 0.671421 0.347690 0.686879 2.010943 1.166792 0.187551 1.861993 -0.506933 1.173279 1.398199 1.488343 0.509390 1.680135 0.489994 
-2.190142 -2.163865 -1.233600 -0.608280 -2.374328 2.433634 1.180144 2.210362 0.466698 -0.239580 -0.378440 0.294563 0.144316 0.560328 0.413795 0.248259 0.600398 0.138765 0.080910 0.735027 1.255708 0.710793 0.812835 0.615233 1.235768 
-1.735410 -2.038265 -1.321973 -1.690935 -0.341738 1.392574 1.750116 0.212400 1.026956 0.185730 0.011801 0.567991 0.139241 1.519290 0.415388 1.498541 1.411280 2.073750 0.797399 0.533989 1.955478 1.950779 0.943864 0.698669 2.388175 
-1.749443 -2.776837 -0.942689 -2.435369 -1.390338 2.611353 2.144533 1.491172 0.088849 0.632153 0.038641 -0.048908 -0.119328 0.571027 -0.017458 0.555957 0.229063 -0.185877 0.196905 1.566802 0.422080 0.045141 1.322059 0.100185 1.113663 

1 1 1 2 2 2 0 0 0 0 0 0 0 0 0 0 0 0 0 0 0 0 0 0 0 
1 1 1 2 2 2 2 0 0 0 0 0 0 0 0 0 0 0 0 0 0 0 0 0 0 
1 1 1 1 2 2 2 0 0 0 0 0 0 0 0 0 0 0 0 0 0 0 0 0 0 
1 1 1 2 2 2 0 0 0 2 0 0 0 0 0 0 0 0 0 0 0 0 0 0 0 
1 1 1 1 1 2 2 2 0 2 0 0 0 0 0 0 0 0 0 0 0 0 0 0 0 
1 1 1 1 1 2 2 2 2 2 2 2 0 0 0 0 0 0 0 0 0 0 3 0 0 
1 1 1 1 1 2 2 2 2 2 2 2 0 0 0 0 0 0 0 0 0 0 3 0 0 
1 1 1 1 1 2 2 2 2 2 2 2 2 0 0 2 4 4 4 4 4 3 3 3 0 
1 1 1 1 1 1 1 2 2 2 2 2 2 2 2 2 4 4 4 4 3 3 3 3 3 
1 1 1 1 1 1 1 2 2 2 2 2 2 2 2 4 4 4 4 4 4 3 3 3 3 
1 1 1 1 1 1 1 1 2 2 2 2 2 4 4 4 4 4 4 4 3 3 3 3 3 
1 1 1 1 1 1 1 1 2 2 2 2 4 4 4 4 4 4 4 3 3 3 3 3 3 
1 1 1 1 1 1 1 1 2 2 2 4 4 4 4 4 4 4 4 3 3 3 3 3 3 
1 1 1 1 1 1 2 2 2 2 2 4 4 4 4 4 4 4 4 3 3 3 3 3 3 
1 1 1 1 1 2 2 2 2 2 2 4 4 4 4 4 4 4 4 4 3 3 3 3 3 
1 1 1 1 1 2 2 2 2 2 4 4 4 4 4 4 4 4 4 3 3 3 3 3 3 
1 1 1 1 1 2 2 2 2 2 4 4 4 4 4 4 4 4 3 3 3 3 3 3 3 
1 1 1 1 1 1 2 2 2 2 2 4 4 4 4 4 4 4 3 3 3 3 3 3 3 
1 1 1 1 1 1 2 2 2 2 4 4 4 4 4 4 3 3 3 3 3 3 3 3 3 
1 1 1 1 1 1 2 2 2 4 4 4 4 4 4 3 3 3 3 3 3 3 3 3 3 
1 1 1 1 1 1 2 2 2 2 4 4 4 4 3 3 3 3 3 3 3 3 3 3 3 
1 1 1 1 1 1 2 2 2 2 4 4 4 4 3 3 3 3 3 3 3 3 3 3 3 
1 1 1 1 1 2 2 2 4 4 4 4 4 4 4 3 3 3 3 3 3 3 3 3 3 
1 1 1 1 1 2 2 4 4 4 4 4 4 4 4 4 3 3 3 3 3 3 3 3 3 
1 1 1 1 1 2 2 2 4 4 4 4 4 4 4 4 4 3 3 3 3 3 3 3 3 

-2.0 -2.0 -2.0 1.0 1.0 1.0 -1.0 -1.0 -1.0 -1.0 -1.0 -1.0 -1.0 -1.0 -1.0 -1.0 -1.0 -1.0 -1.0 -1.0 -1.0 -1.0 -1.0 -1.0 -1.0 
-2.0 -2.0 -2.0 1.0 1.0 1.0 1.0 -1.0 -1.0 -1.0 -1.0 -1.0 -1.0 -1.0 -1.0 -1.0 -1.0 -1.0 -1.0 -1.0 -1.0 -1.0 -1.0 -1.0 -1.0 
-2.0 -2.0 -2.0 -2.0 1.0 1.0 1.0 -1.0 -1.0 -1.0 -1.0 -1.0 -1.0 -1.0 -1.0 -1.0 -1.0 -1.0 -1.0 -1.0 -1.0 -1.0 -1.0 -1.0 -1.0 
-2.0 -2.0 -2.0 1.0 1.0 1.0 -1.0 -1.0 -1.0 1.0 -1.0 -1.0 -1.0 -1.0 -1.0 -1.0 -1.0 -1.0 -1.0 -1.0 -1.0 -1.0 -1.0 -1.0 -1.0 
-2.0 -2.0 -2.0 -2.0 -2.0 1.0 1.0 1.0 -1.0 1.0 -1.0 -1.0 -1.0 -1.0 -1.0 -1.0 -1.0 -1.0 -1.0 -1.0 -1.0 -1.0 -1.0 -1.0 -1.0 
-2.0 -2.0 -2.0 -2.0 -2.0 1.0 1.0 1.0 1.0 1.0 1.0 1.0 -1.0 -1.0 -1.0 -1.0 -1.0 -1.0 -1.0 -1.0 -1.0 -1.0 2.0 -1.0 -1.0 
-2.0 -2.0 -2.0 -2.0 -2.0 1.0 1.0 1.0 1.0 1.0 1.0 1.0 -1.0 -1.0 -1.0 -1.0 -1.0 -1.0 -1.0 -1.0 -1.0 -1.0 2.0 -1.0 -1.0 
-2.0 -2.0 -2.0 -2.0 -2.0 1.0 1.0 1.0 1.0 1.0 1.0 1.0 1.0 -1.0 -1.0 1.0 0.0 0.0 0.0 0.0 0.0 2.0 2.0 2.0 -1.0 
-2.0 -2.0 -2.0 -2.0 -2.0 -2.0 -2.0 1.0 1.0 1.0 1.0 1.0 1.0 1.0 1.0 1.0 0.0 0.0 0.0 0.0 2.0 2.0 2.0 2.0 2.0 
-2.0 -2.0 -2.0 -2.0 -2.0 -2.0 -2.0 1.0 1.0 1.0 1.0 1.0 1.0 1.0 1.0 0.0 0.0 0.0 0.0 0.0 0.0 2.0 2.0 2.0 2.0 
-2.0 -2.0 -2.0 -2.0 -2.0 -2.0 -2.0 -2.0 1.0 1.0 1.0 1.0 1.0 0.0 0.0 0.0 0.0 0.0 0.0 0.0 2.0 2.0 2.0 2.0 2.0 
-2.0 -2.0 -2.0 -2.0 -2.0 -2.0 -2.0 -2.0 1.0 1.0 1.0 1.0 0.0 0.0 0.0 0.0 0.0 0.0 0.0 2.0 2.0 2.0 2.0 2.0 2.0 
-2.0 -2.0 -2.0 -2.0 -2.0 -2.0 -2.0 -2.0 1.0 1.0 1.0 0.0 0.0 0.0 0.0 0.0 0.0 0.0 0.0 2.0 2.0 2.0 2.0 2.0 2.0 
-2.0 -2.0 -2.0 -2.0 -2.0 -2.0 1.0 1.0 1.0 1.0 1.0 0.0 0.0 0.0 0.0 0.0 0.0 0.0 0.0 2.0 2.0 2.0 2.0 2.0 2.0 
-2.0 -2.0 -2.0 -2.0 -2.0 1.0 1.0 1.0 1.0 1.0 1.0 0.0 0.0 0.0 0.0 0.0 0.0 0.0 0.0 0.0 2.0 2.0 2.0 2.0 2.0 
-2.0 -2.0 -2.0 -2.0 -2.0 1.0 1.0 1.0 1.0 1.0 0.0 0.0 0.0 0.0 0.0 0.0 0.0 0.0 0.0 2.0 2.0 2.0 2.0 2.0 2.0 
-2.0 -2.0 -2.0 -2.0 -2.0 1.0 1.0 1.0 1.0 1.0 0.0 0.0 0.0 0.0 0.0 0.0 0.0 0.0 2.0 2.0 2.0 2.0 2.0 2.0 2.0 
-2.0 -2.0 -2.0 -2.0 -2.0 -2.0 1.0 1.0 1.0 1.0 1.0 0.0 0.0 0.0 0.0 0.0 0.0 0.0 2.0 2.0 2.0 2.0 2.0 2.0 2.0 
-2.0 -2.0 -2.0 -2.0 -2.0 -2.0 1.0 1.0 1.0 1.0 0.0 0.0 0.0 0.0 0.0 0.0 2.0 2.0 2.0 2.0 2.0 2.0 2.0 2.0 2.0 
-2.0 -2.0 -2.0 -2.0 -2.0 -2.0 1.0 1.0 1.0 0.0 0.0 0.0 0.0 0.0 0.0 2.0 2.0 2.0 2.0 2.0 2.0 2.0 2.0 2.0 2.0 
-2.0 -2.0 -2.0 -2.0 -2.0 -2.0 1.0 1.0 1.0 1.0 0.0 0.0 0.0 0.0 2.0 2.0 2.0 2.0 2.0 2.0 2.0 2.0 2.0 2.0 2.0 
-2.0 -2.0 -2.0 -2.0 -2.0 -2.0 1.0 1.0 1.0 1.0 0.0 0.0 0.0 0.0 2.0 2.0 2.0 2.0 2.0 2.0 2.0 2.0 2.0 2.0 2.0 
-2.0 -2.0 -2.0 -2.0 -2.0 1.0 1.0 1.0 0.0 0.0 0.0 0.0 0.0 0.0 0.0 2.0 2.0 2.0 2.0 2.0 2.0 2.0 2.0 2.0 2.0 
-2.0 -2.0 -2.0 -2.0 -2.0 1.0 1.0 0.0 0.0 0.0 0.0 0.0 0.0 0.0 0.0 0.0 2.0 2.0 2.0 2.0 2.0 2.0 2.0 2.0 2.0 
-2.0 -2.0 -2.0 -2.0 -2.0 1.0 1.0 1.0 0.0 0.0 0.0 0.0 0.0 0.0 0.0 0.0 0.0 2.0 2.0 2.0 2.0 2.0 2.0 2.0 2.0 

-1.0 -1.0 -1.0 2.0 2.0 2.0 -2.0 -2.0 -2.0 -2.0 -2.0 -2.0 -2.0 -2.0 -2.0 -2.0 -2.0 -2.0 -2.0 -2.0 -2.0 -2.0 -2.0 -2.0 -2.0 
-1.0 -1.0 -1.0 2.0 2.0 2.0 2.0 -2.0 -2.0 -2.0 -2.0 -2.0 -2.0 -2.0 -2.0 -2.0 -2.0 -2.0 -2.0 -2.0 -2.0 -2.0 -2.0 -2.0 -2.0 
-1.0 -1.0 -1.0 -1.0 2.0 2.0 2.0 -2.0 -2.0 -2.0 -2.0 -2.0 -2.0 -2.0 -2.0 -2.0 -2.0 -2.0 -2.0 -2.0 -2.0 -2.0 -2.0 -2.0 -2.0 
-1.0 -1.0 -1.0 2.0 2.0 2.0 -2.0 -2.0 -2.0 2.0 -2.0 -2.0 -2.0 -2.0 -2.0 -2.0 -2.0 -2.0 -2.0 -2.0 -2.0 -2.0 -2.0 -2.0 -2.0 
-1.0 -1.0 -1.0 -1.0 -1.0 2.0 2.0 2.0 -2.0 2.0 -2.0 -2.0 -2.0 -2.0 -2.0 -2.0 -2.0 -2.0 -2.0 -2.0 -2.0 -2.0 -2.0 -2.0 -2.0 
-1.0 -1.0 -1.0 -1.0 -1.0 2.0 2.0 2.0 2.0 2.0 2.0 2.0 -2.0 -2.0 -2.0 -2.0 -2.0 -2.0 -2.0 -2.0 -2.0 -2.0 0.0 -2.0 -2.0 
-1.0 -1.0 -1.0 -1.0 -1.0 2.0 2.0 2.0 2.0 2.0 2.0 2.0 -2.0 -2.0 -2.0 -2.0 -2.0 -2.0 -2.0 -2.0 -2.0 -2.0 0.0 -2.0 -2.0 
-1.0 -1.0 -1.0 -1.0 -1.0 2.0 2.0 2.0 2.0 2.0 2.0 2.0 2.0 -2.0 -2.0 2.0 1.0 1.0 1.0 1.0 1.0 0.0 0.0 0.0 -2.0 
-1.0 -1.0 -1.0 -1.0 -1.0 -1.0 -1.0 2.0 2.0 2.0 2.0 2.0 2.0 2.0 2.0 2.0 1.0 1.0 1.0 1.0 0.0 0.0 0.0 0.0 0.0 
-1.0 -1.0 -1.0 -1.0 -1.0 -1.0 -1.0 2.0 2.0 2.0 2.0 2.0 2.0 2.0 2.0 1.0 1.0 1.0 1.0 1.0 1.0 0.0 0.0 0.0 0.0 
-1.0 -1.0 -1.0 -1.0 -1.0 -1.0 -1.0 -1.0 2.0 2.0 2.0 2.0 2.0 1.0 1.0 1.0 1.0 1.0 1.0 1.0 0.0 0.0 0.0 0.0 0.0 
-1.0 -1.0 -1.0 -1.0 -1.0 -1.0 -1.0 -1.0 2.0 2.0 2.0 2.0 1.0 1.0 1.0 1.0 1.0 1.0 1.0 0.0 0.0 0.0 0.0 0.0 0.0 
-1.0 -1.0 -1.0 -1.0 -1.0 -1.0 -1.0 -1.0 2.0 2.0 2.0 1.0 1.0 1.0 1.0 1.0 1.0 1.0 1.0 0.0 0.0 0.0 0.0 0.0 0.0 
-1.0 -1.0 -1.0 -1.0 -1.0 -1.0 2.0 2.0 2.0 2.0 2.0 1.0 1.0 1.0 1.0 1.0 1.0 1.0 1.0 0.0 0.0 0.0 0.0 0.0 0.0 
-1.0 -1.0 -1.0 -1.0 -1.0 2.0 2.0 2.0 2.0 2.0 2.0 1.0 1.0 1.0 1.0 1.0 1.0 1.0 1.0 1.0 0.0 0.0 0.0 0.0 0.0 
-1.0 -1.0 -1.0 -1.0 -1.0 2.0 2.0 2.0 2.0 2.0 1.0 1.0 1.0 1.0 1.0 1.0 1.0 1.0 1.0 0.0 0.0 0.0 0.0 0.0 0.0 
-1.0 -1.0 -1.0 -1.0 -1.0 2.0 2.0 2.0 2.0 2.0 1.0 1.0 1.0 1.0 1.0 1.0 1.0 1.0 0.0 0.0 0.0 0.0 0.0 0.0 0.0 
-1.0 -1.0 -1.0 -1.0 -1.0 -1.0 2.0 2.0 2.0 2.0 2.0 1.0 1.0 1.0 1.0 1.0 1.0 1.0 0.0 0.0 0.0 0.0 0.0 0.0 0.0 
-1.0 -1.0 -1.0 -1.0 -1.0 -1.0 2.0 2.0 2.0 2.0 1.0 1.0 1.0 1.0 1.0 1.0 0.0 0.0 0.0 0.0 0.0 0.0 0.0 0.0 0.0 
-1.0 -1.0 -1.0 -1.0 -1.0 -1.0 2.0 2.0 2.0 1.0 1.0 1.0 1.0 1.0 1.0 0.0 0.0 0.0 0.0 0.0 0.0 0.0 0.0 0.0 0.0 
-1.0 -1.0 -1.0 -1.0 -1.0 -1.0 2.0 2.0 2.0 2.0 1.0 1.0 1.0 1.0 0.0 0.0 0.0 0.0 0.0 0.0 0.0 0.0 0.0 0.0 0.0 
-1.0 -1.0 -1.0 -1.0 -1.0 -1.0 2.0 2.0 2.0 2.0 1.0 1.0 1.0 1.0 0.0 0.0 0.0 0.0 0.0 0.0 0.0 0.0 0.0 0.0 0.0 
-1.0 -1.0 -1.0 -1.0 -1.0 2.0 2.0 2.0 1.0 1.0 1.0 1.0 1.0 1.0 1.0 0.0 0.0 0.0 0.0 0.0 0.0 0.0 0.0 0.0 0.0 
-1.0 -1.0 -1.0 -1.0 -1.0 2.0 2.0 1.0 1.0 1.0 1.0 1.0 1.0 1.0 1.0 1.0 0.0 0.0 0.0 0.0 0.0 0.0 0.0 0.0 0.0 
-1.0 -1.0 -1.0 -1.0 -1.0 2.0 2.0 2.0 1.0 1.0 1.0 1.0 1.0 1.0 1.0 1.0 1.0 0.0 0.0 0.0 0.0 0.0 0.0 0.0 0.0 

