0.845193 0.702290 0.133434 0.720650 0.026991 0.859240 0.942440 0.211314 0.839322 0.525302 0.163330 0.901706 0.964763 0.698052 0.618038 0.600469 0.596782 0.004872 0.268108 0.731512 0.607666 0.197727 0.572219 0.444091 0.564469 
0.020618 0.421797 0.887648 0.837945 0.554456 0.727100 0.872210 0.984340 0.647063 0.766684 0.087945 0.518650 0.444104 0.323029 0.618695 0.576645 0.588649 0.727743 0.003980 0.727416 0.929009 0.764024 0.605972 0.942403 0.382390 
0.365739 0.435994 0.228106 0.526658 0.124453 0.733113 0.937767 0.384348 0.062578 0.613058 0.264530 0.184911 0.342230 0.048254 0.421733 0.946539 0.918238 0.573260 0.737185 0.049188 0.488467 0.992914 0.852701 0.026255 0.300596 
0.918949 0.120688 0.147674 0.280078 0.711028 0.825910 0.912190 0.350383 0.218093 0.030492 0.814607 0.906517 0.608977 0.725741 0.155286 0.929053 0.344964 0.282167 0.694749 0.885706 0.440922 0.870744 0.078650 0.404474 0.050067 
0.145837 0.537859 0.675275 0.893326 0.595690 0.817622 0.475293 0.777484 0.477960 0.594078 0.695086 0.184792 0.165020 0.566719 0.835022 0.296130 0.743691 0.878726 0.117185 0.640723 0.518171 0.311206 0.903614 0.734139 0.296073 
0.908787 0.018956 0.619412 0.660292 0.777868 0.113498 0.168172 0.487494 0.560295 0.589904 0.765340 0.114656 0.740349 0.235542 0.073735 0.361791 0.541652 0.277781 0.833821 0.136050 0.650041 0.981737 0.417076 0.187679 0.882325 
0.134952 0.060398 0.958389 0.144191 0.112797 0.816506 0.284616 0.157671 0.177859 0.412054 0.002292 0.830477 0.391947 0.571931 0.466160 0.441316 0.776209 0.013142 0.579818 0.316496 0.183227 0.709557 0.496347 0.913970 0.733775 
0.502470 0.582964 0.843423 0.270453 0.612258 0.553623 0.998936 0.724625 0.472627 0.856158 0.883732 0.306657 0.329302 0.397473 0.990755 0.695377 0.656024 0.546309 0.598667 0.883613 0.784544 0.115659 0.189381 0.370712 0.130206 
0.977220 0.263943 0.205082 0.249789 0.394306 0.775750 0.379850 0.741317 0.646503 0.052738 0.792990 0.411356 0.731997 0.750743 0.758003 0.963514 0.780076 0.032376 0.248748 0.450037 0.829681 0.983083 0.376013 0.521257 0.399587 
0.033921 0.481719 0.356071 0.930847 0.776066 0.964828 0.060944 0.461982 0.051517 0.904911 0.977019 0.830723 0.498780 0.886140 0.896304 0.784243 0.384342 0.612001 0.521667 0.966820 0.621798 0.196250 0.895680 0.462208 0.763510 
0.063714 0.878249 0.349590 0.945258 0.666212 0.335150 0.500102 0.469354 0.855982 0.149514 0.893617 0.698235 0.216137 0.209546 0.580709 0.398431 0.535954 0.394049 0.630960 0.928353 0.009144 0.206103 0.192421 0.101887 0.695645 
0.071722 0.061604 0.351227 0.889601 0.178335 0.383377 0.426945 0.121668 0.089694 0.498927 0.572061 0.056810 0.683504 0.454218 0.746393 0.962719 0.001312 0.689750 0.051602 0.024295 0.112098 0.875082 0.175685 0.779918 0.772887 
0.565674 0.372895 0.383586 0.394792 0.588206 0.394206 0.939497 0.927266 0.977212 0.400986 0.174592 0.711205 0.979829 0.646544 0.038578 0.333137 0.335367 0.361180 0.404013 0.509741 0.225594 0.166770 0.589581 0.547880 0.687701 
0.952814 0.250085 0.319010 0.354149 0.349023 0.093071 0.843775 0.728150 0.793000 0.998636 0.743281 0.601375 0.654430 0.255205 0.186078 0.182766 0.705385 0.786872 0.218980 0.639468 0.771561 0.383820 0.055000 0.834425 0.765387 
0.452310 0.974192 0.913691 0.737786 0.194795 0.588963 0.315122 0.631924 0.763839 0.691547 0.840819 0.782941 0.412229 0.067518 0.356493 0.120444 0.699107 0.195848 0.965838 0.111828 0.491713 0.219277 0.724581 0.220666 0.978323 
0.865198 0.492717 0.117413 0.699009 0.717723 0.253873 0.369953 0.225913 0.827702 0.052937 0.383846 0.774975 0.069099 0.693494 0.465106 0.737999 0.269647 0.946493 0.145966 0.488127 0.025685 0.977682 0.651743 0.556640 0.482963 
0.492295 0.529749 0.361455 0.182426 0.181504 0.371690 0.068031 0.998722 0.969352 0.200159 0.606686 0.292817 0.473104 0.991902 0.587956 0.691356 0.938718 0.812865 0.356561 0.752376 0.768495 0.213018 0.711213 0.535169 0.505713 
0.422126 0.079453 0.994700 0.964388 0.138555 0.046349 0.371108 0.306118 0.872990 0.733442 0.202488 0.373430 0.874539 0.667918 0.735657 0.091990 0.693568 0.024119 0.598019 0.948381 0.606075 0.955543 0.960868 0.748482 0.055583 
0.167181 0.952461 0.299683 0.817074 0.384658 0.102845 0.034499 0.047745 0.669801 0.439539 0.145847 0.698248 0.589191 0.824390 0.610106 0.479258 0.765440 0.375988 0.080777 0.172904 0.746145 0.555592 0.754287 0.665751 0.114590 
0.903927 0.162919 0.933760 0.611077 0.276800 0.316799 0.778376 0.832323 0.956633 0.258724 0.433124 0.804449 0.196647 0.992799 0.038823 0.655065 0.047160 0.107925 0.710250 0.834510 0.485295 0.036600 0.414936 0.452944 0.896203 
0.464686 0.113580 0.332808 0.643288 0.292313 0.476966 0.646003 0.362548 0.172705 0.440993 0.586561 0.048238 0.998518 0.061787 0.393176 0.522041 0.343871 0.040269 0.912067 0.981439 0.458593 0.373151 0.228156 0.389947 0.798431 
0.147763 0.952185 0.627630 0.729958 0.527125 0.034184 0.886462 0.467237 0.898959 0.206871 0.086726 0.024979 0.287393 0.615612 0.927650 0.544492 0.411348 0.650894 0.745876 0.759599 0.823326 0.015791 0.195712 0.657276 0.152359 
0.445751 0.884224 0.968143 0.667132 0.904735 0.754270 0.120134 0.971361 0.908727 0.359314 0.431671 0.694308 0.338874 0.466596 0.356398 0.160345 0.945250 0.057661 0.174166 0.678166 0.961377 0.464818 0.137168 0.239968 0.239518 
0.929933 0.865422 0.475768 0.180384 0.385226 0.374743 0.198758 0.349202 0.861544 0.728909 0.123344 0.630891 0.509540 0.516613 0.770613 0.305716 0.495266 0.156519 0.882040 0.667308 0.038417 0.743871 0.484350 0.475935 0.716562 
0.080995 0.278485 0.397417 0.806741 0.913032 0.327225 0.172167 0.878816 0.410649 0.869470 0.474466 0.066309 0.234373 0.268988 0.987389 0.906295 0.945901 0.075081 0.383621 0.207213 0.817393 0.954277 0.751793 0.645216 0.532412 

0.633885 0.650706 0.797628 0.516427 0.600490 0.202231 0.133678 0.301956 0.811051 0.349195 0.655077 0.770075 0.762312 0.364454 0.475490 0.577533 0.427107 0.239167 0.718503 0.727121 0.576645 0.435419 0.760900 0.524412 0.928044 
0.378227 0.944455 0.405531 0.235913 0.206000 0.831261 0.219104 0.171022 0.440177 0.007487 0.170253 0.076395 0.217391 0.352248 0.936466 0.708764 0.398972 0.923944 0.746348 0.483180 0.281619 0.430819 0.712587 0.249235 0.418215 
0.107069 0.211619 0.816947 0.596809 0.622407 0.081281 0.450432 0.322944 0.800367 0.771375 0.010641 0.380558 0.843789 0.797538 0.317223 0.049007 0.156021 0.424811 0.804791 0.061804 0.029964 0.776637 0.790983 0.580736 0.643946 
0.978169 0.595309 0.161188 0.083184 0.392310 0.358207 0.370976 0.452112 0.142556 0.531047 0.415405 0.071147 0.531642 0.466767 0.912435 0.837369 0.715112 0.337569 0.592374 0.797425 0.799918 0.733871 0.895560 0.686360 0.494844 
0.324319 0.261129 0.055345 0.412718 0.862887 0.176139 0.634027 0.604795 0.862650 0.753767 0.753609 0.303010 0.816542 0.185540 0.477767 0.430284 0.050179 0.190611 0.024959 0.432407 0.097486 0.653310 0.576978 0.078420 0.001151 
0.965009 0.755175 0.128015 0.669612 0.616732 0.597843 0.473261 0.088086 0.838758 0.719820 0.195900 0.531358 0.274382 0.032179 0.529431 0.001144 0.612120 0.118813 0.021916 0.354062 0.112116 0.472459 0.302566 0.131011 0.536394 
0.821411 0.012667 0.668238 0.896902 0.120327 0.794652 0.778264 0.163574 0.080387 0.518419 0.362101 0.376947 0.963025 0.954385 0.586870 0.057757 0.056820 0.411887 0.925809 0.078147 0.044369 0.045799 0.122356 0.271755 0.656260 
0.388354 0.289207 0.350863 0.546776 0.922251 0.269835 0.051858 0.536430 0.445002 0.825612 0.896890 0.498153 0.317440 0.850715 0.647276 0.690939 0.683136 0.282760 0.992667 0.600095 0.188855 0.095827 0.914760 0.966171 0.399737 
0.422512 0.803549 0.885193 0.961406 0.662639 0.102729 0.084309 0.045384 0.193275 0.622265 0.242450 0.019166 0.669945 0.281734 0.913884 0.008607 0.682107 0.364680 0.030099 0.847010 0.181775 0.906205 0.588275 0.420549 0.447401 
0.679559 0.912952 0.103374 0.713880 0.921713 0.672297 0.231170 0.598051 0.106480 0.994287 0.702344 0.035968 0.569998 0.927666 0.978031 0.194004 0.324018 0.945142 0.842449 0.545566 0.426427 0.324385 0.656564 0.098820 0.105202 
0.761056 0.011397 0.514158 0.372356 0.283886 0.850185 0.637623 0.655667 0.961547 0.652713 0.806977 0.078795 0.472394 0.066798 0.851053 0.371553 0.653310 0.088500 0.748397 0.625055 0.367732 0.826721 0.408345 0.056438 0.273173 
0.131406 0.419441 0.563846 0.544277 0.762595 0.596316 0.242931 0.524181 0.748886 0.478305 0.119340 0.587143 0.802233 0.425822 0.782919 0.629124 0.781159 0.878445 0.998625 0.075755 0.739206 0.027903 0.852179 0.231852 0.860849 
0.791407 0.114607 0.479377 0.800151 0.272693 0.082806 0.131685 0.133483 0.406871 0.550908 0.630792 0.912638 0.386416 0.871935 0.542393 0.214007 0.064499 0.266829 0.832607 0.643513 0.741747 0.686687 0.123310 0.513899 0.309036 
0.037326 0.031144 0.788368 0.295253 0.331914 0.913044 0.274344 0.061918 0.117133 0.821799 0.684890 0.656312 0.319690 0.597161 0.396589 0.999178 0.806910 0.658615 0.046725 0.345274 0.268783 0.214359 0.914463 0.443838 0.499889 
0.087408 0.569776 0.784676 0.125173 0.586077 0.508514 0.725751 0.530794 0.034782 0.420364 0.732492 0.568339 0.270569 0.578975 0.086229 0.903991 0.132462 0.756387 0.789633 0.732189 0.488919 0.107510 0.588252 0.851903 0.088282 
0.852988 0.260644 0.590716 0.241785 0.159237 0.964029 0.454856 0.122822 0.503665 0.795848 0.991552 0.957016 0.674856 0.700799 0.320246 0.741097 0.986844 0.812409 0.823437 0.121063 0.008275 0.876248 0.331491 0.943644 0.178536 
0.552759 0.199546 0.108373 0.320562 0.083099 0.656614 0.624694 0.262085 0.463889 0.635718 0.132015 0.305773 0.784381 0.395109 0.463261 0.470721 0.643922 0.962083 0.836472 0.179277 0.464292 0.471656 0.950669 0.175936 0.417562 
0.682083 0.282143 0.018280 0.319186 0.192726 0.507254 0.856753 0.103090 0.678198 0.092050 0.378150 0.468271 0.376465 0.688045 0.420928 0.348623 0.624167 0.268979 0.268174 0.111023 0.345896 0.225795 0.039068 0.070500 0.673069 
0.716437 0.408852 0.264147 0.601676 0.605569 0.203084 0.341451 0.952854 0.161353 0.828401 0.283713 0.228356 0.834288 0.944596 0.055460 0.991705 0.154816 0.609982 0.014553 0.516386 0.739766 0.913840 0.745451 0.660413 0.927922 
0.038052 0.411714 0.618851 0.846650 0.525171 0.729756 0.761025 0.253032 0.688494 0.977337 0.458495 0.578782 0.944034 0.801570 0.886567 0.235392 0.553883 0.782966 0.929625 0.203029 0.194568 0.341106 0.912836 0.484161 0.980200 
0.044834 0.956456 0.215396 0.323221 0.701221 0.099664 0.015974 0.536414 0.739528 0.702059 0.190148 0.598303 0.890578 0.860632 0.204743 0.924282 0.728984 0.534208 0.048328 0.970392 0.395951 0.896450 0.690009 0.468398 0.162565 
0.085678 0.738612 0.064201 0.875329 0.810202 0.029974 0.640454 0.996540 0.506383 0.420289 0.190955 0.784204 0.052168 0.278964 0.096026 0.672926 0.807252 0.792205 0.020399 0.805195 0.974823 0.749545 0.439768 0.615551 0.482919 
0.325836 0.258385 0.117913 0.082041 0.086559 0.349335 0.319968 0.668200 0.327874 0.222002 0.070741 0.539475 0.398331 0.242191 0.245871 0.598654 0.340540 0.635241 0.998079 0.834987 0.203116 0.935758 0.954998 0.947410 0.703902 
0.633590 0.218072 0.997637 0.917516 0.869912 0.135051 0.944927 0.733262 0.587480 0.431590 0.565958 0.110498 0.652027 0.499953 0.860559 0.518768 0.258539 0.105909 0.203992 0.507410 0.119386 0.806588 0.916048 0.420680 0.661338 
0.177079 0.302681 0.793804 0.076350 0.181492 0.910749 0.306729 0.690733 0.321284 0.215941 0.056070 0.624032 0.501027 0.033617 0.286698 0.497288 0.757102 0.043533 0.141413 0.933770 0.716406 0.976740 0.369356 0.814900 0.042686 

2.712484 2.690912 0.669005 2.487129 0.716372 -1.047501 -0.990460 -0.675207 -1.565261 -0.512805 -0.865247 -2.387131 -1.782172 -1.385591 -0.361818 -0.731338 -1.530357 -0.118215 -0.653801 -1.349534 -1.553794 0.101129 -1.580317 -1.049047 -0.724502 
0.685686 1.599821 2.490122 2.109203 1.588188 -2.006901 -1.385445 -0.851475 -1.327594 -0.946568 -0.317042 -0.568752 -0.506746 -0.861869 -1.868225 -0.344382 -1.474085 -1.771743 -0.337027 -1.042536 -1.602434 -1.774388 -0.919970 -2.067914 -0.724198 
1.344963 0.804608 1.425093 1.663515 0.877911 -0.340456 -1.574746 -0.441723 -1.255006 -1.433800 -0.134585 -0.519822 -0.717044 -0.034534 -1.299207 -2.096573 -2.037295 -1.079840 -1.700008 -0.079158 -1.343095 -2.265270 -0.952876 0.344843 -0.377625 
3.088226 0.709052 0.927026 0.932956 -1.332149 -1.251087 -1.009867 -0.403405 -0.225155 0.140440 -1.563191 -1.583847 -1.168221 -1.419058 -0.907459 -1.680166 -0.921168 -0.941293 -1.356575 -1.138637 -1.299937 -2.077005 -0.291378 -0.790417 -0.117679 
0.175804 1.807932 1.560246 2.324337 -0.973223 -1.232994 -1.035805 -1.325151 -1.244531 -1.541651 -1.159021 0.201854 -0.562577 -0.966626 -1.843125 -0.142601 -1.185393 -1.681983 -0.364435 -1.627246 -1.022421 -0.515479 -2.080630 -1.343288 0.068363 
2.937088 0.454545 -1.017514 -0.854704 -1.212130 -0.639834 -0.507502 -0.957367 -1.059467 -0.802778 -1.126568 0.142646 -1.239253 -0.290974 -0.419237 -1.109556 -1.089767 -0.651281 -1.213176 0.005850 -0.972426 -1.078352 -0.663553 -0.265906 -1.306285 
1.228582 -0.381264 -1.458754 -0.030074 -0.043456 -1.956145 -0.587551 -0.516242 -0.383454 -0.385243 0.426527 -1.289148 -0.658846 -0.721301 -0.832677 -1.250536 -1.827923 -0.776230 -2.059524 -0.232688 -0.062468 -0.087754 0.054497 -0.497661 -1.281325 
-1.226333 -1.336912 -2.117182 -0.183291 -1.214732 -0.709366 -1.495969 -1.668113 -0.337532 -1.300106 -1.843056 -0.901216 -1.083301 -0.580907 -0.973629 -1.493476 -1.392780 -0.236949 -2.213203 -1.580598 -0.265214 -0.017423 -2.262895 -1.891267 -0.519633 
-1.776283 -0.069273 -0.193910 -0.745757 -0.834731 -1.334159 -0.534711 -1.636920 -0.951511 0.090018 -0.802825 -0.325628 -1.401364 -0.774899 -1.699760 -0.191654 -1.418298 -0.928367 0.460536 -1.779162 -0.354443 -1.825777 -1.363553 -1.132967 -0.869591 
-0.122470 -1.045088 -1.052278 -2.081991 -2.133780 -1.979461 -0.044803 -0.947295 -0.078455 -1.559283 -1.150573 -0.178034 -0.640614 -1.882239 -2.461537 -0.780270 -0.397137 -1.600261 -1.218760 -0.864029 -1.165357 -0.172562 -1.377929 -0.547021 -0.043366 
0.011236 -1.440843 -0.878603 -1.132858 -1.090419 -1.594464 -1.300432 -1.657138 -2.330049 -1.345003 -2.006712 0.126001 -0.977426 -0.432859 -1.847849 -0.795045 -1.517226 -0.166068 -1.204421 -1.352425 -0.880844 -1.511831 -0.978963 -0.063565 -0.617041 
-0.303337 -0.600297 -0.937388 -1.286169 -1.388658 -1.454231 -0.980639 -0.820106 -1.403197 -1.156636 -0.823688 -0.902179 -1.663072 -0.480818 -1.130454 -1.355659 -1.941191 -1.567250 -1.708620 -0.361855 -1.067526 -0.274272 -2.032189 -0.524859 -1.461874 
-1.607382 0.200703 -1.192121 -1.440861 -1.055567 -0.259829 -0.115037 -0.637962 -0.893917 -1.316682 -0.668869 -1.321455 -0.826381 -1.809977 -1.100492 -0.948332 0.086085 -0.744152 -1.043946 -1.080663 -1.984113 -0.932277 -0.321149 -1.043977 -1.011077 
0.466320 -0.365659 -1.515949 -0.149421 -0.682553 -1.816022 -0.220673 -0.323223 -0.810581 -1.528579 -1.357282 -1.328945 -0.511142 -1.352707 -1.394544 -1.395053 -1.340975 -1.590730 -0.607690 -1.007724 -1.020010 -0.196265 -1.890584 -0.592180 -0.698162 
-0.149391 -1.157335 -1.194242 -0.270472 -1.475319 -1.007567 -1.947375 -0.785936 -0.339187 -1.322781 -1.683073 -1.235687 -0.545780 -1.171102 0.227744 -1.497931 -0.444057 -1.448211 -1.533260 -1.529919 -0.861960 -0.059182 -1.310410 -1.874592 -0.717065 
-1.442635 -0.603313 -0.947021 -0.884477 -0.787841 -1.999827 -0.863592 -0.365212 -0.343762 -1.177596 -1.497983 -1.990279 -1.292801 -1.308330 -0.437183 -1.407440 -1.824675 -1.468457 -1.645709 0.022327 -0.289823 -2.020860 -0.950783 -2.345245 -0.086637 
-1.458328 -0.421334 -0.423342 -0.666920 -0.143897 -1.794283 -1.361510 0.112828 -0.899961 -1.241743 -0.476519 -0.046540 -1.180509 -0.549765 -0.611950 -1.023768 -0.691273 -1.865657 -1.353571 -0.469055 -0.868015 -0.830367 -1.713976 -0.314285 -1.071025 
1.624974 0.325838 0.267454 -0.631930 -0.920859 -1.429818 -1.957663 0.219921 -1.534752 0.249197 -1.025192 -0.687153 -0.447049 -1.269401 -0.557702 -0.742918 -0.630191 -0.865109 -0.570908 -0.219919 -1.053622 -0.485007 -0.049571 0.098699 -1.703094 
1.418046 1.587814 1.113006 1.993596 1.827485 0.101889 0.362037 1.570671 -0.168352 -1.311614 -0.316694 -0.866285 -1.629419 -2.257429 0.036472 -2.077538 -0.351751 -1.246501 0.111756 -0.989302 -1.426466 -1.690902 -1.405940 -1.340831 -1.313880 
0.947618 0.636860 2.052479 2.991655 1.369822 1.550414 2.342952 1.080220 2.203500 2.178413 1.761731 1.918013 2.130939 2.827845 -1.521968 -0.454071 -1.126334 -1.715692 -1.537529 -0.694237 -0.995379 -0.781320 -1.711372 -1.416151 -1.800514 
0.475321 2.065401 1.562771 0.989793 1.760889 0.397902 0.341715 0.917190 1.547653 1.116075 0.910582 1.313234 2.379147 1.766402 0.821655 2.103808 1.966013 1.224049 1.302604 2.737601 -0.468101 -1.515323 -1.072409 -0.760466 -0.787465 
0.917124 2.313510 0.402920 2.942584 2.494404 0.469182 2.010928 2.531566 2.149715 1.303734 0.322150 1.497775 0.207843 1.488547 0.919277 1.758180 1.618744 2.340441 0.329284 2.049355 2.550278 1.280300 1.271568 1.916223 0.745750 
0.626479 1.574962 0.921651 0.444579 1.435998 0.871961 0.876864 2.660665 1.823258 1.092032 0.939671 1.820454 0.957307 0.693958 0.729553 1.033124 1.625164 1.374353 2.854612 2.361903 1.483668 2.778550 1.785839 2.365607 1.597310 
1.985624 1.347833 2.515494 1.996784 2.052401 0.374619 2.117908 1.839074 1.701408 1.819893 1.350893 1.327845 1.542489 1.338542 2.494664 1.431484 0.866932 0.548530 1.254111 2.137407 -0.044157 2.582748 2.997669 1.259915 1.588424 
0.464294 1.343749 1.718443 1.332624 1.189767 2.213765 0.923055 2.335158 0.668047 1.436608 0.053772 1.809051 2.030076 0.051828 1.844557 1.679981 2.624222 0.436780 0.555111 2.029087 2.363170 2.517227 1.578112 2.101702 0.964300 

1 1 1 1 1 4 4 4 4 4 4 4 4 4 4 4 4 4 4 2 2 2 2 2 2 
1 1 1 1 1 4 4 4 4 4 4 4 4 4 4 2 2 2 2 2 2 2 2 2 2 
1 1 1 1 1 4 4 4 4 4 4 2 2 2 2 2 2 2 2 2 2 2 2 2 2 
1 1 1 1 4 4 4 2 2 2 2 2 2 2 2 2 2 2 2 2 2 2 2 2 2 
1 1 1 1 2 2 2 2 2 2 2 2 2 2 2 2 2 2 2 2 2 2 2 2 0 
1 1 2 2 2 2 2 2 2 2 2 2 2 2 2 2 2 2 2 2 2 0 0 0 0 
1 2 2 2 2 2 2 2 2 2 2 2 2 2 2 2 2 0 0 0 0 0 0 0 0 
2 2 2 2 2 2 2 2 2 2 2 2 2 2 0 0 0 0 0 0 0 0 0 0 0 
2 2 2 2 2 2 2 2 2 2 0 0 0 0 0 0 0 0 0 0 0 0 0 0 0 
2 2 2 2 2 2 2 0 0 0 0 0 0 0 0 0 0 0 0 0 0 0 0 0 0 
2 2 2 0 0 0 0 0 0 0 0 0 0 0 0 0 0 0 0 0 0 0 0 0 0 
0 0 0 0 0 0 0 0 0 0 0 0 0 0 0 0 0 0 0 0 0 0 0 0 0 
0 0 0 0 0 0 0 0 0 0 0 0 0 0 0 0 0 0 0 0 0 0 0 0 0 
0 0 0 0 0 0 0 0 0 0 0 0 0 0 0 0 0 0 0 0 0 0 0 0 0 
0 0 0 0 0 0 0 0 0 0 0 0 0 0 0 0 0 0 0 0 0 0 0 0 0 
0 0 0 0 0 0 0 0 0 0 0 0 0 0 0 0 0 0 0 0 0 0 0 0 0 
0 0 0 0 0 0 0 0 0 0 0 0 0 0 0 0 0 0 0 0 0 0 0 0 0 
3 3 0 0 0 0 0 0 0 0 0 0 0 0 0 0 0 0 0 0 0 0 0 0 0 
3 3 3 3 3 3 3 3 0 0 0 0 0 0 0 0 0 0 0 0 0 0 0 0 0 
3 3 3 3 3 3 3 3 3 3 3 3 3 3 0 0 0 0 0 0 0 0 0 0 0 
3 3 3 3 3 3 3 3 3 3 3 3 3 3 3 3 3 3 3 3 0 0 0 0 0 
3 3 3 3 3 3 3 3 3 3 3 3 3 3 3 3 3 3 3 3 3 3 3 3 3 
3 3 3 3 3 3 3 3 3 3 3 3 3 3 3 3 3 3 3 3 3 3 3 3 3 
3 3 3 3 3 3 3 3 3 3 3 3 3 3 3 3 3 3 3 3 3 3 3 3 3 
3 3 3 3 3 3 3 3 3 3 3 3 3 3 3 3 3 3 3 3 3 3 3 3 3 

2.0 2.0 2.0 2.0 2.0 -1.0 -1.0 -1.0 -1.0 -1.0 -1.0 -1.0 -1.0 -1.0 -1.0 -1.0 -1.0 -1.0 -1.0 -2.0 -2.0 -2.0 -2.0 -2.0 -2.0 
2.0 2.0 2.0 2.0 2.0 -1.0 -1.0 -1.0 -1.0 -1.0 -1.0 -1.0 -1.0 -1.0 -1.0 -2.0 -2.0 -2.0 -2.0 -2.0 -2.0 -2.0 -2.0 -2.0 -2.0 
2.0 2.0 2.0 2.0 2.0 -1.0 -1.0 -1.0 -1.0 -1.0 -1.0 -2.0 -2.0 -2.0 -2.0 -2.0 -2.0 -2.0 -2.0 -2.0 -2.0 -2.0 -2.0 -2.0 -2.0 
2.0 2.0 2.0 2.0 -1.0 -1.0 -1.0 -2.0 -2.0 -2.0 -2.0 -2.0 -2.0 -2.0 -2.0 -2.0 -2.0 -2.0 -2.0 -2.0 -2.0 -2.0 -2.0 -2.0 -2.0 
2.0 2.0 2.0 2.0 -2.0 -2.0 -2.0 -2.0 -2.0 -2.0 -2.0 -2.0 -2.0 -2.0 -2.0 -2.0 -2.0 -2.0 -2.0 -2.0 -2.0 -2.0 -2.0 -2.0 0.0 
2.0 2.0 -2.0 -2.0 -2.0 -2.0 -2.0 -2.0 -2.0 -2.0 -2.0 -2.0 -2.0 -2.0 -2.0 -2.0 -2.0 -2.0 -2.0 -2.0 -2.0 0.0 0.0 0.0 0.0 
2.0 -2.0 -2.0 -2.0 -2.0 -2.0 -2.0 -2.0 -2.0 -2.0 -2.0 -2.0 -2.0 -2.0 -2.0 -2.0 -2.0 0.0 0.0 0.0 0.0 0.0 0.0 0.0 0.0 
-2.0 -2.0 -2.0 -2.0 -2.0 -2.0 -2.0 -2.0 -2.0 -2.0 -2.0 -2.0 -2.0 -2.0 0.0 0.0 0.0 0.0 0.0 0.0 0.0 0.0 0.0 0.0 0.0 
-2.0 -2.0 -2.0 -2.0 -2.0 -2.0 -2.0 -2.0 -2.0 -2.0 0.0 0.0 0.0 0.0 0.0 0.0 0.0 0.0 0.0 0.0 0.0 0.0 0.0 0.0 0.0 
-2.0 -2.0 -2.0 -2.0 -2.0 -2.0 -2.0 0.0 0.0 0.0 0.0 0.0 0.0 0.0 0.0 0.0 0.0 0.0 0.0 0.0 0.0 0.0 0.0 0.0 0.0 
-2.0 -2.0 -2.0 0.0 0.0 0.0 0.0 0.0 0.0 0.0 0.0 0.0 0.0 0.0 0.0 0.0 0.0 0.0 0.0 0.0 0.0 0.0 0.0 0.0 0.0 
0.0 0.0 0.0 0.0 0.0 0.0 0.0 0.0 0.0 0.0 0.0 0.0 0.0 0.0 0.0 0.0 0.0 0.0 0.0 0.0 0.0 0.0 0.0 0.0 0.0 
0.0 0.0 0.0 0.0 0.0 0.0 0.0 0.0 0.0 0.0 0.0 0.0 0.0 0.0 0.0 0.0 0.0 0.0 0.0 0.0 0.0 0.0 0.0 0.0 0.0 
0.0 0.0 0.0 0.0 0.0 0.0 0.0 0.0 0.0 0.0 0.0 0.0 0.0 0.0 0.0 0.0 0.0 0.0 0.0 0.0 0.0 0.0 0.0 0.0 0.0 
0.0 0.0 0.0 0.0 0.0 0.0 0.0 0.0 0.0 0.0 0.0 0.0 0.0 0.0 0.0 0.0 0.0 0.0 0.0 0.0 0.0 0.0 0.0 0.0 0.0 
0.0 0.0 0.0 0.0 0.0 0.0 0.0 0.0 0.0 0.0 0.0 0.0 0.0 0.0 0.0 0.0 0.0 0.0 0.0 0.0 0.0 0.0 0.0 0.0 0.0 
0.0 0.0 0.0 0.0 0.0 0.0 0.0 0.0 0.0 0.0 0.0 0.0 0.0 0.0 0.0 0.0 0.0 0.0 0.0 0.0 0.0 0.0 0.0 0.0 0.0 
1.0 1.0 0.0 0.0 0.0 0.0 0.0 0.0 0.0 0.0 0.0 0.0 0.0 0.0 0.0 0.0 0.0 0.0 0.0 0.0 0.0 0.0 0.0 0.0 0.0 
1.0 1.0 1.0 1.0 1.0 1.0 1.0 1.0 0.0 0.0 0.0 0.0 0.0 0.0 0.0 0.0 0.0 0.0 0.0 0.0 0.0 0.0 0.0 0.0 0.0 
1.0 1.0 1.0 1.0 1.0 1.0 1.0 1.0 1.0 1.0 1.0 1.0 1.0 1.0 0.0 0.0 0.0 0.0 0.0 0.0 0.0 0.0 0.0 0.0 0.0 
1.0 1.0 1.0 1.0 1.0 1.0 1.0 1.0 1.0 1.0 1.0 1.0 1.0 1.0 1.0 1.0 1.0 1.0 1.0 1.0 0.0 0.0 0.0 0.0 0.0 
1.0 1.0 1.0 1.0 1.0 1.0 1.0 1.0 1.0 1.0 1.0 1.0 1.0 1.0 1.0 1.0 1.0 1.0 1.0 1.0 1.0 1.0 1.0 1.0 1.0 
1.0 1.0 1.0 1.0 1.0 1.0 1.0 1.0 1.0 1.0 1.0 1.0 1.0 1.0 1.0 1.0 1.0 1.0 1.0 1.0 1.0 1.0 1.0 1.0 1.0 
1.0 1.0 1.0 1.0 1.0 1.0 1.0 1.0 1.0 1.0 1.0 1.0 1.0 1.0 1.0 1.0 1.0 1.0 1.0 1.0 1.0 1.0 1.0 1.0 1.0 
1.0 1.0 1.0 1.0 1.0 1.0 1.0 1.0 1.0 1.0 1.0 1.0 1.0 1.0 1.0 1.0 1.0 1.0 1.0 1.0 1.0 1.0 1.0 1.0 1.0 

1.0 1.0 1.0 1.0 1.0 -1.0 -1.0 -1.0 -1.0 -1.0 -1.0 -1.0 -1.0 -1.0 -1.0 -1.0 -1.0 -1.0 -1.0 0.0 0.0 0.0 0.0 0.0 0.0 
1.0 1.0 1.0 1.0 1.0 -1.0 -1.0 -1.0 -1.0 -1.0 -1.0 -1.0 -1.0 -1.0 -1.0 0.0 0.0 0.0 0.0 0.0 0.0 0.0 0.0 0.0 0.0 
1.0 1.0 1.0 1.0 1.0 -1.0 -1.0 -1.0 -1.0 -1.0 -1.0 0.0 0.0 0.0 0.0 0.0 0.0 0.0 0.0 0.0 0.0 0.0 0.0 0.0 0.0 
1.0 1.0 1.0 1.0 -1.0 -1.0 -1.0 0.0 0.0 0.0 0.0 0.0 0.0 0.0 0.0 0.0 0.0 0.0 0.0 0.0 0.0 0.0 0.0 0.0 0.0 
1.0 1.0 1.0 1.0 0.0 0.0 0.0 0.0 0.0 0.0 0.0 0.0 0.0 0.0 0.0 0.0 0.0 0.0 0.0 0.0 0.0 0.0 0.0 0.0 -2.0 
1.0 1.0 0.0 0.0 0.0 0.0 0.0 0.0 0.0 0.0 0.0 0.0 0.0 0.0 0.0 0.0 0.0 0.0 0.0 0.0 0.0 -2.0 -2.0 -2.0 -2.0 
1.0 0.0 0.0 0.0 0.0 0.0 0.0 0.0 0.0 0.0 0.0 0.0 0.0 0.0 0.0 0.0 0.0 -2.0 -2.0 -2.0 -2.0 -2.0 -2.0 -2.0 -2.0 
0.0 0.0 0.0 0.0 0.0 0.0 0.0 0.0 0.0 0.0 0.0 0.0 0.0 0.0 -2.0 -2.0 -2.0 -2.0 -2.0 -2.0 -2.0 -2.0 -2.0 -2.0 -2.0 
0.0 0.0 0.0 0.0 0.0 0.0 0.0 0.0 0.0 0.0 -2.0 -2.0 -2.0 -2.0 -2.0 -2.0 -2.0 -2.0 -2.0 -2.0 -2.0 -2.0 -2.0 -2.0 -2.0 
0.0 0.0 0.0 0.0 0.0 0.0 0.0 -2.0 -2.0 -2.0 -2.0 -2.0 -2.0 -2.0 -2.0 -2.0 -2.0 -2.0 -2.0 -2.0 -2.0 -2.0 -2.0 -2.0 -2.0 
0.0 0.0 0.0 -2.0 -2.0 -2.0 -2.0 -2.0 -2.0 -2.0 -2.0 -2.0 -2.0 -2.0 -2.0 -2.0 -2.0 -2.0 -2.0 -2.0 -2.0 -2.0 -2.0 -2.0 -2.0 
-2.0 -2.0 -2.0 -2.0 -2.0 -2.0 -2.0 -2.0 -2.0 -2.0 -2.0 -2.0 -2.0 -2.0 -2.0 -2.0 -2.0 -2.0 -2.0 -2.0 -2.0 -2.0 -2.0 -2.0 -2.0 
-2.0 -2.0 -2.0 -2.0 -2.0 -2.0 -2.0 -2.0 -2.0 -2.0 -2.0 -2.0 -2.0 -2.0 -2.0 -2.0 -2.0 -2.0 -2.0 -2.0 -2.0 -2.0 -2.0 -2.0 -2.0 
-2.0 -2.0 -2.0 -2.0 -2.0 -2.0 -2.0 -2.0 -2.0 -2.0 -2.0 -2.0 -2.0 -2.0 -2.0 -2.0 -2.0 -2.0 -2.0 -2.0 -2.0 -2.0 -2.0 -2.0 -2.0 
-2.0 -2.0 -2.0 -2.0 -2.0 -2.0 -2.0 -2.0 -2.0 -2.0 -2.0 -2.0 -2.0 -2.0 -2.0 -2.0 -2.0 -2.0 -2.0 -2.0 -2.0 -2.0 -2.0 -2.0 -2.0 
-2.0 -2.0 -2.0 -2.0 -2.0 -2.0 -2.0 -2.0 -2.0 -2.0 -2.0 -2.0 -2.0 -2.0 -2.0 -2.0 -2.0 -2.0 -2.0 -2.0 -2.0 -2.0 -2.0 -2.0 -2.0 
-2.0 -2.0 -2.0 -2.0 -2.0 -2.0 -2.0 -2.0 -2.0 -2.0 -2.0 -2.0 -2.0 -2.0 -2.0 -2.0 -2.0 -2.0 -2.0 -2.0 -2.0 -2.0 -2.0 -2.0 -2.0 
2.0 2.0 -2.0 -2.0 -2.0 -2.0 -2.0 -2.0 -2.0 -2.0 -2.0 -2.0 -2.0 -2.0 -2.0 -2.0 -2.0 -2.0 -2.0 -2.0 -2.0 -2.0 -2.0 -2.0 -2.0 
2.0 2.0 2.0 2.0 2.0 2.0 2.0 2.0 -2.0 -2.0 -2.0 -2.0 -2.0 -2.0 -2.0 -2.0 -2.0 -2.0 -2.0 -2.0 -2.0 -2.0 -2.0 -2.0 -2.0 
2.0 2.0 2.0 2.0 2.0 2.0 2.0 2.0 2.0 2.0 2.0 2.0 2.0 2.0 -2.0 -2.0 -2.0 -2.0 -2.0 -2.0 -2.0 -2.0 -2.0 -2.0 -2.0 
2.0 2.0 2.0 2.0 2.0 2.0 2.0 2.0 2.0 2.0 2.0 2.0 2.0 2.0 2.0 2.0 2.0 2.0 2.0 2.0 -2.0 -2.0 -2.0 -2.0 -2.0 
2.0 2.0 2.0 2.0 2.0 2.0 2.0 2.0 2.0 2.0 2.0 2.0 2.0 2.0 2.0 2.0 2.0 2.0 2.0 2.0 2.0 2.0 2.0 2.0 2.0 
2.0 2.0 2.0 2.0 2.0 2.0 2.0 2.0 2.0 2.0 2.0 2.0 2.0 2.0 2.0 2.0 2.0 2.0 2.0 2.0 2.0 2.0 2.0 2.0 2.0 
2.0 2.0 2.0 2.0 2.0 2.0 2.0 2.0 2.0 2.0 2.0 2.0 2.0 2.0 2.0 2.0 2.0 2.0 2.0 2.0 2.0 2.0 2.0 2.0 2.0 
2.0 2.0 2.0 2.0 2.0 2.0 2.0 2.0 2.0 2.0 2.0 2.0 2.0 2.0 2.0 2.0 2.0 2.0 2.0 2.0 2.0 2.0 2.0 2.0 2.0 

