0.139457 0.061019 0.592977 0.585791 0.778603 0.317641 0.297044 0.601008 0.229290 0.167431 0.740097 0.837309 0.184510 0.480568 0.124853 0.898503 0.528240 0.843891 0.324073 0.291610 0.735341 0.545116 0.555731 0.750878 0.227637 
0.098282 0.695277 0.513170 0.138382 0.094311 0.936562 0.018543 0.590022 0.798163 0.574494 0.572146 0.098748 0.776827 0.904797 0.078121 0.707843 0.316872 0.605826 0.595674 0.850496 0.382375 0.406336 0.826827 0.007285 0.779765 
0.102077 0.995813 0.961970 0.183912 0.677355 0.175934 0.667426 0.228796 0.425981 0.577666 0.741604 0.708518 0.210785 0.020666 0.437465 0.753010 0.853383 0.701814 0.573200 0.648044 0.485367 0.702916 0.217220 0.933508 0.344569 
0.996096 0.283574 0.679047 0.492282 0.807406 0.258129 0.368556 0.067588 0.274804 0.042563 0.221991 0.188770 0.923200 0.954267 0.881657 0.048988 0.099762 0.856203 0.898956 0.589262 0.049276 0.234156 0.035905 0.249335 0.239251 
0.590502 0.085647 0.325738 0.669637 0.106996 0.801501 0.818375 0.438367 0.722949 0.439941 0.958361 0.872260 0.180220 0.649638 0.115951 0.655444 0.791290 0.464301 0.101932 0.384220 0.889179 0.933588 0.455861 0.532171 0.898649 
0.345031 0.879035 0.338075 0.994614 0.212911 0.605092 0.897836 0.409973 0.071951 0.587150 0.126565 0.599212 0.745167 0.103648 0.916341 0.515103 0.559760 0.183777 0.051286 0.476947 0.562641 0.334126 0.007159 0.660609 0.004874 
0.507829 0.319691 0.792287 0.944532 0.529477 0.410856 0.423562 0.940561 0.282256 0.076397 0.978365 0.459666 0.020953 0.487031 0.108290 0.308507 0.430585 0.317810 0.902474 0.469095 0.413827 0.542084 0.557654 0.692977 0.060216 
0.145296 0.288507 0.120009 0.760871 0.267145 0.723270 0.726331 0.539672 0.004435 0.933821 0.891877 0.779121 0.434157 0.062414 0.420919 0.917510 0.833840 0.016254 0.854356 0.243356 0.348448 0.542663 0.265934 0.577990 0.915160 
0.515781 0.842864 0.248270 0.833724 0.566771 0.488423 0.446090 0.655216 0.491767 0.077785 0.649878 0.560912 0.505518 0.228047 0.098610 0.276438 0.221278 0.675627 0.509693 0.465062 0.671206 0.755843 0.434796 0.990248 0.708620 
0.250230 0.198069 0.894419 0.676517 0.418017 0.127127 0.152019 0.274353 0.873454 0.853492 0.669547 0.958776 0.215272 0.506503 0.385303 0.630167 0.096391 0.659981 0.072257 0.249346 0.587524 0.162545 0.522962 0.445662 0.947663 
0.790657 0.202799 0.910880 0.953052 0.904823 0.021971 0.817932 0.689229 0.565019 0.884252 0.339150 0.450743 0.939706 0.076239 0.983994 0.895200 0.882823 0.621987 0.976414 0.062610 0.637179 0.648595 0.151712 0.112421 0.823202 
0.596767 0.822765 0.753893 0.128141 0.201361 0.797600 0.696627 0.038075 0.194585 0.331150 0.042466 0.868273 0.941756 0.999955 0.072600 0.021127 0.152144 0.539824 0.762147 0.167456 0.988615 0.743456 0.761039 0.459078 0.732958 
0.938397 0.244283 0.088918 0.617378 0.214485 0.206074 0.314842 0.218507 0.405711 0.731156 0.337505 0.513909 0.667509 0.903227 0.741048 0.760749 0.810520 0.532166 0.328214 0.123265 0.634556 0.710830 0.442173 0.302017 0.218479 
0.934728 0.437392 0.793062 0.601415 0.813676 0.916614 0.719768 0.576143 0.747942 0.351343 0.049810 0.091870 0.322956 0.919491 0.609085 0.595500 0.884298 0.006256 0.222205 0.382737 0.288785 0.069502 0.340569 0.387951 0.395122 
0.831670 0.389046 0.352881 0.998504 0.014496 0.308171 0.357741 0.828895 0.759304 0.376018 0.537556 0.616165 0.329340 0.897612 0.685900 0.900160 0.847646 0.916876 0.269727 0.839298 0.428441 0.366837 0.062738 0.512060 0.832474 
0.308454 0.833143 0.432781 0.634324 0.370375 0.777775 0.599594 0.850870 0.297467 0.180594 0.797748 0.192558 0.229256 0.090685 0.283904 0.498457 0.380183 0.596483 0.505219 0.383358 0.559881 0.867434 0.574740 0.647126 0.121745 
0.379883 0.338199 0.604044 0.172351 0.871029 0.637632 0.895529 0.333093 0.963499 0.426057 0.660464 0.331749 0.192738 0.859860 0.706515 0.881028 0.934933 0.987891 0.840869 0.755463 0.095386 0.036415 0.361962 0.700757 0.769822 
0.170270 0.555854 0.455355 0.429439 0.310646 0.238253 0.636703 0.296530 0.320745 0.504271 0.304975 0.858409 0.367553 0.005038 0.754075 0.011895 0.188182 0.176752 0.448911 0.102445 0.775587 0.036990 0.982053 0.407868 0.795255 
0.977282 0.727878 0.024910 0.897280 0.754582 0.000691 0.221161 0.563308 0.066660 0.122693 0.250720 0.028918 0.299910 0.250553 0.522194 0.937995 0.930539 0.478969 0.773479 0.230813 0.133867 0.773431 0.850905 0.683908 0.462903 
0.982187 0.566839 0.558683 0.868519 0.837564 0.909551 0.365648 0.369586 0.370240 0.858619 0.903054 0.524555 0.782786 0.812199 0.032539 0.512541 0.011580 0.428902 0.985106 0.485472 0.942551 0.344538 0.595753 0.942812 0.113400 
0.151195 0.404860 0.243935 0.458407 0.835060 0.188961 0.162350 0.684654 0.676037 0.626083 0.924229 0.508110 0.501968 0.656504 0.051905 0.297290 0.651686 0.925874 0.669414 0.479880 0.002676 0.317803 0.965566 0.837982 0.548704 
0.785550 0.028910 0.984315 0.629582 0.935232 0.466563 0.360870 0.985322 0.781696 0.083806 0.168056 0.584790 0.625768 0.417979 0.132498 0.361409 0.685880 0.276141 0.353536 0.475337 0.212043 0.866412 0.386478 0.652795 0.172336 
0.188640 0.750029 0.395844 0.438121 0.898899 0.749327 0.585438 0.376700 0.725259 0.917892 0.509690 0.187478 0.177480 0.520977 0.324143 0.942887 0.411319 0.699225 0.098410 0.506682 0.854486 0.503258 0.633647 0.344057 0.372421 
0.730026 0.694852 0.653318 0.138069 0.019384 0.750218 0.954103 0.960896 0.677337 0.845368 0.863559 0.736477 0.586072 0.170953 0.960636 0.762745 0.925922 0.766942 0.990707 0.452608 0.259641 0.810676 0.303090 0.662814 0.007869 
0.853991 0.843203 0.277032 0.898101 0.841573 0.605374 0.039398 0.435728 0.694181 0.739331 0.300817 0.200362 0.465312 0.220343 0.191384 0.567030 0.438923 0.921322 0.317369 0.628899 0.427713 0.711739 0.852997 0.464990 0.995769 

0.198273 0.211252 0.672595 0.923521 0.402028 0.049985 0.037956 0.875282 0.061881 0.383930 0.037478 0.088172 0.989212 0.495005 0.196810 0.726050 0.120135 0.866142 0.310877 0.413442 0.712617 0.723805 0.143041 0.472081 0.133038 
0.823018 0.192818 0.318583 0.756341 0.122006 0.012124 0.523323 0.453058 0.085783 0.145549 0.688379 0.484025 0.508237 0.825668 0.749149 0.382706 0.681305 0.242869 0.760271 0.088922 0.682257 0.356222 0.404761 0.884800 0.727859 
0.384292 0.779295 0.495545 0.690060 0.016491 0.711971 0.272862 0.893666 0.652779 0.864221 0.667404 0.393835 0.505193 0.656567 0.272539 0.288152 0.007589 0.967887 0.176946 0.870997 0.244214 0.207444 0.821863 0.890832 0.878402 
0.354317 0.786989 0.268557 0.926389 0.288253 0.781296 0.946191 0.133485 0.247833 0.623269 0.391100 0.867155 0.529573 0.621504 0.564930 0.342147 0.012940 0.584625 0.354785 0.610717 0.239954 0.480356 0.696347 0.042768 0.381789 
0.036092 0.849532 0.564506 0.858756 0.997775 0.368877 0.614815 0.145568 0.727494 0.130375 0.367934 0.935797 0.218168 0.806081 0.294627 0.964961 0.703530 0.623983 0.057772 0.040523 0.753253 0.921695 0.163238 0.755272 0.496466 
0.595866 0.182745 0.606242 0.287330 0.009210 0.817570 0.636713 0.832208 0.094548 0.272388 0.907683 0.066833 0.763440 0.046458 0.477631 0.591153 0.159791 0.966051 0.395349 0.441547 0.489446 0.974127 0.853088 0.800013 0.060584 
0.529321 0.579633 0.744869 0.227315 0.789713 0.403490 0.186592 0.527791 0.292106 0.037091 0.827606 0.502739 0.369935 0.682550 0.700650 0.657977 0.471517 0.089954 0.786513 0.213763 0.109638 0.838769 0.119919 0.909773 0.783339 
0.943852 0.231649 0.588754 0.448071 0.801658 0.785061 0.720205 0.094350 0.951436 0.237887 0.893451 0.050972 0.012593 0.233402 0.165043 0.586117 0.756300 0.643575 0.970719 0.875567 0.360131 0.685243 0.573975 0.059884 0.021987 
0.993330 0.250331 0.988032 0.607856 0.769580 0.449400 0.590089 0.109240 0.682299 0.536896 0.868713 0.397641 0.331947 0.095500 0.465945 0.244428 0.024291 0.714447 0.051561 0.462679 0.496723 0.084149 0.683606 0.434820 0.315645 
0.809103 0.525430 0.393082 0.742267 0.350323 0.087001 0.993852 0.803856 0.959348 0.446466 0.233739 0.110345 0.807879 0.301849 0.637560 0.106302 0.441777 0.144219 0.304078 0.360159 0.030627 0.820752 0.417024 0.054330 0.772146 
0.729081 0.460486 0.566597 0.225233 0.599493 0.950901 0.252974 0.146328 0.704926 0.872457 0.537161 0.157780 0.559900 0.593774 0.093436 0.430899 0.901924 0.142167 0.449633 0.277471 0.889304 0.495731 0.544589 0.388729 0.325128 
0.818165 0.585870 0.269903 0.260440 0.787849 0.528114 0.392396 0.567536 0.063852 0.753089 0.971411 0.134792 0.291209 0.773341 0.796235 0.018792 0.037223 0.122919 0.984879 0.719422 0.522775 0.741967 0.804203 0.890433 0.861713 
0.069737 0.184332 0.802338 0.000755 0.823399 0.081796 0.541014 0.049008 0.676774 0.471922 0.262792 0.116185 0.508771 0.823973 0.511332 0.721830 0.432509 0.880339 0.450556 0.266144 0.218303 0.266656 0.795776 0.305997 0.607164 
0.331651 0.492455 0.309411 0.270161 0.255183 0.810376 0.509342 0.750591 0.340489 0.997190 0.449913 0.881772 0.354992 0.146505 0.506572 0.761528 0.497684 0.691701 0.457711 0.029017 0.721703 0.254404 0.729394 0.053383 0.686492 
0.557148 0.838743 0.406731 0.262485 0.969833 0.383900 0.394648 0.120340 0.738186 0.087139 0.791423 0.046506 0.057412 0.910570 0.441218 0.601345 0.141130 0.700091 0.322958 0.507238 0.322656 0.630695 0.911412 0.683981 0.671743 
0.760431 0.409579 0.946686 0.392409 0.206177 0.026652 0.333891 0.499030 0.511877 0.586182 0.631267 0.541363 0.060625 0.926755 0.086274 0.967048 0.582650 0.059827 0.648736 0.814736 0.858359 0.234325 0.996712 0.403273 0.634019 
0.433572 0.101874 0.240392 0.362226 0.122995 0.409950 0.204368 0.814381 0.269220 0.875745 0.083076 0.169339 0.626321 0.130276 0.495416 0.112589 0.886567 0.986134 0.034770 0.829304 0.911592 0.116084 0.261683 0.462207 0.934158 
0.014487 0.521587 0.434938 0.535717 0.224497 0.753725 0.113405 0.475973 0.435840 0.296437 0.215362 0.070000 0.053235 0.139584 0.892400 0.390868 0.740678 0.480004 0.758797 0.176953 0.653784 0.539749 0.443048 0.292959 0.454624 
0.346909 0.402757 0.358481 0.924414 0.019613 0.177021 0.422992 0.477738 0.072583 0.678809 0.429944 0.231668 0.419707 0.068587 0.085086 0.158471 0.608118 0.818001 0.502641 0.307501 0.698590 0.459422 0.119340 0.813612 0.356990 
0.083546 0.276509 0.822623 0.824634 0.471738 0.177869 0.176334 0.561675 0.019291 0.963873 0.943553 0.884519 0.956977 0.715058 0.407013 0.164140 0.912693 0.023283 0.224809 0.551063 0.495292 0.559493 0.768171 0.692265 0.160063 
0.692637 0.612230 0.506725 0.748972 0.947083 0.015053 0.436589 0.555117 0.931439 0.664417 0.218848 0.467807 0.693167 0.280143 0.175485 0.994808 0.692654 0.750952 0.791391 0.794475 0.670857 0.469899 0.073761 0.669228 0.206371 
0.413800 0.826235 0.486697 0.136688 0.256350 0.639881 0.193626 0.597033 0.227509 0.980603 0.584068 0.569978 0.579154 0.272335 0.885414 0.683568 0.836175 0.401486 0.293790 0.754817 0.337730 0.534011 0.577788 0.930296 0.186139 
0.843556 0.454926 0.699347 0.620287 0.161093 0.666253 0.148989 0.140120 0.649595 0.225609 0.404826 0.342232 0.816890 0.887893 0.916148 0.744797 0.729013 0.394678 0.953886 0.162913 0.078812 0.611560 0.690976 0.211766 0.905313 
0.902538 0.960925 0.596781 0.747476 0.731114 0.969075 0.011063 0.398404 0.388009 0.303716 0.317967 0.428648 0.293865 0.869530 0.441110 0.417461 0.849033 0.076516 0.244429 0.624103 0.725548 0.503368 0.632129 0.190358 0.852179 
0.884550 0.508731 0.371716 0.642495 0.310267 0.596153 0.132843 0.231692 0.100441 0.090713 0.764695 0.688176 0.256966 0.856465 0.972053 0.480023 0.187710 0.361250 0.008914 0.199709 0.203264 0.830653 0.900034 0.164690 0.165843 

0.558242 0.642085 1.419429 2.019572 0.688571 -0.118929 -0.064528 1.512689 0.161284 0.429883 0.275113 0.407148 1.803003 0.994491 0.178904 1.425079 0.459937 1.818640 0.763676 0.669873 1.502575 1.459582 0.155343 0.737982 0.370946 
1.965840 0.561109 0.821944 1.436434 0.121172 -0.184076 1.352827 1.034862 0.200871 0.059490 1.224818 1.006151 1.248984 2.045755 1.652431 0.756621 1.611500 0.466296 1.554051 0.095685 1.332151 0.745980 0.664770 2.103696 1.634815 
0.785997 1.591257 1.497015 1.346921 0.060727 1.606595 0.530701 2.136806 1.313199 1.677593 0.966352 0.883694 1.178352 1.443020 0.469781 0.222327 0.146618 1.944459 0.283294 1.878536 0.608610 0.123161 1.430707 2.049276 1.729946 
0.795881 1.739110 0.593857 2.176095 0.878539 1.546931 1.797176 -0.032124 0.406904 1.687666 0.904062 1.894643 1.133204 1.301980 0.914636 0.867356 -0.196882 1.200031 0.976142 1.722202 0.150616 0.945592 1.150820 0.093682 0.637385 
0.299511 1.347278 1.233473 1.661511 2.018977 0.705593 1.192612 -0.068395 1.693317 0.090739 0.839020 2.146941 -0.028311 1.463661 0.492187 2.145119 1.475344 1.446653 0.504362 0.221252 1.458029 2.027563 0.380039 1.439412 0.810063 
-0.478377 -1.793324 -0.652224 -2.119888 -0.378113 -1.229883 -1.842571 -0.844878 -0.272330 -1.023511 0.024189 -0.859969 -1.700511 0.114893 -1.660495 -1.139759 -1.091528 -0.105733 0.119502 -0.816980 -0.975022 -0.623268 0.055350 -1.413421 -0.126620 
-0.920592 -0.423202 -1.409800 -1.884383 -1.111284 -0.716505 -0.874295 -1.692093 -0.771959 -0.097336 -2.221119 -0.800695 -0.175092 -0.905950 -0.237967 -0.420026 -0.621067 -0.595504 -1.823537 -1.043783 -0.833609 -0.521913 -1.359839 -1.424330 -0.170784 
-0.368691 -0.668981 -0.399801 -1.620524 -0.245497 -1.502594 -1.490945 -0.811418 -0.052945 -1.940842 -2.074727 -1.469809 -0.892575 0.340326 -0.717450 -1.301322 -1.332641 0.020327 -1.716648 -0.254258 -0.432612 -0.968837 -0.120140 -1.576400 -1.469028 
-1.200235 -1.772277 -0.292109 -2.029594 -1.215706 -0.992173 -1.366448 -1.255687 -0.722186 -0.049147 -1.116764 -1.218653 -1.164408 -0.450349 -0.431835 -0.226770 -0.238817 -1.072957 -1.330758 -0.792778 -1.195287 -1.912232 -1.035662 -2.053466 -1.307392 
-0.411677 -0.526337 -1.676297 -1.692003 -0.745786 -0.271553 -0.024730 -0.566298 -1.486572 -1.508768 -1.354148 -1.937870 -0.371944 -1.033890 -0.750397 -1.237833 -0.099427 -1.678678 -0.032364 -0.669110 -1.198167 -0.139742 -1.195902 -0.879854 -2.074596 
0.210756 -0.088222 0.261127 1.037731 0.374701 -0.588705 0.895895 0.310239 0.174249 -0.033427 -0.016628 0.185936 0.418513 -0.619814 0.912792 0.283604 -0.125983 0.327438 0.425960 -0.499651 -0.225335 0.527416 -0.354145 -0.460722 0.649013 
-0.575842 -0.108471 0.712358 -0.149523 -1.117193 0.178833 0.204868 -0.473543 -0.053206 -0.194478 -0.574912 0.751544 0.887534 0.472085 -0.821943 -0.152660 0.056999 0.390488 -0.058126 -0.730586 0.402065 0.227887 -0.081416 -0.524102 -0.321783 
1.158889 0.427950 -0.916796 0.980423 -0.877885 0.010191 -0.023735 0.547368 -0.085310 0.220160 0.369170 0.654250 0.431337 0.060446 0.678156 0.098797 0.165219 -0.254676 -0.075269 -0.005220 0.659192 0.723302 -0.421306 0.422696 -0.171605 
0.882636 -0.148997 0.490906 0.299160 0.434406 -0.065799 0.165408 -0.080430 0.459030 -0.680104 -0.667452 -0.522886 -0.094530 0.716220 0.160504 -0.180831 0.252189 -0.503240 -0.011632 0.025000 -0.593644 -0.282108 -0.132711 0.907287 -0.370197 
0.273685 -0.466493 0.165761 0.909428 -0.977056 -0.093120 0.046965 1.103489 -0.081409 -0.089395 -0.487745 0.345765 0.243550 0.208613 0.192583 0.178280 0.842412 -0.228892 0.165108 0.404003 -0.341572 -0.136426 -1.051970 -0.052614 0.738727 
0.041094 -0.406980 0.876840 -0.444973 -0.182040 -0.694573 -0.240450 -0.233925 0.248482 0.522761 -0.142851 0.099005 -0.213356 0.730959 -0.108953 0.556370 -0.196679 -0.526293 0.116565 0.757124 0.201490 -0.620538 0.588222 -0.160301 0.141630 
-0.226609 -0.537846 -0.325367 0.097507 -0.780676 -0.568191 -0.798212 0.211342 -0.914638 0.377023 -0.669955 -0.433901 0.440961 -0.825017 -0.300695 -0.803189 -0.212272 0.120926 -0.656665 0.467464 0.792378 0.044894 0.077659 -0.034432 0.434890 
-0.048100 0.156190 0.056953 0.245769 -0.243934 0.807082 -0.583749 -0.016409 -0.032607 -0.281591 0.134145 -1.046836 -0.217138 0.075395 0.388541 0.253039 0.563395 0.031280 0.144993 0.134874 -0.136225 0.415359 -0.676681 -0.256166 0.077853 
-0.215559 -0.395534 0.104556 0.108063 -0.649731 0.249424 0.168497 0.147989 -0.120024 0.499256 0.046483 0.299331 0.272380 -0.040353 -0.608097 -0.505589 -0.552286 0.473777 -0.451167 0.048166 0.819223 -0.346973 -0.746886 -0.043844 -0.038915 
-0.801670 -0.318200 0.213249 0.391484 -0.300778 -1.193416 0.127639 0.005127 -0.677084 0.181230 0.125197 0.347104 0.516891 -0.092353 0.375184 -0.394579 1.035793 -0.613527 -1.017116 -0.146564 -0.394572 0.250712 0.250244 -0.275440 -0.196220 
-1.300603 -0.327401 -0.690440 -0.626852 -0.033070 0.252772 -0.057790 0.229550 -0.613443 0.275665 1.560443 0.152402 -0.093160 0.985042 -0.175336 -1.385077 -0.481094 0.400494 -0.243275 -0.704450 -1.509752 -0.323130 1.649591 0.399130 0.885303 
0.579346 -1.669966 0.698809 1.005487 1.543075 -0.466984 0.022040 0.838749 1.011223 -1.747230 -0.845028 -0.065503 0.273813 0.129677 -1.313981 -0.493216 -0.063662 0.173807 -0.033564 -0.453377 0.050910 0.569196 -0.485553 -0.812034 -0.212939 
-1.233279 0.641006 -0.457382 -0.624217 1.710413 0.006489 0.970398 0.344651 0.342126 1.355889 0.357909 -0.115411 -1.597820 -0.723510 -1.171078 0.730948 -0.715025 0.554924 -1.821847 0.817012 1.609650 -0.079094 -0.301767 0.369866 -1.391938 
0.083923 -0.780092 0.199529 -1.005395 -1.508454 -0.291573 1.707213 1.340999 0.301977 1.247032 1.231795 0.822034 0.495856 -1.467698 1.111620 0.854459 0.090005 1.411284 1.408860 -0.164303 -1.114772 0.575760 -0.657927 0.502584 -1.698844 
-0.024348 0.645568 -0.259715 0.100424 0.931629 -0.144759 0.206716 0.601049 0.851008 0.986369 -1.017066 -0.925914 0.370069 -1.752989 -1.481290 -0.262852 0.174340 0.986774 0.605211 0.906204 0.492006 -0.610110 -0.083465 0.766824 1.528092 

0 0 0 0 0 0 0 0 0 0 0 0 0 0 0 0 0 0 0 0 0 0 0 0 0 
0 0 0 0 0 0 0 0 0 0 0 0 0 0 0 0 0 0 0 0 0 0 0 0 0 
0 0 0 0 0 0 0 0 0 0 0 0 0 0 0 0 0 0 0 0 0 0 0 0 0 
0 0 0 0 0 0 0 0 0 0 0 0 0 0 0 0 0 0 0 0 0 0 0 0 0 
0 0 0 0 0 0 0 0 0 0 0 0 0 0 0 0 0 0 0 0 0 0 0 0 0 
1 1 1 1 1 1 1 1 1 1 1 1 1 1 1 1 1 1 1 1 1 1 1 1 1 
1 1 1 1 1 1 1 1 1 1 1 1 1 1 1 1 1 1 1 1 1 1 1 1 1 
1 1 1 1 1 1 1 1 1 1 1 1 1 1 1 1 1 1 1 1 1 1 1 1 1 
1 1 1 1 1 1 1 1 1 1 1 1 1 1 1 1 1 1 1 1 1 1 1 1 1 
1 1 1 1 1 1 1 1 1 1 1 1 1 1 1 1 1 1 1 1 1 1 1 1 1 
2 2 2 2 2 2 2 2 2 2 2 2 2 2 2 2 2 2 2 2 2 2 2 2 2 
2 2 2 2 2 2 2 2 2 2 2 2 2 2 2 2 2 2 2 2 2 2 2 2 2 
2 2 2 2 2 2 2 2 2 2 2 2 2 2 2 2 2 2 2 2 2 2 2 2 2 
2 2 2 2 2 2 2 2 2 2 2 2 2 2 2 2 2 2 2 2 2 2 2 2 2 
2 2 2 2 2 2 2 2 2 2 2 2 2 2 2 2 2 2 2 2 2 2 2 2 2 
3 3 3 3 3 3 3 3 3 3 3 3 3 3 3 3 3 3 3 3 3 3 3 3 3 
3 3 3 3 3 3 3 3 3 3 3 3 3 3 3 3 3 3 3 3 3 3 3 3 3 
3 3 3 3 3 3 3 3 3 3 3 3 3 3 3 3 3 3 3 3 3 3 3 3 3 
3 3 3 3 3 3 3 3 3 3 3 3 3 3 3 3 3 3 3 3 3 3 3 3 3 
3 3 3 3 3 3 3 3 3 3 3 3 3 3 3 3 3 3 3 3 3 3 3 3 3 
4 4 4 4 4 4 4 4 4 4 4 4 4 4 4 4 4 4 4 4 4 4 4 4 4 
4 4 4 4 4 4 4 4 4 4 4 4 4 4 4 4 4 4 4 4 4 4 4 4 4 
4 4 4 4 4 4 4 4 4 4 4 4 4 4 4 4 4 4 4 4 4 4 4 4 4 
4 4 4 4 4 4 4 4 4 4 4 4 4 4 4 4 4 4 4 4 4 4 4 4 4 
4 4 4 4 4 4 4 4 4 4 4 4 4 4 4 4 4 4 4 4 4 4 4 4 4 

0.0 0.0 0.0 0.0 0.0 0.0 0.0 0.0 0.0 0.0 0.0 0.0 0.0 0.0 0.0 0.0 0.0 0.0 0.0 0.0 0.0 0.0 0.0 0.0 0.0 
0.0 0.0 0.0 0.0 0.0 0.0 0.0 0.0 0.0 0.0 0.0 0.0 0.0 0.0 0.0 0.0 0.0 0.0 0.0 0.0 0.0 0.0 0.0 0.0 0.0 
0.0 0.0 0.0 0.0 0.0 0.0 0.0 0.0 0.0 0.0 0.0 0.0 0.0 0.0 0.0 0.0 0.0 0.0 0.0 0.0 0.0 0.0 0.0 0.0 0.0 
0.0 0.0 0.0 0.0 0.0 0.0 0.0 0.0 0.0 0.0 0.0 0.0 0.0 0.0 0.0 0.0 0.0 0.0 0.0 0.0 0.0 0.0 0.0 0.0 0.0 
0.0 0.0 0.0 0.0 0.0 0.0 0.0 0.0 0.0 0.0 0.0 0.0 0.0 0.0 0.0 0.0 0.0 0.0 0.0 0.0 0.0 0.0 0.0 0.0 0.0 
-2.0 -2.0 -2.0 -2.0 -2.0 -2.0 -2.0 -2.0 -2.0 -2.0 -2.0 -2.0 -2.0 -2.0 -2.0 -2.0 -2.0 -2.0 -2.0 -2.0 -2.0 -2.0 -2.0 -2.0 -2.0 
-2.0 -2.0 -2.0 -2.0 -2.0 -2.0 -2.0 -2.0 -2.0 -2.0 -2.0 -2.0 -2.0 -2.0 -2.0 -2.0 -2.0 -2.0 -2.0 -2.0 -2.0 -2.0 -2.0 -2.0 -2.0 
-2.0 -2.0 -2.0 -2.0 -2.0 -2.0 -2.0 -2.0 -2.0 -2.0 -2.0 -2.0 -2.0 -2.0 -2.0 -2.0 -2.0 -2.0 -2.0 -2.0 -2.0 -2.0 -2.0 -2.0 -2.0 
-2.0 -2.0 -2.0 -2.0 -2.0 -2.0 -2.0 -2.0 -2.0 -2.0 -2.0 -2.0 -2.0 -2.0 -2.0 -2.0 -2.0 -2.0 -2.0 -2.0 -2.0 -2.0 -2.0 -2.0 -2.0 
-2.0 -2.0 -2.0 -2.0 -2.0 -2.0 -2.0 -2.0 -2.0 -2.0 -2.0 -2.0 -2.0 -2.0 -2.0 -2.0 -2.0 -2.0 -2.0 -2.0 -2.0 -2.0 -2.0 -2.0 -2.0 
1.0 1.0 1.0 1.0 1.0 1.0 1.0 1.0 1.0 1.0 1.0 1.0 1.0 1.0 1.0 1.0 1.0 1.0 1.0 1.0 1.0 1.0 1.0 1.0 1.0 
1.0 1.0 1.0 1.0 1.0 1.0 1.0 1.0 1.0 1.0 1.0 1.0 1.0 1.0 1.0 1.0 1.0 1.0 1.0 1.0 1.0 1.0 1.0 1.0 1.0 
1.0 1.0 1.0 1.0 1.0 1.0 1.0 1.0 1.0 1.0 1.0 1.0 1.0 1.0 1.0 1.0 1.0 1.0 1.0 1.0 1.0 1.0 1.0 1.0 1.0 
1.0 1.0 1.0 1.0 1.0 1.0 1.0 1.0 1.0 1.0 1.0 1.0 1.0 1.0 1.0 1.0 1.0 1.0 1.0 1.0 1.0 1.0 1.0 1.0 1.0 
1.0 1.0 1.0 1.0 1.0 1.0 1.0 1.0 1.0 1.0 1.0 1.0 1.0 1.0 1.0 1.0 1.0 1.0 1.0 1.0 1.0 1.0 1.0 1.0 1.0 
-1.0 -1.0 -1.0 -1.0 -1.0 -1.0 -1.0 -1.0 -1.0 -1.0 -1.0 -1.0 -1.0 -1.0 -1.0 -1.0 -1.0 -1.0 -1.0 -1.0 -1.0 -1.0 -1.0 -1.0 -1.0 
-1.0 -1.0 -1.0 -1.0 -1.0 -1.0 -1.0 -1.0 -1.0 -1.0 -1.0 -1.0 -1.0 -1.0 -1.0 -1.0 -1.0 -1.0 -1.0 -1.0 -1.0 -1.0 -1.0 -1.0 -1.0 
-1.0 -1.0 -1.0 -1.0 -1.0 -1.0 -1.0 -1.0 -1.0 -1.0 -1.0 -1.0 -1.0 -1.0 -1.0 -1.0 -1.0 -1.0 -1.0 -1.0 -1.0 -1.0 -1.0 -1.0 -1.0 
-1.0 -1.0 -1.0 -1.0 -1.0 -1.0 -1.0 -1.0 -1.0 -1.0 -1.0 -1.0 -1.0 -1.0 -1.0 -1.0 -1.0 -1.0 -1.0 -1.0 -1.0 -1.0 -1.0 -1.0 -1.0 
-1.0 -1.0 -1.0 -1.0 -1.0 -1.0 -1.0 -1.0 -1.0 -1.0 -1.0 -1.0 -1.0 -1.0 -1.0 -1.0 -1.0 -1.0 -1.0 -1.0 -1.0 -1.0 -1.0 -1.0 -1.0 
2.0 2.0 2.0 2.0 2.0 2.0 2.0 2.0 2.0 2.0 2.0 2.0 2.0 2.0 2.0 2.0 2.0 2.0 2.0 2.0 2.0 2.0 2.0 2.0 2.0 
2.0 2.0 2.0 2.0 2.0 2.0 2.0 2.0 2.0 2.0 2.0 2.0 2.0 2.0 2.0 2.0 2.0 2.0 2.0 2.0 2.0 2.0 2.0 2.0 2.0 
2.0 2.0 2.0 2.0 2.0 2.0 2.0 2.0 2.0 2.0 2.0 2.0 2.0 2.0 2.0 2.0 2.0 2.0 2.0 2.0 2.0 2.0 2.0 2.0 2.0 
2.0 2.0 2.0 2.0 2.0 2.0 2.0 2.0 2.0 2.0 2.0 2.0 2.0 2.0 2.0 2.0 2.0 2.0 2.0 2.0 2.0 2.0 2.0 2.0 2.0 
2.0 2.0 2.0 2.0 2.0 2.0 2.0 2.0 2.0 2.0 2.0 2.0 2.0 2.0 2.0 2.0 2.0 2.0 2.0 2.0 2.0 2.0 2.0 2.0 2.0 

2.0 2.0 2.0 2.0 2.0 2.0 2.0 2.0 2.0 2.0 2.0 2.0 2.0 2.0 2.0 2.0 2.0 2.0 2.0 2.0 2.0 2.0 2.0 2.0 2.0 
2.0 2.0 2.0 2.0 2.0 2.0 2.0 2.0 2.0 2.0 2.0 2.0 2.0 2.0 2.0 2.0 2.0 2.0 2.0 2.0 2.0 2.0 2.0 2.0 2.0 
2.0 2.0 2.0 2.0 2.0 2.0 2.0 2.0 2.0 2.0 2.0 2.0 2.0 2.0 2.0 2.0 2.0 2.0 2.0 2.0 2.0 2.0 2.0 2.0 2.0 
2.0 2.0 2.0 2.0 2.0 2.0 2.0 2.0 2.0 2.0 2.0 2.0 2.0 2.0 2.0 2.0 2.0 2.0 2.0 2.0 2.0 2.0 2.0 2.0 2.0 
2.0 2.0 2.0 2.0 2.0 2.0 2.0 2.0 2.0 2.0 2.0 2.0 2.0 2.0 2.0 2.0 2.0 2.0 2.0 2.0 2.0 2.0 2.0 2.0 2.0 
0.0 0.0 0.0 0.0 0.0 0.0 0.0 0.0 0.0 0.0 0.0 0.0 0.0 0.0 0.0 0.0 0.0 0.0 0.0 0.0 0.0 0.0 0.0 0.0 0.0 
0.0 0.0 0.0 0.0 0.0 0.0 0.0 0.0 0.0 0.0 0.0 0.0 0.0 0.0 0.0 0.0 0.0 0.0 0.0 0.0 0.0 0.0 0.0 0.0 0.0 
0.0 0.0 0.0 0.0 0.0 0.0 0.0 0.0 0.0 0.0 0.0 0.0 0.0 0.0 0.0 0.0 0.0 0.0 0.0 0.0 0.0 0.0 0.0 0.0 0.0 
0.0 0.0 0.0 0.0 0.0 0.0 0.0 0.0 0.0 0.0 0.0 0.0 0.0 0.0 0.0 0.0 0.0 0.0 0.0 0.0 0.0 0.0 0.0 0.0 0.0 
0.0 0.0 0.0 0.0 0.0 0.0 0.0 0.0 0.0 0.0 0.0 0.0 0.0 0.0 0.0 0.0 0.0 0.0 0.0 0.0 0.0 0.0 0.0 0.0 0.0 
-1.0 -1.0 -1.0 -1.0 -1.0 -1.0 -1.0 -1.0 -1.0 -1.0 -1.0 -1.0 -1.0 -1.0 -1.0 -1.0 -1.0 -1.0 -1.0 -1.0 -1.0 -1.0 -1.0 -1.0 -1.0 
-1.0 -1.0 -1.0 -1.0 -1.0 -1.0 -1.0 -1.0 -1.0 -1.0 -1.0 -1.0 -1.0 -1.0 -1.0 -1.0 -1.0 -1.0 -1.0 -1.0 -1.0 -1.0 -1.0 -1.0 -1.0 
-1.0 -1.0 -1.0 -1.0 -1.0 -1.0 -1.0 -1.0 -1.0 -1.0 -1.0 -1.0 -1.0 -1.0 -1.0 -1.0 -1.0 -1.0 -1.0 -1.0 -1.0 -1.0 -1.0 -1.0 -1.0 
-1.0 -1.0 -1.0 -1.0 -1.0 -1.0 -1.0 -1.0 -1.0 -1.0 -1.0 -1.0 -1.0 -1.0 -1.0 -1.0 -1.0 -1.0 -1.0 -1.0 -1.0 -1.0 -1.0 -1.0 -1.0 
-1.0 -1.0 -1.0 -1.0 -1.0 -1.0 -1.0 -1.0 -1.0 -1.0 -1.0 -1.0 -1.0 -1.0 -1.0 -1.0 -1.0 -1.0 -1.0 -1.0 -1.0 -1.0 -1.0 -1.0 -1.0 
1.0 1.0 1.0 1.0 1.0 1.0 1.0 1.0 1.0 1.0 1.0 1.0 1.0 1.0 1.0 1.0 1.0 1.0 1.0 1.0 1.0 1.0 1.0 1.0 1.0 
1.0 1.0 1.0 1.0 1.0 1.0 1.0 1.0 1.0 1.0 1.0 1.0 1.0 1.0 1.0 1.0 1.0 1.0 1.0 1.0 1.0 1.0 1.0 1.0 1.0 
1.0 1.0 1.0 1.0 1.0 1.0 1.0 1.0 1.0 1.0 1.0 1.0 1.0 1.0 1.0 1.0 1.0 1.0 1.0 1.0 1.0 1.0 1.0 1.0 1.0 
1.0 1.0 1.0 1.0 1.0 1.0 1.0 1.0 1.0 1.0 1.0 1.0 1.0 1.0 1.0 1.0 1.0 1.0 1.0 1.0 1.0 1.0 1.0 1.0 1.0 
1.0 1.0 1.0 1.0 1.0 1.0 1.0 1.0 1.0 1.0 1.0 1.0 1.0 1.0 1.0 1.0 1.0 1.0 1.0 1.0 1.0 1.0 1.0 1.0 1.0 
-2.0 -2.0 -2.0 -2.0 -2.0 -2.0 -2.0 -2.0 -2.0 -2.0 -2.0 -2.0 -2.0 -2.0 -2.0 -2.0 -2.0 -2.0 -2.0 -2.0 -2.0 -2.0 -2.0 -2.0 -2.0 
-2.0 -2.0 -2.0 -2.0 -2.0 -2.0 -2.0 -2.0 -2.0 -2.0 -2.0 -2.0 -2.0 -2.0 -2.0 -2.0 -2.0 -2.0 -2.0 -2.0 -2.0 -2.0 -2.0 -2.0 -2.0 
-2.0 -2.0 -2.0 -2.0 -2.0 -2.0 -2.0 -2.0 -2.0 -2.0 -2.0 -2.0 -2.0 -2.0 -2.0 -2.0 -2.0 -2.0 -2.0 -2.0 -2.0 -2.0 -2.0 -2.0 -2.0 
-2.0 -2.0 -2.0 -2.0 -2.0 -2.0 -2.0 -2.0 -2.0 -2.0 -2.0 -2.0 -2.0 -2.0 -2.0 -2.0 -2.0 -2.0 -2.0 -2.0 -2.0 -2.0 -2.0 -2.0 -2.0 
-2.0 -2.0 -2.0 -2.0 -2.0 -2.0 -2.0 -2.0 -2.0 -2.0 -2.0 -2.0 -2.0 -2.0 -2.0 -2.0 -2.0 -2.0 -2.0 -2.0 -2.0 -2.0 -2.0 -2.0 -2.0 

