0.519844 0.871703 0.159046 0.044228 0.439385 0.444861 0.640688 0.692986 0.591741 0.456452 0.565188 0.361367 0.888732 0.619522 0.995240 0.936606 0.075128 0.894387 0.102562 0.066816 0.308177 0.931495 0.112998 0.120974 0.530393 
0.088597 0.176024 0.656185 0.580678 0.982930 0.058854 0.974428 0.160422 0.955624 0.563644 0.072453 0.722057 0.446691 0.770493 0.637273 0.530460 0.655113 0.556820 0.558149 0.280092 0.471601 0.703314 0.131163 0.135259 0.680804 
0.243275 0.083531 0.633405 0.948410 0.619586 0.384411 0.536892 0.967126 0.570135 0.074151 0.836903 0.868942 0.527453 0.345537 0.076796 0.635819 0.249077 0.857530 0.985540 0.389966 0.366285 0.497194 0.823425 0.754250 0.069781 
0.776347 0.888990 0.653822 0.006255 0.002443 0.508477 0.861836 0.005578 0.035560 0.884128 0.492692 0.958181 0.089092 0.166920 0.956574 0.439402 0.690648 0.026272 0.893392 0.972876 0.010827 0.840197 0.256982 0.383153 0.495801 
0.109343 0.013656 0.365647 0.241662 0.432619 0.890108 0.661303 0.745804 0.083697 0.665669 0.374586 0.119716 0.451956 0.509305 0.305999 0.669777 0.340031 0.114596 0.145023 0.747222 0.628149 0.999788 0.232574 0.382233 0.588862 
0.238169 0.341263 0.301183 0.488414 0.659413 0.798430 0.847417 0.488944 0.370284 0.378145 0.554865 0.150028 0.430870 0.663806 0.544102 0.811316 0.809656 0.465784 0.085355 0.948229 0.952338 0.450614 0.996540 0.242341 0.602331 
0.426075 0.217100 0.696408 0.031987 0.878439 0.879958 0.820915 0.015338 0.107793 0.576817 0.558800 0.870966 0.116125 0.476000 0.349113 0.171264 0.970057 0.589968 0.110016 0.300522 0.057180 0.029815 0.829701 0.974156 0.878643 
0.119639 0.706037 0.402173 0.157921 0.121938 0.024525 0.853165 0.730571 0.456181 0.135397 0.189801 0.799797 0.951161 0.132037 0.192992 0.147050 0.876176 0.602987 0.815337 0.640356 0.636457 0.989043 0.983094 0.508883 0.445878 
0.691087 0.997242 0.416109 0.336142 0.808762 0.485520 0.444819 0.504996 0.799522 0.353888 0.262073 0.323653 0.564303 0.666488 0.357763 0.034528 0.188609 0.217292 0.486274 0.404085 0.196672 0.662915 0.240442 0.621448 0.561877 
0.292679 0.829252 0.291651 0.424434 0.563940 0.191065 0.944679 0.733195 0.562164 0.911113 0.405283 0.314305 0.392079 0.459106 0.772479 0.651999 0.446574 0.672196 0.868523 0.042598 0.156420 0.510389 0.914842 0.788745 0.328305 
0.755724 0.954777 0.551887 0.968704 0.470613 0.584917 0.578897 0.580857 0.107766 0.957307 0.813818 0.412458 0.338351 0.116323 0.484161 0.165057 0.346204 0.160923 0.994891 0.396441 0.518610 0.583146 0.935892 0.517090 0.473387 
0.703543 0.805291 0.150099 0.799364 0.817896 0.584209 0.194394 0.774336 0.699317 0.413449 0.380581 0.202358 0.735950 0.388116 0.093423 0.354568 0.998870 0.145859 0.591324 0.508769 0.063216 0.869468 0.562754 0.996628 0.574174 
0.571218 0.575890 0.918767 0.277548 0.832820 0.351091 0.216210 0.792408 0.421447 0.785390 0.873478 0.748418 0.590736 0.728795 0.363431 0.817632 0.074429 0.942028 0.248091 0.712852 0.193246 0.425930 0.353279 0.661983 0.496340 
0.539418 0.444537 0.738488 0.363577 0.011144 0.615065 0.583561 0.692545 0.655022 0.702894 0.277931 0.448645 0.194014 0.240252 0.473161 0.485206 0.959039 0.647172 0.525787 0.948289 0.020683 0.757064 0.342841 0.841845 0.344352 
0.827083 0.253671 0.649346 0.350733 0.621638 0.908231 0.370658 0.690783 0.201818 0.966767 0.372568 0.206590 0.209066 0.925860 0.047113 0.350869 0.683859 0.559733 0.973650 0.877653 0.978207 0.735891 0.264018 0.200226 0.728021 
0.425503 0.841010 0.505469 0.218969 0.241527 0.091585 0.675767 0.583446 0.020566 0.707417 0.887973 0.906406 0.702893 0.002269 0.902817 0.282806 0.753429 0.043582 0.087292 0.910449 0.111543 0.069091 0.972503 0.135082 0.053605 
0.949226 0.708595 0.971863 0.015943 0.437520 0.411949 0.274557 0.016695 0.892096 0.162796 0.326806 0.927282 0.566647 0.360159 0.405630 0.462579 0.043440 0.350630 0.728914 0.896593 0.450316 0.328707 0.064217 0.827929 0.933006 
0.640188 0.295605 0.367419 0.125181 0.418778 0.745676 0.507137 0.031475 0.073367 0.352901 0.094063 0.441381 0.379380 0.069525 0.945650 0.529562 0.057414 0.860623 0.931547 0.682512 0.357203 0.428393 0.183172 0.815952 0.640362 
0.644807 0.357551 0.696503 0.901925 0.200973 0.013442 0.008235 0.014546 0.313638 0.902525 0.867634 0.929480 0.223341 0.510042 0.479430 0.456945 0.979495 0.034984 0.576677 0.714751 0.737527 0.417732 0.001907 0.456040 0.184078 
0.020973 0.317926 0.022984 0.903046 0.247407 0.259854 0.439258 0.428754 0.614258 0.654555 0.508101 0.307655 0.055526 0.690016 0.895526 0.226234 0.297138 0.095163 0.854710 0.684445 0.085994 0.017460 0.238111 0.939020 0.907004 
0.425502 0.555226 0.183897 0.571398 0.386647 0.443961 0.947550 0.539038 0.589537 0.425756 0.322205 0.116712 0.071830 0.975796 0.428649 0.593226 0.050212 0.381376 0.070805 0.709539 0.196526 0.051442 0.748239 0.163550 0.651132 
0.276471 0.706712 0.574017 0.624558 0.730596 0.745747 0.001294 0.176773 0.173350 0.736404 0.869074 0.148641 0.325165 0.133902 0.000458 0.075774 0.843817 0.823547 0.381355 0.089673 0.535971 0.494200 0.536430 0.690971 0.441579 
0.636809 0.136423 0.636841 0.201294 0.070322 0.531430 0.260755 0.370332 0.728916 0.824008 0.392008 0.417201 0.897776 0.923095 0.487625 0.429444 0.271613 0.792892 0.228375 0.869211 0.463649 0.648869 0.580639 0.993870 0.361722 
0.225708 0.452631 0.879118 0.265393 0.594010 0.614330 0.575099 0.987319 0.980095 0.030490 0.360299 0.935631 0.973001 0.473074 0.605701 0.676964 0.994415 0.170049 0.981357 0.895499 0.658485 0.674154 0.735520 0.569881 0.630565 
0.639957 0.141955 0.035330 0.952294 0.350886 0.443118 0.471343 0.920304 0.377352 0.899298 0.313770 0.773980 0.946832 0.129642 0.128148 0.029393 0.117831 0.580837 0.957000 0.626520 0.761674 0.155105 0.782112 0.892041 0.610247 

0.050571 0.941079 0.512901 0.554819 0.353039 0.932564 0.466584 0.097639 0.229734 0.875204 0.847887 0.142984 0.627927 0.540585 0.615365 0.244956 0.263267 0.206586 0.622736 0.312225 0.457266 0.720664 0.657645 0.643546 0.432340 
0.711219 0.932520 0.323907 0.336058 0.409998 0.128319 0.413964 0.692805 0.101207 0.652198 0.391639 0.517260 0.052947 0.361298 0.378010 0.361997 0.546345 0.630424 0.278646 0.824624 0.287247 0.592171 0.859762 0.658910 0.170964 
0.190131 0.266170 0.528806 0.102094 0.489867 0.213291 0.662503 0.233003 0.844113 0.789595 0.867154 0.913057 0.402505 0.030535 0.694846 0.278779 0.960322 0.651059 0.794715 0.777554 0.521573 0.991546 0.187219 0.752510 0.469853 
0.073909 0.147908 0.058904 0.382479 0.511379 0.285280 0.439288 0.519936 0.548299 0.303346 0.707438 0.345238 0.522128 0.253363 0.386944 0.917534 0.714112 0.739119 0.517042 0.088186 0.417900 0.259999 0.711802 0.144266 0.381657 
0.235648 0.511634 0.010045 0.075091 0.961036 0.607020 0.112859 0.765442 0.432847 0.495515 0.903098 0.866005 0.747821 0.308623 0.389304 0.795094 0.187529 0.083506 0.351571 0.682347 0.231348 0.663789 0.181695 0.155701 0.954382 
0.420457 0.197456 0.152299 0.798019 0.079975 0.131092 0.014414 0.606196 0.602136 0.917459 0.280438 0.863123 0.636850 0.414010 0.290195 0.374085 0.261067 0.236970 0.527851 0.934814 0.073944 0.587941 0.300288 0.882564 0.155617 
0.015973 0.017804 0.097772 0.199369 0.803654 0.322529 0.173429 0.447091 0.828973 0.290207 0.648691 0.834823 0.642123 0.205948 0.024453 0.284473 0.136706 0.710664 0.065842 0.972917 0.625597 0.802847 0.078492 0.692924 0.575180 
0.245548 0.808070 0.382004 0.938046 0.952770 0.692852 0.719100 0.690026 0.623311 0.495858 0.095071 0.055176 0.058420 0.444621 0.440933 0.870609 0.647707 0.629414 0.249750 0.221223 0.606870 0.078842 0.088449 0.523227 0.071263 
0.553348 0.368260 0.586938 0.149881 0.654427 0.142562 0.376671 0.354265 0.321805 0.864808 0.920007 0.154305 0.182404 0.418220 0.155942 0.099963 0.117596 0.348881 0.000926 0.484942 0.182574 0.794144 0.851367 0.958352 0.924171 
0.863911 0.054058 0.546885 0.468961 0.064467 0.867899 0.137920 0.788275 0.583779 0.889750 0.360574 0.569141 0.751522 0.687022 0.077136 0.862150 0.996704 0.320249 0.630203 0.645708 0.770836 0.311503 0.051466 0.628768 0.435263 
0.049006 0.227812 0.357112 0.940505 0.183534 0.425481 0.786625 0.508143 0.446743 0.791064 0.463162 0.524290 0.783870 0.605746 0.983689 0.032403 0.267415 0.502596 0.651808 0.514134 0.550703 0.303452 0.383859 0.841137 0.261813 
0.230047 0.439592 0.721654 0.189425 0.792804 0.165946 0.324010 0.863115 0.639154 0.615368 0.276083 0.076184 0.796621 0.145213 0.793945 0.923543 0.446290 0.321847 0.515986 0.180549 0.123389 0.064360 0.192954 0.076483 0.649658 
0.305847 0.153531 0.277334 0.336364 0.203696 0.323414 0.697737 0.843511 0.888405 0.566270 0.793006 0.209507 0.222037 0.014015 0.035775 0.490669 0.663116 0.957574 0.581555 0.451461 0.294633 0.096802 0.187608 0.478364 0.640987 
0.573291 0.082780 0.956730 0.354995 0.283568 0.663363 0.741465 0.867015 0.641571 0.675538 0.501950 0.350835 0.146391 0.112292 0.248943 0.204234 0.650765 0.246990 0.699123 0.792837 0.012931 0.864438 0.531120 0.900726 0.483895 
0.307954 0.927059 0.204850 0.915505 0.257698 0.443850 0.961296 0.103965 0.704709 0.844889 0.581025 0.088979 0.022641 0.474897 0.793124 0.193283 0.595480 0.872819 0.693530 0.453383 0.583422 0.434494 0.812903 0.549444 0.769677 
0.587851 0.017774 0.651819 0.474227 0.101559 0.410344 0.101947 0.410961 0.877503 0.779318 0.005077 0.480244 0.477373 0.181609 0.627765 0.772185 0.202913 0.498371 0.636788 0.615488 0.853402 0.894482 0.406075 0.627598 0.949555 
0.931998 0.933862 0.345449 0.019391 0.013025 0.374003 0.157095 0.741928 0.456144 0.950477 0.224547 0.482464 0.556883 0.911374 0.005838 0.466114 0.184117 0.348005 0.820351 0.387204 0.934731 0.942679 0.303731 0.081955 0.387735 
0.528623 0.518828 0.775245 0.018435 0.093561 0.315351 0.403918 0.988269 0.041911 0.261724 0.742505 0.764035 0.735724 0.029506 0.693225 0.541910 0.419275 0.132245 0.932741 0.972012 0.071646 0.752544 0.482279 0.693829 0.587899 
0.679505 0.708466 0.518873 0.152116 0.747954 0.096354 0.438046 0.652646 0.129325 0.719944 0.307460 0.357553 0.042405 0.436770 0.008556 0.694035 0.254036 0.697688 0.713728 0.408366 0.994872 0.695546 0.712302 0.360992 0.512679 
0.050541 0.505902 0.617051 0.027851 0.074305 0.385988 0.413111 0.216993 0.600278 0.088611 0.248807 0.272556 0.493657 0.549706 0.104613 0.471012 0.137556 0.362178 0.106398 0.287777 0.157529 0.080870 0.931728 0.040833 0.463907 
0.035970 0.469688 0.848492 0.917190 0.209529 0.393237 0.088554 0.615919 0.691929 0.990564 0.366895 0.985338 0.221420 0.663631 0.082242 0.648219 0.543224 0.044963 0.224468 0.266637 0.996509 0.055167 0.749581 0.358656 0.542312 
0.249820 0.799622 0.207189 0.129644 0.294516 0.374838 0.549032 0.537321 0.716750 0.583181 0.320068 0.821609 0.652554 0.175254 0.068597 0.227637 0.872222 0.625848 0.237787 0.657953 0.240604 0.012605 0.272593 0.735469 0.365001 
0.627897 0.785259 0.816988 0.622952 0.044896 0.242085 0.052889 0.155923 0.441845 0.735097 0.418546 0.955669 0.156060 0.243202 0.286066 0.528642 0.952862 0.472825 0.887464 0.550375 0.654910 0.168859 0.174933 0.413385 0.914325 
0.589962 0.088104 0.221108 0.995394 0.241029 0.349783 0.214566 0.997699 0.570427 0.771024 0.230734 0.499295 0.907565 0.809544 0.929509 0.671376 0.098429 0.012077 0.008521 0.500691 0.000681 0.941992 0.426681 0.285913 0.261339 
0.802665 0.350998 0.607044 0.942118 0.990208 0.889196 0.197629 0.247504 0.446484 0.707229 0.043764 0.177175 0.572282 0.512892 0.551979 0.741062 0.758453 0.283079 0.997007 0.690444 0.912578 0.876097 0.863497 0.650379 0.305550 

-0.467644 0.062896 0.363407 0.519035 -0.055831 0.514259 -0.176503 -0.556779 -0.272460 -0.315450 -0.467718 -0.055745 -0.982334 -0.736860 -1.040111 -0.643758 -0.429739 -0.292985 -0.477681 -0.085250 -0.089457 0.085981 0.310570 0.642118 0.477608 
0.527255 0.879439 -0.259334 -0.092183 -0.412632 -0.001560 -0.505326 0.176726 -0.602718 -0.235406 -0.109807 -0.637951 -0.227626 -0.538759 -0.608772 -0.478289 -0.761804 -0.534995 -0.400294 -0.289773 0.012483 0.107360 0.525717 0.608591 0.108021 
0.123440 0.046009 -0.014357 -0.678476 0.056119 -0.189372 -0.080052 -0.517487 -0.167418 -0.111927 -0.486376 -0.769255 -0.589435 -0.165571 -0.677807 -0.564876 -0.974122 -0.651469 -0.560541 -0.281070 -0.088677 0.343060 0.054051 0.785149 0.392719 
-0.451412 -0.715389 -0.489140 0.344109 0.386745 -0.112524 -0.417778 0.159144 -0.030389 -0.480839 -0.412343 -0.554449 -0.460347 -0.293799 -0.612118 -0.973764 -0.803621 -0.483678 -0.274097 -0.060593 -0.036275 0.199152 0.317459 0.185293 0.637582 
-0.280953 0.435129 -0.083705 0.042146 0.334208 -0.306165 -0.250028 -0.221059 0.081080 -0.143157 -0.408265 -0.174668 -0.425706 -0.374062 -0.385705 -0.839727 -0.263624 -0.036546 -0.103193 -0.217657 0.022058 0.325840 0.045582 0.328313 0.805038 
0.212227 -0.185490 -0.186162 0.101096 -0.446823 -0.366647 -0.555747 -0.140886 0.050930 -0.191087 -0.436805 -0.308168 -0.438520 -0.448336 -0.323805 -0.474581 -0.288378 -0.245185 -0.230389 -0.345477 0.046145 0.196399 0.301246 0.497460 0.243992 
-0.197232 -0.143764 -0.354659 0.114846 -0.200326 -0.319662 -0.460466 -0.010198 0.167681 -0.446510 -0.324171 -0.357439 -0.247214 -0.261953 -0.069798 -0.168430 -0.331276 -0.474799 0.042913 -0.190788 -0.042872 0.100909 0.248455 0.584984 0.454877 
-0.076003 -0.079089 -0.280444 0.249175 0.281601 0.102792 -0.284674 -0.097816 0.027596 0.002955 -0.066712 -0.325814 -0.242236 -0.152492 -0.071518 -0.165188 -0.097722 -0.230202 0.114530 0.008839 0.070751 0.261069 0.258460 0.065797 0.115676 
-0.635069 -0.416950 -0.123295 -0.151208 -0.291453 -0.280502 -0.093603 -0.208382 -0.161247 -0.107646 -0.090808 -0.056749 -0.064143 -0.141523 -0.202996 0.171969 -0.059553 -0.051059 -0.073447 0.049617 0.059690 0.222928 0.074810 0.365266 0.368058 
-0.157354 -0.564971 -0.107100 -0.237856 -0.318289 -0.183201 -0.138327 -0.172943 -0.255409 -0.154940 -0.064570 -0.161543 -0.070330 -0.051297 0.060874 0.055266 0.070616 0.042140 0.088762 -0.031588 -0.034059 0.147639 0.234654 0.464001 -0.023394 
-0.548731 -0.501072 -0.463615 -0.693467 -0.185193 -0.118267 -0.244601 -0.218065 -0.134809 -0.170542 -0.120959 -0.061252 0.017535 0.231320 0.324573 -0.080526 0.017259 0.065171 0.428210 0.156146 0.044388 0.163314 0.296744 0.034753 0.085262 
-0.558464 -0.364248 -0.327181 -0.493044 -0.401627 0.014842 -0.120734 -0.286744 -0.220745 0.014879 -0.133706 0.030321 0.034253 0.141900 0.365852 0.473757 0.374497 0.082527 0.373769 0.408214 0.085547 0.294729 0.228250 0.318807 -0.069869 
-0.584335 -0.154325 -0.747903 -0.300528 -0.459046 -0.220076 -0.082880 -0.483593 -0.114894 -0.205494 0.030419 0.066687 0.077444 -0.037165 0.119524 0.488143 0.274938 0.840615 0.209285 0.261864 -0.042948 0.095454 -0.058278 0.218173 -0.158600 
-0.617900 -0.160255 -1.245311 -0.479820 -0.053469 -0.526768 -0.501288 -0.412248 -0.278469 -0.101009 0.125788 0.062002 0.223438 0.131104 0.260352 0.273485 0.725979 0.371794 0.376312 0.710582 -0.010003 0.010952 -0.277962 -0.251761 -0.323319 
-0.696731 -0.748326 -0.401075 -0.820852 -0.368323 -0.447219 -0.544278 -0.078153 -0.077600 0.082935 0.158793 0.127405 0.004511 0.662070 0.800237 0.109435 0.693110 0.802464 0.769397 0.403220 0.187445 0.208309 -0.257325 -0.474856 -0.435751 
-0.654197 -0.365832 -0.684426 -0.566702 -0.129265 -0.173697 -0.218284 -0.201366 -0.326743 -0.052410 -0.049856 0.278006 0.412547 0.259032 0.982405 0.823558 0.259041 0.421210 0.653875 0.564445 0.026382 -0.351441 0.189639 -0.619824 -0.994999 
-1.241196 -1.110747 -0.671504 -0.022418 -0.089000 -0.164784 -0.236470 -0.173818 -0.115098 0.080526 0.155504 0.259099 0.529492 0.833106 0.139767 0.792622 0.274133 0.523591 0.653970 0.760897 0.176398 -0.005509 -0.087378 0.470561 0.194760 
-0.603597 -0.549042 -0.746152 -0.050089 -0.034597 -0.295781 -0.159804 -0.182756 0.058161 0.047325 0.046806 0.592827 0.501443 0.098852 0.814626 0.632726 0.383317 0.312929 1.048057 0.616776 0.013832 0.070178 -0.028465 -0.056717 0.062925 
-0.739816 -0.540806 -0.280932 -0.116210 -0.412254 0.092421 -0.045863 -0.010178 0.069882 0.055090 0.267810 0.374382 0.144160 0.305402 0.263836 0.653544 0.435559 0.404734 0.615523 0.619467 0.546383 0.121982 -0.356061 0.005692 -0.292423 
-0.094463 -0.215810 -0.305452 -0.049871 -0.107604 -0.037067 -0.293690 0.068851 -0.027452 0.038607 0.062835 0.106202 0.114586 0.306505 0.334401 0.169877 0.274483 0.169905 0.525603 0.399417 -0.118257 -0.033553 0.058648 0.728612 0.629033 
-0.080688 -0.197015 -0.243237 0.042299 -0.001622 -0.178165 -0.220762 -0.056853 0.211693 0.154573 0.074720 0.314306 0.060995 0.623173 0.208927 0.249105 0.093097 0.215653 0.141308 0.492304 0.158888 0.065806 0.556718 0.308303 0.581591 
-0.108744 0.156182 0.040168 0.084899 0.113699 0.022414 0.201616 0.151374 0.221541 -0.010069 0.434996 -0.059317 0.083742 -0.060974 -0.062171 -0.091612 0.027750 0.291079 0.062174 -0.089209 0.295801 0.288879 0.397745 0.698998 0.361539 
0.292802 0.477596 0.577691 0.234670 0.040342 0.060794 0.147175 -0.033989 0.148981 0.198650 0.032727 -0.017997 0.152500 0.230794 -0.000267 -0.089588 -0.441396 0.291263 -0.400923 0.508899 0.424044 0.454223 0.325603 1.064907 1.016957 
0.546484 0.222715 0.252828 0.751055 0.387213 0.171463 0.328862 0.587119 0.510700 0.042380 0.091178 0.248455 -0.146634 -0.281657 -0.508201 -0.213846 0.534018 0.116515 0.712101 0.571087 0.377825 0.737011 0.922422 0.696307 0.867563 
0.706568 0.265818 0.746289 0.945144 0.798528 0.850487 0.125715 0.468436 0.167704 0.209555 0.097589 0.333945 0.001520 -0.232194 -0.617827 -0.735749 -0.605671 0.096183 0.160424 0.182771 0.577721 0.431204 1.281455 1.265021 0.919668 
