0.498913 0.478756 0.265128 0.461844 0.399819 0.676974 0.921753 0.640867 0.766933 0.689088 0.753075 0.183871 0.535120 0.714907 0.032181 0.292563 0.473233 0.663676 0.825527 0.872477 0.178177 0.865801 0.155947 0.247621 0.255534 
0.833828 0.110209 0.034163 0.208347 0.350762 0.502870 0.137777 0.997595 0.166286 0.764847 0.647483 0.510938 0.923741 0.562998 0.677031 0.313225 0.421104 0.817640 0.515115 0.879637 0.155900 0.241085 0.427560 0.603157 0.089349 
0.021564 0.610705 0.147166 0.834564 0.596200 0.159058 0.214363 0.385358 0.198312 0.240098 0.759039 0.779380 0.013076 0.798395 0.288144 0.280125 0.887830 0.301297 0.409788 0.318316 0.970281 0.137946 0.713139 0.034255 0.058621 
0.157842 0.224464 0.247655 0.203861 0.363598 0.807120 0.880717 0.738572 0.771439 0.963856 0.729350 0.173816 0.522731 0.609922 0.113053 0.516730 0.297358 0.535823 0.464129 0.675054 0.792391 0.864736 0.898639 0.895006 0.322545 
0.269861 0.232709 0.610045 0.052149 0.952016 0.756320 0.740645 0.742027 0.977050 0.838155 0.406906 0.114382 0.432051 0.882236 0.067911 0.659171 0.458565 0.734107 0.278646 0.247185 0.481907 0.163513 0.012821 0.034432 0.159511 
0.132208 0.029516 0.460960 0.635431 0.237939 0.004534 0.934590 0.642389 0.898738 0.692261 0.560030 0.805007 0.106977 0.173174 0.752879 0.830305 0.783136 0.493234 0.999419 0.852328 0.660873 0.249788 0.237711 0.760897 0.051805 
0.238851 0.706155 0.027197 0.219345 0.560551 0.729912 0.439732 0.950391 0.649391 0.728786 0.417862 0.558241 0.801741 0.031620 0.786909 0.934892 0.541805 0.547747 0.921674 0.503180 0.846752 0.024869 0.812624 0.000118 0.298766 
0.173062 0.748755 0.803998 0.600226 0.878285 0.001857 0.733941 0.363582 0.002883 0.993384 0.021434 0.638830 0.740262 0.477424 0.990200 0.174743 0.489211 0.938121 0.661895 0.219331 0.578011 0.421984 0.124555 0.207554 0.506306 
0.308944 0.872379 0.007084 0.386224 0.666630 0.809785 0.049309 0.112227 0.061467 0.842091 0.609502 0.005234 0.125239 0.130409 0.323907 0.546210 0.155391 0.492908 0.969580 0.596616 0.170047 0.559506 0.285412 0.691915 0.063694 
0.421827 0.536348 0.676552 0.474790 0.200462 0.864192 0.441109 0.389031 0.543006 0.611361 0.750086 0.226219 0.530266 0.833644 0.144300 0.172634 0.679204 0.210584 0.034151 0.634510 0.843096 0.064041 0.730254 0.203690 0.577648 
0.105365 0.675609 0.616722 0.180951 0.136250 0.534794 0.652515 0.385313 0.753402 0.562803 0.455313 0.635112 0.424180 0.876952 0.439304 0.190086 0.793643 0.056931 0.134799 0.481644 0.001458 0.378575 0.698799 0.977821 0.354221 
0.429156 0.639612 0.491866 0.604041 0.295788 0.724578 0.004069 0.711027 0.368392 0.177753 0.849557 0.354707 0.728550 0.518399 0.265507 0.430188 0.955344 0.463574 0.875734 0.664193 0.933355 0.738064 0.301411 0.950338 0.701342 
0.784626 0.535727 0.605273 0.295062 0.373459 0.934451 0.386497 0.147206 0.059853 0.077935 0.870239 0.653100 0.180179 0.366729 0.774379 0.069000 0.984856 0.749802 0.486766 0.628778 0.700726 0.241883 0.418937 0.884657 0.881136 
0.681100 0.844333 0.416528 0.114765 0.952006 0.917070 0.429409 0.688439 0.551947 0.390995 0.892957 0.958362 0.741410 0.630331 0.062009 0.533053 0.684324 0.238968 0.324285 0.834791 0.496316 0.242267 0.019674 0.427182 0.358215 
0.479336 0.946121 0.565369 0.276273 0.233589 0.733676 0.158031 0.988673 0.208596 0.304159 0.720085 0.008578 0.379878 0.468237 0.090497 0.082283 0.949296 0.457384 0.916102 0.151944 0.422036 0.809348 0.433147 0.297642 0.786641 
0.117787 0.849493 0.406230 0.306151 0.555520 0.252149 0.437179 0.880757 0.749680 0.172081 0.280523 0.932199 0.795652 0.379629 0.988715 0.905157 0.280485 0.975598 0.204870 0.581433 0.804339 0.037338 0.512070 0.385781 0.660831 
0.509514 0.088961 0.166977 0.510569 0.086326 0.668340 0.304526 0.378007 0.258818 0.897421 0.065107 0.858662 0.067058 0.422711 0.616177 0.520539 0.403330 0.652159 0.000010 0.146441 0.596679 0.590631 0.373078 0.828974 0.241929 
0.484852 0.480712 0.231806 0.747575 0.854773 0.603230 0.854324 0.192731 0.498357 0.385528 0.718713 0.636229 0.807579 0.559863 0.731501 0.479019 0.955227 0.259952 0.456727 0.768768 0.725194 0.314388 0.640965 0.840258 0.908540 
0.221209 0.446451 0.592602 0.223627 0.916598 0.465135 0.465614 0.776391 0.574534 0.405423 0.939047 0.387854 0.488966 0.773854 0.601521 0.890433 0.086612 0.089221 0.917830 0.842796 0.169502 0.428217 0.178788 0.070742 0.328758 
0.385421 0.955362 0.418026 0.283473 0.697566 0.860813 0.145735 0.447707 0.299106 0.452527 0.911753 0.646356 0.153323 0.405761 0.881389 0.578953 0.623630 0.169586 0.828852 0.727195 0.851021 0.031680 0.732169 0.653640 0.308016 
0.179169 0.696142 0.650523 0.883420 0.495914 0.027748 0.599788 0.750035 0.487671 0.679624 0.294716 0.406774 0.310062 0.923202 0.095815 0.604552 0.903167 0.815951 0.268341 0.796856 0.484655 0.097357 0.211612 0.831765 0.064701 
0.488640 0.475020 0.147154 0.129640 0.851063 0.624997 0.212926 0.311465 0.731781 0.635220 0.364041 0.094628 0.756558 0.807071 0.773714 0.273158 0.485905 0.010238 0.564068 0.729983 0.298766 0.896059 0.479388 0.539955 0.643757 
0.132827 0.181852 0.199335 0.408812 0.637582 0.772090 0.026134 0.909276 0.821154 0.937161 0.870330 0.387687 0.277747 0.480972 0.189216 0.705991 0.138639 0.165046 0.390412 0.314042 0.622440 0.760300 0.196585 0.383551 0.411940 
0.251690 0.442296 0.882570 0.290803 0.084699 0.059780 0.673509 0.326799 0.466484 0.811986 0.580571 0.766180 0.741519 0.079714 0.170893 0.863996 0.995282 0.170110 0.099462 0.980367 0.733362 0.806386 0.958261 0.608203 0.624852 
0.380884 0.069306 0.914086 0.858477 0.189317 0.151749 0.441208 0.016075 0.240779 0.743826 0.990487 0.252072 0.880289 0.696995 0.648075 0.449905 0.848809 0.860521 0.677094 0.573582 0.809342 0.432666 0.388816 0.871987 0.256160 

0.798564 0.349504 0.412486 0.819140 0.201153 0.169200 0.920557 0.037648 0.647154 0.329398 0.285959 0.530390 0.953618 0.100192 0.533585 0.927695 0.761840 0.762023 0.459419 0.990571 0.955081 0.322444 0.935625 0.209147 0.774760 
0.995676 0.092992 0.910488 0.176397 0.207478 0.744924 0.974668 0.334858 0.627439 0.400528 0.637000 0.489173 0.251838 0.373893 0.237992 0.250530 0.820584 0.584599 0.902425 0.274123 0.468027 0.636839 0.767223 0.904687 0.165481 
0.877441 0.580824 0.397447 0.770639 0.523084 0.465885 0.668061 0.922152 0.511016 0.941218 0.004730 0.617578 0.039768 0.022724 0.805200 0.362210 0.448000 0.099383 0.335699 0.337605 0.531585 0.621662 0.830423 0.992605 0.868643 
0.399255 0.972637 0.696752 0.136895 0.410231 0.440918 0.364651 0.506668 0.458020 0.435030 0.781580 0.731806 0.214446 0.108731 0.365496 0.135529 0.479534 0.504275 0.069078 0.270158 0.016607 0.882501 0.218461 0.069200 0.029014 
0.616495 0.644758 0.776587 0.224633 0.296085 0.423934 0.880255 0.759744 0.052452 0.610331 0.893265 0.525826 0.844604 0.411057 0.875427 0.578891 0.561855 0.053459 0.994228 0.570508 0.878526 0.524408 0.526298 0.726127 0.420876 
0.949236 0.055030 0.662352 0.917757 0.739750 0.718373 0.850314 0.900041 0.522087 0.403506 0.982656 0.590391 0.568805 0.653160 0.061185 0.902944 0.325162 0.718142 0.353157 0.698853 0.918024 0.515090 0.453108 0.794853 0.969120 
0.807097 0.057995 0.093642 0.488082 0.024898 0.880432 0.711045 0.885110 0.097988 0.660657 0.658554 0.169503 0.578051 0.256372 0.673595 0.767058 0.347097 0.367625 0.653590 0.737275 0.675379 0.996559 0.554987 0.350937 0.810783 
0.299099 0.819128 0.567089 0.266716 0.680238 0.986161 0.571724 0.928731 0.467375 0.568339 0.422522 0.396100 0.352967 0.695243 0.211864 0.911905 0.122987 0.403436 0.554259 0.505078 0.171719 0.814162 0.975056 0.615360 0.468184 
0.986784 0.989193 0.852225 0.593169 0.537257 0.409221 0.996688 0.718879 0.666320 0.848207 0.171236 0.414341 0.118332 0.310797 0.432834 0.814294 0.022580 0.452782 0.985737 0.651685 0.748946 0.349935 0.925489 0.670313 0.412603 
0.593556 0.266533 0.772505 0.281683 0.426407 0.082007 0.558965 0.766834 0.959291 0.583270 0.052692 0.883938 0.384504 0.250429 0.527143 0.961827 0.690726 0.989158 0.159824 0.647276 0.698791 0.912167 0.159471 0.113759 0.297888 
0.076486 0.667617 0.804046 0.822848 0.486107 0.520938 0.142380 0.699010 0.433331 0.832036 0.249576 0.255753 0.547828 0.934302 0.504155 0.455104 0.105794 0.658842 0.893352 0.894974 0.185700 0.137884 0.736927 0.150410 0.007124 
0.089761 0.198839 0.238356 0.480280 0.986559 0.010035 0.403555 0.146133 0.650699 0.484026 0.788934 0.854278 0.484217 0.131622 0.428634 0.755205 0.645719 0.199840 0.481870 0.761557 0.876043 0.060331 0.659082 0.224058 0.554361 
0.244434 0.800811 0.610302 0.995460 0.306689 0.748672 0.388735 0.884738 0.244493 0.464835 0.686052 0.058827 0.097139 0.638806 0.594730 0.747050 0.230279 0.609639 0.884024 0.588056 0.910837 0.530800 0.690083 0.671389 0.908634 
0.145682 0.743652 0.436240 0.328449 0.298619 0.345258 0.814859 0.959119 0.603909 0.939809 0.491638 0.587546 0.963966 0.477530 0.706211 0.942043 0.257673 0.944982 0.280542 0.734029 0.952465 0.285635 0.041731 0.708471 0.456513 
0.144106 0.512356 0.271989 0.311902 0.297391 0.794140 0.246140 0.262950 0.876606 0.196470 0.518564 0.248353 0.275438 0.262182 0.101828 0.811242 0.723338 0.699476 0.304140 0.737935 0.677778 0.014042 0.402103 0.201349 0.680844 
0.461996 0.310228 0.259389 0.414364 0.695843 0.670814 0.024860 0.035939 0.827696 0.806036 0.838407 0.648243 0.330174 0.503346 0.273044 0.039780 0.692289 0.212242 0.073002 0.634981 0.906258 0.944984 0.290854 0.046814 0.797055 
0.691291 0.733472 0.538750 0.147360 0.963493 0.017979 0.797455 0.313277 0.213175 0.218741 0.756188 0.101544 0.110381 0.139850 0.464202 0.635527 0.940827 0.400722 0.825552 0.990122 0.923652 0.097332 0.791080 0.723553 0.763296 
0.602774 0.836945 0.272690 0.394908 0.274550 0.784206 0.929852 0.082039 0.202350 0.829094 0.120309 0.175177 0.645891 0.386046 0.208221 0.129466 0.262674 0.771113 0.313016 0.020137 0.106703 0.569625 0.878263 0.695640 0.760363 
0.071236 0.778078 0.070533 0.631120 0.387378 0.593798 0.828424 0.757059 0.917730 0.579880 0.496536 0.722300 0.675880 0.440510 0.308903 0.311260 0.724977 0.296387 0.600309 0.023685 0.868894 0.045966 0.618598 0.816944 0.868253 
0.408436 0.937618 0.174308 0.435157 0.312165 0.692179 0.616719 0.839993 0.528263 0.775036 0.961783 0.153625 0.594189 0.891960 0.942921 0.327689 0.076302 0.363480 0.404448 0.882629 0.385371 0.929744 0.112090 0.296254 0.394629 
0.336644 0.272299 0.982958 0.324285 0.035175 0.250666 0.134063 0.676233 0.600729 0.837449 0.274329 0.093279 0.974200 0.433376 0.941304 0.979618 0.093662 0.230053 0.574770 0.076355 0.709487 0.028326 0.910325 0.375365 0.567705 
0.537037 0.771056 0.276784 0.434229 0.321685 0.438860 0.871128 0.928442 0.906617 0.260767 0.715212 0.776952 0.562836 0.938726 0.538435 0.794080 0.882144 0.806328 0.898615 0.153371 0.210419 0.994981 0.771488 0.259240 0.077612 
0.325930 0.119644 0.887392 0.700735 0.265223 0.406463 0.703795 0.216949 0.681956 0.020056 0.556842 0.474182 0.424859 0.745336 0.614901 0.566082 0.100870 0.783111 0.569921 0.427769 0.200197 0.596088 0.841645 0.545112 0.510151 
0.836546 0.243988 0.194046 0.237909 0.890042 0.991120 0.660462 0.293042 0.679559 0.404198 0.910190 0.725083 0.708313 0.583461 0.521928 0.729225 0.436634 0.555738 0.864931 0.402558 0.381462 0.855914 0.989898 0.471112 0.789771 
0.220058 0.906710 0.547999 0.536017 0.845703 0.548727 0.468088 0.303553 0.222943 0.600728 0.046216 0.863905 0.539898 0.425752 0.065395 0.571487 0.328109 0.325469 0.413849 0.389480 0.113617 0.096484 0.367837 0.315267 0.441218 

0.256812 -0.049265 0.169079 0.219573 -0.168943 -0.433169 -0.155520 -0.558491 -0.406587 -0.340668 -0.590464 -0.478441 -0.992611 -0.471535 -0.291677 -0.842664 -1.081390 -0.918839 -0.484479 -0.582440 -0.001142 -0.080705 0.435767 0.221693 0.961900 
0.322919 0.015542 0.878094 -0.000462 -0.010975 0.063278 0.436340 -0.785311 -0.013359 -0.558950 -0.385067 -0.464928 -0.536252 -0.609628 -0.588983 -0.444072 -0.809242 -0.764237 -0.766311 -0.227786 -0.101740 0.339832 0.679795 0.843235 0.052006 
0.770192 -0.136988 0.197751 -0.047170 -0.002724 0.207062 0.217381 -0.139526 -0.064871 -0.252684 -0.338554 -0.801182 0.003061 -0.268967 -0.799156 -0.279360 -0.752296 -0.218673 -0.285284 -0.172827 -0.234230 0.029000 0.575216 0.853629 0.773214 
0.127540 0.560265 0.297250 0.046327 0.120431 -0.375827 -0.349775 -0.213891 -0.274552 -0.431902 -0.475158 -0.452605 -0.374805 -0.401932 -0.374992 -0.175203 -0.493685 -0.409931 -0.192703 -0.130138 -0.012123 0.207332 0.206048 0.192900 0.139261 
0.086684 0.157362 0.136575 0.110513 -0.436177 -0.125596 -0.067786 -0.301418 -0.483011 -0.288151 -0.188423 -0.104251 -0.553518 -0.499548 -0.612437 -0.585556 -0.456071 -0.041491 -0.401433 -0.244908 0.151402 0.196682 0.242374 0.356046 0.513930 
0.538740 -0.075044 0.123685 0.153641 0.268642 0.198077 -0.148635 0.000410 -0.399404 -0.275795 -0.331392 -0.347640 -0.311916 -0.345618 -0.248992 -0.609938 -0.378589 -0.504875 -0.229116 -0.052739 -0.085191 0.055187 0.227267 0.716048 0.620601 
0.237495 -0.698169 0.132699 0.138964 -0.285885 -0.042653 -0.043234 -0.283476 -0.290515 -0.148980 -0.264718 -0.167496 -0.283836 -0.103287 -0.431334 -0.372740 -0.257239 -0.025789 -0.346700 -0.075658 -0.117569 -0.090844 0.292298 0.184455 0.549665 
0.039714 -0.153031 -0.219008 -0.237189 -0.319019 0.261093 0.023380 -0.103208 0.060066 -0.457566 -0.082491 -0.336298 -0.234113 -0.157538 -0.248963 -0.263282 0.021575 -0.124442 -0.173476 -0.015256 0.241823 0.172365 0.170645 0.276857 0.349105 
0.046432 -0.334083 0.197934 -0.030315 -0.145551 -0.124193 0.105018 -0.001150 0.018887 -0.442192 0.050273 0.056791 0.100330 -0.071269 -0.286385 -0.219946 -0.066153 -0.222017 -0.116886 0.009291 -0.001026 0.142830 0.286213 0.348085 0.142087 
-0.337313 -0.385646 -0.427243 -0.085880 -0.115243 -0.315742 -0.177551 -0.049818 -0.055745 -0.163354 -0.286676 -0.071372 -0.040464 -0.044928 0.134399 0.210873 0.025561 -0.082259 -0.200062 0.049834 0.189858 0.188587 0.182193 0.049410 0.321640 
-0.200841 -0.774562 -0.499643 -0.429627 -0.114652 -0.256808 -0.281149 -0.249217 -0.109256 -0.368860 0.053587 0.053603 -0.129481 0.043772 0.175977 0.082077 0.208957 0.301506 0.107410 0.215204 -0.229097 -0.082287 0.124427 0.431057 0.439553 
-0.371123 -0.362221 -0.320279 -0.527870 -0.259871 -0.203850 -0.141016 -0.139785 -0.168268 0.103590 -0.203184 0.180937 0.084994 -0.053215 0.295429 0.472837 0.305727 0.284966 0.451414 0.382929 0.241042 0.185587 -0.102387 0.285440 0.135472 
-0.627151 -0.634971 -0.625447 -0.690171 -0.327067 -0.624302 -0.237844 -0.479944 -0.087900 -0.034821 -0.057112 0.222024 0.139414 0.471500 0.240039 0.421695 0.290663 0.567621 0.515736 0.289609 0.285208 0.114332 -0.093205 0.063518 -0.015788 
-0.253483 -0.895134 -0.680151 -0.330695 -0.548427 -0.284736 -0.365123 -0.449896 -0.108631 -0.117825 -0.028664 0.143880 0.498873 0.450689 0.541882 0.867380 0.367065 0.468218 0.407845 0.632852 0.192097 -0.001426 -0.082874 -0.369475 -0.056300 
-0.364975 -0.798728 -0.298855 -0.255108 -0.179535 -0.641872 -0.103387 -0.169929 -0.153264 -0.029147 0.133099 0.009475 0.092649 0.119300 -0.040268 0.843436 0.841181 0.729538 0.564834 0.278551 0.107778 0.324569 0.104221 0.012147 -0.096206 
-0.502355 -0.511882 -0.420576 -0.556349 -0.523682 -0.530192 -0.233825 -0.056301 -0.296586 0.025881 0.238594 0.356497 0.236508 0.653223 0.369709 0.405083 0.790029 0.523839 0.212489 0.586936 0.492589 -0.213605 0.178542 0.168666 -0.394447 
-0.855907 -0.616171 -0.629446 -0.107790 -0.753204 -0.058080 -0.391240 -0.061352 -0.003303 0.259382 0.175308 0.120493 0.047536 0.139350 0.746975 0.541864 1.045339 0.511597 0.648470 0.572901 0.297111 0.195706 -0.260670 -0.091360 -0.654062 
-0.710709 -0.775500 -0.240962 -0.289319 -0.356791 -0.419182 -0.496581 -0.061892 0.026400 0.098346 0.090175 0.146954 0.527868 0.526300 0.559212 0.097233 0.570436 0.514538 0.404467 0.337140 0.437858 0.140542 -0.151022 0.009317 -0.005904 
-0.008786 -0.649244 -0.195637 -0.348597 -0.402568 -0.045231 -0.396366 0.021152 -0.070238 0.080688 0.176441 0.485579 0.415559 0.622948 0.231324 0.635645 0.575637 0.180846 0.823175 0.563958 0.206246 0.319956 -0.283866 -0.526768 -0.319733 
-0.164038 -0.559082 -0.179233 -0.241138 -0.016513 -0.172968 -0.267745 -0.137590 0.108090 0.062687 0.261944 0.251405 0.040689 0.446198 0.809384 0.368226 0.421116 0.148673 0.736866 0.384313 0.309175 0.024997 0.586102 0.304843 0.063688 
-0.109760 -0.149981 -0.073712 -0.148684 -0.127402 -0.036789 0.174267 0.063546 0.242209 0.059498 0.132601 -0.029432 0.165452 0.360470 -0.003898 0.343733 0.459036 0.412021 0.099803 0.583468 0.279727 0.087759 0.142448 0.695938 0.051801 
0.127077 0.327457 0.135025 0.117974 0.201666 -0.050223 0.248739 0.086453 0.162492 0.073703 0.070284 -0.149538 0.010732 0.163848 0.384875 0.055225 -0.051345 -0.291010 0.094085 0.496519 0.167502 0.838823 0.384568 0.265804 0.643491 
0.055985 -0.016910 0.516185 0.233817 0.156195 0.162419 0.333734 0.387078 0.266011 0.296900 0.337119 0.190178 -0.008872 -0.209616 -0.241782 0.187758 -0.069739 -0.321418 -0.126978 0.126950 0.483896 0.760709 0.684975 0.516040 0.664782 
0.690550 0.167384 0.224701 0.283350 0.480152 0.510664 0.297315 0.131363 0.249634 -0.004051 -0.017314 -0.092138 -0.062469 -0.330839 -0.095175 -0.175425 0.208015 -0.355045 -0.469988 0.779195 0.626598 0.833588 1.510436 0.947556 1.310831 
0.155434 0.642840 0.617142 0.658438 0.547792 0.456144 0.386035 0.076017 0.203085 0.394942 0.361646 -0.279453 0.143690 -0.077584 0.364788 -0.277812 0.126907 0.263241 0.344595 0.309632 0.721443 0.323047 0.429886 1.070137 0.610553 
