0.141531 0.447481 0.907351 0.686186 0.450190 0.048517 0.181400 0.266182 0.933797 0.647596 0.574961 0.382331 0.594292 0.955074 0.321180 0.184668 0.380762 0.568326 0.154932 0.877093 0.832563 0.076011 0.269243 0.681127 0.893131 
0.219547 0.824064 0.964377 0.642633 0.562051 0.336169 0.971619 0.879926 0.343180 0.345919 0.489153 0.556976 0.476907 0.599087 0.618690 0.445804 0.258319 0.418208 0.483538 0.351838 0.727885 0.969796 0.573862 0.459521 0.681905 
0.972142 0.096178 0.092798 0.527816 0.655931 0.815409 0.594492 0.878497 0.302633 0.275676 0.328711 0.272576 0.360635 0.853788 0.709852 0.753216 0.167182 0.962955 0.530847 0.745390 0.849202 0.166869 0.564108 0.418113 0.152345 
0.770035 0.779302 0.933665 0.199872 0.940208 0.279321 0.589437 0.128489 0.351372 0.155183 0.787279 0.164160 0.147940 0.229661 0.837799 0.690107 0.191236 0.804529 0.372667 0.475233 0.313863 0.701953 0.069886 0.821249 0.447919 
0.235348 0.716810 0.475023 0.969599 0.818243 0.460856 0.195764 0.672078 0.371688 0.032533 0.064752 0.592009 0.160892 0.088752 0.708092 0.505492 0.449808 0.165694 0.163836 0.102540 0.949211 0.548555 0.144687 0.020788 0.180906 
0.583144 0.313892 0.923757 0.989322 0.067091 0.370064 0.089359 0.511370 0.087091 0.242513 0.504404 0.973487 0.684180 0.458059 0.874855 0.564731 0.668779 0.387756 0.364212 0.526008 0.310829 0.030423 0.419387 0.394063 0.597737 
0.646305 0.932894 0.517808 0.671744 0.551128 0.327175 0.460461 0.675544 0.370552 0.949504 0.681481 0.262983 0.745059 0.516794 0.767253 0.235966 0.247853 0.517164 0.981042 0.635101 0.392375 0.624735 0.479350 0.220995 0.677530 
0.127067 0.897876 0.716391 0.249287 0.219844 0.641418 0.639594 0.422668 0.426739 0.590723 0.337232 0.530442 0.161164 0.796593 0.637234 0.887234 0.855435 0.328152 0.702345 0.567690 0.352580 0.693574 0.565270 0.169636 0.903226 
0.913755 0.148546 0.183250 0.465194 0.356775 0.918754 0.872900 0.562048 0.183538 0.204646 0.134335 0.420436 0.871757 0.831703 0.156523 0.634717 0.934916 0.924575 0.588781 0.842742 0.897849 0.910762 0.559833 0.538993 0.379911 
0.315855 0.210920 0.563312 0.316132 0.390691 0.999053 0.391675 0.599070 0.536988 0.010839 0.885955 0.159750 0.682352 0.610577 0.664051 0.699909 0.952679 0.151386 0.203977 0.182024 0.148848 0.704175 0.196061 0.615802 0.430610 
0.067920 0.257439 0.950046 0.668637 0.300955 0.863541 0.872133 0.633497 0.427886 0.286441 0.415650 0.128087 0.431614 0.405938 0.429403 0.723736 0.470215 0.172213 0.793831 0.961356 0.805514 0.901747 0.733067 0.341273 0.140765 
0.396999 0.281116 0.120456 0.221880 0.953526 0.031449 0.504531 0.427717 0.934692 0.071094 0.577900 0.125617 0.034229 0.735156 0.702280 0.158981 0.364808 0.584780 0.576052 0.155363 0.291689 0.817204 0.602111 0.012244 0.968641 
0.908591 0.055435 0.219108 0.215841 0.044373 0.317517 0.651364 0.167110 0.392181 0.534311 0.642766 0.500531 0.297643 0.934078 0.848828 0.617757 0.078928 0.102750 0.530331 0.155637 0.409711 0.584961 0.288854 0.316011 0.692564 
0.794244 0.241173 0.038933 0.500825 0.070569 0.533993 0.811253 0.688421 0.742500 0.191967 0.106876 0.555249 0.948566 0.918635 0.733589 0.288645 0.858098 0.959239 0.473714 0.756774 0.837452 0.341630 0.587095 0.754863 0.959623 
0.462475 0.892595 0.320981 0.544153 0.615889 0.179308 0.340528 0.813239 0.195818 0.740122 0.595682 0.377867 0.903974 0.631606 0.022953 0.846496 0.281947 0.976812 0.158796 0.272725 0.346050 0.255261 0.422136 0.240265 0.040142 
0.760417 0.662843 0.794607 0.647785 0.684821 0.723022 0.804872 0.838588 0.101118 0.190475 0.698530 0.897295 0.894360 0.913524 0.649698 0.999422 0.766315 0.287430 0.223949 0.544550 0.834688 0.813380 0.363185 0.298536 0.163924 
0.753088 0.708082 0.420923 0.028212 0.931792 0.323321 0.722377 0.778295 0.749192 0.097329 0.498995 0.472603 0.275142 0.413640 0.557914 0.972151 0.853235 0.619935 0.406490 0.972980 0.556846 0.217908 0.200586 0.924254 0.227397 
0.960631 0.858293 0.335198 0.849647 0.675501 0.907423 0.534826 0.591356 0.159540 0.987761 0.454991 0.428176 0.032150 0.394331 0.138235 0.104931 0.712004 0.510270 0.013693 0.394350 0.062202 0.076098 0.775691 0.902853 0.641772 
0.381087 0.552111 0.355802 0.157563 0.392233 0.427833 0.359138 0.113802 0.866494 0.685659 0.309414 0.021857 0.973236 0.802195 0.223497 0.952647 0.929889 0.700132 0.790987 0.759066 0.796616 0.948242 0.263062 0.845013 0.913488 
0.227101 0.831678 0.543441 0.166649 0.041567 0.869024 0.396249 0.810299 0.053348 0.726896 0.720933 0.064130 0.727059 0.138863 0.887802 0.429703 0.705138 0.689653 0.367163 0.408051 0.405882 0.478871 0.862152 0.318055 0.920099 
0.229123 0.223372 0.270454 0.650422 0.210795 0.012369 0.281628 0.863815 0.412444 0.042143 0.315160 0.396887 0.832257 0.041566 0.467518 0.602573 0.063872 0.522364 0.734637 0.407960 0.227622 0.341356 0.344779 0.015264 0.283974 
0.727410 0.836907 0.145960 0.661868 0.607202 0.920352 0.574446 0.668834 0.265733 0.921382 0.265186 0.490867 0.604149 0.259070 0.499623 0.437615 0.963171 0.043083 0.099378 0.847813 0.138930 0.484249 0.885221 0.452712 0.384648 
0.824162 0.094957 0.345433 0.287986 0.215626 0.249800 0.603868 0.450258 0.167244 0.994820 0.897743 0.489540 0.982787 0.494832 0.742484 0.112384 0.438041 0.371328 0.514024 0.099408 0.433396 0.433074 0.093609 0.093924 0.509079 
0.155826 0.538664 0.874993 0.803086 0.277567 0.919137 0.344596 0.432625 0.633036 0.362628 0.344282 0.494735 0.994723 0.257695 0.714885 0.612772 0.161505 0.671408 0.995237 0.380547 0.932587 0.082114 0.957400 0.264362 0.634958 
0.646133 0.216907 0.382632 0.821196 0.346392 0.128737 0.655805 0.789161 0.929266 0.520409 0.949264 0.537561 0.350548 0.493611 0.389495 0.983722 0.961931 0.696160 0.549442 0.502787 0.069213 0.654937 0.025891 0.066977 0.433851 

0.161308 0.513287 0.177786 0.260732 0.915318 0.919078 0.385600 0.021159 0.992141 0.286595 0.430678 0.180560 0.837807 0.373590 0.548373 0.868055 0.248547 0.841791 0.521311 0.307781 0.448876 0.139208 0.289460 0.325601 0.325012 
0.562351 0.452778 0.331254 0.939198 0.813662 0.811965 0.146633 0.243163 0.136857 0.883969 0.050229 0.932140 0.690497 0.970892 0.085649 0.657738 0.583344 0.764768 0.379808 0.830849 0.388876 0.021016 0.752968 0.691514 0.081260 
0.837027 0.429157 0.529283 0.606128 0.948804 0.198072 0.630617 0.996238 0.006042 0.382864 0.665267 0.556946 0.738649 0.371403 0.892198 0.229902 0.886731 0.589665 0.042844 0.955728 0.142004 0.026002 0.023080 0.688150 0.652706 
0.856714 0.338148 0.436717 0.432459 0.663344 0.644362 0.633694 0.115608 0.347671 0.938710 0.904148 0.292067 0.879026 0.108026 0.502925 0.368335 0.356493 0.668083 0.441591 0.154563 0.258684 0.345586 0.131979 0.462900 0.072777 
0.120503 0.128668 0.454135 0.589485 0.781296 0.633784 0.171903 0.031103 0.203370 0.657061 0.452643 0.489878 0.574870 0.600576 0.370715 0.332059 0.764855 0.185627 0.548832 0.587129 0.843891 0.747139 0.592306 0.235397 0.747657 
0.284365 0.139179 0.495039 0.968147 0.889514 0.925731 0.213627 0.328854 0.365752 0.016259 0.824912 0.000612 0.428973 0.997740 0.064083 0.330272 0.335142 0.629458 0.630612 0.994104 0.469984 0.839068 0.684812 0.641611 0.956620 
0.768183 0.485268 0.941242 0.556364 0.634776 0.098432 0.153532 0.961622 0.220400 0.989278 0.854255 0.671175 0.582470 0.151751 0.257483 0.507847 0.442921 0.429068 0.454951 0.762669 0.854224 0.621951 0.043896 0.022984 0.089374 
0.279240 0.274183 0.732628 0.966992 0.297485 0.786149 0.985388 0.429525 0.324249 0.041481 0.015859 0.503437 0.230580 0.513626 0.430426 0.339273 0.091303 0.764792 0.160800 0.233867 0.181628 0.333530 0.765976 0.433743 0.463095 
0.842451 0.099197 0.982386 0.563180 0.287797 0.670561 0.145713 0.600995 0.306231 0.220327 0.113539 0.991149 0.069391 0.192611 0.166329 0.054916 0.420355 0.370331 0.207627 0.126748 0.708638 0.140752 0.694726 0.549494 0.004040 
0.047901 0.714540 0.093974 0.036325 0.447993 0.478888 0.818137 0.502110 0.836584 0.896623 0.172389 0.347795 0.353281 0.148231 0.232987 0.599255 0.139750 0.953210 0.176050 0.418457 0.804498 0.179294 0.748201 0.957165 0.390244 
0.484784 0.994124 0.454228 0.599361 0.336078 0.406643 0.069970 0.185017 0.382111 0.398780 0.336113 0.203698 0.929425 0.286403 0.011854 0.855391 0.699773 0.371403 0.758629 0.349752 0.645572 0.269262 0.506013 0.123556 0.876039 
0.834148 0.319124 0.323153 0.280614 0.948501 0.486049 0.456128 0.456150 0.306728 0.461184 0.829943 0.068856 0.894616 0.604200 0.121780 0.854477 0.089645 0.934969 0.207445 0.385127 0.261300 0.128252 0.710180 0.225402 0.080586 
0.755153 0.964020 0.229063 0.885677 0.997853 0.409936 0.543741 0.170644 0.737590 0.349276 0.288500 0.622446 0.432895 0.580621 0.560750 0.022065 0.453580 0.596854 0.589060 0.038140 0.869509 0.091964 0.047904 0.162078 0.491994 
0.817216 0.260687 0.699173 0.453042 0.086195 0.016862 0.885055 0.887054 0.573154 0.725534 0.018914 0.981101 0.054633 0.638245 0.310462 0.483462 0.506571 0.354711 0.709508 0.062991 0.569934 0.668678 0.049625 0.454460 0.480165 
0.228700 0.340025 0.197375 0.919601 0.580498 0.956587 0.089477 0.086727 0.219826 0.196731 0.636474 0.384777 0.165446 0.312441 0.344183 0.004460 0.364781 0.018526 0.838143 0.171539 0.983341 0.803296 0.595564 0.738880 0.414863 
0.758727 0.571949 0.886369 0.320006 0.679440 0.333794 0.957185 0.872998 0.440552 0.203164 0.077807 0.429791 0.374403 0.674555 0.567907 0.059211 0.633556 0.753808 0.381579 0.325264 0.685107 0.216071 0.533971 0.130551 0.586874 
0.790107 0.964650 0.359885 0.322849 0.905592 0.263835 0.642079 0.114335 0.470724 0.868279 0.169761 0.866794 0.864062 0.776714 0.415196 0.177061 0.645438 0.423965 0.669525 0.180802 0.099296 0.851017 0.042688 0.219809 0.876581 
0.985931 0.293861 0.052033 0.712039 0.964087 0.763069 0.412739 0.107648 0.279528 0.869603 0.488333 0.765202 0.336972 0.991730 0.358067 0.812601 0.307698 0.147854 0.043292 0.169626 0.084705 0.717911 0.706983 0.895009 0.084486 
0.697527 0.732658 0.703827 0.092981 0.506781 0.330544 0.764895 0.808740 0.275341 0.064100 0.063591 0.647526 0.736336 0.788550 0.224154 0.419861 0.308684 0.412910 0.664540 0.327195 0.471458 0.903702 0.295283 0.475795 0.390042 
0.577774 0.132516 0.243348 0.165828 0.952266 0.729617 0.954619 0.278609 0.608413 0.449383 0.704395 0.386397 0.034021 0.442179 0.231578 0.506525 0.797638 0.171071 0.540203 0.136464 0.124275 0.266490 0.881070 0.446926 0.049347 
0.595645 0.656140 0.972323 0.699920 0.432365 0.307937 0.213106 0.226876 0.964938 0.132848 0.178272 0.595671 0.044594 0.151245 0.262629 0.593833 0.666887 0.448605 0.137339 0.764308 0.144261 0.249375 0.036479 0.610769 0.769150 
0.922587 0.606755 0.762671 0.432167 0.579585 0.029999 0.359765 0.267982 0.179284 0.750491 0.868009 0.859147 0.403089 0.894604 0.500576 0.161236 0.865201 0.859304 0.500837 0.178333 0.814021 0.608536 0.447636 0.370853 0.204125 
0.708809 0.505920 0.350589 0.089350 0.507734 0.728552 0.063947 0.146497 0.018278 0.529783 0.698474 0.309967 0.324751 0.375758 0.815706 0.339039 0.421269 0.100521 0.244627 0.187871 0.466596 0.331820 0.232356 0.396478 0.085011 
0.628546 0.103526 0.159871 0.050927 0.451027 0.207682 0.168743 0.633520 0.820489 0.752020 0.409169 0.979732 0.637395 0.348802 0.785791 0.523261 0.894856 0.715128 0.832946 0.483181 0.266936 0.690869 0.573536 0.966778 0.382306 
0.307485 0.261522 0.992520 0.583361 0.428032 0.095399 0.049732 0.346506 0.239559 0.720194 0.816843 0.304829 0.568656 0.690127 0.722162 0.111536 0.546161 0.880915 0.174067 0.440860 0.092195 0.511965 0.710373 0.205311 0.665939 

0.206760 0.137136 -0.685980 -0.163397 0.217063 0.669078 0.067154 -0.083004 -0.216413 -0.411228 -0.576727 -0.274190 -0.989731 -0.762714 -0.823643 -1.082273 -0.239184 -1.220481 -0.517419 -0.457639 -0.160303 0.090437 0.286218 0.470543 0.159540 
0.347961 -0.144697 -0.648389 0.296245 0.294608 0.312573 -0.521226 -0.407334 -0.218501 -0.386087 -0.331168 -0.675957 -0.454895 -0.965011 -0.306104 -0.827161 -0.577135 -0.753106 -0.271314 -0.358778 -0.083749 -0.099547 0.318121 0.738300 0.094918 
-0.114309 0.338265 0.463753 0.067614 0.182860 -0.445466 -0.113664 -0.243590 -0.325782 -0.264372 -0.343316 -0.364310 -0.500147 -0.638202 -1.031005 -0.462021 -0.812373 -0.667928 -0.238542 -0.521161 -0.116206 -0.168689 0.137767 0.501791 0.569576 
0.041267 -0.107870 -0.288695 0.262379 -0.095963 0.216303 0.034375 0.022705 -0.273623 -0.040981 -0.290817 -0.133085 -0.446326 -0.157089 -0.795134 -0.553294 -0.373011 -0.771991 -0.355809 -0.083484 0.077705 0.124494 0.101230 0.300248 0.226379 
-0.190850 -0.324186 0.010238 -0.197930 -0.037441 0.045322 0.056874 -0.184663 -0.103768 -0.146698 -0.287519 -0.412058 -0.372789 -0.524940 -0.426179 -0.234906 -0.607953 0.019178 -0.113199 -0.333339 -0.050180 0.142882 0.466012 0.106322 0.660504 
-0.409018 0.032603 -0.479702 0.095347 0.402948 0.243078 -0.039802 -0.030633 -0.006477 -0.381266 -0.270376 -0.545009 -0.464302 -0.755371 -0.339097 -0.174092 -0.252572 -0.501607 -0.297951 -0.235803 0.113362 0.284776 0.374800 0.385371 0.640784 
0.011573 -0.393553 0.170300 -0.052931 -0.101954 -0.053495 -0.194811 -0.008746 -0.322650 -0.313652 -0.421113 -0.146854 -0.239910 -0.155760 -0.236595 -0.259085 -0.302647 -0.316183 -0.228105 -0.160735 -0.020488 0.124218 0.152037 0.153787 0.282415 
0.085146 -0.334945 -0.022232 0.192489 -0.090927 -0.059428 -0.012163 -0.118332 -0.144313 -0.274118 -0.004385 -0.470382 -0.133954 -0.344447 -0.163194 -0.337674 -0.037372 -0.132610 0.063273 0.120049 0.166680 0.311775 0.249089 -0.056250 0.237172 
-0.416825 -0.058223 0.069802 -0.270067 -0.058582 -0.241539 -0.295573 -0.179384 0.058885 -0.072660 -0.162019 -0.275020 -0.265921 -0.178025 -0.053573 -0.234946 -0.137736 -0.033585 -0.066172 0.003432 0.038517 0.278064 0.177122 0.218809 0.211879 
-0.053949 -0.074278 -0.249036 -0.241174 -0.161211 -0.503333 -0.148603 -0.101879 -0.314729 0.064124 -0.184683 -0.033540 -0.073902 0.075432 -0.287093 -0.043497 0.020111 -0.038880 0.235533 0.143284 -0.123054 0.337810 -0.018336 0.217166 0.063581 
-0.210238 -0.418497 -0.620456 -0.395016 -0.273009 -0.500565 -0.305517 -0.100543 -0.050875 -0.185860 -0.062117 -0.004288 0.131513 0.008924 -0.078898 0.149919 0.205242 0.131243 0.237552 0.191701 0.395729 0.319587 0.081066 0.063673 -0.187307 
-0.589973 -0.317257 -0.050359 -0.170874 -0.793152 -0.301900 0.014217 -0.297560 -0.112661 0.069044 0.049884 -0.027064 0.330410 0.119629 -0.047625 0.524891 0.238401 0.389433 0.127836 0.068049 -0.042161 0.237322 0.119413 -0.081781 0.497332 
-0.904130 -0.827314 -0.113203 -0.593168 -0.576996 -0.385603 -0.351971 -0.007710 -0.123946 -0.046044 0.133894 0.376987 0.144681 0.358152 0.478019 -0.019409 0.244807 0.433208 0.261663 0.113644 0.150261 -0.009977 0.072761 0.098975 0.016323 
-0.982553 -0.419691 -0.388174 -0.648027 -0.050480 -0.168161 -0.638637 -0.499853 -0.162763 0.064140 0.049186 0.260247 0.094204 0.536838 0.318094 0.271792 0.681854 0.596218 0.313124 0.266919 0.339225 -0.014031 0.327208 0.156759 0.179817 
-0.345886 -0.601267 -0.253571 -0.877903 -0.586210 -0.451505 -0.009077 -0.113758 -0.215722 -0.125574 0.113468 0.222858 0.078594 0.349785 0.358574 0.116681 0.434989 0.390605 0.711610 0.200719 0.230262 -0.270361 -0.102938 -0.349413 -0.234273 
-1.029502 -0.835369 -1.098392 -0.409199 -0.503024 -0.457139 -0.649962 -0.380438 -0.111681 0.022334 0.047113 0.354729 0.468757 0.786585 0.633103 0.190479 0.756859 0.652349 0.163009 0.246569 0.255786 0.095426 -0.153627 0.151633 -0.482920 
-1.077377 -1.169275 -0.343277 -0.309059 -0.758419 -0.210841 -0.364596 -0.035032 -0.059565 0.204341 0.135603 0.495573 0.630649 0.866942 0.664138 0.287011 1.096204 0.444823 0.684118 0.457807 0.208208 -0.077386 -0.065123 0.353297 -0.679158 
-1.153848 -0.319174 -0.151159 -0.537777 -0.806193 -0.258202 -0.281687 -0.012570 0.007762 0.071400 0.123814 0.324182 0.358041 0.814206 0.145135 0.877989 0.463828 0.398841 -0.085291 0.278605 -0.047500 -0.225263 0.088341 -0.162009 0.394731 
-0.567088 -0.682136 -0.620466 0.019696 -0.457395 -0.052253 -0.159166 -0.192788 0.063940 0.180166 -0.038249 0.086373 0.488306 0.874585 0.279079 0.682948 0.629620 0.515243 0.633783 0.357249 0.476064 0.281996 0.011300 0.523799 0.442907 
-0.219159 -0.224899 -0.147796 -0.076212 -0.426827 -0.111526 -0.234897 -0.079919 -0.052975 0.145455 0.260839 0.176588 0.134563 0.175119 0.211794 0.404847 0.699314 0.289176 0.231727 0.215826 0.204845 0.235118 0.616382 0.180337 0.626416 
-0.252503 -0.224878 -0.165238 -0.076658 0.150419 0.088095 -0.031065 -0.031842 -0.103881 -0.014306 0.209186 0.155723 0.338903 0.264704 0.246472 0.220458 0.009678 0.398864 0.308087 0.137758 0.039821 0.351984 0.275842 -0.132728 0.169930 
0.196483 0.072074 0.130375 0.152960 0.320428 0.161531 0.142858 -0.023203 0.088909 0.187498 0.193631 -0.029777 0.239688 -0.024341 0.037637 0.292639 0.346528 -0.179311 -0.071212 0.506005 0.016436 0.555311 0.751850 0.573394 0.493611 
0.165045 0.331830 0.178976 0.195164 0.357646 0.494752 0.212687 0.015810 0.055472 0.256827 0.134249 0.275383 0.237462 0.026130 -0.088786 -0.051585 0.267993 0.290235 0.103716 -0.038719 0.422026 0.155568 0.118817 0.401787 0.485946 
0.750556 0.239433 0.311040 0.340632 0.532417 0.256233 0.205227 0.328680 0.403778 0.059732 -0.186357 -0.185196 0.339536 -0.008576 -0.307692 -0.161034 -0.491782 -0.131804 0.189496 -0.019171 0.789278 0.116654 1.060793 1.017222 0.907266 
0.141268 0.262182 0.782256 0.600250 0.413159 0.272906 0.085067 0.249555 0.513247 0.183994 0.171759 0.105283 -0.375688 -0.207930 -0.411156 0.469152 0.024844 -0.189975 0.101418 0.199420 0.020899 0.675709 0.493600 0.169876 0.864849 
