0.742037 0.504115 0.034678 0.541337 0.146198 0.516126 0.118930 0.947611 0.512305 0.346912 0.510830 0.373042 0.152974 0.855539 0.830364 0.045856 0.537302 0.915109 0.531725 0.885917 0.028887 0.300798 0.711806 0.000516 0.679756 
0.489313 0.480118 0.721067 0.283721 0.133072 0.520224 0.965795 0.684876 0.477774 0.265768 0.259865 0.477596 0.957066 0.472603 0.110538 0.847016 0.086717 0.652539 0.976075 0.733974 0.969070 0.618857 0.849239 0.757341 0.637217 
0.976554 0.764962 0.808935 0.052450 0.302256 0.295559 0.571381 0.683422 0.791954 0.486760 0.540853 0.825907 0.829142 0.044108 0.793980 0.418130 0.397809 0.602428 0.375207 0.664933 0.971758 0.607729 0.177819 0.809096 0.815654 
0.802008 0.036337 0.188064 0.224093 0.524283 0.314686 0.142948 0.662584 0.459706 0.375767 0.056235 0.204412 0.862884 0.452308 0.530485 0.547286 0.111071 0.617479 0.260985 0.955095 0.784596 0.487774 0.298060 0.212853 0.934410 
0.564907 0.862190 0.633527 0.510407 0.518731 0.353004 0.874971 0.322444 0.136617 0.729338 0.496876 0.758268 0.193983 0.867476 0.879113 0.224959 0.809219 0.602280 0.594414 0.677687 0.228747 0.298147 0.790945 0.338500 0.725918 
0.167747 0.014447 0.330670 0.031087 0.079970 0.865697 0.403070 0.597849 0.433834 0.286215 0.575449 0.513457 0.744723 0.842146 0.049510 0.245124 0.335754 0.035454 0.634300 0.624699 0.318481 0.677524 0.762390 0.142975 0.692428 
0.175930 0.877851 0.336546 0.079671 0.848154 0.023096 0.832821 0.749446 0.309732 0.677314 0.088660 0.528630 0.703443 0.199054 0.619365 0.818740 0.841467 0.045343 0.633480 0.573860 0.321552 0.398309 0.692807 0.914638 0.582337 
0.121304 0.318929 0.094701 0.566464 0.491901 0.438783 0.013319 0.451914 0.056340 0.305120 0.221897 0.443965 0.091716 0.485933 0.298182 0.185439 0.721339 0.021876 0.858172 0.291578 0.058660 0.164616 0.231709 0.475824 0.188217 
0.850573 0.138438 0.992076 0.276067 0.493386 0.795537 0.330374 0.287288 0.793048 0.597772 0.596043 0.753135 0.128881 0.248820 0.989684 0.811656 0.593999 0.484615 0.146848 0.600863 0.505737 0.572931 0.265215 0.073017 0.019212 
0.449815 0.247085 0.850207 0.984111 0.586761 0.701967 0.166482 0.893070 0.980997 0.614476 0.088098 0.723383 0.626809 0.110351 0.707381 0.405063 0.068595 0.811473 0.614285 0.525729 0.041807 0.941775 0.991010 0.965987 0.651679 
0.899016 0.979799 0.375733 0.456596 0.531140 0.613066 0.394371 0.258923 0.128637 0.552185 0.212649 0.814002 0.799304 0.532762 0.886440 0.917521 0.462698 0.258441 0.685725 0.303466 0.390174 0.972649 0.760985 0.208320 0.736170 
0.857196 0.043119 0.457073 0.139551 0.812404 0.321961 0.415876 0.261281 0.045730 0.834159 0.330030 0.281571 0.463383 0.471617 0.396460 0.765342 0.690853 0.426755 0.565746 0.252859 0.616550 0.160374 0.813882 0.970333 0.235713 
0.431020 0.915964 0.645272 0.205040 0.657284 0.293933 0.767330 0.902587 0.489378 0.288612 0.250386 0.338614 0.344559 0.923190 0.504385 0.270284 0.337119 0.762148 0.503846 0.489428 0.702846 0.195660 0.179270 0.900956 0.397059 
0.363033 0.083500 0.606670 0.404265 0.993864 0.374827 0.818459 0.849617 0.100717 0.405391 0.667095 0.583020 0.560547 0.513672 0.182180 0.315731 0.657920 0.280162 0.458961 0.993368 0.433963 0.276556 0.490718 0.445610 0.556491 
0.842816 0.766626 0.514006 0.214551 0.580531 0.293376 0.230789 0.955085 0.229480 0.245335 0.803967 0.745371 0.613085 0.931248 0.575556 0.370688 0.180558 0.397263 0.981399 0.172513 0.985678 0.740744 0.516248 0.481109 0.192655 
0.385216 0.508562 0.767377 0.970713 0.832632 0.636414 0.944413 0.406784 0.694847 0.227122 0.497832 0.199358 0.612226 0.937838 0.814526 0.876951 0.898813 0.320445 0.247142 0.010706 0.527842 0.053662 0.551162 0.884416 0.215040 
0.303549 0.961346 0.650537 0.556533 0.800760 0.126720 0.693588 0.071557 0.412178 0.568726 0.654339 0.663928 0.853118 0.715197 0.603730 0.009506 0.431852 0.856977 0.001699 0.328989 0.890389 0.648223 0.503253 0.221884 0.385004 
0.745282 0.397972 0.099318 0.197904 0.710086 0.162149 0.140944 0.197932 0.648884 0.089239 0.171769 0.815276 0.444482 0.737215 0.532154 0.486863 0.646390 0.111712 0.539345 0.674977 0.793663 0.598360 0.272945 0.240190 0.327711 
0.522793 0.095341 0.331529 0.776254 0.952180 0.666734 0.793716 0.040837 0.117318 0.781925 0.219710 0.579459 0.382110 0.135078 0.600081 0.322916 0.376501 0.856277 0.550272 0.957979 0.819602 0.497634 0.244456 0.908561 0.757147 
0.038197 0.282058 0.191470 0.096093 0.484423 0.682409 0.885219 0.468209 0.749068 0.720092 0.565984 0.831847 0.409670 0.448290 0.627577 0.582423 0.010773 0.841345 0.695530 0.456481 0.127980 0.295727 0.275731 0.089536 0.211948 
0.150473 0.273708 0.876671 0.882224 0.307382 0.182610 0.264022 0.390478 0.699322 0.414192 0.541471 0.785956 0.736218 0.616679 0.679186 0.942919 0.895106 0.573474 0.019750 0.555112 0.799619 0.676341 0.181983 0.880977 0.658170 
0.641811 0.008016 0.868468 0.908793 0.584504 0.079299 0.357535 0.515669 0.778815 0.579563 0.362740 0.630357 0.108943 0.694376 0.382824 0.977869 0.293787 0.737976 0.213070 0.839066 0.154554 0.468108 0.730376 0.980905 0.447034 
0.574428 0.671067 0.323971 0.746914 0.184003 0.547112 0.154543 0.090076 0.067428 0.550273 0.731869 0.851991 0.849594 0.911753 0.369614 0.441546 0.976805 0.620847 0.531358 0.845754 0.357657 0.335710 0.997835 0.435574 0.489744 
0.894357 0.281929 0.329724 0.445091 0.185059 0.092742 0.793832 0.854246 0.996215 0.816034 0.868367 0.862200 0.030853 0.055823 0.224965 0.025963 0.710602 0.463864 0.093498 0.375247 0.221970 0.200624 0.497216 0.631611 0.041145 
0.952496 0.934453 0.884636 0.646276 0.545868 0.009498 0.901649 0.504933 0.525008 0.067905 0.645440 0.203969 0.687269 0.669521 0.595018 0.201636 0.818476 0.420732 0.501806 0.196594 0.931479 0.817591 0.592585 0.828102 0.340255 

0.504733 0.214326 0.950699 0.433642 0.467832 0.663907 0.185261 0.410011 0.233678 0.074159 0.120117 0.284417 0.775775 0.893361 0.346286 0.312429 0.486990 0.777299 0.635385 0.119844 0.564999 0.552150 0.720696 0.257000 0.026625 
0.494906 0.605323 0.678667 0.112955 0.527308 0.881890 0.101054 0.218717 0.139632 0.090491 0.444062 0.327198 0.135010 0.732726 0.248661 0.584209 0.665073 0.990377 0.103184 0.774915 0.360427 0.485878 0.139580 0.606705 0.420804 
0.960224 0.763797 0.853368 0.532605 0.280778 0.317169 0.486302 0.333309 0.159661 0.174503 0.970802 0.988525 0.138223 0.257961 0.129884 0.665710 0.755010 0.376501 0.396646 0.517861 0.383097 0.598743 0.910800 0.987851 0.046790 
0.409322 0.968484 0.211185 0.975305 0.297746 0.024912 0.764895 0.456353 0.509990 0.052446 0.671157 0.772012 0.187131 0.920832 0.859489 0.308267 0.168345 0.964313 0.210608 0.552143 0.416138 0.270674 0.794872 0.113151 0.398211 
0.101717 0.150748 0.323583 0.514547 0.596422 0.584838 0.954214 0.755084 0.181057 0.088666 0.407842 0.709675 0.395878 0.966198 0.532508 0.704918 0.715433 0.975221 0.667249 0.075037 0.082392 0.103339 0.812705 0.993218 0.053198 
0.692426 0.780846 0.170120 0.125942 0.137681 0.836170 0.256719 0.186758 0.095497 0.684532 0.987891 0.297910 0.477295 0.431184 0.049531 0.856017 0.613981 0.035632 0.840401 0.607247 0.312580 0.786484 0.214532 0.941597 0.715351 
0.359588 0.162366 0.457836 0.578985 0.724426 0.020268 0.197270 0.072503 0.397511 0.839672 0.827977 0.723088 0.776613 0.081520 0.482883 0.305782 0.346761 0.781144 0.037199 0.585538 0.096328 0.866814 0.409273 0.541329 0.438351 
0.104060 0.521547 0.110506 0.681005 0.923553 0.691473 0.361527 0.043320 0.559806 0.226308 0.009143 0.535873 0.809330 0.210163 0.189996 0.452013 0.138108 0.838388 0.955155 0.758330 0.326732 0.900527 0.048187 0.035497 0.156968 
0.418341 0.223577 0.073633 0.042380 0.718503 0.836461 0.686259 0.433225 0.972196 0.443063 0.801210 0.118544 0.269599 0.907359 0.592527 0.378185 0.988478 0.944974 0.657904 0.114856 0.615798 0.431248 0.013271 0.557647 0.287562 
0.142751 0.063339 0.222411 0.725429 0.457418 0.524032 0.807192 0.019245 0.147914 0.576514 0.843678 0.669544 0.911847 0.423960 0.878204 0.225522 0.302187 0.885330 0.574879 0.703422 0.566084 0.428553 0.242364 0.181642 0.803465 
0.115919 0.927782 0.809382 0.419129 0.346718 0.817842 0.698545 0.305424 0.306743 0.219980 0.548143 0.087292 0.875218 0.987629 0.016420 0.102600 0.675022 0.360790 0.664968 0.178149 0.527585 0.410726 0.164454 0.499243 0.204608 
0.193358 0.775103 0.319606 0.207551 0.469375 0.098878 0.207648 0.259518 0.772340 0.128964 0.834310 0.235891 0.729561 0.053525 0.973672 0.062819 0.858667 0.774016 0.785047 0.127804 0.939815 0.092466 0.643351 0.013448 0.952304 
0.803921 0.334675 0.269897 0.148319 0.970263 0.899704 0.119436 0.381713 0.458219 0.544236 0.110377 0.051264 0.778540 0.548784 0.098200 0.719825 0.913022 0.138589 0.580600 0.281768 0.271453 0.190818 0.015920 0.525850 0.431472 
0.525305 0.300219 0.236698 0.236141 0.933095 0.448864 0.000291 0.012254 0.941072 0.965508 0.078460 0.725549 0.482965 0.993802 0.862896 0.275393 0.770766 0.733337 0.303102 0.592596 0.952166 0.803768 0.950763 0.180890 0.901529 
0.870294 0.237303 0.660205 0.307508 0.154719 0.103034 0.546297 0.637053 0.297339 0.488935 0.361017 0.892421 0.670602 0.580276 0.601531 0.314330 0.089845 0.484386 0.240242 0.433150 0.771263 0.917846 0.805024 0.247605 0.862195 
0.290486 0.953246 0.511564 0.691393 0.479471 0.539189 0.105748 0.079093 0.663634 0.314586 0.456561 0.556847 0.445462 0.691668 0.517746 0.625199 0.240724 0.374513 0.150711 0.682807 0.776279 0.143230 0.916247 0.444724 0.662673 
0.540482 0.906661 0.975132 0.397504 0.676995 0.109448 0.336408 0.456614 0.367030 0.729868 0.586430 0.124752 0.198779 0.714634 0.737283 0.670127 0.876252 0.869858 0.974914 0.157795 0.146812 0.490054 0.248635 0.203151 0.266725 
0.254851 0.925828 0.482495 0.091195 0.663974 0.183493 0.075840 0.641522 0.666950 0.873136 0.413383 0.198639 0.284115 0.535251 0.071823 0.078070 0.327471 0.612757 0.903331 0.438351 0.758779 0.018358 0.385934 0.699914 0.659468 
0.321028 0.066698 0.720716 0.007144 0.864703 0.678319 0.170541 0.308917 0.911996 0.262611 0.983919 0.953248 0.111858 0.978438 0.292316 0.088847 0.842477 0.020294 0.291016 0.810339 0.659327 0.756844 0.455372 0.889637 0.959946 
0.102897 0.866436 0.455511 0.102174 0.949619 0.619319 0.800098 0.050757 0.656845 0.898046 0.714013 0.068128 0.672545 0.847218 0.341268 0.265647 0.957705 0.375086 0.012204 0.422808 0.966560 0.202049 0.982791 0.085145 0.511522 
0.276867 0.671811 0.116814 0.560248 0.214842 0.626009 0.698983 0.147635 0.481033 0.402114 0.505845 0.753042 0.613484 0.131294 0.362018 0.550376 0.867511 0.622060 0.053391 0.335175 0.369742 0.698685 0.981496 0.775263 0.560244 
0.421801 0.072516 0.867249 0.885122 0.300758 0.924439 0.799676 0.856158 0.280632 0.005205 0.375866 0.959985 0.407953 0.786698 0.234031 0.904558 0.139473 0.625802 0.432530 0.228826 0.526071 0.909244 0.478014 0.043552 0.428763 
0.876443 0.146841 0.733746 0.291690 0.829925 0.943521 0.262879 0.711926 0.913948 0.558452 0.778485 0.859871 0.056689 0.805544 0.337506 0.326937 0.792979 0.857656 0.160180 0.097202 0.738133 0.958060 0.593889 0.448333 0.669559 
0.327245 0.898121 0.834816 0.944440 0.942378 0.067881 0.693642 0.626036 0.231193 0.415893 0.593111 0.063496 0.674360 0.359774 0.587738 0.731750 0.649142 0.679108 0.703195 0.940290 0.354180 0.381320 0.225870 0.965093 0.320522 
0.255027 0.841317 0.709294 0.697274 0.830194 0.065979 0.737636 0.863591 0.959984 0.014054 0.879900 0.308748 0.209916 0.226293 0.757344 0.088333 0.191789 0.160605 0.865734 0.113263 0.813809 0.651390 0.736921 0.555489 0.825087 

-0.130863 -0.236064 0.958085 -0.104722 0.155169 0.089105 0.032200 -0.492310 -0.376679 -0.045047 -0.247076 -0.485822 -0.516143 -1.300598 -0.619470 -0.392975 -0.709344 -0.893452 -0.574507 -0.196859 -0.113926 -0.069476 0.394349 0.195841 0.020567 
0.076562 0.233358 0.048165 -0.105497 0.203419 0.119672 -0.622388 -0.310150 -0.380065 -0.031145 -0.312825 -0.398161 -0.428743 -0.496891 -0.204831 -0.687683 -0.622228 -0.943274 -0.110404 -0.516824 0.025237 0.072623 0.070188 0.639315 0.334373 
-0.051965 -0.065750 0.172633 0.655173 -0.064119 -0.068859 -0.011571 -0.099658 -0.592783 -0.312354 -0.451952 -0.749715 -0.503122 -0.166612 -0.232011 -0.762011 -0.588571 -0.461287 -0.437219 -0.404898 -0.147520 0.212980 0.587466 0.773891 0.071439 
-0.182905 0.841961 -0.045793 0.578520 -0.177743 -0.208605 0.358776 -0.232952 -0.093904 -0.150258 -0.082571 -0.401781 -0.376352 -0.629405 -0.954873 -0.571100 -0.331888 -0.724082 -0.253879 -0.265486 -0.085105 0.082743 0.579742 0.085923 0.599340 
-0.206719 -0.598286 -0.188059 0.242918 0.038581 -0.009004 0.057099 -0.011742 -0.085514 -0.175038 -0.211253 -0.599801 -0.362910 -0.695697 -0.701003 -0.884667 -0.771764 -0.737366 -0.434187 0.081889 0.025807 -0.086439 0.456621 0.834150 0.160855 
0.460836 0.424248 -0.094484 0.042430 0.017348 -0.161824 -0.136605 -0.306114 -0.095623 -0.020307 -0.500670 -0.338417 -0.362068 -0.253146 -0.105804 -0.653711 -0.528724 -0.050554 -0.322994 -0.108560 -0.077819 0.253355 0.166492 0.622141 0.605411 
0.079008 -0.600720 0.062721 0.386123 -0.225998 0.038838 -0.221191 -0.467098 -0.050024 -0.230736 -0.107855 -0.234650 -0.422671 0.002111 -0.369915 -0.320116 -0.060033 -0.478576 -0.087244 0.066866 0.017794 0.030569 0.252225 0.411165 0.291087 
-0.096564 -0.133794 0.017443 -0.174894 0.137574 -0.119743 0.028016 -0.045951 0.061639 -0.115097 -0.080139 -0.162786 -0.229026 -0.094453 -0.025132 -0.321298 -0.087126 -0.239972 -0.112766 -0.151821 -0.018994 -0.051670 0.125806 0.116336 0.033701 
-0.395349 -0.252629 -0.576703 -0.159982 -0.023101 -0.239337 -0.118790 -0.134321 -0.193873 -0.047373 -0.099358 -0.169340 -0.086205 -0.217091 -0.210708 -0.033525 -0.084660 -0.235795 0.066631 0.080537 -0.030091 0.090773 -0.059220 0.241838 0.012038 
-0.346324 -0.047040 -0.557816 -0.595688 -0.232377 -0.174913 -0.114785 -0.314726 -0.282385 -0.156782 -0.040057 -0.068510 -0.223118 -0.103211 -0.080482 -0.014179 -0.005944 0.142371 -0.077785 -0.004043 -0.004808 0.242485 0.339358 0.252279 0.252781 
-0.472304 -0.744377 -0.430540 -0.302334 -0.208070 -0.355910 -0.274816 -0.362644 -0.093014 0.004273 -0.037658 -0.156423 0.209368 0.289770 -0.068154 0.061003 -0.031024 0.083762 0.212987 0.015036 0.157575 0.221058 0.111428 -0.133673 0.150671 
-0.658617 -0.140998 -0.379759 -0.190145 -0.361658 -0.414123 -0.221580 0.045871 -0.148222 -0.198680 0.018110 0.111689 0.156167 0.234875 0.463219 0.151964 0.404399 0.203992 0.392245 0.147197 0.219082 0.091341 0.079712 0.440819 -0.251628 
-0.691039 -0.591886 -0.347880 -0.004324 -0.743099 -0.620139 -0.281092 -0.242670 -0.097832 0.038604 0.076289 -0.050769 0.358224 0.538004 -0.021753 0.530768 0.579917 0.401898 0.383263 0.317518 0.237330 0.164122 0.030477 0.110532 0.027718 
-0.607430 -0.276383 -0.403210 -0.362901 -0.984064 -0.277517 -0.002918 0.063779 -0.273625 -0.113880 0.018521 0.270683 0.264405 0.641027 0.730189 0.367109 0.639834 0.461521 0.161843 0.515122 0.237756 -0.038437 -0.113084 0.139536 -0.402202 
-1.137235 -0.560891 -0.804605 -0.250883 -0.423442 -0.289688 -0.386790 -0.406011 0.022889 0.017718 0.069632 0.426993 0.453822 0.567390 0.650329 0.309670 0.278091 0.358176 0.465982 0.131189 0.520163 0.172073 -0.498336 0.010366 -0.664206 
-0.468924 -1.063135 -0.759672 -0.747743 -0.523280 -0.502752 -0.198066 -0.032912 -0.292462 -0.102200 0.079682 0.311731 0.470187 0.726882 0.684687 0.777508 0.560715 0.379978 0.006626 0.409446 0.143807 -0.017509 -0.306782 0.185786 -0.536954 
-0.525839 -1.012484 -1.204167 -0.416035 -0.732991 0.040949 -0.053443 -0.234748 0.071106 0.013666 -0.076735 0.173114 0.391709 0.764139 0.508324 0.881194 1.088961 0.908126 0.611558 0.157714 0.490847 0.411230 0.073274 0.031662 0.034906 
-0.429925 -1.034141 -0.466432 0.035750 -0.395337 -0.264720 -0.054477 -0.209814 -0.094566 0.201798 0.127249 0.228603 0.150452 0.540299 0.271286 0.287551 0.510059 0.631458 0.877649 0.484654 0.465641 0.262822 -0.040732 -0.296289 -0.523075 
-0.491607 -0.149544 -0.429906 -0.205722 -0.565485 -0.305402 0.045827 -0.035155 -0.203409 0.185658 0.190610 0.225928 0.131367 0.699766 0.474438 0.287249 0.493625 0.407172 0.615195 0.827209 0.508391 0.172120 -0.093203 0.268375 -0.091678 
-0.000337 -0.315294 -0.276903 0.032113 -0.229560 0.025422 -0.216650 0.058338 -0.004014 0.108190 0.180741 0.311803 0.406184 0.412895 0.435513 0.316383 0.365794 0.493099 0.628095 0.342865 0.095998 0.034746 0.001853 0.101094 -0.052481 
-0.108225 -0.032987 -0.244924 0.039639 0.035617 -0.060872 0.139666 -0.197468 0.083491 0.172750 0.260895 0.258543 0.095714 0.167943 0.274938 0.533053 0.445547 0.404142 -0.005637 0.370350 0.606359 0.469209 0.131881 0.575012 0.548969 
-0.029252 -0.107700 0.115135 0.372394 0.049503 0.178747 0.206046 0.227163 0.156968 -0.033546 -0.057763 0.110250 0.046516 0.072224 -0.025124 0.105605 0.200204 0.226701 0.114505 0.405531 0.240561 0.673104 0.756251 0.685095 0.556323 
0.455302 -0.068619 0.195550 0.033597 0.446904 0.638981 0.081847 0.433497 -0.056549 0.312782 -0.185691 0.293016 0.394299 -0.222336 -0.107463 0.195648 0.042285 -0.082747 0.332429 0.652759 0.254322 0.463679 1.017655 0.637969 0.746162 
0.132497 0.814529 0.832902 0.748130 0.701320 0.160224 0.470665 0.272237 0.282331 0.241807 0.217522 0.484250 -0.496300 -0.201628 -0.254994 -0.710647 -0.048854 -0.185678 -0.513014 -0.070525 0.222247 0.029289 0.530923 1.443714 0.240315 
0.293393 0.892995 0.803473 0.731400 0.728382 -0.020061 0.573807 0.613324 0.448799 0.026549 0.178812 -0.185416 0.274408 0.150983 -0.281492 -0.057128 0.327643 0.258494 -0.331399 0.095536 0.722012 0.701800 1.198456 1.385485 1.172599 
