0.438043 0.677921 0.254504 0.491957 0.230655 0.239366 0.500866 0.239837 0.419730 0.091482 0.690601 0.509667 0.925212 0.838029 0.634925 0.387756 0.467254 0.676801 0.899559 0.927508 0.731540 0.911960 0.642790 0.964339 0.572679 
0.079256 0.556926 0.920696 0.218770 0.062384 0.763676 0.540369 0.194041 0.289553 0.427402 0.497006 0.007306 0.400491 0.162213 0.777059 0.480782 0.646938 0.158569 0.215861 0.295084 0.292872 0.489762 0.207138 0.801826 0.162991 
0.675813 0.536895 0.050079 0.913517 0.162843 0.153631 0.592996 0.146281 0.975759 0.053694 0.431500 0.704298 0.568152 0.125928 0.977053 0.262609 0.971310 0.245975 0.396514 0.523957 0.406736 0.748476 0.402478 0.560462 0.033698 
0.685853 0.407553 0.823052 0.682590 0.720427 0.207888 0.798429 0.345991 0.793231 0.098097 0.089300 0.313179 0.665733 0.580544 0.222345 0.606699 0.000704 0.326091 0.511321 0.340887 0.418685 0.630053 0.658335 0.681834 0.415784 
0.166814 0.593829 0.879244 0.564232 0.796033 0.915380 0.326747 0.176135 0.802566 0.154913 0.353386 0.181456 0.040180 0.775777 0.802151 0.781953 0.357235 0.646777 0.810747 0.361003 0.359811 0.862205 0.664177 0.022367 0.689279 
0.606072 0.745946 0.615044 0.663697 0.743087 0.867894 0.313964 0.000709 0.983017 0.443559 0.677294 0.696767 0.416909 0.925196 0.022912 0.976095 0.083960 0.764175 0.221608 0.346801 0.614378 0.706862 0.205754 0.512631 0.788393 
0.956520 0.664303 0.215195 0.649247 0.828452 0.876461 0.698638 0.208991 0.800502 0.525981 0.812739 0.226242 0.842686 0.539404 0.255990 0.780295 0.797013 0.188512 0.466357 0.348526 0.874508 0.524874 0.892542 0.065682 0.128348 
0.405724 0.293226 0.712306 0.904296 0.361857 0.573015 0.192756 0.348828 0.044749 0.408573 0.262846 0.047576 0.952822 0.008358 0.414412 0.417723 0.235698 0.652467 0.977940 0.102965 0.220222 0.143925 0.132403 0.677774 0.593734 
0.880456 0.852541 0.148805 0.044045 0.104982 0.232874 0.042407 0.980099 0.305805 0.465648 0.175739 0.854249 0.800021 0.512634 0.595513 0.201718 0.791866 0.492410 0.166127 0.291757 0.432231 0.647861 0.061821 0.139982 0.603184 
0.474657 0.877100 0.428335 0.481975 0.375087 0.632124 0.591992 0.016359 0.300932 0.234217 0.443602 0.569042 0.658041 0.015091 0.347666 0.098777 0.863597 0.708423 0.981739 0.151023 0.135273 0.772028 0.960009 0.864815 0.785163 
0.432054 0.586916 0.356647 0.214659 0.483722 0.533619 0.807041 0.120993 0.692347 0.728983 0.841866 0.757663 0.665264 0.630095 0.052960 0.208137 0.483484 0.331121 0.137606 0.879845 0.183484 0.602586 0.713478 0.529794 0.646902 
0.435788 0.950675 0.252399 0.542319 0.288954 0.136397 0.257063 0.266292 0.511754 0.250195 0.673827 0.128099 0.001683 0.651407 0.643753 0.183677 0.444662 0.376822 0.263802 0.969648 0.745815 0.131513 0.637942 0.107679 0.071304 
0.159979 0.960295 0.998162 0.868937 0.980668 0.069228 0.178091 0.153411 0.465788 0.109577 0.266030 0.072257 0.193403 0.704142 0.016535 0.925926 0.284028 0.069707 0.086968 0.292364 0.676561 0.975163 0.849162 0.545761 0.418566 
0.529448 0.036722 0.255561 0.782017 0.743120 0.887449 0.592898 0.035957 0.006205 0.703883 0.929918 0.594359 0.968433 0.396756 0.560061 0.031490 0.364795 0.443782 0.272323 0.973247 0.398077 0.847111 0.038090 0.333355 0.894913 
0.496642 0.845548 0.808944 0.341349 0.032576 0.548258 0.132668 0.008176 0.569006 0.064274 0.669795 0.653402 0.493804 0.353766 0.031228 0.171588 0.785160 0.319229 0.464508 0.306030 0.885737 0.255450 0.456072 0.790923 0.096333 
0.072527 0.149698 0.246982 0.220812 0.549640 0.933705 0.576345 0.812231 0.884333 0.527746 0.950526 0.683204 0.234489 0.433126 0.849660 0.675185 0.965514 0.034169 0.229758 0.913169 0.764371 0.966046 0.536445 0.020863 0.751260 
0.455090 0.011497 0.347888 0.343328 0.056267 0.030690 0.150521 0.417838 0.744852 0.319544 0.015059 0.423662 0.695639 0.086134 0.695569 0.046463 0.942512 0.726664 0.132364 0.268707 0.475371 0.641928 0.602304 0.383465 0.535752 
0.608805 0.501659 0.295370 0.661959 0.052989 0.899596 0.414007 0.206284 0.142569 0.112308 0.103424 0.864142 0.776990 0.268591 0.331856 0.037736 0.298277 0.105635 0.828068 0.873547 0.621121 0.475062 0.652962 0.244995 0.651208 
0.325951 0.443001 0.317088 0.862356 0.471910 0.572892 0.330566 0.510760 0.145858 0.441515 0.540514 0.480331 0.529621 0.235959 0.800282 0.079604 0.989595 0.839753 0.687444 0.241257 0.790844 0.772286 0.377692 0.632767 0.627690 
0.649026 0.190505 0.207537 0.125576 0.038438 0.992355 0.901162 0.559431 0.766824 0.177181 0.111751 0.221042 0.765433 0.348615 0.220309 0.184686 0.880668 0.930858 0.043218 0.226673 0.831746 0.527036 0.093987 0.282498 0.652988 
0.308094 0.719596 0.772450 0.782535 0.723165 0.751024 0.904326 0.156821 0.198267 0.423200 0.975062 0.653292 0.277779 0.722334 0.162564 0.829388 0.023622 0.525055 0.994691 0.477894 0.592404 0.778236 0.756441 0.869136 0.988317 
0.540104 0.255182 0.933188 0.677571 0.970951 0.491400 0.474051 0.658834 0.505775 0.658447 0.147907 0.224750 0.064008 0.849925 0.720642 0.574589 0.812998 0.477181 0.109300 0.067417 0.640865 0.558434 0.580101 0.182546 0.285012 
0.202215 0.190348 0.372479 0.182793 0.210127 0.663232 0.503586 0.223842 0.712247 0.033784 0.657570 0.382024 0.956279 0.444699 0.164531 0.863955 0.943709 0.864676 0.378263 0.100847 0.049759 0.256252 0.001075 0.795252 0.121928 
0.768733 0.864498 0.980603 0.678245 0.392704 0.303375 0.945672 0.245697 0.262169 0.671608 0.932094 0.760264 0.650181 0.195762 0.264665 0.979489 0.342508 0.911605 0.246184 0.076134 0.647393 0.058885 0.482547 0.286429 0.726041 
0.615750 0.263690 0.096301 0.240081 0.470595 0.396012 0.832518 0.914977 0.429628 0.983090 0.879820 0.847038 0.792891 0.418408 0.385603 0.158023 0.559670 0.440617 0.619050 0.018075 0.032792 0.422399 0.319549 0.670644 0.305933 

0.031959 0.796165 0.673723 0.261779 0.036987 0.501399 0.237335 0.277045 0.454204 0.657680 0.023233 0.825619 0.271085 0.501402 0.952879 0.010675 0.139311 0.938026 0.177520 0.076321 0.765986 0.270161 0.419032 0.353836 0.668103 
0.707320 0.403327 0.822701 0.387974 0.617255 0.778618 0.314029 0.288449 0.071146 0.343287 0.686128 0.940797 0.068888 0.798039 0.519266 0.053176 0.474262 0.413040 0.472379 0.311687 0.332921 0.330177 0.716792 0.202345 0.953060 
0.909516 0.025770 0.122128 0.854910 0.031385 0.860701 0.195824 0.088517 0.901580 0.484109 0.623082 0.355151 0.351955 0.540406 0.086087 0.719792 0.991630 0.613487 0.479178 0.062979 0.177368 0.839392 0.263883 0.980239 0.717368 
0.197158 0.670997 0.475805 0.266594 0.916534 0.058651 0.740624 0.631070 0.412569 0.531134 0.071722 0.375186 0.938183 0.408418 0.880725 0.470702 0.839251 0.702088 0.579531 0.326317 0.730297 0.767248 0.975821 0.964767 0.937642 
0.275970 0.996186 0.315544 0.106249 0.545690 0.429541 0.778292 0.100293 0.654921 0.190059 0.296997 0.230907 0.619681 0.293191 0.798051 0.306616 0.311734 0.050896 0.779710 0.674650 0.179022 0.102346 0.013252 0.751328 0.464650 
0.454278 0.507904 0.963231 0.908825 0.945511 0.562138 0.768645 0.740625 0.903987 0.173293 0.051581 0.074509 0.891403 0.558494 0.206146 0.799625 0.322550 0.845987 0.408817 0.777863 0.830398 0.125465 0.048184 0.268139 0.800597 
0.805572 0.816237 0.800683 0.548952 0.041812 0.448202 0.747743 0.521452 0.068442 0.099799 0.109054 0.487293 0.812555 0.080615 0.383734 0.808943 0.990846 0.865904 0.139812 0.390176 0.410882 0.895112 0.586300 0.593633 0.442806 
0.942730 0.527124 0.167537 0.890891 0.192426 0.826062 0.555750 0.681948 0.298594 0.583321 0.589248 0.400307 0.067446 0.489080 0.604379 0.256854 0.028495 0.898141 0.950266 0.309915 0.690807 0.831101 0.272340 0.101484 0.423691 
0.532053 0.919522 0.178157 0.929348 0.564931 0.899966 0.317311 0.640846 0.147343 0.111713 0.529091 0.943921 0.228779 0.589011 0.238901 0.587793 0.458957 0.383319 0.830185 0.242870 0.211585 0.457286 0.132987 0.526304 0.432428 
0.138949 0.915810 0.284388 0.920519 0.980219 0.685090 0.292289 0.441472 0.540816 0.108780 0.719962 0.894444 0.083599 0.361664 0.442679 0.855701 0.460773 0.680290 0.884208 0.792746 0.408585 0.555265 0.753399 0.854978 0.522147 
0.798836 0.135569 0.795034 0.915742 0.002860 0.170797 0.886880 0.152296 0.699907 0.630953 0.974328 0.781812 0.942378 0.572239 0.882477 0.462574 0.012344 0.622453 0.773161 0.520045 0.259147 0.513223 0.810810 0.370599 0.825748 
0.139824 0.404896 0.647817 0.008948 0.413700 0.612572 0.906874 0.336643 0.399538 0.113675 0.234853 0.079583 0.384329 0.515766 0.664461 0.391769 0.072080 0.121075 0.645931 0.359931 0.392871 0.030427 0.147302 0.464812 0.961759 
0.562871 0.217265 0.228860 0.822421 0.661574 0.901569 0.942867 0.535415 0.828806 0.241353 0.682313 0.359634 0.807563 0.902833 0.400530 0.566921 0.600974 0.482505 0.276708 0.096792 0.125461 0.442942 0.732035 0.775714 0.658174 
0.313061 0.146004 0.022808 0.735360 0.271904 0.107385 0.124429 0.498047 0.001660 0.881348 0.120560 0.173021 0.109501 0.912065 0.631736 0.555795 0.201580 0.340459 0.190078 0.866979 0.398188 0.599950 0.328794 0.695273 0.326603 
0.768290 0.462555 0.292767 0.521512 0.721842 0.290663 0.973623 0.997139 0.120226 0.255949 0.480108 0.298197 0.014458 0.325296 0.256204 0.703179 0.715490 0.289327 0.220814 0.881116 0.506496 0.902929 0.158223 0.594132 0.904305 
0.236184 0.899058 0.079697 0.172869 0.886434 0.309040 0.966815 0.460587 0.152756 0.771893 0.081570 0.217216 0.786542 0.948544 0.803561 0.815544 0.635615 0.986317 0.523552 0.084483 0.910049 0.433878 0.820544 0.196233 0.382991 
0.492793 0.606831 0.645175 0.400639 0.314350 0.453950 0.075503 0.124239 0.726957 0.716645 0.490214 0.712209 0.813672 0.566270 0.246710 0.214203 0.199510 0.825442 0.930520 0.301676 0.418011 0.149331 0.850845 0.960415 0.627709 
0.565177 0.264317 0.485973 0.165837 0.855293 0.748288 0.078169 0.271219 0.633613 0.597663 0.630944 0.551045 0.012859 0.771079 0.103340 0.794940 0.179999 0.571964 0.961060 0.044058 0.295944 0.905357 0.505447 0.677129 0.536515 
0.055911 0.725970 0.873718 0.049531 0.081580 0.080949 0.176762 0.985170 0.210420 0.022649 0.240759 0.069356 0.962447 0.056494 0.602628 0.287911 0.961288 0.642051 0.843531 0.981096 0.593572 0.380957 0.014718 0.484707 0.254913 
0.496274 0.801134 0.019837 0.491064 0.554018 0.360905 0.308470 0.962067 0.108249 0.405858 0.348799 0.234492 0.835252 0.595703 0.744388 0.028024 0.876744 0.045117 0.371659 0.696025 0.227506 0.928998 0.570691 0.210554 0.620748 
0.597998 0.701264 0.344029 0.172947 0.484910 0.426520 0.321062 0.096589 0.993203 0.980114 0.362568 0.238109 0.317198 0.698146 0.653648 0.856622 0.891488 0.115818 0.946404 0.218438 0.964758 0.587133 0.091407 0.231998 0.775605 
0.963186 0.685732 0.482077 0.132854 0.850677 0.399211 0.424357 0.983479 0.224502 0.800190 0.158629 0.626291 0.586952 0.762046 0.173443 0.306844 0.156402 0.983707 0.538570 0.289434 0.264506 0.106827 0.823520 0.408427 0.667808 
0.147061 0.650009 0.640526 0.410062 0.495817 0.509415 0.594180 0.456052 0.351416 0.915355 0.366102 0.248642 0.749638 0.141046 0.334835 0.419548 0.031356 0.619694 0.188140 0.221198 0.756731 0.476598 0.615126 0.810297 0.613284 
0.037316 0.023626 0.602737 0.644147 0.822698 0.928025 0.834418 0.498120 0.173874 0.654273 0.436817 0.242143 0.327766 0.535932 0.202335 0.146180 0.708002 0.258357 0.189448 0.784826 0.285477 0.833858 0.618230 0.205638 0.812870 
0.193549 0.418019 0.077296 0.749807 0.209846 0.059348 0.345787 0.878913 0.922468 0.658107 0.127365 0.329583 0.403763 0.076657 0.239159 0.382885 0.999337 0.577328 0.984485 0.636598 0.735933 0.991668 0.232266 0.803286 0.823422 

-0.425783 0.198244 0.376309 0.004513 -0.079824 0.212236 -0.228609 -0.248832 -0.088383 0.029579 -0.566923 -0.531333 -0.729640 -0.876915 -1.171989 -0.106194 -0.226349 -0.994662 -0.135238 -0.214814 -0.137255 -0.187607 0.097059 0.096666 0.761788 
0.527520 -0.137852 -0.170573 0.180857 0.485994 0.057063 -0.124423 -0.223054 -0.222979 -0.307035 -0.370340 -0.536101 -0.337532 -0.802648 -0.754983 -0.248173 -0.529531 -0.475601 -0.517450 -0.121145 0.111616 0.008437 0.420745 0.191828 0.888916 
0.325859 -0.477596 -0.002247 0.007975 -0.222903 0.277300 -0.375232 -0.013433 -0.244862 -0.043005 -0.235294 -0.529010 -0.427356 -0.437767 -0.420895 -0.620796 -1.133528 -0.438407 -0.251245 -0.239461 -0.167812 0.124502 0.189002 0.988111 0.746554 
-0.499031 -0.012038 -0.352856 -0.344143 0.115616 -0.067519 0.001657 -0.056345 -0.460574 -0.188557 -0.039983 -0.302777 -0.777835 -0.549329 -0.755070 -0.555736 -0.741238 -0.608757 -0.402183 -0.043643 -0.107030 0.178081 0.651244 1.009590 1.015066 
0.183871 0.463312 -0.354785 -0.458863 -0.232311 -0.485820 0.112875 -0.070535 -0.107568 -0.071647 -0.297509 -0.380698 -0.509868 -0.360132 -0.772571 -0.404280 -0.336348 -0.117556 -0.477889 -0.243154 -0.124777 0.152135 0.025116 0.432569 0.618010 
-0.195568 -0.177431 0.187603 0.399011 -0.030590 -0.139041 0.090895 -0.076785 -0.417382 -0.296246 -0.381173 -0.370349 -0.585761 -0.576909 -0.127154 -0.951540 -0.338075 -0.471086 -0.272386 -0.168753 -0.080204 0.060861 0.105212 0.234897 0.809466 
-0.421096 -0.078635 0.191935 -0.106993 -0.467051 -0.167192 0.143037 -0.016589 -0.376225 -0.248661 -0.133913 -0.242514 -0.391137 0.087757 -0.310991 -0.666112 -0.786899 -0.289845 -0.234709 -0.078861 0.090163 0.014982 0.354675 0.279546 0.301271 
0.007602 -0.029461 -0.498899 -0.351998 -0.171811 -0.026014 0.097401 -0.148894 0.062295 -0.270284 -0.109145 -0.130848 -0.168130 -0.245116 -0.225082 -0.185025 -0.044296 -0.250518 -0.388567 0.033243 -0.053484 0.050912 0.065509 0.145604 0.415979 
-0.504980 -0.521588 -0.176444 0.093255 -0.031604 0.134143 0.106276 -0.329828 -0.221341 -0.241575 -0.006743 -0.160070 -0.260752 -0.245400 0.080540 -0.105398 0.127017 -0.021844 -0.088159 -0.000269 0.074472 0.278919 -0.017376 0.180741 0.155849 
-0.327241 -0.522074 -0.230559 -0.237985 -0.316312 -0.122162 -0.208211 -0.053715 -0.126678 -0.070102 -0.046788 -0.068928 -0.060908 -0.175001 0.195714 -0.112197 -0.129349 0.054444 0.026675 -0.066585 0.026642 0.368583 0.127878 0.403288 0.442418 
-0.349381 -0.427986 -0.333824 -0.117514 -0.312257 -0.298113 -0.357720 0.134305 -0.272580 -0.177952 -0.194000 -0.173458 0.145494 -0.069261 0.186864 0.126770 0.322555 0.118900 0.118781 0.180594 0.058124 -0.077436 0.001728 0.254455 -0.060214 
-0.392896 -0.470799 -0.408008 -0.176933 -0.354168 -0.145669 -0.260556 -0.195789 0.001113 -0.094640 -0.153301 -0.126013 0.114605 0.091077 0.380940 0.146023 -0.001035 -0.063824 0.121256 0.122886 0.396251 0.044928 0.116672 -0.326565 -0.420898 
-0.458790 -0.699522 -0.670957 -0.754483 -0.591868 -0.396288 -0.468921 -0.235746 -0.092324 0.143406 0.179721 0.123493 0.355847 0.562360 0.127847 0.538029 0.566334 0.420712 0.099815 0.213090 0.176800 0.369969 -0.050636 -0.216498 -0.129819 
-0.451061 -0.027772 0.015518 -0.966568 -0.389182 -0.339546 -0.324725 -0.268851 0.016278 -0.160137 0.133253 0.120482 0.107140 0.650773 0.737507 0.555580 0.144227 0.292414 0.174837 0.630022 0.112134 0.316397 -0.158986 -0.300661 0.156012 
-0.939445 -0.879052 -0.530958 -0.634546 -0.434641 -0.329669 -0.475594 -0.587283 -0.222760 -0.076668 0.015299 0.031596 -0.017825 0.203465 0.352927 0.667727 0.894472 0.455753 0.426527 0.542580 0.518875 -0.442383 0.275646 -0.075480 -0.904445 
-0.436719 -0.856508 -0.092039 -0.184839 -0.965538 -0.561316 -0.561131 -0.428921 -0.012871 0.185735 0.097301 0.074334 0.463490 0.979471 1.059731 0.995156 0.882552 0.863336 0.516896 0.454667 0.494373 0.234162 -0.140208 -0.211432 0.011968 
-0.330096 -0.523499 -0.760677 -0.538993 -0.210135 -0.428024 -0.062936 -0.032991 0.077667 0.021268 0.109487 0.423118 0.636324 0.700818 0.368315 0.324878 0.508871 0.874871 0.768484 0.198709 0.366806 0.360237 -0.179076 -0.679415 -0.304637 
-0.707550 -0.331579 -0.500786 -0.343371 -0.662948 -0.463474 -0.139452 -0.289618 -0.102722 0.162859 0.151719 0.407757 0.229209 0.567875 0.143214 0.828343 0.167494 0.478105 0.933755 0.438686 0.527114 0.076136 0.296435 -0.404195 -0.195715 
-0.134490 -0.566713 -0.574062 -0.136769 -0.136484 -0.022701 0.121325 -0.221002 -0.198343 0.055321 0.102055 0.199413 0.551147 0.298167 0.806431 0.257276 1.279299 0.839433 0.588461 0.511562 0.389304 0.465033 0.288057 0.170955 0.348911 
-0.237791 -0.311900 -0.110339 -0.099984 -0.249898 -0.143153 -0.059031 -0.183118 0.223730 -0.120906 0.207412 0.332448 0.291890 0.447565 0.191778 0.242126 0.829405 0.472537 0.266509 0.257710 0.512809 0.140571 -0.180538 0.116594 0.279581 
-0.120943 0.012427 -0.016567 -0.033845 0.001426 -0.063466 0.030309 0.141740 0.065878 0.020784 0.242687 0.084567 0.224968 0.264868 0.034923 0.347929 0.158267 0.284406 0.827578 0.329809 0.404389 0.375561 0.412104 0.747123 0.776920 
0.304695 0.167435 -0.041762 0.070880 0.251515 0.161752 0.045004 0.045224 0.085541 0.026032 0.035057 0.008807 -0.285705 0.128109 0.171424 0.202878 0.341922 -0.083937 -0.037464 0.012744 0.310916 0.461801 0.482442 0.290742 0.344709 
-0.014147 0.443941 0.291740 0.181866 0.442189 0.349822 0.304689 0.075843 0.196795 -0.197301 0.163697 0.142876 0.040996 0.226678 0.040889 0.236566 0.647207 0.161579 0.269823 0.038397 -0.073919 0.224865 0.160393 1.144939 0.538110 
0.053319 -0.086978 0.549210 0.517127 0.585177 0.523257 0.581540 0.189148 -0.009397 0.152866 0.102466 0.124226 0.232927 -0.435949 -0.090342 0.346929 -0.373834 0.413830 -0.095658 -0.262252 0.392660 0.226069 0.684293 0.352406 1.528570 
0.347633 0.375256 0.131447 0.693087 0.355262 0.136019 0.433741 0.600803 0.200599 0.540340 0.328356 0.312116 0.210010 0.112475 -0.081619 -0.388548 -0.438391 -0.220962 -0.208824 -0.286527 -0.078068 0.638604 0.357731 1.438313 1.048011 
