0.994612 0.673923 0.594367 0.736861 0.724261 0.972924 0.456420 0.932516 0.892647 0.221861 0.307422 0.226940 0.270072 0.738421 0.237259 0.467302 0.571078 0.147863 0.915048 0.132883 0.062132 0.496756 0.519138 0.406894 0.866430 
0.935505 0.321030 0.073775 0.010479 0.701254 0.791389 0.917493 0.278231 0.384066 0.762548 0.676252 0.116404 0.220597 0.410711 0.134425 0.087723 0.409852 0.693790 0.925000 0.087834 0.994306 0.862094 0.974067 0.998138 0.988878 
0.738103 0.292672 0.056079 0.810905 0.328864 0.713420 0.501596 0.622467 0.726880 0.123104 0.276331 0.238651 0.176680 0.850716 0.898514 0.355684 0.775399 0.282226 0.428136 0.737176 0.790157 0.436326 0.687435 0.602383 0.524490 
0.758764 0.820293 0.052042 0.039967 0.974791 0.138188 0.218178 0.316906 0.724194 0.104508 0.881919 0.015873 0.884048 0.634736 0.889239 0.492096 0.604136 0.901167 0.434076 0.656325 0.080353 0.736834 0.868020 0.501362 0.832067 
0.099832 0.867550 0.855148 0.570434 0.222459 0.145807 0.693013 0.399199 0.081392 0.024971 0.251083 0.882257 0.007527 0.317612 0.540196 0.370825 0.749230 0.905858 0.758519 0.895709 0.244626 0.342260 0.042992 0.093937 0.131087 
0.154859 0.856942 0.480889 0.136874 0.799510 0.302654 0.923488 0.193086 0.236377 0.182106 0.915340 0.444528 0.195310 0.709414 0.342830 0.508975 0.484639 0.914871 0.979753 0.985027 0.371345 0.372732 0.890465 0.472325 0.504219 
0.588522 0.294627 0.351538 0.610810 0.035081 0.677905 0.940729 0.902235 0.498584 0.920144 0.444850 0.164946 0.425197 0.971338 0.971575 0.140396 0.327138 0.063433 0.088972 0.315948 0.390372 0.212398 0.752861 0.369866 0.777948 
0.724158 0.595413 0.423204 0.800520 0.815996 0.748081 0.911884 0.157288 0.295096 0.680366 0.167279 0.453884 0.483505 0.334392 0.618277 0.662779 0.023359 0.805821 0.440698 0.600459 0.290810 0.240114 0.879840 0.077752 0.985591 
0.369536 0.522519 0.964001 0.231213 0.760148 0.586365 0.106069 0.597987 0.015549 0.996064 0.990827 0.127197 0.038417 0.717401 0.592522 0.822734 0.224040 0.563076 0.274111 0.038946 0.827963 0.833869 0.118398 0.549082 0.260606 
0.149710 0.064571 0.279923 0.427107 0.876907 0.578033 0.412427 0.933187 0.427798 0.556193 0.810710 0.528135 0.704408 0.260633 0.914870 0.733292 0.618357 0.642961 0.395136 0.471990 0.349390 0.767143 0.991580 0.751387 0.038490 
0.455370 0.649334 0.837102 0.448787 0.879041 0.508430 0.605248 0.924634 0.991860 0.593659 0.641412 0.039887 0.692787 0.426925 0.512864 0.517168 0.198469 0.974119 0.480773 0.430486 0.693740 0.110643 0.341519 0.402523 0.913487 
0.156074 0.790992 0.884423 0.806012 0.983694 0.222020 0.136692 0.831422 0.692553 0.751793 0.916331 0.646492 0.554797 0.091832 0.711649 0.923040 0.543617 0.098678 0.920343 0.705540 0.189978 0.010958 0.707388 0.002777 0.151693 
0.267115 0.293122 0.060705 0.663671 0.587789 0.925011 0.946328 0.196867 0.877240 0.706440 0.716687 0.303422 0.015316 0.410223 0.092274 0.940960 0.731106 0.425925 0.291659 0.328517 0.529438 0.055708 0.858381 0.529324 0.751503 
0.427969 0.155993 0.020631 0.092603 0.569758 0.500868 0.237150 0.522867 0.494809 0.033119 0.191772 0.032553 0.687463 0.884981 0.405789 0.927375 0.912513 0.081307 0.553409 0.879513 0.327171 0.072775 0.729197 0.657570 0.372169 
0.666286 0.651808 0.489819 0.196684 0.021400 0.377851 0.208000 0.146667 0.129870 0.247251 0.428023 0.975751 0.134000 0.204310 0.700469 0.796541 0.107348 0.883604 0.768978 0.464650 0.581674 0.803938 0.742579 0.073122 0.474513 
0.385601 0.953864 0.307301 0.173019 0.487250 0.953836 0.375709 0.058553 0.029030 0.592713 0.024582 0.440035 0.071341 0.586823 0.415253 0.542124 0.472316 0.300460 0.297431 0.829101 0.143615 0.002892 0.002181 0.800844 0.545891 
0.535548 0.045020 0.538483 0.593242 0.641872 0.964492 0.826463 0.097054 0.426099 0.187721 0.600648 0.982598 0.995380 0.042566 0.140836 0.238815 0.509046 0.500620 0.587579 0.365686 0.539952 0.278846 0.442271 0.623722 0.976571 
0.069106 0.556386 0.777961 0.456807 0.765244 0.724058 0.570386 0.829601 0.658915 0.484543 0.150417 0.513037 0.899950 0.920544 0.721767 0.253317 0.914236 0.526055 0.797621 0.399119 0.275825 0.074252 0.795562 0.538546 0.397911 
0.483821 0.665403 0.170681 0.421564 0.827729 0.500953 0.907931 0.195569 0.857110 0.458063 0.483801 0.092809 0.436932 0.220018 0.199164 0.377644 0.985746 0.302796 0.309015 0.083720 0.345083 0.995130 0.153125 0.023850 0.586188 
0.816694 0.254754 0.430343 0.980064 0.145814 0.763182 0.458778 0.209643 0.153879 0.171927 0.882233 0.217776 0.149579 0.745152 0.235419 0.903345 0.762909 0.019739 0.100528 0.016282 0.829653 0.583120 0.131456 0.083210 0.499465 
0.188961 0.986755 0.913823 0.056614 0.972611 0.888803 0.982766 0.552195 0.053502 0.190811 0.634299 0.370732 0.087509 0.845012 0.536222 0.468827 0.693018 0.519400 0.334347 0.174506 0.025913 0.836502 0.657254 0.458073 0.796166 
0.224972 0.615069 0.680032 0.711784 0.612518 0.206337 0.194094 0.965266 0.840570 0.924227 0.596151 0.964690 0.604063 0.793937 0.427100 0.949429 0.968053 0.629837 0.297772 0.135185 0.465304 0.909293 0.030852 0.859712 0.323382 
0.683285 0.051597 0.459669 0.630035 0.574909 0.248748 0.059197 0.519753 0.415839 0.099450 0.217686 0.446156 0.069794 0.099300 0.206571 0.441325 0.152092 0.616034 0.134204 0.158816 0.637280 0.389360 0.779705 0.795020 0.372141 
0.902237 0.748808 0.961116 0.983904 0.473837 0.370046 0.932546 0.068864 0.703821 0.593115 0.876710 0.176504 0.972562 0.480221 0.207145 0.674359 0.016912 0.909823 0.742937 0.123007 0.813314 0.166978 0.331770 0.955123 0.267817 
0.628129 0.623066 0.038787 0.020493 0.417716 0.265397 0.397860 0.002611 0.343752 0.550056 0.793565 0.585288 0.512808 0.517858 0.104064 0.295122 0.751559 0.833927 0.577152 0.888728 0.138142 0.327989 0.848402 0.865466 0.016824 

0.973569 0.964926 0.262703 0.073646 0.710825 0.554267 0.039769 0.037297 0.624919 0.364816 0.110499 0.436468 0.396314 0.501553 0.167557 0.179471 0.526726 0.726477 0.772706 0.777480 0.661568 0.063910 0.334491 0.113373 0.327960 
0.574695 0.877012 0.107513 0.073024 0.349427 0.641046 0.295553 0.453343 0.860930 0.175147 0.572283 0.240357 0.036350 0.443123 0.577837 0.741501 0.494750 0.660624 0.980961 0.161596 0.995105 0.398511 0.033691 0.884813 0.371161 
0.986254 0.109725 0.862592 0.083617 0.717914 0.164248 0.194059 0.606309 0.535610 0.008606 0.751511 0.719230 0.202310 0.899836 0.135178 0.058037 0.883103 0.277876 0.093952 0.890680 0.617063 0.246247 0.652522 0.250417 0.691555 
0.604710 0.087448 0.307763 0.161748 0.096368 0.804965 0.598483 0.662231 0.507643 0.424650 0.033965 0.005862 0.716179 0.150769 0.168149 0.409427 0.515671 0.481058 0.533321 0.504162 0.940370 0.193855 0.091647 0.221403 0.715301 
0.427198 0.288239 0.062759 0.233272 0.875219 0.443591 0.568388 0.582153 0.553637 0.267353 0.293747 0.662735 0.658642 0.281495 0.708123 0.105602 0.067327 0.214806 0.170692 0.252640 0.356810 0.127071 0.615844 0.437082 0.862787 
0.384813 0.236142 0.806415 0.601833 0.749361 0.786769 0.185734 0.641073 0.176334 0.216182 0.762530 0.274771 0.303629 0.708524 0.670573 0.644982 0.681636 0.716716 0.625723 0.441813 0.770743 0.263274 0.197454 0.617859 0.184503 
0.016481 0.066482 0.909393 0.457201 0.654321 0.039089 0.863808 0.131900 0.150266 0.650584 0.829166 0.595387 0.273229 0.426172 0.914190 0.078236 0.544884 0.464456 0.045075 0.933450 0.106458 0.241213 0.685957 0.275537 0.599536 
0.324301 0.915115 0.216919 0.697190 0.054841 0.608027 0.683483 0.214510 0.573909 0.929065 0.108993 0.575606 0.844208 0.669322 0.019797 0.434260 0.764897 0.393151 0.246269 0.914990 0.292831 0.586048 0.359268 0.185197 0.113553 
0.929928 0.710472 0.963070 0.780565 0.808214 0.392403 0.693093 0.220885 0.346663 0.337218 0.652694 0.757257 0.710222 0.146842 0.671977 0.067602 0.293955 0.882013 0.689690 0.726722 0.928608 0.349159 0.561889 0.163008 0.148260 
0.078260 0.474616 0.537040 0.741082 0.986560 0.861340 0.144666 0.377211 0.991329 0.582514 0.278663 0.217217 0.745731 0.370479 0.258463 0.612240 0.228825 0.591376 0.367194 0.701243 0.750788 0.240386 0.546616 0.229535 0.363648 
0.248721 0.546981 0.090717 0.943013 0.891762 0.502868 0.542860 0.461899 0.996521 0.578625 0.286672 0.374337 0.873340 0.643523 0.464457 0.295690 0.520158 0.081982 0.314526 0.271778 0.112577 0.102418 0.556874 0.674802 0.977564 
0.386550 0.930484 0.993739 0.789289 0.317832 0.018122 0.833583 0.392806 0.460465 0.263131 0.252354 0.631200 0.096960 0.606191 0.498248 0.205130 0.295787 0.105070 0.442350 0.576069 0.640721 0.152028 0.932910 0.531369 0.228668 
0.180571 0.745964 0.936391 0.231511 0.685974 0.624421 0.546738 0.886938 0.865876 0.463599 0.451242 0.035700 0.722129 0.194388 0.190755 0.068165 0.447532 0.775061 0.296234 0.316463 0.527303 0.543654 0.927347 0.450519 0.199903 
0.406128 0.061069 0.838449 0.903029 0.980102 0.254832 0.803704 0.974731 0.357091 0.662543 0.542166 0.321144 0.641928 0.888005 0.100045 0.483582 0.326241 0.285492 0.420445 0.467098 0.036362 0.668338 0.762045 0.118070 0.056017 
0.162095 0.957396 0.036835 0.624596 0.949752 0.062923 0.241831 0.425736 0.575048 0.271248 0.706962 0.823447 0.335457 0.471209 0.963762 0.973077 0.908400 0.863601 0.396142 0.252820 0.849551 0.380814 0.411933 0.739031 0.868996 
0.821519 0.015095 0.921192 0.914812 0.955554 0.611003 0.136735 0.022232 0.205314 0.592877 0.667825 0.638736 0.151940 0.369847 0.891163 0.543109 0.062870 0.965770 0.416942 0.092794 0.855211 0.327916 0.377745 0.898331 0.936058 
0.470620 0.207433 0.137423 0.918911 0.588433 0.240979 0.231713 0.470171 0.424606 0.582100 0.679737 0.714614 0.971689 0.477394 0.986855 0.987145 0.888274 0.047332 0.259382 0.135855 0.846537 0.243878 0.297844 0.343070 0.622217 
0.191500 0.282426 0.524458 0.276154 0.606645 0.776971 0.048695 0.782735 0.472449 0.896842 0.157900 0.853042 0.044327 0.972534 0.884744 0.955297 0.343090 0.393574 0.150135 0.244168 0.475479 0.749467 0.304348 0.342016 0.240858 
0.300061 0.200835 0.502441 0.474987 0.283834 0.271232 0.689772 0.449801 0.816834 0.970738 0.130746 0.358174 0.690821 0.544429 0.127923 0.936633 0.152065 0.096644 0.154949 0.453255 0.258210 0.110253 0.831623 0.770972 0.548175 
0.355221 0.327439 0.016504 0.707818 0.681895 0.487516 0.870435 0.773061 0.563678 0.125405 0.066073 0.708054 0.321365 0.202747 0.920644 0.497277 0.378001 0.609464 0.793161 0.302520 0.838767 0.689887 0.315141 0.002339 0.233229 
0.345203 0.128038 0.854134 0.873638 0.565634 0.789278 0.002686 0.303102 0.817341 0.438949 0.266934 0.827443 0.183026 0.058692 0.037522 0.084991 0.376291 0.949130 0.316444 0.967198 0.702625 0.283400 0.496112 0.236909 0.574774 
0.503024 0.598362 0.286665 0.799377 0.240432 0.095086 0.965428 0.741476 0.597496 0.918898 0.189418 0.149029 0.781927 0.048895 0.795246 0.741708 0.799978 0.772799 0.112949 0.230495 0.032691 0.107098 0.528707 0.762563 0.721824 
0.853587 0.030425 0.466730 0.259789 0.425212 0.539787 0.469028 0.385374 0.151447 0.369408 0.372690 0.360516 0.096669 0.653359 0.080564 0.553914 0.587399 0.297811 0.886746 0.750694 0.473271 0.818548 0.047794 0.443774 0.353171 
0.905368 0.643152 0.201703 0.156174 0.330564 0.946419 0.021340 0.372516 0.135481 0.175758 0.748518 0.685825 0.673854 0.522620 0.607499 0.317104 0.065545 0.847903 0.951007 0.174308 0.519153 0.878194 0.253059 0.259665 0.216522 
0.174419 0.524006 0.663304 0.592906 0.644295 0.134588 0.963250 0.910091 0.478240 0.731832 0.595851 0.864731 0.191906 0.357996 0.971835 0.532064 0.795491 0.653777 0.977079 0.706318 0.641925 0.066779 0.597880 0.205088 0.164960 

-0.005824 0.303956 -0.189147 -0.595442 -0.074981 -0.534530 -0.486671 -0.905057 -0.514507 0.053509 -0.127999 -0.336154 -0.486500 -0.620880 -0.202376 -0.327164 -0.776760 -0.562791 -0.629186 -0.387014 -0.168702 -0.075720 0.320142 0.103836 0.454526 
-0.305626 0.547401 0.078208 -0.159312 -0.172426 -0.061924 -0.322995 0.033928 -0.018001 -0.440471 -0.564297 -0.142758 0.048626 -0.683227 -0.546553 -0.810635 -0.748833 -0.826309 -0.961337 0.037638 -0.265147 0.084535 -0.032566 0.830185 0.390041 
0.220129 -0.272768 0.663160 -0.674005 0.260097 -0.260759 -0.175569 -0.094703 -0.295634 -0.138163 -0.288389 -0.511529 -0.032571 -0.864065 -0.514686 -0.229514 -0.877111 -0.148814 -0.017382 -0.276402 -0.255537 -0.033981 0.405163 0.325389 0.635512 
-0.076878 -0.620154 0.232192 0.020430 -0.553548 0.379486 0.158457 0.179907 -0.364672 -0.021907 -0.290191 -0.089562 -0.724323 -0.236347 -0.412462 -0.569606 -0.648597 -0.617248 -0.316567 -0.132130 -0.096189 0.057102 0.043155 0.229617 0.721593 
0.100739 -0.434756 -0.557722 -0.245030 0.526163 0.163218 -0.156407 -0.117649 -0.021566 0.217288 -0.182069 -0.562173 -0.402943 -0.200917 -0.721390 -0.289446 -0.116548 -0.072373 -0.210057 -0.127412 0.094815 0.008614 0.223767 0.334185 0.661704 
0.285874 -0.450550 0.296057 0.393492 -0.151570 0.068558 -0.349532 0.122348 -0.024897 0.005437 -0.445971 -0.149446 -0.204203 -0.473330 -0.509990 -0.506457 -0.583102 -0.499464 -0.213729 -0.049847 0.032350 -0.145688 0.106867 0.453813 0.412154 
-0.357868 -0.194419 0.346775 -0.256865 0.143382 -0.384751 -0.150032 -0.260142 -0.130437 -0.276505 -0.321018 -0.225243 -0.194564 -0.504100 -0.629004 -0.120474 -0.305321 -0.362905 -0.206358 -0.154276 0.045644 -0.056167 0.407671 0.240296 0.487284 
-0.391438 -0.134697 -0.380082 -0.200806 -0.229520 -0.074571 -0.080026 -0.146296 -0.190671 -0.295266 -0.297265 0.050642 -0.328717 -0.292364 -0.023190 -0.214139 -0.283485 0.004718 0.017714 -0.087346 0.031494 -0.022377 0.225238 0.077245 0.324775 
-0.110993 -0.348714 -0.462793 -0.084100 -0.285148 -0.212623 -0.010799 -0.181583 0.039503 -0.301808 -0.401279 -0.271080 -0.034676 -0.256227 -0.236139 -0.212804 -0.029908 -0.233557 -0.076247 -0.056291 -0.040360 0.360423 0.052904 0.348997 0.067767 
0.082794 0.057966 -0.419188 -0.289892 -0.467952 -0.139500 -0.121629 -0.370244 -0.210486 -0.032066 -0.090242 -0.082826 -0.073005 -0.143388 -0.183592 0.232905 0.050742 0.270196 0.088167 0.175360 0.089528 0.250834 0.053520 0.307064 0.057560 
-0.499000 -0.669439 -0.515600 -0.366566 -0.439166 -0.252883 -0.297832 -0.199634 -0.119892 -0.078756 -0.043977 0.059095 -0.002738 0.052145 -0.019076 0.107698 0.215504 0.115787 0.153186 0.180841 0.225611 -0.075176 0.072520 -0.079613 0.220227 
-0.099868 -0.593477 -0.814765 -0.612592 -0.519614 -0.126957 -0.077742 -0.173043 -0.234355 -0.076387 -0.026030 0.099895 -0.100913 0.179956 0.262571 0.000580 0.289763 0.052250 0.380136 0.303444 0.144368 -0.144484 -0.000943 -0.093480 -0.032841 
-0.337749 -0.517316 -0.714115 -0.303233 -0.745080 -0.305014 -0.199084 -0.365844 -0.145835 -0.086429 -0.095013 -0.126323 0.263313 -0.088592 0.143970 0.038242 0.294731 0.556987 0.337998 0.232918 0.116489 -0.127727 -0.036537 -0.093102 0.211763 
-0.504867 -0.154873 -0.757096 -0.652543 -0.928942 -0.251587 -0.513977 -0.298028 -0.093413 0.035347 0.089261 0.285320 0.240366 0.548610 0.348815 0.425561 0.383799 0.261617 0.242570 0.477442 0.022940 0.122372 0.158013 0.264103 0.156725 
-0.384572 -1.203682 -0.360217 -0.675323 -0.709107 -0.196115 -0.296680 -0.003959 -0.086008 0.028095 0.153588 0.406410 0.226328 0.321616 0.895451 1.161929 0.775533 1.042969 0.632734 0.371944 0.141285 0.204867 -0.017112 -0.628185 -0.522918 
-1.164371 -0.439236 -1.026740 -0.855679 -0.874764 -0.474916 -0.137787 -0.096682 0.132959 0.292290 0.137596 0.324828 0.188945 0.430653 0.956335 0.700797 0.224196 1.078370 0.338733 0.321115 0.153169 -0.078637 -0.347289 -0.276350 -0.518026 
-0.687196 -0.234395 -0.136252 -0.910531 -0.490219 -0.150215 -0.073810 -0.209183 -0.199441 0.174244 0.298972 0.524573 0.724958 0.294010 0.684108 1.031248 1.014787 0.588231 0.378893 0.428857 0.244756 -0.017743 0.093744 0.229905 0.066183 
-0.035939 -0.243359 -0.569443 -0.404113 -0.515275 -0.528148 -0.015131 -0.136189 -0.107624 -0.007634 0.257580 0.162699 0.248210 0.872407 0.897791 0.847942 0.678648 0.577905 0.464546 0.419566 -0.079960 -0.229326 0.395254 -0.018808 0.143888 
-0.056649 -0.350053 -0.401807 -0.313318 -0.264617 -0.117625 -0.233689 -0.142531 -0.068314 -0.110361 0.141780 0.172809 0.444341 0.411008 0.119518 0.879897 0.366122 0.160578 0.000292 -0.041311 0.233158 0.604368 -0.158830 -0.604613 0.143133 
-0.278470 -0.237946 0.153912 -0.426325 -0.276227 0.046662 -0.259891 -0.091120 -0.007164 0.223578 0.216246 0.154492 0.292973 0.266613 0.374119 0.591744 0.464754 0.302928 0.446641 0.089692 0.464660 0.109839 -0.102357 -0.066268 0.176520 
0.012904 -0.293599 0.023236 0.025826 -0.028192 -0.029261 0.048209 0.140445 0.027834 0.021057 0.200594 0.234185 0.062512 0.271554 0.385469 0.252768 0.231377 0.261516 0.157958 0.041945 -0.200462 0.482683 0.622718 0.340833 0.686892 
0.161903 0.063675 0.123913 0.178535 0.019421 0.081999 0.083844 0.227461 0.281098 0.336436 -0.000585 0.359103 0.035922 0.337661 -0.116856 0.369362 0.060016 -0.031872 0.216768 0.201554 0.244234 0.770599 0.184179 1.050028 0.405698 
0.585638 0.156720 0.214372 0.230382 0.151806 0.240377 0.103826 0.176520 0.117741 0.099301 -0.141568 0.107718 -0.073162 -0.223626 0.056649 -0.004242 -0.248259 0.295030 -0.118774 -0.191867 0.588852 0.293951 0.716167 0.967916 0.704746 
0.714800 0.665261 0.313096 0.087131 0.283379 0.668650 0.290967 0.222791 0.229271 0.186879 0.130646 -0.277837 0.139542 -0.165546 -0.462219 0.095961 -0.046429 -0.053600 -0.023826 0.072442 0.770203 0.286359 0.573064 0.938816 0.514524 
0.227845 0.660396 0.706381 0.622695 0.638990 0.152093 0.535182 0.127903 0.345720 0.328353 0.378676 -0.060706 0.157839 0.105785 -0.849340 -0.171030 -0.259771 -0.126727 -0.261378 0.406911 0.171446 0.358206 1.280940 0.837978 0.199515 
