0.975987 0.232116 0.631301 0.727606 0.800123 0.554459 0.681693 0.108627 0.762030 0.347877 0.042953 0.359817 0.282870 0.713366 0.759061 0.278990 0.675501 0.604133 0.721391 0.306208 0.279278 0.634730 0.636102 0.625294 0.912557 
0.550081 0.671543 0.764556 0.100199 0.083315 0.700789 0.555209 0.331718 0.226749 0.960803 0.917423 0.699988 0.851837 0.236659 0.039676 0.688131 0.025573 0.438632 0.353316 0.838488 0.151299 0.716593 0.793747 0.436306 0.817900 
0.313467 0.564798 0.128629 0.750721 0.233773 0.471597 0.992749 0.354702 0.226585 0.346331 0.142362 0.319946 0.625447 0.347642 0.732969 0.971258 0.404536 0.368904 0.776545 0.242116 0.190162 0.530179 0.618321 0.835113 0.820702 
0.324406 0.849931 0.857526 0.784471 0.587199 0.941594 0.314254 0.579555 0.008860 0.622067 0.294346 0.905761 0.568883 0.726794 0.976495 0.637016 0.670848 0.028385 0.669962 0.008683 0.218922 0.831868 0.940683 0.809431 0.712909 
0.849870 0.680879 0.219301 0.531021 0.951841 0.855029 0.452881 0.826398 0.529250 0.021723 0.265511 0.268478 0.804649 0.261136 0.236432 0.802584 0.712035 0.621785 0.654875 0.800758 0.590846 0.128775 0.697451 0.629676 0.001375 
0.303558 0.640401 0.232566 0.253519 0.391488 0.854738 0.708350 0.417799 0.172611 0.655889 0.998122 0.829850 0.355053 0.061843 0.335808 0.807878 0.617573 0.249417 0.700874 0.859283 0.165310 0.319934 0.681358 0.137281 0.356722 
0.810771 0.126727 0.342282 0.868881 0.660683 0.960216 0.751418 0.382363 0.806852 0.789098 0.153927 0.215621 0.335016 0.611957 0.414950 0.872010 0.475381 0.888685 0.500477 0.314633 0.263372 0.952395 0.740609 0.270407 0.809242 
0.256387 0.049692 0.160218 0.218173 0.692906 0.797321 0.833837 0.589145 0.677167 0.320389 0.290257 0.327999 0.796856 0.462846 0.270859 0.360881 0.022418 0.433097 0.206761 0.587851 0.042094 0.138959 0.767783 0.673401 0.231237 
0.134912 0.405929 0.761167 0.067965 0.360948 0.175012 0.023957 0.072000 0.697831 0.072837 0.370361 0.719123 0.516226 0.650775 0.226368 0.498366 0.014598 0.063777 0.274608 0.358622 0.497533 0.739721 0.500493 0.268468 0.158889 
0.235295 0.910847 0.333848 0.671432 0.955607 0.035726 0.815715 0.082054 0.897563 0.963194 0.330040 0.016502 0.723058 0.730062 0.377949 0.474515 0.319299 0.248727 0.826431 0.165574 0.544913 0.655081 0.938147 0.231041 0.915534 
0.228781 0.153003 0.913916 0.247665 0.356939 0.144065 0.016101 0.874243 0.995039 0.809513 0.831335 0.200114 0.143135 0.526787 0.893134 0.294862 0.230517 0.202101 0.975178 0.418287 0.579509 0.804024 0.431173 0.073435 0.689896 
0.955214 0.589637 0.941764 0.140461 0.843122 0.367694 0.229612 0.586598 0.896378 0.566561 0.405209 0.728288 0.941202 0.477180 0.677254 0.549783 0.880644 0.265748 0.816367 0.674766 0.277925 0.460424 0.259840 0.450504 0.013309 
0.083372 0.719369 0.878924 0.241479 0.085103 0.110626 0.439633 0.588436 0.607489 0.328303 0.243342 0.466550 0.273668 0.391917 0.111939 0.793503 0.527530 0.221268 0.234877 0.236936 0.232596 0.603231 0.899802 0.781008 0.355938 
0.145021 0.125521 0.016420 0.934981 0.823318 0.455513 0.837825 0.847507 0.999754 0.278763 0.706477 0.474739 0.053886 0.136456 0.627650 0.946049 0.578625 0.954652 0.882848 0.531595 0.127765 0.298883 0.720916 0.015354 0.730918 
0.681373 0.072066 0.625722 0.373809 0.411391 0.872923 0.449659 0.311081 0.337610 0.347620 0.848293 0.412017 0.871164 0.042874 0.520144 0.826665 0.405842 0.038509 0.737160 0.665344 0.732811 0.500923 0.310139 0.655195 0.441417 
0.859952 0.945104 0.593444 0.576385 0.160736 0.302880 0.556500 0.386322 0.252171 0.000003 0.375714 0.809422 0.993859 0.849610 0.229381 0.797915 0.412313 0.201549 0.538424 0.923845 0.839308 0.462711 0.296173 0.306182 0.085760 
0.031098 0.982699 0.688185 0.972963 0.119585 0.609119 0.028264 0.436867 0.346396 0.489453 0.373820 0.406546 0.510018 0.503249 0.747296 0.214041 0.924648 0.509285 0.028696 0.237863 0.980356 0.041404 0.366617 0.382249 0.968827 
0.114568 0.280147 0.201050 0.982737 0.519690 0.341744 0.885052 0.759255 0.512561 0.672201 0.226495 0.693208 0.991683 0.110662 0.406246 0.153220 0.165343 0.519995 0.733132 0.358479 0.658922 0.951004 0.343310 0.728890 0.798303 
0.126599 0.677862 0.117552 0.721571 0.004355 0.413448 0.796540 0.418058 0.063156 0.635420 0.987366 0.440371 0.746334 0.815797 0.428048 0.714125 0.287609 0.968701 0.625256 0.821663 0.319301 0.583946 0.708390 0.975319 0.101703 
0.950293 0.990407 0.960771 0.880704 0.341484 0.016843 0.209750 0.087389 0.993413 0.300393 0.799353 0.950642 0.065274 0.537951 0.696232 0.019491 0.228620 0.411310 0.791716 0.840983 0.692721 0.023648 0.713678 0.728865 0.431587 
0.102689 0.024383 0.497887 0.722896 0.996362 0.440371 0.792573 0.329474 0.589855 0.098633 0.139720 0.686507 0.212256 0.151898 0.030801 0.330325 0.584821 0.087973 0.150033 0.665495 0.447139 0.919112 0.581392 0.085891 0.059414 
0.027830 0.681371 0.853567 0.689988 0.170062 0.445690 0.314869 0.670018 0.760929 0.364840 0.075767 0.404824 0.206127 0.300606 0.657317 0.894115 0.592945 0.274453 0.059800 0.825616 0.729463 0.569994 0.512265 0.205678 0.675325 
0.857240 0.507052 0.313174 0.716898 0.926492 0.388799 0.722340 0.885783 0.550783 0.830953 0.344986 0.990561 0.696572 0.922201 0.331034 0.622396 0.303975 0.453297 0.668446 0.219229 0.789776 0.572257 0.440277 0.721082 0.462272 
0.006691 0.366088 0.638202 0.037276 0.674654 0.259473 0.072986 0.866169 0.559151 0.372696 0.753306 0.560714 0.497492 0.123621 0.911762 0.821502 0.720466 0.480575 0.527688 0.489145 0.756849 0.101171 0.274172 0.669504 0.270804 
0.363891 0.899692 0.082622 0.090879 0.644284 0.933370 0.568826 0.145198 0.622886 0.769213 0.239079 0.355463 0.068102 0.698160 0.396432 0.854642 0.477994 0.225681 0.084469 0.054094 0.977478 0.847654 0.358205 0.431128 0.967329 

0.804704 0.475455 0.374125 0.917021 0.477213 0.651491 0.118078 0.394887 0.975757 0.289793 0.531159 0.010726 0.895293 0.244557 0.823571 0.615515 0.349076 0.712487 0.523367 0.883259 0.664005 0.760650 0.662679 0.997794 0.124814 
0.180870 0.344794 0.348388 0.112474 0.361017 0.368370 0.415693 0.330314 0.188680 0.496886 0.483875 0.422172 0.516231 0.363047 0.943962 0.296451 0.448669 0.691974 0.327027 0.136037 0.805567 0.894856 0.781335 0.697989 0.804497 
0.728928 0.712764 0.737664 0.072614 0.936822 0.856344 0.052742 0.450976 0.055750 0.500789 0.158168 0.587833 0.628557 0.582827 0.925915 0.904859 0.077427 0.126327 0.917751 0.207914 0.316931 0.201081 0.778355 0.377361 0.043979 
0.627054 0.128124 0.460733 0.058947 0.920093 0.026115 0.717502 0.417811 0.524140 0.951902 0.417273 0.375204 0.726675 0.638783 0.925335 0.682054 0.117603 0.301120 0.309310 0.287282 0.866993 0.563832 0.594280 0.477073 0.558748 
0.319531 0.324266 0.600348 0.150235 0.626677 0.616405 0.588719 0.425793 0.821336 0.354822 0.228344 0.845029 0.385352 0.061002 0.785984 0.267145 0.712561 0.909300 0.186020 0.208764 0.299368 0.942680 0.840870 0.828923 0.914518 
0.894174 0.938982 0.196993 0.604036 0.483819 0.142086 0.455920 0.839772 0.881452 0.197845 0.935417 0.202974 0.492891 0.391653 0.927014 0.562065 0.490165 0.101023 0.594043 0.891291 0.869067 0.367147 0.700184 0.367096 0.211460 
0.346552 0.891396 0.865384 0.153424 0.727491 0.121475 0.607086 0.811223 0.439486 0.132756 0.650904 0.139767 0.734852 0.470133 0.769366 0.100661 0.888875 0.172115 0.571581 0.660449 0.716570 0.553211 0.063465 0.037990 0.935130 
0.652574 0.878477 0.268296 0.144720 0.601800 0.479862 0.004598 0.315644 0.154326 0.758436 0.362038 0.330949 0.171698 0.965846 0.021155 0.373323 0.269750 0.918783 0.134144 0.767728 0.848480 0.496577 0.222923 0.640205 0.972519 
0.751462 0.378594 0.325675 0.998019 0.185221 0.819430 0.262874 0.273424 0.945754 0.232932 0.525214 0.560157 0.727297 0.556361 0.613699 0.405036 0.383727 0.292805 0.173489 0.042045 0.486294 0.622546 0.702515 0.694004 0.602878 
0.198333 0.054306 0.273965 0.208601 0.092191 0.719065 0.800550 0.872376 0.132028 0.336831 0.373507 0.340193 0.508900 0.991104 0.656871 0.747170 0.768623 0.456106 0.600283 0.341735 0.293732 0.435945 0.265680 0.327873 0.884064 
0.754185 0.153981 0.599260 0.537457 0.792877 0.363868 0.419725 0.311262 0.043391 0.467576 0.710832 0.774206 0.524947 0.969917 0.661570 0.713404 0.506006 0.669924 0.215382 0.858042 0.979386 0.298939 0.262890 0.347490 0.767600 
0.220830 0.649291 0.677624 0.868195 0.451657 0.033105 0.477627 0.085484 0.798538 0.801115 0.372469 0.562744 0.557294 0.358124 0.707204 0.806430 0.864285 0.428448 0.314111 0.098654 0.212830 0.179385 0.262436 0.008214 0.331364 
0.307326 0.777805 0.033228 0.260269 0.112318 0.394224 0.699921 0.703185 0.509144 0.116248 0.211997 0.816641 0.190876 0.167057 0.492324 0.991701 0.394226 0.722468 0.853570 0.825268 0.574316 0.538516 0.330594 0.318156 0.027786 
0.856794 0.447520 0.228227 0.814694 0.284431 0.253297 0.067117 0.967327 0.079836 0.453864 0.696126 0.793498 0.510832 0.286498 0.699128 0.682349 0.326731 0.723606 0.517345 0.853301 0.978665 0.496102 0.182986 0.574551 0.366692 
0.178629 0.647160 0.810042 0.884143 0.142955 0.478043 0.067603 0.561352 0.553191 0.260450 0.420275 0.518826 0.574681 0.035718 0.076225 0.782910 0.563969 0.188232 0.192003 0.034613 0.501945 0.218979 0.094984 0.240014 0.706011 
0.278307 0.924580 0.275699 0.115060 0.325998 0.296777 0.956567 0.287865 0.112890 0.139841 0.225822 0.250690 0.312225 0.449272 0.964332 0.720808 0.455183 0.675909 0.142964 0.028606 0.283002 0.424459 0.647449 0.783213 0.817796 
0.563605 0.231234 0.596992 0.367004 0.625032 0.119011 0.817054 0.126484 0.104091 0.705496 0.189705 0.283442 0.482097 0.549285 0.728071 0.767880 0.595024 0.656158 0.122029 0.074313 0.752619 0.236372 0.539058 0.276304 0.001521 
0.785828 0.684265 0.387804 0.120285 0.875921 0.974644 0.209950 0.251065 0.405441 0.064475 0.904079 0.734051 0.530255 0.424455 0.733771 0.075789 0.235211 0.231068 0.473455 0.694000 0.447254 0.507493 0.844450 0.930798 0.240429 
0.546139 0.955637 0.138676 0.099377 0.698131 0.454190 0.742316 0.059014 0.243938 0.281562 0.233399 0.514264 0.242853 0.614282 0.537620 0.481618 0.073133 0.755546 0.969888 0.656259 0.885667 0.329888 0.877372 0.845452 0.077803 
0.438072 0.054533 0.946232 0.608557 0.823435 0.125108 0.419415 0.798456 0.754717 0.041220 0.080029 0.139103 0.873400 0.882981 0.362585 0.099133 0.111260 0.220267 0.396462 0.369854 0.401399 0.399437 0.375109 0.957261 0.430790 
0.093073 0.532321 0.292301 0.434419 0.723132 0.341196 0.530854 0.925186 0.791541 0.163025 0.259042 0.657566 0.063158 0.787149 0.009896 0.601404 0.860952 0.341410 0.817727 0.961989 0.385274 0.068163 0.836101 0.133310 0.349852 
0.349895 0.475833 0.757148 0.072942 0.860749 0.030841 0.014404 0.222081 0.734764 0.510385 0.805391 0.324284 0.557938 0.984314 0.808383 0.166942 0.352832 0.503993 0.434232 0.553962 0.840544 0.468615 0.636893 0.878895 0.899429 
0.214296 0.890920 0.115442 0.002947 0.066076 0.725848 0.864782 0.747337 0.992018 0.842897 0.621694 0.216637 0.547098 0.300972 0.070979 0.471183 0.520337 0.702921 0.208171 0.393776 0.126358 0.387223 0.881691 0.547816 0.463795 
0.196492 0.657342 0.690697 0.511766 0.622917 0.062623 0.355600 0.068831 0.300643 0.125322 0.393175 0.616626 0.872742 0.757247 0.443004 0.656798 0.166156 0.802766 0.566535 0.047813 0.028264 0.105680 0.700401 0.830579 0.023170 
0.175100 0.954308 0.154358 0.257114 0.752242 0.241678 0.376943 0.314873 0.087859 0.863974 0.341612 0.579217 0.630806 0.505941 0.958713 0.609216 0.806844 0.149300 0.677966 0.035834 0.768939 0.781243 0.831231 0.648607 0.880300 

-0.228893 0.257026 -0.030888 0.241713 -0.190687 -0.095490 -0.396628 -0.088663 -0.267156 -0.400465 -0.137012 -0.088770 -0.787694 -0.739310 -1.342901 -0.777503 -0.588767 -0.813659 -0.554499 -0.448145 0.006142 0.000530 0.405535 0.879168 0.049611 
-0.582086 -0.190936 -0.087408 -0.009768 0.228648 -0.313091 -0.043694 -0.088372 -0.272111 -0.667335 -0.469791 -0.447272 -0.756850 -0.389544 -0.668182 -0.488472 -0.447392 -0.782944 -0.215105 -0.215228 -0.266224 0.196359 0.324555 0.648344 0.841735 
0.351439 0.196258 0.490552 -0.627818 0.379646 0.356103 -0.615983 -0.118239 -0.117911 -0.193319 -0.079377 -0.525331 -0.783720 -0.650923 -1.093367 -1.274947 -0.222214 -0.172838 -0.550219 -0.158963 0.028338 -0.076015 0.647603 0.361295 0.173952 
0.472615 -0.505082 -0.297118 -0.612818 0.357619 -0.538120 0.145322 -0.173955 0.045803 -0.421636 -0.346665 -0.643873 -0.671517 -0.659343 -1.021681 -0.857717 -0.201712 -0.223819 -0.387488 -0.192137 -0.341664 0.034036 0.366777 0.362762 0.645271 
-0.431681 -0.132829 0.222518 -0.299303 -0.212043 -0.269214 0.079941 -0.204113 0.017220 0.092913 -0.040247 -0.554662 -0.523069 -0.205512 -0.762824 -0.328263 -0.686359 -0.713265 -0.128961 0.086401 0.145621 0.173321 0.461790 0.663045 0.781712 
0.338605 0.170165 0.045173 0.218551 0.026271 -0.425747 -0.199749 -0.022262 -0.033800 -0.291069 -0.506186 -0.465881 -0.390010 -0.258546 -0.727161 -0.433797 -0.352212 -0.047040 -0.305418 -0.152800 -0.015800 0.009208 0.383691 0.163691 0.257869 
-0.349668 0.499280 0.329871 -0.552763 -0.138345 -0.398006 -0.191451 0.067590 -0.264775 -0.405198 -0.219737 -0.126577 -0.189707 -0.405918 -0.412246 -0.067005 -0.619043 -0.331686 -0.131649 -0.136260 -0.097146 0.233838 0.201537 -0.109414 0.732486 
-0.049699 0.337202 0.083728 -0.192007 -0.134800 -0.510575 -0.421321 -0.115621 -0.130542 -0.125015 -0.101144 -0.160732 -0.315487 -0.368492 -0.070201 -0.163561 -0.105091 -0.347239 0.000123 0.115185 -0.002776 -0.096773 0.229947 0.601725 0.507808 
-0.107784 -0.245687 -0.495031 0.058337 -0.192013 -0.114295 0.152387 0.168661 0.016201 -0.206326 -0.101560 -0.115151 -0.291889 -0.090170 -0.106575 0.073729 0.005907 -0.134883 -0.215069 0.073885 0.217876 0.203376 0.159238 0.267426 0.218672 
-0.171089 -0.626677 -0.251766 -0.185139 -0.337186 -0.006101 -0.300193 -0.013585 -0.246264 -0.321943 -0.203910 -0.084792 0.029186 -0.073811 -0.050023 0.026194 0.089802 0.040879 0.257332 -0.028247 0.156116 0.313671 0.441275 0.134139 0.242251 
-0.212956 -0.379996 -0.569270 -0.399303 -0.240858 -0.352902 -0.235604 -0.121367 -0.330429 -0.314656 -0.174857 0.069899 0.123480 0.307097 0.080466 0.146536 0.132227 0.115127 0.010799 0.225530 0.168597 0.257875 0.082694 -0.215573 0.016955 
-0.538220 -0.695651 -0.602888 -0.434094 -0.407019 -0.164919 -0.233938 -0.263903 -0.271414 -0.032955 0.039996 0.125763 0.085290 0.059423 0.165727 0.449633 0.436383 0.045864 0.288092 0.014473 0.131570 0.157784 0.133033 0.220498 -0.262018 
-0.301911 -0.818014 -0.259484 -0.273490 -0.061004 -0.207987 -0.385313 -0.133096 -0.114654 0.004617 0.037962 0.284288 0.130354 0.126125 0.116724 0.603785 0.591771 0.422581 0.365733 0.025709 0.037762 0.132979 0.104227 0.330051 0.247049 
-0.749277 -0.350072 -0.286850 -0.898868 -0.440482 -0.208021 -0.223002 -0.332684 -0.082102 -0.236290 0.014232 0.337310 0.291148 0.174744 0.644991 0.721670 0.407571 0.845268 0.600289 0.508276 0.122673 -0.009934 0.107035 -0.444491 0.170756 
-0.365868 -0.488329 -1.016661 -0.720372 -0.128336 -0.548153 0.015238 -0.131669 -0.294674 0.123296 0.313851 0.304448 0.442210 -0.024690 0.270293 0.938309 0.643888 0.177516 0.266870 0.126341 0.366560 0.075702 0.029458 -0.010601 -0.474614 
-0.724982 -1.224506 -0.503283 -0.301977 -0.362410 -0.331348 -0.614345 -0.327181 0.086387 0.159686 0.115602 0.254726 0.113210 0.548283 0.818115 0.969120 0.292178 0.525868 0.280387 0.449097 0.482173 0.228437 -0.275562 -0.577819 -0.700461 
-0.444534 -0.633549 -0.834300 -0.320631 -0.534687 0.009107 -0.402914 -0.112157 0.004078 -0.074885 -0.055281 0.181295 0.451109 0.420471 0.997035 0.681317 0.740113 0.720160 -0.029448 0.174211 0.389967 -0.105722 -0.195107 0.154172 0.468971 
-0.694078 -0.633146 -0.392315 -0.234008 -0.651195 -0.552668 -0.130100 -0.071409 -0.111031 -0.102770 0.196387 0.512590 0.472706 0.179414 0.488681 0.091578 0.231321 0.520520 0.738507 0.358510 0.576064 0.413600 -0.184388 -0.102115 0.291598 
-0.238429 -0.791467 -0.215474 -0.059492 -0.535773 -0.405276 -0.302634 -0.080751 0.090772 0.085395 0.181726 0.437102 0.235794 0.479071 0.610555 0.603704 0.197828 0.997587 0.859921 0.710928 0.116292 0.519437 0.131001 0.012920 0.134092 
-0.419543 -0.147335 -0.462446 -0.310778 -0.361821 -0.185415 -0.163114 -0.070677 0.094021 -0.090091 0.148749 0.254533 0.225979 0.397789 0.406881 0.100363 0.066709 0.091806 0.479112 0.566147 0.294582 0.049239 0.425500 0.293217 0.080773 
-0.058275 -0.112561 -0.058213 -0.061984 0.155903 -0.015827 0.013388 0.204791 0.170062 -0.167518 -0.069703 0.102090 0.063233 0.107079 0.005089 0.194439 0.357631 0.029549 0.140235 0.520236 0.455352 0.646155 0.363038 -0.027127 0.154841 
0.014481 -0.037030 0.356329 0.000328 0.210572 -0.068023 -0.027560 0.323705 0.182972 -0.001557 0.097926 0.105980 -0.068964 -0.028664 0.083328 0.373443 0.072356 -0.009524 -0.044099 0.495995 0.381884 0.533081 0.428692 0.327929 0.878797 
0.142691 0.533527 0.337424 0.011574 0.092686 0.347274 0.296635 0.423683 0.181422 0.424988 -0.117048 0.475307 0.030338 0.347840 0.192021 -0.050355 -0.191420 -0.128545 0.374150 -0.086090 0.407821 0.703397 0.691503 1.209394 0.773846 
0.267599 0.581309 0.627051 0.257110 0.485865 0.059191 0.319440 0.091963 0.234796 0.203834 0.272478 -0.103582 -0.239257 -0.411369 0.185194 -0.252155 0.335793 -0.264501 -0.127815 0.270258 0.497709 0.074653 0.668023 1.086392 0.284245 
0.100886 1.044136 0.287448 0.293616 0.741054 0.344027 0.185085 0.372333 0.137444 0.244918 -0.051995 -0.169001 -0.163880 -0.244488 -0.474480 0.008684 -0.526797 0.120205 -0.379761 0.042457 0.650351 1.059747 0.879297 1.116121 1.804254 
