0.840806 0.499105 0.234407 0.564249 0.886728 0.388440 0.544774 0.410650 0.469398 0.559192 0.756671 0.856384 0.227142 0.515117 0.979719 0.151919 0.910985 0.067164 0.904124 0.911324 0.389324 0.009116 0.703176 0.766124 0.318310 
0.080834 0.289706 0.621302 0.415863 0.212515 0.963806 0.329198 0.243926 0.211606 0.055950 0.673562 0.754717 0.881898 0.783291 0.783512 0.969703 0.976749 0.452460 0.574178 0.126531 0.865190 0.129325 0.711102 0.981172 0.786648 
0.812602 0.857374 0.694620 0.683434 0.303822 0.949655 0.083941 0.331901 0.120852 0.029785 0.259994 0.957133 0.152512 0.117547 0.744134 0.041171 0.020044 0.791177 0.796740 0.900066 0.669385 0.597515 0.457476 0.982293 0.338786 
0.873121 0.948049 0.097286 0.859579 0.912617 0.405395 0.808339 0.738963 0.231892 0.764615 0.542225 0.242335 0.630261 0.633442 0.951552 0.867168 0.084703 0.475033 0.755275 0.729483 0.861008 0.364768 0.667098 0.960902 0.781077 
0.833131 0.549455 0.695006 0.962102 0.268756 0.658962 0.028622 0.684012 0.538770 0.901536 0.801103 0.857783 0.838894 0.537959 0.414009 0.999524 0.760926 0.469483 0.863773 0.226162 0.935824 0.042342 0.868123 0.683629 0.958946 
0.023606 0.350645 0.326137 0.532993 0.967697 0.098315 0.416681 0.054852 0.195935 0.842708 0.902724 0.701196 0.951686 0.173263 0.669737 0.785595 0.018167 0.846172 0.579049 0.090211 0.658855 0.592067 0.700964 0.013778 0.165402 
0.390776 0.867455 0.688978 0.294743 0.212870 0.689607 0.385130 0.070280 0.829296 0.848505 0.122711 0.082757 0.455119 0.481155 0.434287 0.578749 0.687840 0.444250 0.720683 0.081333 0.092953 0.840510 0.063024 0.902998 0.747245 
0.662157 0.258025 0.740428 0.931182 0.733485 0.151243 0.620527 0.407316 0.313685 0.328937 0.382545 0.346785 0.490772 0.880439 0.387696 0.919657 0.535610 0.254001 0.592275 0.578325 0.440805 0.293938 0.276425 0.944207 0.394431 
0.115874 0.936545 0.858266 0.275635 0.823169 0.868093 0.244154 0.300130 0.523938 0.723605 0.610660 0.630608 0.817564 0.581411 0.683957 0.224404 0.043908 0.123486 0.775374 0.166548 0.375305 0.628782 0.008913 0.361180 0.856422 
0.374505 0.954619 0.606099 0.213103 0.836105 0.447870 0.112151 0.786617 0.661649 0.308763 0.497501 0.661277 0.639814 0.267039 0.046357 0.630100 0.507402 0.314996 0.657365 0.984626 0.156524 0.595795 0.192588 0.600076 0.892234 
0.873408 0.998507 0.929174 0.332763 0.177436 0.864161 0.303245 0.422743 0.210264 0.590378 0.824937 0.470154 0.549330 0.385141 0.454997 0.900534 0.806195 0.348609 0.299973 0.302030 0.297231 0.443852 0.184556 0.634838 0.582235 
0.802043 0.702309 0.292695 0.165967 0.339886 0.180319 0.870596 0.564558 0.159683 0.788525 0.543629 0.160389 0.772570 0.753589 0.654509 0.703036 0.211959 0.776160 0.577995 0.453295 0.170106 0.957526 0.232106 0.045081 0.285726 
0.313358 0.957171 0.221381 0.802966 0.437641 0.912550 0.805090 0.030483 0.882200 0.002808 0.764484 0.506088 0.599196 0.551459 0.119635 0.527036 0.372990 0.549329 0.611263 0.951029 0.598016 0.761303 0.135104 0.395951 0.855533 
0.342857 0.274768 0.402538 0.239731 0.641091 0.154754 0.157677 0.405595 0.280839 0.953012 0.180439 0.135745 0.455477 0.450647 0.346163 0.167554 0.550770 0.146660 0.003213 0.217642 0.510088 0.339802 0.522888 0.383635 0.776999 
0.634622 0.088793 0.776708 0.943100 0.404879 0.999378 0.621967 0.147557 0.888530 0.233501 0.675053 0.623936 0.842510 0.834317 0.370000 0.022291 0.768083 0.353118 0.322310 0.556011 0.016318 0.398965 0.534749 0.079593 0.232851 
0.301357 0.392797 0.629120 0.395753 0.819871 0.273178 0.233756 0.455867 0.828420 0.263226 0.390551 0.358253 0.064603 0.704090 0.219069 0.484630 0.532050 0.878359 0.408613 0.660508 0.221589 0.122108 0.923116 0.067767 0.712407 
0.916385 0.674599 0.451937 0.936902 0.904005 0.997748 0.687044 0.195674 0.236192 0.886233 0.807574 0.709678 0.287439 0.922254 0.749417 0.231232 0.666872 0.115962 0.976565 0.023877 0.716680 0.833975 0.230440 0.079521 0.480323 
0.766916 0.217948 0.390456 0.104127 0.226737 0.867999 0.770689 0.149435 0.444590 0.195024 0.533602 0.352243 0.246553 0.374393 0.895438 0.786954 0.910570 0.334662 0.594208 0.518914 0.385604 0.347320 0.325943 0.015504 0.946885 
0.785924 0.096045 0.387167 0.629685 0.401058 0.410939 0.435143 0.948470 0.006897 0.977475 0.065043 0.472825 0.570509 0.419716 0.961445 0.514834 0.582919 0.093007 0.311767 0.957642 0.928161 0.412102 0.538094 0.255621 0.870062 
0.827201 0.095772 0.263535 0.999949 0.591816 0.146781 0.620481 0.042952 0.458107 0.525284 0.799024 0.101985 0.443319 0.751205 0.457432 0.942950 0.557306 0.475141 0.608104 0.901370 0.814529 0.528080 0.674280 0.984621 0.638201 
0.866799 0.736192 0.636733 0.805815 0.260434 0.039964 0.947497 0.074351 0.484003 0.082840 0.054118 0.415040 0.542385 0.626913 0.565052 0.339898 0.022247 0.209935 0.950780 0.841122 0.566441 0.472273 0.097837 0.073882 0.105657 
0.955836 0.677340 0.688082 0.348152 0.693733 0.505377 0.435575 0.699705 0.378281 0.589006 0.742420 0.594195 0.862290 0.105413 0.999579 0.538041 0.720129 0.532000 0.421022 0.802191 0.789613 0.370601 0.153809 0.354632 0.031616 
0.094047 0.949218 0.016332 0.520117 0.697409 0.727745 0.480854 0.210327 0.297109 0.421747 0.757779 0.988163 0.752343 0.891414 0.950679 0.390510 0.128712 0.258889 0.470601 0.836672 0.486286 0.075923 0.377597 0.497857 0.704275 
0.965187 0.406825 0.232132 0.246776 0.663581 0.212476 0.835443 0.600086 0.768948 0.282203 0.565908 0.990991 0.403700 0.211513 0.885979 0.194857 0.166486 0.338901 0.356096 0.734326 0.175483 0.266305 0.855841 0.470646 0.569709 
0.750895 0.041526 0.708719 0.611970 0.287183 0.374036 0.736804 0.969446 0.891756 0.066469 0.057441 0.583302 0.992085 0.494829 0.448598 0.757411 0.632601 0.502077 0.715623 0.571000 0.011958 0.896688 0.858750 0.677927 0.925272 

0.553484 0.938765 0.451564 0.935724 0.106380 0.356714 0.886503 0.352224 0.842921 0.962034 0.569745 0.409868 0.473849 0.293539 0.770468 0.698772 0.817158 0.062203 0.755693 0.035720 0.421977 0.931342 0.231693 0.997149 0.507344 
0.763677 0.398328 0.796011 0.754686 0.386556 0.267410 0.689320 0.868844 0.693340 0.317677 0.295448 0.598427 0.711446 0.841011 0.770544 0.628650 0.526519 0.430396 0.861749 0.234556 0.527086 0.726309 0.088171 0.686469 0.740053 
0.926618 0.724738 0.931443 0.835167 0.962845 0.130176 0.578427 0.108256 0.036176 0.990076 0.520721 0.752838 0.538771 0.064442 0.871921 0.025002 0.570400 0.193124 0.821278 0.416418 0.981078 0.677921 0.938535 0.292108 0.637904 
0.709599 0.291171 0.836908 0.397980 0.169268 0.182353 0.862986 0.300299 0.495599 0.613523 0.149152 0.483092 0.364966 0.628730 0.157769 0.512479 0.723909 0.714167 0.000116 0.612517 0.647776 0.311463 0.468106 0.303739 0.016560 
0.618605 0.078775 0.277355 0.945410 0.798098 0.566748 0.478206 0.959346 0.226954 0.679482 0.978757 0.561030 0.080414 0.845293 0.610924 0.493324 0.874705 0.281474 0.676627 0.747141 0.409712 0.226670 0.085803 0.100240 0.426716 
0.448552 0.322320 0.817092 0.351421 0.887911 0.340321 0.888125 0.578037 0.215293 0.559852 0.678508 0.288668 0.764583 0.046453 0.578748 0.974300 0.288806 0.771129 0.467964 0.656807 0.978678 0.888094 0.759890 0.315120 0.047505 
0.949231 0.998231 0.605323 0.276870 0.760182 0.140980 0.648826 0.931363 0.689314 0.631376 0.764843 0.174866 0.772875 0.326876 0.988687 0.822921 0.744405 0.867621 0.575881 0.926307 0.031302 0.642488 0.971524 0.326324 0.479897 
0.588269 0.622197 0.429744 0.391603 0.359395 0.932746 0.369059 0.946386 0.262909 0.996828 0.247810 0.376869 0.002954 0.921409 0.950487 0.040084 0.415632 0.306933 0.382551 0.348332 0.059826 0.508881 0.197782 0.735872 0.511921 
0.276069 0.984969 0.668846 0.833906 0.966292 0.674880 0.043241 0.691879 0.493772 0.714542 0.482419 0.170385 0.362899 0.791531 0.259919 0.589626 0.123623 0.025405 0.566938 0.410215 0.821885 0.931225 0.734155 0.585758 0.144682 
0.984360 0.374112 0.478260 0.776858 0.190953 0.916696 0.735118 0.843191 0.780248 0.239889 0.032250 0.765873 0.262143 0.192595 0.805127 0.056865 0.159494 0.650350 0.496872 0.326752 0.003783 0.007644 0.391010 0.551824 0.538063 
0.003362 0.509204 0.230568 0.010317 0.692955 0.456631 0.365572 0.990873 0.105695 0.683006 0.840476 0.646852 0.760909 0.175245 0.735540 0.376866 0.368464 0.466239 0.475861 0.025416 0.043556 0.226563 0.535789 0.615378 0.417124 
0.602519 0.126735 0.165662 0.688989 0.392792 0.810540 0.580460 0.736426 0.879679 0.591521 0.357849 0.396387 0.195203 0.513668 0.965813 0.049894 0.517839 0.566257 0.748317 0.577384 0.605527 0.051253 0.931457 0.018653 0.418430 
0.122899 0.799961 0.831657 0.616291 0.437427 0.329691 0.732756 0.182430 0.640408 0.808134 0.588079 0.980112 0.894246 0.523095 0.488356 0.228184 0.157449 0.875281 0.722355 0.418858 0.443105 0.284484 0.834592 0.338344 0.655276 
0.631146 0.055132 0.511183 0.407577 0.016085 0.396327 0.521130 0.436686 0.378941 0.606997 0.565672 0.033496 0.645584 0.462611 0.023295 0.420295 0.629730 0.382974 0.542698 0.753864 0.521643 0.716059 0.671950 0.738935 0.659249 
0.918874 0.664959 0.257665 0.270440 0.671834 0.126379 0.393527 0.373762 0.033226 0.927624 0.768679 0.205270 0.836966 0.374682 0.469475 0.944977 0.659415 0.632646 0.136913 0.062857 0.579789 0.726084 0.707873 0.574598 0.638345 
0.171869 0.602251 0.116795 0.914900 0.882760 0.774756 0.854306 0.012881 0.337648 0.842168 0.329707 0.154010 0.843805 0.042296 0.666470 0.195921 0.926801 0.693012 0.167401 0.665675 0.388192 0.205871 0.151731 0.567016 0.353397 
0.938455 0.359699 0.956154 0.680573 0.522063 0.241097 0.860876 0.051243 0.245505 0.774239 0.570749 0.203494 0.655714 0.750710 0.662203 0.889595 0.347148 0.152552 0.873254 0.435858 0.018477 0.565425 0.338248 0.787243 0.106906 
0.912364 0.581262 0.638933 0.683752 0.086441 0.976062 0.377211 0.445774 0.661129 0.432285 0.162003 0.908778 0.108504 0.782521 0.803827 0.015931 0.366612 0.159954 0.015024 0.757276 0.609380 0.427847 0.564036 0.916680 0.292664 
0.111580 0.682141 0.916946 0.000789 0.465452 0.217305 0.276423 0.169078 0.118064 0.872680 0.460958 0.960997 0.511277 0.119965 0.044481 0.367570 0.823508 0.763449 0.115202 0.494936 0.890157 0.908825 0.128870 0.865825 0.786750 
0.444665 0.324510 0.951086 0.761925 0.123670 0.510675 0.553645 0.978475 0.359302 0.032382 0.372325 0.423904 0.339033 0.201192 0.929754 0.145806 0.073753 0.592445 0.794096 0.119561 0.336837 0.450313 0.202659 0.163875 0.091178 
0.028271 0.648620 0.159920 0.261401 0.616066 0.338838 0.965221 0.384812 0.036014 0.316899 0.376291 0.042989 0.795483 0.940670 0.488660 0.581506 0.565477 0.427438 0.368871 0.229696 0.072864 0.960621 0.933824 0.788846 0.602470 
0.752874 0.645992 0.114232 0.201872 0.919911 0.247469 0.899477 0.314062 0.084846 0.992681 0.829790 0.033339 0.734393 0.467253 0.826037 0.516582 0.152910 0.022752 0.826333 0.628813 0.615974 0.529846 0.322232 0.043645 0.569168 
0.880552 0.330379 0.710364 0.759994 0.780218 0.353592 0.962649 0.180693 0.285083 0.405758 0.950357 0.157871 0.351584 0.699018 0.802115 0.293768 0.097680 0.566428 0.540604 0.610600 0.609699 0.098542 0.206339 0.520736 0.136379 
0.419123 0.938283 0.295757 0.967013 0.315363 0.084484 0.584252 0.194107 0.717742 0.506266 0.662641 0.534295 0.370750 0.179021 0.129607 0.597741 0.782837 0.730745 0.594894 0.546878 0.387233 0.715379 0.901035 0.274726 0.930615 
0.217437 0.277670 0.704248 0.566424 0.669638 0.609771 0.557571 0.968561 0.462335 0.381149 0.355422 0.676219 0.642990 0.385275 0.893738 0.715606 0.242930 0.019158 0.214556 0.622296 0.022692 0.956901 0.025364 0.395024 0.962802 

-0.163725 0.490784 0.185165 0.286943 -0.662023 -0.180453 0.026441 -0.037981 -0.317652 -0.459075 -0.526979 -0.687213 -0.437939 -0.489718 -1.073058 -0.778910 -1.093333 -0.210324 -0.696513 -0.190114 -0.088619 0.118024 -0.057974 0.992274 0.586953 
0.957667 0.235916 0.336609 0.210628 0.162733 -0.492100 0.208205 0.215694 -0.026655 0.098678 -0.401852 -0.449810 -0.792031 -1.161386 -0.856576 -0.888302 -0.955804 -0.584685 -0.812315 -0.013902 -0.247124 0.034981 0.071805 0.619043 0.558151 
0.204091 0.058663 0.366514 0.140277 0.448000 -0.627657 0.484067 0.172315 -0.281717 -0.085735 -0.528376 -0.676220 -0.347595 -0.219525 -0.988955 -0.000029 -0.628516 -0.121341 -0.555863 -0.293255 -0.103973 0.023816 0.545073 0.171037 0.569548 
-0.058744 -0.575312 0.637297 -0.298232 -0.565807 -0.181586 0.017623 -0.316076 0.069123 -0.446623 -0.195148 0.063216 -0.345341 -0.596655 -0.421516 -0.421686 -0.794102 -0.631310 -0.042839 -0.483974 -0.041992 0.160796 0.377634 0.395226 0.031550 
-0.286420 -0.333803 -0.389229 0.076895 0.215944 -0.025353 0.259469 -0.119339 -0.278349 -0.385791 -0.614878 -0.385316 -0.478191 -0.628008 -0.566916 -0.574372 -0.859175 -0.146250 -0.347703 -0.126420 0.085211 -0.021734 0.310584 0.135858 0.505337 
0.182108 -0.046818 0.263093 0.020851 -0.157798 0.064675 0.179771 0.191370 0.089909 -0.406191 -0.366331 -0.114892 -0.769217 -0.199930 -0.519368 -0.944041 -0.316195 -0.607267 -0.150424 -0.280203 0.051761 0.221688 0.628970 0.223278 0.110027 
0.264845 -0.025950 -0.078287 -0.040602 0.314744 -0.346171 -0.030647 0.131542 -0.426446 -0.385837 -0.085669 -0.181539 -0.492331 -0.267820 -0.728393 -0.493305 -0.558259 -0.286446 -0.031087 -0.123536 -0.057057 0.289835 0.186408 0.337289 0.371062 
-0.190576 0.139785 -0.218582 -0.354695 -0.379984 0.124240 -0.223290 0.114118 -0.067102 -0.268690 -0.021713 -0.205693 -0.120925 -0.344788 -0.410885 -0.040750 -0.098474 -0.256962 -0.051473 -0.081776 0.023062 0.064479 0.088711 0.652353 0.465894 
0.042628 -0.361747 -0.359074 -0.129102 -0.342851 -0.332345 -0.026316 0.112960 -0.114638 -0.275922 -0.127894 -0.218088 -0.172134 -0.110548 -0.114753 -0.232002 -0.001296 0.033504 -0.026803 0.008751 0.101514 0.052117 -0.033515 0.176329 0.213111 
-0.459713 -0.497258 -0.309431 -0.124097 -0.385262 -0.076027 0.110443 -0.402609 -0.127678 -0.215148 -0.102493 -0.287995 -0.122498 0.030380 0.019875 0.029285 0.048860 0.085827 0.070974 0.102914 -0.001653 0.238640 0.123619 0.224337 0.196720 
-0.582267 -0.928245 -0.413152 -0.087461 -0.153867 -0.264379 -0.247552 -0.392918 -0.097537 -0.096002 -0.158126 -0.090356 0.300532 -0.098303 0.059860 0.063201 0.263461 0.111968 0.277180 0.160659 -0.127573 0.157990 -0.054706 0.066257 0.156708 
-0.676690 -0.391935 -0.165252 -0.233039 -0.101883 -0.148519 -0.398370 -0.350021 -0.120347 0.017464 -0.106549 0.095933 0.248251 0.056263 0.431972 0.036548 0.488133 0.586072 0.377330 0.081330 0.172064 0.304605 -0.211846 0.173626 0.171835 
-0.250745 -1.000354 -0.635113 -0.673332 -0.414615 -0.403492 -0.420030 0.034052 -0.189091 0.052110 0.097498 0.254416 0.262918 0.250350 0.320399 0.342902 -0.000770 0.635172 0.579007 0.455033 0.347484 0.219317 -0.271815 0.069134 0.095657 
-0.445712 -0.103909 -0.475109 -0.250342 -0.244789 -0.086764 -0.262058 -0.225277 -0.065806 -0.086781 0.110950 0.008747 0.476102 0.380600 0.122623 0.411568 0.572348 0.268980 0.188147 0.328430 0.160305 -0.090854 0.037596 -0.425629 -0.087740 
-1.044533 -0.709484 -0.553850 -0.453891 -0.482183 -0.264787 -0.234618 -0.164852 -0.099606 -0.047187 0.230359 0.079620 0.574640 0.187483 0.398761 0.816131 0.634759 0.755309 0.309041 0.168990 0.080745 -0.030178 -0.095809 -0.272947 -0.352493 
-0.396046 -0.511797 -0.366253 -0.896640 -0.805405 -0.585190 -0.530033 0.005439 0.017394 0.063283 0.166656 0.065877 0.818810 0.119738 0.773128 0.253851 0.954698 0.848906 0.369860 0.474506 0.078262 0.025822 0.414185 -0.434561 0.110443 
-1.315353 -0.727849 -0.981607 -0.832142 -0.562822 -0.385282 -0.531330 -0.194023 -0.055022 0.235388 0.121077 0.095757 0.379918 0.668843 0.957871 1.015157 0.633842 0.146558 0.899225 0.182118 0.228600 0.474818 -0.094499 -0.502642 0.309361 
-1.089473 -0.613125 -0.763760 -0.516487 -0.020316 -0.656467 -0.264603 -0.140976 -0.184210 0.071765 0.054465 0.346350 0.222364 0.610053 0.996839 0.425619 0.554183 0.358324 0.326702 0.623931 0.064685 0.199465 -0.037607 -0.633584 0.607855 
-0.055215 -0.447994 -0.695200 -0.071417 -0.234972 -0.037532 -0.068067 -0.023485 0.059157 0.199874 -0.045753 0.541646 0.331067 0.218908 0.248009 0.449307 0.752545 0.521376 -0.001707 0.527572 0.505679 0.090819 0.191707 -0.277744 0.173603 
-0.343031 -0.045925 -0.454216 -0.420294 -0.111236 -0.299458 -0.123199 -0.091476 -0.125463 0.213666 0.302323 -0.065824 0.271620 0.268074 0.533274 0.380133 0.378956 0.484839 0.471134 0.603487 0.451969 0.098379 0.521804 0.636183 0.503215 
-0.105124 0.024241 -0.098115 -0.039481 0.011542 -0.048928 0.057414 -0.074073 0.012300 0.024702 0.024225 -0.034558 0.231412 0.389189 0.079703 0.217688 0.303355 0.201118 0.505361 0.612637 0.195190 0.204179 0.022743 -0.072153 0.030634 
0.157712 0.050973 -0.052973 0.164239 0.106070 0.032663 0.434738 0.057372 0.136755 0.188669 0.330196 0.153809 0.226878 -0.028286 0.328593 0.125497 0.221459 0.329194 0.101739 0.544010 0.619221 0.429535 0.233793 0.251705 0.102926 
0.472114 0.310159 0.501052 0.567445 0.499355 0.162100 0.456610 0.183604 0.093112 -0.013719 0.123039 0.473796 0.293951 0.038705 -0.026842 0.013872 -0.086160 -0.027151 0.210206 0.338842 0.269064 0.045167 0.256637 0.721543 0.745628 
0.296351 1.057658 0.006274 0.662468 0.438765 0.234125 0.393001 0.100731 0.248650 0.099409 -0.002726 0.244869 -0.121646 0.032086 0.217110 -0.357446 -0.599056 -0.374671 -0.133550 0.245767 -0.014884 0.427651 1.078715 0.531998 1.486928 
0.183925 0.253658 0.759852 0.591404 0.552846 0.188929 0.479072 0.778612 0.558007 -0.033792 0.032464 -0.047050 0.220795 -0.147100 -0.640961 -0.301321 0.157816 0.194628 0.382979 0.396283 -0.158551 1.017003 0.921476 0.972059 1.691156 
