0.470380 0.854456 0.238974 0.645263 0.896426 0.720700 0.881522 0.526831 0.581193 0.976293 0.397339 0.285265 0.595963 0.424314 0.696171 0.611678 0.692396 0.284342 0.582521 0.911728 0.512234 0.899528 0.725863 0.552270 0.853203 
0.487298 0.131940 0.258657 0.231727 0.302080 0.318999 0.425019 0.144992 0.800043 0.522829 0.055251 0.961207 0.192033 0.541509 0.254868 0.145304 0.512089 0.783730 0.618748 0.477096 0.284855 0.229771 0.827029 0.797837 0.780858 
0.949551 0.766156 0.943541 0.678255 0.868135 0.116020 0.260565 0.135898 0.229801 0.197265 0.667403 0.351540 0.471845 0.498492 0.485481 0.368354 0.411526 0.058740 0.924126 0.334443 0.446959 0.811160 0.491374 0.247869 0.919119 
0.190154 0.860867 0.923545 0.170328 0.203449 0.025960 0.291534 0.026175 0.817202 0.942872 0.393400 0.006837 0.995212 0.003211 0.148737 0.647898 0.666026 0.228389 0.728011 0.627386 0.335030 0.578961 0.862017 0.117258 0.578452 
0.575517 0.615494 0.679621 0.640927 0.512488 0.589491 0.242133 0.761149 0.681232 0.781159 0.366571 0.587968 0.452570 0.959121 0.608579 0.614448 0.987907 0.003523 0.852525 0.779480 0.300198 0.950101 0.953367 0.614208 0.732919 
0.440510 0.250866 0.671348 0.480345 0.056428 0.310570 0.627604 0.108843 0.219595 0.218754 0.753461 0.274079 0.519408 0.891226 0.324737 0.186270 0.577061 0.360211 0.678955 0.294694 0.467240 0.095142 0.718364 0.310327 0.408079 
0.378594 0.580856 0.239145 0.167800 0.964750 0.934615 0.599982 0.238086 0.170738 0.751984 0.855655 0.319497 0.988121 0.938468 0.925386 0.182492 0.253374 0.930966 0.868560 0.465003 0.774750 0.705620 0.413189 0.959856 0.001959 
0.794324 0.250760 0.937466 0.415575 0.201859 0.216357 0.438449 0.492843 0.765238 0.460372 0.504151 0.910992 0.065995 0.360564 0.525290 0.898836 0.525521 0.341594 0.433432 0.882654 0.243892 0.066212 0.002805 0.276988 0.489783 
0.209887 0.790252 0.536239 0.903816 0.148541 0.437214 0.427988 0.273907 0.123036 0.958420 0.066743 0.784256 0.035505 0.411646 0.256248 0.699980 0.886594 0.362250 0.894582 0.059855 0.492435 0.092894 0.182658 0.115459 0.405143 
0.531360 0.615274 0.551652 0.634319 0.725199 0.222133 0.242375 0.430767 0.043302 0.368070 0.858572 0.188474 0.943599 0.089670 0.432431 0.921200 0.747960 0.522963 0.856214 0.978789 0.219225 0.535639 0.649058 0.594806 0.166370 
0.171568 0.910091 0.699403 0.571166 0.138915 0.324269 0.578135 0.997607 0.868095 0.872416 0.975443 0.245294 0.023005 0.349739 0.175770 0.837443 0.344408 0.950249 0.549250 0.540948 0.789278 0.540087 0.719496 0.633249 0.122699 
0.256242 0.367976 0.361608 0.988933 0.491271 0.061431 0.543028 0.096474 0.732440 0.941644 0.725023 0.504068 0.391335 0.420129 0.646199 0.467577 0.357107 0.541658 0.451325 0.989475 0.141218 0.887213 0.243542 0.981984 0.690758 
0.817026 0.398685 0.312821 0.375131 0.836956 0.589783 0.563460 0.263105 0.935043 0.475203 0.688551 0.609540 0.819097 0.416863 0.428711 0.297598 0.214613 0.245853 0.913673 0.260862 0.904890 0.787435 0.181558 0.358696 0.036405 
0.844682 0.550266 0.136228 0.182844 0.667900 0.048737 0.075171 0.710418 0.826491 0.398134 0.867666 0.056360 0.989073 0.989467 0.292935 0.615773 0.530009 0.837276 0.788922 0.830247 0.283652 0.556292 0.170914 0.578325 0.000688 
0.822137 0.147971 0.440019 0.192337 0.962656 0.588577 0.534532 0.176368 0.890556 0.057959 0.332420 0.875750 0.184550 0.397770 0.662502 0.623171 0.814751 0.181575 0.781994 0.574983 0.654926 0.577221 0.855937 0.201833 0.110183 
0.381044 0.004832 0.401247 0.618133 0.086224 0.156825 0.066713 0.289826 0.236616 0.816813 0.063064 0.395997 0.508084 0.399869 0.034554 0.555434 0.754249 0.955307 0.170943 0.661560 0.443556 0.940310 0.044099 0.614266 0.428885 
0.738687 0.243767 0.126425 0.283206 0.487043 0.177220 0.212109 0.223331 0.873326 0.201559 0.345612 0.371167 0.101313 0.319714 0.312931 0.005474 0.413157 0.985307 0.736447 0.703339 0.968344 0.158008 0.936283 0.853768 0.988552 
0.592736 0.112221 0.637863 0.373177 0.718203 0.125416 0.381734 0.506651 0.536942 0.363761 0.718709 0.605966 0.596450 0.591156 0.525850 0.365441 0.566146 0.346775 0.472660 0.358838 0.758155 0.249851 0.505915 0.826748 0.530870 
0.800159 0.575758 0.378394 0.340873 0.110114 0.841089 0.850180 0.180068 0.446708 0.766832 0.297759 0.872552 0.325907 0.661773 0.048773 0.525019 0.482766 0.089683 0.144404 0.172827 0.786696 0.001104 0.986023 0.493143 0.812006 
0.874275 0.870397 0.650575 0.313705 0.899925 0.439841 0.459951 0.411505 0.264920 0.290214 0.685059 0.063553 0.877844 0.838517 0.096843 0.003603 0.601227 0.140750 0.945405 0.663976 0.993338 0.946508 0.702365 0.484724 0.381397 
0.123869 0.997864 0.559881 0.979616 0.083714 0.000423 0.721310 0.739341 0.077363 0.379324 0.112911 0.658324 0.838975 0.205319 0.798272 0.552474 0.549215 0.100671 0.785557 0.399506 0.847688 0.685011 0.251227 0.747404 0.145913 
0.776999 0.133908 0.103197 0.956331 0.077441 0.842566 0.500581 0.482212 0.051367 0.596313 0.250136 0.475884 0.140313 0.943682 0.510059 0.944921 0.274204 0.613436 0.686332 0.208936 0.518561 0.472103 0.676215 0.908461 0.175476 
0.279786 0.341542 0.486113 0.891258 0.791103 0.257944 0.401054 0.312742 0.368725 0.923934 0.558624 0.546586 0.641473 0.711029 0.023343 0.021162 0.102485 0.009784 0.137079 0.347471 0.332004 0.659471 0.994074 0.718697 0.903694 
0.905729 0.953092 0.478143 0.568966 0.252332 0.276474 0.948828 0.520607 0.864889 0.629548 0.497368 0.106334 0.778846 0.409387 0.511660 0.355163 0.149913 0.070214 0.195565 0.871555 0.438349 0.178778 0.398153 0.049735 0.661485 
0.313110 0.498312 0.735834 0.514135 0.817120 0.869224 0.278699 0.112427 0.944889 0.865426 0.232111 0.578526 0.143521 0.177743 0.369501 0.501527 0.564585 0.833319 0.355116 0.933861 0.313111 0.901842 0.413404 0.156211 0.781291 

0.820636 0.585572 0.887895 0.388832 0.596486 0.882672 0.240350 0.190266 0.255516 0.268156 0.865707 0.164666 0.950008 0.169833 0.393536 0.797254 0.960042 0.709081 0.221294 0.647325 0.004042 0.955676 0.264628 0.307352 0.679313 
0.759422 0.959899 0.252972 0.022918 0.108767 0.770905 0.017754 0.723798 0.993165 0.304074 0.958146 0.891757 0.075726 0.455404 0.439571 0.482635 0.176943 0.026783 0.525808 0.269941 0.846772 0.810007 0.266688 0.442737 0.988190 
0.329105 0.738390 0.535121 0.507520 0.755328 0.775220 0.579851 0.272262 0.176281 0.730998 0.201536 0.072050 0.458497 0.276034 0.125133 0.634312 0.729129 0.937158 0.906721 0.968211 0.987257 0.645392 0.038116 0.198538 0.892514 
0.666609 0.700199 0.855397 0.044915 0.904873 0.668406 0.241843 0.745617 0.556400 0.135861 0.401408 0.235402 0.409439 0.189654 0.587698 0.118018 0.465741 0.257600 0.585535 0.101077 0.820154 0.272742 0.902191 0.627061 0.826610 
0.656937 0.689277 0.465045 0.731264 0.353374 0.439127 0.924610 0.404545 0.202306 0.159799 0.715541 0.659773 0.971315 0.516793 0.633870 0.621366 0.962642 0.151016 0.266349 0.313953 0.545413 0.865450 0.837118 0.084925 0.274221 
0.229026 0.137061 0.083538 0.100493 0.288427 0.621220 0.034657 0.964134 0.415930 0.482213 0.178173 0.292064 0.668954 0.371216 0.039200 0.844695 0.619482 0.609154 0.482902 0.170990 0.953282 0.113939 0.402794 0.524938 0.741260 
0.582496 0.775031 0.846597 0.339451 0.766818 0.190076 0.887254 0.905845 0.463742 0.883598 0.718000 0.284266 0.053725 0.874058 0.618375 0.554669 0.930431 0.601387 0.845819 0.219312 0.426422 0.791840 0.660586 0.331454 0.544039 
0.117506 0.005063 0.017444 0.702933 0.035150 0.796650 0.574801 0.071030 0.019421 0.079929 0.873804 0.304306 0.471921 0.325595 0.231276 0.086885 0.815764 0.463934 0.327542 0.606486 0.717602 0.134498 0.029701 0.699632 0.983870 
0.248349 0.871558 0.139013 0.700010 0.417433 0.993686 0.252084 0.327790 0.487189 0.158878 0.883648 0.799825 0.441776 0.897301 0.485603 0.263601 0.697706 0.767616 0.926384 0.166848 0.700272 0.979411 0.503593 0.522676 0.949308 
0.653847 0.732048 0.085511 0.025370 0.974390 0.364316 0.715166 0.416064 0.922621 0.173969 0.673586 0.542313 0.867850 0.897324 0.855849 0.930868 0.488535 0.608161 0.469328 0.747770 0.590082 0.978773 0.734686 0.557019 0.886769 
0.215834 0.104528 0.888431 0.565536 0.113155 0.922499 0.803291 0.450075 0.016029 0.785527 0.410373 0.587069 0.401895 0.802587 0.168660 0.966482 0.455209 0.081709 0.102058 0.194331 0.883547 0.869869 0.419623 0.880102 0.355848 
0.609778 0.412039 0.356796 0.481186 0.568979 0.453995 0.321300 0.467929 0.653474 0.938133 0.493983 0.948231 0.289650 0.800478 0.310532 0.486069 0.988697 0.350051 0.347859 0.461540 0.494945 0.889041 0.263114 0.461489 0.914997 
0.681120 0.875303 0.907409 0.847392 0.505993 0.633556 0.377815 0.964145 0.769917 0.882099 0.856466 0.091111 0.994295 0.442901 0.780503 0.881851 0.812150 0.425835 0.908763 0.903061 0.663984 0.207861 0.718183 0.170591 0.237701 
0.198487 0.752825 0.242005 0.727568 0.733525 0.303949 0.236733 0.436100 0.035846 0.673606 0.196237 0.249371 0.056985 0.925387 0.079161 0.090552 0.911436 0.245545 0.190883 0.276362 0.973854 0.813077 0.904248 0.305502 0.628784 
0.529032 0.642745 0.787494 0.540409 0.876099 0.627358 0.925629 0.507735 0.256951 0.364594 0.875182 0.790780 0.042351 0.754524 0.502281 0.438635 0.948203 0.123969 0.297070 0.054814 0.737240 0.637009 0.731832 0.890992 0.943977 
0.357081 0.706033 0.553452 0.424648 0.688626 0.177538 0.485354 0.434379 0.284655 0.252087 0.819583 0.275628 0.016897 0.646544 0.032262 0.392988 0.676868 0.156033 0.474444 0.012586 0.841239 0.130474 0.421160 0.300355 0.033150 
0.081314 0.608274 0.919486 0.147477 0.623944 0.544405 0.595670 0.762601 0.477308 0.071937 0.659603 0.546117 0.107593 0.532388 0.901461 0.797584 0.805101 0.156388 0.116932 0.576766 0.563365 0.289947 0.408766 0.323227 0.698356 
0.143888 0.445341 0.253030 0.936600 0.801281 0.105447 0.591669 0.428760 0.716098 0.048116 0.621311 0.593902 0.982807 0.208271 0.668051 0.438367 0.703565 0.096914 0.065987 0.781553 0.437589 0.836804 0.981263 0.299580 0.765270 
0.086526 0.169286 0.926585 0.718666 0.093786 0.919532 0.290179 0.331568 0.925330 0.734051 0.174797 0.532363 0.999856 0.084158 0.086823 0.442165 0.227927 0.754350 0.015080 0.846287 0.880624 0.302862 0.600489 0.096650 0.749430 
0.917138 0.536380 0.015198 0.263421 0.463820 0.194803 0.469193 0.245445 0.985952 0.143035 0.748301 0.328665 0.509375 0.130346 0.527352 0.463043 0.755652 0.971462 0.037373 0.149299 0.413688 0.564153 0.645020 0.946035 0.046344 
0.983975 0.627612 0.189979 0.959217 0.151905 0.046031 0.507045 0.435879 0.518130 0.129356 0.143797 0.260294 0.695297 0.129545 0.397515 0.188665 0.845013 0.732755 0.388869 0.257004 0.509461 0.350927 0.650300 0.503137 0.728429 
0.933336 0.657693 0.459697 0.931628 0.803506 0.610649 0.886770 0.450830 0.806687 0.121073 0.107972 0.863210 0.714846 0.881341 0.422057 0.270786 0.056552 0.405419 0.217828 0.664140 0.991399 0.579210 0.430906 0.191921 0.004800 
0.522770 0.737601 0.963407 0.663247 0.428619 0.309978 0.620515 0.438052 0.789433 0.997372 0.728053 0.128721 0.924366 0.695660 0.335982 0.137357 0.863114 0.530840 0.287531 0.769919 0.025926 0.792934 0.225159 0.887871 0.259470 
0.856546 0.214815 0.917378 0.599205 0.410635 0.762599 0.620690 0.123919 0.808380 0.658360 0.292160 0.001524 0.616130 0.409660 0.937885 0.363934 0.439089 0.187691 0.043008 0.524448 0.831863 0.942927 0.281277 0.074796 0.827975 
0.451264 0.254343 0.425517 0.059852 0.408506 0.267044 0.843810 0.708490 0.478014 0.858091 0.815351 0.830613 0.508779 0.218347 0.525646 0.348560 0.650170 0.607273 0.132680 0.075364 0.145125 0.924409 0.830019 0.448054 0.859231 

0.275934 -0.248004 0.739219 -0.112046 -0.474314 -0.074358 -0.462442 -0.257413 -0.351908 -0.578429 -0.483269 -0.303580 -0.943308 -0.252273 -0.640246 -0.926842 -1.002758 -0.684771 -0.216390 -0.554682 -0.174971 0.291607 -0.076187 0.276108 0.496884 
0.181303 0.796648 0.034870 -0.169349 -0.277644 0.183423 -0.482268 0.211602 -0.378452 -0.215965 -0.256635 -0.849926 -0.028451 -0.575689 -0.485979 -0.495403 -0.122744 -0.277122 -0.378855 -0.205260 0.245845 0.117391 -0.007667 0.235808 1.118948 
-0.403957 -0.096509 -0.416863 -0.118171 -0.116405 0.508122 0.074992 -0.018969 -0.216034 -0.249625 -0.337299 -0.379296 -0.672887 -0.692824 -0.085143 -0.726164 -0.686307 -0.740558 -0.770724 -0.286630 -0.097335 0.012204 0.113097 0.031880 0.698007 
0.427962 -0.097718 0.146758 -0.116882 0.579324 0.436905 -0.098734 0.035623 -0.492576 -0.570543 -0.356054 -0.000721 -0.600437 -0.145132 -0.711705 -0.454494 -0.729577 -0.287958 -0.526237 -0.248507 -0.173525 0.081078 0.612463 0.567340 0.823959 
0.017353 0.053027 -0.099653 -0.130961 0.084048 -0.203351 0.419505 -0.361382 -0.317526 -0.428211 -0.217328 -0.467957 -0.711480 -0.552751 -0.646688 -0.632033 -0.916311 -0.090610 -0.091286 -0.040755 -0.107535 0.372247 0.572589 0.092770 0.379622 
-0.108822 -0.013470 -0.447571 -0.098668 0.068649 0.153090 -0.468234 0.238204 -0.170078 -0.150420 -0.386091 -0.072615 -0.518179 -0.499094 -0.161930 -0.720778 -0.532947 -0.312119 -0.348577 -0.152592 -0.011093 -0.035702 0.175338 0.446732 0.619903 
0.009300 0.049413 0.315237 -0.033943 -0.120668 -0.194709 -0.118898 0.092383 0.082395 -0.253537 -0.439832 -0.258067 -0.282477 -0.585684 -0.611525 -0.380675 -0.593946 -0.390918 -0.428372 -0.037832 0.051910 0.006945 0.329439 0.413388 0.249763 
-0.407406 -0.250771 -0.525907 0.040532 -0.098674 0.089359 -0.164691 -0.084191 -0.152960 -0.181936 -0.369257 -0.090428 -0.145491 -0.154167 -0.329624 -0.074989 -0.388306 -0.337773 -0.048798 -0.046455 0.147245 -0.132633 -0.014129 0.114007 0.547534 
-0.209040 -0.190484 -0.199004 -0.383690 -0.117064 -0.093548 -0.170479 -0.130843 0.096121 -0.285834 -0.143243 -0.232695 -0.076584 -0.119020 -0.259492 -0.132686 -0.283398 -0.039248 -0.061939 0.231673 0.035822 -0.012572 0.096636 0.152916 0.316104 
-0.284083 -0.385137 -0.462991 -0.278254 -0.374807 -0.182232 -0.122329 -0.104394 0.011414 -0.202250 -0.195981 0.029082 -0.154920 -0.083814 -0.059096 0.196695 0.013185 -0.038450 0.187783 0.185319 0.188673 0.121192 0.156388 0.144133 -0.094219 
0.002653 -0.370445 -0.566975 -0.383010 -0.033174 -0.214554 -0.154998 -0.300587 -0.305501 -0.259379 -0.302035 -0.132682 0.031982 0.089701 -0.092802 0.169649 0.292053 0.117458 0.191736 0.113397 0.210158 0.169593 0.317384 0.051150 -0.066997 
-0.522700 -0.330174 -0.208418 -0.576652 -0.474476 -0.326258 -0.199264 -0.258773 -0.225528 -0.233664 -0.200243 0.060415 -0.103095 0.292101 0.249567 0.282135 0.676766 0.257840 0.222965 0.303780 0.036231 0.223346 0.047253 0.307154 -0.182657 
-0.854475 -0.803233 -0.558330 -0.593460 -0.507026 -0.356916 -0.225125 -0.365848 -0.334404 -0.138938 0.060944 -0.085249 0.378588 0.308106 0.463751 0.625572 0.616442 0.487016 0.659466 0.302874 0.266469 0.109080 -0.175423 0.001991 -0.242309 
-0.513595 -0.850264 -0.455009 -0.509828 -0.695061 -0.055468 -0.167741 -0.331103 -0.246964 0.105949 0.139991 0.246346 -0.009294 0.770974 -0.071075 0.134064 0.932266 0.336799 0.497974 0.506636 0.197516 0.063571 -0.335088 0.278893 -0.555600 
-1.051174 -0.790287 -0.711174 -0.564125 -0.990869 -0.650545 -0.591631 -0.221596 -0.149671 -0.071155 0.317805 0.279502 0.035317 0.582545 0.432796 0.464209 1.010156 0.097802 0.451374 0.217287 0.185958 0.177904 0.175253 -0.654049 -0.757962 
-0.483943 -0.598347 -0.714272 -0.374398 -0.564290 -0.079255 -0.199603 -0.082581 -0.041698 0.184192 0.225560 0.090891 0.003284 0.689334 0.313824 0.411949 0.880246 0.597008 0.325253 0.336029 -0.063280 0.478691 -0.387722 0.118673 0.388593 
-0.288770 -0.608714 -0.916234 -0.362378 -0.539896 -0.452076 -0.320323 -0.232571 -0.089492 0.034945 0.134150 0.366136 0.027281 0.392753 0.873767 0.763160 0.866205 0.538275 0.266789 0.550695 0.590573 0.001377 0.155480 0.139068 0.018599 
-0.491655 -0.596618 -0.441022 -0.899325 -0.742459 0.008377 -0.425506 -0.117689 -0.017087 -0.013926 0.298246 0.540328 0.586968 0.151303 0.714214 0.328717 0.662310 0.242843 0.361701 0.630518 0.404434 -0.257243 -0.149643 0.451920 -0.317276 
-0.287038 -0.293691 -0.602759 -0.643141 -0.202775 -0.409639 -0.088774 -0.282250 -0.074608 0.033353 0.068360 0.272866 0.568022 0.304156 0.134720 0.572686 0.284634 0.685409 -0.034932 0.511842 0.454644 0.106860 0.441472 0.259637 0.219378 
-0.621880 -0.459994 -0.051074 -0.133145 -0.262666 -0.177293 -0.077593 -0.062433 -0.015531 0.287561 0.195617 0.125718 0.182992 0.345982 0.260730 0.283072 0.606411 0.213551 0.565296 0.422675 0.797829 0.489438 0.370529 -0.041492 0.594637 
0.044747 -0.166515 -0.084281 -0.285564 0.036186 0.018329 0.044099 -0.101255 0.094280 -0.024948 0.040190 0.252183 0.451149 -0.024250 0.379727 0.227207 0.506034 -0.072536 0.632014 0.255630 0.567378 0.526317 0.088752 0.563116 0.006218 
0.191697 0.222781 0.078230 0.373992 0.176686 0.181312 0.351141 0.342235 0.019472 0.277626 0.125032 -0.005002 -0.055302 0.236821 0.090027 0.311611 0.124174 0.196391 0.390430 0.214518 0.191099 0.426610 0.614419 0.843421 0.214081 
0.087959 0.590303 0.472146 0.549360 0.245345 0.209941 0.393658 0.242833 0.152336 0.219702 0.271679 -0.010273 -0.120206 -0.078164 -0.288682 0.065440 -0.637721 -0.216820 0.102426 0.168196 0.133911 0.772291 0.786009 1.010627 1.156722 
0.755511 0.213831 0.747715 0.626198 0.346387 0.429784 0.543177 0.173963 0.310907 0.151558 0.020316 0.171748 0.101774 -0.030409 -0.587355 -0.089190 -0.191112 -0.089851 0.070819 0.460344 0.208279 0.443275 0.502538 0.122803 1.360819 
0.302796 0.179271 0.568283 0.136977 0.567369 0.330965 0.675974 0.171789 0.435795 0.311502 -0.205158 -0.201030 -0.321876 -0.069179 -0.182247 -0.100401 -0.289845 -0.062381 0.136446 0.648344 0.485669 0.954617 0.921357 0.456204 1.635613 
