0.156892 0.101729 0.867075 0.466921 0.268595 0.954130 0.584253 0.095213 0.997750 0.231369 0.933185 0.692664 0.405705 0.155005 0.329071 0.757984 0.856412 0.400465 0.420820 0.933695 0.604041 0.767176 0.116889 0.457684 0.513330 
0.407953 0.687083 0.837446 0.075189 0.025260 0.947262 0.402944 0.264105 0.073008 0.283642 0.087574 0.409973 0.670138 0.146588 0.012524 0.139540 0.291498 0.934202 0.855578 0.863919 0.956733 0.525122 0.827048 0.442148 0.130854 
0.655595 0.453273 0.105729 0.822329 0.409595 0.555956 0.466515 0.472747 0.122514 0.467236 0.644626 0.171019 0.691927 0.882340 0.069946 0.143172 0.614973 0.174854 0.983838 0.647567 0.867291 0.334037 0.291462 0.505210 0.642154 
0.379162 0.536620 0.448400 0.843047 0.491764 0.439104 0.678309 0.338399 0.427968 0.757730 0.514138 0.080828 0.253656 0.211582 0.950515 0.811603 0.667540 0.650273 0.531078 0.377792 0.908426 0.227832 0.581489 0.464383 0.717246 
0.283608 0.723807 0.097578 0.529076 0.652740 0.174975 0.705798 0.944757 0.304349 0.284049 0.715927 0.947214 0.429420 0.891073 0.918690 0.019947 0.634476 0.113879 0.243351 0.554739 0.600789 0.514013 0.256557 0.049851 0.483036 
0.890032 0.877090 0.395272 0.708743 0.839785 0.626478 0.418651 0.284289 0.047024 0.344427 0.210602 0.564229 0.142309 0.623962 0.903159 0.318278 0.178963 0.904906 0.572526 0.707664 0.688510 0.236097 0.535882 0.836701 0.320659 
0.676786 0.917827 0.835337 0.350237 0.068440 0.384645 0.234893 0.192468 0.918930 0.839189 0.051495 0.196604 0.863018 0.749708 0.632923 0.775039 0.903230 0.344556 0.542052 0.047967 0.761844 0.081215 0.443276 0.742095 0.595036 
0.851732 0.648231 0.825483 0.759032 0.167459 0.025068 0.106100 0.769022 0.387982 0.288882 0.749737 0.122715 0.816473 0.262444 0.657002 0.595900 0.940094 0.569138 0.631207 0.384049 0.319544 0.914412 0.665879 0.557922 0.978356 
0.989012 0.153748 0.852161 0.379922 0.505166 0.133886 0.377484 0.533985 0.733800 0.488501 0.371128 0.116867 0.857163 0.845729 0.166633 0.363487 0.076961 0.082957 0.161146 0.050961 0.105087 0.950914 0.445503 0.822975 0.592554 
0.345734 0.285146 0.432288 0.222843 0.999727 0.646115 0.639320 0.934151 0.449163 0.847681 0.445872 0.283067 0.131691 0.063437 0.437294 0.931886 0.957599 0.646733 0.697544 0.267496 0.117589 0.736002 0.999250 0.222100 0.848172 
0.960063 0.196389 0.526204 0.097991 0.495236 0.925019 0.316383 0.055152 0.294100 0.522428 0.932472 0.153298 0.453906 0.099941 0.735794 0.160131 0.304335 0.428959 0.689486 0.729963 0.664257 0.130684 0.089659 0.788218 0.717128 
0.162050 0.460155 0.704544 0.762307 0.500033 0.085437 0.519268 0.346828 0.084709 0.343589 0.426820 0.370183 0.842393 0.188041 0.915100 0.679090 0.948626 0.698442 0.054686 0.255297 0.630643 0.588525 0.925730 0.050319 0.849854 
0.788921 0.635312 0.778249 0.558691 0.962506 0.451060 0.665770 0.374380 0.648559 0.163566 0.246574 0.215688 0.754941 0.093778 0.203788 0.636504 0.439437 0.575803 0.213825 0.325127 0.817448 0.942961 0.135906 0.295452 0.833355 
0.336454 0.606381 0.704842 0.277439 0.859699 0.360462 0.674376 0.127087 0.602912 0.124459 0.280288 0.071273 0.003005 0.772274 0.028392 0.237511 0.045116 0.072729 0.153998 0.785332 0.756287 0.980352 0.767628 0.648563 0.693981 
0.887909 0.000803 0.395496 0.070287 0.251476 0.922954 0.507538 0.369517 0.056409 0.107553 0.979005 0.826601 0.574379 0.577566 0.130107 0.930474 0.077681 0.976816 0.840863 0.851973 0.747996 0.468724 0.677651 0.620204 0.137066 
0.611515 0.330920 0.069318 0.635025 0.172374 0.437347 0.826740 0.832034 0.014652 0.628092 0.524689 0.867620 0.868340 0.533607 0.875993 0.887424 0.712811 0.269343 0.336597 0.276068 0.293618 0.501420 0.556315 0.624313 0.597566 
0.012507 0.632443 0.093831 0.763017 0.614485 0.131853 0.665315 0.780753 0.325653 0.171550 0.790863 0.971471 0.934558 0.341403 0.124198 0.962996 0.780025 0.105277 0.918978 0.419677 0.615937 0.136933 0.863348 0.987797 0.577425 
0.427998 0.570253 0.085209 0.970586 0.756451 0.303997 0.111499 0.007478 0.246265 0.620686 0.227484 0.252269 0.514891 0.752731 0.412706 0.779182 0.348185 0.755832 0.698803 0.743615 0.682827 0.810767 0.898655 0.665665 0.520801 
0.071977 0.986376 0.639334 0.904558 0.545243 0.662571 0.036398 0.546496 0.961368 0.044224 0.212698 0.483462 0.638969 0.631214 0.751144 0.627733 0.230178 0.863020 0.215544 0.379900 0.834943 0.842759 0.860486 0.758134 0.898275 
0.400413 0.261612 0.449832 0.212391 0.079667 0.786807 0.553061 0.955800 0.392768 0.020655 0.617929 0.517509 0.505506 0.178061 0.654659 0.731741 0.526000 0.832119 0.527455 0.708445 0.338799 0.592041 0.292944 0.108800 0.892454 
0.325756 0.879343 0.766969 0.076276 0.817512 0.661090 0.911297 0.364037 0.469216 0.815680 0.680830 0.613063 0.577851 0.367187 0.747021 0.235797 0.465814 0.574274 0.758265 0.829745 0.243083 0.186061 0.947126 0.937215 0.731755 
0.131024 0.255112 0.697545 0.340219 0.848651 0.982585 0.714597 0.402414 0.583434 0.298225 0.445855 0.593645 0.260594 0.374552 0.940223 0.577497 0.677450 0.844202 0.562544 0.878681 0.706884 0.981524 0.865369 0.093448 0.165560 
0.205921 0.654127 0.938490 0.379371 0.743878 0.399423 0.148667 0.660858 0.633993 0.337671 0.714671 0.370058 0.696988 0.044102 0.439455 0.414487 0.310873 0.130265 0.537467 0.912777 0.180820 0.699704 0.266558 0.130744 0.670299 
0.952849 0.523687 0.337001 0.740231 0.750281 0.421086 0.156952 0.165161 0.425832 0.440705 0.140529 0.237251 0.769847 0.064264 0.601225 0.059300 0.850842 0.142564 0.937891 0.152122 0.521731 0.671666 0.007585 0.879033 0.304773 
0.089016 0.583558 0.342575 0.420967 0.200243 0.721495 0.751018 0.971615 0.877710 0.711912 0.837876 0.920084 0.022570 0.821479 0.987037 0.192519 0.787961 0.111069 0.463676 0.324794 0.087528 0.525278 0.553125 0.411112 0.950551 

0.010432 0.057942 0.967721 0.120326 0.080429 0.013904 0.930068 0.782858 0.723858 0.762917 0.197809 0.145048 0.577443 0.384172 0.515970 0.795070 0.096403 0.119955 0.769679 0.310713 0.020273 0.098341 0.262647 0.615827 0.376873 
0.722454 0.619441 0.739201 0.512076 0.177074 0.345356 0.011923 0.771334 0.304317 0.592347 0.037038 0.557116 0.397210 0.199379 0.891404 0.525195 0.535050 0.608807 0.185302 0.333072 0.357970 0.960962 0.665005 0.675260 0.816925 
0.841079 0.825213 0.563695 0.936404 0.652260 0.767183 0.568805 0.384690 0.462841 0.184883 0.444696 0.112061 0.154944 0.808958 0.610049 0.590118 0.243070 0.472354 0.605701 0.521893 0.445349 0.516738 0.112495 0.026029 0.797821 
0.475009 0.593758 0.410174 0.753333 0.523186 0.446435 0.218311 0.250530 0.851289 0.141766 0.729768 0.843713 0.541593 0.790265 0.187401 0.719711 0.381248 0.711518 0.075130 0.243577 0.115145 0.662764 0.268128 0.753713 0.894574 
0.309675 0.491896 0.781366 0.138177 0.667811 0.961204 0.511292 0.214739 0.368374 0.635359 0.559895 0.981816 0.051824 0.708865 0.498789 0.353608 0.119118 0.948755 0.430968 0.502104 0.599392 0.037309 0.611870 0.249702 0.239656 
0.358007 0.451240 0.824224 0.044300 0.820733 0.213261 0.292826 0.262126 0.514050 0.272286 0.153736 0.578007 0.931085 0.683683 0.663674 0.669887 0.479765 0.140234 0.306300 0.366802 0.933362 0.152370 0.694583 0.363157 0.179168 
0.810815 0.255705 0.216189 0.708430 0.235955 0.070055 0.008349 0.629026 0.376067 0.795374 0.140181 0.734377 0.202923 0.469250 0.669490 0.760803 0.968975 0.753138 0.933453 0.801465 0.293329 0.684800 0.723549 0.102081 0.649999 
0.202556 0.016519 0.291633 0.488587 0.568956 0.421680 0.586670 0.846504 0.666606 0.619568 0.474732 0.449855 0.881876 0.831888 0.553894 0.315030 0.330251 0.284615 0.933770 0.797201 0.649469 0.223516 0.505387 0.381425 0.219323 
0.891527 0.007640 0.949187 0.874818 0.195042 0.690677 0.582352 0.634817 0.463218 0.687331 0.060169 0.794444 0.415876 0.875801 0.889277 0.249822 0.981941 0.949972 0.902093 0.203620 0.092445 0.357357 0.051100 0.688255 0.256691 
0.536846 0.140871 0.064691 0.012100 0.254638 0.223338 0.795089 0.238556 0.064079 0.862628 0.220301 0.110103 0.082581 0.139090 0.453961 0.698868 0.252521 0.323294 0.899601 0.650173 0.014171 0.415524 0.667655 0.330805 0.362892 
0.469637 0.799882 0.911651 0.889680 0.200331 0.472741 0.244216 0.684374 0.504245 0.993266 0.594727 0.215213 0.588658 0.749246 0.363133 0.601006 0.941415 0.319091 0.153717 0.311973 0.883457 0.311200 0.495524 0.212103 0.351398 
0.844772 0.920271 0.869853 0.567005 0.459751 0.902396 0.625261 0.881008 0.689606 0.758501 0.611262 0.526278 0.404728 0.640291 0.083063 0.292817 0.120375 0.292118 0.981643 0.482909 0.800386 0.112202 0.456361 0.034975 0.701580 
0.161286 0.872685 0.144006 0.774338 0.146733 0.720980 0.442331 0.844910 0.045580 0.847101 0.838148 0.722769 0.247334 0.113834 0.143094 0.796550 0.101744 0.970454 0.819910 0.170127 0.693314 0.329532 0.944909 0.713062 0.430020 
0.862013 0.689212 0.123212 0.705679 0.843319 0.811409 0.006755 0.655259 0.409857 0.714232 0.993924 0.134250 0.639389 0.197086 0.618940 0.466127 0.730464 0.212425 0.759339 0.151420 0.324532 0.644995 0.560423 0.421070 0.569695 
0.350099 0.524497 0.755031 0.504837 0.498497 0.698053 0.104780 0.372227 0.405861 0.816513 0.807871 0.820598 0.849910 0.213425 0.656551 0.664419 0.803987 0.894209 0.272027 0.815744 0.580868 0.408491 0.892261 0.718513 0.573256 
0.924359 0.055242 0.447484 0.423893 0.915480 0.749238 0.608154 0.382351 0.459373 0.193787 0.694012 0.045211 0.743771 0.585925 0.932894 0.208029 0.076965 0.816655 0.748598 0.088315 0.716647 0.527445 0.958456 0.495203 0.693034 
0.156751 0.808034 0.670230 0.824544 0.230106 0.599746 0.968819 0.162576 0.429786 0.792529 0.902106 0.457769 0.557184 0.457084 0.264802 0.071954 0.062339 0.888101 0.724597 0.467155 0.642288 0.647906 0.053223 0.464660 0.505611 
0.921406 0.937953 0.195769 0.419050 0.862568 0.488216 0.618726 0.020433 0.602046 0.651499 0.028245 0.387221 0.892105 0.147346 0.290534 0.786764 0.856144 0.880211 0.237376 0.343066 0.465912 0.100307 0.572798 0.489841 0.031034 
0.208480 0.277326 0.080552 0.123981 0.392910 0.896622 0.264644 0.756378 0.372666 0.369495 0.749293 0.663717 0.186538 0.718311 0.889072 0.098278 0.806571 0.725111 0.814996 0.933335 0.232853 0.140335 0.953225 0.603664 0.438512 
0.996614 0.897821 0.769483 0.626509 0.577288 0.027410 0.739743 0.266151 0.779543 0.651093 0.669225 0.668486 0.811911 0.357016 0.652274 0.912033 0.745727 0.798006 0.845047 0.702089 0.732764 0.978093 0.351938 0.483142 0.690993 
0.695344 0.610734 0.675328 0.668846 0.286501 0.488197 0.921301 0.120328 0.576888 0.545909 0.959131 0.070640 0.494631 0.616242 0.862025 0.043209 0.108226 0.500627 0.914816 0.708821 0.552733 0.304712 0.205336 0.798667 0.426675 
0.933159 0.006075 0.958815 0.372379 0.166089 0.589450 0.107443 0.469637 0.721580 0.650393 0.437867 0.969933 0.610080 0.215168 0.313526 0.356918 0.107476 0.782357 0.064220 0.256992 0.996372 0.538352 0.187172 0.144294 0.111514 
0.119153 0.056133 0.423723 0.312474 0.562550 0.765382 0.145683 0.485517 0.171794 0.702814 0.312004 0.364573 0.698388 0.504531 0.763996 0.707398 0.540977 0.129610 0.727967 0.043266 0.130141 0.683394 0.023218 0.271663 0.261980 
0.301126 0.527061 0.175685 0.430938 0.596627 0.737215 0.772302 0.694298 0.386109 0.354131 0.939964 0.561863 0.679016 0.850763 0.479681 0.447940 0.165747 0.113166 0.867796 0.801707 0.145251 0.321119 0.190525 0.227344 0.232717 
0.017386 0.578613 0.184870 0.119337 0.651575 0.988268 0.036317 0.633096 0.189562 0.321941 0.910500 0.472069 0.870083 0.309331 0.017831 0.997463 0.780702 0.699963 0.325893 0.342481 0.568702 0.338315 0.108174 0.241927 0.549680 

-0.148859 -0.183624 0.027162 -0.326903 -0.185858 -0.862676 0.101997 0.184657 -0.511077 -0.326268 -0.599815 -0.425273 -0.641800 -0.416093 -0.516590 -1.112518 -0.301336 -0.272414 -0.772607 -0.400471 -0.188326 0.020880 0.310441 0.551660 0.319530 
0.116472 0.048898 0.063592 0.345395 0.100660 -0.355720 -0.349620 0.184195 0.151692 -0.241410 -0.181495 -0.250069 -0.666885 -0.248050 -0.860068 -0.831446 -0.447003 -0.694209 -0.372954 -0.300156 -0.218459 0.253096 0.275803 0.551202 0.728175 
0.269402 0.303693 0.493181 0.138757 0.233571 0.216391 0.110887 -0.265777 -0.186536 -0.279381 -0.487110 -0.095329 -0.452328 -1.040354 -0.624209 -0.556807 -0.303203 -0.435585 -0.634339 -0.359695 -0.033507 0.111172 0.026199 0.047180 0.934985 
0.137433 0.090684 0.195984 -0.015963 0.104989 -0.107135 -0.425409 -0.012903 -0.103741 -0.239929 -0.436374 -0.306943 -0.570338 -0.569560 -0.500303 -1.048891 -0.491567 -0.490670 -0.148418 -0.183125 0.042324 0.135853 0.196001 0.779715 0.819228 
-0.118152 -0.238822 0.527041 -0.323412 -0.129148 0.450472 -0.011328 -0.597725 0.031300 -0.158592 -0.472400 -0.789522 -0.198019 -0.699592 -0.524403 -0.174368 -0.214846 -0.634952 -0.202811 -0.042680 -0.056638 0.013690 0.446240 0.268157 0.493949 
-0.497774 -0.288501 0.581320 -0.362112 -0.022981 -0.340096 -0.161492 0.011743 0.029187 -0.135648 -0.047654 -0.330222 -0.658863 -0.501655 -0.517531 -0.553185 -0.401408 -0.290672 -0.092408 -0.085058 -0.010101 -0.130941 0.372483 0.348113 0.318571 
0.010996 -0.529694 -0.441662 0.008140 0.030853 -0.248564 -0.172453 -0.080537 -0.343831 -0.173154 -0.040530 -0.296256 -0.294587 -0.410656 -0.379047 -0.457264 -0.601807 -0.419229 -0.458860 -0.203883 0.045605 0.156954 0.366302 0.353416 0.568721 
-0.467078 -0.572246 -0.516957 -0.209768 0.157128 -0.147458 0.187731 -0.041434 -0.050077 -0.197650 -0.295409 -0.148298 -0.223385 -0.288993 -0.351021 -0.192363 -0.204992 -0.136184 -0.232396 -0.168669 -0.051461 0.142039 0.045036 0.121325 0.319914 
-0.467656 -0.131696 -0.267162 0.192443 -0.326553 0.097122 -0.151531 -0.233700 -0.226494 -0.146182 -0.159718 -0.228296 -0.233846 -0.161236 -0.147027 0.081361 -0.015614 -0.199088 -0.168410 0.054239 0.024284 0.231245 0.293628 0.437341 0.232222 
-0.301049 -0.318552 -0.166587 -0.221783 -0.513852 -0.283265 -0.225811 -0.175815 -0.368414 -0.314314 -0.071830 -0.044622 -0.048017 0.093008 -0.045078 -0.031709 0.052594 0.127016 -0.031628 -0.046712 -0.121099 0.011309 0.254715 0.031199 0.290333 
-0.694983 -0.250051 -0.461890 -0.153479 -0.337103 -0.532019 -0.213455 -0.227806 -0.172830 -0.068878 -0.052067 0.077365 -0.073099 0.104254 0.047006 0.180960 0.243399 0.158994 0.128432 0.149746 -0.006797 0.131108 -0.076222 0.333768 0.180143 
-0.568797 -0.686316 -0.540636 -0.487366 -0.364991 -0.250697 -0.274818 -0.274405 -0.033015 -0.191688 -0.009341 -0.112656 0.191707 0.164785 0.045966 0.161068 0.129737 0.265797 0.371956 0.111399 0.140661 0.224962 0.433183 -0.142107 -0.021330 
-0.456335 -0.889092 -0.296116 -0.574011 -0.402863 -0.457013 -0.283249 -0.380368 0.003203 -0.088501 0.089879 0.287971 0.046236 0.005124 0.135399 0.717794 0.215349 0.707294 0.505264 0.206682 0.061744 0.230527 -0.422624 -0.149428 0.292689 
-0.870044 -0.653802 -0.313183 -0.673309 -0.841876 -0.553281 -0.190296 0.009887 -0.004201 0.153149 0.193003 -0.019809 0.423096 0.062506 0.524133 0.494595 0.645298 0.172865 0.363966 0.292113 0.366857 0.226245 -0.036203 0.202304 -0.097544 
-0.672930 -0.633699 -0.547471 -0.333518 -0.559749 -0.729722 -0.039044 -0.228540 -0.070865 -0.032565 0.237493 0.412451 0.605865 0.056732 0.884440 0.776972 0.889998 1.053385 0.566791 0.668791 0.347697 0.175832 -0.305296 -0.315485 -0.476268 
-1.269729 -0.239995 -0.447017 -0.505135 -0.807418 -0.618005 -0.402897 -0.300478 -0.192409 -0.078642 0.059919 0.080946 0.607735 0.637655 0.976784 0.370527 0.184540 0.912866 0.644973 0.107418 0.026136 0.108769 -0.185154 -0.191338 -0.204010 
-0.166016 -0.955462 -0.490929 -0.787176 -0.273550 -0.451253 -0.610343 -0.158576 -0.157418 -0.020087 0.235195 0.159885 0.530244 0.297866 0.361217 0.242818 0.188067 0.827994 0.720208 0.234198 0.325046 -0.200206 0.642165 0.069536 -0.174173 
-0.712768 -1.030480 -0.259302 -0.564930 -0.737121 -0.393896 -0.517606 0.091961 -0.067995 -0.008958 0.024269 0.159960 0.652834 0.278738 0.359649 1.103435 0.877524 1.017582 0.411789 0.317757 0.310547 0.434004 0.320678 0.135061 0.524468 
-0.196898 -0.204309 -0.129925 -0.182355 -0.372381 -0.575525 -0.022545 -0.312368 0.182613 -0.082625 0.099613 0.229439 0.158772 0.492943 0.938483 0.334626 0.536115 0.875017 0.414916 0.386248 0.462637 0.616798 0.221675 0.210947 0.331877 
-0.362125 -0.404572 -0.410671 -0.185814 -0.221759 -0.043533 -0.212108 -0.084413 0.038627 -0.177930 0.194847 0.082196 0.349116 0.110239 0.391383 0.491964 0.672821 0.655001 0.414576 0.575291 0.182393 0.132262 0.060391 -0.130979 0.514397 
-0.190079 -0.341554 -0.153351 -0.107657 -0.095771 0.163354 0.094562 -0.094007 0.022991 0.217972 0.067945 0.104621 0.155141 0.010852 0.560028 0.025026 0.057062 0.472506 0.262964 0.455839 0.152468 0.047860 0.756408 0.656185 0.564907 
0.171854 -0.059568 0.314280 0.327172 0.023129 0.022186 0.102323 0.163459 -0.101312 0.266602 0.153902 0.003527 0.034218 0.193827 0.336529 0.104281 0.263405 0.458983 0.457744 0.410430 0.453193 0.704699 0.629195 -0.083032 0.124750 
0.066063 0.033522 0.352144 0.319620 0.373633 0.488914 -0.009159 0.217347 0.263969 0.120887 0.188704 0.039139 -0.012479 -0.126954 -0.297463 -0.272079 -0.150985 -0.131658 -0.106376 0.635306 0.257164 0.721097 0.251138 0.383647 0.598714 
0.094159 0.499334 0.107731 0.414316 0.546819 0.393955 0.445616 0.326127 0.051227 0.230917 -0.239722 -0.134288 -0.123173 -0.571822 -0.121851 -0.373997 0.161271 -0.031171 0.145578 0.005213 0.402868 0.673719 0.128705 1.156332 0.510020 
0.061291 0.606057 0.282671 0.235067 0.598749 0.701666 0.069577 0.646680 0.449390 0.319725 -0.017951 0.028179 -0.521280 0.336563 0.435091 -0.655803 -0.293339 -0.396170 0.146793 -0.045567 0.126165 0.703492 0.417515 0.632613 1.442030 
