0.589428 0.086357 0.798041 0.521268 0.038706 0.531558 0.566962 0.455840 0.501412 0.380332 0.381939 0.496494 0.916871 0.789749 0.726211 0.619936 0.158065 0.283736 0.135090 0.681483 0.446237 0.453162 0.466945 0.413987 0.091143 
0.361067 0.256338 0.205465 0.330629 0.989734 0.490559 0.308815 0.968924 0.704884 0.875028 0.490941 0.409208 0.934436 0.465254 0.856143 0.269192 0.012867 0.187658 0.322312 0.309631 0.940615 0.483143 0.214253 0.774057 0.210761 
0.138755 0.980817 0.877744 0.354741 0.824700 0.429155 0.470679 0.128125 0.808127 0.160434 0.941849 0.418021 0.292813 0.321377 0.880299 0.774785 0.326559 0.974377 0.326940 0.041031 0.626790 0.164733 0.714949 0.384814 0.046245 
0.907867 0.274595 0.482935 0.198090 0.515061 0.812436 0.774723 0.285551 0.303965 0.172055 0.755508 0.049508 0.077732 0.294926 0.996123 0.207367 0.811009 0.832174 0.274185 0.680601 0.707075 0.187266 0.915957 0.306507 0.465803 
0.856634 0.614379 0.116274 0.905607 0.752773 0.934433 0.587241 0.144988 0.259166 0.624186 0.921299 0.625566 0.136966 0.200792 0.737319 0.916793 0.043702 0.208455 0.806669 0.738383 0.358654 0.610840 0.338490 0.692758 0.136428 
0.497815 0.276898 0.787096 0.048362 0.194991 0.902796 0.064615 0.575331 0.401215 0.907774 0.653078 0.039776 0.508126 0.046205 0.379744 0.254081 0.953895 0.089081 0.635633 0.289171 0.677428 0.741351 0.071666 0.423610 0.431639 
0.758776 0.815907 0.022229 0.944731 0.618466 0.645726 0.561776 0.885090 0.851732 0.653469 0.740592 0.619789 0.387189 0.965596 0.219327 0.609976 0.691824 0.086875 0.759874 0.628671 0.090213 0.924925 0.935298 0.964127 0.427736 
0.307821 0.612829 0.443668 0.037635 0.715061 0.170791 0.275215 0.457927 0.056941 0.739131 0.787871 0.890329 0.128978 0.300885 0.478960 0.110871 0.065566 0.949473 0.081590 0.070995 0.049484 0.289101 0.456672 0.415746 0.338995 
0.232235 0.761818 0.011856 0.399850 0.262575 0.560772 0.496735 0.060748 0.501695 0.818675 0.606215 0.817113 0.351617 0.127543 0.028473 0.104987 0.704587 0.620529 0.977392 0.404650 0.891939 0.835839 0.450026 0.441961 0.987761 
0.463162 0.896551 0.983215 0.210543 0.841687 0.471247 0.110788 0.390786 0.315752 0.249234 0.424153 0.201127 0.676702 0.390317 0.910284 0.834469 0.634949 0.817618 0.130397 0.644426 0.186021 0.982207 0.918869 0.855230 0.735014 
0.826997 0.266602 0.909584 0.446451 0.112610 0.948714 0.607819 0.549114 0.160112 0.872033 0.366068 0.582035 0.666575 0.157580 0.206038 0.153087 0.157574 0.802089 0.849937 0.338980 0.095518 0.160868 0.106207 0.170773 0.267762 
0.630038 0.726974 0.782550 0.443076 0.852673 0.814067 0.654270 0.530063 0.804582 0.285013 0.347756 0.869243 0.516256 0.568130 0.300796 0.899178 0.425177 0.115577 0.660359 0.760702 0.291089 0.318844 0.479142 0.116879 0.632961 
0.186034 0.748819 0.126588 0.278797 0.158520 0.366987 0.433989 0.595530 0.913690 0.746102 0.515460 0.378997 0.378694 0.556793 0.550895 0.460647 0.602691 0.823921 0.141628 0.179911 0.805869 0.962156 0.559897 0.726656 0.587073 
0.833665 0.106883 0.515995 0.750506 0.114454 0.079671 0.776610 0.073773 0.030746 0.658313 0.979592 0.741598 0.302462 0.418415 0.535938 0.284382 0.791546 0.382742 0.064835 0.820876 0.315224 0.997411 0.969793 0.796216 0.671084 
0.336438 0.703285 0.595985 0.065030 0.051290 0.504930 0.097839 0.466256 0.094225 0.172975 0.740178 0.260875 0.482306 0.355441 0.017936 0.470336 0.732295 0.427684 0.099630 0.100974 0.643973 0.116897 0.054771 0.706637 0.646780 
0.403853 0.355511 0.717836 0.431012 0.520729 0.475391 0.653406 0.910157 0.735045 0.170898 0.179023 0.652606 0.681638 0.421006 0.541247 0.442003 0.350516 0.573147 0.341974 0.206804 0.600206 0.961313 0.968373 0.424666 0.374071 
0.778232 0.732555 0.386415 0.010290 0.465524 0.474911 0.130139 0.651719 0.503533 0.415687 0.630003 0.187998 0.804120 0.902796 0.259556 0.900299 0.371637 0.173076 0.498203 0.862250 0.713834 0.263930 0.358967 0.198452 0.532643 
0.342650 0.960560 0.887027 0.829446 0.005247 0.646473 0.076926 0.815500 0.393322 0.064169 0.675571 0.552522 0.207011 0.798718 0.653612 0.192982 0.589364 0.804215 0.330247 0.892661 0.063797 0.423662 0.939474 0.523659 0.661634 
0.078956 0.565718 0.279813 0.199894 0.126215 0.347726 0.088826 0.176127 0.113720 0.975945 0.904842 0.136782 0.693628 0.494798 0.012922 0.449991 0.283753 0.229330 0.495116 0.623182 0.037850 0.544445 0.335627 0.799735 0.987883 
0.271350 0.150696 0.430965 0.007943 0.028206 0.790247 0.199140 0.844394 0.562198 0.829549 0.808038 0.394155 0.436385 0.233079 0.073912 0.439107 0.873944 0.199511 0.422628 0.178886 0.714444 0.491038 0.334404 0.444615 0.121093 
0.075257 0.185044 0.630028 0.089383 0.721738 0.328145 0.475021 0.095720 0.699733 0.550388 0.625942 0.699220 0.781942 0.806180 0.730806 0.889290 0.848492 0.003716 0.250991 0.466720 0.821594 0.033177 0.686651 0.260440 0.807265 
0.925736 0.371034 0.004800 0.119005 0.762038 0.302782 0.993719 0.335383 0.765775 0.114283 0.830721 0.996808 0.254633 0.815749 0.550506 0.692862 0.553470 0.663210 0.477768 0.355407 0.711045 0.544651 0.304899 0.069032 0.562619 
0.921777 0.715021 0.262872 0.403021 0.700836 0.258617 0.935337 0.694307 0.879626 0.977616 0.262821 0.473503 0.355128 0.897485 0.116318 0.912894 0.722220 0.575864 0.040737 0.330114 0.093771 0.985647 0.339321 0.162026 0.476910 
0.221384 0.730707 0.877202 0.118552 0.715536 0.194753 0.670540 0.329939 0.084923 0.179053 0.169750 0.403029 0.790309 0.220375 0.244754 0.904833 0.020130 0.896877 0.870670 0.256107 0.747375 0.163950 0.096944 0.638017 0.327834 
0.921480 0.193234 0.272160 0.502037 0.846930 0.154332 0.471527 0.042402 0.778603 0.298604 0.855244 0.926660 0.227454 0.549374 0.908261 0.346453 0.146056 0.408854 0.579533 0.314444 0.357224 0.405356 0.347855 0.120136 0.304357 

0.528989 0.134836 0.501626 0.093113 0.558250 0.532335 0.687642 0.743904 0.756372 0.625736 0.272696 0.063082 0.615286 0.738696 0.933804 0.823150 0.529198 0.303119 0.227115 0.844131 0.366966 0.116268 0.792438 0.335063 0.361106 
0.094236 0.132616 0.393060 0.431477 0.885782 0.872010 0.288711 0.012335 0.140743 0.768758 0.057713 0.154836 0.287175 0.509520 0.033989 0.801184 0.752783 0.295954 0.000247 0.801142 0.778378 0.022013 0.464905 0.937167 0.000504 
0.428169 0.284611 0.694165 0.468053 0.640412 0.494929 0.509482 0.503555 0.309409 0.799996 0.029781 0.450074 0.599617 0.402016 0.962022 0.749669 0.570896 0.721017 0.058768 0.359995 0.926070 0.406301 0.207933 0.192595 0.464598 
0.257419 0.355941 0.632606 0.684840 0.737540 0.313032 0.706830 0.167256 0.797101 0.515148 0.375530 0.685338 0.468489 0.152283 0.168876 0.887135 0.160281 0.544528 0.858225 0.015243 0.370314 0.808582 0.970391 0.247134 0.742639 
0.325473 0.366635 0.315034 0.984687 0.403532 0.593694 0.629792 0.749466 0.833754 0.214983 0.819918 0.869635 0.793525 0.754721 0.541946 0.645538 0.969705 0.472831 0.826536 0.767575 0.338639 0.300047 0.273450 0.181186 0.601758 
0.781549 0.256927 0.898964 0.078134 0.197220 0.097896 0.767973 0.247506 0.359050 0.092200 0.299289 0.007683 0.008322 0.487537 0.183785 0.087297 0.074797 0.727746 0.287544 0.051981 0.769425 0.411733 0.396229 0.055696 0.011798 
0.363046 0.704845 0.084962 0.378353 0.503898 0.010360 0.518125 0.239592 0.673916 0.990923 0.902781 0.813257 0.571204 0.549271 0.879962 0.779540 0.622915 0.648412 0.080362 0.251418 0.495676 0.467618 0.824154 0.404630 0.992384 
0.345222 0.963662 0.559506 0.261074 0.241170 0.999231 0.122657 0.690017 0.476737 0.248120 0.300196 0.659081 0.770691 0.235517 0.054214 0.135295 0.947470 0.236433 0.864336 0.476284 0.422891 0.625273 0.416102 0.461697 0.580678 
0.543530 0.277568 0.399394 0.831214 0.156456 0.874004 0.053238 0.586377 0.876682 0.110481 0.961150 0.482494 0.703577 0.921947 0.783620 0.979502 0.687186 0.955270 0.138879 0.982597 0.332948 0.762050 0.166355 0.087308 0.648376 
0.367804 0.862289 0.204811 0.711301 0.393480 0.864616 0.587155 0.685490 0.083860 0.088241 0.614288 0.662480 0.154470 0.340920 0.562522 0.760098 0.803701 0.778689 0.546602 0.891204 0.993947 0.161245 0.751621 0.001805 0.717854 
0.287106 0.830736 0.653170 0.621745 0.365728 0.899444 0.177380 0.427476 0.395966 0.924499 0.274178 0.683748 0.848136 0.713681 0.288824 0.957465 0.460628 0.528861 0.545310 0.354352 0.509826 0.353554 0.366978 0.417300 0.920415 
0.956779 0.589185 0.269847 0.342189 0.865259 0.087081 0.174004 0.065378 0.245657 0.646356 0.618554 0.631061 0.773959 0.903178 0.533339 0.980727 0.143211 0.707986 0.415601 0.527536 0.668353 0.998687 0.780111 0.948293 0.614414 
0.722344 0.261431 0.253074 0.477214 0.413367 0.867327 0.886020 0.809559 0.345399 0.664865 0.683480 0.437766 0.405821 0.703753 0.456201 0.591433 0.427359 0.879733 0.046676 0.410346 0.397571 0.326622 0.236294 0.647269 0.239118 
0.040916 0.098552 0.872304 0.932192 0.666825 0.805241 0.778117 0.534005 0.888188 0.574296 0.041239 0.370970 0.457554 0.709194 0.044696 0.222218 0.569762 0.159335 0.585092 0.114884 0.511011 0.334526 0.183428 0.874633 0.885492 
0.306113 0.074286 0.740448 0.160086 0.039059 0.697754 0.176798 0.332609 0.561710 0.702665 0.486492 0.606080 0.213903 0.773936 0.890818 0.951844 0.030117 0.120151 0.296340 0.944421 0.443712 0.535261 0.481498 0.689557 0.150001 
0.014802 0.407531 0.484386 0.683593 0.808551 0.787474 0.083830 0.537806 0.903695 0.053690 0.500536 0.698000 0.216389 0.481547 0.923377 0.000589 0.268118 0.358463 0.718407 0.537152 0.302103 0.219639 0.790414 0.623623 0.968707 
0.579058 0.803563 0.241867 0.203505 0.833986 0.176015 0.797283 0.713439 0.835144 0.451044 0.080580 0.606986 0.967295 0.304469 0.372577 0.903981 0.769093 0.623318 0.262512 0.346657 0.263869 0.522104 0.764790 0.696295 0.276660 
0.906560 0.853924 0.591654 0.835431 0.919653 0.164702 0.886378 0.102612 0.771839 0.684691 0.713209 0.237664 0.760976 0.499305 0.661045 0.828628 0.954588 0.898268 0.323902 0.615299 0.416026 0.735814 0.681162 0.619349 0.209144 
0.399575 0.479258 0.924808 0.769030 0.788379 0.015936 0.362593 0.894409 0.501935 0.639068 0.525961 0.955170 0.165078 0.077793 0.592628 0.131353 0.347345 0.364414 0.021732 0.936043 0.437278 0.994675 0.878670 0.262482 0.607159 
0.464735 0.923585 0.862648 0.430224 0.628607 0.022725 0.410858 0.680186 0.178115 0.373507 0.809007 0.230226 0.905759 0.686685 0.274769 0.313242 0.956460 0.674084 0.359501 0.473626 0.338926 0.133652 0.302508 0.382683 0.666036 
0.925882 0.493189 0.688272 0.025648 0.342498 0.056354 0.340878 0.108041 0.122944 0.120585 0.835184 0.251458 0.729611 0.480150 0.896494 0.427666 0.805920 0.028566 0.190537 0.602199 0.500358 0.791965 0.333819 0.116671 0.154547 
0.779409 0.952998 0.419823 0.365865 0.677547 0.697980 0.366157 0.100948 0.898589 0.667767 0.399527 0.683139 0.895913 0.367997 0.287263 0.911347 0.026036 0.467189 0.819887 0.451502 0.361515 0.502147 0.689226 0.087800 0.774661 
0.229846 0.679031 0.346954 0.912539 0.093083 0.777936 0.918201 0.519379 0.611810 0.117454 0.563789 0.554049 0.910172 0.230338 0.386865 0.695493 0.707494 0.354761 0.970806 0.962447 0.279336 0.696415 0.977811 0.686608 0.787121 
0.269731 0.409981 0.354208 0.268413 0.931752 0.924585 0.036508 0.383478 0.489155 0.419420 0.384963 0.015027 0.865606 0.783429 0.930588 0.549563 0.274527 0.104285 0.503238 0.902164 0.366439 0.000938 0.774184 0.006500 0.791948 
0.550289 0.503064 0.647767 0.789428 0.179319 0.022357 0.081667 0.101685 0.497241 0.543831 0.158087 0.072368 0.232480 0.493684 0.490495 0.738027 0.398498 0.776550 0.874497 0.956480 0.046165 0.691069 0.811292 0.785122 0.664535 

-0.189492 0.014959 -0.523480 -0.428278 0.477133 0.019999 -0.010568 -0.016736 -0.138336 -0.199059 -0.414941 -0.461543 -0.864021 -0.867676 -1.291378 -1.088836 -0.479737 -0.521185 -0.259140 -0.536194 -0.181324 0.007569 0.558602 0.317972 0.228195 
-0.325406 -0.360877 0.116197 0.160155 -0.149017 0.373658 0.069791 -0.805819 -0.547804 -0.506804 -0.305939 -0.277349 -0.680025 -0.410919 -0.453838 -1.004546 -0.805068 -0.374777 -0.193111 -0.340604 -0.294704 0.009001 0.400308 0.671178 -0.102762 
0.197001 -0.537626 -0.120000 0.149802 -0.229330 -0.053574 -0.056889 0.056703 -0.476930 0.029277 -0.333447 -0.408269 -0.515475 -0.220333 -1.082985 -1.008838 -0.598709 -0.852348 -0.123644 -0.241296 -0.175532 0.274892 0.209569 0.216377 0.358267 
-0.598284 -0.041331 0.219283 0.517555 0.277378 -0.262820 0.028689 0.037148 0.047962 -0.148687 -0.253089 -0.351779 -0.478200 -0.111572 -0.277651 -0.680522 -0.576197 -0.458946 -0.630090 -0.046318 0.148223 0.106599 0.551719 0.297200 0.805329 
-0.496900 -0.014854 0.158199 0.019008 -0.299670 -0.289771 -0.098319 0.165251 -0.143578 -0.402015 -0.648145 -0.451367 -0.566010 -0.553702 -0.620033 -0.577674 -0.874246 -0.235701 -0.612031 -0.175690 0.003660 0.046740 -0.074783 0.122128 0.542474 
0.086000 0.064622 -0.205129 0.023019 0.049932 -0.336635 0.295783 -0.386099 -0.170318 -0.314514 -0.596226 -0.055266 -0.195682 -0.289061 -0.086607 -0.111172 -0.139717 -0.594600 -0.111112 -0.061140 0.043555 0.223219 -0.105901 0.095216 0.393067 
-0.403116 -0.212963 -0.133651 -0.386502 -0.264669 -0.490352 -0.163280 -0.427546 -0.358765 -0.162264 -0.433260 -0.337713 -0.404399 -0.484611 -0.454969 -0.525949 -0.440266 -0.363678 0.085729 0.107255 0.179442 0.232019 0.406938 0.410638 0.713984 
-0.044077 0.068847 -0.035071 -0.129684 -0.435485 0.084613 -0.161819 -0.126247 -0.007237 -0.329671 -0.082809 -0.329782 -0.260973 -0.095536 -0.074155 -0.089922 -0.372746 0.028791 -0.291256 -0.060077 0.088386 0.117603 0.166260 0.358316 0.384104 
-0.035642 -0.417354 0.041236 0.045640 0.011520 -0.128807 -0.125402 0.187217 -0.121759 -0.222346 -0.360375 -0.106003 -0.248075 -0.203602 -0.189661 -0.344150 -0.105272 -0.310762 -0.012301 0.093940 0.196330 0.135085 0.367623 0.239429 0.394156 
-0.213590 -0.441485 -0.557643 -0.115487 -0.292059 -0.265166 -0.204030 -0.044248 0.047320 -0.051789 -0.058715 -0.006630 -0.093787 0.030840 -0.027537 -0.157242 -0.017919 0.034620 -0.074472 0.249455 0.176347 0.330431 0.196389 0.300174 0.132147 
-0.502995 -0.229483 -0.665624 -0.393765 -0.080817 -0.501783 -0.345554 -0.116064 -0.199014 -0.169851 -0.130560 -0.112065 0.147489 0.027362 0.101153 0.139381 0.085656 0.152731 0.176378 0.068389 -0.195316 0.210704 0.042786 0.043615 0.101955 
-0.786708 -0.495434 -0.473369 -0.451875 -0.782164 -0.297291 -0.425887 -0.243232 -0.176670 0.182185 0.021955 0.031611 0.293488 0.125476 0.414148 0.642646 0.122611 0.385609 0.333312 0.318539 0.014033 0.025925 0.030859 -0.296774 0.135709 
-0.543904 -0.532544 -0.195928 -0.453314 -0.282245 -0.611513 -0.427264 -0.234225 -0.230505 0.105239 0.116338 0.214672 0.063979 0.394423 0.306399 0.529547 0.674388 0.787620 0.099722 0.172002 0.130482 0.209678 0.144185 -0.115317 0.228501 
-0.308239 -0.269761 -0.651524 -0.903322 -0.503518 -0.397185 -0.567423 -0.072672 -0.197066 -0.084628 -0.093636 0.128869 0.261383 0.562160 0.064667 0.155894 0.733143 0.250354 0.468908 0.332297 0.091296 0.350992 0.313192 -0.242823 -0.183632 
-0.487634 -0.280745 -0.717242 -0.100604 -0.029440 -0.572687 0.072975 -0.157862 0.071025 -0.324628 -0.101785 0.489728 0.188989 0.657935 0.756926 0.956780 0.252439 0.134520 0.220723 0.367671 0.223554 0.030403 -0.195834 -0.193229 0.259471 
-0.318420 -0.528582 -0.791922 -0.710075 -0.860012 -0.623090 -0.058752 -0.102079 -0.338633 -0.023694 0.186136 0.508354 0.167208 0.378375 1.060736 0.105636 0.379952 0.486589 0.445891 0.207554 0.158637 0.443267 -0.110927 -0.174133 -0.524182 
-0.812770 -0.904148 -0.309734 -0.241586 -0.660921 -0.022409 -0.502044 -0.312647 0.044837 0.137492 0.052529 0.411398 0.722030 0.482827 0.529855 1.194287 1.001138 0.503608 0.439615 0.473591 0.362168 0.027265 -0.146929 -0.422091 -0.001750 
-0.980792 -0.990295 -0.651500 -0.959494 -0.574373 -0.089456 -0.355176 -0.034169 -0.143578 0.037106 0.400434 0.150553 0.598891 0.490528 0.662501 0.695428 0.985703 1.047988 0.405022 0.466925 0.014406 0.018452 0.305047 0.007855 0.332569 
-0.275713 -0.310093 -0.708824 -0.531843 -0.348364 -0.067454 -0.262099 -0.110763 -0.160766 0.125383 0.187753 0.369848 0.209529 0.040688 0.421151 0.030736 0.310432 0.221481 0.073576 0.605267 -0.043882 0.104661 -0.208907 0.517689 0.553780 
-0.230832 -0.348393 -0.510074 -0.096618 -0.160493 0.086976 -0.016179 -0.173167 -0.052493 0.221020 0.165822 0.166737 0.489733 0.408217 -0.085597 0.224327 0.874685 0.116106 0.455424 0.149112 0.448009 0.404161 0.227650 0.076136 -0.218174 
0.108276 0.071450 0.061023 -0.150993 0.008372 -0.061353 -0.057829 -0.042582 0.074150 0.199543 -0.007650 0.085874 0.356018 0.299660 0.197014 0.563504 0.617716 -0.048415 0.170772 0.239105 0.560897 0.076110 0.588221 0.394471 0.594004 
-0.027135 0.333948 -0.098578 0.086754 0.186904 0.078816 0.272654 0.173797 0.319002 0.087686 0.302589 0.156417 0.063054 0.245746 0.112161 0.019220 0.182383 0.325936 0.150127 0.081145 0.350806 0.445158 0.352861 0.088857 0.686917 
0.047465 0.369707 0.157204 0.637278 0.193728 0.375364 0.579123 0.330476 0.293389 0.297361 0.041008 -0.041904 -0.183176 0.393512 -0.077889 0.085133 0.144725 0.289744 -0.353963 0.011287 0.018630 1.120875 0.740477 0.430410 0.756987 
0.225928 0.304045 0.197488 0.304540 0.709689 0.715939 0.391779 0.045549 0.011135 0.102718 -0.041659 0.158021 -0.217326 -0.447772 -0.718449 0.166849 -0.141782 0.552874 0.253717 -0.032444 0.438146 0.162415 0.535226 0.665505 1.073240 
0.674153 0.491328 0.552176 0.646597 0.348908 0.050089 0.171132 -0.139500 0.337041 -0.083789 0.277885 0.314959 -0.124776 0.018303 0.061207 -0.383746 -0.348069 -0.370057 -0.010312 -0.090603 0.202380 0.656092 0.930983 0.644638 1.049741 
