0.786827 0.300580 0.945029 0.798718 0.916696 0.841764 0.470245 0.747647 0.460853 0.159678 0.858182 0.706918 0.963122 0.494679 0.752039 0.766184 0.310831 0.126666 0.363462 0.349871 0.928756 0.876550 0.691931 0.917796 0.288496 
0.289828 0.876510 0.851704 0.524383 0.406431 0.371889 0.733172 0.502077 0.702363 0.784909 0.522682 0.549326 0.880201 0.216867 0.089139 0.761203 0.611814 0.622260 0.445155 0.104588 0.773503 0.619466 0.385815 0.621276 0.775147 
0.654146 0.734900 0.749978 0.859381 0.325888 0.188424 0.166441 0.292231 0.592450 0.242200 0.857800 0.165500 0.391274 0.322845 0.753360 0.758800 0.211483 0.493574 0.217465 0.727961 0.703381 0.070623 0.705212 0.289516 0.387091 
0.520715 0.244762 0.691480 0.507797 0.371884 0.681487 0.349528 0.700673 0.510930 0.595292 0.137291 0.827049 0.136335 0.192181 0.201942 0.754785 0.452898 0.881401 0.552224 0.093302 0.814382 0.067729 0.980843 0.471258 0.963966 
0.283699 0.272902 0.513758 0.978874 0.251733 0.779811 0.724039 0.799298 0.454101 0.419896 0.649499 0.742086 0.136320 0.091581 0.585119 0.687764 0.423881 0.834516 0.625222 0.998483 0.273985 0.342450 0.398410 0.017499 0.779183 
0.772967 0.353242 0.801003 0.269197 0.065085 0.872013 0.880736 0.916661 0.034398 0.683928 0.308022 0.154969 0.922738 0.777133 0.481317 0.537428 0.075759 0.617697 0.307256 0.038698 0.273327 0.444177 0.511249 0.040013 0.463159 
0.103873 0.337843 0.892244 0.687537 0.885304 0.352879 0.128054 0.144703 0.081893 0.982166 0.177731 0.988323 0.386025 0.316685 0.724873 0.227156 0.964752 0.854562 0.182007 0.814513 0.591536 0.120922 0.812158 0.882046 0.007279 
0.241663 0.800373 0.929208 0.353062 0.094017 0.646741 0.121371 0.028119 0.033928 0.084825 0.781350 0.317840 0.725439 0.637868 0.736073 0.403353 0.249140 0.601022 0.715672 0.562124 0.819296 0.479392 0.956102 0.840253 0.287884 
0.144369 0.416440 0.205253 0.641255 0.341495 0.154845 0.224131 0.382536 0.418597 0.535648 0.239006 0.232072 0.364039 0.337738 0.035413 0.044821 0.337598 0.141391 0.379501 0.471576 0.488410 0.467377 0.654103 0.030311 0.536646 
0.471270 0.048218 0.482763 0.435692 0.713056 0.073189 0.398794 0.213790 0.892887 0.793893 0.599021 0.677810 0.110099 0.422703 0.575492 0.156713 0.196295 0.085220 0.606923 0.431895 0.236480 0.844520 0.715651 0.425289 0.730387 
0.064213 0.803557 0.674054 0.654899 0.807763 0.505374 0.225165 0.417066 0.449122 0.068088 0.530840 0.459256 0.136985 0.423533 0.452700 0.802001 0.656575 0.757339 0.988498 0.638310 0.188829 0.886407 0.364668 0.432632 0.449378 
0.870120 0.134811 0.780587 0.527171 0.093833 0.371938 0.683470 0.137886 0.715805 0.376127 0.443462 0.857278 0.560486 0.777846 0.374719 0.686185 0.461490 0.725365 0.366155 0.432716 0.089307 0.733028 0.263958 0.717695 0.263230 
0.849191 0.172197 0.626519 0.098492 0.512486 0.303838 0.212509 0.028683 0.743956 0.066478 0.886011 0.931994 0.447013 0.930091 0.639419 0.550485 0.008683 0.225481 0.147825 0.152188 0.799499 0.411640 0.975114 0.409038 0.569547 
0.515445 0.405071 0.871455 0.342224 0.209806 0.452537 0.601005 0.485386 0.600141 0.252530 0.437365 0.249290 0.650540 0.508166 0.712187 0.684969 0.252868 0.705293 0.493168 0.512261 0.507373 0.777785 0.065400 0.776248 0.758636 
0.258136 0.227093 0.672007 0.859656 0.331048 0.824512 0.736988 0.457194 0.705697 0.638563 0.022037 0.295399 0.944186 0.897242 0.793427 0.982450 0.831985 0.642616 0.784997 0.608011 0.430637 0.798500 0.264403 0.522210 0.777422 
0.811673 0.261543 0.817676 0.610382 0.493502 0.435645 0.199742 0.116751 0.357650 0.543696 0.982331 0.316158 0.752395 0.040116 0.787579 0.863895 0.340698 0.480187 0.591965 0.185455 0.286899 0.579812 0.163137 0.180824 0.631410 
0.719314 0.664393 0.624842 0.537464 0.423683 0.392205 0.119001 0.019765 0.964772 0.769059 0.633900 0.573453 0.340060 0.920370 0.281369 0.456164 0.218916 0.357769 0.286758 0.040624 0.013680 0.549000 0.376991 0.465738 0.111081 
0.654746 0.277571 0.915552 0.967150 0.349832 0.184168 0.182923 0.391256 0.681617 0.677030 0.449643 0.612300 0.137429 0.972752 0.065844 0.185194 0.584517 0.512842 0.505708 0.282596 0.772965 0.381333 0.714513 0.514299 0.222359 
0.367752 0.510889 0.350873 0.363601 0.360806 0.493811 0.926621 0.705029 0.819158 0.078449 0.655472 0.547339 0.846505 0.533338 0.663386 0.573870 0.681055 0.558316 0.839930 0.611412 0.609974 0.825349 0.626913 0.705964 0.457409 
0.632750 0.985785 0.120099 0.697169 0.999874 0.943994 0.576122 0.788789 0.352384 0.091114 0.650178 0.017008 0.563948 0.730914 0.291409 0.118651 0.787731 0.838800 0.076917 0.041817 0.200741 0.162059 0.296158 0.815602 0.706582 
0.448938 0.427294 0.944087 0.268889 0.039469 0.327304 0.200495 0.672953 0.440743 0.789893 0.368106 0.912833 0.212812 0.108276 0.225949 0.510119 0.220203 0.293417 0.855442 0.502352 0.342370 0.957095 0.556552 0.842596 0.655176 
0.445878 0.241727 0.608973 0.789608 0.120835 0.701361 0.304382 0.770006 0.800554 0.462606 0.013653 0.969751 0.886895 0.332458 0.888506 0.588395 0.955922 0.004658 0.042982 0.388276 0.518370 0.426184 0.718332 0.194939 0.071675 
0.124840 0.417410 0.666048 0.062432 0.976945 0.057426 0.644325 0.683809 0.603096 0.147574 0.545595 0.880147 0.611438 0.906134 0.701912 0.741449 0.835483 0.463433 0.259481 0.825847 0.483644 0.960814 0.713705 0.780429 0.263015 
0.422934 0.784127 0.292247 0.172738 0.882423 0.593345 0.332305 0.943002 0.730378 0.105994 0.308174 0.114500 0.196681 0.236696 0.133051 0.151173 0.635976 0.813459 0.347053 0.191370 0.441215 0.646516 0.995561 0.902863 0.580958 
0.469518 0.949817 0.845017 0.115850 0.716807 0.807259 0.002836 0.185163 0.397085 0.213349 0.241216 0.140840 0.084949 0.979961 0.132459 0.049512 0.925465 0.617244 0.822167 0.276550 0.970043 0.670748 0.884973 0.892619 0.062527 

0.051545 0.008692 0.598420 0.650903 0.254253 0.484708 0.131777 0.952528 0.000996 0.894529 0.820233 0.683359 0.427986 0.636624 0.207287 0.525427 0.189792 0.002309 0.045174 0.376061 0.151788 0.061462 0.756366 0.814177 0.888771 
0.522349 0.664079 0.479703 0.385714 0.948965 0.055978 0.743832 0.260519 0.072996 0.972326 0.145777 0.807867 0.021027 0.781170 0.737950 0.944924 0.060227 0.124637 0.367590 0.264599 0.624264 0.106003 0.465598 0.703076 0.433379 
0.861381 0.087840 0.445438 0.410054 0.436833 0.363402 0.654061 0.133522 0.169336 0.027614 0.622302 0.665702 0.375921 0.744312 0.246354 0.231559 0.697983 0.123596 0.662456 0.561881 0.938273 0.067143 0.822137 0.700072 0.651919 
0.136633 0.436124 0.331443 0.178916 0.530431 0.686371 0.575403 0.243851 0.227077 0.938671 0.320553 0.060305 0.836068 0.234057 0.493289 0.430658 0.727397 0.358764 0.625228 0.085749 0.126576 0.603673 0.465595 0.122743 0.641153 
0.106918 0.977948 0.741618 0.177439 0.375782 0.645059 0.433062 0.434545 0.373944 0.508841 0.950744 0.448191 0.571840 0.796842 0.369267 0.135664 0.126894 0.530159 0.187065 0.214833 0.488420 0.287745 0.409820 0.851997 0.019221 
0.365854 0.737795 0.939147 0.305494 0.024819 0.903507 0.195808 0.744508 0.427315 0.572913 0.541232 0.627612 0.820215 0.929266 0.750266 0.204906 0.010162 0.932032 0.334210 0.889838 0.083267 0.956276 0.858179 0.131935 0.048423 
0.243996 0.190354 0.971729 0.515904 0.723012 0.147166 0.960760 0.071341 0.912688 0.347099 0.474309 0.482518 0.865836 0.817762 0.174423 0.320837 0.130997 0.733255 0.966981 0.650910 0.745213 0.657920 0.171010 0.117990 0.349573 
0.328615 0.165338 0.962626 0.892361 0.278941 0.165468 0.758135 0.977542 0.046479 0.044683 0.368674 0.069132 0.936597 0.180240 0.577161 0.062631 0.655683 0.479271 0.301093 0.576522 0.836322 0.218406 0.105733 0.278472 0.237579 
0.038576 0.388807 0.419613 0.744657 0.307490 0.362243 0.598248 0.696815 0.268529 0.975609 0.607069 0.400885 0.877110 0.156591 0.164440 0.374546 0.262165 0.925401 0.507411 0.179361 0.124468 0.494484 0.295051 0.550566 0.078156 
0.069441 0.246630 0.692933 0.888854 0.176175 0.824864 0.442432 0.426125 0.562424 0.974650 0.365868 0.889640 0.019047 0.810922 0.356229 0.829566 0.649325 0.867701 0.171700 0.939660 0.915466 0.490819 0.094356 0.091184 0.101664 
0.335360 0.949872 0.537455 0.346940 0.181325 0.793238 0.139123 0.760676 0.409002 0.318687 0.671422 0.392612 0.673707 0.578735 0.398476 0.267796 0.609347 0.806140 0.103505 0.958784 0.059630 0.666576 0.004258 0.770225 0.465052 
0.831292 0.825920 0.089732 0.413893 0.197380 0.505654 0.338646 0.744766 0.412212 0.920155 0.521209 0.578334 0.690273 0.230962 0.586746 0.259303 0.088760 0.714845 0.180326 0.140559 0.340780 0.838975 0.006219 0.782108 0.707931 
0.256015 0.449662 0.836980 0.888981 0.791944 0.827849 0.732727 0.952039 0.750309 0.705712 0.220830 0.542101 0.418245 0.510371 0.470576 0.452951 0.859259 0.267368 0.967158 0.680974 0.090119 0.354603 0.072990 0.063190 0.309041 
0.957590 0.263634 0.858365 0.411631 0.916296 0.618832 0.225278 0.724826 0.484282 0.569254 0.726581 0.324874 0.877095 0.087657 0.902921 0.892052 0.574183 0.812234 0.301797 0.807915 0.761611 0.654716 0.498448 0.219932 0.947901 
0.871585 0.393289 0.260544 0.932616 0.397251 0.273288 0.368158 0.141753 0.287897 0.281512 0.237874 0.113772 0.358951 0.650043 0.655341 0.978078 0.424399 0.902441 0.662844 0.928790 0.475471 0.999550 0.265619 0.828907 0.127302 
0.880644 0.968620 0.169511 0.408542 0.823649 0.781403 0.548143 0.242083 0.347107 0.667354 0.461907 0.117871 0.876358 0.726929 0.057533 0.163187 0.033660 0.370751 0.329350 0.575252 0.434819 0.124379 0.033095 0.015989 0.140470 
0.831827 0.249423 0.493046 0.893621 0.585490 0.533202 0.043447 0.522792 0.720163 0.058946 0.657015 0.468670 0.556549 0.132574 0.218770 0.886905 0.280398 0.092866 0.459837 0.612432 0.176576 0.901822 0.410850 0.995556 0.844538 
0.868908 0.122624 0.163987 0.586367 0.326713 0.057334 0.228139 0.919621 0.332058 0.828081 0.503413 0.517144 0.398486 0.942326 0.747291 0.882548 0.840221 0.847600 0.741039 0.770720 0.596168 0.068703 0.399380 0.780043 0.851384 
0.063874 0.590326 0.517844 0.763870 0.207309 0.763338 0.228135 0.454042 0.881072 0.120153 0.885289 0.800838 0.876287 0.658669 0.844595 0.890868 0.650996 0.381494 0.727366 0.412697 0.837217 0.775847 0.771181 0.005662 0.578822 
0.691909 0.350962 0.939448 0.149171 0.368470 0.100456 0.416012 0.881718 0.602008 0.017602 0.600012 0.240816 0.339961 0.937511 0.056663 0.576586 0.023061 0.394726 0.145486 0.902981 0.129668 0.557735 0.130295 0.119784 0.249112 
0.987558 0.613661 0.438753 0.703518 0.951809 0.806830 0.129965 0.913656 0.068675 0.789808 0.511601 0.257453 0.409223 0.759502 0.195263 0.172137 0.625804 0.730507 0.349758 0.316376 0.559878 0.990575 0.418114 0.985316 0.443849 
0.339102 0.174751 0.175478 0.539288 0.309533 0.248574 0.932911 0.287988 0.323719 0.801819 0.041477 0.170660 0.484609 0.103486 0.648725 0.144124 0.431367 0.063565 0.465834 0.551762 0.850877 0.946944 0.825117 0.981147 0.046003 
0.706771 0.573402 0.110209 0.652606 0.828712 0.706305 0.037046 0.115505 0.042677 0.506456 0.072751 0.110836 0.185120 0.078854 0.895299 0.635950 0.863258 0.891529 0.117498 0.721419 0.055331 0.861024 0.069498 0.674874 0.475775 
0.666619 0.348260 0.856508 0.136814 0.125441 0.884297 0.016897 0.124886 0.295581 0.228268 0.832035 0.637575 0.909081 0.941865 0.855951 0.274926 0.483071 0.598851 0.755310 0.177659 0.484708 0.531202 0.119375 0.777665 0.471431 
0.987530 0.782426 0.320599 0.856120 0.005354 0.611688 0.242359 0.105642 0.167276 0.459809 0.833152 0.787487 0.587773 0.511151 0.530258 0.696421 0.098240 0.460338 0.780494 0.187692 0.165602 0.669385 0.194809 0.054415 0.082524 

-0.649104 -0.224950 -0.231422 -0.045786 -0.565259 -0.495608 -0.255406 -0.076490 -0.384679 -0.222465 -0.648217 -0.662527 -0.842112 -0.702160 -0.412211 -0.755450 -0.379988 -0.044505 -0.111415 -0.143079 -0.045994 -0.123696 0.374704 0.478543 0.904008 
0.455193 -0.121718 -0.130733 -0.030306 0.505136 -0.092096 -0.148019 -0.200893 -0.448121 -0.479150 -0.362262 -0.795679 -0.164902 -0.775038 -0.552482 -1.258227 -0.264201 -0.363567 -0.468984 -0.060749 -0.148879 -0.139723 0.231841 0.558009 0.368703 
0.225777 -0.586542 -0.328939 -0.375493 0.142204 0.114812 0.304509 0.003991 -0.330099 -0.228216 -0.568465 -0.202428 -0.472627 -0.720679 -0.509079 -0.615227 -0.681675 -0.094246 -0.360809 -0.387629 -0.143269 -0.060451 0.523979 0.757304 0.448865 
-0.254345 0.255641 -0.362806 -0.281765 0.155293 0.021663 0.213757 -0.448204 -0.161439 -0.341308 -0.162385 -0.485910 -0.526454 -0.211488 -0.351369 -0.559708 -0.636499 -0.456036 -0.442859 -0.050208 0.152850 0.025881 0.313084 0.109212 0.699705 
-0.088612 0.613906 0.269879 -0.684246 -0.035260 -0.179405 -0.146016 -0.126176 -0.158971 -0.209219 -0.385101 -0.390624 -0.363415 -0.809915 -0.403333 -0.166499 -0.247285 -0.462743 -0.139904 -0.156371 0.161507 0.168043 0.296861 0.565015 0.103967 
-0.402169 0.143976 0.106960 0.079540 0.110726 -0.025522 -0.291128 -0.337363 0.141548 -0.392444 -0.099142 -0.385750 -0.590928 -0.799709 -0.717091 -0.400735 -0.031717 -0.692186 -0.236453 -0.310760 -0.127289 0.200594 0.541547 0.134387 -0.026931 
0.173344 -0.234510 -0.113923 -0.064239 -0.154132 0.052313 0.257917 -0.027416 -0.051690 -0.408505 -0.181500 -0.467837 -0.254405 -0.439266 0.000651 -0.303633 -0.184247 -0.324827 -0.377352 -0.190332 0.049864 0.106015 0.272892 0.272776 0.264628 
-0.037158 -0.240972 -0.365254 0.116435 0.043268 -0.333420 0.159756 0.083413 -0.063591 -0.048475 -0.194191 -0.129625 -0.171689 -0.274055 -0.415670 -0.041246 -0.164363 0.081220 -0.058567 0.012945 0.160036 0.025382 0.257573 0.436740 0.168010 
-0.077868 -0.269381 -0.160846 -0.037201 -0.115632 -0.193403 -0.021522 -0.063206 -0.301060 -0.109407 -0.196039 0.071506 -0.171941 -0.122367 -0.100990 -0.107866 -0.038453 -0.214598 -0.120878 0.167461 0.059938 0.036377 0.275457 0.061435 0.094873 
-0.287597 -0.102119 -0.158387 -0.351389 -0.234127 -0.100985 -0.041028 -0.225269 -0.183091 -0.312435 -0.037510 -0.117735 -0.068048 -0.130136 0.035594 0.122594 -0.011663 -0.050832 0.081873 0.062218 0.140322 0.007055 0.383671 0.128259 0.247963 
-0.147992 -0.837703 -0.480679 -0.486208 -0.379222 -0.343320 -0.056712 -0.203366 -0.021085 -0.173941 -0.075702 0.199221 0.136255 0.082566 0.053577 0.235903 0.167535 0.454544 0.131860 0.249395 0.023373 0.307404 0.064497 0.113920 0.194838 
-0.949548 -0.578943 -0.408535 -0.432240 -0.136920 -0.291929 -0.316811 -0.237506 -0.128680 -0.032503 0.010863 -0.157693 0.224508 0.048969 0.216887 0.337928 0.124465 0.350510 0.246234 0.087169 -0.140520 0.052620 0.156998 0.036874 -0.253964 
-0.650940 -0.381033 -0.944812 -0.453309 -0.550361 -0.574893 -0.235637 -0.284544 -0.192927 0.118129 -0.050085 0.113468 0.420850 0.338535 0.335954 0.389220 0.455066 0.157267 0.693561 0.204483 0.309789 -0.086501 0.121628 0.103860 0.004531 
-0.930203 -0.391693 -1.115317 -0.437754 -0.678922 -0.542142 -0.133689 -0.198023 -0.292412 -0.121624 0.025449 -0.020731 0.476478 0.086351 0.667634 0.853093 0.532712 0.628408 0.472092 0.501418 -0.001662 0.361753 -0.381812 -0.033788 -0.510790 
-0.928473 -0.563641 -0.491273 -0.968520 -0.325070 -0.490514 -0.450812 -0.286040 -0.249395 -0.179940 0.093868 0.040104 0.483885 0.525760 0.744392 1.053643 0.600433 0.807347 0.705300 0.494010 0.187027 -0.059621 0.156813 -0.259210 0.258213 
-1.262207 -1.023729 -0.332378 -0.575119 -0.640200 -0.653434 -0.416903 -0.162601 -0.149064 0.040954 0.225908 0.091334 0.613540 0.525553 0.191238 0.244565 0.015912 0.397008 0.441611 0.456882 -0.048047 0.297062 0.063230 0.094689 0.228506 
-1.147196 -0.502267 -0.497208 -1.025841 -0.540709 -0.514344 0.009079 -0.137131 -0.142392 -0.018390 0.189013 0.230178 0.248945 0.199140 0.206180 0.995139 0.224369 0.062613 0.419061 0.236460 -0.032353 -0.016545 0.049787 -0.650186 -0.838905 
-1.045870 -0.236651 -0.256797 -0.517816 -0.199903 -0.035860 0.059643 -0.294295 -0.081620 0.091535 -0.044609 0.288381 0.305273 0.875935 0.843113 0.751379 0.938522 0.775852 0.642982 0.347566 0.369968 0.268290 0.092359 -0.345592 -0.547748 
-0.247239 -0.329682 -0.381034 -0.661922 -0.075225 -0.474583 -0.155290 -0.261781 -0.086748 0.123998 0.412125 0.326493 0.446557 0.401822 0.784522 1.009884 0.936209 0.608503 0.813096 0.566185 0.450560 0.390397 0.191814 0.413515 -0.064537 
-0.438185 -0.253703 -0.287945 0.048006 -0.074383 0.060995 0.003464 -0.155851 -0.085716 -0.110719 0.206748 0.152670 0.378752 0.526095 0.103196 0.231083 0.375406 0.479880 -0.016735 0.301181 0.026648 0.096307 0.264480 0.663686 0.460954 
-0.175686 -0.269971 -0.282242 -0.115282 0.036024 0.110044 0.011403 -0.041063 0.080544 0.183092 0.151192 0.300330 0.134308 0.071267 0.076219 0.248454 0.280819 0.301808 0.405894 0.321954 0.224058 0.803552 0.447465 0.567698 0.390073 
0.139486 0.053100 -0.138734 0.019540 0.117217 0.231918 0.148899 0.195939 0.094884 0.126056 -0.061629 0.297750 0.310335 0.226981 0.215648 0.192224 0.370806 -0.028006 0.004771 0.316091 0.307288 0.517698 0.631142 0.411575 0.225629 
0.389177 0.525118 0.117791 0.371227 0.548154 0.224155 -0.017942 0.149709 -0.033088 -0.049050 0.233799 0.402849 0.187471 0.536278 -0.199654 -0.232180 -0.058823 -0.079214 0.323844 0.465506 0.208244 0.987690 0.670548 1.084361 0.743048 
0.487332 0.159930 0.889798 0.171492 0.059167 0.722345 0.118933 0.249107 0.263183 0.009023 -0.245096 -0.044223 -0.460826 -0.539797 -0.570899 -0.039213 0.049431 0.071598 -0.373459 0.124603 0.201535 0.705995 0.928947 1.655623 0.852620 
0.963003 0.753575 0.257131 0.735369 -0.028339 0.412191 0.150106 0.079493 0.188016 -0.021764 -0.015469 -0.384995 -0.280053 0.055516 -0.413543 -0.764027 0.527584 -0.084940 0.032376 0.064323 0.951533 0.799613 0.922838 0.980254 0.043488 
