2.0 2.0 2.0 2.0 2.0 2.0 2.0 2.0 2.0 2.0 2.0 2.0 2.0 -1.0 -1.0 -1.0 -1.0 -1.0 -1.0 0.0 0.0 0.0 0.0 0.0 0.0 
2.0 2.0 2.0 2.0 2.0 2.0 2.0 2.0 2.0 2.0 2.0 2.0 2.0 -1.0 -1.0 -1.0 -1.0 -1.0 -1.0 -1.0 0.0 0.0 0.0 0.0 0.0 
2.0 2.0 2.0 2.0 2.0 2.0 2.0 2.0 2.0 2.0 2.0 2.0 2.0 2.0 -1.0 -1.0 -1.0 -1.0 -1.0 -1.0 -2.0 0.0 0.0 0.0 0.0 
2.0 2.0 2.0 2.0 2.0 2.0 2.0 2.0 2.0 2.0 2.0 2.0 2.0 2.0 -1.0 -1.0 -1.0 -1.0 -1.0 -2.0 -2.0 -2.0 -2.0 0.0 0.0 
2.0 2.0 2.0 2.0 2.0 2.0 2.0 2.0 2.0 2.0 2.0 2.0 2.0 2.0 -1.0 -1.0 -1.0 -1.0 -1.0 -2.0 -2.0 -2.0 -2.0 -2.0 -2.0 
2.0 2.0 2.0 2.0 2.0 2.0 2.0 2.0 2.0 2.0 2.0 2.0 2.0 2.0 2.0 -1.0 -1.0 -1.0 -1.0 -2.0 -2.0 -2.0 -2.0 -2.0 -2.0 
1.0 2.0 2.0 2.0 2.0 2.0 2.0 2.0 2.0 2.0 2.0 2.0 2.0 2.0 2.0 -1.0 -1.0 -1.0 -1.0 -2.0 -2.0 -2.0 -2.0 -2.0 -2.0 
1.0 1.0 1.0 1.0 2.0 2.0 2.0 2.0 2.0 2.0 2.0 2.0 2.0 2.0 2.0 -1.0 -1.0 -1.0 -1.0 -2.0 -2.0 -2.0 -2.0 -2.0 -2.0 
1.0 1.0 1.0 1.0 1.0 1.0 2.0 2.0 2.0 2.0 2.0 2.0 2.0 2.0 2.0 2.0 -1.0 -1.0 -2.0 -2.0 -2.0 -2.0 -2.0 -2.0 -2.0 
1.0 1.0 1.0 1.0 1.0 1.0 1.0 1.0 2.0 2.0 2.0 2.0 2.0 2.0 2.0 2.0 -1.0 -1.0 -2.0 -2.0 -2.0 -2.0 -2.0 -2.0 -2.0 
1.0 1.0 1.0 1.0 1.0 1.0 1.0 1.0 1.0 1.0 2.0 2.0 2.0 2.0 2.0 2.0 -1.0 -1.0 -2.0 -2.0 -2.0 -2.0 -2.0 -2.0 -2.0 
1.0 1.0 1.0 1.0 1.0 1.0 1.0 1.0 1.0 1.0 1.0 1.0 1.0 2.0 2.0 2.0 2.0 -1.0 -2.0 -2.0 -2.0 -2.0 -2.0 -2.0 -2.0 
1.0 1.0 1.0 1.0 1.0 1.0 1.0 1.0 1.0 1.0 1.0 1.0 1.0 1.0 1.0 2.0 2.0 -1.0 -2.0 -2.0 -2.0 -2.0 -2.0 -2.0 -2.0 
1.0 1.0 1.0 1.0 1.0 1.0 1.0 1.0 1.0 1.0 1.0 1.0 1.0 1.0 1.0 1.0 1.0 -2.0 -2.0 -2.0 -2.0 -2.0 -2.0 -2.0 -2.0 
1.0 1.0 1.0 1.0 1.0 1.0 1.0 1.0 1.0 1.0 1.0 1.0 1.0 1.0 1.0 1.0 1.0 1.0 -2.0 -2.0 -2.0 -2.0 -2.0 -2.0 -2.0 
1.0 1.0 1.0 1.0 1.0 1.0 1.0 1.0 1.0 1.0 1.0 1.0 1.0 1.0 1.0 1.0 1.0 1.0 1.0 -2.0 -2.0 -2.0 -2.0 -2.0 -2.0 
1.0 1.0 1.0 1.0 1.0 1.0 1.0 1.0 1.0 1.0 1.0 1.0 1.0 1.0 1.0 1.0 1.0 1.0 1.0 1.0 -2.0 -2.0 -2.0 -2.0 -2.0 
1.0 1.0 1.0 1.0 1.0 1.0 1.0 1.0 1.0 1.0 1.0 1.0 1.0 1.0 1.0 1.0 1.0 1.0 1.0 1.0 -2.0 -2.0 -2.0 -2.0 -2.0 
1.0 1.0 1.0 1.0 1.0 1.0 1.0 1.0 1.0 1.0 1.0 1.0 1.0 1.0 1.0 1.0 1.0 1.0 1.0 1.0 1.0 -2.0 -2.0 -2.0 -2.0 
1.0 1.0 1.0 1.0 1.0 1.0 1.0 1.0 1.0 1.0 1.0 1.0 1.0 1.0 1.0 1.0 1.0 1.0 1.0 1.0 1.0 1.0 -2.0 -2.0 -2.0 
1.0 1.0 1.0 1.0 1.0 1.0 1.0 1.0 1.0 1.0 1.0 1.0 1.0 1.0 1.0 1.0 1.0 1.0 1.0 1.0 1.0 1.0 1.0 -2.0 -2.0 
1.0 1.0 1.0 1.0 1.0 1.0 1.0 1.0 1.0 1.0 1.0 1.0 1.0 1.0 1.0 1.0 1.0 1.0 1.0 1.0 1.0 1.0 1.0 -2.0 -2.0 
1.0 1.0 1.0 1.0 1.0 1.0 1.0 1.0 1.0 1.0 1.0 1.0 1.0 1.0 1.0 1.0 1.0 1.0 1.0 1.0 1.0 1.0 1.0 1.0 -2.0 
1.0 1.0 1.0 1.0 1.0 1.0 1.0 1.0 1.0 1.0 1.0 1.0 1.0 1.0 1.0 1.0 1.0 1.0 1.0 1.0 1.0 1.0 1.0 1.0 1.0 
1.0 1.0 1.0 1.0 1.0 1.0 1.0 1.0 1.0 1.0 1.0 1.0 1.0 1.0 1.0 1.0 1.0 1.0 1.0 1.0 1.0 1.0 1.0 1.0 1.0 

0.187311 0.063025 0.756404 0.511663 0.091869 0.361139 0.517311 0.601926 0.027547 0.332985 0.278573 0.536476 0.408510 0.662216 0.802248 0.048091 0.285211 0.362593 0.054042 0.474117 0.575073 0.325204 0.875276 0.108196 0.119368 
0.834040 0.291167 0.849648 0.857398 0.377699 0.122401 0.560448 0.527619 0.945939 0.465427 0.680141 0.253581 0.022196 0.987649 0.234581 0.326450 0.419564 0.850776 0.208151 0.463234 0.624191 0.355532 0.852467 0.563976 0.177913 
0.390564 0.970206 0.223032 0.956317 0.881829 0.267337 0.285926 0.679035 0.609900 0.112319 0.621194 0.868454 0.476167 0.702698 0.440277 0.582976 0.331813 0.999046 0.964032 0.463034 0.233764 0.952637 0.549894 0.301827 0.310000 
0.718935 0.668647 0.576524 0.905126 0.264268 0.588180 0.340403 0.019775 0.821017 0.783384 0.410764 0.107918 0.101956 0.475441 0.327735 0.019049 0.070976 0.116604 0.904178 0.535972 0.013405 0.371833 0.044111 0.666159 0.735602 
0.269772 0.471103 0.891050 0.329489 0.616026 0.783870 0.182664 0.126169 0.285051 0.258655 0.263437 0.686064 0.959283 0.563311 0.853754 0.912455 0.139286 0.185298 0.078127 0.818611 0.174635 0.030599 0.274196 0.750237 0.488783 
0.820151 0.012696 0.488025 0.986436 0.943406 0.982818 0.739167 0.565411 0.361629 0.984852 0.931498 0.177480 0.880636 0.720333 0.359568 0.181906 0.540921 0.931556 0.862085 0.660506 0.232721 0.768465 0.430928 0.404339 0.787350 
0.214903 0.397106 0.949985 0.248897 0.482050 0.504173 0.323992 0.989306 0.710532 0.617786 0.398915 0.340818 0.428058 0.309192 0.055678 0.956051 0.439388 0.642062 0.131810 0.540629 0.087598 0.561856 0.005528 0.565996 0.012310 
0.432059 0.118354 0.424857 0.554107 0.720607 0.773172 0.451384 0.500043 0.601351 0.641154 0.029408 0.254442 0.912390 0.855808 0.624099 0.794639 0.142356 0.904212 0.007794 0.638636 0.434150 0.980044 0.763338 0.404079 0.127625 
0.532221 0.764408 0.572664 0.082506 0.146568 0.251181 0.332542 0.866381 0.546899 0.115120 0.596126 0.855733 0.000708 0.182042 0.876371 0.793960 0.741873 0.398380 0.066524 0.831998 0.238400 0.088113 0.834629 0.257771 0.145966 
0.301638 0.539928 0.357628 0.700115 0.274007 0.202723 0.803298 0.494266 0.893727 0.800052 0.871692 0.255477 0.826877 0.904147 0.269329 0.960904 0.095321 0.537108 0.502289 0.987072 0.016950 0.490990 0.810859 0.156246 0.851935 
0.464519 0.431221 0.132197 0.350604 0.952146 0.077943 0.547946 0.120334 0.723795 0.843136 0.288404 0.188939 0.615529 0.049447 0.821235 0.650354 0.820517 0.419872 0.160085 0.708192 0.091408 0.246610 0.059804 0.722664 0.058155 
0.256517 0.885964 0.844887 0.931319 0.514199 0.769739 0.172067 0.509444 0.702408 0.455057 0.742941 0.692036 0.312792 0.712089 0.425383 0.763774 0.428449 0.332231 0.384978 0.746504 0.440175 0.433119 0.692228 0.140780 0.575635 
0.274662 0.495110 0.468602 0.138977 0.130046 0.682101 0.367564 0.888737 0.492585 0.101012 0.033846 0.748812 0.084551 0.084824 0.896494 0.400422 0.287289 0.473515 0.644308 0.623611 0.046195 0.016902 0.262853 0.454701 0.458068 
0.085936 0.415403 0.830999 0.631431 0.614589 0.041611 0.550135 0.614135 0.931534 0.727899 0.374537 0.497537 0.426193 0.816758 0.357476 0.835787 0.895484 0.418507 0.025516 0.494273 0.681768 0.842924 0.861297 0.887984 0.972050 
0.788750 0.526752 0.978766 0.019880 0.601155 0.154828 0.295675 0.337352 0.421408 0.076281 0.413369 0.998475 0.634507 0.797739 0.366776 0.529846 0.715111 0.778754 0.660867 0.556144 0.473037 0.297763 0.631950 0.849372 0.536058 
0.023597 0.815242 0.371100 0.043132 0.062721 0.962122 0.927921 0.722302 0.480987 0.739938 0.908183 0.361753 0.115508 0.878905 0.729942 0.341417 0.132791 0.890734 0.347506 0.775273 0.086591 0.506860 0.404634 0.972000 0.603179 
0.328762 0.234989 0.394802 0.299577 0.825705 0.947070 0.267401 0.934027 0.033391 0.069455 0.219285 0.073494 0.007883 0.442854 0.471636 0.727211 0.022468 0.635065 0.900363 0.214001 0.008017 0.844915 0.098537 0.089561 0.190450 
0.909560 0.501421 0.345505 0.703473 0.702757 0.951492 0.274726 0.259378 0.684115 0.762438 0.708922 0.718694 0.718897 0.773861 0.993540 0.312812 0.603350 0.064719 0.853451 0.637484 0.206591 0.648730 0.477434 0.901672 0.901388 
0.691028 0.698698 0.320995 0.374485 0.261283 0.864550 0.580759 0.118101 0.279458 0.509594 0.194702 0.680532 0.508091 0.534542 0.175401 0.832980 0.468972 0.523354 0.186363 0.888796 0.868033 0.285984 0.625678 0.504365 0.485732 
0.401576 0.081166 0.883485 0.884088 0.976846 0.257604 0.875313 0.533416 0.603951 0.802895 0.186436 0.117876 0.742446 0.277846 0.123952 0.235229 0.005582 0.499655 0.474453 0.133357 0.169426 0.452079 0.511664 0.774400 0.949881 
0.558530 0.054232 0.230565 0.843573 0.946630 0.403236 0.170598 0.615762 0.861709 0.503559 0.719821 0.703720 0.794620 0.857380 0.572839 0.951946 0.140495 0.084318 0.227701 0.414978 0.432628 0.787589 0.297776 0.256281 0.543533 
0.569358 0.219518 0.092905 0.648054 0.409763 0.139431 0.804487 0.799151 0.768438 0.026682 0.755333 0.827270 0.608348 0.703198 0.842080 0.859200 0.769278 0.175356 0.355239 0.905578 0.012186 0.990955 0.153035 0.744434 0.539535 
0.899372 0.079853 0.773634 0.253736 0.438101 0.935423 0.785909 0.619114 0.497339 0.002546 0.883923 0.301851 0.635212 0.834112 0.919848 0.013220 0.088534 0.739663 0.755915 0.243972 0.030588 0.898728 0.196958 0.433571 0.812843 
0.618279 0.129361 0.175028 0.894030 0.955231 0.840210 0.090130 0.682600 0.475676 0.724670 0.377636 0.965263 0.661472 0.626230 0.593366 0.435932 0.819842 0.892887 0.620107 0.645555 0.035926 0.521038 0.290413 0.431641 0.221329 
0.902147 0.444690 0.548601 0.779447 0.330596 0.128834 0.522914 0.209139 0.228420 0.090059 0.141533 0.808670 0.810426 0.475246 0.850466 0.912280 0.238247 0.713864 0.860817 0.690080 0.382288 0.429568 0.522928 0.696067 0.811225 

0.477748 0.012225 1.268419 0.905014 0.218303 0.773816 0.930671 1.440669 0.347087 0.478102 0.841796 0.989066 0.834444 -0.755343 -0.688707 0.389354 0.358531 -0.349977 -0.046780 0.179252 0.126818 0.367117 0.220569 -0.206847 0.258853 
2.022334 1.165736 1.444333 1.992195 0.988297 0.257972 0.903332 0.989399 1.563601 0.935878 1.223648 0.171829 -0.559809 -1.281655 -0.513141 -0.621373 -0.441057 -0.909029 -0.369357 0.064654 -0.070702 -0.226659 0.168046 -0.393858 -0.119434 
0.494875 1.889379 0.069428 1.811326 1.969323 0.284221 0.504688 1.561161 1.286284 0.159410 1.391764 1.946399 0.970421 1.608648 0.159769 -0.931161 -0.525734 -1.299639 -0.827259 -0.327092 -0.788472 0.024572 0.599997 -0.128551 -0.147041 
1.346145 1.441797 1.001055 1.665298 0.538798 1.547014 0.611797 -0.161655 1.286584 1.461124 0.697941 0.408019 0.515638 0.896980 -0.337511 -0.219613 0.193607 -0.077332 -1.206778 -0.845017 0.166793 -0.604776 -0.168077 -0.146190 -0.117049 
0.850718 0.846692 1.589830 0.944617 1.417751 1.721175 0.821026 0.289037 0.390494 0.866792 0.839271 1.384003 1.792689 1.388945 -0.505857 -1.032243 -0.319092 -0.074671 -0.049921 -1.731640 -0.263056 0.471592 -0.453392 -1.551390 -1.373267 
1.810172 0.067433 1.009786 2.245930 2.061705 1.980505 1.597342 1.222735 0.532449 2.062139 2.121169 0.327641 1.197156 1.433661 0.709268 -0.395395 -0.064944 -0.969864 -1.045044 -1.442231 -0.908185 -1.502059 -1.112919 -0.995317 -1.409719 
-0.105783 0.830311 2.054143 0.657116 0.759478 1.051602 0.758153 1.853453 1.664282 0.989055 0.780412 0.551636 0.824087 0.637462 -0.206164 -0.765230 -0.493115 -0.882306 -0.238660 -1.457352 0.193893 -0.927620 0.066805 -1.284835 -0.332537 
0.796862 -0.187911 0.242105 0.747005 1.592551 1.258346 1.009405 1.489326 1.035810 1.056810 0.308078 1.135088 2.209013 1.957184 1.296114 -0.387800 0.117984 -0.740563 -0.171157 -1.186754 -0.766254 -1.987467 -1.090455 -0.811215 -0.773021 
0.392719 0.825129 0.980464 -0.155978 0.112633 0.472243 0.971022 1.486186 0.632999 -0.071855 1.311533 1.828807 0.235870 0.334491 2.210560 1.965048 -0.745432 0.104626 -0.583731 -1.234168 -0.475123 -0.116330 -1.817882 -0.289172 -0.409013 
0.264838 0.072966 0.480006 1.113240 0.532677 -0.168749 0.820932 0.783716 1.879764 1.423425 1.786246 0.394678 1.620541 1.947719 0.238981 1.669309 0.507180 -0.244303 -0.994963 -1.929444 -0.218242 -0.643866 -1.420615 -0.108212 -1.563697 
-0.137582 0.319194 0.121818 0.119278 1.507897 0.297066 1.035590 -0.046490 1.047116 0.522140 1.041996 0.733446 0.719566 0.440976 1.829845 1.696433 -1.057728 -0.218681 -0.615265 -1.513035 -0.591698 -0.333825 -0.214680 -0.858315 0.040438 
0.273931 1.330201 0.526601 1.017911 0.893665 0.749308 0.044190 1.144170 0.341956 0.800577 1.029448 0.259378 -0.004447 2.006374 1.075563 1.643245 0.679978 -0.227954 -0.789642 -1.358733 -0.422409 -1.373930 -1.200954 -0.745455 -1.023336 
0.207965 0.216787 0.736667 0.373768 0.032536 0.353236 0.369110 0.843791 0.655024 0.371908 -0.410427 0.244490 0.661525 0.194043 0.943169 1.462908 0.260280 -0.090313 -1.082715 -0.913239 -0.132938 -0.618929 -0.150870 -0.676718 -1.140093 
-0.054314 0.278049 0.915515 0.568614 0.505734 -0.048067 0.466864 1.082014 1.195842 0.751308 0.361707 0.302860 -0.178358 0.810623 0.583988 0.987895 1.296998 -1.010579 -0.289429 -1.172967 -1.666360 -1.636497 -1.691753 -2.164618 -2.069292 
0.642206 0.512930 0.799953 0.069959 0.325771 0.215854 0.535486 0.710243 0.922535 0.256053 0.944594 1.041261 1.174100 0.906034 -0.436767 0.575967 0.261390 0.851693 -1.304959 -1.295142 -1.156016 -0.118730 -1.252807 -2.026584 -1.800596 
-0.263066 0.570159 1.273364 -0.292284 0.370046 0.690425 0.969014 1.093236 0.696510 1.186161 0.401379 0.022259 0.246397 1.292732 0.730496 0.295504 0.580725 1.156342 -0.375840 -1.801985 0.197218 -0.746054 -0.518898 -1.325119 -0.965080 
0.793699 0.237988 0.094165 0.555657 1.368421 0.709257 0.641204 0.758965 -0.242928 -0.155028 0.365185 -0.115051 0.488401 0.381409 0.182473 1.335626 0.257922 0.579633 1.064147 0.605933 -0.087536 -1.699221 -0.617771 -0.191690 -0.425893 
1.269563 0.583619 0.423479 1.096123 1.149534 1.342734 0.026768 0.048987 1.073244 1.356750 0.572710 0.836736 1.388793 0.864658 1.341218 -0.012680 0.325934 0.066524 0.795260 0.828658 -0.578069 -0.972006 -1.076330 -2.313173 -1.695240 
0.288433 0.524929 0.626712 0.325724 0.633361 0.443254 0.526622 0.140651 0.542496 0.362214 0.285219 0.711129 0.279029 0.562627 0.339935 0.557393 0.285409 0.416652 0.290103 0.532814 0.682402 -1.027551 -1.647690 -0.911435 -1.033381 
0.433844 -0.031834 0.886612 1.244807 0.817936 0.345762 1.060428 0.496457 1.084778 0.684840 -0.198616 0.079838 1.226466 0.596319 0.205783 0.484418 -0.075530 0.512878 -0.218827 0.065577 -0.070834 0.353967 -0.976274 -1.835565 -1.713257 
0.304132 0.104832 -0.079226 0.815594 0.718297 -0.093686 0.796762 0.752267 0.953230 0.886912 0.850931 1.181820 0.032200 1.178844 0.720237 0.499182 -0.135270 0.278727 -0.150793 0.171119 0.034009 1.056600 0.337273 -0.590751 -1.712023 
0.677521 0.475132 -0.526439 0.928619 0.681240 0.355674 1.180991 0.913339 0.994716 0.365013 0.742292 1.227416 0.546554 0.924586 0.428673 0.480081 0.409125 0.167009 0.488520 0.595229 -0.045672 0.722984 -0.158605 -1.889927 -1.061245 
1.277476 0.015760 0.826835 0.123240 0.233050 1.034800 1.331352 0.698719 0.267144 -0.172031 0.722622 0.150457 0.988908 0.569194 0.876928 0.340996 0.161822 0.529207 0.457854 0.404436 0.242987 0.354338 -0.329667 0.212582 -1.954299 
0.260055 0.358924 -0.044727 0.644076 1.102217 1.049470 0.079697 0.564471 0.537807 1.022291 0.550992 0.893692 0.405542 0.656134 0.869081 0.165377 1.058235 0.415457 0.756116 0.841075 0.237562 0.315756 0.357430 0.232626 -0.151636 
0.893108 0.692706 0.702242 0.911363 0.442067 0.481368 0.771841 0.018745 -0.195891 0.337913 0.485876 0.589658 1.578753 0.062182 0.674397 0.472077 0.118191 0.708068 0.067788 0.652529 0.165136 0.063450 0.319040 0.382567 0.870479 
