2.0 2.0 2.0 2.0 2.0 2.0 2.0 2.0 -1.0 -1.0 -1.0 -1.0 -1.0 -1.0 -1.0 -1.0 -1.0 -1.0 -1.0 1.0 1.0 1.0 1.0 1.0 1.0 
2.0 2.0 2.0 2.0 2.0 2.0 2.0 2.0 -1.0 -1.0 -1.0 -1.0 -1.0 -1.0 -1.0 -1.0 -1.0 -1.0 1.0 1.0 1.0 1.0 1.0 1.0 1.0 
2.0 2.0 2.0 2.0 2.0 2.0 2.0 2.0 -1.0 -1.0 -1.0 -1.0 -1.0 -1.0 -1.0 -1.0 -1.0 -1.0 1.0 1.0 1.0 1.0 1.0 1.0 1.0 
2.0 2.0 2.0 2.0 2.0 2.0 2.0 2.0 -1.0 -1.0 -1.0 -1.0 -1.0 -1.0 -1.0 -1.0 -1.0 -1.0 1.0 1.0 1.0 1.0 1.0 1.0 1.0 
2.0 2.0 2.0 2.0 2.0 2.0 2.0 2.0 -1.0 -1.0 -1.0 -1.0 -1.0 -1.0 -1.0 -1.0 -1.0 -1.0 1.0 1.0 1.0 1.0 1.0 1.0 1.0 
2.0 2.0 2.0 2.0 2.0 2.0 2.0 2.0 2.0 -1.0 -1.0 -1.0 -1.0 -1.0 -1.0 -1.0 -1.0 1.0 1.0 1.0 1.0 1.0 1.0 1.0 1.0 
2.0 2.0 2.0 2.0 2.0 2.0 2.0 2.0 2.0 -1.0 -1.0 -1.0 -1.0 -1.0 -1.0 -1.0 -1.0 1.0 1.0 1.0 1.0 1.0 1.0 1.0 1.0 
2.0 2.0 2.0 2.0 2.0 2.0 2.0 2.0 2.0 -1.0 -1.0 -1.0 -1.0 -1.0 -1.0 -1.0 -1.0 1.0 1.0 1.0 1.0 1.0 1.0 1.0 1.0 
2.0 2.0 2.0 2.0 2.0 2.0 2.0 2.0 2.0 -1.0 -1.0 -1.0 -1.0 -1.0 -1.0 -1.0 -1.0 1.0 1.0 1.0 1.0 1.0 1.0 1.0 1.0 
2.0 2.0 2.0 2.0 2.0 2.0 2.0 2.0 2.0 -1.0 -1.0 -1.0 -1.0 -1.0 -1.0 -1.0 1.0 1.0 1.0 1.0 1.0 1.0 1.0 1.0 1.0 
2.0 2.0 2.0 2.0 2.0 2.0 2.0 2.0 2.0 2.0 -1.0 -1.0 -1.0 -2.0 -2.0 -2.0 -2.0 1.0 1.0 1.0 1.0 1.0 1.0 1.0 1.0 
2.0 2.0 2.0 2.0 2.0 2.0 2.0 2.0 2.0 2.0 -2.0 -2.0 -2.0 -2.0 -2.0 -2.0 -2.0 -2.0 1.0 1.0 1.0 1.0 1.0 1.0 1.0 
2.0 2.0 2.0 2.0 2.0 2.0 2.0 2.0 2.0 2.0 -2.0 -2.0 -2.0 -2.0 -2.0 -2.0 -2.0 -2.0 1.0 1.0 1.0 1.0 1.0 1.0 1.0 
2.0 2.0 2.0 2.0 2.0 2.0 2.0 2.0 2.0 2.0 -2.0 -2.0 -2.0 -2.0 -2.0 -2.0 -2.0 -2.0 -2.0 1.0 1.0 1.0 1.0 1.0 1.0 
2.0 2.0 2.0 2.0 2.0 2.0 2.0 2.0 2.0 2.0 -2.0 -2.0 -2.0 -2.0 -2.0 -2.0 -2.0 -2.0 -2.0 -2.0 1.0 1.0 1.0 1.0 1.0 
2.0 2.0 2.0 2.0 2.0 2.0 2.0 2.0 2.0 2.0 -2.0 -2.0 -2.0 -2.0 -2.0 -2.0 -2.0 -2.0 -2.0 -2.0 1.0 1.0 1.0 1.0 0.0 
2.0 2.0 2.0 2.0 2.0 2.0 2.0 2.0 2.0 -2.0 -2.0 -2.0 -2.0 -2.0 -2.0 -2.0 -2.0 -2.0 -2.0 -2.0 -2.0 0.0 0.0 0.0 0.0 
2.0 2.0 2.0 2.0 2.0 2.0 2.0 2.0 2.0 -2.0 -2.0 -2.0 -2.0 -2.0 -2.0 -2.0 -2.0 -2.0 -2.0 -2.0 0.0 0.0 0.0 0.0 0.0 
2.0 2.0 2.0 2.0 2.0 2.0 2.0 2.0 2.0 -2.0 -2.0 -2.0 -2.0 -2.0 -2.0 -2.0 -2.0 -2.0 0.0 0.0 0.0 0.0 0.0 0.0 0.0 
2.0 2.0 2.0 2.0 2.0 2.0 2.0 2.0 2.0 -2.0 -2.0 -2.0 -2.0 -2.0 -2.0 -2.0 -2.0 0.0 0.0 0.0 0.0 0.0 0.0 0.0 0.0 
2.0 2.0 2.0 2.0 2.0 2.0 2.0 2.0 2.0 -2.0 -2.0 -2.0 -2.0 -2.0 -2.0 0.0 0.0 0.0 0.0 0.0 0.0 0.0 0.0 0.0 0.0 
2.0 2.0 2.0 2.0 2.0 2.0 2.0 2.0 2.0 -2.0 -2.0 -2.0 -2.0 -2.0 0.0 0.0 0.0 0.0 0.0 0.0 0.0 0.0 0.0 0.0 0.0 
2.0 2.0 2.0 2.0 2.0 2.0 2.0 2.0 2.0 -2.0 -2.0 -2.0 0.0 0.0 0.0 0.0 0.0 0.0 0.0 0.0 0.0 0.0 0.0 0.0 0.0 
2.0 2.0 2.0 2.0 2.0 2.0 2.0 2.0 2.0 -2.0 -2.0 0.0 0.0 0.0 0.0 0.0 0.0 0.0 0.0 0.0 0.0 0.0 0.0 0.0 0.0 
2.0 2.0 2.0 2.0 2.0 2.0 2.0 2.0 2.0 0.0 0.0 0.0 0.0 0.0 0.0 0.0 0.0 0.0 0.0 0.0 0.0 0.0 0.0 0.0 0.0 

0.022052 0.696059 0.832418 0.425392 0.838068 0.360185 0.089015 0.281482 0.642478 0.721566 0.993495 0.194883 0.071106 0.393596 0.446006 0.919890 0.731005 0.112186 0.481317 0.186020 0.876325 0.320195 0.526903 0.966263 0.108446 
0.177775 0.292231 0.001006 0.229830 0.018011 0.388767 0.297616 0.949540 0.647025 0.497248 0.886245 0.613290 0.093504 0.113917 0.145613 0.050329 0.340283 0.096379 0.952608 0.658805 0.614710 0.490164 0.895383 0.679367 0.409310 
0.906706 0.853039 0.610423 0.294283 0.613471 0.128312 0.155477 0.159878 0.529598 0.795084 0.743366 0.387228 0.912506 0.892871 0.928627 0.983514 0.456631 0.204967 0.751110 0.954840 0.651813 0.271955 0.766857 0.009187 0.307522 
0.916649 0.881242 0.578095 0.002606 0.116702 0.667415 0.166829 0.501780 0.836670 0.354358 0.051482 0.802352 0.033524 0.304993 0.024864 0.778988 0.376859 0.903202 0.957770 0.230029 0.328697 0.055366 0.995248 0.878286 0.676579 
0.652034 0.064424 0.902591 0.337849 0.006164 0.571427 0.405345 0.709846 0.176193 0.150209 0.619973 0.899039 0.002671 0.736527 0.330770 0.756531 0.405014 0.441954 0.872224 0.270010 0.031925 0.334933 0.533818 0.379532 0.554287 
0.781889 0.641482 0.549674 0.897083 0.347338 0.242292 0.344997 0.284858 0.203468 0.449018 0.682423 0.962535 0.870652 0.525054 0.016603 0.636315 0.249884 0.651028 0.688776 0.532468 0.823108 0.948600 0.537794 0.713994 0.024665 
0.155288 0.149345 0.969530 0.069797 0.871654 0.066868 0.401617 0.230117 0.677527 0.155134 0.570208 0.464847 0.079845 0.871344 0.043838 0.935416 0.610625 0.772414 0.838244 0.772245 0.339785 0.979653 0.889491 0.802355 0.512539 
0.258164 0.156598 0.584352 0.553170 0.903380 0.657837 0.507350 0.963029 0.758035 0.071541 0.892497 0.493564 0.505314 0.667367 0.059524 0.736665 0.629735 0.783373 0.088226 0.039541 0.601520 0.159736 0.103482 0.348500 0.706598 
0.937850 0.556681 0.951345 0.185653 0.220252 0.945108 0.290870 0.519731 0.523319 0.159933 0.023196 0.645348 0.855692 0.785744 0.254463 0.656502 0.880704 0.799151 0.442357 0.614081 0.338435 0.575159 0.219251 0.150842 0.146113 
0.346234 0.638143 0.017522 0.072418 0.902347 0.973734 0.787394 0.810088 0.071044 0.181254 0.221601 0.601067 0.001876 0.300746 0.204938 0.721856 0.674758 0.878232 0.778225 0.854865 0.199982 0.187460 0.289608 0.772906 0.098688 
0.040980 0.440030 0.303488 0.117184 0.251612 0.108105 0.724648 0.886102 0.596464 0.580296 0.554172 0.169308 0.978465 0.787630 0.605853 0.456476 0.850161 0.116094 0.230805 0.251329 0.868657 0.182912 0.779221 0.467541 0.087975 
0.892608 0.458649 0.043187 0.019187 0.015045 0.743483 0.753713 0.080400 0.471368 0.409639 0.563489 0.871313 0.931361 0.849582 0.782633 0.892908 0.321238 0.285143 0.405275 0.645998 0.914806 0.475662 0.638492 0.309430 0.012025 
0.656666 0.831480 0.923207 0.285804 0.020082 0.561469 0.757012 0.114185 0.748570 0.017655 0.827439 0.942163 0.239617 0.909667 0.285074 0.791352 0.950033 0.382325 0.804005 0.243470 0.158132 0.274364 0.791640 0.664736 0.024084 
0.317006 0.990999 0.290742 0.900711 0.554338 0.601363 0.305359 0.809704 0.089974 0.576128 0.273426 0.820234 0.366586 0.270557 0.570621 0.207294 0.749022 0.634368 0.801710 0.433465 0.121660 0.024459 0.110708 0.295114 0.178926 
0.283361 0.718689 0.036276 0.992187 0.529206 0.375310 0.266173 0.191046 0.849727 0.266334 0.344170 0.860826 0.904696 0.824912 0.088865 0.549139 0.776756 0.551652 0.148380 0.972608 0.456362 0.527414 0.769155 0.513398 0.071168 
0.503761 0.585368 0.100820 0.490260 0.547976 0.741023 0.113466 0.676390 0.442643 0.500192 0.503779 0.410407 0.239912 0.443379 0.277645 0.510131 0.722038 0.708043 0.520065 0.580116 0.286021 0.075697 0.877156 0.966297 0.989538 
0.219640 0.122932 0.884557 0.500655 0.398909 0.572459 0.834334 0.581520 0.384153 0.457930 0.553256 0.695384 0.718000 0.631700 0.989792 0.786234 0.075868 0.715573 0.577764 0.327324 0.616803 0.924710 0.719903 0.104089 0.209441 
0.784024 0.246008 0.560126 0.355855 0.788413 0.474879 0.717220 0.776053 0.159174 0.609722 0.638513 0.794933 0.083331 0.147701 0.295704 0.854723 0.518220 0.362725 0.622987 0.219533 0.760144 0.068841 0.225310 0.004608 0.257457 
0.679753 0.622456 0.737737 0.233312 0.654578 0.179922 0.743947 0.414978 0.904733 0.459241 0.113259 0.602019 0.205380 0.023526 0.866276 0.851438 0.138728 0.081355 0.911636 0.286262 0.453675 0.501270 0.972745 0.053014 0.520912 
0.866739 0.944789 0.815266 0.717195 0.967814 0.498158 0.886622 0.951290 0.818067 0.881857 0.148890 0.492766 0.388914 0.061265 0.710957 0.851846 0.143970 0.993765 0.311785 0.888070 0.027908 0.696746 0.425661 0.863726 0.860203 
0.964277 0.423096 0.205808 0.447947 0.824459 0.057455 0.464398 0.977087 0.190930 0.198299 0.160969 0.965665 0.142493 0.128588 0.002995 0.425980 0.680708 0.774626 0.283228 0.893060 0.162717 0.371787 0.009960 0.338814 0.422409 
0.905106 0.548486 0.568965 0.939551 0.808222 0.838400 0.016275 0.528501 0.580199 0.900924 0.530017 0.493216 0.185933 0.550300 0.017209 0.497931 0.613563 0.485064 0.233259 0.708306 0.979489 0.113416 0.273267 0.202015 0.201287 
0.703117 0.347535 0.265562 0.142847 0.813108 0.283479 0.851812 0.629918 0.716879 0.339791 0.227867 0.505656 0.611984 0.628398 0.173000 0.531649 0.267213 0.096102 0.832516 0.702030 0.001304 0.141249 0.345481 0.200789 0.009474 
0.367714 0.539820 0.751783 0.408932 0.325216 0.134729 0.583114 0.468710 0.244903 0.220950 0.622888 0.941434 0.422470 0.935859 0.669858 0.239864 0.837802 0.218554 0.576190 0.993570 0.446811 0.213214 0.877616 0.005137 0.481181 
0.031338 0.549022 0.294570 0.309358 0.379399 0.415712 0.670601 0.114538 0.109077 0.345424 0.312756 0.746590 0.700572 0.690385 0.060850 0.613156 0.357503 0.270769 0.593669 0.569523 0.555590 0.857201 0.984378 0.529524 0.988491 

-0.386620 1.231861 1.615315 1.023992 2.024035 0.457864 0.482170 0.509179 -0.432908 -0.945197 -1.085892 -0.234332 -0.331734 -0.107491 0.068935 -0.929968 -0.503029 0.246187 -0.499838 -0.089165 0.865376 0.370340 0.489789 1.136433 0.413058 
0.522984 0.667000 0.009706 -0.219709 0.041694 0.819943 0.066635 2.190113 -0.297732 0.012877 -0.949777 -0.417691 0.050596 0.022028 0.018835 0.211729 -0.431684 -0.186948 1.514924 0.179222 0.601694 0.878644 1.010623 0.609644 0.734625 
1.611960 2.089103 0.614281 0.373492 0.724352 -0.237120 0.091462 -0.085494 -0.528501 -1.483122 -0.986593 -0.281171 -0.845405 -0.914631 -0.655665 -0.891207 -0.479260 -1.063510 0.529840 1.316267 0.104323 0.478508 0.155658 0.457252 0.453181 
1.734273 1.412662 1.227926 0.401691 -0.097898 0.899277 0.187929 1.894494 -0.243379 0.198086 0.115297 -0.707135 -0.071638 -0.272689 -0.164780 -0.923959 -0.291166 -0.629221 1.119239 -0.024527 -0.046765 -0.175280 1.283676 0.634833 0.675801 
1.370346 0.228293 1.522773 0.661862 -0.105725 0.927846 0.777606 1.507299 -0.499858 -0.428800 -0.499711 -1.198220 0.179488 -0.806943 -0.209387 -0.883546 -0.475343 -0.537402 0.801982 0.162493 0.168358 0.367706 0.941871 0.214697 0.483808 
0.840655 1.650559 0.746139 1.941344 0.591148 0.334372 0.748078 0.234249 -0.107179 -0.718043 -0.634157 -0.644569 -0.579152 -0.830168 -0.567943 -0.568120 0.287324 0.744012 1.048888 0.591191 1.022507 0.967407 0.528875 0.639455 -0.216941 
0.456634 0.036260 2.268065 0.325154 1.921688 0.234090 0.666919 0.345478 1.783903 -0.227425 0.148812 -0.680203 0.132117 -0.356144 -0.212622 -0.400237 -0.443211 0.862178 0.758449 1.038527 0.459979 1.132082 0.705898 0.406584 0.393733 
0.797507 0.322335 0.893534 0.668800 1.759983 1.701342 0.842793 2.089889 2.080433 0.551244 -1.041807 -0.094338 -0.302659 -1.093806 -0.076044 -0.341141 -0.757405 0.304767 0.451121 -0.004074 0.965808 0.176927 0.389138 -0.280704 0.482857 
1.703166 1.358714 2.001866 0.096238 0.507949 1.814097 0.312138 1.248820 1.431493 -0.114062 0.147681 -0.327404 -1.071314 -0.846099 -0.136252 -1.035796 -0.649771 0.410633 0.820887 0.211127 0.671566 0.815542 0.504859 0.623904 0.393441 
0.837241 1.496058 0.096555 0.034734 1.753530 1.643551 1.384097 1.252919 -0.143234 -0.106221 -0.643152 -1.232623 0.162050 -0.255350 -0.714525 -0.759847 0.283369 0.747065 0.853254 0.836062 0.237311 0.602072 0.434692 0.586265 -0.388526 
0.159993 1.465403 0.819985 0.827138 0.350415 -0.076455 1.389769 2.230997 1.333477 1.181627 -0.210969 -0.285289 -1.113766 -1.194804 -1.311650 -0.810936 -1.921189 -0.096896 -0.223229 0.318203 1.236554 -0.017598 0.963149 0.927368 0.864665 
1.257205 1.186271 -0.153663 0.109297 -0.187317 1.214642 2.171247 -0.173478 1.040333 0.289648 -0.909038 -1.277495 -2.398632 -1.743486 -1.621893 -1.428221 -0.838487 -1.345508 0.578716 0.880839 0.859485 0.636101 0.651989 0.001718 0.090228 
1.328749 1.636760 2.502394 0.617439 -0.114793 1.120609 1.739105 0.494784 1.013668 0.539309 -1.425659 -2.109678 -0.544592 -1.372715 -0.534221 -2.026935 -2.277108 -0.874632 0.671120 -0.019970 -0.234360 0.747680 0.922430 0.668062 0.411345 
0.896990 1.738903 0.507253 1.788615 1.587819 1.662419 0.765880 1.546534 0.243228 0.940623 -0.822198 -1.848183 -1.123783 -0.570332 -0.700232 -0.431017 -0.894703 -1.561486 -1.506195 0.390100 0.144601 -0.294534 0.275252 0.701935 0.277964 
0.814309 2.140369 -0.059067 1.949731 0.629969 0.439633 0.589020 0.357170 2.008844 0.747397 -0.500287 -1.324327 -2.136288 -2.036734 0.183485 -0.795238 -1.569696 -1.166749 -0.108581 -2.074741 0.218580 0.074958 0.671313 0.160929 -0.164553 
1.067181 0.927080 0.263414 1.301360 1.007588 1.293701 -0.115862 1.891653 1.150691 0.717067 -1.298918 -1.062339 -0.463216 -0.661053 -0.233304 -1.498709 -1.606821 -1.809600 -0.648903 -1.507004 0.176341 -0.129105 1.085947 1.079342 0.372007 
0.054291 0.379747 1.257713 1.385797 0.878030 1.273028 1.602102 0.857960 0.416974 -0.623395 -0.699845 -1.152379 -1.707772 -0.967317 -2.788471 -2.166387 -0.745923 -1.685833 -1.184792 -0.681570 -1.663160 0.289056 -0.371585 -0.206693 -0.658225 
1.234204 0.544814 1.586040 0.467795 1.209790 0.743657 1.037180 1.723078 0.230353 -1.154938 -1.722940 -1.142411 -0.402209 -0.364323 -0.532241 -1.702582 -1.370599 -1.110113 -1.343983 -0.708966 0.059871 0.077847 0.062605 0.200826 0.061115 
1.532580 1.134642 1.683531 0.367304 1.748855 0.438926 0.509522 0.562727 1.434066 -0.913727 -0.150636 -1.226764 -0.768375 -0.222948 -1.698026 -1.888153 -0.462677 -0.286566 -0.122375 -0.292038 0.098758 0.083808 0.091838 -0.407271 -0.033420 
1.704870 1.936239 1.734583 1.178697 1.694836 0.836479 1.949429 2.001678 1.444678 -1.499885 -0.257561 -0.566150 -1.061254 0.166645 -1.586846 -2.198266 -0.637490 -0.336147 -0.312411 0.284448 0.467688 -0.248634 -0.084683 0.190760 -0.291030 
2.162990 0.245134 -0.064603 0.682185 1.882714 -0.494981 0.630820 1.768895 -0.038771 -0.570926 -0.037275 -2.215358 0.093125 -0.060491 0.857635 0.194005 0.017116 -0.368227 0.276150 -0.186250 -0.122103 0.440973 0.012722 0.481035 -0.081597 
1.455976 1.478615 0.825652 1.709142 2.203873 1.747528 0.282200 0.687258 0.680351 -1.617393 -1.267611 -1.346597 0.004544 -1.183930 0.027290 0.427231 0.689234 -0.053038 -0.263867 0.345310 -0.199266 -0.076734 0.093885 0.048815 0.094911 
1.645000 0.497004 0.396359 0.042457 1.720753 0.797074 1.833540 0.960760 1.624682 -0.584429 0.082591 -1.321185 -0.329665 0.090724 0.372296 0.178093 0.073518 0.573559 0.115841 -0.094236 0.388188 -0.245386 -0.426880 -0.288984 0.122405 
0.793274 0.796055 1.618318 0.596189 0.779131 0.567235 1.563144 1.102623 0.691033 -0.583273 -1.487447 0.011229 0.542540 0.279799 0.434793 -0.169062 0.013706 0.057289 -0.266391 -0.511161 0.240443 -0.293902 0.526412 -0.606256 0.200528 
0.254161 1.016523 0.518400 1.071499 0.302991 1.428084 1.569138 -0.078729 0.274750 -0.363952 -0.373341 0.201337 0.159650 -0.414438 0.076692 0.467668 -0.167418 0.099909 -0.186594 -0.186544 0.047456 -0.147586 0.223287 0.231340 0.696160 
