2.0 2.0 2.0 2.0 2.0 2.0 2.0 2.0 2.0 2.0 2.0 2.0 2.0 2.0 2.0 2.0 2.0 2.0 -1.0 -1.0 -1.0 -1.0 -1.0 -1.0 -1.0 
2.0 2.0 2.0 2.0 2.0 2.0 2.0 2.0 2.0 2.0 2.0 2.0 2.0 2.0 2.0 2.0 2.0 2.0 -1.0 -1.0 -1.0 -1.0 -1.0 -1.0 -1.0 
2.0 2.0 2.0 2.0 2.0 2.0 2.0 2.0 2.0 2.0 2.0 2.0 2.0 2.0 2.0 2.0 2.0 -1.0 -1.0 -1.0 -1.0 -1.0 -1.0 -1.0 -1.0 
2.0 2.0 2.0 2.0 2.0 2.0 2.0 2.0 2.0 2.0 2.0 2.0 2.0 2.0 2.0 2.0 2.0 -1.0 -1.0 -1.0 -1.0 -1.0 -1.0 -1.0 -1.0 
2.0 2.0 2.0 2.0 2.0 2.0 2.0 2.0 2.0 2.0 2.0 2.0 2.0 2.0 2.0 2.0 -1.0 -1.0 -1.0 -1.0 -1.0 -1.0 -1.0 -1.0 -1.0 
2.0 2.0 2.0 2.0 2.0 2.0 2.0 2.0 2.0 2.0 2.0 2.0 2.0 2.0 2.0 2.0 -1.0 -1.0 -1.0 -1.0 -1.0 -1.0 -1.0 -1.0 -1.0 
2.0 2.0 2.0 2.0 2.0 2.0 2.0 2.0 2.0 2.0 2.0 2.0 2.0 2.0 2.0 -1.0 -1.0 -1.0 -1.0 -1.0 -1.0 -1.0 -1.0 -1.0 -1.0 
2.0 2.0 2.0 2.0 2.0 2.0 2.0 2.0 2.0 2.0 2.0 2.0 2.0 2.0 2.0 -1.0 -1.0 -1.0 -1.0 -1.0 -1.0 -1.0 -1.0 -1.0 -1.0 
2.0 2.0 2.0 2.0 2.0 2.0 2.0 2.0 2.0 2.0 2.0 2.0 2.0 2.0 -1.0 -1.0 -1.0 -1.0 -1.0 -1.0 -1.0 -1.0 -1.0 -1.0 -1.0 
2.0 2.0 2.0 2.0 2.0 2.0 2.0 2.0 2.0 2.0 2.0 2.0 2.0 2.0 -1.0 -1.0 -1.0 -1.0 -1.0 -1.0 -1.0 -1.0 -1.0 -1.0 -1.0 
-2.0 0.0 0.0 0.0 0.0 0.0 0.0 2.0 2.0 2.0 2.0 2.0 2.0 -1.0 -1.0 -1.0 -1.0 -1.0 -1.0 -1.0 -1.0 -1.0 -1.0 -1.0 -1.0 
-2.0 0.0 0.0 0.0 0.0 0.0 0.0 0.0 0.0 0.0 0.0 0.0 0.0 -1.0 -1.0 -1.0 -1.0 -1.0 -1.0 -1.0 -1.0 -1.0 -1.0 -1.0 -1.0 
-2.0 -2.0 0.0 0.0 0.0 0.0 0.0 0.0 0.0 0.0 0.0 0.0 0.0 -1.0 -1.0 -1.0 -1.0 -1.0 -1.0 -1.0 -1.0 -1.0 -1.0 -1.0 -1.0 
-2.0 -2.0 0.0 0.0 0.0 0.0 0.0 0.0 0.0 0.0 0.0 0.0 0.0 0.0 -1.0 -1.0 -1.0 -1.0 -1.0 -1.0 -1.0 -1.0 -1.0 -1.0 -1.0 
-2.0 -2.0 -2.0 0.0 0.0 0.0 0.0 0.0 0.0 0.0 0.0 0.0 0.0 0.0 -1.0 -1.0 -1.0 -1.0 -1.0 -1.0 -1.0 -1.0 -1.0 -1.0 -1.0 
-2.0 -2.0 -2.0 0.0 0.0 0.0 0.0 0.0 0.0 0.0 0.0 0.0 0.0 0.0 1.0 -1.0 -1.0 -1.0 -1.0 -1.0 -1.0 -1.0 -1.0 -1.0 -1.0 
-2.0 -2.0 -2.0 -2.0 0.0 0.0 0.0 0.0 0.0 0.0 0.0 0.0 0.0 0.0 1.0 1.0 1.0 -1.0 -1.0 -1.0 -1.0 -1.0 -1.0 -1.0 -1.0 
-2.0 -2.0 -2.0 -2.0 0.0 0.0 0.0 0.0 0.0 0.0 0.0 0.0 0.0 1.0 1.0 1.0 1.0 1.0 1.0 -1.0 -1.0 -1.0 -1.0 -1.0 -1.0 
-2.0 -2.0 -2.0 -2.0 -2.0 0.0 0.0 0.0 0.0 0.0 0.0 0.0 1.0 1.0 1.0 1.0 1.0 1.0 1.0 1.0 1.0 -1.0 -1.0 -1.0 -1.0 
-2.0 -2.0 -2.0 -2.0 -2.0 0.0 0.0 0.0 0.0 0.0 0.0 0.0 1.0 1.0 1.0 1.0 1.0 1.0 1.0 1.0 1.0 1.0 1.0 -1.0 -1.0 
-2.0 -2.0 -2.0 -2.0 -2.0 -2.0 0.0 0.0 0.0 0.0 0.0 1.0 1.0 1.0 1.0 1.0 1.0 1.0 1.0 1.0 1.0 1.0 1.0 1.0 1.0 
-2.0 -2.0 -2.0 -2.0 -2.0 -2.0 0.0 0.0 0.0 0.0 1.0 1.0 1.0 1.0 1.0 1.0 1.0 1.0 1.0 1.0 1.0 1.0 1.0 1.0 1.0 
-2.0 -2.0 -2.0 -2.0 -2.0 -2.0 -2.0 0.0 0.0 1.0 1.0 1.0 1.0 1.0 1.0 1.0 1.0 1.0 1.0 1.0 1.0 1.0 1.0 1.0 1.0 
-2.0 -2.0 -2.0 -2.0 -2.0 -2.0 -2.0 0.0 0.0 1.0 1.0 1.0 1.0 1.0 1.0 1.0 1.0 1.0 1.0 1.0 1.0 1.0 1.0 1.0 1.0 
-2.0 -2.0 -2.0 -2.0 -2.0 -2.0 -2.0 -2.0 1.0 1.0 1.0 1.0 1.0 1.0 1.0 1.0 1.0 1.0 1.0 1.0 1.0 1.0 1.0 1.0 1.0 

0.092705 0.033436 0.163346 0.170840 0.620019 0.919152 0.999215 0.913416 0.457430 0.875263 0.921456 0.315339 0.364794 0.912830 0.176336 0.118176 0.496547 0.778709 0.395893 0.358469 0.072047 0.902315 0.672100 0.858432 0.687859 
0.164274 0.530821 0.533605 0.984459 0.812854 0.945147 0.778650 0.030679 0.419881 0.014077 0.369805 0.643167 0.942024 0.915201 0.433414 0.701135 0.209090 0.856079 0.471903 0.495192 0.987134 0.210170 0.351998 0.706368 0.290049 
0.604059 0.885251 0.720314 0.912230 0.341173 0.238332 0.042800 0.807045 0.295257 0.723574 0.483321 0.293468 0.398431 0.620277 0.731738 0.304539 0.894871 0.925009 0.499068 0.953233 0.152052 0.224463 0.410362 0.193977 0.006681 
0.322803 0.091703 0.767792 0.535657 0.014190 0.861038 0.259241 0.623726 0.452136 0.815169 0.613240 0.695996 0.359068 0.804437 0.639829 0.717671 0.391956 0.656360 0.503578 0.142909 0.124507 0.754914 0.851915 0.452238 0.004024 
0.505081 0.135278 0.177262 0.386806 0.979464 0.641567 0.988933 0.995547 0.919355 0.957547 0.171706 0.600015 0.130821 0.098984 0.787400 0.242515 0.490333 0.117386 0.642412 0.770902 0.138765 0.943418 0.389936 0.008316 0.722361 
0.642822 0.360669 0.147853 0.233162 0.773546 0.405404 0.126998 0.216079 0.111892 0.883324 0.889631 0.929888 0.728031 0.288614 0.583005 0.124649 0.665782 0.518568 0.543437 0.039216 0.752813 0.588392 0.011025 0.798816 0.603203 
0.434516 0.504115 0.003134 0.721835 0.754239 0.398293 0.531389 0.603462 0.547606 0.630751 0.017213 0.550628 0.630264 0.858039 0.304079 0.545978 0.694532 0.003538 0.849702 0.611500 0.499700 0.469223 0.162199 0.277898 0.868741 
0.645411 0.442211 0.537959 0.480376 0.457875 0.319464 0.743723 0.105175 0.951067 0.956995 0.267952 0.659347 0.315622 0.396987 0.773566 0.072548 0.031143 0.196247 0.551156 0.277625 0.480259 0.569103 0.034503 0.768034 0.417854 
0.765330 0.757689 0.862546 0.232774 0.282892 0.363574 0.274747 0.567474 0.811675 0.114587 0.567151 0.343532 0.278887 0.977064 0.001765 0.753535 0.097773 0.201475 0.412538 0.694416 0.423581 0.965053 0.543300 0.640993 0.688861 
0.434297 0.113605 0.699606 0.936615 0.433986 0.908631 0.990139 0.672948 0.041783 0.743004 0.138463 0.670712 0.511094 0.839907 0.780168 0.183920 0.349601 0.512856 0.025905 0.556724 0.912635 0.819971 0.229268 0.769522 0.029361 
0.187261 0.964171 0.682096 0.724204 0.097117 0.690912 0.736140 0.311676 0.569089 0.743973 0.420101 0.048865 0.621751 0.315481 0.886241 0.090413 0.043647 0.565694 0.777482 0.370359 0.835223 0.401060 0.580917 0.913773 0.481722 
0.749309 0.561989 0.759888 0.746908 0.754780 0.042707 0.439579 0.983833 0.767587 0.633997 0.700209 0.439414 0.206956 0.538471 0.956802 0.933213 0.653870 0.653856 0.008168 0.782580 0.749985 0.824545 0.690128 0.999443 0.980297 
0.214604 0.068251 0.582295 0.096352 0.687909 0.734266 0.147388 0.045370 0.553456 0.587350 0.725963 0.187726 0.948090 0.056492 0.509384 0.129582 0.947295 0.996819 0.648467 0.550972 0.039910 0.716563 0.704403 0.739823 0.287646 
0.326572 0.823778 0.156876 0.862518 0.785391 0.987269 0.356875 0.057806 0.448079 0.361272 0.510997 0.859574 0.528217 0.642587 0.555423 0.981055 0.245969 0.770622 0.384089 0.660345 0.986263 0.601202 0.966864 0.528344 0.760680 
0.831373 0.728051 0.978437 0.201816 0.713247 0.128365 0.936093 0.422823 0.012271 0.297378 0.555191 0.332375 0.484856 0.677516 0.920401 0.739059 0.109754 0.716014 0.069149 0.125917 0.681270 0.732523 0.218358 0.384753 0.064552 
0.983877 0.955145 0.170680 0.160445 0.454152 0.152290 0.503384 0.138854 0.725223 0.294148 0.922890 0.572824 0.179139 0.947492 0.420078 0.567046 0.252928 0.168495 0.473769 0.854253 0.264235 0.527060 0.753995 0.501206 0.303061 
0.461250 0.132294 0.823021 0.299044 0.269055 0.437657 0.003963 0.050538 0.083485 0.052619 0.458650 0.385092 0.127352 0.698025 0.546029 0.287443 0.469782 0.383662 0.632777 0.034830 0.394847 0.004059 0.078498 0.113602 0.015468 
0.454961 0.133650 0.742157 0.379025 0.760984 0.136241 0.203415 0.487633 0.634408 0.294705 0.321456 0.213999 0.574240 0.828298 0.985408 0.057573 0.340578 0.213654 0.344614 0.669470 0.496561 0.311619 0.368803 0.449336 0.546616 
0.645196 0.471632 0.122934 0.133934 0.181813 0.750018 0.934790 0.897292 0.774738 0.316660 0.309861 0.285145 0.004120 0.338680 0.921650 0.639498 0.476333 0.407386 0.111753 0.642167 0.493020 0.670446 0.721343 0.483451 0.310427 
0.374752 0.159270 0.098426 0.098712 0.889078 0.785369 0.305937 0.912073 0.405271 0.029351 0.401050 0.074603 0.182178 0.760391 0.336138 0.604645 0.348106 0.665018 0.075414 0.848826 0.009843 0.885077 0.100086 0.778742 0.063971 
0.740526 0.472136 0.828461 0.945631 0.865283 0.151732 0.179359 0.070643 0.553468 0.152568 0.644603 0.991754 0.591653 0.259056 0.383413 0.646043 0.363812 0.520577 0.691669 0.480967 0.865203 0.268014 0.212864 0.311120 0.123462 
0.766072 0.049561 0.614825 0.555640 0.002884 0.039895 0.221702 0.004087 0.972287 0.771126 0.740400 0.382989 0.612791 0.355457 0.956010 0.145066 0.489936 0.628220 0.244095 0.359389 0.128517 0.851718 0.428394 0.827651 0.419893 
0.456593 0.237479 0.514082 0.328226 0.427177 0.481508 0.481334 0.880795 0.871097 0.684675 0.930027 0.972841 0.752444 0.728653 0.145293 0.587132 0.420697 0.831389 0.914889 0.837417 0.184010 0.330657 0.112067 0.760004 0.191176 
0.641240 0.119971 0.178813 0.215934 0.502998 0.521803 0.540847 0.407653 0.379412 0.055839 0.474733 0.880056 0.166240 0.325283 0.689491 0.740794 0.154950 0.576893 0.151796 0.598120 0.381795 0.723474 0.195759 0.437273 0.845315 
0.112326 0.160027 0.265993 0.078880 0.848597 0.132662 0.616256 0.860154 0.354483 0.145200 0.974445 0.597093 0.739554 0.965571 0.064499 0.397860 0.268023 0.858737 0.997158 0.672117 0.299212 0.172929 0.266253 0.176030 0.674578 

0.412805 0.272347 0.367296 0.312710 1.475696 1.560969 2.163406 1.984595 1.326921 1.745644 1.451353 1.154920 1.352973 1.954067 0.365300 0.111495 0.792147 1.473087 -0.575945 -0.318618 -0.658578 -1.023915 -1.110684 -1.392214 -0.266796 
0.979419 1.353474 0.687129 1.937515 1.505671 2.287429 1.509442 0.429037 0.747802 -0.091970 0.918408 0.822699 1.432308 1.456772 0.649637 1.449103 0.749327 2.289262 -0.196321 -0.590103 -0.992386 -0.408105 -0.027467 -0.943848 -0.475677 
1.013320 1.188514 0.930421 2.083415 0.311429 0.203028 -0.173339 2.026067 0.639139 1.472518 0.942249 0.790076 0.636423 0.614898 1.462091 0.553380 1.830616 -1.299651 -0.225732 -1.217661 -0.027516 0.296427 -0.006377 -0.618633 -0.144798 
0.426716 -0.497308 1.550240 1.369579 0.672585 1.372932 0.320025 1.566359 1.118004 1.632341 1.506251 1.484025 0.847295 1.527937 1.445102 1.261078 0.676114 -1.049351 -0.554296 -0.130364 -0.430106 -0.711724 -0.907622 -0.420179 -0.194270 
1.208786 0.107543 0.068442 0.654183 2.191831 1.460897 1.656635 2.246771 2.130039 1.665033 0.431758 1.229027 0.268628 0.201463 1.603858 0.989827 0.024566 -0.375859 -0.689081 -0.817919 -0.565660 -0.925687 -0.303786 0.522196 -1.062999 
1.318289 1.044395 0.509498 -0.213017 1.375607 1.271270 0.460682 0.487610 0.358158 1.889139 1.508414 1.839553 1.530740 0.595271 1.242902 -0.022216 -0.250788 -0.688546 -0.764315 -0.005520 -0.786157 -0.543461 -0.282506 -0.989441 -1.105791 
0.951727 1.025880 0.252325 1.592839 1.718835 0.747866 0.815363 1.232541 0.951198 1.328280 -0.026116 1.296031 0.779031 1.837771 0.748771 -0.916498 -0.749344 -0.223877 -0.780421 -0.790790 -0.071566 -0.717240 -0.265057 -0.156589 -1.084335 
0.998649 1.050584 0.814202 1.458912 1.379743 0.760609 1.709207 0.314123 1.549935 1.673813 0.883249 1.027547 1.232114 0.676906 1.351452 0.233920 -0.266033 -0.379632 -0.395569 -0.176806 -0.863503 -0.743532 0.170169 -1.002630 0.093895 
1.398238 1.578281 1.748649 0.113910 1.100548 0.244066 0.211854 0.981164 1.893499 0.462988 1.113225 0.360249 0.171345 2.250814 0.074565 -0.922277 -0.589110 -0.393655 -0.019992 -0.963027 -0.414480 -0.616214 -0.295994 -0.620886 -0.756142 
0.964143 0.154719 1.111174 2.397389 1.187434 1.848867 2.244612 1.034477 0.245092 2.119099 -0.075641 1.395731 1.203681 1.860345 -0.991003 -0.330208 -0.365003 -0.237322 -0.237793 -0.424886 -0.846653 -1.114152 -0.292500 -0.854500 0.461957 
-0.163452 0.015116 0.535714 0.064665 -0.109599 0.138863 -0.035727 0.718109 1.066380 1.087353 0.722367 -0.058582 0.938914 -0.528169 -0.705941 -0.492490 -0.071161 -0.546549 -0.496182 -0.824779 -0.736641 -1.004208 -0.424181 -1.889140 -0.614521 
-0.799266 0.230127 -0.030320 -0.013481 -0.287267 0.341578 -0.268236 -0.175966 0.048879 -0.102698 -0.443503 -0.345984 0.072204 -0.489549 -1.566892 -1.408700 -0.900054 -0.426872 -0.095592 -0.867314 -0.282947 -1.295227 -1.170875 -0.763002 -1.022688 
-0.449274 -0.470185 0.189701 0.215202 0.186873 0.345118 0.055153 -0.123950 -0.700780 0.011708 0.118788 0.386448 0.158181 -0.444889 -0.793134 -0.220540 -0.816095 -1.062153 -0.969682 -1.041658 -0.079527 -0.576310 -0.706465 -1.000157 -0.440701 
-0.409183 -1.635699 0.049744 -0.514578 0.366915 -0.451460 0.260772 0.376656 0.537308 -0.372555 -0.312255 0.030283 0.872328 -0.328103 0.005409 -0.469626 -0.195848 -1.001437 -0.409280 -0.200368 -0.616424 -1.096084 -1.430338 -0.664792 -1.024961 
-1.758317 -1.196762 -2.023382 0.496045 -0.006321 0.247057 0.098530 0.629426 -0.402427 0.232782 0.246826 0.004267 0.445597 0.085209 -0.827201 -0.494833 -0.007446 -0.826480 0.007948 0.120932 -0.554921 -0.833057 -0.291101 -0.381387 0.021980 
-1.851826 -2.445364 -0.631385 0.177823 -0.124670 0.053185 0.265171 -0.170450 0.001668 -0.046575 -0.160568 -0.655322 0.068854 0.053999 0.157777 -0.333020 -0.409370 -0.553255 -0.326680 -0.953443 -0.135870 -0.684542 -0.702865 -0.927066 -0.535592 
-0.656951 -0.000188 -1.437275 -0.022441 0.379189 -0.195833 0.697695 -0.168592 0.459565 -0.451709 0.145711 0.184716 -0.013951 -0.162251 0.623450 0.376197 -0.008957 -0.235960 -0.741621 -0.318614 -0.212395 -0.205633 -0.101918 -0.753850 -0.164688 
-0.697480 -0.194038 -1.583801 -0.860345 -0.554034 -0.111140 -0.241309 -0.507139 -0.507354 0.022075 -0.477150 0.057353 -0.326833 0.674631 1.141733 -0.673129 0.160227 0.368302 0.866797 -0.782858 0.218077 -0.388300 0.221329 -0.829430 -0.161643 
-1.212795 -0.744835 -0.510998 -0.355683 -0.164206 0.305736 0.124881 -0.326854 -0.145060 -0.220073 -0.108126 0.024360 0.079179 0.960896 0.498202 0.484172 0.238647 0.379620 0.182771 0.760428 0.571586 -1.241333 -0.499212 -0.177181 -0.102545 
-0.406994 -0.582819 -0.105038 -0.267385 -1.914203 0.185827 0.133129 -0.167481 0.004348 0.054774 0.162197 0.066802 0.000091 0.932907 0.129529 0.372739 0.204943 0.903254 0.091149 0.663408 -0.284015 0.671095 0.278571 -1.366416 0.479837 
-1.318186 -1.331469 -1.989595 -1.711978 -1.887517 -0.527472 0.302657 -0.120008 0.054212 0.030105 -0.187216 0.867973 0.688893 0.058670 0.275460 0.068774 0.658724 0.627260 1.204477 0.172975 0.576052 0.666405 -0.070832 0.658055 0.076000 
-1.407137 -0.069663 -1.615740 -0.910499 -0.702031 -0.218401 0.653162 0.349965 0.201916 -0.218260 0.947761 0.306073 0.832631 0.650856 0.738879 0.345160 0.905434 0.605210 0.437408 0.258885 -0.092480 0.823872 0.647177 0.890110 0.641925 
-1.366790 -0.861868 -0.985164 -0.461667 -0.288676 -0.979037 -1.078163 -0.041744 -0.487700 0.909350 0.870225 1.082684 0.406952 0.603955 0.215383 0.571090 0.471698 1.099033 0.625465 1.373484 0.448254 0.270631 0.044369 0.024040 -0.179873 
-0.888676 -0.514617 -0.656271 -0.277657 -1.216493 -1.088860 -1.821984 -0.420418 -0.238166 0.008754 0.982432 0.840993 0.414143 0.106650 0.713841 0.772578 0.340338 0.199955 0.600363 1.098198 0.266770 0.932070 0.633065 0.138036 1.268069 
-0.529228 -0.245762 -0.093812 -0.050634 -1.844749 -0.145263 -1.214819 -0.983122 0.203312 -0.179016 1.185795 0.599156 0.812876 0.501992 0.013035 -0.040264 0.595030 1.162350 1.126573 0.442488 0.496942 0.080511 0.431237 -0.029851 0.768801 
