-2.0 -2.0 -2.0 -2.0 -2.0 -2.0 -2.0 -2.0 -2.0 -2.0 -2.0 -2.0 -2.0 -2.0 -2.0 -2.0 -2.0 -2.0 -2.0 -2.0 0.0 0.0 0.0 0.0 0.0 
-2.0 -2.0 -2.0 -2.0 -2.0 -2.0 -2.0 -2.0 -2.0 -2.0 -2.0 -2.0 -2.0 -2.0 -2.0 -2.0 -2.0 -2.0 -2.0 -2.0 0.0 0.0 0.0 0.0 0.0 
-2.0 -2.0 -2.0 -2.0 -2.0 -2.0 -2.0 -2.0 -2.0 -2.0 -2.0 -2.0 -2.0 -2.0 -2.0 -2.0 -2.0 -2.0 -2.0 0.0 0.0 0.0 0.0 0.0 0.0 
-2.0 -2.0 -2.0 -2.0 -2.0 -2.0 -2.0 -2.0 -2.0 -2.0 -2.0 -2.0 -2.0 -2.0 -2.0 -2.0 -2.0 -2.0 -2.0 0.0 0.0 0.0 0.0 0.0 0.0 
-2.0 -2.0 -2.0 -2.0 -2.0 -2.0 -2.0 -2.0 -2.0 -2.0 -2.0 -2.0 -2.0 -2.0 -2.0 -2.0 -2.0 -2.0 0.0 0.0 0.0 0.0 0.0 0.0 0.0 
-2.0 -2.0 -2.0 -2.0 -2.0 -2.0 -2.0 -2.0 -2.0 -2.0 -2.0 -2.0 -2.0 -2.0 -2.0 -2.0 -2.0 -2.0 0.0 0.0 0.0 0.0 0.0 0.0 0.0 
-2.0 -2.0 -2.0 -2.0 -2.0 -2.0 -2.0 -2.0 -2.0 -2.0 -2.0 -2.0 -2.0 -2.0 -2.0 -2.0 -2.0 0.0 0.0 0.0 0.0 0.0 0.0 0.0 0.0 
-2.0 -2.0 -2.0 -2.0 -2.0 -2.0 -2.0 -2.0 -2.0 -2.0 -2.0 -2.0 -2.0 -2.0 -2.0 -2.0 -2.0 0.0 0.0 0.0 0.0 0.0 0.0 0.0 0.0 
-2.0 -2.0 -2.0 -2.0 -2.0 -2.0 -2.0 -2.0 -2.0 -2.0 -2.0 -2.0 -2.0 -2.0 -2.0 -2.0 -2.0 0.0 0.0 0.0 0.0 0.0 0.0 0.0 0.0 
-2.0 -2.0 -2.0 -2.0 -2.0 -2.0 -2.0 -2.0 -2.0 -2.0 -2.0 -2.0 -2.0 -2.0 -2.0 -2.0 0.0 0.0 0.0 0.0 0.0 0.0 0.0 0.0 0.0 
-2.0 -2.0 -2.0 -2.0 -2.0 -2.0 -2.0 -2.0 -2.0 -2.0 -2.0 -2.0 -2.0 -2.0 -2.0 2.0 2.0 2.0 0.0 0.0 0.0 0.0 0.0 0.0 0.0 
-2.0 -2.0 -2.0 -2.0 -2.0 -2.0 -2.0 -2.0 -2.0 -2.0 -2.0 -2.0 -2.0 -2.0 2.0 2.0 2.0 2.0 2.0 2.0 0.0 0.0 0.0 0.0 0.0 
-2.0 -2.0 -2.0 -2.0 -2.0 -2.0 -2.0 -2.0 -2.0 -2.0 -2.0 1.0 1.0 1.0 2.0 2.0 2.0 2.0 2.0 2.0 2.0 2.0 0.0 0.0 0.0 
1.0 1.0 1.0 1.0 1.0 1.0 1.0 1.0 1.0 1.0 1.0 1.0 1.0 1.0 2.0 2.0 2.0 2.0 2.0 2.0 2.0 2.0 2.0 2.0 0.0 
1.0 1.0 1.0 1.0 1.0 1.0 1.0 1.0 1.0 1.0 1.0 1.0 1.0 1.0 1.0 2.0 2.0 2.0 2.0 2.0 2.0 2.0 2.0 2.0 2.0 
1.0 1.0 1.0 1.0 1.0 1.0 1.0 1.0 1.0 1.0 1.0 1.0 1.0 1.0 1.0 2.0 2.0 2.0 2.0 2.0 2.0 2.0 2.0 2.0 2.0 
1.0 1.0 1.0 1.0 1.0 1.0 1.0 1.0 1.0 1.0 1.0 1.0 1.0 1.0 1.0 1.0 2.0 2.0 2.0 2.0 2.0 2.0 2.0 2.0 2.0 
1.0 1.0 1.0 1.0 1.0 1.0 1.0 1.0 1.0 1.0 1.0 1.0 1.0 1.0 1.0 1.0 -1.0 2.0 2.0 2.0 2.0 2.0 2.0 2.0 2.0 
1.0 1.0 1.0 1.0 1.0 1.0 1.0 1.0 1.0 1.0 1.0 1.0 1.0 1.0 1.0 1.0 -1.0 -1.0 -1.0 -1.0 2.0 2.0 2.0 2.0 2.0 
1.0 1.0 1.0 1.0 1.0 1.0 1.0 1.0 1.0 1.0 1.0 1.0 1.0 1.0 1.0 1.0 -1.0 -1.0 -1.0 -1.0 -1.0 -1.0 -1.0 2.0 2.0 
1.0 1.0 1.0 1.0 1.0 1.0 1.0 1.0 1.0 1.0 1.0 1.0 1.0 1.0 1.0 -1.0 -1.0 -1.0 -1.0 -1.0 -1.0 -1.0 -1.0 -1.0 -1.0 
1.0 1.0 1.0 1.0 1.0 1.0 1.0 1.0 1.0 1.0 1.0 1.0 1.0 1.0 1.0 -1.0 -1.0 -1.0 -1.0 -1.0 -1.0 -1.0 -1.0 -1.0 -1.0 
1.0 1.0 1.0 1.0 1.0 1.0 1.0 1.0 1.0 1.0 1.0 1.0 1.0 1.0 1.0 -1.0 -1.0 -1.0 -1.0 -1.0 -1.0 -1.0 -1.0 -1.0 -1.0 
1.0 1.0 1.0 1.0 1.0 1.0 1.0 1.0 1.0 1.0 1.0 1.0 1.0 1.0 -1.0 -1.0 -1.0 -1.0 -1.0 -1.0 -1.0 -1.0 -1.0 -1.0 -1.0 
1.0 1.0 1.0 1.0 1.0 1.0 1.0 1.0 1.0 1.0 1.0 1.0 1.0 1.0 -1.0 -1.0 -1.0 -1.0 -1.0 -1.0 -1.0 -1.0 -1.0 -1.0 -1.0 

0.771809 0.321238 0.224308 0.086897 0.243144 0.418259 0.783206 0.742779 0.185221 0.849089 0.042093 0.439041 0.284319 0.157173 0.058242 0.872698 0.726274 0.883016 0.835261 0.169200 0.623858 0.032286 0.061640 0.062820 0.986574 
0.152497 0.233561 0.354083 0.712555 0.759522 0.770807 0.439812 0.149907 0.167525 0.820462 0.295345 0.459419 0.941416 0.832797 0.749213 0.344689 0.994383 0.121391 0.395195 0.796541 0.687124 0.321068 0.585293 0.301341 0.038710 
0.269849 0.189854 0.350312 0.729931 0.011574 0.377824 0.683092 0.091394 0.083632 0.984629 0.673452 0.810247 0.045141 0.562822 0.580222 0.642378 0.292982 0.427925 0.882982 0.572203 0.473813 0.409849 0.007695 0.151062 0.034862 
0.901046 0.945467 0.062886 0.474853 0.005559 0.498842 0.934171 0.025986 0.792526 0.340524 0.995722 0.966531 0.048279 0.508691 0.659806 0.822332 0.726541 0.255382 0.745496 0.738177 0.157203 0.539658 0.736126 0.898644 0.403823 
0.737347 0.111876 0.722973 0.142630 0.097269 0.241813 0.877729 0.887465 0.870569 0.543068 0.025398 0.183458 0.167518 0.056412 0.982149 0.501358 0.912074 0.985579 0.792143 0.940719 0.889344 0.906073 0.336949 0.105229 0.043457 
0.208392 0.788418 0.231046 0.364481 0.236492 0.298587 0.739322 0.181880 0.237404 0.997156 0.100000 0.985648 0.524667 0.904471 0.030894 0.453991 0.957370 0.783958 0.060901 0.529920 0.804475 0.412238 0.044800 0.033068 0.370006 
0.266250 0.347469 0.326178 0.348919 0.213991 0.669424 0.632487 0.786972 0.173124 0.361816 0.297017 0.922583 0.351701 0.177813 0.908581 0.071631 0.627082 0.790356 0.430355 0.779927 0.649810 0.790853 0.137743 0.136138 0.366925 
0.895450 0.290688 0.754852 0.548082 0.505580 0.640989 0.663066 0.406150 0.857372 0.121895 0.380067 0.200377 0.406762 0.662513 0.152556 0.952719 0.846323 0.654123 0.492866 0.630611 0.149216 0.781747 0.463337 0.864117 0.980812 
0.661651 0.260620 0.542416 0.464093 0.145959 0.932861 0.789722 0.038109 0.640034 0.691587 0.261017 0.838696 0.098923 0.167610 0.227517 0.740974 0.321657 0.155323 0.377702 0.054555 0.703941 0.400382 0.527607 0.516446 0.754913 
0.132482 0.353755 0.474160 0.346883 0.601761 0.873196 0.985938 0.897299 0.038648 0.823543 0.129689 0.510507 0.748160 0.567490 0.301567 0.419225 0.430746 0.725000 0.002437 0.594986 0.009841 0.917150 0.070089 0.143140 0.575059 
0.385053 0.437929 0.196917 0.460169 0.307517 0.855172 0.507262 0.565356 0.935802 0.409504 0.349441 0.215790 0.433754 0.528499 0.358869 0.062702 0.158996 0.150263 0.859008 0.750323 0.869883 0.739939 0.065203 0.173628 0.198389 
0.126261 0.175102 0.772357 0.691817 0.234923 0.860647 0.323259 0.467665 0.332353 0.292433 0.963755 0.073210 0.114224 0.498886 0.217409 0.874913 0.955413 0.192442 0.057952 0.524221 0.958248 0.368652 0.253681 0.496019 0.429675 
0.249569 0.669348 0.692511 0.503256 0.855360 0.591156 0.327147 0.762443 0.726054 0.021537 0.117681 0.040942 0.887339 0.827378 0.239772 0.688936 0.723138 0.770791 0.995008 0.379280 0.543863 0.199940 0.454363 0.490879 0.903819 
0.750973 0.846678 0.651981 0.349710 0.057769 0.596478 0.760604 0.794197 0.718691 0.797520 0.214648 0.601947 0.761386 0.964602 0.329244 0.880348 0.075141 0.274429 0.154125 0.396926 0.263842 0.389495 0.851682 0.926671 0.394015 
0.566638 0.444200 0.218821 0.405885 0.067502 0.824220 0.475834 0.273845 0.364498 0.655897 0.677780 0.726853 0.065786 0.237853 0.433793 0.522253 0.206969 0.796376 0.256720 0.262394 0.845405 0.729460 0.786043 0.639095 0.869653 
0.003515 0.634383 0.741021 0.164265 0.788997 0.827664 0.992066 0.685463 0.420960 0.524718 0.061384 0.825142 0.981597 0.149600 0.300952 0.903795 0.994391 0.976219 0.070463 0.193303 0.599661 0.304662 0.078789 0.747777 0.306648 
0.621964 0.329788 0.655886 0.629474 0.386074 0.537107 0.233753 0.087236 0.638772 0.782670 0.995104 0.538546 0.204510 0.099784 0.770828 0.920054 0.369669 0.171737 0.959799 0.603388 0.473331 0.328043 0.421618 0.107278 0.469420 
0.432448 0.345790 0.665994 0.123814 0.278124 0.776020 0.428487 0.883770 0.168903 0.409200 0.003017 0.860247 0.591975 0.921176 0.317322 0.399550 0.416111 0.449235 0.281541 0.989976 0.352353 0.786200 0.614698 0.263693 0.420944 
0.724638 0.766889 0.397940 0.370299 0.732934 0.847422 0.046990 0.857898 0.833144 0.613253 0.333934 0.532913 0.892864 0.156655 0.667290 0.727259 0.366310 0.083929 0.743718 0.196043 0.095024 0.901885 0.601828 0.872187 0.914671 
0.617217 0.215152 0.066521 0.846601 0.041189 0.417342 0.891265 0.241284 0.153334 0.222156 0.767767 0.861442 0.331550 0.572650 0.341671 0.301421 0.901256 0.394147 0.602039 0.475371 0.024842 0.425469 0.001204 0.430236 0.472314 
0.469387 0.653007 0.199372 0.551625 0.456659 0.817375 0.925265 0.703029 0.181896 0.806791 0.183724 0.582586 0.185817 0.043947 0.940811 0.469723 0.865251 0.957428 0.062657 0.014993 0.600255 0.318004 0.498645 0.901233 0.220099 
0.087079 0.485250 0.620876 0.694748 0.787537 0.905425 0.946765 0.580894 0.769173 0.790663 0.393338 0.386316 0.367364 0.293619 0.381870 0.664635 0.281402 0.070254 0.899884 0.089003 0.403830 0.120107 0.673810 0.270793 0.718007 
0.249980 0.994973 0.279786 0.471916 0.844722 0.081240 0.552545 0.016504 0.807490 0.841458 0.291669 0.553835 0.957538 0.512136 0.310383 0.783059 0.992095 0.596762 0.486500 0.579812 0.160423 0.348041 0.231228 0.882714 0.987298 
0.117665 0.064146 0.344315 0.770669 0.599602 0.061713 0.033569 0.755783 0.774838 0.595147 0.164243 0.643220 0.825739 0.434062 0.452670 0.045631 0.872759 0.758264 0.154559 0.402602 0.035830 0.518582 0.857336 0.126152 0.193014 
0.865927 0.101847 0.046369 0.441904 0.906019 0.514718 0.101116 0.784486 0.848328 0.121873 0.487535 0.262836 0.174312 0.996281 0.658953 0.148481 0.776287 0.819715 0.682476 0.215869 0.527789 0.721459 0.393623 0.644774 0.746883 

-1.526882 -0.876834 -0.943558 -0.217366 -0.317740 -0.675096 -1.532609 -1.631825 -0.314607 -1.341839 -0.436831 -1.199202 -0.872578 -0.196543 -0.837125 -1.093278 -0.901633 -1.957862 -1.652638 -0.396887 -0.823742 -0.065180 -0.314763 0.354775 0.324503 
-0.515214 -0.458253 -0.754400 -1.351032 -1.655601 -1.530699 -0.856663 -0.195527 -0.498546 -1.645249 -0.922688 -0.594993 -2.348965 -1.354719 -1.923122 -0.485132 -2.063745 0.308973 -0.826717 -2.010926 -0.481384 0.162909 -0.555739 0.168361 -0.118483 
-0.303585 0.208794 -0.372184 -1.641016 0.002572 -0.431083 -1.242337 0.357608 -0.091816 -1.841248 -1.419781 -1.875921 -0.113384 -1.427430 -0.788463 -0.793262 -0.737137 -0.771947 -1.250789 0.311765 -0.364578 0.404378 0.159171 0.404975 0.083272 
-2.146667 -1.709682 -0.514061 -1.004045 -0.623244 -0.921687 -1.879912 -0.140304 -1.234939 -0.417480 -2.050108 -1.940557 0.364427 -1.148747 -0.921458 -1.591772 -1.209491 -0.167082 -1.661837 -0.079969 0.145768 -0.119976 -0.001367 -0.383308 -0.081330 
-1.776408 -0.014746 -1.830686 -0.597248 -0.084863 -0.690169 -1.786869 -1.608324 -1.494315 -1.263205 0.095881 -0.417917 -0.590278 -0.658545 -2.457394 -0.944852 -2.026303 -2.333248 -0.467768 0.145665 1.145946 0.740770 -0.415980 -0.274742 0.128691 
-0.175736 -1.378289 -0.347915 -0.246545 -0.671908 -0.686226 -1.754054 -0.237514 -0.431547 -1.949737 0.234198 -1.825849 -1.031046 -1.762690 0.240948 -1.170903 -2.201053 -1.676867 -0.151074 0.018390 0.110560 0.447863 -0.305173 0.211563 -0.188688 
-0.743679 -1.130086 -0.683573 -0.349929 -0.173028 -1.612199 -1.721623 -1.818399 -0.021646 -1.039686 -0.335893 -1.379161 -0.324668 -0.113083 -1.526127 0.213114 -1.658295 -0.214882 -0.068884 0.328761 -0.387476 0.073208 -0.197010 0.018562 -0.021605 
-2.578179 -0.335504 -0.979567 -0.976292 -1.251429 -1.546934 -1.791466 -0.431269 -1.496787 -0.382450 -1.022558 -0.489234 -1.084482 -0.896214 -0.453570 -2.069313 -2.057815 0.248465 0.217987 0.040127 -0.260678 -0.328401 -0.536319 0.074302 -0.702713 
-1.499491 -0.875183 -1.247856 -1.041062 -0.318099 -1.548884 -1.706608 0.197439 -0.927609 -1.685829 -0.684365 -1.387313 0.353688 0.120236 -0.609315 -1.282929 -0.864590 0.086773 0.325218 0.389999 0.385302 0.021496 0.391359 -0.088949 -0.477629 
-0.758077 -0.640635 -1.064330 -0.725747 -1.387769 -1.378668 -1.874000 -1.305058 -0.316225 -1.622667 -0.316653 -1.112413 -1.075817 -1.342189 -0.328807 -0.895414 -0.044123 0.376624 0.105931 0.223965 -0.087253 0.490361 0.032436 0.459601 -0.085862 
-0.679969 -0.976585 -1.086100 -0.962805 -0.471582 -1.162391 -1.285482 -0.854901 -1.672753 -0.492450 -0.810827 -0.283389 -0.623797 -0.746140 -1.044454 -0.190478 -0.101433 0.135528 -0.006562 0.208197 -0.399755 -0.039760 0.306490 -0.135625 -0.550518 
0.214887 -0.250860 -0.968627 -1.568597 -0.641994 -1.645421 -0.328587 -0.834164 -0.987837 -0.985502 -2.366828 -0.072655 -0.632085 -1.133997 0.344908 1.502339 2.070007 -0.155885 0.250917 1.051578 -0.099616 -0.095732 -0.220327 -0.250227 0.349762 
-0.500880 -1.577701 -1.683217 -1.105964 -2.314945 -1.716456 -0.565777 -1.123165 -1.899845 -0.148466 -0.726982 0.255198 0.001369 0.599905 -0.070331 1.196682 1.679783 1.392191 1.997072 0.516372 1.095861 0.638456 -0.306803 0.231707 -0.474264 
1.178319 0.890948 0.653953 0.037195 0.449812 0.418868 1.328128 0.590579 0.863683 0.498980 0.221904 0.580677 0.870216 0.805312 1.209396 1.943768 0.336115 1.178928 0.251695 1.201371 0.893987 0.914151 2.018835 2.240117 -0.450779 
0.374341 0.292014 1.067259 0.716810 -0.354341 0.887477 0.941163 -0.093332 0.265654 0.710501 0.914590 0.880506 0.313301 0.045510 0.009845 0.885898 -0.004139 1.655954 0.797620 0.847948 1.988283 1.962497 1.683010 1.296121 2.142895 
-0.191178 0.501003 0.568664 -0.115522 0.896188 1.055089 0.991172 0.589711 0.737907 0.485644 -0.305074 0.625504 0.532721 0.108074 0.278702 1.703670 1.637502 2.190892 0.296023 0.319993 1.070536 0.513674 0.185740 1.824713 0.443270 
1.264324 0.360544 0.298957 0.711658 0.469223 1.019014 0.420099 0.277111 0.500265 0.962670 1.296188 0.885092 0.059797 0.336314 1.005967 0.637441 0.695051 0.276810 2.242362 0.822113 0.417377 0.709436 0.380802 0.782386 0.653095 
0.678531 0.252837 0.630767 -0.304851 0.108199 0.590212 0.671038 0.700347 0.519001 0.352014 0.439960 0.875682 0.657281 0.942906 0.113234 0.325044 -0.221583 0.759282 0.887740 2.139442 0.707429 1.512968 1.244909 0.269122 0.943080 
1.182656 0.639493 0.437748 0.793538 0.640895 0.513937 -0.383318 0.873050 0.699978 0.652411 0.083238 0.615533 0.467411 0.298302 0.859632 0.689952 -0.329746 0.226623 -0.908408 -0.165546 0.736894 2.137238 1.158426 1.240297 2.126816 
1.126748 0.773921 0.167161 0.727564 -0.180592 0.342109 1.196480 0.093238 0.440138 -0.241496 0.745365 1.438012 0.209406 0.353665 0.762599 0.523787 -0.926483 -0.285574 -0.986251 -0.071406 -0.297055 0.601400 -0.160207 0.915363 0.899548 
0.520078 0.819311 0.648933 0.481511 0.585193 0.581828 1.042484 0.728314 0.031531 1.055398 -0.167798 0.471100 0.414691 -0.027175 0.796254 -0.361529 -1.229066 -1.129492 0.783546 0.612606 -0.908858 -1.020789 -0.802138 -0.641933 -0.680181 
-0.383701 0.705174 0.397571 0.594429 1.054998 0.586249 1.048680 0.529789 0.852658 1.199851 0.547641 -0.244598 0.629075 0.063550 0.344404 -0.627886 -0.496867 0.220340 -0.124121 0.100185 -0.590781 0.379702 -0.402683 -0.481997 -0.937622 
0.662531 1.412223 -0.456404 0.608153 0.916759 0.232895 0.763622 -0.451666 1.060572 0.833540 0.530664 0.366064 1.158063 0.393416 0.262621 -0.822233 -1.468509 -0.342386 -0.307719 -0.420734 -0.562483 0.032044 -0.278821 -1.172233 -1.450061 
0.132720 0.510879 0.142434 0.956228 0.447865 -0.025122 0.319699 1.199821 1.204273 0.796067 0.267734 0.830349 1.040614 0.592232 -0.241311 0.149453 -1.142385 -0.771090 0.105344 -0.288305 -0.395128 -0.175336 -0.919304 -0.134594 -0.451530 
0.733594 0.169625 -0.146066 0.290745 1.166479 0.308786 0.047429 0.694793 1.420616 0.747351 0.495785 0.072454 0.335736 1.336037 -0.313057 0.221900 -0.449307 -0.288026 -0.429627 0.160901 -0.477595 -1.139034 -0.618721 -0.411308 -0.655676 
