0.0 0.0 0.0 0.0 -2.0 -2.0 -2.0 -2.0 -2.0 -2.0 -2.0 -2.0 -2.0 -2.0 -2.0 -2.0 -2.0 -2.0 -2.0 -2.0 -2.0 -2.0 -2.0 -2.0 -2.0 
0.0 0.0 0.0 0.0 0.0 -2.0 -2.0 -2.0 -2.0 -2.0 -2.0 -2.0 -2.0 -2.0 -2.0 -2.0 -2.0 -2.0 -2.0 -2.0 -2.0 -2.0 -2.0 -2.0 -2.0 
0.0 0.0 0.0 0.0 0.0 0.0 -2.0 -2.0 -2.0 -2.0 -2.0 -2.0 -2.0 -2.0 -2.0 -2.0 -2.0 -2.0 -2.0 -2.0 -2.0 -2.0 -2.0 -2.0 -2.0 
0.0 0.0 0.0 0.0 0.0 0.0 0.0 -2.0 -2.0 -2.0 -2.0 -2.0 -2.0 -2.0 -2.0 -2.0 -2.0 -2.0 -2.0 -2.0 -2.0 -2.0 -2.0 -2.0 -2.0 
0.0 0.0 0.0 0.0 0.0 0.0 0.0 0.0 -2.0 -2.0 -2.0 -2.0 -2.0 -2.0 -2.0 -2.0 -2.0 -2.0 -2.0 -2.0 -2.0 -2.0 -2.0 -2.0 -2.0 
0.0 0.0 0.0 0.0 0.0 0.0 0.0 0.0 -2.0 -2.0 -2.0 -2.0 -2.0 -2.0 -2.0 -2.0 -2.0 -2.0 -2.0 -2.0 -2.0 -2.0 -2.0 -2.0 -2.0 
0.0 0.0 0.0 0.0 0.0 0.0 0.0 0.0 0.0 -2.0 -2.0 -2.0 -2.0 -2.0 -2.0 -2.0 -2.0 -2.0 -2.0 -2.0 -2.0 -2.0 -2.0 -2.0 -2.0 
0.0 0.0 0.0 0.0 0.0 0.0 0.0 0.0 0.0 0.0 2.0 -2.0 -2.0 -2.0 -2.0 -2.0 -2.0 -2.0 -2.0 -2.0 -2.0 -2.0 -2.0 -2.0 -2.0 
0.0 0.0 0.0 0.0 0.0 0.0 0.0 0.0 0.0 0.0 2.0 2.0 -2.0 -2.0 -2.0 -2.0 -2.0 -2.0 -2.0 -2.0 -2.0 -2.0 -2.0 -2.0 -2.0 
0.0 0.0 0.0 0.0 0.0 0.0 0.0 0.0 0.0 0.0 2.0 2.0 2.0 2.0 -2.0 -2.0 -2.0 -2.0 -2.0 -2.0 -2.0 -2.0 -2.0 -1.0 -1.0 
0.0 0.0 0.0 0.0 0.0 0.0 0.0 0.0 0.0 0.0 2.0 2.0 2.0 2.0 2.0 -2.0 -2.0 -2.0 -2.0 -2.0 -1.0 -1.0 -1.0 -1.0 -1.0 
0.0 0.0 0.0 0.0 0.0 0.0 0.0 0.0 0.0 0.0 2.0 2.0 2.0 2.0 2.0 2.0 -2.0 -1.0 -1.0 -1.0 -1.0 -1.0 -1.0 -1.0 -1.0 
0.0 0.0 0.0 0.0 0.0 0.0 0.0 0.0 0.0 0.0 2.0 2.0 2.0 2.0 2.0 2.0 1.0 -1.0 -1.0 -1.0 -1.0 -1.0 -1.0 -1.0 -1.0 
0.0 0.0 0.0 0.0 0.0 0.0 0.0 0.0 0.0 0.0 2.0 2.0 2.0 2.0 2.0 2.0 1.0 1.0 -1.0 -1.0 -1.0 -1.0 -1.0 -1.0 -1.0 
0.0 0.0 0.0 0.0 0.0 0.0 0.0 0.0 0.0 0.0 2.0 2.0 2.0 2.0 2.0 2.0 1.0 1.0 1.0 -1.0 -1.0 -1.0 -1.0 -1.0 -1.0 
0.0 0.0 0.0 0.0 0.0 0.0 0.0 0.0 0.0 0.0 2.0 2.0 2.0 2.0 2.0 2.0 1.0 1.0 1.0 1.0 -1.0 -1.0 -1.0 -1.0 -1.0 
0.0 0.0 0.0 0.0 0.0 0.0 0.0 0.0 0.0 0.0 2.0 2.0 2.0 2.0 2.0 2.0 1.0 1.0 1.0 1.0 1.0 -1.0 -1.0 -1.0 -1.0 
0.0 0.0 0.0 0.0 0.0 0.0 0.0 0.0 0.0 0.0 2.0 2.0 2.0 2.0 2.0 2.0 1.0 1.0 1.0 1.0 1.0 1.0 -1.0 -1.0 -1.0 
0.0 0.0 0.0 0.0 0.0 0.0 0.0 0.0 0.0 0.0 2.0 2.0 2.0 2.0 2.0 2.0 1.0 1.0 1.0 1.0 1.0 1.0 1.0 -1.0 -1.0 
0.0 0.0 0.0 0.0 0.0 0.0 0.0 0.0 0.0 0.0 2.0 2.0 2.0 2.0 2.0 2.0 1.0 1.0 1.0 1.0 1.0 1.0 1.0 1.0 -1.0 
0.0 0.0 0.0 0.0 0.0 0.0 0.0 0.0 0.0 0.0 2.0 2.0 2.0 2.0 2.0 1.0 1.0 1.0 1.0 1.0 1.0 1.0 1.0 1.0 1.0 
0.0 0.0 0.0 0.0 0.0 0.0 0.0 0.0 0.0 0.0 2.0 2.0 2.0 2.0 2.0 1.0 1.0 1.0 1.0 1.0 1.0 1.0 1.0 1.0 1.0 
0.0 0.0 0.0 0.0 0.0 0.0 0.0 0.0 0.0 0.0 2.0 2.0 2.0 2.0 2.0 1.0 1.0 1.0 1.0 1.0 1.0 1.0 1.0 1.0 1.0 
0.0 0.0 0.0 0.0 0.0 0.0 0.0 0.0 0.0 0.0 2.0 2.0 2.0 2.0 2.0 1.0 1.0 1.0 1.0 1.0 1.0 1.0 1.0 1.0 1.0 
0.0 0.0 0.0 0.0 0.0 0.0 0.0 0.0 0.0 0.0 2.0 2.0 2.0 2.0 2.0 1.0 1.0 1.0 1.0 1.0 1.0 1.0 1.0 1.0 1.0 

0.261269 0.597673 0.360771 0.106883 0.809815 0.182705 0.194761 0.450331 0.159471 0.617576 0.639205 0.859962 0.450198 0.769346 0.564987 0.221773 0.280730 0.755977 0.211881 0.959848 0.549600 0.416850 0.161130 0.137653 0.677662 
0.425009 0.486181 0.399276 0.700716 0.380304 0.494782 0.990001 0.350233 0.701068 0.832773 0.288955 0.873597 0.717738 0.698865 0.177070 0.952680 0.587600 0.674068 0.217994 0.430004 0.732384 0.668697 0.943887 0.954613 0.516773 
0.350658 0.243295 0.564531 0.027817 0.617475 0.666675 0.647707 0.648548 0.228814 0.975571 0.819432 0.558883 0.588586 0.347653 0.850800 0.486567 0.797421 0.797675 0.397642 0.532258 0.798999 0.683003 0.088052 0.825609 0.602505 
0.692633 0.869828 0.549918 0.199189 0.721733 0.217495 0.507402 0.466950 0.167418 0.443968 0.279149 0.712736 0.257666 0.696725 0.735752 0.546265 0.773689 0.030780 0.146060 0.064494 0.754964 0.243710 0.299609 0.386530 0.200153 
0.854262 0.158981 0.016453 0.038067 0.777713 0.541413 0.656726 0.491283 0.597723 0.169267 0.136176 0.056859 0.165428 0.802104 0.061203 0.966388 0.675457 0.313247 0.769326 0.249610 0.464581 0.736717 0.779080 0.979928 0.384264 
0.518108 0.313946 0.709768 0.244492 0.374038 0.919082 0.232254 0.367077 0.300458 0.991473 0.658923 0.405025 0.841234 0.997209 0.245912 0.148044 0.962059 0.046746 0.357867 0.588533 0.275044 0.985438 0.966161 0.713793 0.111992 
0.593637 0.682655 0.978746 0.163373 0.459852 0.071172 0.261360 0.596822 0.302907 0.397271 0.800029 0.098568 0.130574 0.739937 0.340200 0.668440 0.729638 0.201404 0.058461 0.453338 0.607953 0.008331 0.035086 0.421705 0.393650 
0.683528 0.246832 0.014115 0.520615 0.741461 0.021593 0.440522 0.061053 0.366855 0.002538 0.635025 0.881836 0.582658 0.041895 0.442834 0.862100 0.740934 0.584311 0.823095 0.313698 0.872003 0.241381 0.255040 0.899801 0.172794 
0.130584 0.569411 0.869784 0.742817 0.831481 0.298710 0.140052 0.054786 0.266697 0.328706 0.020084 0.037111 0.041037 0.288356 0.772948 0.057078 0.824825 0.643221 0.291079 0.379984 0.236749 0.513650 0.845700 0.907372 0.897755 
0.416687 0.525962 0.668910 0.538171 0.750625 0.800267 0.499553 0.681001 0.364047 0.579734 0.460884 0.565274 0.493451 0.019764 0.726070 0.030237 0.168763 0.724451 0.331326 0.546501 0.584651 0.993408 0.871250 0.966344 0.531761 
0.916028 0.425388 0.930711 0.195320 0.748990 0.919649 0.742097 0.025750 0.401201 0.131753 0.502686 0.397691 0.304369 0.501765 0.190399 0.918069 0.096976 0.792525 0.502345 0.086326 0.005906 0.489421 0.649225 0.387207 0.003789 
0.001009 0.126562 0.158811 0.695469 0.952884 0.212272 0.744538 0.011937 0.324703 0.695795 0.644339 0.639652 0.352805 0.933121 0.424600 0.503001 0.484020 0.841447 0.148582 0.207939 0.800930 0.721106 0.326134 0.757988 0.469136 
0.856214 0.480665 0.791328 0.429003 0.254582 0.893519 0.416503 0.009218 0.504224 0.266394 0.593522 0.667084 0.637878 0.978553 0.755898 0.959850 0.357323 0.485809 0.605335 0.355949 0.223677 0.551006 0.667765 0.399304 0.338584 
0.262385 0.799890 0.710098 0.338300 0.300342 0.080742 0.052446 0.589727 0.596068 0.974870 0.910151 0.953304 0.921161 0.617207 0.330053 0.988457 0.274303 0.959136 0.620507 0.776139 0.135171 0.608102 0.693640 0.221600 0.535592 
0.916114 0.436662 0.872615 0.942399 0.128338 0.919488 0.410214 0.211002 0.209443 0.828371 0.925277 0.454265 0.806803 0.223306 0.498505 0.302714 0.115913 0.868510 0.932316 0.323414 0.457760 0.290803 0.092282 0.738391 0.989869 
0.883211 0.565690 0.520043 0.982125 0.633565 0.210908 0.383994 0.877679 0.356681 0.855836 0.018889 0.857765 0.673806 0.222107 0.543263 0.921594 0.650620 0.875955 0.140830 0.167643 0.256715 0.889542 0.783901 0.703189 0.493571 
0.386556 0.420115 0.003256 0.037076 0.335633 0.740012 0.299256 0.360023 0.594761 0.855819 0.514109 0.718633 0.995200 0.124701 0.307191 0.941262 0.194632 0.360622 0.079665 0.325798 0.249532 0.605644 0.690433 0.738759 0.806035 
0.186494 0.617975 0.264206 0.950751 0.683615 0.332569 0.045918 0.033092 0.543962 0.826960 0.341242 0.246811 0.680522 0.477213 0.740232 0.788791 0.342269 0.963397 0.769905 0.584267 0.636980 0.097042 0.561787 0.695331 0.413277 
0.447966 0.668940 0.349745 0.855597 0.442846 0.617035 0.178774 0.662194 0.550503 0.439391 0.210033 0.958793 0.364621 0.977257 0.166371 0.648818 0.362195 0.755292 0.871920 0.776191 0.561108 0.959937 0.172707 0.462123 0.787853 
0.201314 0.160076 0.963682 0.455016 0.768406 0.536834 0.722947 0.449565 0.747235 0.469050 0.388896 0.362667 0.062876 0.544500 0.926857 0.231518 0.152805 0.864681 0.103400 0.019911 0.463131 0.878504 0.973666 0.248731 0.330785 
0.157071 0.960578 0.005917 0.408816 0.995663 0.042686 0.046451 0.006347 0.275113 0.294071 0.411109 0.020061 0.705210 0.339858 0.769539 0.874519 0.906931 0.832604 0.519910 0.396019 0.420120 0.394431 0.769627 0.437286 0.982401 
0.585645 0.269884 0.129233 0.710596 0.019676 0.959435 0.343463 0.856162 0.833485 0.940666 0.169475 0.279621 0.323152 0.879039 0.474976 0.311161 0.367608 0.156000 0.130273 0.828268 0.775810 0.550573 0.978730 0.616220 0.164744 
0.699046 0.470014 0.163911 0.329032 0.212169 0.004761 0.872132 0.577954 0.898283 0.004935 0.518214 0.335372 0.690088 0.749014 0.050445 0.815808 0.915396 0.829491 0.998339 0.287572 0.884883 0.270041 0.776018 0.424409 0.879570 
0.534283 0.129397 0.678341 0.227435 0.187754 0.692239 0.231674 0.754801 0.140550 0.815919 0.667644 0.561914 0.185736 0.297907 0.343314 0.293553 0.072380 0.322707 0.874380 0.619685 0.038328 0.513290 0.748588 0.555995 0.104063 
0.438929 0.743152 0.635813 0.898831 0.037242 0.921788 0.464498 0.057262 0.418018 0.131819 0.816534 0.525783 0.586480 0.075359 0.639317 0.985170 0.843654 0.553066 0.537749 0.453179 0.145345 0.601770 0.073509 0.238854 0.664771 

0.043956 -0.116674 0.351163 0.205661 -1.304549 -0.332636 -0.195671 -0.847532 -0.010308 -0.948519 -1.258494 -1.274806 -1.038322 -1.495534 -1.157640 -0.666942 -0.162822 -1.406206 -0.887035 -1.937652 -1.256095 -1.368363 0.026507 -0.449201 -1.536536 
-0.028419 0.074789 -0.193623 0.017293 -0.036470 -0.745495 -1.897992 -0.881262 -1.475279 -1.640231 -0.732028 -1.709674 -1.229549 -1.206770 -0.366876 -2.180651 -1.204567 -1.517406 -0.106153 -0.983589 -1.615596 -1.157046 -2.117551 -2.024856 -1.309085 
-0.503088 0.114981 0.012908 0.072248 0.484442 0.211851 -1.258376 -1.233325 -0.543400 -2.153715 -1.736231 -0.817999 -1.006479 -0.696135 -1.949903 -0.933763 -1.395165 -1.513496 -1.104567 -0.971376 -1.390775 -1.205262 -0.338971 -1.475412 -1.206174 
-0.070910 -0.633414 0.071115 0.003337 0.000495 -0.147528 -0.081817 -0.948821 -0.477548 -0.518435 -0.599423 -1.373176 -0.532519 -1.280402 -1.583801 -1.291820 -1.622048 0.084031 -0.051508 -0.455140 -1.655980 -0.645375 -0.343308 -1.045537 -0.408607 
0.120594 0.271646 -0.232869 0.079784 0.204648 -0.181747 -0.107846 0.236551 -1.335928 -0.264772 -0.473113 0.183721 -0.353277 -1.740258 -0.071562 -1.905026 -1.621781 -0.332661 -1.495306 -0.879141 -0.876882 -1.589406 -1.266093 -2.076731 -0.910342 
0.168099 -0.277228 -0.049617 -0.015736 -0.113577 -0.013510 -0.209824 0.018644 -0.760478 -2.156601 -1.123845 -0.955063 -1.410338 -2.142020 -0.380941 0.151539 -1.882811 -0.026588 -0.445807 -1.399570 -0.641919 -1.643628 -2.261106 -1.060329 -0.176043 
0.058727 0.327248 0.300076 0.254713 0.060594 -0.366534 0.107197 -0.052876 0.033662 -0.667992 -1.541873 -0.491521 -0.290678 -1.757626 -0.841326 -1.451469 -1.075538 -0.482874 -0.251622 -0.922624 -0.954147 0.062207 0.111695 -0.886186 -0.677388 
0.143407 0.233803 -0.003296 0.029946 -0.090008 0.016223 -0.204048 0.217344 0.292316 0.238852 1.348527 -1.644681 -1.143196 -0.244771 -0.788280 -1.655140 -1.581640 -1.089085 -1.871066 -0.686726 -1.828117 -0.552498 -0.514832 -1.530586 -0.592308 
0.193505 -0.305620 0.095528 -0.002409 -0.046354 0.097791 -0.330763 0.133994 0.142399 0.009899 0.112131 0.025125 0.070274 -0.570997 -1.526948 0.047739 -2.079634 -1.175825 -0.222705 -0.725953 -0.600228 -1.114714 -1.669700 -1.708372 -2.044414 
0.025171 -0.102110 0.023945 0.041423 0.197086 -0.033869 0.070175 0.298868 0.034960 -0.091647 0.944322 1.134885 1.037635 -0.109174 -1.355004 -0.451592 -0.153025 -1.273325 -0.502705 -0.999805 -1.324533 -2.183183 -1.673416 -0.915280 -0.490625 
-0.206587 -0.252930 -0.077659 -0.210682 -0.024910 0.099851 -0.121092 0.040252 -0.136391 0.098871 1.388460 0.567425 0.371360 0.614328 0.201905 -1.695706 -0.073915 -1.771263 -1.190017 0.211690 0.000354 -0.731966 -1.057947 -0.524516 -0.028247 
-0.217335 0.145484 0.073615 0.045673 0.082209 0.096058 -0.316243 -0.083216 -0.048949 0.196163 1.240829 1.210392 0.750656 1.781735 0.546726 0.899725 -1.029542 -0.903478 0.142335 -0.118175 -0.537095 -0.383663 -0.070471 -0.902230 -0.207235 
-0.395112 0.411202 -0.154621 -0.315916 0.222275 0.098545 -0.314797 0.221940 -0.145552 0.097249 1.081665 1.374740 1.594497 1.812409 1.352269 1.920747 0.363532 -0.780533 -0.453722 0.112882 -0.467648 -0.871053 -0.820110 -0.331003 -0.470557 
0.038058 -0.072149 -0.339041 0.036520 -0.086364 0.208552 -0.026640 -0.077912 0.123955 0.169777 1.526308 1.619398 1.720624 1.223542 1.005712 2.371540 0.519328 1.212759 -0.573468 -0.674034 -0.030869 -0.505408 -0.569562 -0.063442 -0.626006 
-0.015790 0.185524 0.178862 -0.028091 0.061339 -0.264014 0.144854 0.142014 -0.077049 0.143981 1.765057 0.936714 1.372116 0.396674 1.376106 0.906558 0.082731 0.893438 0.956909 -0.171037 -0.543832 -0.179641 -0.150697 -0.539248 -0.877948 
-0.487172 -0.272414 -0.071125 -0.058674 -0.035599 0.191900 0.092317 0.133754 -0.127375 0.172616 -0.187536 1.461992 1.413421 0.607520 1.279863 1.681519 0.451725 0.961401 0.318967 0.763670 -0.425604 -0.733932 -0.775847 -0.670380 -0.592383 
0.090097 -0.013358 0.280658 -0.127868 -0.082698 0.169033 -0.084520 -0.088276 0.250510 -0.068414 1.152822 1.742971 1.776010 0.028632 0.824889 1.974778 0.432909 0.156311 -0.009812 0.020146 0.235714 -1.041179 -0.824771 -0.311061 -0.467864 
-0.195903 -0.199202 -0.115616 0.042114 0.163220 -0.019233 -0.113394 0.004910 0.074217 0.014814 0.541330 0.603818 1.353130 1.060598 1.588581 0.992861 0.650848 1.165702 0.583588 0.469685 0.627673 0.202442 -0.570276 -0.686715 -0.177848 
0.112974 -0.211025 -0.112408 -0.000428 -0.435871 -0.065077 0.079585 -0.215504 -0.100654 -0.089934 0.518168 2.068973 0.612814 1.929530 0.341442 1.392998 0.096575 0.834278 0.877049 0.639014 0.639127 1.034794 -0.027518 -0.239010 -0.989137 
-0.056420 -0.241120 0.049419 -0.079163 0.142632 0.419421 0.141249 0.212253 0.017731 -0.450785 0.629047 0.869214 -0.034560 0.790363 1.848578 0.734495 0.250281 0.933604 0.107513 -0.410210 0.128755 0.903285 0.892590 -0.156856 0.058602 
-0.269995 0.236423 -0.165878 0.021350 0.143742 0.145536 -0.073951 -0.336541 -0.016096 -0.016682 0.848372 0.051004 1.277220 0.397183 1.553314 0.839699 0.701233 0.886983 0.623203 0.359096 0.297342 0.644999 0.891645 0.566243 0.983230 
-0.027556 -0.019481 0.119525 -0.077102 -0.202683 -0.192789 -0.018655 -0.303035 -0.085469 -0.375581 0.201747 0.515994 0.454079 1.420963 1.147743 0.217680 0.161081 0.368285 -0.032213 0.795585 0.923178 0.826127 0.928687 0.735045 0.155024 
-0.184238 -0.023041 -0.157269 -0.059221 0.165129 0.079431 0.239335 0.293109 -0.084315 -0.089493 0.905950 0.731643 1.041764 1.321229 0.344796 0.728153 1.082321 1.080962 1.186956 0.319876 0.930158 0.056023 0.810032 0.579554 1.194193 
0.246576 0.132355 0.380583 -0.016052 -0.171747 -0.003952 0.047132 -0.156797 0.192836 0.171135 1.316383 0.872739 0.413694 0.504036 0.649658 0.474887 0.055438 -0.418626 0.499119 0.625616 -0.090579 0.734781 0.313863 0.593715 0.105003 
0.147540 0.126299 -0.282661 -0.167276 0.274171 -0.262516 -0.068044 -0.188806 -0.225884 -0.082925 1.438958 1.178343 1.211161 0.026615 1.213163 0.992679 0.456975 0.332899 0.558815 0.321875 0.224823 0.708980 0.111366 0.532557 0.310126 
