1.0 1.0 1.0 1.0 1.0 1.0 1.0 1.0 1.0 1.0 1.0 2.0 2.0 2.0 2.0 2.0 2.0 2.0 2.0 2.0 2.0 2.0 2.0 2.0 2.0 
1.0 1.0 1.0 1.0 1.0 1.0 1.0 1.0 1.0 1.0 1.0 1.0 2.0 2.0 2.0 2.0 2.0 2.0 2.0 2.0 2.0 2.0 2.0 2.0 2.0 
1.0 1.0 1.0 1.0 1.0 1.0 1.0 1.0 1.0 1.0 1.0 1.0 2.0 2.0 2.0 2.0 2.0 2.0 2.0 2.0 2.0 2.0 2.0 2.0 2.0 
1.0 1.0 1.0 1.0 1.0 1.0 1.0 1.0 1.0 1.0 1.0 1.0 2.0 2.0 2.0 2.0 2.0 2.0 2.0 2.0 2.0 2.0 2.0 2.0 2.0 
1.0 1.0 1.0 1.0 1.0 1.0 1.0 1.0 1.0 1.0 1.0 1.0 2.0 2.0 2.0 2.0 2.0 2.0 2.0 2.0 2.0 2.0 2.0 2.0 2.0 
1.0 1.0 1.0 1.0 1.0 1.0 1.0 1.0 1.0 1.0 1.0 1.0 1.0 2.0 2.0 2.0 2.0 2.0 2.0 2.0 2.0 2.0 2.0 2.0 2.0 
1.0 1.0 1.0 1.0 1.0 1.0 1.0 1.0 1.0 1.0 1.0 1.0 1.0 2.0 2.0 2.0 2.0 2.0 2.0 2.0 2.0 2.0 2.0 2.0 2.0 
1.0 1.0 1.0 1.0 1.0 1.0 1.0 1.0 1.0 1.0 1.0 1.0 1.0 2.0 2.0 2.0 2.0 2.0 2.0 2.0 2.0 2.0 2.0 2.0 2.0 
-2.0 -2.0 1.0 1.0 1.0 1.0 1.0 1.0 1.0 1.0 1.0 1.0 1.0 1.0 2.0 2.0 2.0 2.0 2.0 2.0 2.0 2.0 2.0 2.0 2.0 
-2.0 -2.0 -2.0 1.0 1.0 1.0 1.0 1.0 1.0 1.0 1.0 1.0 1.0 1.0 2.0 2.0 2.0 2.0 2.0 2.0 2.0 2.0 2.0 2.0 2.0 
-2.0 -2.0 -2.0 -2.0 1.0 1.0 1.0 1.0 1.0 1.0 1.0 1.0 1.0 1.0 2.0 2.0 2.0 2.0 2.0 2.0 2.0 2.0 2.0 0.0 0.0 
-2.0 -2.0 -2.0 -2.0 -2.0 1.0 1.0 1.0 1.0 1.0 1.0 1.0 1.0 1.0 2.0 2.0 2.0 0.0 0.0 0.0 0.0 0.0 0.0 0.0 0.0 
-2.0 -2.0 -2.0 -2.0 -2.0 -2.0 -2.0 1.0 1.0 1.0 1.0 1.0 1.0 1.0 0.0 0.0 0.0 0.0 0.0 0.0 0.0 0.0 0.0 0.0 0.0 
-2.0 -2.0 -2.0 -2.0 -2.0 -2.0 -2.0 -2.0 1.0 1.0 1.0 1.0 1.0 0.0 0.0 0.0 0.0 0.0 0.0 0.0 0.0 0.0 0.0 0.0 0.0 
-2.0 -2.0 -2.0 -2.0 -2.0 -2.0 -2.0 -2.0 -1.0 -1.0 -1.0 -1.0 0.0 0.0 0.0 0.0 0.0 0.0 0.0 0.0 0.0 0.0 0.0 0.0 0.0 
-2.0 -2.0 -2.0 -2.0 -2.0 -2.0 -2.0 -2.0 -1.0 -1.0 -1.0 -1.0 0.0 0.0 0.0 0.0 0.0 0.0 0.0 0.0 0.0 0.0 0.0 0.0 0.0 
-2.0 -2.0 -2.0 -2.0 -2.0 -2.0 -2.0 -1.0 -1.0 -1.0 -1.0 -1.0 -1.0 0.0 0.0 0.0 0.0 0.0 0.0 0.0 0.0 0.0 0.0 0.0 0.0 
-2.0 -2.0 -2.0 -2.0 -2.0 -2.0 -1.0 -1.0 -1.0 -1.0 -1.0 -1.0 -1.0 0.0 0.0 0.0 0.0 0.0 0.0 0.0 0.0 0.0 0.0 0.0 0.0 
-2.0 -2.0 -2.0 -2.0 -2.0 -2.0 -1.0 -1.0 -1.0 -1.0 -1.0 -1.0 -1.0 0.0 0.0 0.0 0.0 0.0 0.0 0.0 0.0 0.0 0.0 0.0 0.0 
-2.0 -2.0 -2.0 -2.0 -2.0 -1.0 -1.0 -1.0 -1.0 -1.0 -1.0 -1.0 -1.0 -1.0 0.0 0.0 0.0 0.0 0.0 0.0 0.0 0.0 0.0 0.0 0.0 
-2.0 -2.0 -2.0 -2.0 -1.0 -1.0 -1.0 -1.0 -1.0 -1.0 -1.0 -1.0 -1.0 -1.0 0.0 0.0 0.0 0.0 0.0 0.0 0.0 0.0 0.0 0.0 0.0 
-2.0 -2.0 -2.0 -2.0 -1.0 -1.0 -1.0 -1.0 -1.0 -1.0 -1.0 -1.0 -1.0 -1.0 0.0 0.0 0.0 0.0 0.0 0.0 0.0 0.0 0.0 0.0 0.0 
-2.0 -2.0 -2.0 -1.0 -1.0 -1.0 -1.0 -1.0 -1.0 -1.0 -1.0 -1.0 -1.0 -1.0 -1.0 0.0 0.0 0.0 0.0 0.0 0.0 0.0 0.0 0.0 0.0 
-2.0 -2.0 -1.0 -1.0 -1.0 -1.0 -1.0 -1.0 -1.0 -1.0 -1.0 -1.0 -1.0 -1.0 -1.0 0.0 0.0 0.0 0.0 0.0 0.0 0.0 0.0 0.0 0.0 
-2.0 -2.0 -1.0 -1.0 -1.0 -1.0 -1.0 -1.0 -1.0 -1.0 -1.0 -1.0 -1.0 -1.0 -1.0 0.0 0.0 0.0 0.0 0.0 0.0 0.0 0.0 0.0 0.0 

0.881501 0.219270 0.836243 0.077460 0.730742 0.710587 0.142326 0.484183 0.697281 0.237253 0.953710 0.917564 0.342035 0.208641 0.152057 0.620047 0.009508 0.191623 0.970762 0.784339 0.821181 0.744977 0.125159 0.799574 0.564469 
0.811058 0.830616 0.407745 0.461330 0.907731 0.216695 0.366860 0.873229 0.679964 0.913280 0.270238 0.400869 0.984372 0.728607 0.953614 0.309748 0.294369 0.968978 0.881146 0.288901 0.045981 0.715204 0.824482 0.207210 0.745868 
0.461787 0.767678 0.312368 0.849669 0.005056 0.891108 0.119596 0.938854 0.567375 0.630937 0.231927 0.639047 0.182904 0.506318 0.443979 0.323507 0.394855 0.787664 0.210338 0.187027 0.675600 0.982049 0.268480 0.731664 0.790892 
0.271032 0.171735 0.900209 0.257590 0.449075 0.981458 0.137778 0.250141 0.815555 0.912076 0.782066 0.963496 0.274125 0.894168 0.678335 0.544060 0.762531 0.085759 0.066226 0.537772 0.426413 0.190157 0.389920 0.731125 0.479384 
0.186083 0.487340 0.045285 0.601724 0.539678 0.412455 0.731045 0.646988 0.469767 0.717869 0.254714 0.570894 0.557776 0.343304 0.195148 0.508856 0.410972 0.568635 0.752586 0.398486 0.668124 0.786272 0.805852 0.190742 0.772637 
0.379086 0.753095 0.351585 0.536045 0.021975 0.415273 0.301893 0.086348 0.795656 0.581951 0.835947 0.062757 0.187639 0.347205 0.510656 0.007347 0.819026 0.652776 0.707337 0.328485 0.163122 0.261817 0.121376 0.265617 0.683654 
0.930957 0.334396 0.443436 0.041856 0.525352 0.747034 0.511599 0.102480 0.320681 0.359876 0.086756 0.276145 0.512663 0.831566 0.647642 0.943348 0.830872 0.678417 0.160861 0.146784 0.203193 0.925228 0.941966 0.175567 0.254821 
0.127108 0.417203 0.837785 0.829551 0.931379 0.613187 0.567234 0.917576 0.043633 0.741024 0.475719 0.461164 0.729126 0.751275 0.821842 0.090272 0.114020 0.185592 0.427594 0.103750 0.793042 0.501805 0.929124 0.205806 0.326132 
0.782203 0.749974 0.146401 0.104779 0.737919 0.104384 0.057521 0.193476 0.209250 0.765107 0.578715 0.273259 0.163224 0.118408 0.787968 0.606843 0.256726 0.894823 0.173668 0.456053 0.793427 0.095920 0.045248 0.615075 0.387689 
0.652887 0.972498 0.434682 0.087036 0.074336 0.015338 0.734125 0.403526 0.638314 0.001978 0.762680 0.019344 0.618405 0.877870 0.122260 0.051697 0.403864 0.881640 0.161949 0.842612 0.818540 0.735364 0.000199 0.546967 0.112328 
0.330893 0.439783 0.547967 0.018633 0.453009 0.569258 0.769334 0.180895 0.853754 0.458121 0.582103 0.918523 0.108809 0.953557 0.034439 0.854679 0.532075 0.622771 0.360538 0.309796 0.520254 0.698731 0.476358 0.495254 0.788283 
0.357783 0.669990 0.664255 0.425726 0.020706 0.408118 0.728862 0.859859 0.259642 0.466911 0.697591 0.255392 0.636205 0.867008 0.107764 0.443033 0.853783 0.307170 0.954768 0.918920 0.488488 0.266683 0.827565 0.763960 0.581234 
0.175622 0.171665 0.558238 0.651342 0.532692 0.231488 0.717212 0.051134 0.461359 0.366120 0.531623 0.723856 0.749442 0.519381 0.716583 0.193162 0.125870 0.239380 0.125538 0.766013 0.144740 0.737440 0.163961 0.628348 0.701509 
0.923753 0.112018 0.544606 0.663602 0.507633 0.665623 0.571881 0.244739 0.890069 0.508730 0.621796 0.593495 0.906852 0.436403 0.506733 0.375304 0.579835 0.836599 0.087899 0.007422 0.175202 0.468742 0.822126 0.044267 0.655605 
0.028986 0.498175 0.416289 0.750175 0.968392 0.234124 0.643723 0.019470 0.521222 0.417884 0.265550 0.298557 0.196527 0.661209 0.310363 0.403711 0.310463 0.375804 0.886923 0.454403 0.145156 0.245849 0.602037 0.291273 0.771613 
0.524261 0.686342 0.148683 0.970092 0.533536 0.868865 0.322202 0.291733 0.066708 0.583678 0.441999 0.995101 0.676479 0.357429 0.675305 0.867430 0.823398 0.445951 0.997048 0.042271 0.821559 0.168683 0.364881 0.039526 0.845318 
0.094655 0.815028 0.380815 0.189429 0.484007 0.578593 0.552367 0.646409 0.591559 0.236105 0.579817 0.101764 0.394334 0.258918 0.280903 0.625600 0.868412 0.697826 0.331506 0.983020 0.551964 0.809982 0.761426 0.024842 0.219787 
0.040549 0.659608 0.944129 0.694277 0.389082 0.711668 0.715944 0.248557 0.089736 0.937453 0.312695 0.383962 0.438894 0.959550 0.233034 0.481742 0.733376 0.485917 0.585371 0.362850 0.346672 0.774023 0.880554 0.178691 0.629206 
0.109604 0.471732 0.670839 0.734723 0.496990 0.378485 0.226363 0.497096 0.352389 0.033619 0.910732 0.820320 0.170313 0.242025 0.992864 0.729145 0.982246 0.904001 0.278868 0.105127 0.565723 0.213108 0.233846 0.654192 0.147844 
0.402386 0.861317 0.049436 0.213888 0.231695 0.875186 0.145694 0.582325 0.652536 0.050386 0.839134 0.906674 0.002290 0.217418 0.549306 0.398092 0.761106 0.650705 0.954743 0.636319 0.810616 0.082493 0.345014 0.496931 0.160759 
0.645389 0.137725 0.945673 0.314827 0.748914 0.963937 0.173387 0.025528 0.321005 0.246486 0.554444 0.164742 0.637176 0.322003 0.470408 0.064076 0.423472 0.753865 0.507677 0.982477 0.734370 0.495751 0.530535 0.640483 0.544641 
0.708156 0.306080 0.899895 0.056190 0.357725 0.890198 0.785320 0.101713 0.750580 0.438782 0.596979 0.860129 0.062331 0.630829 0.260127 0.954341 0.460614 0.132714 0.411881 0.163623 0.520608 0.936706 0.014675 0.650690 0.038869 
0.024986 0.457438 0.896353 0.037472 0.778448 0.764581 0.916860 0.174333 0.696716 0.794084 0.064559 0.203272 0.843576 0.689615 0.833321 0.563783 0.149612 0.082316 0.050181 0.403858 0.328246 0.377410 0.735802 0.602420 0.290868 
0.528522 0.405170 0.204958 0.532583 0.117772 0.624174 0.596833 0.403642 0.397552 0.627769 0.825864 0.723683 0.244680 0.705617 0.555770 0.446710 0.578268 0.504886 0.018560 0.770976 0.169075 0.040505 0.116032 0.689314 0.099003 
0.103469 0.302388 0.701499 0.868158 0.406424 0.108217 0.113284 0.749002 0.996696 0.626428 0.735626 0.622393 0.475218 0.897399 0.115044 0.293589 0.917010 0.556207 0.650014 0.066461 0.198562 0.006565 0.494960 0.319432 0.799084 

0.877708 0.186525 0.923476 0.015671 0.759832 0.713481 0.022280 0.639033 0.390820 0.552561 1.111020 1.924597 0.609386 0.155701 0.259832 1.192082 -0.048750 0.747033 1.914492 1.793616 1.471814 1.406290 0.380020 1.539761 1.042335 
0.947924 1.054104 0.583437 0.208170 1.129598 0.448818 0.447670 0.680500 0.854333 1.034784 0.447039 0.524579 2.185286 1.728921 1.884451 0.777809 0.641443 2.026476 1.957800 0.799138 0.139197 1.429478 1.999945 0.598613 1.470182 
0.160408 0.459145 0.433018 1.074990 -0.190359 0.749075 0.208221 0.907729 0.398179 0.673243 0.272206 0.552572 -0.250708 1.031170 1.150412 0.137304 0.894423 1.431907 0.518635 0.732752 1.429222 1.943937 0.377606 1.173876 1.760776 
-0.019377 0.514923 1.048192 0.247242 0.506412 0.805248 0.071224 0.406125 0.784556 0.564744 1.018876 0.678955 0.568116 1.735403 1.524182 1.009358 1.365791 0.172071 -0.089215 0.873977 0.919952 0.175019 1.167650 1.616525 1.153504 
0.075624 0.280137 0.099137 0.531144 0.292275 0.283402 0.938390 0.653905 0.403011 0.462648 0.246336 0.456420 1.314712 0.696012 0.727406 1.138688 0.808490 1.013650 2.116902 0.936599 1.328820 1.868622 1.481061 0.452406 1.387060 
0.178400 1.021446 0.422350 0.585605 0.144254 0.664459 0.255480 -0.105372 0.903283 0.392295 1.049779 0.182710 0.006026 0.856206 0.788926 -0.018907 1.889778 0.750022 1.320956 0.488083 0.289015 0.668690 0.012068 0.398487 1.219681 
1.037011 0.500631 0.609719 -0.160726 0.448077 0.228121 0.486423 0.140245 0.318723 0.421799 0.242027 0.113062 0.591700 1.704035 1.383543 2.131494 1.581410 1.330093 0.385466 0.596812 0.684464 1.840433 1.773608 0.274500 0.782237 
0.151061 0.333173 0.806595 0.664195 0.996508 0.664550 0.526152 0.590109 0.069885 1.012603 0.676207 0.032660 0.568589 1.254971 1.634707 0.360180 0.386574 0.451831 0.943440 0.230235 1.914105 0.924081 2.076831 0.046277 0.706867 
-1.580678 -1.095631 0.351491 -0.037806 0.707566 0.180185 -0.132925 0.183325 0.106211 0.647765 0.550109 0.231028 0.226916 0.185871 1.872395 1.053620 0.478535 1.605747 0.270299 0.500262 1.752002 0.421446 0.324567 1.267984 0.583611 
-0.858733 -1.679186 -0.797996 0.221823 0.305239 -0.003882 0.632434 0.571793 0.416167 0.433204 0.642777 0.462425 0.563655 0.750020 0.154238 -0.210273 0.364043 1.952144 0.541994 1.289658 1.346395 1.802141 -0.344099 1.238968 0.252718 
-0.313064 -0.721285 -0.829577 0.078123 0.136584 0.335894 0.862683 0.371056 0.807064 0.494117 0.751888 1.185149 0.263234 0.949955 0.202256 1.627919 0.873728 1.616832 0.917298 0.760019 1.336751 1.565664 1.168904 -0.330479 0.517929 
-0.834472 -0.961756 -1.565951 -0.918267 -0.025319 0.549438 0.520242 0.555447 0.330805 0.839584 0.435236 0.408888 0.392693 0.994212 0.422634 0.916939 1.587371 -0.017412 -0.104629 -0.105860 -0.004559 0.154040 0.092975 0.107097 -0.278179 
-0.143520 -0.515116 -1.401109 -1.219527 -1.240004 -0.745688 -1.194639 -0.284929 0.215835 0.440627 0.445045 1.124959 0.548387 0.830710 -0.095819 -0.050991 -0.251937 0.244576 0.055907 -0.069023 -0.047772 -0.124684 -0.186037 0.210880 0.088694 
-2.140458 -0.381867 -1.190993 -1.450358 -1.010870 -1.527409 -0.856755 -0.639583 0.678382 0.620669 0.768526 0.886889 0.728799 -0.039440 -0.001724 -0.047683 -0.150333 0.387049 0.122108 -0.380820 -0.170377 0.019077 0.066058 -0.256460 -0.472425 
-0.251379 -0.910475 -0.859820 -1.523783 -2.237564 -0.785762 -1.536409 0.086369 -0.454573 -0.594517 -0.465490 -0.234120 -0.138725 0.172491 -0.183432 0.315694 0.101505 -0.030800 0.145066 -0.095342 0.339417 0.235559 0.111203 0.257654 -0.109405 
-0.948903 -1.299199 -0.364945 -2.106377 -0.858352 -1.555997 -0.625180 -0.398744 0.438978 -0.667791 -0.169126 -0.858142 -0.347904 -0.261768 0.015661 -0.178925 0.106457 -0.081257 -0.010999 0.054211 0.148600 -0.130421 -0.137073 -0.105519 -0.002775 
0.251755 -1.671998 -0.760345 -0.568351 -1.000595 -1.365167 -1.376241 -0.878994 -1.018321 -0.108193 -0.655194 0.280539 -0.111049 0.108954 0.384997 0.231512 -0.164921 -0.177968 -0.242706 0.290675 0.018034 -0.065516 0.075176 -0.184270 -0.061786 
-0.355557 -1.352666 -1.963780 -1.130320 -0.998948 -1.736877 -1.030128 -0.161298 -0.063922 -0.908555 -0.302425 -0.332962 -0.603270 0.018434 0.074262 0.116213 -0.343788 0.110592 0.017887 -0.270235 0.151561 -0.012806 -0.094281 -0.195466 0.276074 
0.067890 -0.648723 -1.531312 -1.445670 -1.167741 -0.784855 -0.034771 -0.416546 -0.506355 0.163639 -0.990727 -0.471041 -0.599221 -0.003870 -0.098661 -0.068957 -0.240158 -0.154790 -0.299098 -0.062429 0.054308 -0.349376 0.020066 0.116964 0.235171 
-0.891737 -1.672375 -0.198771 -0.507391 -0.221395 -0.549405 -0.026527 -0.465714 -0.532278 0.049146 -1.233781 -0.998710 -0.412296 -0.183488 0.102711 -0.028813 0.202942 0.128831 -0.409493 0.105283 -0.114461 -0.034092 0.089225 0.271303 0.286629 
-1.190853 -0.220539 -1.940784 -0.770135 -0.797548 -1.007727 -0.517566 0.378649 -0.452759 -0.105179 -0.376931 -0.339590 -0.173387 -0.171193 -0.319590 -0.290390 -0.183273 0.034406 -0.230983 0.059636 0.325058 0.211793 -0.365215 0.464747 -0.426240 
-1.443874 -0.368329 -1.728509 0.143078 -0.119037 -0.862929 -0.508938 -0.280297 -0.654925 -0.596263 -0.291377 -0.838332 -0.246052 -0.804655 -0.344055 -0.088652 -0.219521 -0.013482 0.158904 -0.174508 0.219235 0.161655 0.166764 -0.142311 -0.020451 
0.212877 -0.866216 -1.878619 -0.175094 -0.717481 -1.046625 -0.918908 0.389576 -0.605062 -0.804478 0.028403 -0.350576 -0.906870 -0.532727 -0.855477 0.330521 0.128951 0.011257 -0.071264 -0.248307 -0.278514 -0.170979 0.189595 0.167675 -0.110255 
-1.186010 -0.854990 -0.551497 -0.531465 0.244603 -0.659007 -0.848405 -0.199042 -0.353922 -1.051723 -1.087182 -0.837543 0.027707 -0.381948 -0.887225 -0.224767 0.171966 -0.319732 0.488287 -0.154117 -0.231939 0.122694 -0.229388 0.029082 -0.027302 
-0.361512 -0.114020 -0.659669 -1.102884 -0.311330 0.006487 -0.001568 -0.817297 -0.899547 -0.455342 -0.601965 -0.622354 -0.559780 -0.706194 -0.230986 -0.026371 0.319120 0.096835 -0.209721 0.119853 -0.293393 0.004085 0.143955 0.272463 0.059837 
