2.0 2.0 2.0 2.0 2.0 2.0 2.0 2.0 2.0 2.0 2.0 2.0 2.0 2.0 2.0 2.0 2.0 1.0 1.0 1.0 1.0 1.0 1.0 1.0 1.0 
2.0 2.0 2.0 2.0 2.0 2.0 2.0 2.0 2.0 2.0 2.0 2.0 2.0 2.0 2.0 2.0 2.0 1.0 1.0 1.0 1.0 1.0 1.0 1.0 1.0 
2.0 2.0 2.0 2.0 2.0 2.0 2.0 2.0 2.0 2.0 2.0 2.0 2.0 2.0 2.0 2.0 1.0 1.0 1.0 1.0 1.0 1.0 1.0 1.0 1.0 
2.0 2.0 2.0 2.0 2.0 2.0 2.0 2.0 2.0 2.0 2.0 2.0 2.0 2.0 2.0 2.0 1.0 1.0 1.0 1.0 1.0 1.0 1.0 1.0 1.0 
0.0 2.0 2.0 2.0 2.0 2.0 2.0 2.0 2.0 2.0 2.0 2.0 2.0 2.0 2.0 2.0 1.0 1.0 1.0 1.0 1.0 1.0 1.0 1.0 1.0 
0.0 0.0 2.0 2.0 2.0 2.0 2.0 2.0 2.0 2.0 2.0 2.0 2.0 2.0 2.0 2.0 1.0 1.0 1.0 1.0 1.0 1.0 1.0 1.0 1.0 
0.0 0.0 0.0 2.0 2.0 2.0 2.0 2.0 2.0 2.0 2.0 2.0 2.0 2.0 2.0 1.0 1.0 1.0 1.0 1.0 1.0 1.0 1.0 1.0 1.0 
0.0 0.0 0.0 0.0 2.0 2.0 2.0 2.0 2.0 2.0 2.0 2.0 2.0 2.0 2.0 1.0 1.0 1.0 1.0 1.0 1.0 1.0 1.0 1.0 1.0 
0.0 0.0 0.0 0.0 0.0 2.0 2.0 2.0 2.0 2.0 2.0 2.0 2.0 2.0 2.0 1.0 1.0 1.0 1.0 1.0 1.0 1.0 1.0 1.0 1.0 
0.0 0.0 0.0 0.0 0.0 0.0 2.0 2.0 2.0 2.0 2.0 2.0 2.0 2.0 2.0 1.0 1.0 1.0 1.0 1.0 1.0 1.0 1.0 1.0 1.0 
0.0 0.0 0.0 0.0 0.0 0.0 0.0 2.0 2.0 2.0 2.0 2.0 2.0 2.0 1.0 1.0 1.0 1.0 1.0 1.0 1.0 1.0 1.0 1.0 1.0 
0.0 0.0 0.0 0.0 0.0 0.0 0.0 0.0 2.0 2.0 2.0 2.0 2.0 2.0 1.0 1.0 1.0 1.0 1.0 1.0 1.0 1.0 1.0 1.0 1.0 
0.0 0.0 0.0 0.0 0.0 0.0 0.0 0.0 0.0 2.0 2.0 2.0 2.0 2.0 1.0 1.0 1.0 1.0 1.0 1.0 1.0 1.0 1.0 1.0 1.0 
0.0 0.0 0.0 0.0 0.0 0.0 0.0 0.0 0.0 0.0 2.0 2.0 2.0 2.0 1.0 1.0 1.0 1.0 1.0 1.0 1.0 1.0 1.0 1.0 1.0 
0.0 0.0 0.0 0.0 0.0 0.0 0.0 0.0 0.0 0.0 0.0 2.0 2.0 1.0 1.0 1.0 1.0 1.0 1.0 1.0 1.0 1.0 1.0 1.0 1.0 
0.0 0.0 0.0 0.0 0.0 0.0 0.0 0.0 0.0 -1.0 -1.0 -1.0 -1.0 -1.0 1.0 1.0 1.0 1.0 1.0 1.0 1.0 1.0 1.0 1.0 1.0 
0.0 0.0 0.0 0.0 0.0 0.0 -1.0 -1.0 -1.0 -1.0 -1.0 -1.0 -1.0 -1.0 -2.0 1.0 1.0 1.0 1.0 1.0 1.0 1.0 1.0 1.0 1.0 
0.0 0.0 0.0 -1.0 -1.0 -1.0 -1.0 -1.0 -1.0 -1.0 -1.0 -1.0 -1.0 -2.0 -2.0 -2.0 -2.0 1.0 1.0 1.0 1.0 1.0 1.0 1.0 1.0 
-1.0 -1.0 -1.0 -1.0 -1.0 -1.0 -1.0 -1.0 -1.0 -1.0 -1.0 -1.0 -1.0 -2.0 -2.0 -2.0 -2.0 -2.0 1.0 1.0 1.0 1.0 1.0 1.0 1.0 
-1.0 -1.0 -1.0 -1.0 -1.0 -1.0 -1.0 -1.0 -1.0 -1.0 -1.0 -1.0 -1.0 -2.0 -2.0 -2.0 -2.0 -2.0 -2.0 1.0 1.0 1.0 1.0 1.0 1.0 
-1.0 -1.0 -1.0 -1.0 -1.0 -1.0 -1.0 -1.0 -1.0 -1.0 -1.0 -1.0 -2.0 -2.0 -2.0 -2.0 -2.0 -2.0 -2.0 -2.0 -2.0 1.0 1.0 1.0 1.0 
-1.0 -1.0 -1.0 -1.0 -1.0 -1.0 -1.0 -1.0 -1.0 -1.0 -1.0 -1.0 -2.0 -2.0 -2.0 -2.0 -2.0 -2.0 -2.0 -2.0 -2.0 -2.0 1.0 1.0 1.0 
-1.0 -1.0 -1.0 -1.0 -1.0 -1.0 -1.0 -1.0 -1.0 -1.0 -1.0 -2.0 -2.0 -2.0 -2.0 -2.0 -2.0 -2.0 -2.0 -2.0 -2.0 -2.0 -2.0 1.0 1.0 
-1.0 -1.0 -1.0 -1.0 -1.0 -1.0 -1.0 -1.0 -1.0 -1.0 -1.0 -2.0 -2.0 -2.0 -2.0 -2.0 -2.0 -2.0 -2.0 -2.0 -2.0 -2.0 -2.0 -2.0 -2.0 
-1.0 -1.0 -1.0 -1.0 -1.0 -1.0 -1.0 -1.0 -1.0 -1.0 -1.0 -2.0 -2.0 -2.0 -2.0 -2.0 -2.0 -2.0 -2.0 -2.0 -2.0 -2.0 -2.0 -2.0 -2.0 

0.287169 0.093858 0.045809 0.387465 0.798179 0.695777 0.301687 0.114571 0.032582 0.135011 0.608814 0.703430 0.112281 0.979209 0.513753 0.098008 0.098177 0.505565 0.529295 0.968558 0.034291 0.108659 0.625382 0.383592 0.613842 
0.227817 0.458808 0.126323 0.715368 0.527385 0.055391 0.376170 0.437682 0.148793 0.186705 0.238987 0.473273 0.459595 0.586444 0.339862 0.094406 0.006176 0.406059 0.498882 0.197721 0.449609 0.791214 0.249589 0.869689 0.139236 
0.293140 0.566581 0.641053 0.586582 0.499749 0.542788 0.981740 0.419149 0.591343 0.577507 0.977993 0.095848 0.147465 0.813561 0.798830 0.785073 0.637851 0.236647 0.306803 0.746058 0.066382 0.850953 0.763388 0.729795 0.358412 
0.591519 0.178884 0.501765 0.203607 0.800002 0.821236 0.215543 0.588150 0.625994 0.631732 0.536201 0.501821 0.482179 0.704639 0.865247 0.370144 0.471532 0.743861 0.398143 0.144853 0.368167 0.332128 0.374528 0.645572 0.869292 
0.007497 0.426879 0.883718 0.650566 0.825106 0.424701 0.205621 0.311938 0.600540 0.158579 0.798068 0.933573 0.182269 0.447091 0.959169 0.636997 0.032408 0.509274 0.358750 0.333202 0.946909 0.475131 0.632293 0.896347 0.860841 
0.511803 0.809968 0.931161 0.333027 0.062817 0.556912 0.604131 0.093338 0.484761 0.711888 0.069874 0.812822 0.576953 0.988489 0.539483 0.638890 0.012409 0.367501 0.461625 0.479169 0.120545 0.173067 0.477553 0.612187 0.601989 
0.319120 0.388981 0.070019 0.290217 0.552670 0.075064 0.462466 0.459672 0.609846 0.148107 0.378009 0.081632 0.488033 0.401386 0.000450 0.527985 0.141670 0.217595 0.408184 0.959682 0.536600 0.156207 0.143172 0.750820 0.544551 
0.790446 0.488891 0.414092 0.593144 0.908275 0.185239 0.089842 0.613751 0.302423 0.129146 0.760235 0.931648 0.716365 0.967215 0.504009 0.665367 0.402532 0.785979 0.838223 0.280854 0.501611 0.114935 0.636795 0.465566 0.317869 
0.628594 0.197381 0.756477 0.893893 0.467634 0.323146 0.594074 0.952786 0.746530 0.157622 0.925994 0.033564 0.590420 0.895825 0.565437 0.122809 0.763815 0.515352 0.935093 0.910495 0.516357 0.051986 0.420841 0.155166 0.298851 
0.099177 0.492287 0.357776 0.251354 0.266789 0.457284 0.070643 0.375316 0.553021 0.224817 0.979166 0.745603 0.447042 0.546742 0.051705 0.176561 0.375493 0.228897 0.963059 0.239930 0.305884 0.286120 0.870990 0.558358 0.392843 
0.253141 0.330132 0.278752 0.834130 0.271777 0.867716 0.307359 0.937270 0.977492 0.666396 0.192025 0.489939 0.059440 0.890189 0.665383 0.846593 0.948516 0.388723 0.747825 0.099186 0.306771 0.585521 0.147539 0.632504 0.153318 
0.547700 0.244441 0.492549 0.715340 0.379680 0.877147 0.177735 0.895144 0.165522 0.693278 0.636220 0.781438 0.810312 0.594900 0.365462 0.240204 0.058843 0.282277 0.521234 0.597968 0.799414 0.801623 0.997264 0.679248 0.348919 
0.415788 0.833497 0.963343 0.759308 0.714658 0.913936 0.158596 0.918205 0.275463 0.783797 0.511588 0.360579 0.344261 0.204011 0.452533 0.208951 0.764664 0.830538 0.526321 0.994231 0.048554 0.805108 0.554868 0.877254 0.242993 
0.374893 0.167933 0.129400 0.059406 0.387801 0.192015 0.206836 0.512944 0.747871 0.129577 0.356637 0.937065 0.803173 0.932619 0.268987 0.822931 0.197230 0.691471 0.528449 0.154095 0.663575 0.064968 0.473222 0.444423 0.463658 
0.976331 0.078527 0.616756 0.367340 0.423502 0.917006 0.620707 0.459274 0.738897 0.312446 0.072064 0.519955 0.162513 0.913151 0.596290 0.221069 0.225595 0.851616 0.619412 0.050214 0.154471 0.928678 0.835849 0.329695 0.770102 
0.136680 0.406435 0.926277 0.530865 0.966849 0.467118 0.579739 0.386187 0.032572 0.366745 0.339636 0.623977 0.836734 0.093172 0.394158 0.431089 0.402098 0.590036 0.106192 0.464445 0.338290 0.293898 0.204971 0.814946 0.778573 
0.971723 0.197262 0.820857 0.588154 0.595313 0.585430 0.887578 0.330395 0.929917 0.982335 0.004237 0.526804 0.054341 0.418185 0.181687 0.757475 0.433988 0.958108 0.244948 0.299267 0.034111 0.474875 0.253130 0.223323 0.998541 
0.573077 0.794635 0.196837 0.957651 0.233662 0.652458 0.247381 0.195145 0.264829 0.103142 0.448734 0.378519 0.970924 0.869912 0.215829 0.185037 0.633474 0.276934 0.882734 0.639581 0.556312 0.570562 0.031546 0.980461 0.741768 
0.728499 0.629501 0.771956 0.078320 0.426663 0.326662 0.548087 0.616312 0.539182 0.205096 0.939710 0.583742 0.357053 0.206238 0.222359 0.704224 0.165546 0.500571 0.307352 0.711326 0.708881 0.773898 0.308155 0.137661 0.647410 
0.200657 0.435835 0.387494 0.596191 0.625056 0.845955 0.853301 0.701476 0.232292 0.954741 0.343209 0.195977 0.741084 0.032894 0.828628 0.622805 0.711060 0.430713 0.547589 0.267122 0.390835 0.352324 0.954764 0.643973 0.379951 
0.862880 0.971698 0.046887 0.540646 0.467796 0.201763 0.228165 0.593591 0.233118 0.963971 0.936134 0.247008 0.877802 0.485995 0.380334 0.869102 0.339309 0.949794 0.504756 0.867719 0.501666 0.797362 0.761648 0.773399 0.487056 
0.931214 0.888964 0.329251 0.497469 0.986597 0.346801 0.166214 0.847367 0.288163 0.975350 0.535576 0.426562 0.550671 0.731739 0.648632 0.594287 0.035094 0.520544 0.462556 0.342187 0.301669 0.957619 0.991825 0.680584 0.121743 
0.188718 0.272582 0.194334 0.225050 0.281135 0.602041 0.468989 0.307128 0.462291 0.269687 0.683079 0.706811 0.217136 0.024443 0.156288 0.255582 0.873577 0.566020 0.913585 0.009364 0.461190 0.511063 0.990360 0.559310 0.710703 
0.824833 0.117461 0.286894 0.150949 0.309214 0.599521 0.791821 0.618862 0.511776 0.522027 0.317575 0.940713 0.778648 0.518311 0.474432 0.707474 0.670170 0.563575 0.173128 0.314312 0.420259 0.489571 0.342640 0.218753 0.204246 
0.982921 0.728352 0.488387 0.900841 0.295803 0.563358 0.662156 0.633172 0.151496 0.654432 0.777156 0.850741 0.513353 0.294700 0.507931 0.781045 0.007453 0.600235 0.959216 0.686346 0.074292 0.686293 0.295702 0.478997 0.819129 

0.760186 0.109772 0.119063 0.665837 1.742891 1.410028 0.930445 0.042524 -0.382487 0.358404 1.236267 1.163143 0.235306 1.941901 1.195178 0.209762 0.463706 0.474372 0.573805 1.020232 0.146815 0.163665 0.619426 0.339042 0.900620 
0.476800 0.807416 0.130869 1.236112 0.852853 0.233970 0.635749 0.576344 0.272943 0.360686 0.405978 0.847648 1.412740 1.066064 0.483959 -0.125998 -0.103640 0.500367 0.705269 0.235270 0.095760 0.498465 0.348377 0.939726 0.147919 
0.430191 0.945178 1.344925 1.029377 0.491292 0.879917 1.885013 0.657862 1.058363 0.879667 2.171569 0.303390 0.560769 1.635733 1.298464 1.684519 0.717358 0.220977 0.096624 0.593302 0.385135 1.015866 0.616165 0.840616 0.405560 
1.000075 0.136364 1.161703 0.273362 1.238431 1.593604 0.340771 1.472533 1.349678 1.434322 0.966341 1.106454 0.956148 1.163199 1.823807 0.790062 0.217995 1.150856 0.122768 0.129023 0.337186 0.150375 0.305119 0.621472 0.722974 
0.103662 0.636213 1.799526 1.073291 1.438250 0.890506 0.104982 0.943149 1.171161 0.149383 1.402215 2.045484 0.536058 0.956667 1.711724 1.390760 0.072326 0.788392 -0.131215 0.277583 0.992838 -0.009256 0.389748 1.037827 1.108614 
-0.023108 0.179093 2.196979 0.564493 -0.245301 1.255520 1.313948 0.054135 1.231586 1.059314 0.178260 1.626923 0.945762 1.912146 0.881597 0.826336 -0.527046 0.575132 1.047188 0.508034 0.020141 0.324666 0.422838 0.372058 0.646906 
-0.258703 -0.110944 0.079749 0.189204 1.387306 0.103285 0.903781 1.164398 1.451990 0.067483 0.869021 0.206215 0.864352 0.820695 -0.164446 0.467358 0.175976 0.204696 0.416198 1.065269 0.729935 -0.147268 0.214262 0.831923 0.369857 
-0.330084 0.036519 -0.130767 0.264929 1.958300 0.097567 0.247180 0.794980 0.646207 0.456489 1.050783 1.594256 1.414128 2.114923 0.667077 0.472499 0.514275 0.703649 0.891152 -0.062206 0.425234 -0.192978 0.748785 0.272056 0.362624 
-0.002777 0.008755 -0.200898 -0.448231 0.008217 0.817217 0.847065 1.700892 1.690773 0.182213 1.644041 0.018936 1.104532 1.933232 1.206570 0.227064 0.837348 -0.045610 0.999545 1.057124 0.482399 -0.164732 0.410979 0.150716 0.191056 
0.062606 0.226705 0.128760 0.049767 0.281399 0.253963 0.343166 0.807572 1.189291 0.357132 1.677675 1.623282 1.245376 1.353359 0.155549 0.394867 0.269835 0.205179 0.469524 0.361609 0.340194 0.139872 0.414612 0.499306 0.526813 
0.299216 0.130072 0.065966 -0.223496 -0.124342 -0.077297 0.216539 2.027209 2.091179 1.293930 0.167942 0.970784 0.134711 1.941559 0.943340 0.993353 0.805448 0.592343 0.631951 0.339947 0.147719 0.450657 0.231823 1.038490 0.339506 
-0.059589 -0.071733 0.252081 0.428366 0.133829 0.071881 0.185764 -0.058423 0.474163 1.468906 1.437681 1.386630 1.519589 1.050295 0.282394 0.275041 0.058145 0.180824 0.600888 0.618395 1.018325 0.417018 0.603606 0.575320 0.551622 
0.049882 -0.126866 0.058636 0.122399 0.440422 0.115687 -0.524886 -0.040253 -0.153412 1.749300 0.798088 0.511065 0.837491 0.307607 0.712198 0.527069 0.765237 0.915633 -0.196239 1.000498 0.156916 0.806358 0.355720 0.939638 0.223772 
-0.451941 -0.160183 -0.092707 0.183757 0.095233 -0.147694 0.014851 -0.012692 0.600003 -0.084108 0.411781 2.178304 1.730808 1.796562 0.216652 0.935766 -0.089498 0.939628 0.376096 0.209076 1.287037 -0.110444 0.393038 0.481728 0.256478 
-0.213883 -0.046185 0.032171 0.282218 -0.035649 0.031343 0.036548 0.121221 0.010004 0.165612 0.012949 1.066611 0.433011 0.581745 0.877090 -0.008367 0.402814 0.850280 0.638584 0.432240 -0.045892 0.658984 0.677779 0.411276 0.692016 
0.022571 -0.414291 -0.030935 -0.285583 0.114441 0.037866 -0.288095 -0.199653 -0.024008 -0.458473 -0.252273 -0.792237 -0.628247 -0.288292 0.658091 0.671997 0.278677 0.214327 0.330616 0.544708 0.686323 0.390708 0.485274 0.999254 1.082148 
-0.005417 -0.152819 -0.240511 0.050184 0.213274 0.002972 -0.911950 -0.365103 -0.881531 -0.758142 -0.134812 -0.463732 0.234476 -0.251085 0.069590 0.746861 0.351172 1.135854 0.074883 0.327421 0.042362 0.335225 -0.059720 0.313561 0.890854 
-0.083260 -0.332183 0.163598 -0.993436 -0.075257 -0.584139 -0.264876 -0.185083 -0.456606 0.270036 -0.129900 -0.207004 -1.008346 -1.460751 -0.254996 -0.433210 -1.304260 0.307374 1.134619 0.805100 0.623836 0.633839 -0.037495 0.911000 0.827571 
-0.644108 -0.620124 -0.559575 -0.062248 -0.213955 -0.222158 -0.675070 -0.572837 -1.015135 -0.339306 -1.073805 -0.412740 -0.619008 -0.481540 -0.373189 -1.580509 -0.506443 -0.850668 0.220380 0.879169 1.021233 1.136447 0.635591 -0.049605 0.765507 
0.069912 -0.407556 -0.395963 -0.686126 -0.697096 -0.788551 -0.663449 -0.755884 -0.019781 -1.226611 -0.030092 0.009568 -0.650077 0.200135 -1.644787 -1.264569 -0.995842 -0.811065 -1.229357 0.510198 0.169487 -0.106273 1.140724 0.479858 0.646975 
-1.013024 -1.047108 0.352929 -0.788904 -0.588277 -0.106197 -0.104158 -0.566865 0.092215 -1.045151 -1.163580 -0.579818 -2.057166 -0.716884 -0.530115 -1.697385 -0.549495 -1.921918 -0.869786 -1.572713 -1.006136 0.633992 0.970237 0.807469 0.384598 
-0.863859 -0.810548 -0.595343 -0.725526 -1.162605 -0.517148 -0.319280 -0.787426 -0.172295 -1.012610 -0.553415 -0.183485 -0.825445 -1.535216 -1.329812 -1.081730 0.243870 -0.978186 -1.225236 -0.942354 -0.586773 -1.955120 1.440314 0.862397 -0.071014 
-0.199013 -0.183507 0.114390 -0.449201 -0.212204 -0.582895 -0.923567 -0.286567 -0.842739 0.019882 -0.851995 -1.717179 -0.208911 -0.172050 -0.109724 -0.811207 -1.636859 -1.362723 -1.717619 0.005754 -1.109880 -1.007326 -1.700687 0.763315 0.759466 
-0.668393 0.052389 -0.388168 -0.170431 -0.567060 -0.416618 -0.783420 -0.741541 -0.269593 -0.848822 -0.229858 -1.734026 -1.253097 -1.014179 -1.221326 -1.278286 -1.198573 -1.011447 -0.050895 -0.763698 -0.529631 -0.855887 -0.803944 -0.210104 -0.128213 
-0.941849 -1.055957 -0.525149 -1.120940 -0.405254 -0.597764 -0.216458 -0.573157 -0.356504 -0.594284 -0.797157 -1.597982 -0.965649 -0.671611 -1.043866 -1.468822 -0.147685 -1.062094 -2.235121 -1.723466 -0.444728 -1.399193 -0.692137 -1.191833 -1.325804 
