1.0 1.0 1.0 1.0 1.0 1.0 1.0 1.0 1.0 -2.0 -2.0 -2.0 -2.0 -2.0 0.0 0.0 0.0 0.0 0.0 0.0 0.0 0.0 0.0 0.0 0.0 
1.0 1.0 1.0 1.0 1.0 1.0 1.0 -2.0 -2.0 -2.0 -2.0 -2.0 -2.0 0.0 0.0 0.0 0.0 0.0 0.0 0.0 0.0 0.0 0.0 2.0 2.0 
1.0 1.0 1.0 1.0 1.0 -2.0 -2.0 -2.0 -2.0 -2.0 -2.0 -2.0 0.0 0.0 0.0 0.0 0.0 0.0 0.0 0.0 0.0 0.0 2.0 2.0 2.0 
1.0 1.0 1.0 -2.0 -2.0 -2.0 -2.0 -2.0 -2.0 -2.0 0.0 0.0 0.0 0.0 0.0 0.0 0.0 0.0 0.0 0.0 0.0 2.0 2.0 2.0 2.0 
1.0 -2.0 -2.0 -2.0 -2.0 -2.0 -2.0 -2.0 -2.0 0.0 0.0 0.0 0.0 0.0 0.0 0.0 0.0 0.0 0.0 0.0 2.0 2.0 2.0 2.0 2.0 
-2.0 -2.0 -2.0 -2.0 -2.0 -2.0 -2.0 -2.0 0.0 0.0 0.0 0.0 0.0 0.0 0.0 0.0 0.0 0.0 0.0 2.0 2.0 2.0 2.0 2.0 2.0 
-2.0 -2.0 -2.0 -2.0 -2.0 -2.0 0.0 0.0 0.0 0.0 0.0 0.0 0.0 0.0 0.0 0.0 0.0 0.0 2.0 2.0 2.0 2.0 2.0 2.0 2.0 
-2.0 -2.0 -2.0 -2.0 -2.0 0.0 0.0 0.0 0.0 0.0 0.0 0.0 0.0 0.0 0.0 0.0 2.0 2.0 2.0 2.0 2.0 2.0 2.0 2.0 2.0 
-2.0 -2.0 -2.0 -2.0 0.0 0.0 0.0 0.0 0.0 0.0 0.0 0.0 0.0 0.0 0.0 2.0 2.0 2.0 2.0 2.0 2.0 2.0 2.0 2.0 2.0 
-2.0 -2.0 0.0 0.0 0.0 0.0 0.0 0.0 0.0 0.0 0.0 0.0 0.0 0.0 2.0 2.0 2.0 2.0 2.0 2.0 2.0 2.0 2.0 2.0 2.0 
-2.0 0.0 0.0 0.0 0.0 0.0 0.0 0.0 0.0 0.0 0.0 0.0 0.0 2.0 2.0 2.0 2.0 2.0 2.0 2.0 2.0 2.0 2.0 2.0 2.0 
0.0 0.0 0.0 0.0 0.0 0.0 0.0 0.0 0.0 0.0 0.0 0.0 2.0 2.0 2.0 2.0 2.0 2.0 2.0 2.0 2.0 2.0 2.0 2.0 2.0 
0.0 0.0 0.0 0.0 0.0 0.0 0.0 0.0 0.0 0.0 0.0 2.0 2.0 2.0 2.0 2.0 2.0 2.0 2.0 2.0 2.0 2.0 2.0 2.0 2.0 
0.0 0.0 0.0 0.0 0.0 0.0 0.0 0.0 0.0 2.0 2.0 2.0 2.0 2.0 2.0 2.0 2.0 2.0 2.0 2.0 2.0 2.0 2.0 2.0 2.0 
0.0 0.0 0.0 0.0 -1.0 -1.0 -1.0 -1.0 -1.0 -1.0 2.0 2.0 2.0 2.0 2.0 2.0 2.0 2.0 2.0 2.0 2.0 2.0 2.0 2.0 2.0 
-1.0 -1.0 -1.0 -1.0 -1.0 -1.0 -1.0 -1.0 -1.0 -1.0 -1.0 -1.0 2.0 2.0 2.0 2.0 2.0 2.0 2.0 2.0 2.0 2.0 2.0 2.0 2.0 
-1.0 -1.0 -1.0 -1.0 -1.0 -1.0 -1.0 -1.0 -1.0 -1.0 -1.0 -1.0 -1.0 -1.0 2.0 2.0 2.0 2.0 2.0 2.0 2.0 2.0 2.0 2.0 2.0 
-1.0 -1.0 -1.0 -1.0 -1.0 -1.0 -1.0 -1.0 -1.0 -1.0 -1.0 -1.0 -1.0 -1.0 -1.0 2.0 2.0 2.0 2.0 2.0 2.0 2.0 2.0 2.0 2.0 
-1.0 -1.0 -1.0 -1.0 -1.0 -1.0 -1.0 -1.0 -1.0 -1.0 -1.0 -1.0 -1.0 -1.0 -1.0 -1.0 -1.0 2.0 2.0 2.0 2.0 2.0 2.0 2.0 2.0 
-1.0 -1.0 -1.0 -1.0 -1.0 -1.0 -1.0 -1.0 -1.0 -1.0 -1.0 -1.0 -1.0 -1.0 -1.0 -1.0 -1.0 -1.0 -1.0 2.0 2.0 2.0 2.0 2.0 2.0 
-1.0 -1.0 -1.0 -1.0 -1.0 -1.0 -1.0 -1.0 -1.0 -1.0 -1.0 -1.0 -1.0 -1.0 -1.0 -1.0 -1.0 -1.0 -1.0 -1.0 -1.0 2.0 2.0 2.0 2.0 
-1.0 -1.0 -1.0 -1.0 -1.0 -1.0 -1.0 -1.0 -1.0 -1.0 -1.0 -1.0 -1.0 -1.0 -1.0 -1.0 -1.0 -1.0 -1.0 -1.0 -1.0 -1.0 2.0 2.0 2.0 
-1.0 -1.0 -1.0 -1.0 -1.0 -1.0 -1.0 -1.0 -1.0 -1.0 -1.0 -1.0 -1.0 -1.0 -1.0 -1.0 -1.0 -1.0 -1.0 -1.0 -1.0 -1.0 -1.0 -1.0 2.0 
-1.0 -1.0 -1.0 -1.0 -1.0 -1.0 -1.0 -1.0 -1.0 -1.0 -1.0 -1.0 -1.0 -1.0 -1.0 -1.0 -1.0 -1.0 -1.0 -1.0 -1.0 -1.0 -1.0 -1.0 -1.0 
-1.0 -1.0 -1.0 -1.0 -1.0 -1.0 -1.0 -1.0 -1.0 -1.0 -1.0 -1.0 -1.0 -1.0 -1.0 -1.0 -1.0 -1.0 -1.0 -1.0 -1.0 -1.0 -1.0 -1.0 -1.0 

0.908223 0.780609 0.944454 0.409054 0.193531 0.493476 0.582152 0.537174 0.764597 0.534814 0.598843 0.019930 0.008047 0.581630 0.578451 0.969489 0.666124 0.717408 0.821167 0.381851 0.580774 0.451437 0.388460 0.051218 0.760749 
0.481494 0.322783 0.300387 0.980237 0.062163 0.187068 0.534060 0.704712 0.671904 0.387428 0.485790 0.120538 0.507133 0.260866 0.367078 0.985410 0.941292 0.416295 0.034765 0.614920 0.558357 0.566623 0.244204 0.835636 0.924371 
0.190624 0.982476 0.045327 0.517829 0.973972 0.804495 0.315717 0.035382 0.948870 0.677279 0.344601 0.302329 0.534988 0.552626 0.228652 0.006458 0.802532 0.798565 0.596711 0.542280 0.349103 0.737142 0.766435 0.692336 0.831684 
0.777787 0.047757 0.551298 0.324721 0.970301 0.185640 0.037994 0.261189 0.929508 0.202956 0.040679 0.685735 0.775613 0.046040 0.463940 0.375285 0.799023 0.493006 0.786997 0.866221 0.643030 0.021541 0.928854 0.192032 0.247664 
0.764112 0.284786 0.212192 0.618297 0.327024 0.654536 0.482632 0.275424 0.921019 0.595461 0.044704 0.693642 0.321949 0.750414 0.729635 0.025852 0.691611 0.223674 0.617875 0.586762 0.263265 0.648532 0.529586 0.267431 0.738134 
0.310134 0.563024 0.880594 0.222497 0.302921 0.584999 0.778076 0.135517 0.007277 0.580137 0.002657 0.246858 0.373924 0.342024 0.461542 0.960640 0.447793 0.401379 0.382763 0.320976 0.927332 0.477824 0.657618 0.949730 0.896082 
0.712714 0.098006 0.797284 0.907560 0.172540 0.420230 0.616851 0.411280 0.339441 0.966167 0.883642 0.561619 0.524232 0.033213 0.529096 0.852106 0.076800 0.853054 0.356052 0.345368 0.310696 0.786600 0.225917 0.919704 0.660606 
0.231247 0.860494 0.044080 0.972573 0.614313 0.736781 0.035498 0.510075 0.715554 0.438819 0.629991 0.579574 0.425034 0.665046 0.132276 0.654304 0.747804 0.734983 0.028594 0.453167 0.106300 0.617869 0.241836 0.168817 0.804464 
0.267449 0.062586 0.535174 0.567702 0.129717 0.183174 0.809530 0.852216 0.452368 0.749637 0.685335 0.869970 0.255625 0.060860 0.465865 0.661941 0.225627 0.791686 0.825464 0.993151 0.305383 0.823919 0.948685 0.926985 0.880045 
0.477944 0.848136 0.449406 0.309620 0.583221 0.863391 0.864468 0.613537 0.203742 0.368540 0.503387 0.798832 0.644974 0.473667 0.911568 0.433741 0.645968 0.323827 0.667073 0.376771 0.676154 0.819671 0.485794 0.627252 0.756772 
0.681811 0.448429 0.042011 0.237309 0.347445 0.770649 0.099584 0.784203 0.516366 0.580851 0.775699 0.685997 0.773358 0.818925 0.253892 0.054892 0.882566 0.665413 0.868451 0.921616 0.183237 0.823268 0.325518 0.191976 0.972564 
0.731180 0.542831 0.950525 0.097759 0.171773 0.434224 0.543272 0.849289 0.880070 0.993103 0.554045 0.590064 0.047611 0.228339 0.653909 0.571949 0.474692 0.038254 0.678326 0.919359 0.692919 0.268534 0.076708 0.479081 0.987304 
0.744917 0.263898 0.790657 0.491276 0.718272 0.173616 0.921206 0.360980 0.929845 0.886393 0.372144 0.418786 0.115157 0.299033 0.398308 0.103685 0.009060 0.666311 0.590695 0.862930 0.340997 0.603751 0.747811 0.663458 0.752374 
0.226045 0.216765 0.384150 0.707530 0.008436 0.685041 0.703330 0.834790 0.833146 0.829004 0.640729 0.323323 0.186340 0.610117 0.412715 0.499042 0.493666 0.163617 0.722007 0.275826 0.424324 0.337019 0.514877 0.528860 0.006441 
0.449005 0.041954 0.869974 0.768102 0.248188 0.358922 0.854736 0.896401 0.646595 0.932534 0.010822 0.759178 0.068599 0.558877 0.641500 0.521584 0.842585 0.377856 0.718434 0.722760 0.486641 0.776281 0.642790 0.416044 0.139736 
0.885672 0.162118 0.199813 0.246196 0.704745 0.116834 0.852579 0.016743 0.287696 0.688068 0.145868 0.289573 0.486772 0.253395 0.652847 0.673760 0.397269 0.858497 0.181548 0.573678 0.235475 0.836675 0.658331 0.692104 0.063206 
0.506813 0.935841 0.741749 0.770496 0.018436 0.723173 0.400116 0.341287 0.941736 0.561425 0.486301 0.331071 0.921072 0.817343 0.624798 0.128533 0.608375 0.783253 0.713708 0.901124 0.175752 0.308719 0.759600 0.715462 0.947752 
0.070566 0.591349 0.106390 0.220678 0.109060 0.076494 0.631262 0.495323 0.092534 0.953406 0.307448 0.679961 0.479923 0.689660 0.353338 0.536359 0.142527 0.265361 0.240234 0.143056 0.351716 0.415233 0.067781 0.760617 0.488489 
0.845008 0.892930 0.572861 0.248833 0.543472 0.702945 0.078375 0.205348 0.186621 0.970745 0.785025 0.502570 0.845732 0.650331 0.952656 0.458861 0.037282 0.116251 0.123665 0.066588 0.763130 0.054859 0.120717 0.148250 0.988810 
0.750760 0.097435 0.349241 0.574272 0.081983 0.336848 0.350572 0.870277 0.927671 0.363313 0.964659 0.216296 0.105707 0.806251 0.707640 0.634702 0.170567 0.039192 0.751277 0.313003 0.404896 0.330694 0.966515 0.101265 0.448014 
0.388470 0.029172 0.835325 0.309275 0.028952 0.845434 0.282337 0.039473 0.261040 0.077784 0.603288 0.479649 0.255891 0.314589 0.918993 0.835672 0.685660 0.636766 0.127708 0.739628 0.347258 0.411482 0.177073 0.030896 0.522061 
0.519537 0.587446 0.214266 0.618736 0.863666 0.498431 0.511075 0.413277 0.846739 0.687702 0.607027 0.027008 0.933250 0.571724 0.181056 0.537569 0.107942 0.624125 0.104130 0.842976 0.180808 0.573226 0.320634 0.284459 0.084630 
0.510115 0.257175 0.676237 0.619349 0.403113 0.056663 0.454661 0.928727 0.356617 0.543952 0.872862 0.474537 0.625027 0.084507 0.366874 0.141689 0.510544 0.147261 0.486228 0.284983 0.274940 0.504440 0.911692 0.749659 0.486874 
0.819725 0.488126 0.220689 0.878900 0.370330 0.762134 0.277644 0.914247 0.414398 0.865925 0.567532 0.590592 0.775028 0.502470 0.638606 0.920957 0.676289 0.813268 0.572707 0.140287 0.387692 0.300232 0.920577 0.775871 0.140417 
0.028795 0.125258 0.119153 0.786661 0.777432 0.551152 0.268102 0.599384 0.315894 0.759883 0.510354 0.241578 0.923221 0.771293 0.671751 0.009405 0.695752 0.659067 0.989087 0.916218 0.085444 0.682591 0.380475 0.901860 0.556383 

0.844093 0.547506 0.905442 0.409756 0.216226 0.545092 0.734912 0.514000 0.760796 -0.989739 -1.350684 0.321093 -0.046855 -1.481888 0.106509 0.138537 -0.245700 -0.147494 -0.023321 0.276931 -0.386143 -0.064959 -0.105511 0.025351 -0.196569 
0.048928 0.165722 0.320195 1.099465 0.145903 0.211448 0.578567 -1.317829 -1.509825 -0.864560 -1.009062 0.078926 -1.375440 -0.225394 -0.215534 0.180348 -0.022743 -0.209222 0.066395 -0.231341 0.055438 -0.024455 0.176524 2.066008 1.672953 
0.112636 0.813830 0.008321 0.479211 0.849409 -1.474226 -0.529891 -0.044323 -1.669350 -1.263962 -0.663447 -0.907097 -0.202061 0.202592 -0.192032 -0.290254 0.153658 0.181814 -0.163688 0.168455 0.384446 0.021554 1.191896 1.301227 1.495011 
0.711900 -0.018023 0.692338 -0.275745 -2.062068 -0.314731 -0.220828 -0.427032 -1.862133 -0.300335 -0.181636 -0.170488 0.215525 0.057181 -0.243439 -0.075886 0.124211 -0.130149 -0.193905 -0.352980 -0.073837 -0.242328 1.815981 0.558451 0.725075 
0.556794 -0.526612 -0.377056 -1.469635 -0.684615 -1.165013 -0.960657 -0.780152 -1.882587 0.281821 -0.231077 -0.284690 -0.040633 -0.371751 -0.004564 -0.070055 -0.206292 -0.011842 -0.062936 -0.099201 0.584181 1.168400 0.947513 0.622064 1.262889 
-1.046088 -1.034862 -1.987886 -0.304502 -0.610088 -0.926227 -1.822633 0.013584 -0.046348 -0.185039 -0.003037 -0.170401 -0.232833 0.068095 0.210396 -0.243241 0.129620 -0.256969 -0.041756 0.115161 1.840108 0.687355 1.466433 1.446928 1.865377 
-1.596209 -0.515858 -1.964821 -1.628671 -0.620356 -1.096734 0.172786 -0.107844 -0.184526 0.032158 -0.246970 -0.046072 0.072624 -0.134241 -0.238883 0.200596 -0.236400 0.180883 0.776510 0.594803 0.811652 1.739545 0.319719 1.907635 1.342524 
-0.752328 -1.507635 0.131517 -1.991257 -0.868275 0.351174 0.036748 -0.005625 0.183587 0.002151 -0.004901 0.184713 -0.122449 -0.335288 -0.004471 0.334895 1.565438 1.460653 0.110949 0.923602 0.437756 0.919537 0.628747 0.323264 1.533713 
-0.654814 -0.026395 -1.414002 -1.349291 0.098915 0.346144 0.068334 0.014188 0.186832 -0.030156 0.269239 -0.105275 -0.278027 0.325985 0.096709 1.374289 0.563325 1.802357 1.620224 2.083088 0.517653 1.458135 2.094152 1.479126 1.995770 
-1.017444 -1.567437 -0.182614 -0.107390 -0.059191 0.117424 -0.012378 -0.098020 -0.283479 0.092398 -0.252509 0.126909 0.001609 0.143200 1.693377 0.446148 1.389936 0.612576 1.207853 0.802729 1.893721 1.819213 0.809715 1.174887 1.497030 
-1.114466 0.009050 0.205506 -0.202803 0.155329 0.171269 -0.350175 0.379575 -0.224341 -0.081835 0.311775 -0.321883 0.299716 1.692935 0.424540 0.190383 1.270887 1.056827 1.656591 1.742056 0.525068 1.728855 0.442272 0.477184 1.880903 
-0.358723 -0.099485 -0.063944 -0.138254 -0.027247 0.275325 0.106312 -0.321708 0.191159 -0.149820 -0.303645 0.102229 0.121961 0.429383 1.324084 1.132806 0.981745 0.033307 1.491207 2.049882 1.213435 0.739954 -0.007138 0.951634 2.261878 
0.229134 -0.212314 -0.354182 -0.060312 0.053884 -0.047301 -0.440826 0.100991 0.092864 0.067393 -0.056013 0.749031 0.396872 0.327870 0.847790 0.163930 0.231083 1.416471 1.152543 2.010285 0.685905 0.737990 1.836130 1.350537 1.397436 
-0.387301 0.007302 0.023562 0.032508 0.081178 -0.033056 0.048923 -0.022343 0.129144 1.545694 1.126620 0.595843 0.240316 1.522680 0.636312 0.925924 0.834352 0.317573 1.471168 0.907560 1.051108 0.688143 0.853654 1.144321 0.127093 
0.336114 0.163238 -0.170526 0.100804 0.003130 -0.154519 -0.747628 -0.773181 -0.645788 -0.596103 -0.076700 1.679903 0.113009 1.106347 1.356741 1.114762 1.778997 0.782322 1.862848 1.304054 0.907298 1.955716 1.484418 1.236466 0.495894 
-0.923700 -0.417935 -0.239663 0.098427 -0.794129 -0.147294 -0.937935 0.215696 -0.125905 -0.712414 -0.278543 -0.377438 0.866451 0.657600 1.492637 1.556051 0.725794 1.579971 0.383846 1.204727 -0.032992 1.955864 1.259822 1.641981 0.083090 
-1.020433 -1.134996 -1.034426 -0.743439 0.138842 -0.716079 0.096897 -0.294837 -1.057271 -0.743807 -0.673333 -0.389272 -0.634127 -0.988418 0.863885 0.551639 1.014246 1.452450 1.662285 2.080457 0.469053 0.665096 1.610844 1.374536 1.990276 
-0.013453 -0.758752 -0.226455 -0.489539 -0.418624 -0.145654 -0.688988 -0.577228 -0.226031 -0.805379 -0.432272 -0.862901 -0.424923 -0.341594 -0.725883 0.746313 0.145182 0.669893 0.185329 0.297025 0.765199 0.614807 0.303511 1.550102 1.065588 
-0.751825 -1.091526 -0.548601 -0.405004 -0.253683 -0.423246 0.058190 -0.409251 -0.455815 -0.968241 -0.932391 -0.724444 -0.737998 -0.880347 -1.290379 -0.280656 0.465566 0.476879 0.456825 0.280507 1.245411 0.277274 -0.168735 0.462147 1.834186 
-0.530432 -0.329436 -0.609873 -0.520306 -0.286488 -0.247718 -0.426895 -0.740828 -1.103022 -0.523246 -1.076959 -0.130229 -0.443876 -0.951610 -0.592045 -0.567123 -0.105003 0.247839 -0.987211 0.850928 0.573472 0.784603 1.951653 0.181457 1.091665 
-0.489983 0.153572 -0.617273 -0.211105 -0.108807 -1.103244 -0.171831 -0.035731 -0.201544 -0.048275 -0.588591 -0.609697 -0.511842 -0.606334 -0.660800 -1.047579 -0.699051 -0.565314 -0.214668 -0.786699 -0.344591 0.796724 0.696919 0.192708 0.933465 
-0.770551 -0.568830 -0.389276 -0.091866 -0.576728 -0.199131 -0.324008 -0.777628 -0.988945 -0.599931 -0.452215 -0.019504 -0.836580 -0.614857 -0.040935 -0.248137 -0.333930 -0.274264 0.231811 -0.601507 -0.542557 -0.602234 0.626888 0.602772 0.274292 
-0.998068 -0.229436 -0.445074 -0.483070 -0.616148 -0.109751 -0.339497 -0.915066 -0.177483 -0.550054 -0.686578 -0.384852 -0.592252 -0.364273 -0.152615 -0.165210 -0.571479 -0.227863 -0.329142 -0.102403 -0.359865 -0.394564 -0.865609 -0.763317 1.059278 
-0.984817 -0.658484 0.203047 -0.662234 -0.344786 -0.786417 0.089597 -1.111443 -1.110462 -0.831349 -0.545542 -0.332494 -0.478209 -0.927303 -0.757560 -0.715973 -0.762887 -0.823999 -0.433060 -0.054381 -0.284712 -0.301168 -0.503811 -0.669566 -0.018740 
-0.186436 -0.103444 0.034581 -1.019444 -0.749400 -0.854296 0.051303 -0.877508 -0.099635 -1.082000 -0.691772 -0.189118 -0.944933 -0.312200 -0.671656 0.139346 -0.530401 -0.995986 -1.043749 -0.812641 -0.412827 -0.870486 -0.323100 -0.737545 -0.241463 
