-1.0 -1.0 -1.0 -1.0 -1.0 -1.0 -1.0 -1.0 -1.0 -1.0 -1.0 -1.0 -1.0 0.0 0.0 0.0 0.0 0.0 0.0 0.0 0.0 -2.0 -2.0 -2.0 -2.0 
-1.0 -1.0 -1.0 -1.0 -1.0 -1.0 -1.0 -1.0 -1.0 -1.0 -1.0 -1.0 -1.0 0.0 0.0 0.0 0.0 0.0 0.0 0.0 -2.0 -2.0 -2.0 -2.0 -2.0 
-1.0 -1.0 -1.0 -1.0 -1.0 -1.0 -1.0 -1.0 -1.0 -1.0 -1.0 -1.0 -1.0 0.0 0.0 0.0 0.0 0.0 0.0 0.0 -2.0 -2.0 -2.0 -2.0 -2.0 
-1.0 -1.0 -1.0 -1.0 -1.0 -1.0 -1.0 -1.0 -1.0 -1.0 -1.0 -1.0 -1.0 0.0 0.0 0.0 0.0 0.0 0.0 -2.0 -2.0 -2.0 -2.0 -2.0 -2.0 
-1.0 -1.0 -1.0 -1.0 -1.0 -1.0 -1.0 -1.0 -1.0 -1.0 -1.0 -1.0 -1.0 0.0 0.0 0.0 0.0 0.0 0.0 -2.0 -2.0 -2.0 -2.0 -2.0 -2.0 
-1.0 -1.0 -1.0 -1.0 -1.0 -1.0 -1.0 -1.0 -1.0 -1.0 -1.0 -1.0 -1.0 0.0 0.0 0.0 0.0 0.0 -2.0 -2.0 -2.0 -2.0 -2.0 -2.0 -2.0 
-1.0 -1.0 -1.0 -1.0 -1.0 -1.0 -1.0 -1.0 -1.0 -1.0 -1.0 -1.0 -1.0 0.0 0.0 0.0 0.0 0.0 -2.0 -2.0 -2.0 -2.0 -2.0 -2.0 -2.0 
-1.0 -1.0 -1.0 -1.0 -1.0 -1.0 -1.0 -1.0 -1.0 -1.0 -1.0 -1.0 -1.0 0.0 0.0 0.0 0.0 0.0 -2.0 -2.0 -2.0 -2.0 -2.0 -2.0 -2.0 
-1.0 -1.0 -1.0 -1.0 -1.0 -1.0 -1.0 -1.0 -1.0 -1.0 -1.0 -1.0 -1.0 0.0 0.0 0.0 0.0 -2.0 -2.0 -2.0 -2.0 -2.0 -2.0 -2.0 -2.0 
-1.0 -1.0 -1.0 -1.0 -1.0 -1.0 -1.0 -1.0 -1.0 -1.0 -1.0 -1.0 -1.0 0.0 0.0 0.0 0.0 -2.0 -2.0 -2.0 -2.0 -2.0 -2.0 -2.0 -2.0 
-1.0 -1.0 -1.0 -1.0 -1.0 -1.0 -1.0 -1.0 -1.0 -1.0 -1.0 -1.0 -1.0 0.0 0.0 0.0 -2.0 -2.0 -2.0 -2.0 -2.0 -2.0 -2.0 -2.0 1.0 
2.0 2.0 2.0 2.0 2.0 2.0 2.0 2.0 2.0 2.0 2.0 2.0 2.0 2.0 0.0 1.0 1.0 1.0 1.0 1.0 1.0 1.0 1.0 1.0 1.0 
2.0 2.0 2.0 2.0 2.0 2.0 2.0 2.0 2.0 2.0 2.0 2.0 2.0 2.0 2.0 1.0 1.0 1.0 1.0 1.0 1.0 1.0 1.0 1.0 1.0 
2.0 2.0 2.0 2.0 2.0 2.0 2.0 2.0 2.0 2.0 2.0 2.0 2.0 2.0 2.0 1.0 1.0 1.0 1.0 1.0 1.0 1.0 1.0 1.0 1.0 
2.0 2.0 2.0 2.0 2.0 2.0 2.0 2.0 2.0 2.0 2.0 2.0 2.0 2.0 2.0 2.0 1.0 1.0 1.0 1.0 1.0 1.0 1.0 1.0 1.0 
2.0 2.0 2.0 2.0 2.0 2.0 2.0 2.0 2.0 2.0 2.0 2.0 2.0 2.0 2.0 2.0 1.0 1.0 1.0 1.0 1.0 1.0 1.0 1.0 1.0 
2.0 2.0 2.0 2.0 2.0 2.0 2.0 2.0 2.0 2.0 2.0 2.0 2.0 2.0 2.0 2.0 1.0 1.0 1.0 1.0 1.0 1.0 1.0 1.0 1.0 
2.0 2.0 2.0 2.0 2.0 2.0 2.0 2.0 2.0 2.0 2.0 2.0 2.0 2.0 2.0 2.0 1.0 1.0 1.0 1.0 1.0 1.0 1.0 1.0 1.0 
2.0 2.0 2.0 2.0 2.0 2.0 2.0 2.0 2.0 2.0 2.0 2.0 2.0 2.0 2.0 2.0 2.0 1.0 1.0 1.0 1.0 1.0 1.0 1.0 1.0 
2.0 2.0 2.0 2.0 2.0 2.0 2.0 2.0 2.0 2.0 2.0 2.0 2.0 2.0 2.0 2.0 2.0 1.0 1.0 1.0 1.0 1.0 1.0 1.0 1.0 
2.0 2.0 2.0 2.0 2.0 2.0 2.0 2.0 2.0 2.0 2.0 2.0 2.0 2.0 2.0 2.0 2.0 1.0 1.0 1.0 1.0 1.0 1.0 1.0 1.0 
2.0 2.0 2.0 2.0 2.0 2.0 2.0 2.0 2.0 2.0 2.0 2.0 2.0 2.0 2.0 2.0 2.0 2.0 1.0 1.0 1.0 1.0 1.0 1.0 1.0 
2.0 2.0 2.0 2.0 2.0 2.0 2.0 2.0 2.0 2.0 2.0 2.0 2.0 2.0 2.0 2.0 2.0 2.0 1.0 1.0 1.0 1.0 1.0 1.0 1.0 
2.0 2.0 2.0 2.0 2.0 2.0 2.0 2.0 2.0 2.0 2.0 2.0 2.0 2.0 2.0 2.0 2.0 2.0 1.0 1.0 1.0 1.0 1.0 1.0 1.0 
2.0 2.0 2.0 2.0 2.0 2.0 2.0 2.0 2.0 2.0 2.0 2.0 2.0 2.0 2.0 2.0 2.0 2.0 1.0 1.0 1.0 1.0 1.0 1.0 1.0 

0.014274 0.842751 0.559692 0.076419 0.112449 0.002651 0.561717 0.584836 0.247811 0.169545 0.289358 0.153292 0.162824 0.941550 0.686698 0.690601 0.978523 0.517703 0.374459 0.602355 0.417210 0.275929 0.771780 0.993646 0.583082 
0.536959 0.897009 0.994735 0.674607 0.197542 0.608523 0.537306 0.382030 0.497492 0.513129 0.315274 0.070837 0.785807 0.035477 0.734624 0.659293 0.713902 0.815052 0.749814 0.215510 0.601526 0.226021 0.307255 0.658060 0.536757 
0.565436 0.144095 0.352816 0.366180 0.562606 0.105915 0.054401 0.660208 0.608305 0.270315 0.577166 0.920857 0.320762 0.256867 0.218901 0.002087 0.463091 0.151407 0.424547 0.845567 0.564280 0.604921 0.156787 0.587771 0.683513 
0.381502 0.401120 0.441623 0.859929 0.113276 0.940805 0.715025 0.098076 0.500239 0.776021 0.530624 0.921646 0.776834 0.069171 0.872147 0.083644 0.411886 0.581125 0.258430 0.580396 0.189898 0.494881 0.079028 0.950109 0.797412 
0.416309 0.935066 0.376690 0.229080 0.484428 0.043547 0.359270 0.889737 0.183157 0.181408 0.124222 0.911359 0.585126 0.985045 0.776909 0.388099 0.235085 0.433915 0.841962 0.576108 0.059991 0.363632 0.848820 0.998834 0.806806 
0.537941 0.206247 0.179969 0.524409 0.698996 0.550677 0.067640 0.924807 0.189401 0.539944 0.641327 0.767476 0.441195 0.306937 0.111013 0.625851 0.680279 0.838092 0.725806 0.022661 0.731115 0.056411 0.846701 0.904183 0.136653 
0.552765 0.721729 0.473704 0.983291 0.699629 0.057280 0.640131 0.075829 0.289552 0.587314 0.335880 0.171033 0.133342 0.475573 0.177070 0.992959 0.007337 0.699421 0.402611 0.560229 0.471624 0.694263 0.448700 0.472051 0.456530 
0.732339 0.666162 0.563502 0.833516 0.678718 0.260840 0.937457 0.269712 0.042601 0.040183 0.247335 0.484177 0.516838 0.563425 0.906107 0.355224 0.171473 0.355887 0.700269 0.552656 0.634766 0.584924 0.752844 0.937426 0.936248 
0.826987 0.961974 0.425119 0.151827 0.498778 0.832336 0.931756 0.026082 0.450898 0.597364 0.019666 0.154635 0.797393 0.338710 0.046766 0.891364 0.948497 0.640989 0.553369 0.262099 0.044441 0.999443 0.590997 0.076111 0.373600 
0.925757 0.565300 0.032459 0.432278 0.753647 0.780958 0.798830 0.728307 0.871482 0.946245 0.685213 0.985959 0.251277 0.834349 0.799166 0.180755 0.910138 0.900481 0.613855 0.402107 0.597510 0.235782 0.196428 0.401915 0.794137 
0.870151 0.605016 0.293270 0.421760 0.773194 0.728885 0.527416 0.354642 0.358893 0.446120 0.166110 0.274006 0.612730 0.429734 0.035493 0.158987 0.859019 0.824708 0.774908 0.041620 0.963067 0.155141 0.408906 0.561569 0.961139 
0.525057 0.788899 0.835198 0.059697 0.133457 0.457451 0.681313 0.542694 0.242877 0.919416 0.916825 0.550702 0.059000 0.597606 0.208712 0.006445 0.564222 0.963410 0.205091 0.981409 0.121258 0.582037 0.955963 0.568290 0.980935 
0.516406 0.357533 0.874512 0.648770 0.826689 0.513445 0.248123 0.539645 0.805184 0.118291 0.499432 0.724341 0.813703 0.906565 0.637137 0.132510 0.207878 0.077753 0.670540 0.760391 0.369146 0.481404 0.860375 0.118546 0.368668 
0.911369 0.280941 0.102093 0.828653 0.330622 0.929903 0.877605 0.965937 0.997434 0.102308 0.735508 0.408447 0.321457 0.515439 0.284406 0.037887 0.803684 0.747845 0.698868 0.476062 0.374472 0.426142 0.992349 0.742582 0.317472 
0.522261 0.528286 0.559648 0.047802 0.880763 0.969074 0.035024 0.286866 0.806007 0.604575 0.450800 0.764191 0.024876 0.291055 0.689429 0.765667 0.112454 0.825112 0.278231 0.765432 0.540351 0.455108 0.844676 0.475248 0.595937 
0.205269 0.988648 0.729451 0.996486 0.230740 0.217431 0.241455 0.107030 0.254055 0.652833 0.094565 0.595547 0.202478 0.596154 0.708157 0.793064 0.484308 0.949549 0.335012 0.886223 0.279176 0.820196 0.566302 0.879689 0.935804 
0.850911 0.996701 0.070357 0.153101 0.927971 0.469425 0.000227 0.335055 0.183952 0.829289 0.223698 0.514779 0.085618 0.358616 0.806170 0.983978 0.334321 0.717888 0.039192 0.576111 0.175791 0.911599 0.538392 0.264757 0.542439 
0.636178 0.809388 0.850267 0.438987 0.028998 0.161686 0.526061 0.803817 0.999401 0.762576 0.391809 0.201192 0.635550 0.250896 0.916622 0.412559 0.351270 0.100085 0.603328 0.007983 0.072983 0.060032 0.747260 0.517799 0.993630 
0.651883 0.636914 0.829326 0.428773 0.649456 0.792769 0.067597 0.046701 0.929005 0.978705 0.547485 0.283419 0.675810 0.256884 0.090933 0.756488 0.149187 0.541082 0.293252 0.546281 0.989756 0.496460 0.643930 0.740500 0.480427 
0.070111 0.027521 0.939964 0.460644 0.570001 0.084885 0.072570 0.047636 0.569739 0.147506 0.229498 0.376143 0.310298 0.985999 0.506255 0.739951 0.495971 0.906350 0.544013 0.847766 0.006380 0.683086 0.541388 0.068635 0.220948 
0.687536 0.758135 0.048627 0.730302 0.049899 0.105204 0.077217 0.880727 0.061567 0.412980 0.897939 0.222670 0.055091 0.330469 0.535197 0.685505 0.567330 0.639397 0.352856 0.941371 0.985945 0.711839 0.998703 0.836312 0.751435 
0.494462 0.721101 0.895046 0.226440 0.691535 0.310278 0.203709 0.593503 0.680584 0.466012 0.427999 0.125865 0.125797 0.700562 0.907525 0.947224 0.438244 0.146126 0.724101 0.748044 0.573911 0.741965 0.857916 0.647189 0.064226 
0.077178 0.105506 0.231702 0.165443 0.553281 0.513126 0.932613 0.686616 0.512943 0.478884 0.695665 0.236636 0.971127 0.445165 0.863096 0.645199 0.994358 0.815451 0.527741 0.390093 0.513473 0.628124 0.169739 0.559790 0.071051 
0.765244 0.893744 0.943517 0.532348 0.186733 0.035204 0.524055 0.441586 0.431848 0.373561 0.349187 0.256062 0.730615 0.183541 0.902815 0.407960 0.906921 0.927164 0.872795 0.091850 0.363398 0.130041 0.201515 0.504241 0.705988 
0.731022 0.674110 0.722212 0.493044 0.386943 0.420121 0.692378 0.413341 0.913343 0.750875 0.633736 0.492175 0.077579 0.699186 0.657644 0.549727 0.817938 0.434467 0.235526 0.143208 0.890026 0.998850 0.290604 0.002891 0.927420 

-0.332551 -0.288014 -0.676257 0.095662 0.302094 0.209727 -0.078626 -0.537764 -0.114492 -0.644388 -0.520930 -0.183878 -0.513131 -0.516716 0.209690 0.180428 0.154316 0.203112 -0.249252 -0.122933 -0.564045 -0.636840 -0.870263 -1.394175 -0.834086 
-0.097078 -0.923242 -1.468746 -0.906129 0.038556 -1.051490 -0.745839 -0.605089 -0.078406 -0.456158 -0.092909 -0.299534 -0.388067 0.075581 -0.049631 -0.269061 -0.492632 0.374725 0.419266 0.696960 -1.548554 -0.578086 -0.608296 -1.229358 -1.029425 
-0.690889 -0.024266 -0.442400 0.148219 -0.395689 -0.527767 -0.302291 -0.862900 -0.992920 -0.265049 -0.020334 -0.827778 -0.193517 0.401512 -0.172443 0.023874 0.243640 0.070593 0.240407 0.127681 -1.255391 -1.067271 -0.321665 -1.399723 -0.945238 
-0.597784 -0.701971 -0.192091 -0.689518 0.241185 -1.351552 -0.415073 0.010350 -0.638459 -0.552065 -0.926701 -0.919606 -0.913506 -0.180214 0.225856 -0.005866 0.437239 0.108032 -0.250841 -1.080891 -0.191390 -1.121823 -0.113101 -1.509998 -1.861426 
-0.248060 -1.115948 -0.333907 -0.260409 -0.510234 0.395727 0.194122 -0.799626 0.329185 0.034871 0.045071 -0.654802 -0.335865 0.393074 -0.323649 -0.195065 -0.321689 -0.288136 -0.389623 -1.360373 0.125924 -0.836777 -1.848388 -2.481538 -1.802626 
-0.541788 -0.297053 -0.274443 -0.922648 -0.445827 -0.608160 0.050981 -0.929385 -0.472574 0.129277 -0.373366 -0.865629 -0.287994 -0.304951 -0.028148 -0.436696 -0.363924 -0.234511 -1.214070 0.141013 -1.684614 0.123426 -1.799386 -2.258695 -0.215113 
-0.669981 -0.875703 -0.580892 -1.032685 -0.841112 0.056590 -0.860450 -0.250403 -0.083268 -0.447841 0.299151 -0.210651 -0.287111 0.355210 0.177258 -0.159421 -0.300393 -0.231895 -1.140435 -1.400309 -0.651473 -0.981998 -1.175517 -1.304158 -1.121961 
-0.814285 -1.271084 -0.047139 -0.671666 -0.749208 -0.059460 -1.028902 -0.237748 -0.422394 -0.471026 -0.585304 -0.394947 -0.839294 0.439403 -0.188450 0.100757 -0.011692 -0.354569 -0.985261 -0.805986 -1.303238 -1.055372 -1.613815 -1.927369 -1.929909 
-0.595510 -0.692044 -0.563058 -0.102139 -0.772436 -0.752742 -0.871794 -0.740246 0.108582 -0.564213 0.087794 0.615481 -0.449536 -0.063485 0.179170 -0.256620 -0.169146 -1.155267 -1.074550 -0.554460 -0.314857 -2.185263 -0.905646 0.116474 -0.915149 
-1.247196 -0.756424 -0.378929 -0.043613 -0.740130 -0.599571 -0.699086 -0.701417 -0.961306 -1.119097 -0.010468 -0.703815 0.075789 0.074886 0.123112 -0.146446 -0.509840 -2.446409 -1.307964 -0.847918 -1.572956 -0.469826 -0.145227 -1.000115 -1.698361 
-0.925333 -0.813164 -0.619595 -0.727844 -1.121590 -0.766096 0.064291 -0.933959 -0.468074 -0.628327 -0.058877 -0.530765 -0.761985 -0.334795 -0.401568 0.069133 -1.332173 -1.544335 -1.341828 -0.116761 -2.246762 -0.062745 -1.030393 -1.167277 0.632626 
1.211838 1.569807 2.066765 0.050773 0.379463 1.864937 0.994944 1.301997 1.399148 1.698091 1.880451 1.334875 0.413531 1.081943 -0.197739 -0.056820 0.531218 0.622432 0.429524 0.818827 0.362438 0.801214 0.919313 0.110910 1.395916 
1.370041 0.410640 1.632670 1.269995 1.350585 1.280535 0.492039 1.153735 1.858423 0.668485 1.660014 1.531133 1.421431 2.024160 1.354013 -0.202128 -0.034886 0.127126 0.288286 0.491077 0.260023 0.722365 1.055162 0.053856 0.880118 
2.393485 0.353524 -0.146401 1.946997 0.750133 1.706583 1.960454 2.145097 2.056222 0.006064 1.125348 0.917794 0.718846 1.075288 0.884606 -0.548419 0.909061 1.059298 0.955311 0.115759 0.606417 0.388408 1.259844 0.505182 0.373385 
0.908773 1.235832 0.838819 0.604101 1.492847 2.174580 0.264662 0.843141 1.365166 1.152956 0.575509 1.256281 0.110123 0.357194 1.472560 1.779547 0.141590 0.492770 0.230486 1.124897 0.333993 0.422991 0.032683 1.051157 0.884746 
0.322105 2.024064 1.369497 2.017771 0.559344 0.042692 0.881094 0.284882 0.373389 1.634373 -0.509219 1.135990 0.310315 1.897298 1.524856 0.956808 0.323088 1.061499 0.848271 0.244576 0.214578 0.145995 0.024536 0.674442 1.061423 
1.652027 2.401369 -0.176883 0.074614 2.199882 0.901981 -0.557824 0.365839 -0.535059 1.899146 0.840225 1.401328 -0.505850 0.497375 1.713921 2.245235 0.331218 0.778026 0.092822 0.424964 0.273074 1.103056 0.346865 -0.115711 0.787571 
1.530611 1.077262 1.824735 0.715991 0.226254 -0.076319 1.237057 1.461724 1.921825 1.119444 0.951734 -0.118746 1.375916 1.008351 1.934636 0.532329 0.180791 -0.104694 0.355213 0.067764 -0.279952 -0.001041 0.974142 0.784247 1.144593 
0.637865 1.123929 1.796100 0.976268 0.960523 1.513589 0.284075 -0.024112 2.263377 1.774518 0.845512 0.749619 1.113672 -0.252767 0.495880 1.485968 0.597152 0.580322 0.233485 -0.215169 0.729099 0.341223 0.826978 1.288992 0.656000 
-0.193349 0.125254 2.316768 0.815638 0.955775 -0.419915 0.273477 -0.302598 1.669175 0.340956 0.299983 0.997130 1.062502 1.850407 1.105875 1.371422 0.936982 1.190535 0.182377 0.826637 -0.246774 0.617460 0.311172 0.118908 -0.043213 
1.240746 1.308387 -0.522130 1.524399 0.459243 0.325750 -0.063271 1.856512 0.013922 0.924083 1.554082 0.290990 0.443878 0.310672 1.117103 1.362481 1.443215 0.580495 0.162772 1.355611 0.780165 0.596774 0.898951 0.932009 0.319100 
1.312544 1.006088 1.411618 0.328497 1.306956 1.144946 -0.171838 1.971245 1.032274 0.980972 0.929420 0.329456 0.506387 1.388181 1.787054 2.286448 0.650070 0.340786 0.700207 0.751277 0.333116 1.033944 0.835017 0.901371 -0.340146 
-0.235313 -0.134349 0.670404 0.644744 1.504697 1.390123 2.129273 1.103674 0.405667 0.614090 1.445651 0.338613 1.765120 0.688298 2.161702 1.124041 2.056792 1.705634 0.876614 -0.135951 0.706332 0.494913 0.438137 0.784420 0.283381 
1.702343 1.592695 1.526089 1.152456 0.346787 0.589383 1.052760 0.658025 0.867804 0.743533 0.720546 0.310334 1.436023 0.561504 2.080265 0.886867 1.395444 1.625909 0.001242 -0.289628 -0.151577 0.112774 0.659455 0.565433 0.819990 
1.490921 1.263559 1.034127 1.118435 1.086937 1.378289 0.963374 0.828117 1.912507 1.115026 1.462450 0.899360 0.257601 1.535136 1.799921 0.734761 1.882213 0.650970 -0.094689 0.068038 1.015210 1.114374 0.305055 0.172226 0.606930 
