-2.0 -2.0 -2.0 -2.0 -2.0 -2.0 -2.0 -2.0 -2.0 1.0 1.0 1.0 1.0 1.0 1.0 1.0 1.0 1.0 1.0 1.0 1.0 1.0 1.0 1.0 1.0 
-2.0 -2.0 -2.0 -2.0 -2.0 -2.0 -2.0 -2.0 -2.0 -2.0 1.0 1.0 1.0 1.0 1.0 1.0 1.0 1.0 1.0 1.0 1.0 1.0 1.0 1.0 1.0 
-2.0 -2.0 -2.0 -2.0 -2.0 -2.0 -2.0 -2.0 -2.0 -2.0 1.0 1.0 1.0 1.0 1.0 1.0 1.0 1.0 1.0 1.0 1.0 1.0 1.0 1.0 1.0 
-2.0 -2.0 -2.0 -2.0 -2.0 -2.0 -2.0 -2.0 -2.0 -2.0 -2.0 1.0 1.0 1.0 1.0 1.0 1.0 1.0 1.0 1.0 1.0 1.0 1.0 1.0 1.0 
-2.0 -2.0 -2.0 -2.0 -2.0 -2.0 -2.0 -2.0 -2.0 -2.0 -2.0 -2.0 1.0 1.0 1.0 1.0 1.0 1.0 1.0 1.0 1.0 1.0 1.0 1.0 1.0 
-2.0 -2.0 -2.0 -2.0 -2.0 -2.0 -2.0 -2.0 -2.0 -2.0 -2.0 -2.0 1.0 1.0 1.0 1.0 1.0 1.0 1.0 1.0 1.0 1.0 1.0 1.0 1.0 
-2.0 -2.0 -2.0 -2.0 -2.0 -2.0 -2.0 -2.0 -2.0 -2.0 -2.0 -2.0 -2.0 1.0 1.0 1.0 1.0 1.0 1.0 1.0 1.0 1.0 1.0 1.0 1.0 
-2.0 -2.0 -2.0 -2.0 -2.0 -2.0 -2.0 -2.0 -2.0 -2.0 -2.0 -2.0 -2.0 1.0 1.0 1.0 1.0 1.0 1.0 1.0 1.0 1.0 1.0 1.0 1.0 
-2.0 -2.0 -2.0 -2.0 -2.0 -2.0 -2.0 -2.0 -2.0 -2.0 -2.0 -2.0 -2.0 2.0 1.0 1.0 1.0 1.0 1.0 1.0 1.0 1.0 1.0 1.0 1.0 
-2.0 -2.0 -2.0 -2.0 -2.0 -2.0 -2.0 -2.0 -2.0 -2.0 -2.0 -2.0 2.0 2.0 2.0 1.0 1.0 1.0 1.0 1.0 1.0 1.0 1.0 1.0 1.0 
-2.0 -2.0 -2.0 -2.0 -2.0 -2.0 -2.0 -2.0 -2.0 -2.0 -2.0 -2.0 2.0 2.0 2.0 2.0 1.0 1.0 1.0 1.0 1.0 1.0 1.0 1.0 1.0 
-2.0 -2.0 -2.0 -2.0 -2.0 -2.0 -2.0 -2.0 -2.0 -2.0 -2.0 -2.0 2.0 2.0 2.0 2.0 2.0 1.0 1.0 1.0 1.0 1.0 1.0 1.0 1.0 
-2.0 -2.0 -2.0 -2.0 -2.0 -2.0 -2.0 -2.0 -2.0 -2.0 -2.0 2.0 2.0 2.0 2.0 2.0 2.0 1.0 1.0 1.0 1.0 1.0 1.0 1.0 1.0 
-2.0 -2.0 -2.0 -2.0 -2.0 -2.0 -2.0 -2.0 -2.0 -2.0 -2.0 2.0 2.0 2.0 2.0 2.0 2.0 2.0 1.0 1.0 1.0 1.0 1.0 1.0 1.0 
-2.0 -2.0 -2.0 -2.0 -2.0 -2.0 -2.0 -2.0 -2.0 -2.0 -2.0 2.0 2.0 2.0 2.0 2.0 2.0 2.0 2.0 1.0 1.0 1.0 1.0 1.0 1.0 
-2.0 -2.0 -2.0 -2.0 -2.0 -2.0 -2.0 -2.0 -2.0 -2.0 2.0 2.0 2.0 2.0 2.0 2.0 2.0 2.0 2.0 0.0 1.0 1.0 1.0 1.0 1.0 
-2.0 -2.0 -2.0 -2.0 -2.0 -2.0 -2.0 -2.0 -2.0 -2.0 2.0 2.0 2.0 2.0 2.0 2.0 2.0 0.0 0.0 0.0 0.0 0.0 1.0 1.0 1.0 
-2.0 -2.0 -2.0 -2.0 -2.0 -2.0 -2.0 -2.0 -2.0 -2.0 2.0 2.0 2.0 2.0 2.0 0.0 0.0 0.0 0.0 0.0 0.0 0.0 0.0 0.0 1.0 
-2.0 -2.0 -2.0 -2.0 -2.0 -2.0 -2.0 -2.0 -2.0 2.0 2.0 2.0 2.0 2.0 0.0 0.0 0.0 0.0 0.0 0.0 0.0 0.0 0.0 0.0 0.0 
-2.0 -2.0 -2.0 -2.0 -2.0 -2.0 -2.0 -2.0 -2.0 2.0 2.0 2.0 0.0 0.0 0.0 0.0 0.0 0.0 0.0 0.0 0.0 0.0 0.0 0.0 0.0 
-2.0 -2.0 -2.0 -2.0 -2.0 -2.0 -2.0 -2.0 -2.0 2.0 0.0 0.0 0.0 0.0 0.0 0.0 0.0 0.0 0.0 0.0 0.0 0.0 0.0 0.0 0.0 
-2.0 -2.0 -2.0 -2.0 -2.0 -2.0 -2.0 -2.0 -2.0 0.0 0.0 0.0 0.0 0.0 0.0 0.0 0.0 0.0 0.0 0.0 0.0 0.0 0.0 0.0 0.0 
-2.0 -2.0 -2.0 -2.0 -2.0 -2.0 -2.0 -2.0 -1.0 -1.0 -1.0 -1.0 -1.0 -1.0 -1.0 -1.0 -1.0 -1.0 -1.0 -1.0 -1.0 -1.0 -1.0 -1.0 -1.0 
-2.0 -2.0 -2.0 -2.0 -2.0 -2.0 -1.0 -1.0 -1.0 -1.0 -1.0 -1.0 -1.0 -1.0 -1.0 -1.0 -1.0 -1.0 -1.0 -1.0 -1.0 -1.0 -1.0 -1.0 -1.0 
-2.0 -2.0 -2.0 -2.0 -2.0 -1.0 -1.0 -1.0 -1.0 -1.0 -1.0 -1.0 -1.0 -1.0 -1.0 -1.0 -1.0 -1.0 -1.0 -1.0 -1.0 -1.0 -1.0 -1.0 -1.0 

0.868642 0.488195 0.055222 0.900982 0.223592 0.525600 0.449296 0.589416 0.264347 0.677849 0.487099 0.982820 0.979108 0.741182 0.321083 0.345063 0.839895 0.777929 0.043563 0.599279 0.133828 0.364543 0.965389 0.858038 0.531749 
0.439326 0.126514 0.800226 0.895374 0.604034 0.082539 0.513040 0.535104 0.535165 0.999085 0.898206 0.816743 0.199742 0.405834 0.787072 0.655160 0.050162 0.186409 0.103866 0.828360 0.805856 0.423676 0.756839 0.475827 0.852234 
0.384499 0.055716 0.391554 0.940721 0.664949 0.370866 0.789908 0.225784 0.603068 0.932444 0.817591 0.504399 0.287238 0.094209 0.839195 0.204777 0.050459 0.549887 0.122787 0.440886 0.666055 0.036900 0.460553 0.193497 0.679004 
0.519603 0.854242 0.413602 0.459737 0.970538 0.731282 0.777129 0.618439 0.654745 0.012522 0.925325 0.383252 0.654481 0.921242 0.083785 0.942887 0.684458 0.198232 0.926329 0.358323 0.436983 0.207333 0.987397 0.845466 0.716885 
0.942463 0.202196 0.034600 0.043384 0.635121 0.971652 0.009576 0.473601 0.653024 0.162119 0.333835 0.635937 0.577639 0.566412 0.167795 0.852377 0.477938 0.407264 0.013388 0.745012 0.291960 0.043087 0.286358 0.921450 0.958107 
0.239000 0.234644 0.517695 0.617063 0.353971 0.142107 0.850133 0.734552 0.591803 0.377376 0.032304 0.378860 0.650307 0.050396 0.927623 0.401917 0.222873 0.858225 0.501073 0.005786 0.026446 0.277470 0.913729 0.886194 0.895049 
0.428781 0.594355 0.693677 0.631708 0.840151 0.089237 0.652153 0.058626 0.535174 0.326640 0.765074 0.639461 0.928606 0.429288 0.231316 0.056493 0.653245 0.742887 0.635121 0.175331 0.810684 0.133893 0.356669 0.062173 0.124945 
0.900374 0.020609 0.724341 0.928613 0.615898 0.882973 0.260673 0.755321 0.917647 0.611631 0.581611 0.523293 0.621617 0.739859 0.889366 0.184626 0.947409 0.923543 0.993042 0.028823 0.067556 0.766333 0.819311 0.250519 0.937892 
0.756366 0.750158 0.391008 0.342749 0.332583 0.716030 0.568372 0.704439 0.214283 0.354447 0.216363 0.793921 0.440016 0.216212 0.940553 0.346969 0.835004 0.020752 0.724157 0.349383 0.281862 0.409239 0.477230 0.425853 0.151772 
0.787457 0.814212 0.759230 0.310031 0.675599 0.536826 0.920601 0.404225 0.083635 0.249642 0.562642 0.582222 0.685360 0.976251 0.794718 0.011544 0.776967 0.343527 0.590317 0.669292 0.223422 0.508868 0.486283 0.887266 0.894634 
0.507645 0.269831 0.742924 0.080283 0.949098 0.924232 0.806437 0.789257 0.225618 0.151257 0.053427 0.227176 0.415692 0.717301 0.741800 0.254338 0.144603 0.039621 0.066185 0.167771 0.643911 0.783313 0.652242 0.219570 0.470324 
0.431309 0.131441 0.139449 0.394809 0.497879 0.013523 0.302169 0.822749 0.694437 0.174657 0.030055 0.366484 0.967107 0.885290 0.205123 0.424618 0.086067 0.528119 0.951291 0.529120 0.109883 0.284169 0.250681 0.944504 0.985347 
0.000746 0.401953 0.031721 0.265886 0.892392 0.095663 0.823814 0.592469 0.701038 0.861734 0.727620 0.760057 0.305792 0.106702 0.373238 0.448309 0.380534 0.201039 0.997421 0.278932 0.185155 0.285966 0.039308 0.800651 0.465811 
0.758564 0.152797 0.508956 0.084020 0.630465 0.631506 0.355430 0.438921 0.574942 0.141220 0.946904 0.865152 0.494810 0.271001 0.933436 0.636442 0.580270 0.453131 0.241774 0.868903 0.069206 0.125349 0.765232 0.500251 0.465774 
0.363642 0.717986 0.775873 0.966512 0.315322 0.851064 0.988258 0.455766 0.411258 0.250320 0.299210 0.206760 0.755109 0.966597 0.197536 0.459753 0.326664 0.291784 0.484508 0.961432 0.971973 0.142157 0.314021 0.073099 0.525439 
0.948319 0.791154 0.364462 0.954512 0.431365 0.364281 0.050798 0.314975 0.517687 0.897135 0.144370 0.869679 0.140680 0.251392 0.294547 0.250274 0.524714 0.900733 0.163667 0.757529 0.731055 0.322764 0.102736 0.550447 0.479747 
0.040479 0.652277 0.034653 0.036284 0.647955 0.270933 0.291363 0.961944 0.026092 0.411256 0.765422 0.623944 0.080175 0.221971 0.740203 0.622238 0.552267 0.583552 0.386070 0.128154 0.055491 0.583628 0.844169 0.313487 0.895202 
0.316731 0.645445 0.645810 0.939973 0.874962 0.607882 0.446949 0.086550 0.444375 0.081998 0.416141 0.956400 0.420286 0.964235 0.994378 0.101161 0.167335 0.807423 0.865555 0.693632 0.571065 0.895320 0.462867 0.909055 0.358528 
0.104301 0.489574 0.981320 0.192555 0.266878 0.502683 0.856329 0.812708 0.247035 0.023874 0.102574 0.049186 0.320788 0.209545 0.135755 0.062418 0.935486 0.716469 0.183716 0.430956 0.043029 0.795379 0.474853 0.343536 0.798355 
0.713009 0.621746 0.502211 0.032468 0.834750 0.384346 0.125781 0.995350 0.224592 0.060581 0.465177 0.882219 0.702425 0.963407 0.779025 0.060146 0.834148 0.797130 0.591309 0.013663 0.192328 0.975040 0.111792 0.166503 0.076872 
0.652920 0.083554 0.295256 0.759535 0.537855 0.203936 0.569126 0.289452 0.640050 0.319897 0.318154 0.517044 0.933766 0.553070 0.785748 0.469163 0.473089 0.035770 0.533356 0.780215 0.318469 0.074965 0.971882 0.231838 0.084121 
0.350827 0.775033 0.289088 0.116155 0.945272 0.006504 0.124962 0.905559 0.401458 0.240424 0.828991 0.732486 0.546567 0.113828 0.800409 0.103332 0.656628 0.871514 0.576489 0.161736 0.023360 0.253874 0.610000 0.415496 0.299585 
0.078372 0.809453 0.118718 0.519189 0.772450 0.327627 0.494109 0.200028 0.402809 0.241390 0.146511 0.630517 0.458411 0.313551 0.299153 0.202062 0.039091 0.971049 0.246949 0.617994 0.184835 0.622303 0.549526 0.756382 0.618346 
0.610141 0.626407 0.252505 0.376452 0.056126 0.039678 0.536253 0.129188 0.722528 0.000077 0.010597 0.962674 0.900103 0.674244 0.567484 0.266510 0.454538 0.680536 0.689920 0.776839 0.752381 0.591268 0.265720 0.356774 0.083843 
0.334983 0.603908 0.352905 0.512105 0.793372 0.440469 0.584357 0.949242 0.088980 0.519165 0.504198 0.982895 0.762616 0.199875 0.377395 0.337350 0.812119 0.629686 0.699396 0.374128 0.475898 0.565073 0.196495 0.804558 0.156540 

-1.784629 -0.879002 -0.070813 -1.888158 -0.323108 -1.025858 -0.784130 -1.201838 -0.542723 0.798419 0.489733 0.886888 1.028365 0.768406 0.254264 0.321527 0.663175 0.971366 0.045116 0.577301 -0.096745 0.508687 0.893951 0.849844 0.503583 
-1.041439 -0.285902 -1.773540 -1.972091 -1.378448 -0.124257 -1.154991 -1.108217 -1.195933 -2.031274 0.961995 0.914519 0.209801 0.261267 0.702662 0.587401 0.066505 0.349814 0.113768 0.851710 0.745953 0.283436 0.752775 0.560990 0.726533 
-0.849745 -0.049426 -0.783185 -1.825679 -1.372502 -0.833695 -1.535215 -0.413153 -1.295407 -1.613888 0.927845 0.351867 0.333717 -0.007274 0.825308 0.141705 -0.006344 0.413731 0.226435 0.397991 0.816597 -0.032399 0.520852 0.239286 0.572481 
-1.144377 -1.731265 -0.755404 -1.129788 -2.048583 -1.413702 -1.592026 -1.295337 -1.292948 0.032576 -1.701254 0.290829 0.623679 0.926349 0.191000 1.025509 0.722895 0.223076 0.910481 0.535295 0.539024 0.074280 1.024888 0.977051 0.543604 
-1.775371 -0.317286 -0.095971 -0.208105 -1.292027 -1.794552 0.137971 -0.850252 -1.297459 -0.231667 -0.606632 -1.237743 0.568788 0.464910 0.091579 0.789545 0.444149 0.515775 0.013727 0.903410 0.180684 0.041049 0.135192 0.999929 1.061931 
-0.647394 -0.385381 -1.049407 -1.141301 -0.569369 -0.474216 -1.693043 -1.569295 -1.250381 -0.789287 -0.128018 -0.749676 0.803938 -0.027947 0.934147 0.446754 0.258845 0.773466 0.330189 0.063920 -0.015757 0.153195 1.044967 0.868050 1.002371 
-0.744850 -1.130793 -1.410571 -1.281984 -1.652764 -0.137727 -1.277156 -0.073122 -1.151089 -0.671751 -1.450875 -1.432602 -2.008395 0.412356 -0.000288 -0.137184 0.624374 0.673605 0.708119 0.066867 0.969114 0.110959 0.365516 0.054317 0.072370 
-1.728409 -0.231772 -1.447602 -1.922999 -1.232463 -1.898088 -0.376793 -1.410065 -1.995491 -1.299014 -1.320678 -1.221894 -1.267584 0.722660 0.923952 0.158052 1.028340 0.994184 0.929933 0.101747 0.215047 0.774724 0.812779 0.263700 1.002898 
-1.642507 -1.451390 -0.828765 -0.525255 -0.625767 -1.507670 -1.308501 -1.323119 -0.459453 -0.648847 -0.501647 -1.541737 -0.747891 0.372673 0.930402 0.369471 0.867667 -0.026877 0.906381 0.455136 0.289860 0.240710 0.575304 0.355032 0.293672 
-1.674438 -1.328553 -1.516121 -0.425300 -1.447177 -1.064338 -1.866880 -0.975771 -0.287740 -0.511117 -1.104613 -1.324777 1.343759 1.987127 1.626953 0.014805 0.959971 0.320338 0.867355 0.454891 0.299838 0.343557 0.712224 0.860392 0.993652 
-0.925758 -0.558320 -1.360200 -0.012547 -1.935672 -1.943888 -1.566260 -1.456905 -0.454932 -0.112219 -0.055275 -0.514048 0.734189 1.439189 1.505370 0.499044 0.085049 0.082606 0.006118 0.270016 0.505215 0.856071 0.614400 0.212857 0.361335 
-0.716076 -0.083468 -0.266033 -0.880206 -0.890991 0.071645 -0.584881 -1.769003 -1.306021 -0.426465 -0.031006 -0.774076 1.972932 1.730084 0.366278 0.858780 0.237112 0.486860 0.824455 0.672883 0.197976 0.386696 0.201659 0.917155 1.096428 
-0.091976 -0.791959 0.073362 -0.483791 -1.712170 -0.235389 -1.645071 -1.222909 -1.578800 -1.484269 -1.467202 1.692565 0.552287 0.166614 0.848809 0.994056 0.791499 0.287569 0.990705 0.349808 0.057940 0.449260 0.027799 0.979255 0.339403 
-1.468128 -0.436925 -1.148938 -0.249823 -1.196651 -1.298352 -0.529595 -0.718453 -1.150244 -0.142628 -2.130559 1.618351 0.909652 0.512060 1.956159 1.105514 1.298225 0.774110 0.215643 0.902152 -0.084378 0.272247 0.921085 0.657791 0.320244 
-0.725946 -1.528473 -1.631144 -1.995077 -0.636983 -1.753004 -1.852845 -0.983821 -1.049653 -0.323675 -0.599600 0.480930 1.533794 1.766258 0.502015 0.928266 0.482623 0.496620 0.863583 0.934126 1.024512 -0.032752 0.337033 0.055192 0.536407 
-1.980430 -1.624104 -0.623199 -1.865115 -1.051780 -0.800027 -0.198845 -0.781738 -1.075500 -1.822673 0.391263 1.774600 0.434455 0.578056 0.727128 0.565446 1.112773 1.865348 0.242887 0.230340 0.709030 0.179924 0.289547 0.581118 0.566022 
-0.237485 -1.269437 0.021838 -0.081365 -1.413230 -0.417588 -0.627971 -1.973888 -0.028385 -0.863327 1.596886 1.183147 0.122766 0.408352 1.654137 1.418247 1.104910 -0.221440 0.017157 0.055771 0.313715 0.119666 0.922362 0.296774 0.923553 
-0.488053 -1.206667 -1.360364 -1.886530 -1.876428 -1.371896 -0.857253 -0.172952 -1.035001 -0.259991 1.008701 1.942736 1.009319 1.907979 2.056995 -0.055276 0.122188 0.037992 0.031949 -0.006751 0.165825 -0.137818 -0.024177 -0.276008 0.384136 
-0.262311 -0.918513 -2.150433 -0.535841 -0.357207 -1.228392 -1.710365 -1.825293 -0.406066 0.058742 0.211434 -0.007801 0.718707 0.483138 0.003617 0.126400 0.016652 -0.028613 -0.131057 -0.028119 0.054920 0.124440 -0.067614 -0.031801 -0.039446 
-1.483061 -1.344931 -1.139765 -0.014700 -1.788804 -0.930274 -0.266563 -1.909735 -0.384908 0.230267 0.903195 1.717217 0.034724 -0.060370 -0.127596 -0.168326 0.018396 0.051237 -0.076526 -0.167656 -0.044531 0.010430 0.255326 -0.239784 -0.117838 
-1.142415 -0.300539 -0.650724 -1.446840 -1.081314 -0.498501 -1.091167 -0.438529 -1.255719 0.642898 -0.115412 -0.001449 -0.018494 0.074312 0.082860 0.009207 0.058095 -0.089221 -0.014395 -0.023487 0.027139 -0.206500 -0.041879 0.116900 0.049015 
-0.605612 -1.487854 -0.706214 -0.266013 -1.984583 -0.005709 -0.179920 -1.865295 0.730679 -0.124245 -0.038702 0.048000 0.003413 -0.079049 -0.055767 -0.041528 -0.000340 -0.137448 0.009098 0.024960 -0.126702 0.096673 -0.055626 0.145418 0.050663 
-0.113353 -1.657518 -0.262235 -1.102269 -1.379655 -0.781123 -0.981124 -0.290277 -0.275766 -0.200737 -0.193908 -0.794784 -0.639111 -0.343932 -0.324970 -0.239676 0.183555 -0.941141 -0.290907 -0.581159 -0.003748 -0.598122 -0.576972 -0.607914 -0.579978 
-1.407322 -1.261315 -0.493576 -0.809914 -0.196676 -0.049510 -0.472695 -0.087421 -0.636124 -0.093418 -0.042430 -0.859161 -0.796173 -0.805374 -0.589137 -0.287374 -0.348517 -0.753898 -0.737123 -0.661575 -0.683069 -0.574405 -0.306405 -0.535560 -0.123394 
-0.576361 -1.203759 -0.605971 -0.930058 -1.756823 -0.486822 -0.623454 -1.090121 -0.274062 -0.553041 -0.660469 -1.023127 -0.647705 -0.221946 -0.374428 -0.378699 -0.790405 -0.586306 -0.598113 -0.468450 -0.437806 -0.532585 -0.144432 -0.775960 -0.029247 
