0.0 0.0 0.0 0.0 -2.0 -2.0 -2.0 -2.0 -2.0 -2.0 -2.0 -2.0 -2.0 -2.0 -2.0 -2.0 -2.0 -2.0 -2.0 -2.0 -2.0 -2.0 -2.0 -2.0 -2.0 
0.0 0.0 0.0 0.0 0.0 -2.0 -2.0 -2.0 -2.0 -2.0 -2.0 -2.0 -2.0 -2.0 -2.0 -2.0 -2.0 -2.0 -2.0 -2.0 -2.0 -2.0 -2.0 -2.0 -2.0 
0.0 0.0 0.0 0.0 0.0 0.0 -2.0 -2.0 -2.0 -2.0 -2.0 -2.0 -2.0 -2.0 -2.0 -2.0 -2.0 -2.0 -2.0 -2.0 -2.0 -2.0 -2.0 -2.0 -2.0 
0.0 0.0 0.0 0.0 0.0 0.0 0.0 -2.0 -2.0 -2.0 -2.0 -2.0 -2.0 -2.0 -2.0 -2.0 -2.0 -2.0 -2.0 -2.0 -2.0 -2.0 -2.0 -2.0 -2.0 
0.0 0.0 0.0 0.0 0.0 0.0 0.0 0.0 -2.0 -2.0 -2.0 -2.0 -2.0 -2.0 -2.0 -2.0 -2.0 -2.0 -2.0 -2.0 -2.0 -2.0 -2.0 -2.0 -2.0 
0.0 0.0 0.0 0.0 0.0 0.0 0.0 0.0 -2.0 -2.0 -2.0 -2.0 -2.0 -2.0 -2.0 -2.0 -2.0 -2.0 -2.0 -2.0 -2.0 -2.0 -2.0 -2.0 -2.0 
0.0 0.0 0.0 0.0 0.0 0.0 0.0 0.0 0.0 -2.0 -2.0 -2.0 -2.0 -2.0 -2.0 -2.0 -2.0 -2.0 -2.0 -2.0 -2.0 -2.0 -2.0 -2.0 -2.0 
0.0 0.0 0.0 0.0 0.0 0.0 0.0 0.0 0.0 0.0 2.0 -2.0 -2.0 -2.0 -2.0 -2.0 -2.0 -2.0 -2.0 -2.0 -2.0 -2.0 -2.0 -2.0 -2.0 
0.0 0.0 0.0 0.0 0.0 0.0 0.0 0.0 0.0 0.0 2.0 2.0 -2.0 -2.0 -2.0 -2.0 -2.0 -2.0 -2.0 -2.0 -2.0 -2.0 -2.0 -2.0 -2.0 
0.0 0.0 0.0 0.0 0.0 0.0 0.0 0.0 0.0 0.0 2.0 2.0 2.0 2.0 -2.0 -2.0 -2.0 -2.0 -2.0 -2.0 -2.0 -2.0 -2.0 -1.0 -1.0 
0.0 0.0 0.0 0.0 0.0 0.0 0.0 0.0 0.0 0.0 2.0 2.0 2.0 2.0 2.0 -2.0 -2.0 -2.0 -2.0 -2.0 -1.0 -1.0 -1.0 -1.0 -1.0 
0.0 0.0 0.0 0.0 0.0 0.0 0.0 0.0 0.0 0.0 2.0 2.0 2.0 2.0 2.0 2.0 -2.0 -1.0 -1.0 -1.0 -1.0 -1.0 -1.0 -1.0 -1.0 
0.0 0.0 0.0 0.0 0.0 0.0 0.0 0.0 0.0 0.0 2.0 2.0 2.0 2.0 2.0 2.0 1.0 -1.0 -1.0 -1.0 -1.0 -1.0 -1.0 -1.0 -1.0 
0.0 0.0 0.0 0.0 0.0 0.0 0.0 0.0 0.0 0.0 2.0 2.0 2.0 2.0 2.0 2.0 1.0 1.0 -1.0 -1.0 -1.0 -1.0 -1.0 -1.0 -1.0 
0.0 0.0 0.0 0.0 0.0 0.0 0.0 0.0 0.0 0.0 2.0 2.0 2.0 2.0 2.0 2.0 1.0 1.0 1.0 -1.0 -1.0 -1.0 -1.0 -1.0 -1.0 
0.0 0.0 0.0 0.0 0.0 0.0 0.0 0.0 0.0 0.0 2.0 2.0 2.0 2.0 2.0 2.0 1.0 1.0 1.0 1.0 -1.0 -1.0 -1.0 -1.0 -1.0 
0.0 0.0 0.0 0.0 0.0 0.0 0.0 0.0 0.0 0.0 2.0 2.0 2.0 2.0 2.0 2.0 1.0 1.0 1.0 1.0 1.0 -1.0 -1.0 -1.0 -1.0 
0.0 0.0 0.0 0.0 0.0 0.0 0.0 0.0 0.0 0.0 2.0 2.0 2.0 2.0 2.0 2.0 1.0 1.0 1.0 1.0 1.0 1.0 -1.0 -1.0 -1.0 
0.0 0.0 0.0 0.0 0.0 0.0 0.0 0.0 0.0 0.0 2.0 2.0 2.0 2.0 2.0 2.0 1.0 1.0 1.0 1.0 1.0 1.0 1.0 -1.0 -1.0 
0.0 0.0 0.0 0.0 0.0 0.0 0.0 0.0 0.0 0.0 2.0 2.0 2.0 2.0 2.0 2.0 1.0 1.0 1.0 1.0 1.0 1.0 1.0 1.0 -1.0 
0.0 0.0 0.0 0.0 0.0 0.0 0.0 0.0 0.0 0.0 2.0 2.0 2.0 2.0 2.0 1.0 1.0 1.0 1.0 1.0 1.0 1.0 1.0 1.0 1.0 
0.0 0.0 0.0 0.0 0.0 0.0 0.0 0.0 0.0 0.0 2.0 2.0 2.0 2.0 2.0 1.0 1.0 1.0 1.0 1.0 1.0 1.0 1.0 1.0 1.0 
0.0 0.0 0.0 0.0 0.0 0.0 0.0 0.0 0.0 0.0 2.0 2.0 2.0 2.0 2.0 1.0 1.0 1.0 1.0 1.0 1.0 1.0 1.0 1.0 1.0 
0.0 0.0 0.0 0.0 0.0 0.0 0.0 0.0 0.0 0.0 2.0 2.0 2.0 2.0 2.0 1.0 1.0 1.0 1.0 1.0 1.0 1.0 1.0 1.0 1.0 
0.0 0.0 0.0 0.0 0.0 0.0 0.0 0.0 0.0 0.0 2.0 2.0 2.0 2.0 2.0 1.0 1.0 1.0 1.0 1.0 1.0 1.0 1.0 1.0 1.0 

0.615344 0.925655 0.300972 0.534315 0.293503 0.717624 0.745519 0.518318 0.504055 0.865888 0.586952 0.841979 0.268321 0.669996 0.366455 0.854970 0.395722 0.083670 0.705273 0.742132 0.423743 0.850979 0.265136 0.836977 0.767214 
0.672435 0.111668 0.438780 0.836770 0.128456 0.483201 0.641727 0.567776 0.354025 0.199868 0.854132 0.699744 0.147006 0.467651 0.783452 0.464106 0.216719 0.225671 0.767370 0.548684 0.799859 0.096492 0.129411 0.755476 0.997533 
0.763107 0.453863 0.045681 0.067260 0.612376 0.633276 0.468546 0.395253 0.741067 0.517111 0.424047 0.199583 0.884164 0.751985 0.460712 0.709737 0.202293 0.907771 0.999440 0.793172 0.903803 0.698256 0.211275 0.393503 0.600401 
0.067222 0.001468 0.039403 0.181548 0.627278 0.680665 0.783958 0.363308 0.898004 0.968082 0.587007 0.801232 0.588879 0.447493 0.550629 0.579441 0.114131 0.325104 0.338499 0.648342 0.223447 0.732242 0.902531 0.096731 0.332958 
0.322840 0.527631 0.513418 0.304046 0.445231 0.734639 0.955836 0.918950 0.783016 0.435450 0.928569 0.027616 0.500670 0.446778 0.675350 0.953557 0.324635 0.195197 0.650553 0.917135 0.884683 0.485298 0.567893 0.269093 0.069221 
0.898048 0.893509 0.171471 0.626795 0.059950 0.119443 0.324802 0.074796 0.387845 0.783643 0.210852 0.237412 0.274488 0.094404 0.724483 0.541113 0.377821 0.163954 0.893617 0.544749 0.334792 0.623667 0.884076 0.619889 0.352722 
0.440106 0.611631 0.435874 0.281941 0.817830 0.611835 0.749231 0.421162 0.568739 0.501741 0.930069 0.617668 0.782213 0.803492 0.754463 0.390695 0.446884 0.297991 0.258556 0.607094 0.173530 0.762098 0.713956 0.350365 0.231210 
0.156397 0.610535 0.764560 0.098384 0.898550 0.917581 0.587140 0.391732 0.958208 0.850121 0.259978 0.905451 0.501551 0.201483 0.784924 0.611858 0.508159 0.800881 0.465665 0.682719 0.147684 0.888650 0.628830 0.588773 0.602289 
0.653083 0.612057 0.709935 0.440354 0.173329 0.381540 0.629262 0.863927 0.494129 0.363600 0.482440 0.271455 0.125799 0.795034 0.925824 0.977222 0.355693 0.941066 0.402075 0.735546 0.292492 0.955872 0.339022 0.407945 0.898160 
0.471753 0.156260 0.167685 0.418554 0.131947 0.870157 0.142940 0.264680 0.679953 0.065319 0.183653 0.220045 0.549799 0.249659 0.224026 0.716034 0.842039 0.279606 0.339696 0.603794 0.788454 0.212004 0.151772 0.195184 0.086921 
0.203691 0.232626 0.954273 0.454050 0.036381 0.588470 0.477320 0.119483 0.473829 0.369817 0.798268 0.083752 0.260528 0.593953 0.227600 0.764986 0.367383 0.045167 0.445199 0.622467 0.429433 0.518287 0.231176 0.104762 0.308365 
0.551599 0.974710 0.225252 0.432428 0.444896 0.648738 0.622965 0.150745 0.826046 0.367455 0.705335 0.314019 0.340015 0.942779 0.843475 0.093914 0.121524 0.118228 0.040641 0.406131 0.804961 0.045723 0.090703 0.478917 0.378622 
0.741740 0.881074 0.124484 0.510510 0.349402 0.827904 0.296975 0.233668 0.013736 0.858808 0.822441 0.564814 0.596028 0.296770 0.621804 0.352293 0.569394 0.256898 0.540523 0.868730 0.206549 0.514104 0.334783 0.905607 0.689898 
0.286066 0.237605 0.780998 0.591170 0.628055 0.852673 0.408166 0.148917 0.660254 0.915439 0.094538 0.312431 0.794795 0.476217 0.365410 0.978998 0.354877 0.906071 0.412625 0.334838 0.509164 0.082343 0.865772 0.093082 0.325893 
0.683065 0.698415 0.252319 0.657183 0.007503 0.763800 0.692650 0.756309 0.856248 0.222433 0.378028 0.765626 0.344088 0.736947 0.928630 0.143249 0.628567 0.704442 0.533844 0.477109 0.932183 0.222841 0.910583 0.197500 0.927530 
0.014100 0.950029 0.596711 0.194892 0.645982 0.810879 0.236687 0.332617 0.664676 0.749501 0.600743 0.922589 0.207910 0.121107 0.113506 0.330818 0.049859 0.517092 0.077131 0.119182 0.866016 0.872808 0.070835 0.983096 0.512518 
0.858974 0.121997 0.852189 0.384609 0.076610 0.069395 0.448926 0.730802 0.540679 0.707857 0.503722 0.939573 0.387278 0.591105 0.282478 0.531219 0.255814 0.463300 0.945672 0.759842 0.210135 0.600449 0.072853 0.020129 0.893279 
0.647536 0.519583 0.660319 0.036457 0.871897 0.208184 0.080779 0.232236 0.594857 0.137391 0.950120 0.241835 0.516768 0.299937 0.380503 0.550857 0.352867 0.260368 0.667143 0.935454 0.784487 0.395385 0.508252 0.136972 0.277054 
0.514281 0.003786 0.394271 0.076101 0.382772 0.174032 0.488433 0.325169 0.560259 0.430419 0.801639 0.595551 0.270251 0.105999 0.123672 0.207561 0.120738 0.421761 0.258179 0.198725 0.779447 0.894968 0.404225 0.239870 0.393721 
0.122610 0.520245 0.141235 0.651721 0.178196 0.638760 0.112598 0.173382 0.521867 0.326848 0.592526 0.327752 0.797398 0.970866 0.027049 0.751354 0.593936 0.708568 0.403314 0.584497 0.382776 0.912163 0.184785 0.616653 0.751973 
0.507600 0.133370 0.017156 0.191676 0.524467 0.569180 0.074555 0.138880 0.481305 0.077987 0.822155 0.958332 0.287674 0.814065 0.146946 0.785924 0.396946 0.209572 0.976253 0.983465 0.712225 0.531599 0.189195 0.569312 0.719272 
0.550454 0.223463 0.915773 0.791252 0.517469 0.851091 0.178686 0.768663 0.026242 0.659920 0.730959 0.408113 0.670400 0.548731 0.301267 0.069234 0.762846 0.248182 0.331792 0.898511 0.802401 0.072815 0.950188 0.535640 0.290823 
0.705066 0.627925 0.245535 0.489110 0.956829 0.130120 0.503604 0.913545 0.824000 0.018305 0.773598 0.394803 0.035229 0.274947 0.149420 0.770609 0.813223 0.569723 0.266505 0.155171 0.234463 0.949904 0.313447 0.742210 0.657073 
0.454781 0.734331 0.455385 0.880306 0.137860 0.959620 0.394866 0.610072 0.755006 0.092909 0.514894 0.334008 0.660444 0.113682 0.706959 0.203589 0.253641 0.883158 0.712629 0.695428 0.192596 0.350069 0.422579 0.843503 0.623272 
0.851183 0.998246 0.527514 0.470941 0.518773 0.127609 0.184660 0.401060 0.715690 0.684756 0.554659 0.019076 0.096813 0.140789 0.853284 0.250464 0.494495 0.645771 0.931135 0.627383 0.654817 0.018011 0.181790 0.874364 0.797514 

-0.035657 0.011052 0.045155 -0.030383 -0.503788 -1.514762 -1.548985 -1.136136 -0.977672 -1.804805 -1.233423 -1.689151 -0.649889 -1.234021 -0.685300 -1.664196 -0.688645 -0.133803 -1.352742 -1.407741 -0.924951 -1.561767 -0.489343 -1.646065 -1.633444 
-0.185129 -0.030805 -0.110584 0.126411 -0.006737 -0.945505 -1.288804 -1.114150 -0.793359 -0.618840 -1.725667 -1.256865 -0.357077 -0.836594 -1.518826 -0.736804 -0.372859 -0.605681 -1.541258 -0.925245 -1.673222 -0.340115 -0.192437 -1.456452 -1.895380 
0.067902 -0.050667 -0.086812 -0.167808 -0.122778 -0.190025 -0.944958 -0.872177 -1.433119 -1.173166 -0.790655 -0.354111 -1.849812 -1.483502 -1.023262 -1.542635 -0.539344 -1.886357 -1.986386 -1.626931 -1.899030 -1.303860 -0.311190 -0.887410 -1.159215 
-0.083630 -0.048115 -0.051534 0.002834 0.204059 -0.114697 -0.139614 -0.780268 -1.612160 -1.885663 -1.254041 -1.627200 -1.102123 -0.806825 -1.140169 -1.157132 -0.123994 -0.652201 -0.502417 -1.132902 -0.464576 -1.348875 -1.748845 -0.246798 -0.629540 
0.080917 -0.119876 0.056241 0.034904 -0.033948 -0.028727 0.101913 0.056140 -1.718412 -0.868520 -1.819305 -0.062136 -1.019756 -0.857399 -1.520532 -1.864245 -0.623875 -0.319865 -1.232814 -1.810934 -1.606683 -0.999617 -1.051668 -0.350052 -0.041049 
0.155062 -0.052049 0.077781 -0.063008 -0.021127 -0.081230 0.266041 0.260854 -0.939932 -1.564199 -0.375577 -0.518059 -0.578010 -0.104986 -1.445035 -0.997329 -0.688665 -0.365972 -1.751910 -1.156298 -0.717266 -1.382728 -1.917362 -1.250977 -0.734331 
-0.119567 0.043626 0.119020 0.143899 -0.029679 0.166321 0.091179 0.013009 0.028889 -0.894800 -1.787646 -1.373034 -1.528445 -1.310914 -1.430840 -0.700514 -0.930882 -0.625250 -0.228804 -1.070803 -0.284653 -1.552593 -1.439259 -0.884580 -0.404468 
0.013577 0.064007 -0.101524 -0.029606 -0.062018 0.007457 0.094486 -0.041147 -0.084575 0.039432 0.546678 -1.750401 -0.983767 -0.458240 -1.408969 -1.236959 -0.962097 -1.673437 -1.031627 -1.269760 -0.423986 -1.692873 -1.433828 -1.015620 -1.008411 
0.175139 0.007724 0.085436 0.017895 0.015084 0.176854 -0.008902 0.002520 0.050593 -0.058552 0.980527 0.686233 -0.146304 -1.766430 -1.899210 -1.819491 -0.544952 -1.815405 -0.786744 -1.443470 -0.466608 -2.060408 -0.725042 -0.840207 -1.936932 
0.146522 0.005903 0.140175 0.085924 0.062671 -0.193706 -0.091910 0.063173 0.113703 -0.071566 0.264533 0.622455 1.018209 0.646018 -0.495953 -1.466661 -1.604250 -0.488937 -0.759015 -1.100122 -1.562788 -0.668822 -0.239461 -0.071815 -0.185225 
0.009011 -0.072107 -0.029314 -0.068975 0.035255 0.137174 -0.117039 0.079417 0.158111 -0.002284 1.778575 0.262571 0.463987 1.023089 0.488544 -1.521148 -0.728538 -0.058472 -0.828138 -1.238997 -0.522615 -0.734669 -0.217346 -0.093648 -0.306169 
-0.103420 -0.034671 -0.048558 -0.033240 0.189047 0.329954 0.057721 -0.035810 0.058052 0.010034 1.393101 0.644840 0.692493 1.651470 1.764392 0.191302 -0.237296 0.044314 -0.135495 -0.476905 -0.904612 0.011551 -0.179388 -0.630992 -0.389382 
0.059029 -0.085269 -0.059564 -0.042395 -0.079973 0.264555 0.110978 0.093238 -0.056670 -0.099811 1.727770 1.163292 1.178653 0.753155 1.245343 0.858749 0.580813 -0.281091 -0.390912 -0.788362 -0.044193 -0.556190 -0.410211 -0.924874 -0.717821 
0.130625 -0.105895 0.038799 0.037981 0.085550 0.105526 0.131389 -0.083181 0.091532 0.105349 0.171145 0.682367 1.493027 0.874403 0.741882 1.990937 0.364369 1.271721 -0.226388 -0.310427 -0.554809 0.043522 -0.872912 0.004560 -0.323391 
0.038622 -0.018485 -0.032814 0.155040 -0.021548 -0.069176 -0.073372 -0.051664 -0.196713 -0.171133 0.828174 1.447754 0.796432 1.391667 1.803213 0.342747 0.641020 0.709974 0.628969 -0.499679 -1.030529 -0.286805 -0.983946 -0.020256 -0.899690 
0.055276 -0.113096 0.045254 0.005617 -0.106246 -0.176661 0.178758 -0.068657 -0.038625 0.097077 1.030123 2.112892 0.274857 0.087862 0.261362 0.599964 0.139553 0.566110 0.165957 0.223011 -0.715360 -0.826524 0.135458 -1.030076 -0.571335 
0.027634 0.035095 -0.030671 0.011583 0.086421 -0.061278 0.082611 0.122422 -0.081362 -0.072158 0.885216 1.987934 0.772435 1.255952 0.542122 1.140547 0.407213 0.509028 1.014317 0.792386 0.335736 -0.523324 -0.024905 0.085182 -0.902355 
-0.070512 -0.124433 -0.106107 0.105500 0.041761 -0.103292 -0.056094 -0.095914 -0.051639 0.127573 1.868443 0.607802 1.215638 0.695884 0.755120 1.003637 0.419879 0.330387 0.559933 0.846527 0.650984 0.533051 -0.646927 -0.285680 -0.230541 
0.059158 0.064060 -0.214442 -0.097492 -0.076092 -0.116814 -0.009587 0.034612 -0.022344 -0.029320 1.588494 1.224902 0.573399 0.219257 0.248632 0.455790 0.195167 0.353619 0.421517 -0.089142 0.808309 1.008735 0.390927 -0.246279 -0.292839 
-0.071918 -0.060488 0.167400 -0.016986 -0.030995 0.015021 0.115657 -0.088431 0.063845 -0.113001 1.094890 0.529155 1.637521 2.153710 0.007771 1.519422 0.654744 0.766695 0.309906 0.575889 0.413926 0.990909 -0.068690 0.633278 -0.754272 
0.005833 -0.082383 -0.044529 -0.106535 -0.063101 0.090880 0.000683 -0.131838 0.055381 0.009029 1.682505 1.922705 0.500181 1.580177 0.258667 0.673484 0.463991 0.202202 0.863485 1.007103 0.941749 0.577883 -0.053804 0.607517 0.655424 
-0.036359 0.047790 -0.075757 0.072499 -0.015469 0.096540 0.083579 -0.042598 0.018958 0.071249 1.515980 0.855884 1.373754 1.069705 0.693410 0.016564 0.770486 0.171843 0.165960 0.910984 0.626305 -0.031887 0.911076 0.610257 0.385481 
0.105444 -0.006147 -0.017212 -0.183241 -0.159187 0.126832 0.038407 0.037664 -0.009173 -0.012689 1.497468 0.780982 0.150957 0.512747 0.156774 0.630294 0.776861 0.702121 0.130440 0.022616 0.247799 1.039958 0.167366 0.864124 0.592343 
0.064853 0.081010 0.108614 -0.190654 0.059908 0.060116 0.109818 0.140763 -0.040158 0.074125 1.131559 0.525996 1.330967 0.185777 1.521673 0.144952 0.266861 0.962156 0.731052 0.749003 0.051345 0.270213 0.502626 0.879317 0.692879 
0.012319 0.165568 -0.076935 0.033088 0.161617 0.009049 0.024597 0.044357 -0.014476 -0.055772 1.324470 -0.017069 0.228989 0.287702 1.606744 0.322328 0.298781 0.708895 0.883478 0.680135 0.649273 0.065475 0.147486 0.714849 0.762549 
