2.0 1.0 1.0 0.0 0.0 0.0 0.0 0.0 0.0 0.0 0.0 0.0 0.0 -1.0 -1.0 -1.0 -1.0 -1.0 -1.0 -1.0 -1.0 -1.0 -1.0 -1.0 -1.0 
2.0 1.0 1.0 0.0 0.0 0.0 0.0 0.0 0.0 0.0 0.0 0.0 0.0 -1.0 -1.0 -1.0 -1.0 -1.0 -1.0 -1.0 -1.0 -1.0 -1.0 -1.0 -1.0 
2.0 1.0 1.0 0.0 0.0 0.0 0.0 0.0 0.0 0.0 0.0 0.0 0.0 0.0 -1.0 -1.0 -1.0 -1.0 -1.0 -1.0 -1.0 -1.0 -1.0 -1.0 -1.0 
2.0 1.0 1.0 0.0 0.0 0.0 0.0 0.0 0.0 0.0 0.0 0.0 0.0 0.0 -1.0 -1.0 -1.0 -1.0 -1.0 -1.0 -1.0 -1.0 -1.0 -1.0 -1.0 
2.0 1.0 1.0 0.0 0.0 0.0 0.0 0.0 0.0 0.0 0.0 0.0 0.0 0.0 -1.0 -1.0 -1.0 -1.0 -1.0 -1.0 -1.0 -1.0 -1.0 -1.0 -1.0 
2.0 1.0 1.0 0.0 0.0 0.0 0.0 0.0 0.0 0.0 0.0 0.0 0.0 0.0 0.0 -1.0 -1.0 -1.0 -1.0 -1.0 -1.0 -1.0 -1.0 -1.0 -1.0 
2.0 1.0 1.0 0.0 0.0 0.0 0.0 0.0 0.0 0.0 0.0 0.0 0.0 0.0 0.0 -1.0 -1.0 -1.0 -1.0 -1.0 -1.0 -1.0 -1.0 -1.0 -1.0 
2.0 1.0 1.0 0.0 0.0 0.0 0.0 0.0 0.0 0.0 0.0 0.0 0.0 0.0 0.0 -1.0 -1.0 -1.0 -1.0 -1.0 -1.0 -1.0 -1.0 -1.0 -1.0 
2.0 1.0 1.0 0.0 0.0 0.0 0.0 0.0 0.0 0.0 0.0 0.0 0.0 0.0 0.0 0.0 -1.0 -1.0 -1.0 -1.0 -1.0 -1.0 -1.0 -1.0 -1.0 
2.0 1.0 1.0 0.0 0.0 0.0 0.0 0.0 0.0 0.0 0.0 0.0 0.0 0.0 0.0 0.0 -1.0 -1.0 -1.0 -1.0 -1.0 -1.0 -1.0 -1.0 -1.0 
2.0 1.0 1.0 0.0 0.0 0.0 0.0 0.0 0.0 0.0 0.0 0.0 0.0 0.0 0.0 0.0 -1.0 -1.0 -1.0 -1.0 -1.0 -1.0 -1.0 -1.0 -1.0 
2.0 1.0 1.0 0.0 0.0 0.0 0.0 0.0 0.0 0.0 0.0 0.0 0.0 0.0 0.0 0.0 0.0 -1.0 -1.0 -1.0 -1.0 -1.0 -1.0 -1.0 -1.0 
2.0 1.0 1.0 0.0 0.0 0.0 0.0 0.0 0.0 0.0 0.0 0.0 0.0 0.0 0.0 0.0 -2.0 -2.0 -2.0 -2.0 -2.0 -1.0 -1.0 -1.0 -1.0 
2.0 1.0 1.0 0.0 0.0 0.0 0.0 0.0 0.0 0.0 0.0 0.0 0.0 0.0 0.0 -2.0 -2.0 -2.0 -2.0 -2.0 -2.0 -2.0 -2.0 -2.0 -2.0 
2.0 1.0 1.0 0.0 0.0 0.0 0.0 0.0 0.0 0.0 0.0 0.0 0.0 -2.0 -2.0 -2.0 -2.0 -2.0 -2.0 -2.0 -2.0 -2.0 -2.0 -2.0 -2.0 
2.0 1.0 1.0 0.0 0.0 0.0 0.0 0.0 0.0 0.0 0.0 0.0 -2.0 -2.0 -2.0 -2.0 -2.0 -2.0 -2.0 -2.0 -2.0 -2.0 -2.0 -2.0 -2.0 
2.0 1.0 1.0 0.0 0.0 0.0 0.0 0.0 0.0 0.0 0.0 -2.0 -2.0 -2.0 -2.0 -2.0 -2.0 -2.0 -2.0 -2.0 -2.0 -2.0 -2.0 -2.0 -2.0 
2.0 1.0 1.0 0.0 0.0 0.0 0.0 0.0 0.0 -2.0 -2.0 -2.0 -2.0 -2.0 -2.0 -2.0 -2.0 -2.0 -2.0 -2.0 -2.0 -2.0 -2.0 -2.0 -2.0 
2.0 1.0 1.0 0.0 0.0 0.0 0.0 0.0 -2.0 -2.0 -2.0 -2.0 -2.0 -2.0 -2.0 -2.0 -2.0 -2.0 -2.0 -2.0 -2.0 -2.0 -2.0 -2.0 -2.0 
2.0 1.0 1.0 0.0 0.0 0.0 -2.0 -2.0 -2.0 -2.0 -2.0 -2.0 -2.0 -2.0 -2.0 -2.0 -2.0 -2.0 -2.0 -2.0 -2.0 -2.0 -2.0 -2.0 -2.0 
2.0 1.0 1.0 0.0 0.0 -2.0 -2.0 -2.0 -2.0 -2.0 -2.0 -2.0 -2.0 -2.0 -2.0 -2.0 -2.0 -2.0 -2.0 -2.0 -2.0 -2.0 -2.0 -2.0 -2.0 
2.0 1.0 1.0 0.0 -2.0 -2.0 -2.0 -2.0 -2.0 -2.0 -2.0 -2.0 -2.0 -2.0 -2.0 -2.0 -2.0 -2.0 -2.0 -2.0 -2.0 -2.0 -2.0 -2.0 -2.0 
2.0 1.0 1.0 -2.0 -2.0 -2.0 -2.0 -2.0 -2.0 -2.0 -2.0 -2.0 -2.0 -2.0 -2.0 -2.0 -2.0 -2.0 -2.0 -2.0 -2.0 -2.0 -2.0 -2.0 -2.0 
2.0 1.0 -2.0 -2.0 -2.0 -2.0 -2.0 -2.0 -2.0 -2.0 -2.0 -2.0 -2.0 -2.0 -2.0 -2.0 -2.0 -2.0 -2.0 -2.0 -2.0 -2.0 -2.0 -2.0 -2.0 
-2.0 -2.0 -2.0 -2.0 -2.0 -2.0 -2.0 -2.0 -2.0 -2.0 -2.0 -2.0 -2.0 -2.0 -2.0 -2.0 -2.0 -2.0 -2.0 -2.0 -2.0 -2.0 -2.0 -2.0 -2.0 

0.126397 0.329984 0.348781 0.943057 0.706441 0.523129 0.675545 0.842030 0.597044 0.806255 0.534635 0.927746 0.824251 0.772850 0.930462 0.437673 0.155270 0.986326 0.442620 0.399440 0.535066 0.561962 0.038069 0.670397 0.634410 
0.579560 0.081561 0.154436 0.612231 0.859663 0.742366 0.714409 0.800522 0.380883 0.329924 0.519783 0.805570 0.804955 0.043859 0.638380 0.540523 0.915556 0.951419 0.981792 0.280840 0.219064 0.206757 0.859517 0.157183 0.129159 
0.046110 0.991979 0.418999 0.742160 0.396130 0.163049 0.673785 0.120352 0.806912 0.795501 0.441661 0.926295 0.297682 0.030516 0.266186 0.240048 0.808950 0.385638 0.686014 0.566597 0.203710 0.782924 0.956172 0.008341 0.946809 
0.131411 0.868138 0.079781 0.687177 0.594242 0.977439 0.253505 0.650401 0.833383 0.515337 0.726913 0.443558 0.167697 0.039921 0.196609 0.279215 0.508802 0.150507 0.713149 0.515414 0.125153 0.215439 0.021437 0.483731 0.510880 
0.393939 0.026199 0.608004 0.314208 0.650366 0.377551 0.347971 0.022617 0.612075 0.151643 0.576737 0.777084 0.319399 0.513031 0.408098 0.987067 0.694967 0.951117 0.083839 0.952964 0.522282 0.545044 0.652463 0.476083 0.491391 
0.534449 0.852029 0.034641 0.463271 0.021623 0.701945 0.199174 0.057620 0.674244 0.678412 0.254106 0.222535 0.873417 0.762452 0.000556 0.691613 0.648918 0.080799 0.195516 0.876162 0.223820 0.158451 0.788250 0.830544 0.168857 
0.572605 0.616204 0.703771 0.665424 0.555195 0.460908 0.737847 0.693913 0.228645 0.090628 0.765578 0.842201 0.761560 0.483081 0.448549 0.881316 0.472713 0.582274 0.154318 0.114181 0.420488 0.717712 0.029168 0.429030 0.302004 
0.201133 0.337941 0.503983 0.350293 0.807654 0.117395 0.879883 0.664002 0.294302 0.174869 0.840940 0.152774 0.552520 0.131055 0.470389 0.751863 0.258433 0.454983 0.989894 0.987918 0.319686 0.778391 0.136856 0.998887 0.576037 
0.437977 0.703603 0.059860 0.800284 0.739969 0.284025 0.385581 0.786693 0.116635 0.543809 0.912358 0.540178 0.021543 0.837613 0.109391 0.624666 0.839734 0.908974 0.158975 0.978464 0.288470 0.362646 0.834013 0.370603 0.995273 
0.085218 0.472953 0.890680 0.832487 0.972436 0.667688 0.154081 0.112641 0.919396 0.363043 0.957264 0.038517 0.016829 0.156718 0.178919 0.608401 0.635257 0.102474 0.404412 0.882187 0.172421 0.747914 0.810372 0.138464 0.988145 
0.424478 0.635516 0.632502 0.423655 0.670155 0.732812 0.565814 0.389065 0.303299 0.630887 0.267700 0.409855 0.103734 0.059159 0.479357 0.223566 0.461381 0.786355 0.030444 0.461490 0.025024 0.117846 0.946156 0.468451 0.075029 
0.228802 0.489888 0.019189 0.093377 0.949628 0.448946 0.187217 0.841834 0.279515 0.216327 0.945842 0.594933 0.877265 0.317434 0.083257 0.356026 0.035938 0.780468 0.789359 0.036256 0.687573 0.093971 0.363257 0.796342 0.650850 
0.647090 0.990747 0.751006 0.870463 0.495162 0.968768 0.538976 0.223094 0.620220 0.139612 0.437180 0.575001 0.844780 0.012120 0.575005 0.267693 0.240099 0.530306 0.861043 0.513789 0.824458 0.382085 0.193569 0.442319 0.351089 
0.408625 0.958821 0.503749 0.189082 0.970896 0.566778 0.143794 0.535688 0.283806 0.471985 0.965363 0.124151 0.069341 0.206849 0.515690 0.094379 0.844848 0.904768 0.769031 0.917718 0.721711 0.046236 0.116332 0.980652 0.086055 
0.672899 0.323158 0.881146 0.752283 0.547853 0.341503 0.482439 0.843944 0.039027 0.070742 0.324672 0.278768 0.734373 0.543381 0.170652 0.748068 0.312625 0.927232 0.359323 0.761682 0.123382 0.008517 0.297547 0.194350 0.177021 
0.817953 0.901344 0.757313 0.191854 0.875110 0.036021 0.337693 0.021943 0.563229 0.473333 0.615866 0.343643 0.033721 0.712457 0.590280 0.487676 0.984590 0.632362 0.420111 0.074704 0.274687 0.538128 0.416265 0.529527 0.325641 
0.326475 0.907566 0.078555 0.164824 0.332545 0.918919 0.477975 0.667358 0.798160 0.978001 0.909271 0.850985 0.951937 0.145280 0.985491 0.665455 0.067609 0.808906 0.403747 0.227782 0.891006 0.901324 0.723119 0.425889 0.347347 
0.084693 0.146861 0.055889 0.351561 0.197548 0.680395 0.144084 0.855153 0.376473 0.669048 0.323406 0.559528 0.824226 0.993259 0.027721 0.088371 0.234279 0.399889 0.311298 0.432416 0.409832 0.700100 0.442336 0.545466 0.185946 
0.715655 0.958861 0.886667 0.356846 0.326977 0.364412 0.815219 0.327840 0.036917 0.706795 0.992471 0.844326 0.913694 0.984396 0.761977 0.485800 0.008661 0.718781 0.789851 0.145991 0.014962 0.317879 0.899171 0.382946 0.729830 
0.984786 0.674731 0.772707 0.604708 0.496295 0.081144 0.468197 0.708478 0.272061 0.827398 0.158223 0.350749 0.104103 0.073536 0.397481 0.695326 0.133417 0.844578 0.761600 0.089745 0.849822 0.054717 0.932126 0.392038 0.338118 
0.437866 0.735692 0.783643 0.662858 0.812310 0.084023 0.201113 0.896243 0.860851 0.172118 0.862880 0.867564 0.068251 0.322752 0.238780 0.833035 0.024365 0.466543 0.147896 0.316926 0.564674 0.796452 0.326784 0.010878 0.241483 
0.859466 0.778764 0.719121 0.911583 0.952250 0.988593 0.424890 0.020387 0.803249 0.431891 0.755899 0.252374 0.124636 0.638227 0.866478 0.181998 0.901160 0.658504 0.503148 0.650042 0.996738 0.662223 0.977819 0.471106 0.521957 
0.944095 0.130096 0.653609 0.865684 0.976325 0.499869 0.726787 0.093703 0.663811 0.152653 0.707276 0.456457 0.156377 0.276900 0.776373 0.307147 0.653241 0.224609 0.754498 0.233806 0.639536 0.986684 0.771464 0.496556 0.003914 
0.426799 0.066227 0.711783 0.406769 0.197713 0.123290 0.438182 0.167630 0.502553 0.149220 0.566675 0.910947 0.904418 0.533327 0.163997 0.506161 0.316473 0.908389 0.693029 0.380832 0.494515 0.036032 0.016870 0.595254 0.981778 
0.649631 0.596977 0.189356 0.445125 0.377810 0.109328 0.114716 0.970551 0.742958 0.431703 0.032906 0.016103 0.200588 0.783432 0.106111 0.783606 0.637991 0.778825 0.646764 0.231986 0.971774 0.738707 0.832892 0.049085 0.208159 

0.282889 -0.078180 0.056436 0.008443 0.186259 -0.080644 0.410601 0.073099 -0.108526 0.042513 -0.547640 -0.109998 -0.411731 -0.736865 -0.436452 -0.743063 -0.060580 -1.395956 -0.231586 -0.426593 -0.719032 -0.466260 -0.464809 -0.820258 -0.512481 
1.124150 -0.261442 0.073962 -0.238285 0.450016 -0.224907 -0.053702 -0.429813 0.125016 -0.534367 0.165215 0.336184 -0.224750 -0.011367 -0.810641 -0.319752 -0.417268 -1.364444 -0.957608 -0.326341 -0.665000 -0.295860 -0.859342 -0.010669 0.155560 
0.614259 1.156907 0.477044 -0.206630 -0.014492 -0.021713 -0.000291 0.059835 -0.350979 0.058880 0.245505 -0.180579 0.171075 -0.029829 0.371231 -0.327653 -0.864050 -0.649369 -0.611820 -0.283465 0.413501 -0.598333 -0.903484 0.108086 -0.802824 
0.479106 1.203395 -0.061265 0.168363 -0.344779 -0.216010 -0.038748 -0.459400 -0.124360 -0.164240 -0.076608 0.281716 0.344227 0.456716 -0.121284 -0.126790 -0.544229 0.030770 -0.322788 -0.790122 0.331089 -0.509085 0.112437 -0.476213 -0.355467 
0.607783 -0.027027 0.580838 -0.189313 0.035578 0.051224 0.576228 -0.075814 -0.238389 -0.208759 -0.280084 0.312803 0.090216 -0.263102 -0.303392 -0.728322 -0.341061 -1.288757 0.080714 -0.836326 -0.832767 -0.807808 -1.058451 -0.779713 -0.449203 
0.745531 0.317987 0.330581 -0.304371 0.176028 0.230755 -0.117313 0.505916 0.058355 -0.207915 -0.022922 0.257412 -0.803863 0.504549 -0.004679 -1.086775 -0.310852 -0.054168 -1.104063 -0.916040 0.459966 -0.525896 -1.147745 -0.374265 -0.154779 
1.528875 0.389053 0.974587 -0.272664 -0.435529 0.052458 0.020975 -0.002907 -0.573383 -0.007051 0.237518 0.024644 -0.255676 -0.375908 -0.141800 -1.107663 -0.815769 -0.154692 0.057729 0.012995 -0.245294 -0.997339 -0.068388 -0.423093 0.014623 
0.293835 0.118133 0.227487 -0.336989 -0.412282 0.369917 -0.161323 -0.222004 -0.308491 -0.141007 -0.364714 0.171249 0.051992 0.065994 0.411277 -0.898554 0.172197 -0.716616 -0.851204 -1.447593 -0.113725 -0.715103 -0.278793 -1.022407 0.145420 
1.279726 0.742698 0.140314 -0.356897 0.014903 0.197607 0.076505 -0.324924 -0.190155 -0.240429 -0.834780 0.494857 -0.328081 -0.534853 0.096846 -0.026034 -1.391585 -0.872176 0.466536 -1.122660 -0.229741 -0.166349 -0.571102 -0.793842 -1.215376 
-0.045286 -0.407196 0.955122 0.021680 -0.027329 0.031728 0.125979 0.212729 0.117353 -0.392817 -0.076160 -0.109902 0.123138 -0.204283 -0.161669 0.336624 -0.161076 0.390941 -0.357846 -0.830396 0.121420 -0.709934 -0.801186 0.183958 -0.614047 
0.701568 1.025986 0.672265 -0.067400 0.224221 -0.139611 0.136963 0.128520 -0.439936 0.409441 0.421794 0.346536 0.314790 -0.442520 0.292730 0.260909 -0.104899 -0.762184 -0.287993 -0.144801 -1.016993 -0.166363 -1.367426 0.002688 -0.300140 
0.043939 0.245553 0.558318 0.313468 -0.142809 0.239370 -0.278629 -0.003985 -0.369824 -0.200928 0.168488 0.215962 -0.478246 0.080372 0.082475 0.359096 0.050437 -0.830057 -0.245049 0.268083 -0.340258 0.097386 -0.283234 -1.153908 -0.326458 
1.026636 0.524053 0.664173 0.017268 0.047801 0.186239 0.065112 0.379907 -0.119703 -0.134004 -0.340889 0.431810 0.154386 -0.043033 -0.312578 -0.035709 -0.155111 -1.120925 -1.358056 -1.159445 -1.254506 -0.387944 0.284020 -0.766876 0.183132 
0.852638 0.724105 0.152793 0.116274 0.199293 -0.128695 0.397052 -0.103804 -0.243732 0.052245 0.473330 0.183081 -0.151754 -0.636678 0.370905 0.052171 -1.525536 -1.996780 -1.718052 -1.235121 -1.979039 -0.230864 -0.547209 -2.237741 -0.111628 
1.530505 0.628054 0.964140 -0.153101 0.015396 0.006303 -0.244632 -0.412879 -0.290880 -0.244583 0.241363 -0.105377 -0.576290 -0.798255 -0.081174 -1.885491 -0.737756 -2.268862 -0.988329 -1.437257 0.028822 -0.083944 -0.394366 -0.425292 -0.578811 
1.942074 0.685574 1.034641 0.011662 -0.222766 0.137620 -0.093915 -0.039977 0.028314 0.177551 -0.222776 -0.227780 0.093994 -1.242865 -1.429640 -1.525633 -2.039027 -0.850037 -1.702051 -1.084175 -0.903059 -1.400203 -1.088751 -1.007458 -0.608427 
0.451728 0.618706 0.278053 0.156836 -0.432691 0.154884 0.107106 -0.316377 0.132701 0.122765 -0.234211 -1.641035 -2.389731 -0.355839 -1.788986 -0.995973 -0.257702 -1.571689 -0.666774 -0.725598 -1.364413 -1.805788 -1.428263 -0.446181 -0.008902 
0.325069 -0.198753 0.301418 0.460007 -0.332680 -0.120826 0.224844 -0.138823 -0.159949 -0.708782 -0.486202 -1.047642 -1.361322 -1.647047 0.419732 0.024037 -0.856558 -1.266848 -0.536410 -1.052927 -0.760381 -1.676385 -1.036732 -1.022846 -0.289020 
1.962373 0.542588 0.958117 -0.158318 -0.015628 0.114226 0.415679 0.324033 -0.149106 -1.315335 -1.532250 -0.833026 -1.819988 -1.891040 -1.895305 -1.260186 0.031958 -0.741425 -1.024818 -0.801978 -0.240616 -0.364853 -1.702079 -0.783230 -1.558028 
2.021973 0.397344 1.192673 0.628348 0.197405 -0.566786 -1.090349 -1.163217 -0.278835 -2.401872 -0.337514 -1.075684 0.019586 -0.509758 -0.759931 -1.951593 0.194692 -1.562783 -1.778313 -0.186597 -1.417954 0.293898 -1.297205 -0.517481 -0.533594 
0.793132 0.560267 1.512227 0.202429 -0.459445 -0.460468 -0.392913 -1.668628 -1.523472 -0.419228 -1.306361 -1.894154 -0.335766 -0.467803 -1.078915 -1.725137 0.136950 -1.210780 -0.216130 -0.603314 -1.129529 -1.597983 -0.746100 0.127947 -0.160152 
1.950638 0.529177 0.748898 -0.298360 -2.082682 -2.200856 -0.357411 0.272363 -1.412383 -0.839794 -1.145053 -0.852089 -0.747634 -1.227528 -1.827300 -0.552031 -1.837088 -1.423708 -0.910436 -1.282446 -2.128900 -1.182026 -2.163365 -0.975210 -0.432561 
1.631709 0.388861 1.073053 -2.032555 -2.017162 -1.119417 -1.160425 0.076121 -0.849553 -0.350783 -1.106596 -1.100492 -0.454206 -0.627681 -1.215622 -0.492044 -1.113051 -0.089160 -1.359892 -0.478575 -1.264760 -1.848922 -1.336998 -1.311422 -0.034662 
1.037158 -0.314026 -1.021460 -0.840389 -0.431026 -0.217338 -1.189352 -0.691702 -1.158176 -0.223034 -0.689026 -1.769558 -1.923925 -1.326426 -0.485491 -0.868557 -0.793992 -2.113927 -1.117409 -0.224080 -0.722807 -0.070178 -0.250197 -1.433105 -2.278713 
-1.850703 -0.933540 -0.828740 -1.414507 -0.633521 -0.696817 -0.119401 -1.922464 -1.786821 -0.825010 -0.828199 0.102107 -0.839894 -1.682823 0.021360 -1.520593 -0.742935 -1.092362 -1.485622 -0.425550 -1.878394 -1.516067 -1.618712 -0.266509 -0.246597 
