-2.0 -2.0 0.0 0.0 0.0 0.0 0.0 0.0 0.0 0.0 0.0 0.0 0.0 0.0 0.0 0.0 0.0 0.0 0.0 0.0 0.0 0.0 0.0 0.0 0.0 
-2.0 -2.0 -2.0 -2.0 -2.0 0.0 0.0 0.0 0.0 0.0 0.0 0.0 0.0 0.0 0.0 0.0 0.0 0.0 0.0 0.0 0.0 0.0 0.0 0.0 0.0 
-2.0 -2.0 -2.0 -2.0 -2.0 -2.0 -2.0 -2.0 0.0 0.0 0.0 0.0 0.0 0.0 0.0 0.0 0.0 0.0 0.0 0.0 0.0 0.0 0.0 0.0 0.0 
-2.0 -2.0 -2.0 -2.0 -2.0 -2.0 -2.0 -2.0 -2.0 -2.0 -2.0 0.0 0.0 0.0 0.0 0.0 0.0 0.0 0.0 0.0 0.0 0.0 0.0 0.0 0.0 
-2.0 -2.0 -2.0 -2.0 -2.0 -2.0 -2.0 -2.0 -2.0 -2.0 -2.0 -2.0 -2.0 -2.0 0.0 0.0 0.0 0.0 0.0 0.0 0.0 0.0 0.0 0.0 0.0 
-2.0 -2.0 -2.0 -2.0 -2.0 -2.0 -2.0 -2.0 -2.0 -2.0 -2.0 -2.0 -2.0 -2.0 -2.0 -2.0 -2.0 0.0 0.0 0.0 0.0 0.0 0.0 0.0 0.0 
-2.0 -2.0 -2.0 -2.0 -2.0 -2.0 -2.0 -2.0 -2.0 -2.0 -2.0 -2.0 -2.0 -2.0 -2.0 -2.0 -2.0 -2.0 -2.0 -2.0 0.0 0.0 0.0 0.0 0.0 
2.0 2.0 -2.0 -2.0 -2.0 -2.0 -2.0 -2.0 -2.0 -2.0 -2.0 -2.0 -2.0 -2.0 -2.0 -2.0 -2.0 -2.0 -2.0 -2.0 -2.0 -2.0 -2.0 0.0 0.0 
2.0 2.0 2.0 2.0 -2.0 -2.0 -2.0 -2.0 -2.0 -2.0 -2.0 -2.0 -2.0 -2.0 -2.0 -2.0 -2.0 -2.0 -2.0 -2.0 -2.0 -2.0 -2.0 -2.0 -2.0 
2.0 2.0 2.0 2.0 2.0 2.0 -2.0 -2.0 -2.0 -2.0 -2.0 -2.0 -2.0 -2.0 -2.0 -2.0 -2.0 -2.0 -2.0 -2.0 -2.0 -2.0 -2.0 -2.0 -2.0 
2.0 2.0 2.0 2.0 2.0 2.0 2.0 -2.0 -2.0 -2.0 -2.0 -2.0 -2.0 -2.0 -2.0 -2.0 -2.0 -2.0 -2.0 -2.0 -2.0 -2.0 -2.0 -2.0 -2.0 
2.0 2.0 2.0 2.0 2.0 2.0 2.0 2.0 2.0 -2.0 -2.0 -2.0 -2.0 -2.0 -2.0 -2.0 -2.0 -2.0 -2.0 -2.0 -2.0 -2.0 -2.0 -2.0 -2.0 
2.0 2.0 2.0 2.0 2.0 2.0 2.0 2.0 2.0 2.0 2.0 -2.0 -2.0 -2.0 -2.0 -2.0 -2.0 -2.0 -2.0 -2.0 -2.0 -2.0 -2.0 -2.0 1.0 
2.0 2.0 2.0 2.0 2.0 2.0 2.0 2.0 2.0 2.0 2.0 2.0 -1.0 -1.0 -1.0 -1.0 -1.0 -1.0 1.0 1.0 1.0 1.0 1.0 1.0 1.0 
2.0 2.0 2.0 2.0 2.0 2.0 2.0 2.0 2.0 2.0 2.0 2.0 2.0 -1.0 -1.0 -1.0 -1.0 -1.0 1.0 1.0 1.0 1.0 1.0 1.0 1.0 
2.0 2.0 2.0 2.0 2.0 2.0 2.0 2.0 2.0 2.0 2.0 2.0 2.0 -1.0 -1.0 -1.0 -1.0 -1.0 1.0 1.0 1.0 1.0 1.0 1.0 1.0 
2.0 2.0 2.0 2.0 2.0 2.0 2.0 2.0 2.0 2.0 2.0 2.0 2.0 -1.0 -1.0 -1.0 -1.0 -1.0 1.0 1.0 1.0 1.0 1.0 1.0 1.0 
2.0 2.0 2.0 2.0 2.0 2.0 2.0 2.0 2.0 2.0 2.0 2.0 2.0 -1.0 -1.0 -1.0 -1.0 -1.0 1.0 1.0 1.0 1.0 1.0 1.0 1.0 
2.0 2.0 2.0 2.0 2.0 2.0 2.0 2.0 2.0 2.0 2.0 2.0 2.0 2.0 -1.0 -1.0 -1.0 -1.0 1.0 1.0 1.0 1.0 1.0 1.0 1.0 
2.0 2.0 2.0 2.0 2.0 2.0 2.0 2.0 2.0 2.0 2.0 2.0 2.0 2.0 -1.0 -1.0 -1.0 -1.0 1.0 1.0 1.0 1.0 1.0 1.0 1.0 
2.0 2.0 2.0 2.0 2.0 2.0 2.0 2.0 2.0 2.0 2.0 2.0 2.0 2.0 -1.0 -1.0 -1.0 -1.0 1.0 1.0 1.0 1.0 1.0 1.0 1.0 
2.0 2.0 2.0 2.0 2.0 2.0 2.0 2.0 2.0 2.0 2.0 2.0 2.0 2.0 2.0 -1.0 -1.0 -1.0 1.0 1.0 1.0 1.0 1.0 1.0 1.0 
2.0 2.0 2.0 2.0 2.0 2.0 2.0 2.0 2.0 2.0 2.0 2.0 2.0 2.0 2.0 -1.0 -1.0 -1.0 1.0 1.0 1.0 1.0 1.0 1.0 1.0 
2.0 2.0 2.0 2.0 2.0 2.0 2.0 2.0 2.0 2.0 2.0 2.0 2.0 2.0 2.0 -1.0 -1.0 -1.0 1.0 1.0 1.0 1.0 1.0 1.0 1.0 
2.0 2.0 2.0 2.0 2.0 2.0 2.0 2.0 2.0 2.0 2.0 2.0 2.0 2.0 2.0 -1.0 -1.0 -1.0 1.0 1.0 1.0 1.0 1.0 1.0 1.0 

0.746537 0.349636 0.877099 0.788233 0.481830 0.184731 0.582834 0.579971 0.664657 0.967862 0.161156 0.259864 0.600646 0.450624 0.770520 0.478276 0.479350 0.864613 0.140588 0.614561 0.981473 0.038855 0.628390 0.370706 0.779968 
0.192970 0.362486 0.463549 0.185493 0.193545 0.541237 0.554098 0.437522 0.305277 0.881086 0.489998 0.716685 0.493111 0.277559 0.146847 0.276552 0.295429 0.744757 0.688841 0.641812 0.403511 0.728741 0.847855 0.671903 0.995365 
0.212310 0.092154 0.396244 0.953858 0.067694 0.558616 0.876362 0.535249 0.166045 0.303508 0.893803 0.475456 0.396643 0.258803 0.634855 0.860513 0.784287 0.167737 0.078641 0.476775 0.702184 0.459496 0.387092 0.866940 0.193647 
0.303915 0.473801 0.172493 0.664767 0.028730 0.920256 0.084915 0.531193 0.806413 0.290546 0.743798 0.155825 0.274748 0.248158 0.584158 0.609300 0.706999 0.065950 0.214784 0.920601 0.453722 0.852931 0.999027 0.928706 0.347361 
0.962731 0.640266 0.649837 0.784718 0.907045 0.927997 0.106123 0.479924 0.148401 0.223712 0.263730 0.292147 0.640793 0.024188 0.268836 0.775445 0.923187 0.640589 0.637923 0.381743 0.298310 0.429769 0.628674 0.649350 0.514110 
0.434275 0.371593 0.372582 0.928166 0.365864 0.163641 0.113580 0.304814 0.540312 0.018405 0.631715 0.865572 0.109379 0.962043 0.332974 0.953183 0.631707 0.110303 0.147940 0.720434 0.146526 0.813855 0.619053 0.692252 0.875104 
0.472729 0.247825 0.502383 0.369764 0.608195 0.428946 0.023136 0.654853 0.209168 0.494139 0.786652 0.529728 0.077402 0.880443 0.128260 0.629795 0.971400 0.020593 0.272205 0.802843 0.058644 0.333734 0.168067 0.403072 0.246148 
0.390769 0.657262 0.927301 0.336911 0.369108 0.414118 0.420104 0.781926 0.894905 0.828769 0.856787 0.246823 0.108658 0.583468 0.673243 0.456500 0.533484 0.118204 0.723285 0.533337 0.001037 0.609221 0.028838 0.466733 0.428875 
0.454491 0.282359 0.383172 0.803326 0.883794 0.086159 0.890663 0.873944 0.125389 0.622308 0.762810 0.589117 0.289171 0.310172 0.219714 0.089450 0.653208 0.487827 0.579074 0.462530 0.173741 0.478117 0.470989 0.586004 0.352254 
0.582881 0.114969 0.987773 0.532595 0.890296 0.821181 0.992161 0.342171 0.025327 0.051163 0.511503 0.369017 0.468515 0.743870 0.057104 0.612559 0.527212 0.002077 0.780651 0.621590 0.095840 0.103842 0.855275 0.890512 0.600403 
0.766898 0.869113 0.436756 0.316138 0.703895 0.215127 0.621772 0.216497 0.380090 0.958701 0.706285 0.086129 0.138192 0.842900 0.876895 0.468147 0.998656 0.593110 0.920685 0.569485 0.664487 0.657186 0.292423 0.045960 0.729430 
0.075032 0.412998 0.392251 0.158067 0.453411 0.504890 0.327486 0.017921 0.095870 0.372604 0.187038 0.062651 0.296278 0.047280 0.843929 0.776361 0.758875 0.722709 0.298545 0.892761 0.467553 0.649835 0.906479 0.633660 0.963426 
0.100068 0.524310 0.044196 0.121859 0.826260 0.952251 0.582033 0.455557 0.045948 0.290403 0.351861 0.061614 0.473163 0.045581 0.100722 0.733822 0.794829 0.181170 0.965494 0.468250 0.645865 0.842274 0.014554 0.120860 0.122582 
0.146723 0.495497 0.112186 0.563303 0.007910 0.075483 0.925301 0.976119 0.253123 0.450787 0.111986 0.794905 0.187061 0.658188 0.781115 0.556268 0.001804 0.142224 0.888908 0.143206 0.083229 0.481435 0.610481 0.169218 0.782541 
0.464644 0.677086 0.537597 0.177152 0.542453 0.671637 0.456969 0.806639 0.149160 0.790813 0.832828 0.659330 0.077255 0.678955 0.410611 0.148854 0.881787 0.775939 0.025933 0.548108 0.093217 0.182227 0.987331 0.466658 0.530090 
0.742833 0.809977 0.020740 0.106541 0.755331 0.369522 0.056789 0.563502 0.149266 0.257694 0.135152 0.026473 0.670424 0.706506 0.118932 0.167090 0.613958 0.074764 0.871649 0.310986 0.730259 0.482545 0.734086 0.961592 0.643839 
0.947287 0.824039 0.222164 0.631693 0.998131 0.093952 0.900758 0.413751 0.507937 0.766142 0.818604 0.950861 0.899449 0.829842 0.768816 0.586659 0.893045 0.307624 0.417208 0.273921 0.801956 0.608425 0.948797 0.698353 0.903895 
0.222089 0.746725 0.619840 0.612283 0.258637 0.306085 0.389949 0.229209 0.627427 0.104073 0.054456 0.338897 0.940282 0.419698 0.062251 0.599809 0.312003 0.926053 0.502462 0.046133 0.500633 0.999205 0.890085 0.049421 0.826099 
0.371196 0.877241 0.957273 0.437455 0.719528 0.831716 0.810366 0.630495 0.515542 0.880483 0.031607 0.208152 0.625237 0.966362 0.338228 0.662665 0.248806 0.356443 0.243581 0.578717 0.869675 0.136726 0.207225 0.703543 0.804314 
0.649389 0.532755 0.374378 0.730763 0.114831 0.732344 0.250475 0.722376 0.378905 0.853236 0.004480 0.972140 0.922761 0.198122 0.075831 0.821861 0.494645 0.221238 0.208503 0.278134 0.519954 0.211652 0.196208 0.607348 0.338260 
0.275512 0.503448 0.231592 0.221225 0.224805 0.128401 0.962556 0.138191 0.211199 0.475237 0.777248 0.688422 0.416407 0.237244 0.666589 0.536923 0.653041 0.738899 0.915747 0.248015 0.715360 0.659671 0.246564 0.001327 0.888366 
0.729227 0.661864 0.578525 0.436692 0.008569 0.822606 0.469520 0.912583 0.159722 0.255184 0.023456 0.523873 0.767228 0.862192 0.820411 0.651145 0.407013 0.015395 0.181699 0.517273 0.276622 0.584619 0.537335 0.461760 0.458471 
0.839843 0.026115 0.801954 0.807068 0.815772 0.483492 0.562691 0.491387 0.624278 0.386401 0.831247 0.592865 0.105001 0.839502 0.245868 0.441634 0.753357 0.112178 0.871619 0.278426 0.886015 0.949571 0.150893 0.695657 0.930259 
0.183065 0.214882 0.360672 0.115470 0.054284 0.923889 0.906315 0.633427 0.326615 0.171938 0.031014 0.172796 0.259390 0.847166 0.291931 0.299837 0.081321 0.173396 0.437919 0.893558 0.820671 0.394023 0.148643 0.650766 0.174204 
0.060820 0.226808 0.867823 0.440633 0.909685 0.939776 0.277905 0.273348 0.231249 0.734200 0.571098 0.224975 0.574661 0.442893 0.772962 0.279860 0.748724 0.466656 0.274853 0.874565 0.433588 0.124347 0.116229 0.166928 0.389898 

-1.385952 -0.684020 -0.173998 0.254551 -0.216572 0.180872 0.147783 -0.181275 -0.427216 0.014585 0.259099 -0.057225 -0.143629 -0.270373 -0.083330 -0.086183 -0.028927 -0.157897 0.478710 0.013751 -0.041942 0.229734 0.534075 0.285126 -0.651248 
-0.271210 -0.750334 -1.020321 -0.554656 -0.274863 -0.013761 -0.196385 -0.276707 0.617290 0.044416 -0.055255 0.273816 0.219590 -0.689557 0.242637 0.609826 -0.013803 0.199750 0.009991 -0.568715 -0.421793 -0.179616 0.137377 -0.022360 0.432184 
0.266748 -0.107335 -0.743120 -2.233499 -0.240831 -1.366677 -1.483193 -0.962107 0.180911 -0.352624 -0.330424 -0.121785 -0.114607 -0.234452 0.254749 -0.326580 0.650360 0.016133 -0.227793 0.423270 0.051162 0.127606 0.102520 0.422734 -0.393298 
-1.028193 -1.050525 -0.061358 -0.988909 -0.300959 -1.894834 -0.191049 -0.694252 -1.784350 -0.521115 -1.545262 -0.038779 -0.115008 -0.001702 0.121693 -0.114872 0.087981 0.225143 -0.245031 0.229367 -0.315951 0.103046 -0.402893 -0.244965 0.833428 
-1.466167 -0.939737 -1.355796 -2.228623 -1.682990 -1.839427 -0.280198 -1.245691 -0.110507 -0.459580 -0.907968 -0.044913 -1.763909 0.111694 -0.381805 -0.582538 -0.014935 0.233422 0.142120 0.249540 -0.024958 0.192780 -0.227411 -0.049719 0.438070 
-0.850452 -0.346318 -0.573989 -1.457301 -0.942462 -0.626213 -0.587133 -0.041093 -1.034231 -0.167003 -1.309340 -1.606743 -0.262413 -2.051387 -1.164346 -2.065989 -1.141657 0.049733 -0.111835 0.096470 -0.057392 0.042255 -0.094523 -0.367529 -0.284177 
-1.256573 -0.177576 -1.040301 -0.996126 -1.134046 -0.952234 -0.257476 -1.079482 -0.656077 -1.226381 -1.558222 -1.302220 -0.048154 -1.636213 -0.680616 -1.497006 -1.831596 -0.050394 -0.834123 -1.556823 0.085206 0.357722 0.117634 -0.115864 0.354907 
0.741716 1.746820 -1.907372 -0.843577 -0.496976 -1.324528 -0.367295 -2.073901 -2.012096 -1.502434 -1.390192 -0.730378 -0.293218 -1.626673 -1.424685 -1.059906 -1.001282 -0.265913 -1.572163 -1.081241 -0.390559 -0.868710 -0.295143 0.085302 0.213949 
0.984231 0.779884 1.079621 1.169201 -1.762047 -0.397630 -1.861778 -1.814143 -0.688783 -1.138317 -1.095266 -1.239570 -0.982977 -0.895385 0.000090 0.037177 -1.309245 -1.213931 -1.152193 -1.091567 -0.320521 -1.352314 -1.160614 -1.474798 -0.732505 
1.588348 0.412708 1.648106 1.264311 2.047096 1.786367 -1.848169 -0.417943 -0.213975 -0.046530 -0.981523 -0.446667 -0.859302 -1.501783 -0.344474 -1.290075 -1.194514 0.240712 -1.585562 -1.284840 0.229528 0.279305 -1.852601 -1.859610 -1.141958 
1.297973 1.700349 0.309954 0.554453 1.544051 0.598682 1.330859 -1.252383 -0.613267 -2.076765 -1.402893 -0.325971 0.062148 -2.072098 -1.581074 -1.016560 -2.103139 -0.925483 -2.003156 -1.090728 -1.415880 -0.869818 -0.500686 0.031058 -1.715690 
-0.255656 0.552588 1.198214 0.247346 0.982178 1.276794 1.047911 0.250511 0.500992 -0.539928 -0.171557 -0.103141 -0.343584 -0.001547 -2.111711 -1.470504 -1.512523 -1.628826 -0.424514 -1.584088 -0.964066 -0.906228 -2.053274 -1.161662 -1.970348 
-0.151068 0.997907 0.114547 -0.030528 1.993028 1.779175 1.188960 1.070177 0.351335 0.396218 0.830361 0.010384 -1.488712 -0.456197 -0.247937 -1.204176 -1.689058 -0.718611 -1.761239 -0.730382 -1.173595 -1.882039 0.197984 -0.570968 0.565421 
0.472277 0.805777 -0.025990 1.355866 -0.055901 0.135354 1.862410 2.478224 0.694823 1.221699 0.188876 1.844762 0.065397 -0.457692 -0.744482 -0.303726 -0.269451 -0.525958 0.678057 0.010558 0.392393 0.228286 0.357716 0.857729 0.561237 
0.666223 0.648760 1.078157 0.175244 0.837144 1.225231 0.578383 1.247290 0.832648 1.544605 1.856067 1.721543 0.048460 -0.529591 -0.329836 -0.546242 -0.738186 -0.928849 0.174362 0.660227 0.458652 -0.074667 1.340457 0.501983 0.050444 
1.435922 1.665693 -0.156249 0.493534 1.363934 1.149356 -0.284350 1.090120 0.572728 1.012515 -0.114836 -0.311540 1.849744 -0.811291 0.008375 -0.243330 -0.764809 0.366945 0.569707 0.491199 0.807915 0.453020 0.495127 0.906567 0.590335 
1.658557 1.117232 0.457063 1.138775 1.594925 0.270987 2.206861 0.898029 1.163433 2.119185 1.447880 1.948577 2.011558 -0.951222 -0.499701 -0.755135 -1.064974 -0.318231 0.558422 0.872337 0.809171 0.584607 1.121151 0.948695 1.021475 
0.349168 1.448018 0.971264 1.060382 0.398745 0.590642 0.875585 0.152271 1.180886 -0.225977 0.413901 0.896599 1.348133 -0.320945 0.297245 -0.621313 -0.250888 -0.916071 0.652675 0.079135 0.722488 0.498575 1.149047 -0.121360 0.863786 
0.699142 1.557062 1.667735 1.193171 1.643440 1.614216 1.650863 1.529420 1.256549 1.345765 0.350764 0.362080 1.269365 1.862967 0.145307 -0.804124 -0.152079 0.087130 0.214501 0.324962 0.955980 0.183778 0.674429 0.823512 1.503473 
1.294770 1.274806 0.619329 1.514654 -0.016806 1.588590 0.495073 1.401752 0.892217 1.538345 -0.270778 1.478018 1.538458 0.577532 -0.209714 -0.606383 -0.252652 -0.249673 0.128885 0.243450 0.773676 0.014613 0.500763 0.558391 -0.097045 
1.243631 0.649124 0.839046 0.476513 0.426891 -0.242589 2.160669 0.246377 0.620486 0.945174 1.706364 1.107475 0.924668 0.394184 -0.736338 -0.880276 -0.444807 -0.929898 0.642732 0.376036 0.861175 0.511213 0.494540 -0.058919 0.836683 
1.301647 1.599612 1.193363 0.666948 0.354135 1.111051 0.795626 1.609108 0.507044 0.804099 0.186130 1.030317 1.647167 1.987974 1.777045 -0.822130 -0.607806 -0.231927 0.147901 0.199031 -0.112678 -0.065551 0.406319 1.046160 0.001653 
1.567752 0.142452 1.863697 1.215849 1.954439 0.929125 1.266925 0.746577 0.916961 0.628808 1.776789 0.962770 0.446057 1.650907 0.000507 -0.304892 -1.025747 0.187705 0.947139 0.202133 0.674991 0.894470 0.069703 0.497709 0.855109 
0.684251 0.281653 0.433852 0.004645 -0.396691 1.796077 1.521832 0.632161 0.746094 0.455322 -0.131472 -0.009983 0.546219 1.615758 0.197718 -0.345068 -0.227808 0.308778 0.501320 1.128540 0.718891 0.453308 0.419903 1.089225 0.574754 
-0.141987 0.793472 1.173059 0.561532 1.709996 1.832265 0.675710 0.376935 0.609344 1.151040 1.031899 0.263626 0.895466 0.342135 1.729550 -0.648351 -0.696313 -0.793778 0.748505 0.687518 0.714220 -0.431248 -0.020094 -0.189620 0.152745 
