2.0 2.0 2.0 2.0 2.0 2.0 2.0 2.0 2.0 2.0 2.0 2.0 2.0 2.0 2.0 2.0 2.0 2.0 -1.0 -1.0 -1.0 -1.0 -1.0 -1.0 -1.0 
2.0 2.0 2.0 2.0 2.0 2.0 2.0 2.0 2.0 2.0 2.0 2.0 2.0 2.0 2.0 2.0 2.0 2.0 -1.0 -1.0 -1.0 -1.0 -1.0 -1.0 -1.0 
2.0 2.0 2.0 2.0 2.0 2.0 2.0 2.0 2.0 2.0 2.0 2.0 2.0 2.0 2.0 2.0 2.0 -1.0 -1.0 -1.0 -1.0 -1.0 -1.0 -1.0 -1.0 
2.0 2.0 2.0 2.0 2.0 2.0 2.0 2.0 2.0 2.0 2.0 2.0 2.0 2.0 2.0 2.0 2.0 -1.0 -1.0 -1.0 -1.0 -1.0 -1.0 -1.0 -1.0 
2.0 2.0 2.0 2.0 2.0 2.0 2.0 2.0 2.0 2.0 2.0 2.0 2.0 2.0 2.0 2.0 -1.0 -1.0 -1.0 -1.0 -1.0 -1.0 -1.0 -1.0 -1.0 
2.0 2.0 2.0 2.0 2.0 2.0 2.0 2.0 2.0 2.0 2.0 2.0 2.0 2.0 2.0 2.0 -1.0 -1.0 -1.0 -1.0 -1.0 -1.0 -1.0 -1.0 -1.0 
2.0 2.0 2.0 2.0 2.0 2.0 2.0 2.0 2.0 2.0 2.0 2.0 2.0 2.0 2.0 -1.0 -1.0 -1.0 -1.0 -1.0 -1.0 -1.0 -1.0 -1.0 -1.0 
2.0 2.0 2.0 2.0 2.0 2.0 2.0 2.0 2.0 2.0 2.0 2.0 2.0 2.0 2.0 -1.0 -1.0 -1.0 -1.0 -1.0 -1.0 -1.0 -1.0 -1.0 -1.0 
2.0 2.0 2.0 2.0 2.0 2.0 2.0 2.0 2.0 2.0 2.0 2.0 2.0 2.0 -1.0 -1.0 -1.0 -1.0 -1.0 -1.0 -1.0 -1.0 -1.0 -1.0 -1.0 
2.0 2.0 2.0 2.0 2.0 2.0 2.0 2.0 2.0 2.0 2.0 2.0 2.0 2.0 -1.0 -1.0 -1.0 -1.0 -1.0 -1.0 -1.0 -1.0 -1.0 -1.0 -1.0 
-2.0 0.0 0.0 0.0 0.0 0.0 0.0 2.0 2.0 2.0 2.0 2.0 2.0 -1.0 -1.0 -1.0 -1.0 -1.0 -1.0 -1.0 -1.0 -1.0 -1.0 -1.0 -1.0 
-2.0 0.0 0.0 0.0 0.0 0.0 0.0 0.0 0.0 0.0 0.0 0.0 0.0 -1.0 -1.0 -1.0 -1.0 -1.0 -1.0 -1.0 -1.0 -1.0 -1.0 -1.0 -1.0 
-2.0 -2.0 0.0 0.0 0.0 0.0 0.0 0.0 0.0 0.0 0.0 0.0 0.0 -1.0 -1.0 -1.0 -1.0 -1.0 -1.0 -1.0 -1.0 -1.0 -1.0 -1.0 -1.0 
-2.0 -2.0 0.0 0.0 0.0 0.0 0.0 0.0 0.0 0.0 0.0 0.0 0.0 0.0 -1.0 -1.0 -1.0 -1.0 -1.0 -1.0 -1.0 -1.0 -1.0 -1.0 -1.0 
-2.0 -2.0 -2.0 0.0 0.0 0.0 0.0 0.0 0.0 0.0 0.0 0.0 0.0 0.0 -1.0 -1.0 -1.0 -1.0 -1.0 -1.0 -1.0 -1.0 -1.0 -1.0 -1.0 
-2.0 -2.0 -2.0 0.0 0.0 0.0 0.0 0.0 0.0 0.0 0.0 0.0 0.0 0.0 1.0 -1.0 -1.0 -1.0 -1.0 -1.0 -1.0 -1.0 -1.0 -1.0 -1.0 
-2.0 -2.0 -2.0 -2.0 0.0 0.0 0.0 0.0 0.0 0.0 0.0 0.0 0.0 0.0 1.0 1.0 1.0 -1.0 -1.0 -1.0 -1.0 -1.0 -1.0 -1.0 -1.0 
-2.0 -2.0 -2.0 -2.0 0.0 0.0 0.0 0.0 0.0 0.0 0.0 0.0 0.0 1.0 1.0 1.0 1.0 1.0 1.0 -1.0 -1.0 -1.0 -1.0 -1.0 -1.0 
-2.0 -2.0 -2.0 -2.0 -2.0 0.0 0.0 0.0 0.0 0.0 0.0 0.0 1.0 1.0 1.0 1.0 1.0 1.0 1.0 1.0 1.0 -1.0 -1.0 -1.0 -1.0 
-2.0 -2.0 -2.0 -2.0 -2.0 0.0 0.0 0.0 0.0 0.0 0.0 0.0 1.0 1.0 1.0 1.0 1.0 1.0 1.0 1.0 1.0 1.0 1.0 -1.0 -1.0 
-2.0 -2.0 -2.0 -2.0 -2.0 -2.0 0.0 0.0 0.0 0.0 0.0 1.0 1.0 1.0 1.0 1.0 1.0 1.0 1.0 1.0 1.0 1.0 1.0 1.0 1.0 
-2.0 -2.0 -2.0 -2.0 -2.0 -2.0 0.0 0.0 0.0 0.0 1.0 1.0 1.0 1.0 1.0 1.0 1.0 1.0 1.0 1.0 1.0 1.0 1.0 1.0 1.0 
-2.0 -2.0 -2.0 -2.0 -2.0 -2.0 -2.0 0.0 0.0 1.0 1.0 1.0 1.0 1.0 1.0 1.0 1.0 1.0 1.0 1.0 1.0 1.0 1.0 1.0 1.0 
-2.0 -2.0 -2.0 -2.0 -2.0 -2.0 -2.0 0.0 0.0 1.0 1.0 1.0 1.0 1.0 1.0 1.0 1.0 1.0 1.0 1.0 1.0 1.0 1.0 1.0 1.0 
-2.0 -2.0 -2.0 -2.0 -2.0 -2.0 -2.0 -2.0 1.0 1.0 1.0 1.0 1.0 1.0 1.0 1.0 1.0 1.0 1.0 1.0 1.0 1.0 1.0 1.0 1.0 

0.039332 0.993510 0.286246 0.180914 0.872294 0.769644 0.423708 0.136867 0.465236 0.157276 0.708539 0.951175 0.573912 0.173709 0.744225 0.789370 0.724092 0.701583 0.274403 0.107007 0.098186 0.644458 0.892742 0.870886 0.296620 
0.378684 0.364857 0.392948 0.083442 0.398741 0.981113 0.931421 0.950856 0.874316 0.745648 0.724841 0.830043 0.619082 0.805810 0.594174 0.788225 0.597910 0.537124 0.738438 0.931189 0.002875 0.652874 0.058983 0.630121 0.660994 
0.766078 0.999694 0.691024 0.760297 0.221265 0.032001 0.502012 0.745683 0.276929 0.873108 0.736382 0.776360 0.326605 0.674777 0.657674 0.908166 0.716525 0.970522 0.987077 0.587041 0.366966 0.994280 0.637999 0.535384 0.340972 
0.748498 0.345799 0.408956 0.121378 0.458714 0.681082 0.420190 0.823433 0.630522 0.732008 0.632456 0.033140 0.748682 0.798945 0.829745 0.649571 0.906362 0.394075 0.605616 0.934526 0.891327 0.848069 0.405616 0.716281 0.009775 
0.004731 0.044862 0.873030 0.789751 0.791340 0.358620 0.752339 0.054621 0.789880 0.111534 0.751011 0.982548 0.432834 0.391439 0.427708 0.965025 0.613949 0.107110 0.656411 0.043500 0.756985 0.535541 0.150942 0.892666 0.489829 
0.549242 0.020195 0.829991 0.250232 0.577807 0.368546 0.815306 0.787281 0.525140 0.603003 0.371954 0.972024 0.514548 0.873689 0.573931 0.804972 0.725709 0.803687 0.044279 0.705446 0.841570 0.186437 0.669464 0.006302 0.197703 
0.488105 0.163616 0.848681 0.847664 0.977961 0.823830 0.363673 0.178783 0.911946 0.839498 0.892423 0.848676 0.088397 0.015386 0.046433 0.053582 0.492071 0.126647 0.572466 0.274912 0.348173 0.117915 0.874328 0.506182 0.427825 
0.588591 0.014550 0.262547 0.893332 0.064177 0.124198 0.393609 0.550525 0.166354 0.883478 0.270848 0.712423 0.741929 0.469319 0.206772 0.602157 0.270994 0.922627 0.038340 0.404059 0.320940 0.768050 0.501593 0.531888 0.145261 
0.538328 0.243574 0.176712 0.902159 0.337769 0.118623 0.608182 0.454125 0.568326 0.904772 0.980182 0.001168 0.647138 0.492026 0.814579 0.501584 0.707098 0.474721 0.091878 0.478181 0.814627 0.208073 0.773051 0.264205 0.670707 
0.223616 0.252737 0.928748 0.886623 0.910488 0.342823 0.217329 0.988534 0.419902 0.628474 0.566835 0.499522 0.281505 0.169765 0.341940 0.073980 0.071403 0.119914 0.906957 0.976226 0.335180 0.740563 0.684740 0.825416 0.436324 
0.523829 0.562956 0.166139 0.211350 0.250353 0.316888 0.695540 0.821816 0.233794 0.327915 0.881127 0.719098 0.159233 0.867989 0.756185 0.206902 0.118132 0.965063 0.933515 0.039736 0.966430 0.103474 0.787696 0.598819 0.029180 
0.852997 0.240883 0.164742 0.599200 0.564656 0.707658 0.816505 0.426822 0.469564 0.796167 0.630531 0.376700 0.835081 0.968536 0.095903 0.601611 0.964232 0.478094 0.002488 0.979468 0.806072 0.604575 0.616038 0.980885 0.794723 
0.806803 0.763749 0.723288 0.207596 0.530225 0.988548 0.870022 0.919320 0.740016 0.779222 0.189855 0.589235 0.286215 0.942173 0.591625 0.050116 0.823392 0.531749 0.182389 0.059948 0.071996 0.595381 0.564640 0.530782 0.251969 
0.537988 0.158102 0.833233 0.918310 0.955352 0.442936 0.279576 0.273391 0.425785 0.165230 0.710079 0.239361 0.645347 0.881935 0.218159 0.687127 0.956511 0.721452 0.339610 0.241499 0.837039 0.109734 0.223179 0.841621 0.609472 
0.629949 0.207434 0.303564 0.248323 0.902838 0.056556 0.299691 0.468531 0.373736 0.495230 0.850130 0.914518 0.588839 0.841040 0.342673 0.439369 0.142788 0.383488 0.719745 0.596205 0.277541 0.390923 0.412988 0.920342 0.924157 
0.329848 0.792163 0.179062 0.662488 0.681509 0.137477 0.168092 0.681230 0.191399 0.304345 0.268790 0.547988 0.069171 0.683590 0.526177 0.336468 0.936648 0.109149 0.293905 0.636002 0.796539 0.549872 0.188515 0.291621 0.003373 
0.575670 0.248406 0.217875 0.699123 0.572403 0.090574 0.058199 0.842835 0.592296 0.361435 0.140544 0.845535 0.373626 0.674537 0.069223 0.238023 0.863104 0.851429 0.150189 0.873166 0.123813 0.271728 0.195823 0.317791 0.551031 
0.510372 0.633254 0.991633 0.735417 0.378513 0.537429 0.263362 0.086936 0.223680 0.819921 0.199021 0.129876 0.482912 0.478465 0.786229 0.133420 0.143819 0.499925 0.671293 0.974873 0.683481 0.479689 0.874639 0.959200 0.409389 
0.171050 0.280155 0.250136 0.798770 0.314078 0.676623 0.330725 0.592764 0.681484 0.037698 0.759673 0.156152 0.287538 0.096004 0.475038 0.651232 0.758069 0.269382 0.132705 0.584048 0.589032 0.611600 0.323016 0.042924 0.164166 
0.360881 0.913052 0.815939 0.054886 0.414462 0.005784 0.208925 0.775080 0.103382 0.424674 0.576793 0.159193 0.254328 0.891094 0.118987 0.303687 0.440930 0.742511 0.486605 0.265339 0.025543 0.170012 0.079526 0.753935 0.859714 
0.284427 0.768409 0.206198 0.612450 0.216293 0.439671 0.370062 0.450817 0.143612 0.854536 0.797613 0.395812 0.064474 0.756948 0.454767 0.290427 0.497952 0.068852 0.212253 0.266577 0.092858 0.921987 0.517217 0.496835 0.285237 
0.556091 0.366420 0.295334 0.441287 0.760219 0.552322 0.107270 0.178803 0.186872 0.102588 0.421539 0.896656 0.515179 0.046853 0.070743 0.812286 0.883240 0.278387 0.616499 0.788681 0.983950 0.468113 0.327565 0.212370 0.907007 
0.257046 0.025616 0.204874 0.101207 0.043049 0.384649 0.552999 0.610613 0.237929 0.162682 0.703381 0.092738 0.714076 0.407671 0.610844 0.691160 0.925320 0.215953 0.252510 0.730973 0.241451 0.004059 0.845601 0.007843 0.682153 
0.419488 0.716530 0.695143 0.729778 0.036397 0.795188 0.420274 0.765731 0.569526 0.792684 0.703712 0.640681 0.921343 0.690828 0.743215 0.625401 0.693430 0.422876 0.559081 0.230210 0.547767 0.597000 0.958736 0.467041 0.214761 
0.963215 0.816002 0.400925 0.322091 0.344391 0.856802 0.050424 0.870389 0.536111 0.294430 0.977818 0.854130 0.033084 0.554842 0.691986 0.305182 0.427393 0.855966 0.972003 0.494900 0.844574 0.532901 0.704427 0.410730 0.194263 

-0.009139 1.966322 0.415857 0.321761 1.693227 1.525880 0.865158 0.078880 0.879570 0.259319 1.306194 1.811603 1.221421 0.419370 1.664157 1.640366 1.554174 1.554544 -0.215213 -0.180115 -0.049165 -0.729147 -0.878717 -0.867628 -0.266489 
0.824252 0.586317 0.911899 0.215212 0.914726 1.951513 1.833217 1.928174 1.784564 1.470237 1.370189 1.573650 1.141644 1.542627 0.972896 1.604550 1.159409 1.162654 -0.628453 -1.010201 0.076741 -0.642672 -0.070524 -0.660896 -0.671004 
1.378659 2.074707 1.343653 1.639018 0.328043 0.066780 1.007993 1.386196 0.570921 1.623206 1.519532 1.546158 0.683282 1.444798 1.381592 1.653307 1.567205 -1.056271 -0.868543 -0.548088 -0.215838 -1.156440 -0.559841 -0.681728 -0.347747 
1.482355 0.634530 0.690352 0.338059 0.853083 1.354699 0.930814 1.550252 1.056193 1.454096 1.416856 -0.001366 1.418970 1.398985 1.741588 1.233211 1.923141 -0.492256 -0.663199 -0.778851 -0.910251 -0.742987 -0.264765 -0.618623 0.112408 
0.048289 0.050504 1.656340 1.614351 1.515150 0.790875 1.588643 0.009152 1.599945 0.154882 1.357786 1.917676 0.871969 0.755498 0.892182 2.025796 -0.517627 -0.362316 -0.777329 0.088723 -0.677057 -0.458152 -0.095946 -0.816217 -0.395317 
1.120320 0.190528 1.752135 0.414940 1.060013 0.683656 1.624671 1.542346 0.895981 1.404429 0.785935 1.956462 1.045889 1.712061 1.060225 1.700694 -0.662922 -0.869628 0.110399 -0.725963 -0.870337 -0.348085 -0.744213 -0.066871 -0.143514 
1.162509 0.277843 1.734887 1.734744 2.060305 1.640456 0.721951 0.481693 1.947776 1.723057 1.778820 1.668275 0.215278 0.014996 0.123028 0.033300 -0.400340 -0.037665 -0.524710 -0.117916 -0.336394 -0.020076 -0.889784 -0.393674 -0.448597 
1.200357 0.142901 0.630740 1.818612 0.071175 0.357929 0.571703 1.101876 0.325476 1.733026 0.533687 1.492585 1.360181 1.055467 0.492516 -0.637290 -0.208102 -0.946048 0.131458 -0.654717 -0.465333 -0.766113 -0.640718 -0.468366 -0.133442 
1.075793 0.493154 0.226710 1.772880 0.784579 0.049041 1.187501 0.858112 1.182798 1.834866 1.981159 0.123841 1.280045 1.119516 -0.543980 -0.526077 -0.696883 -0.374895 -0.193555 -0.435781 -0.941804 -0.279577 -0.884326 -0.208849 -0.825040 
0.494202 0.448933 1.713971 1.754325 2.124713 0.595426 0.523394 2.066529 0.947614 1.208950 1.139039 1.152633 0.691182 0.295374 -0.157490 -0.133920 0.040721 -0.002400 -0.996571 -1.026408 -0.344248 -0.663809 -0.598492 -0.888377 -0.507640 
-1.147679 -0.182992 0.081939 -0.063171 -0.100796 0.088503 0.077577 1.699158 0.437704 0.694215 1.760046 1.585358 0.412905 -0.884507 -0.688085 -0.290936 -0.083224 -0.918689 -0.940502 -0.104941 -0.961378 -0.025265 -0.653921 -0.798671 -0.088031 
-1.880795 -0.046186 -0.055383 0.156712 0.023373 0.056530 0.005750 0.126144 -0.203424 0.121705 0.058836 0.007641 0.005136 -0.819806 0.031501 -0.572087 -1.059692 -0.598461 0.159625 -0.951241 -0.717750 -0.489681 -0.623595 -0.829261 -0.692654 
-1.461179 -1.575403 0.139227 -0.014486 -0.051408 -0.065018 -0.048710 0.067733 0.103192 -0.132020 0.025158 0.044951 0.130648 -0.731865 -0.615048 0.056916 -0.784529 -0.434712 -0.058875 -0.203840 -0.051271 -0.654388 -0.709430 -0.471331 -0.359036 
-1.040152 -0.273406 -0.129116 0.131800 -0.065977 0.074897 0.163629 -0.017433 -0.038084 -0.005023 -0.059509 -0.115540 -0.002419 -0.154561 -0.096290 -0.752172 -0.842075 -0.750224 -0.388043 -0.402301 -0.657783 -0.028493 -0.256590 -0.784853 -0.663438 
-1.108562 -0.510799 -0.664108 0.058425 0.121565 0.231171 0.118957 0.069279 0.228075 0.163856 -0.114759 0.146392 -0.018641 -0.006801 -0.294958 -0.270609 -0.162662 -0.403730 -0.757099 -0.490433 -0.291037 -0.375237 -0.499059 -0.979088 -0.971929 
-0.658611 -1.560459 -0.395967 -0.140213 0.038570 -0.033065 0.062335 0.206927 -0.112778 0.010633 -0.012514 -0.046843 -0.045088 0.055961 0.472535 -0.352480 -0.772195 -0.089215 -0.273276 -0.697144 -0.626515 -0.558763 -0.285267 -0.254246 0.029149 
-1.308006 -0.646090 -0.335568 -1.510044 0.062154 0.157384 0.147892 -0.104104 0.063197 -0.167035 0.038525 -0.063747 -0.026535 0.039343 0.084796 0.269864 0.811981 -0.874335 -0.054346 -0.976533 -0.184058 -0.189841 0.002332 -0.421361 -0.735687 
-1.060944 -1.223329 -1.998996 -1.377615 0.141009 0.019104 0.088713 -0.004875 -0.121329 -0.003285 0.127730 -0.041211 -0.148736 0.392270 0.670220 0.244684 0.048634 0.273595 0.569167 -0.901408 -0.733248 -0.607982 -1.102331 -1.003376 -0.254015 
-0.310367 -0.715276 -0.590683 -1.659972 -0.737537 0.059411 0.123882 0.026359 0.117493 0.036905 0.052001 -0.037004 0.251354 0.121557 0.634044 0.727283 0.713188 0.286308 0.308189 0.681956 0.634091 -0.567700 -0.336057 0.017263 -0.026699 
-0.571997 -1.847721 -1.615776 -0.228530 -0.896251 -0.063420 -0.030415 -0.011685 -0.001023 0.030481 0.193863 -0.146452 0.248367 0.851756 0.113671 0.283519 0.511108 0.623897 0.512062 0.216201 0.057282 0.284273 0.072487 -0.650880 -0.985769 
-0.580870 -1.646116 -0.285481 -1.069935 -0.347623 -1.023716 -0.048635 0.015478 -0.003001 0.063059 0.062349 0.383121 0.038298 0.720827 0.568765 0.429980 0.398206 0.036778 0.016343 0.289703 0.068948 0.957454 0.664603 0.334012 0.391848 
-1.095909 -0.728093 -0.716531 -0.868534 -1.464955 -1.231083 0.069343 0.120433 -0.064460 0.076973 0.299842 1.079459 0.452226 -0.100189 0.138860 0.816482 0.751133 0.206509 0.463121 0.863805 1.049712 0.450892 0.150111 0.226806 1.046150 
-0.550062 0.070655 -0.341559 -0.189977 0.149127 -0.841134 -1.107306 0.042447 0.094752 -0.018278 0.487016 0.330151 0.723879 0.330016 0.689309 0.734388 0.955951 0.197939 0.249962 0.652780 0.216166 0.047556 0.808976 -0.103826 0.530564 
-0.923320 -1.516270 -1.352279 -1.619853 -0.150626 -1.637696 -0.924763 -0.057581 -0.031609 0.873567 0.750246 0.572239 0.958374 0.769753 0.760787 0.723371 0.636831 0.419165 0.464760 0.163343 0.550471 0.615614 1.234580 0.395350 0.122513 
-1.818718 -1.595582 -0.983732 -0.607775 -0.637949 -1.597184 -0.190790 -1.795413 0.489710 0.298125 0.939950 0.904406 -0.006830 0.574282 0.733284 0.294210 0.286204 0.988092 0.969198 0.498533 0.717332 0.521472 0.607248 0.485044 0.327919 
