2.0 2.0 2.0 2.0 2.0 2.0 2.0 2.0 2.0 2.0 1.0 1.0 1.0 1.0 1.0 1.0 1.0 1.0 1.0 1.0 1.0 1.0 1.0 1.0 1.0 
2.0 2.0 2.0 2.0 2.0 2.0 2.0 2.0 2.0 2.0 1.0 1.0 1.0 1.0 1.0 1.0 1.0 1.0 1.0 1.0 1.0 1.0 1.0 1.0 1.0 
2.0 2.0 2.0 2.0 2.0 2.0 2.0 2.0 2.0 2.0 1.0 1.0 1.0 1.0 1.0 1.0 1.0 1.0 1.0 1.0 1.0 1.0 1.0 1.0 1.0 
2.0 2.0 2.0 2.0 2.0 2.0 2.0 2.0 2.0 2.0 1.0 1.0 1.0 1.0 1.0 1.0 1.0 1.0 1.0 1.0 1.0 1.0 1.0 1.0 1.0 
2.0 2.0 2.0 2.0 2.0 2.0 2.0 2.0 2.0 -1.0 1.0 1.0 1.0 1.0 1.0 1.0 1.0 1.0 1.0 1.0 1.0 1.0 1.0 1.0 1.0 
2.0 2.0 2.0 2.0 2.0 2.0 2.0 2.0 -1.0 -1.0 1.0 1.0 1.0 1.0 1.0 1.0 1.0 1.0 1.0 1.0 1.0 1.0 1.0 1.0 1.0 
2.0 2.0 2.0 2.0 2.0 2.0 2.0 -1.0 -1.0 -1.0 -1.0 1.0 1.0 1.0 1.0 1.0 1.0 1.0 1.0 1.0 1.0 1.0 1.0 1.0 1.0 
2.0 2.0 2.0 2.0 2.0 2.0 -1.0 -1.0 -1.0 -1.0 -1.0 1.0 1.0 1.0 1.0 1.0 1.0 1.0 1.0 1.0 1.0 1.0 1.0 1.0 1.0 
2.0 2.0 2.0 2.0 2.0 2.0 -1.0 -1.0 -1.0 -1.0 -1.0 1.0 1.0 1.0 1.0 1.0 1.0 1.0 1.0 1.0 1.0 1.0 1.0 1.0 1.0 
2.0 2.0 2.0 2.0 2.0 -1.0 -1.0 -1.0 -1.0 -1.0 -1.0 1.0 1.0 1.0 1.0 1.0 1.0 1.0 1.0 1.0 1.0 1.0 1.0 1.0 1.0 
2.0 2.0 2.0 2.0 -1.0 -1.0 -1.0 -1.0 -1.0 -1.0 -1.0 -1.0 1.0 1.0 1.0 1.0 1.0 1.0 1.0 1.0 1.0 1.0 1.0 1.0 0.0 
2.0 2.0 2.0 -1.0 -1.0 -1.0 -1.0 -1.0 -1.0 -1.0 -1.0 -1.0 1.0 1.0 1.0 1.0 1.0 1.0 1.0 1.0 1.0 1.0 1.0 0.0 0.0 
2.0 2.0 -1.0 -1.0 -1.0 -1.0 -1.0 -1.0 -1.0 -1.0 -1.0 -1.0 1.0 1.0 1.0 1.0 1.0 1.0 1.0 1.0 1.0 1.0 0.0 0.0 0.0 
2.0 -1.0 -1.0 -1.0 -1.0 -1.0 -1.0 -1.0 -1.0 -1.0 -1.0 -1.0 1.0 1.0 1.0 1.0 1.0 1.0 1.0 1.0 1.0 0.0 0.0 0.0 0.0 
2.0 -1.0 -1.0 -1.0 -1.0 -1.0 -1.0 -1.0 -1.0 -1.0 -1.0 -1.0 -2.0 -2.0 -2.0 1.0 1.0 1.0 1.0 1.0 0.0 0.0 0.0 0.0 0.0 
-1.0 -1.0 -1.0 -1.0 -1.0 -1.0 -1.0 -1.0 -1.0 -1.0 -1.0 -2.0 -2.0 -2.0 -2.0 -2.0 -2.0 -2.0 1.0 0.0 0.0 0.0 0.0 0.0 0.0 
-1.0 -1.0 -1.0 -1.0 -1.0 -1.0 -1.0 -1.0 -1.0 -1.0 -2.0 -2.0 -2.0 -2.0 -2.0 -2.0 -2.0 -2.0 -2.0 0.0 0.0 0.0 0.0 0.0 0.0 
-1.0 -1.0 -1.0 -1.0 -1.0 -1.0 -1.0 -1.0 -1.0 -1.0 -2.0 -2.0 -2.0 -2.0 -2.0 -2.0 -2.0 -2.0 -2.0 0.0 0.0 0.0 0.0 0.0 0.0 
-1.0 -1.0 -1.0 -1.0 -1.0 -1.0 -1.0 -1.0 -1.0 -2.0 -2.0 -2.0 -2.0 -2.0 -2.0 -2.0 -2.0 -2.0 -2.0 -2.0 0.0 0.0 0.0 0.0 0.0 
-1.0 -1.0 -1.0 -1.0 -1.0 -1.0 -1.0 -1.0 -2.0 -2.0 -2.0 -2.0 -2.0 -2.0 -2.0 -2.0 -2.0 -2.0 -2.0 -2.0 0.0 0.0 0.0 0.0 0.0 
-1.0 -1.0 -1.0 -1.0 -1.0 -1.0 -1.0 -2.0 -2.0 -2.0 -2.0 -2.0 -2.0 -2.0 -2.0 -2.0 -2.0 -2.0 -2.0 -2.0 0.0 0.0 0.0 0.0 0.0 
-1.0 -1.0 -1.0 -1.0 -1.0 -1.0 -1.0 -2.0 -2.0 -2.0 -2.0 -2.0 -2.0 -2.0 -2.0 -2.0 -2.0 -2.0 -2.0 -2.0 0.0 0.0 0.0 0.0 0.0 
-1.0 -1.0 -1.0 -1.0 -1.0 -1.0 -2.0 -2.0 -2.0 -2.0 -2.0 -2.0 -2.0 -2.0 -2.0 -2.0 -2.0 -2.0 -2.0 -2.0 0.0 0.0 0.0 0.0 0.0 
-1.0 -1.0 -1.0 -1.0 -1.0 -2.0 -2.0 -2.0 -2.0 -2.0 -2.0 -2.0 -2.0 -2.0 -2.0 -2.0 -2.0 -2.0 -2.0 -2.0 -2.0 0.0 0.0 0.0 0.0 
-1.0 -1.0 -1.0 -1.0 -2.0 -2.0 -2.0 -2.0 -2.0 -2.0 -2.0 -2.0 -2.0 -2.0 -2.0 -2.0 -2.0 -2.0 -2.0 -2.0 -2.0 0.0 0.0 0.0 0.0 

0.193409 0.821056 0.941728 0.117111 0.696440 0.452555 0.124002 0.754183 0.807509 0.745197 0.374252 0.232046 0.396463 0.859520 0.106715 0.280270 0.575988 0.660550 0.089540 0.742779 0.932096 0.863254 0.761004 0.630317 0.579299 
0.484928 0.844868 0.452901 0.022197 0.993898 0.928071 0.251138 0.913269 0.800880 0.658281 0.219130 0.850769 0.230089 0.768889 0.346215 0.499810 0.597847 0.158078 0.135489 0.338354 0.510981 0.646492 0.771998 0.307699 0.776277 
0.684113 0.834324 0.705938 0.105616 0.349175 0.427093 0.973918 0.641196 0.455933 0.361708 0.843446 0.942158 0.469085 0.167962 0.576172 0.188808 0.614134 0.253592 0.998849 0.712150 0.972288 0.564693 0.386581 0.937580 0.284074 
0.191859 0.483343 0.408473 0.812340 0.423810 0.397415 0.295909 0.106470 0.128511 0.891649 0.207699 0.123017 0.516669 0.311320 0.843006 0.286444 0.850878 0.922450 0.037195 0.825544 0.253610 0.192716 0.964580 0.620774 0.019544 
0.497277 0.316827 0.568936 0.848779 0.665595 0.770021 0.298406 0.348588 0.927708 0.846676 0.053560 0.273398 0.817378 0.814262 0.370461 0.542003 0.621951 0.001891 0.155503 0.219141 0.238482 0.571229 0.166510 0.033180 0.488654 
0.928600 0.469590 0.657592 0.741589 0.211813 0.923712 0.665911 0.318037 0.300384 0.241432 0.186059 0.031904 0.416104 0.960499 0.379220 0.929159 0.090239 0.113040 0.903833 0.574954 0.355568 0.028751 0.353464 0.850838 0.201882 
0.533760 0.228410 0.517254 0.120074 0.696998 0.786619 0.579047 0.908383 0.121624 0.748912 0.069804 0.652569 0.084485 0.088312 0.996252 0.910842 0.145005 0.802573 0.293927 0.428849 0.662794 0.715425 0.970394 0.943955 0.909623 
0.033159 0.633022 0.187119 0.188903 0.600502 0.372530 0.201840 0.802005 0.961374 0.452786 0.464953 0.404755 0.915549 0.584788 0.971820 0.479896 0.997018 0.518517 0.536969 0.065024 0.225125 0.257052 0.689507 0.127474 0.000339 
0.621319 0.728841 0.160234 0.344623 0.905156 0.276797 0.376955 0.998922 0.668428 0.871998 0.144017 0.902639 0.798144 0.711018 0.865496 0.053654 0.797146 0.176808 0.194859 0.120715 0.731899 0.718556 0.661495 0.941228 0.878666 
0.559382 0.035573 0.875207 0.611173 0.972747 0.589639 0.968521 0.397104 0.570105 0.355870 0.931627 0.996405 0.816845 0.338635 0.976000 0.099780 0.732142 0.254554 0.170270 0.046974 0.909124 0.481317 0.536404 0.386153 0.975875 
0.165685 0.688074 0.612799 0.590636 0.875155 0.573538 0.531544 0.048131 0.626197 0.141695 0.583922 0.769368 0.630398 0.948043 0.922171 0.318816 0.011515 0.179821 0.983117 0.749181 0.364668 0.454503 0.743012 0.071396 0.895541 
0.877513 0.678006 0.633908 0.727375 0.199339 0.386555 0.571481 0.618410 0.356947 0.192566 0.094491 0.584916 0.300971 0.883327 0.425257 0.615784 0.037352 0.897983 0.998259 0.990855 0.296347 0.897977 0.351148 0.577461 0.252450 
0.309034 0.887906 0.193622 0.282258 0.084496 0.397691 0.490565 0.163816 0.009023 0.049487 0.131547 0.393432 0.034498 0.200132 0.737861 0.812661 0.592791 0.738789 0.435640 0.676461 0.616922 0.675513 0.524230 0.244901 0.502681 
0.530151 0.005625 0.802736 0.555757 0.396966 0.979362 0.499318 0.585084 0.001331 0.608022 0.463954 0.005599 0.868486 0.300206 0.221523 0.019197 0.935837 0.325346 0.369134 0.139869 0.759872 0.689009 0.404633 0.993561 0.420060 
0.556759 0.023160 0.664388 0.173193 0.629868 0.890383 0.882886 0.746547 0.688339 0.169568 0.013435 0.064958 0.813065 0.384488 0.083580 0.880388 0.807553 0.722578 0.012999 0.705706 0.647730 0.431885 0.557387 0.377444 0.978152 
0.670043 0.476373 0.674184 0.625428 0.474893 0.758542 0.084971 0.171807 0.334368 0.193582 0.039493 0.744777 0.871945 0.318352 0.548407 0.417797 0.575353 0.089556 0.657219 0.379480 0.349052 0.093462 0.955305 0.030196 0.576869 
0.244642 0.540932 0.028293 0.041079 0.375009 0.130704 0.675872 0.507707 0.471776 0.888648 0.346205 0.588696 0.035627 0.045312 0.662269 0.271275 0.505750 0.481103 0.648452 0.386443 0.592938 0.195554 0.356293 0.467398 0.792073 
0.137578 0.077703 0.958633 0.818245 0.105102 0.384044 0.187537 0.381648 0.502721 0.407738 0.132816 0.671708 0.697914 0.163266 0.178363 0.346990 0.199691 0.880031 0.170897 0.981199 0.047968 0.075911 0.295033 0.026474 0.413212 
0.305461 0.536681 0.924404 0.648073 0.383120 0.635754 0.091113 0.711444 0.903174 0.031059 0.265693 0.937825 0.762432 0.444839 0.011554 0.676043 0.089085 0.263046 0.759284 0.866397 0.744079 0.652427 0.082001 0.950996 0.407357 
0.856012 0.523734 0.026569 0.833149 0.565838 0.424716 0.603998 0.850471 0.297211 0.515554 0.893589 0.749588 0.882595 0.663834 0.417765 0.155514 0.066757 0.471571 0.416327 0.803513 0.318796 0.300746 0.236668 0.707810 0.883762 
0.531570 0.241646 0.606589 0.273291 0.021125 0.832284 0.638329 0.496093 0.221026 0.963983 0.900254 0.331108 0.837371 0.148278 0.784688 0.643061 0.259254 0.147907 0.820293 0.699192 0.686703 0.254473 0.460261 0.562988 0.695678 
0.926614 0.801197 0.101003 0.956319 0.386634 0.225006 0.044958 0.148542 0.881561 0.311013 0.617640 0.250259 0.611044 0.208638 0.380705 0.185832 0.366375 0.139808 0.994290 0.832373 0.088211 0.239346 0.608035 0.781295 0.895389 
0.891901 0.195817 0.241536 0.104450 0.751638 0.057343 0.314352 0.860919 0.550252 0.343085 0.317978 0.462036 0.240162 0.183635 0.053277 0.416599 0.228360 0.887677 0.247299 0.544217 0.850853 0.843048 0.564090 0.330139 0.821468 
0.857327 0.084672 0.386799 0.493401 0.020667 0.700289 0.585661 0.541754 0.684110 0.797793 0.097853 0.443992 0.215167 0.407643 0.638602 0.934442 0.215866 0.758107 0.512535 0.881727 0.261404 0.248430 0.953136 0.056120 0.071581 
0.962501 0.519516 0.523587 0.531275 0.709467 0.613691 0.563495 0.059450 0.139687 0.630888 0.654431 0.513661 0.461642 0.614083 0.766477 0.270138 0.801713 0.433064 0.269180 0.443528 0.475647 0.393102 0.806469 0.751792 0.123911 

0.776708 1.250511 1.800940 0.075558 1.838233 0.657940 0.335985 1.477026 1.684729 1.537400 0.329049 0.544023 0.469708 0.860328 -0.400040 0.534807 0.819448 0.850645 0.383965 0.606025 1.039497 0.747277 1.066202 1.068539 0.598079 
1.317010 1.482568 1.105464 0.098730 1.954989 2.072023 0.759154 1.772351 1.340839 1.591133 -0.049810 0.872513 0.544878 0.870845 0.819176 0.262007 0.040744 0.430882 0.111844 0.178096 0.784091 1.391554 0.535830 1.001353 0.534538 
1.145290 1.111824 2.377695 0.206743 0.096031 0.963776 1.656482 0.636973 0.726404 1.174853 0.616991 0.890293 0.032756 -0.410631 -0.090878 0.438596 0.828052 0.769204 0.944309 0.257387 0.749028 0.674987 0.414343 1.399866 0.567062 
0.673669 1.002726 0.869486 1.574553 0.685721 0.529464 0.332801 -0.314625 0.061865 1.884699 -0.417097 0.693714 0.066225 0.568048 0.513611 0.590127 0.632068 0.762051 0.068443 0.857134 0.788060 -0.006968 0.888152 0.455405 -0.270927 
0.972502 0.944739 1.269432 1.869052 1.163363 1.481776 0.489030 0.450861 1.683107 -0.474196 0.373918 0.459985 0.624229 1.068782 -0.055815 0.306494 0.632855 0.369852 0.169531 0.031293 0.154262 0.823342 0.096707 0.130224 1.040675 
2.286778 0.802707 1.416620 1.246593 1.266005 2.004903 1.567720 0.539375 -0.612476 0.008614 0.487235 -0.041620 0.613107 0.635714 0.787415 0.776286 0.435404 0.235721 0.853263 0.230918 0.521128 -0.394865 0.174544 0.852804 0.351908 
1.006586 0.285441 0.822389 0.645742 1.503271 1.091074 1.187184 -1.133240 0.506312 -0.701901 -0.296302 0.487003 -0.059472 0.042733 1.404748 1.010233 -0.049567 0.959885 0.208204 0.468786 0.998983 0.852199 1.165819 1.062179 0.535560 
-0.070535 1.322213 0.195229 0.100497 1.459437 0.632855 -0.342370 -0.417112 -0.919908 -0.571737 -0.449717 0.386541 1.328584 0.253381 1.105268 0.323659 0.840027 0.431388 0.636097 0.189947 0.632748 -0.199083 0.368979 0.159565 0.320600 
1.557588 0.990498 -0.024605 0.135263 1.720709 0.413835 -0.421215 -1.220407 -0.181567 -0.854870 0.322975 0.611346 0.641560 0.613534 0.746616 0.376006 1.412704 0.574256 0.455067 -0.012621 0.879203 0.364190 0.434919 0.928860 0.441632 
1.140910 -0.080277 1.727478 1.345444 2.513254 -0.497679 -1.245714 0.076619 -1.062039 -0.389191 -0.811794 1.168334 1.403349 0.206397 0.989291 0.387001 1.026312 0.303947 0.408811 0.705871 0.622342 0.071923 0.215057 0.846618 1.399996 
0.058870 1.387275 1.753096 1.274488 -0.415866 -1.206429 -0.590171 0.140408 -0.530673 -0.360700 -0.423242 -0.697449 0.324354 1.123415 0.911507 -0.077563 0.102930 -0.156883 1.023249 0.879832 0.171671 0.449553 0.499653 0.015050 0.158996 
1.347788 1.061711 1.643622 -0.269354 -0.244432 -0.830836 -1.152786 -0.546937 -0.282893 0.042330 -0.046913 -0.656258 0.407802 1.102400 0.221503 0.762361 -0.115257 0.397086 1.145790 1.549903 0.174995 1.642159 0.464222 -0.053677 0.080947 
1.150078 1.629866 -0.359710 -0.397973 0.414766 -0.217852 -1.035180 -0.126139 -0.490729 -0.077877 0.716014 0.039145 -0.070925 0.318865 0.416447 1.028695 0.432306 0.694598 0.581545 0.311142 0.790130 0.502439 -0.231143 -0.494628 -0.185465 
1.127607 0.044255 -0.888440 -0.659815 -0.433893 -1.164745 -0.383359 -0.515464 -0.157386 -0.707200 -0.667431 -0.134209 0.903321 0.734439 0.410191 -0.140066 0.693613 0.328962 0.479236 0.304800 0.771069 0.202586 -0.136470 0.077391 -0.038684 
0.944535 0.183995 -0.756101 -0.462891 -0.287704 -0.714521 -1.415888 -1.068954 -0.437605 -0.123661 0.269536 0.079219 -1.628145 -0.771068 -0.163373 1.554621 1.206443 0.330566 0.113537 0.892947 0.137452 -0.609521 0.340945 -0.238466 0.136208 
-0.922687 -0.508641 -0.428896 -0.538434 -0.828902 -0.019655 -0.336356 -0.622624 -0.244688 0.103296 0.497472 -1.145498 -2.132057 -0.516479 -1.109347 -0.733595 -0.708425 -0.143626 0.805871 -0.140600 0.278197 -0.021665 -0.353120 -0.084259 -0.125433 
-0.355838 -0.936313 -0.169604 0.049616 -0.526660 -0.220756 -0.584502 0.512479 -0.692326 -1.568920 -0.350502 -1.537717 -0.118522 0.203795 -1.436088 -0.876840 -1.350058 -0.785980 -1.345222 0.061249 -0.235270 0.281542 0.444975 -0.099076 -0.088458 
0.260240 0.611066 -0.789951 -0.632618 -0.038999 -0.408689 0.132740 -1.067194 -0.494254 -0.076219 0.160636 -1.791541 -1.678164 0.405522 -0.331771 -0.736990 -0.293156 -1.310226 -0.212712 0.187583 0.306115 -0.494224 -0.334340 0.369988 -0.388068 
-0.244649 -1.053940 -1.163380 -1.177098 -0.279855 -0.791123 0.200212 -0.707818 -1.139795 -0.320873 -0.451974 -2.347694 -1.263729 -1.135632 0.221765 -1.592194 -0.086509 -0.670627 -1.471465 -2.132587 0.029396 0.195292 0.311420 -0.018572 0.006216 
-0.389138 -0.702223 0.163798 -0.551619 -0.597010 -0.860743 -0.462284 -1.021277 -0.385139 -1.275940 -2.558745 -2.117036 -1.780925 -1.233221 -0.549939 -0.409656 -0.203421 -1.756600 -0.413626 -1.529382 0.198955 -0.015547 0.025634 -0.379045 0.003355 
-0.490536 -0.335146 -0.509058 -0.263127 0.102625 -1.484515 -1.057736 -1.210566 -0.663912 -2.247045 -1.845486 -1.000252 -1.902283 -0.642351 -1.358451 -1.668053 0.172537 -0.461736 -2.015653 -0.982096 0.008398 -0.160626 0.172681 0.110958 -0.619316 
-0.924123 -0.368516 0.176572 -1.438297 -0.549755 -0.212356 0.050456 -0.701512 -1.525234 -0.793640 -1.069154 -0.519908 -1.067394 -0.050958 -0.437889 -0.268609 -0.972487 -0.347072 -2.353516 -1.559460 -0.153068 0.220907 -0.298556 0.115180 0.334591 
-0.705007 -0.497286 -0.454662 -0.270988 -0.636583 0.411850 -0.694991 -1.865775 -1.362358 -0.932207 -0.321916 -1.280290 -0.349259 -0.594429 -0.560133 -0.734154 -0.494065 -1.673274 -0.487237 -1.484930 -0.037151 0.001483 0.093471 -0.158034 0.027909 
-1.530794 -0.235105 -1.001094 -0.601904 -0.044155 -1.191106 -0.971444 -0.875227 -0.751869 -1.470888 -0.193971 -0.272097 -0.515246 -0.815280 -1.578970 -1.953191 -0.109093 -1.293812 -1.188111 -1.925175 -0.070594 -0.414140 -0.079951 -0.002872 -0.080954 
-0.449609 -0.199595 -0.746871 -0.503150 -0.846302 -1.898749 -1.448876 -0.328450 0.079458 -0.822664 -1.745408 -0.654365 -0.838234 -1.412651 -1.149835 -0.523106 -1.413874 -0.962296 -0.953955 -0.380302 -0.255279 -0.024284 -0.107116 -0.082318 -0.167692 
