-2.0 -2.0 -2.0 -2.0 -2.0 -2.0 -2.0 -2.0 -2.0 -2.0 -2.0 -2.0 -2.0 -2.0 -2.0 -2.0 -2.0 -2.0 -2.0 -2.0 0.0 0.0 0.0 0.0 0.0 
-2.0 -2.0 -2.0 -2.0 -2.0 -2.0 -2.0 -2.0 -2.0 -2.0 -2.0 -2.0 -2.0 -2.0 -2.0 -2.0 -2.0 -2.0 -2.0 -2.0 0.0 0.0 0.0 0.0 0.0 
-2.0 -2.0 -2.0 -2.0 -2.0 -2.0 -2.0 -2.0 -2.0 -2.0 -2.0 -2.0 -2.0 -2.0 -2.0 -2.0 -2.0 -2.0 -2.0 0.0 0.0 0.0 0.0 0.0 0.0 
-2.0 -2.0 -2.0 -2.0 -2.0 -2.0 -2.0 -2.0 -2.0 -2.0 -2.0 -2.0 -2.0 -2.0 -2.0 -2.0 -2.0 -2.0 -2.0 0.0 0.0 0.0 0.0 0.0 0.0 
-2.0 -2.0 -2.0 -2.0 -2.0 -2.0 -2.0 -2.0 -2.0 -2.0 -2.0 -2.0 -2.0 -2.0 -2.0 -2.0 -2.0 -2.0 0.0 0.0 0.0 0.0 0.0 0.0 0.0 
-2.0 -2.0 -2.0 -2.0 -2.0 -2.0 -2.0 -2.0 -2.0 -2.0 -2.0 -2.0 -2.0 -2.0 -2.0 -2.0 -2.0 -2.0 0.0 0.0 0.0 0.0 0.0 0.0 0.0 
-2.0 -2.0 -2.0 -2.0 -2.0 -2.0 -2.0 -2.0 -2.0 -2.0 -2.0 -2.0 -2.0 -2.0 -2.0 -2.0 -2.0 0.0 0.0 0.0 0.0 0.0 0.0 0.0 0.0 
-2.0 -2.0 -2.0 -2.0 -2.0 -2.0 -2.0 -2.0 -2.0 -2.0 -2.0 -2.0 -2.0 -2.0 -2.0 -2.0 -2.0 0.0 0.0 0.0 0.0 0.0 0.0 0.0 0.0 
-2.0 -2.0 -2.0 -2.0 -2.0 -2.0 -2.0 -2.0 -2.0 -2.0 -2.0 -2.0 -2.0 -2.0 -2.0 -2.0 -2.0 0.0 0.0 0.0 0.0 0.0 0.0 0.0 0.0 
-2.0 -2.0 -2.0 -2.0 -2.0 -2.0 -2.0 -2.0 -2.0 -2.0 -2.0 -2.0 -2.0 -2.0 -2.0 -2.0 0.0 0.0 0.0 0.0 0.0 0.0 0.0 0.0 0.0 
-2.0 -2.0 -2.0 -2.0 -2.0 -2.0 -2.0 -2.0 -2.0 -2.0 -2.0 -2.0 -2.0 -2.0 -2.0 2.0 2.0 2.0 0.0 0.0 0.0 0.0 0.0 0.0 0.0 
-2.0 -2.0 -2.0 -2.0 -2.0 -2.0 -2.0 -2.0 -2.0 -2.0 -2.0 -2.0 -2.0 -2.0 2.0 2.0 2.0 2.0 2.0 2.0 0.0 0.0 0.0 0.0 0.0 
-2.0 -2.0 -2.0 -2.0 -2.0 -2.0 -2.0 -2.0 -2.0 -2.0 -2.0 1.0 1.0 1.0 2.0 2.0 2.0 2.0 2.0 2.0 2.0 2.0 0.0 0.0 0.0 
1.0 1.0 1.0 1.0 1.0 1.0 1.0 1.0 1.0 1.0 1.0 1.0 1.0 1.0 2.0 2.0 2.0 2.0 2.0 2.0 2.0 2.0 2.0 2.0 0.0 
1.0 1.0 1.0 1.0 1.0 1.0 1.0 1.0 1.0 1.0 1.0 1.0 1.0 1.0 1.0 2.0 2.0 2.0 2.0 2.0 2.0 2.0 2.0 2.0 2.0 
1.0 1.0 1.0 1.0 1.0 1.0 1.0 1.0 1.0 1.0 1.0 1.0 1.0 1.0 1.0 2.0 2.0 2.0 2.0 2.0 2.0 2.0 2.0 2.0 2.0 
1.0 1.0 1.0 1.0 1.0 1.0 1.0 1.0 1.0 1.0 1.0 1.0 1.0 1.0 1.0 1.0 2.0 2.0 2.0 2.0 2.0 2.0 2.0 2.0 2.0 
1.0 1.0 1.0 1.0 1.0 1.0 1.0 1.0 1.0 1.0 1.0 1.0 1.0 1.0 1.0 1.0 -1.0 2.0 2.0 2.0 2.0 2.0 2.0 2.0 2.0 
1.0 1.0 1.0 1.0 1.0 1.0 1.0 1.0 1.0 1.0 1.0 1.0 1.0 1.0 1.0 1.0 -1.0 -1.0 -1.0 -1.0 2.0 2.0 2.0 2.0 2.0 
1.0 1.0 1.0 1.0 1.0 1.0 1.0 1.0 1.0 1.0 1.0 1.0 1.0 1.0 1.0 1.0 -1.0 -1.0 -1.0 -1.0 -1.0 -1.0 -1.0 2.0 2.0 
1.0 1.0 1.0 1.0 1.0 1.0 1.0 1.0 1.0 1.0 1.0 1.0 1.0 1.0 1.0 -1.0 -1.0 -1.0 -1.0 -1.0 -1.0 -1.0 -1.0 -1.0 -1.0 
1.0 1.0 1.0 1.0 1.0 1.0 1.0 1.0 1.0 1.0 1.0 1.0 1.0 1.0 1.0 -1.0 -1.0 -1.0 -1.0 -1.0 -1.0 -1.0 -1.0 -1.0 -1.0 
1.0 1.0 1.0 1.0 1.0 1.0 1.0 1.0 1.0 1.0 1.0 1.0 1.0 1.0 1.0 -1.0 -1.0 -1.0 -1.0 -1.0 -1.0 -1.0 -1.0 -1.0 -1.0 
1.0 1.0 1.0 1.0 1.0 1.0 1.0 1.0 1.0 1.0 1.0 1.0 1.0 1.0 -1.0 -1.0 -1.0 -1.0 -1.0 -1.0 -1.0 -1.0 -1.0 -1.0 -1.0 
1.0 1.0 1.0 1.0 1.0 1.0 1.0 1.0 1.0 1.0 1.0 1.0 1.0 1.0 -1.0 -1.0 -1.0 -1.0 -1.0 -1.0 -1.0 -1.0 -1.0 -1.0 -1.0 

0.106541 0.428556 0.327032 0.869262 0.953004 0.343309 0.517987 0.703899 0.401107 0.978666 0.449103 0.432155 0.175527 0.708089 0.973842 0.667565 0.207168 0.156496 0.039113 0.107496 0.119475 0.488493 0.550068 0.840254 0.740515 
0.054552 0.245038 0.385884 0.446175 0.258639 0.908815 0.834064 0.816609 0.016093 0.132085 0.274463 0.854738 0.350902 0.588393 0.763707 0.093582 0.361715 0.777487 0.459148 0.191554 0.825358 0.723138 0.016678 0.730737 0.029675 
0.099950 0.076324 0.457428 0.301331 0.536583 0.719786 0.554486 0.153778 0.279233 0.429034 0.728542 0.553639 0.986439 0.551124 0.741869 0.164135 0.406883 0.010513 0.976936 0.620488 0.962606 0.707102 0.321405 0.140048 0.714237 
0.889087 0.427888 0.089291 0.735584 0.575766 0.027867 0.310185 0.791734 0.199179 0.077021 0.674770 0.019183 0.132712 0.510972 0.593056 0.538078 0.178189 0.454034 0.199097 0.071156 0.099991 0.057009 0.646103 0.040449 0.329391 
0.158424 0.062938 0.307026 0.577514 0.747065 0.917436 0.517177 0.976280 0.811250 0.567880 0.043506 0.332022 0.714048 0.456657 0.363396 0.773784 0.156677 0.513544 0.109357 0.523989 0.664772 0.276528 0.680803 0.777757 0.276362 
0.488795 0.294628 0.416302 0.436896 0.850179 0.826669 0.766259 0.970929 0.227262 0.971714 0.467196 0.227496 0.831830 0.076777 0.968374 0.045576 0.229306 0.097802 0.856107 0.842382 0.288860 0.865383 0.287428 0.627973 0.872259 
0.169034 0.058413 0.183599 0.682618 0.369642 0.135645 0.457687 0.600913 0.842681 0.985749 0.317439 0.985291 0.770573 0.088832 0.776615 0.232197 0.230186 0.057594 0.907682 0.553231 0.878331 0.397633 0.620047 0.349728 0.957045 
0.861531 0.283711 0.361379 0.663243 0.728384 0.090320 0.290618 0.878800 0.970670 0.803341 0.842023 0.371080 0.265362 0.844262 0.436727 0.918428 0.272387 0.943784 0.293317 0.405384 0.003307 0.661477 0.836789 0.362232 0.447389 
0.331549 0.227916 0.092115 0.857766 0.983635 0.602450 0.104230 0.035276 0.268005 0.449907 0.592168 0.998950 0.316852 0.358558 0.101244 0.893047 0.582670 0.137008 0.419139 0.150181 0.949320 0.509525 0.768570 0.605438 0.236156 
0.588756 0.198436 0.981735 0.174225 0.902866 0.826558 0.200355 0.472827 0.118984 0.987983 0.091913 0.679325 0.341272 0.932142 0.483775 0.482127 0.730792 0.324388 0.862251 0.330085 0.320366 0.060953 0.517778 0.589876 0.594537 
0.277741 0.750156 0.363181 0.721779 0.991715 0.924762 0.079506 0.765085 0.684549 0.311828 0.990130 0.790024 0.608369 0.379462 0.053239 0.386048 0.945344 0.610475 0.296024 0.193289 0.035613 0.293088 0.393264 0.871677 0.781312 
0.248008 0.275637 0.682150 0.073574 0.136849 0.225548 0.949712 0.263022 0.028475 0.084077 0.375858 0.556935 0.453276 0.161221 0.332840 0.559553 0.730504 0.921211 0.476980 0.607798 0.187920 0.440165 0.310174 0.763506 0.171012 
0.763588 0.210622 0.373137 0.005232 0.999276 0.269896 0.820263 0.567988 0.171720 0.078906 0.111126 0.223266 0.524714 0.027705 0.809376 0.868763 0.154542 0.311015 0.377396 0.586613 0.257282 0.313014 0.038077 0.632146 0.903731 
0.874784 0.836418 0.524538 0.780040 0.281315 0.343640 0.533817 0.893296 0.213783 0.886087 0.772076 0.218044 0.896564 0.305969 0.131724 0.880393 0.503116 0.056507 0.007744 0.694386 0.243016 0.391217 0.717239 0.789111 0.255952 
0.263911 0.684346 0.167855 0.290217 0.444820 0.217108 0.292855 0.903622 0.972166 0.165404 0.118738 0.123883 0.798924 0.182990 0.622881 0.186762 0.300787 0.390663 0.462713 0.218816 0.774018 0.616076 0.368357 0.688309 0.308642 
0.834500 0.996761 0.620152 0.169331 0.836614 0.517205 0.372627 0.032548 0.688296 0.250005 0.687936 0.936438 0.122231 0.041562 0.249095 0.200395 0.080613 0.567968 0.995388 0.072882 0.110857 0.245308 0.210013 0.557506 0.702398 
0.162648 0.937626 0.070015 0.579344 0.654866 0.461381 0.191362 0.073968 0.645446 0.701402 0.641271 0.523553 0.615395 0.943864 0.164055 0.394067 0.632158 0.263934 0.819061 0.597525 0.757594 0.420803 0.937698 0.597406 0.510247 
0.476040 0.255314 0.734637 0.735714 0.080098 0.370305 0.332791 0.347252 0.817133 0.251226 0.103292 0.623262 0.569688 0.706404 0.874132 0.039446 0.392870 0.994748 0.883249 0.201469 0.655790 0.252216 0.668133 0.473222 0.388958 
0.255343 0.832470 0.962409 0.870431 0.785971 0.291069 0.721241 0.570645 0.839837 0.352278 0.620486 0.748911 0.790067 0.258136 0.493432 0.362581 0.170824 0.362374 0.303214 0.701139 0.700493 0.692161 0.948289 0.606593 0.605581 
0.524794 0.107031 0.303633 0.694433 0.489669 0.515964 0.107975 0.005543 0.846449 0.648684 0.414768 0.539617 0.251675 0.571501 0.853755 0.695144 0.891446 0.495553 0.304895 0.795183 0.952281 0.580277 0.172255 0.096827 0.640922 
0.854070 0.010252 0.283154 0.342121 0.110384 0.376172 0.417272 0.457212 0.935730 0.875687 0.897214 0.827753 0.896022 0.366778 0.177795 0.877599 0.430326 0.808157 0.401513 0.778229 0.991266 0.595480 0.486259 0.978905 0.994347 
0.929638 0.388260 0.046071 0.306912 0.608607 0.918520 0.730846 0.281177 0.451832 0.941541 0.533973 0.008429 0.021806 0.199575 0.597057 0.824535 0.597208 0.919824 0.458612 0.680527 0.124233 0.025917 0.992647 0.241325 0.403496 
0.245056 0.970618 0.629540 0.048116 0.923847 0.752357 0.574121 0.167781 0.164447 0.034068 0.552706 0.935058 0.868780 0.945267 0.743508 0.122971 0.323690 0.299934 0.744616 0.079597 0.760885 0.081909 0.943226 0.981703 0.738585 
0.356026 0.888699 0.915334 0.057336 0.175925 0.539853 0.864747 0.577777 0.323331 0.732058 0.547616 0.360256 0.870817 0.281120 0.796725 0.078955 0.743082 0.129928 0.853247 0.339385 0.011535 0.708246 0.256199 0.990926 0.017786 
0.900021 0.242478 0.230939 0.346981 0.208977 0.527816 0.323692 0.380529 0.996696 0.243972 0.878978 0.727937 0.597229 0.725215 0.297192 0.888657 0.636450 0.400963 0.688763 0.285230 0.266975 0.152888 0.722618 0.676877 0.752693 

0.098566 -0.671379 -0.862512 -1.813984 -1.972179 -0.693771 -1.063445 -1.283636 -0.928367 -1.807088 -1.101317 -0.962900 -0.371246 -1.459418 -2.130825 -1.256932 -0.384153 -0.514587 -0.007242 0.234572 -0.138270 -0.274962 0.081879 0.187438 -0.230298 
-0.228350 -0.433425 -0.696556 -0.736101 -0.507052 -1.728231 -1.632575 -1.704326 0.176249 -0.683898 -0.647965 -1.692331 -0.731509 -1.375966 -1.607961 -0.096292 -0.732930 -1.879247 -0.705090 -0.615762 -0.185988 0.030575 0.010781 -0.418825 0.301104 
-0.115201 -0.311407 -0.731923 -0.704862 -1.003508 -1.659132 -0.815632 -0.324173 -0.334529 -0.905475 -1.514061 -0.963900 -1.663247 -1.069754 -1.507304 -0.622075 -0.700052 0.171123 -1.789257 0.239712 -0.016212 0.074012 0.062258 0.174301 0.125976 
-1.699740 -0.603797 0.029032 -1.178805 -0.876718 0.161569 -0.348967 -1.422406 -0.432888 0.136335 -1.327669 0.405152 -0.214396 -0.920958 -1.201583 -1.161347 -0.477682 -0.794762 -0.688891 -0.089723 0.108942 -0.075964 -0.129760 -0.125279 -0.099733 
-0.019145 -0.319721 -0.741707 -1.192601 -1.745769 -1.769318 -0.833572 -2.200172 -1.563438 -1.093070 -0.196530 -0.790920 -1.464085 -0.672284 -0.594665 -1.546460 -0.599267 -1.093721 0.003562 -0.081858 -0.122685 -0.094515 -0.646641 0.431813 -0.070459 
-1.081022 -0.596461 -0.734547 -1.049750 -1.804569 -1.493323 -1.495050 -1.672708 -0.186676 -2.171938 -0.834094 -0.630994 -1.773511 -0.164619 -2.049557 -0.150224 -0.639436 -0.101812 -0.044992 0.072166 0.101326 -0.042608 0.018774 0.317956 0.037088 
-0.122227 0.007620 -0.375742 -1.198699 -0.622010 -0.181726 -0.952857 -1.214689 -1.782395 -1.842763 -0.544156 -1.980053 -1.555799 0.083707 -1.555409 -0.392905 -0.685968 0.274128 0.251297 0.090130 -0.285987 0.185024 -0.379085 -0.127379 -0.162232 
-1.677741 -0.474453 -0.527607 -1.314709 -1.563983 -0.105850 -0.429821 -2.039581 -1.510951 -1.567837 -2.231356 -0.672202 -0.317742 -1.768065 -1.039254 -1.823511 -0.307187 -0.096214 0.363485 0.232504 -0.292606 -0.317990 -0.107553 0.042583 -0.045615 
-0.519930 -0.377433 -0.326083 -1.851457 -1.997215 -1.119730 -0.388075 -0.134852 -0.642312 -0.873776 -1.010177 -2.137133 -0.526819 -0.823305 -0.243085 -1.553367 -1.108014 0.165682 -0.159209 0.041622 0.193114 0.279971 0.238363 -0.299652 0.245142 
-1.255913 -0.270228 -1.706345 -0.417660 -1.889382 -1.845792 -0.569720 -0.923484 -0.363001 -1.781930 -0.369181 -1.393870 -0.405611 -1.976662 -1.385025 -0.978217 0.040307 -0.147844 -0.165244 0.131649 0.297904 -0.054685 -0.086729 0.467165 0.418410 
-0.444239 -1.777440 -0.307651 -1.373153 -2.412844 -2.068450 -0.435894 -1.665237 -1.694856 -0.928579 -2.071472 -1.723249 -1.187606 -0.778484 -0.120665 0.529429 2.353874 1.865188 0.219143 0.370972 -0.245641 -0.171715 0.047769 0.318656 0.024939 
-0.105655 -0.479806 -1.796226 -0.245469 -0.056987 -0.563335 -2.376894 -0.757665 -0.196890 -0.171840 -0.819004 -0.868596 -1.068180 -0.429954 0.475893 1.267526 1.655160 2.028983 0.772652 0.979990 0.169795 0.314899 -0.324973 0.234050 0.578264 
-1.803282 -0.556629 -0.868743 0.512250 -1.891453 -0.237070 -1.603467 -1.338735 -0.467256 -0.285285 -0.364671 0.530559 0.438767 0.292555 1.523437 1.856857 0.230823 0.419214 0.612368 0.783890 0.647904 0.523297 -0.128962 -0.766613 0.078449 
0.760506 1.058024 0.696714 0.480670 0.212151 0.289046 0.390388 1.127307 0.457556 0.911299 0.766950 0.378335 0.912226 0.880025 -0.041813 2.007672 1.509209 0.058934 -0.065150 1.532899 0.576730 0.763278 1.832519 1.411235 0.137888 
-0.137471 0.474277 -0.287773 -0.242531 0.685128 0.202185 -0.016770 0.989354 0.898588 -0.053655 0.481813 0.003854 0.852197 0.190708 0.157121 -0.140530 0.723752 0.640816 1.126757 0.386626 1.418708 1.352349 0.588391 1.355432 0.611937 
0.797469 0.677101 0.729519 -0.006133 0.900608 0.655843 0.322411 0.324866 0.290524 -0.292064 0.630365 0.691488 -0.041987 0.203271 -0.014585 0.133141 0.135380 1.014016 2.085481 0.324019 0.336314 0.438820 0.465101 1.186829 1.446565 
0.164152 1.576275 0.401371 0.455832 0.695617 0.107737 0.050444 -0.210956 0.503592 0.659672 0.462703 0.446695 0.525892 0.709402 0.157259 0.182162 1.137916 0.612451 1.337297 1.246965 1.313460 0.764194 1.692063 1.055167 1.027163 
0.122117 0.627480 0.697824 0.925393 0.156096 0.105108 0.362599 0.690278 1.039025 0.429986 -0.318124 0.584341 0.285365 0.822783 0.801231 0.128105 -0.530823 1.634746 1.505263 0.206121 1.353069 0.447008 0.836205 0.994876 0.878912 
0.219247 1.290575 1.088731 0.792764 0.944992 0.089750 0.646161 0.481179 1.162262 0.227067 0.469128 0.637663 0.620265 0.461863 0.540445 0.549790 -0.168946 -0.512827 -0.513944 -0.730765 1.439069 1.281480 2.115768 1.521471 1.177479 
0.584164 0.504016 0.312519 0.677212 -0.025589 0.293360 0.210302 -0.243183 0.963698 0.528803 0.296538 0.607928 -0.013777 0.536154 0.849592 1.110193 -0.609400 -0.830498 -0.242304 -0.805530 -0.411033 -0.107343 -0.305755 0.162793 1.007923 
0.789065 -0.165537 0.261355 0.605599 0.137787 0.112629 0.738498 0.706048 1.111411 0.707791 0.849463 1.219791 0.998106 0.393656 -0.019563 -0.780828 -0.181003 -0.677975 -0.644271 -0.513475 -1.059348 -0.515423 -0.257733 -0.914910 -0.998111 
0.970669 0.417317 0.258712 0.039388 0.824862 1.281269 0.638137 0.457692 0.453638 1.211772 0.485420 0.213088 -0.181844 -0.161390 0.212449 -0.514555 -0.487899 -0.839480 -0.502447 -0.880204 -0.045023 0.168707 -1.136404 -0.399235 -0.626975 
0.168777 1.202825 0.811042 0.016217 0.947894 0.455787 0.537777 0.153578 0.030248 0.141509 0.590394 1.176324 0.780459 0.674209 0.817075 -0.116314 -0.477876 -0.741261 -0.487296 -0.092420 -0.665769 -0.273597 -0.781099 -0.930293 -1.136331 
0.418488 0.786370 0.840000 -0.054600 -0.210350 0.749621 0.566289 0.926627 0.774216 0.604319 0.531024 0.247613 0.647758 0.212387 -0.907055 0.042585 -0.830776 0.075564 -0.845570 -0.280239 -0.210595 -0.996431 -0.131845 -0.823345 -0.257501 
0.716583 0.419871 0.386603 0.428626 0.438711 0.503981 0.333784 0.645249 0.762343 0.074618 0.741792 0.846020 0.712030 0.545666 -0.049146 -1.187945 -0.557880 -0.355745 -0.410315 -0.252099 -0.651101 -0.350928 -0.779561 -0.693380 -0.647662 
