2.0 2.0 2.0 2.0 2.0 2.0 2.0 -2.0 -2.0 -2.0 -2.0 -2.0 -2.0 -2.0 -2.0 -2.0 -2.0 -2.0 -2.0 -2.0 -2.0 -2.0 -2.0 -2.0 -2.0 
2.0 2.0 2.0 2.0 2.0 2.0 2.0 -2.0 -2.0 -2.0 -2.0 -2.0 -2.0 -2.0 -2.0 -2.0 -2.0 -2.0 -2.0 -2.0 -2.0 -2.0 -2.0 -2.0 -2.0 
2.0 2.0 2.0 2.0 2.0 2.0 2.0 2.0 -2.0 -2.0 -2.0 -2.0 -2.0 -2.0 -2.0 -2.0 -2.0 -2.0 -2.0 -2.0 -2.0 -2.0 -2.0 -2.0 -2.0 
2.0 2.0 2.0 2.0 2.0 2.0 2.0 2.0 -2.0 -2.0 -2.0 -2.0 -2.0 -2.0 -2.0 -2.0 -2.0 -2.0 -2.0 -2.0 -2.0 -2.0 -2.0 -2.0 -2.0 
2.0 2.0 2.0 2.0 2.0 2.0 2.0 2.0 -2.0 -2.0 -2.0 -2.0 -2.0 -2.0 -2.0 -2.0 -2.0 -2.0 -2.0 -2.0 -2.0 -2.0 -2.0 -2.0 -2.0 
2.0 2.0 2.0 2.0 2.0 2.0 2.0 2.0 2.0 -2.0 -2.0 -2.0 -2.0 -2.0 -2.0 -2.0 -2.0 -2.0 -2.0 -2.0 -2.0 -2.0 -2.0 -2.0 -2.0 
2.0 2.0 2.0 2.0 2.0 2.0 2.0 2.0 2.0 -2.0 -2.0 -2.0 -2.0 -2.0 -2.0 -2.0 -2.0 -2.0 -2.0 -2.0 -2.0 -2.0 -2.0 -2.0 -2.0 
2.0 2.0 2.0 2.0 2.0 2.0 2.0 2.0 2.0 -2.0 -2.0 -2.0 -2.0 -2.0 -2.0 -2.0 -2.0 -2.0 -2.0 -2.0 -2.0 -2.0 -2.0 -2.0 -2.0 
2.0 2.0 2.0 2.0 2.0 2.0 2.0 2.0 2.0 -1.0 -1.0 -1.0 -2.0 -2.0 -2.0 -2.0 -2.0 -2.0 -2.0 -2.0 -2.0 -2.0 -2.0 -2.0 -2.0 
2.0 2.0 2.0 2.0 2.0 2.0 2.0 2.0 2.0 -1.0 -1.0 -1.0 -1.0 -1.0 -1.0 -1.0 -1.0 -2.0 -2.0 -2.0 -2.0 -2.0 -2.0 -2.0 -2.0 
2.0 2.0 2.0 2.0 2.0 2.0 2.0 2.0 -1.0 -1.0 -1.0 -1.0 -1.0 -1.0 -1.0 -1.0 -1.0 -1.0 -1.0 -1.0 -1.0 -2.0 -2.0 -2.0 -2.0 
2.0 2.0 2.0 2.0 2.0 2.0 2.0 1.0 -1.0 -1.0 -1.0 -1.0 -1.0 -1.0 -1.0 -1.0 -1.0 -1.0 -1.0 -1.0 -1.0 -1.0 -1.0 -1.0 -1.0 
2.0 2.0 2.0 2.0 2.0 2.0 1.0 1.0 1.0 -1.0 -1.0 -1.0 -1.0 -1.0 -1.0 -1.0 -1.0 -1.0 -1.0 -1.0 -1.0 -1.0 -1.0 -1.0 -1.0 
2.0 2.0 2.0 2.0 2.0 1.0 1.0 1.0 1.0 1.0 -1.0 -1.0 -1.0 -1.0 -1.0 -1.0 -1.0 -1.0 -1.0 -1.0 -1.0 -1.0 -1.0 -1.0 -1.0 
2.0 2.0 2.0 2.0 1.0 1.0 1.0 1.0 1.0 1.0 1.0 -1.0 -1.0 -1.0 -1.0 -1.0 -1.0 -1.0 -1.0 -1.0 -1.0 -1.0 -1.0 -1.0 -1.0 
2.0 2.0 2.0 1.0 1.0 1.0 1.0 1.0 1.0 1.0 1.0 1.0 -1.0 -1.0 -1.0 -1.0 -1.0 -1.0 -1.0 -1.0 -1.0 -1.0 -1.0 -1.0 -1.0 
2.0 0.0 0.0 0.0 1.0 1.0 1.0 1.0 1.0 1.0 1.0 1.0 1.0 -1.0 -1.0 -1.0 -1.0 -1.0 -1.0 -1.0 -1.0 -1.0 -1.0 -1.0 -1.0 
0.0 0.0 0.0 0.0 0.0 0.0 1.0 1.0 1.0 1.0 1.0 1.0 1.0 1.0 -1.0 -1.0 -1.0 -1.0 -1.0 -1.0 -1.0 -1.0 -1.0 -1.0 -1.0 
0.0 0.0 0.0 0.0 0.0 0.0 0.0 1.0 1.0 1.0 1.0 1.0 1.0 1.0 1.0 -1.0 -1.0 -1.0 -1.0 -1.0 -1.0 -1.0 -1.0 -1.0 -1.0 
0.0 0.0 0.0 0.0 0.0 0.0 0.0 0.0 0.0 1.0 1.0 1.0 1.0 1.0 1.0 1.0 -1.0 -1.0 -1.0 -1.0 -1.0 -1.0 -1.0 -1.0 -1.0 
0.0 0.0 0.0 0.0 0.0 0.0 0.0 0.0 0.0 0.0 1.0 1.0 1.0 1.0 1.0 1.0 1.0 -1.0 -1.0 -1.0 -1.0 -1.0 -1.0 -1.0 -1.0 
0.0 0.0 0.0 0.0 0.0 0.0 0.0 0.0 0.0 0.0 0.0 0.0 1.0 1.0 1.0 1.0 1.0 1.0 -1.0 -1.0 -1.0 -1.0 -1.0 -1.0 -1.0 
0.0 0.0 0.0 0.0 0.0 0.0 0.0 0.0 0.0 0.0 0.0 0.0 0.0 1.0 1.0 1.0 1.0 1.0 1.0 -1.0 -1.0 -1.0 -1.0 -1.0 -1.0 
0.0 0.0 0.0 0.0 0.0 0.0 0.0 0.0 0.0 0.0 0.0 0.0 0.0 0.0 0.0 1.0 1.0 1.0 1.0 1.0 -1.0 -1.0 -1.0 -1.0 -1.0 
0.0 0.0 0.0 0.0 0.0 0.0 0.0 0.0 0.0 0.0 0.0 0.0 0.0 0.0 0.0 0.0 1.0 1.0 1.0 1.0 1.0 -1.0 -1.0 -1.0 -1.0 

0.895176 0.643576 0.060926 0.042097 0.653717 0.621757 0.526703 0.416898 0.308013 0.950398 0.588389 0.467199 0.029152 0.262329 0.867802 0.487533 0.717794 0.390039 0.156780 0.623701 0.915846 0.801557 0.089091 0.325568 0.389590 
0.522273 0.663867 0.872311 0.774412 0.127019 0.724605 0.942347 0.414048 0.069642 0.734627 0.260864 0.966297 0.502957 0.858607 0.319915 0.986611 0.014152 0.094115 0.845721 0.244675 0.776200 0.326430 0.786932 0.580970 0.527508 
0.481710 0.542712 0.528838 0.748714 0.668937 0.227652 0.726488 0.427014 0.590341 0.779120 0.738494 0.125904 0.072184 0.943450 0.476538 0.470899 0.852745 0.808772 0.053868 0.445291 0.688776 0.399242 0.750853 0.598863 0.862270 
0.201998 0.407907 0.836131 0.559779 0.481706 0.418480 0.504779 0.436397 0.441612 0.692701 0.913983 0.816539 0.557279 0.962195 0.372119 0.705460 0.074201 0.329022 0.014516 0.116125 0.380082 0.269477 0.990366 0.292185 0.529246 
0.855794 0.634846 0.212467 0.665665 0.430495 0.194977 0.940864 0.204336 0.254311 0.873758 0.331450 0.273622 0.799717 0.644271 0.229583 0.890555 0.920677 0.481263 0.895563 0.190550 0.016447 0.044261 0.777464 0.639975 0.973954 
0.678892 0.436524 0.815782 0.219796 0.783605 0.114792 0.601827 0.309499 0.613623 0.308174 0.584835 0.128924 0.121115 0.663378 0.577223 0.969614 0.910481 0.015744 0.502982 0.186418 0.547868 0.386078 0.485498 0.830025 0.355679 
0.536934 0.201034 0.294690 0.212948 0.976308 0.924956 0.217037 0.368884 0.652654 0.108984 0.509432 0.671114 0.753188 0.716570 0.466531 0.628163 0.107099 0.252621 0.380222 0.643785 0.242704 0.133489 0.256940 0.382081 0.675925 
0.998951 0.724705 0.255394 0.279034 0.358471 0.204280 0.911895 0.973972 0.540350 0.385673 0.598456 0.842069 0.547355 0.539537 0.375893 0.807885 0.746745 0.014092 0.942468 0.075434 0.283023 0.391019 0.151695 0.287454 0.105335 
0.212371 0.599005 0.800589 0.768600 0.451679 0.861499 0.774760 0.958127 0.654826 0.719082 0.657085 0.037663 0.814286 0.901602 0.748830 0.422295 0.582473 0.015406 0.182157 0.541259 0.638184 0.247551 0.229938 0.413297 0.418685 
0.235439 0.123191 0.026905 0.856440 0.822582 0.861152 0.134002 0.783899 0.037907 0.307658 0.134007 0.828467 0.953298 0.144535 0.886731 0.962770 0.481658 0.368339 0.164196 0.660053 0.696718 0.299744 0.381891 0.066119 0.429222 
0.867773 0.758635 0.093147 0.857227 0.551812 0.904086 0.182709 0.447128 0.102624 0.926127 0.241579 0.696657 0.917803 0.301336 0.252909 0.002752 0.165469 0.221743 0.048078 0.031643 0.752315 0.009420 0.694271 0.850051 0.300157 
0.275517 0.082779 0.481689 0.204541 0.993646 0.320279 0.813255 0.412876 0.269936 0.155155 0.420745 0.324939 0.260145 0.229898 0.470192 0.899770 0.789683 0.521019 0.058877 0.245491 0.092442 0.635871 0.570225 0.675427 0.010577 
0.634474 0.068682 0.596029 0.058495 0.351927 0.122689 0.221856 0.489341 0.538420 0.281066 0.883397 0.423996 0.733642 0.237304 0.209782 0.720154 0.831546 0.867475 0.178152 0.804568 0.335179 0.695535 0.546286 0.481331 0.981978 
0.172224 0.435122 0.151643 0.522827 0.042297 0.668882 0.533785 0.712145 0.773187 0.301357 0.315222 0.716384 0.137699 0.076568 0.205773 0.771018 0.333988 0.961015 0.224495 0.717805 0.891485 0.187112 0.179920 0.183637 0.766246 
0.517193 0.767641 0.404993 0.380571 0.531547 0.465366 0.361582 0.399936 0.636042 0.296419 0.970806 0.542845 0.273599 0.906427 0.680941 0.139797 0.841424 0.971602 0.301707 0.505457 0.974696 0.517572 0.000772 0.573495 0.064151 
0.662442 0.099802 0.266393 0.652240 0.374951 0.382686 0.567189 0.464576 0.793018 0.637240 0.074280 0.971393 0.597712 0.351695 0.338209 0.074059 0.041993 0.937655 0.229042 0.379201 0.434102 0.879834 0.184347 0.829883 0.302786 
0.727853 0.256977 0.947885 0.048310 0.737097 0.562954 0.185390 0.746407 0.044948 0.926849 0.388253 0.715946 0.257567 0.874232 0.835330 0.370682 0.909480 0.324011 0.151718 0.268462 0.227556 0.347234 0.088117 0.437727 0.100783 
0.360236 0.907238 0.299586 0.612685 0.927407 0.456490 0.301689 0.311634 0.316558 0.980739 0.098771 0.546462 0.790391 0.795395 0.364640 0.525716 0.174161 0.754389 0.797308 0.784722 0.383484 0.662883 0.555853 0.058439 0.228937 
0.254911 0.552333 0.504320 0.335970 0.989226 0.462324 0.671632 0.083930 0.799224 0.383494 0.235295 0.931719 0.437529 0.410825 0.800387 0.216819 0.976981 0.838488 0.858095 0.925037 0.904880 0.465520 0.193518 0.138131 0.434098 
0.464845 0.715808 0.845372 0.074371 0.762629 0.718885 0.127583 0.372449 0.247217 0.065197 0.439343 0.667717 0.012552 0.502542 0.984666 0.480738 0.668626 0.005287 0.027026 0.850058 0.732683 0.997050 0.580447 0.470893 0.246504 
0.350184 0.019605 0.008618 0.287633 0.683277 0.744120 0.779549 0.425086 0.557261 0.223040 0.674489 0.539798 0.228556 0.920636 0.721209 0.238257 0.836474 0.342669 0.336803 0.882638 0.751420 0.966595 0.739410 0.680203 0.035811 
0.747814 0.004319 0.157400 0.879490 0.481740 0.405852 0.561245 0.574651 0.571851 0.036610 0.880076 0.244534 0.242238 0.985873 0.056717 0.364648 0.220989 0.275647 0.901673 0.513135 0.293334 0.870634 0.239412 0.348772 0.288052 
0.909771 0.430476 0.897239 0.365278 0.016839 0.860927 0.865450 0.282776 0.245985 0.623933 0.096210 0.087126 0.035179 0.765609 0.420503 0.553813 0.190821 0.015616 0.732380 0.763409 0.114523 0.472452 0.781132 0.890815 0.724659 
0.524905 0.453674 0.162406 0.603246 0.444785 0.095682 0.770644 0.701223 0.474797 0.707621 0.532678 0.365010 0.479818 0.716747 0.531142 0.319119 0.338338 0.261639 0.313308 0.973175 0.086512 0.120004 0.389071 0.200048 0.235839 
0.641667 0.913253 0.597177 0.867007 0.338509 0.521714 0.449972 0.100764 0.577115 0.056350 0.913472 0.192809 0.897348 0.951978 0.599301 0.524735 0.036742 0.288738 0.847262 0.323226 0.914463 0.626169 0.394449 0.548809 0.979160 

1.879359 1.666416 0.181417 0.201203 1.438637 1.369073 0.929668 -0.558061 -0.625924 -1.280100 -1.040935 -0.825646 -0.043378 -0.514095 -1.708048 -1.130671 -1.403706 -1.189251 -0.309527 -1.238330 -2.170477 -1.949150 0.076958 -0.437952 -0.696968 
1.815989 0.917204 1.806470 1.787463 0.536121 1.801752 2.239864 -1.562476 0.256281 -1.226432 -0.252517 -2.429666 -0.676071 -1.707298 -0.354222 -1.752105 -0.249916 -0.401347 -2.132989 -0.080492 -1.145573 -0.690957 -1.441885 -1.116934 -1.082257 
1.089558 0.858714 1.210256 1.463240 0.895771 -0.099378 1.556734 1.089108 -1.237008 -1.179851 -0.767439 -0.406520 -0.469543 -2.047357 -1.008003 -0.916784 -1.796571 -1.028219 0.286561 -0.512401 -1.584722 -0.931641 -1.579444 -1.176029 -2.434455 
0.719633 0.508972 1.554695 0.786387 1.102882 0.645076 1.285306 1.201023 -0.963182 -1.218801 -1.973590 -1.767129 -0.908588 -2.536483 -0.782126 -1.455313 0.065913 -0.453073 0.052447 0.147126 -0.818767 -0.314345 -1.872907 -0.517430 -1.223906 
1.577828 1.576479 0.510954 1.382724 0.935114 0.376235 1.473170 0.665863 -0.501449 -2.104631 -0.868777 -0.413832 -1.447681 -1.573387 -0.239414 -1.579958 -1.993685 -1.273272 -2.107594 -0.653385 0.125323 0.025813 -1.805574 -1.144175 -2.364397 
0.700843 1.279501 1.686477 0.338801 1.534159 -0.004754 0.992926 0.838289 0.879955 -0.938012 -0.769068 0.497729 -0.786469 -1.082644 -1.261535 -1.974854 -1.690062 0.448340 -0.528599 -0.730026 -1.137978 -0.509048 -1.439133 -1.750478 -0.783268 
1.161058 0.496007 0.313935 0.382080 2.119430 1.815219 0.752062 0.423973 1.100694 -0.607212 -0.700071 -1.046813 -1.408158 -1.761160 -1.096540 -0.465854 -0.188955 -0.774810 -0.204133 -1.174552 -0.722683 0.114749 -0.477078 -1.212148 -1.305178 
1.674592 1.461401 0.694391 0.224593 0.835563 0.798149 1.838659 2.188431 1.547852 -0.827296 -1.686188 -2.088504 -0.755938 -1.200062 -0.642106 -2.051968 -1.651531 0.033998 -2.417616 0.072307 -0.329854 -1.168404 -0.098441 -0.277240 0.033672 
0.771121 1.294222 2.099415 2.048239 1.035766 1.540091 1.422838 1.706301 0.944274 -0.483761 -0.798284 0.002906 -1.559964 -1.354899 -1.137047 -0.368021 -0.657043 0.141790 -0.044354 -0.674654 -1.597249 -0.711893 -0.080806 -0.367090 -0.877533 
0.999229 0.232075 0.001216 1.535990 2.290541 1.503909 0.448215 1.594658 -0.362792 -0.078515 0.101531 -0.575712 -0.786980 -0.300139 -1.095856 -0.969111 -0.743738 -0.906073 -0.263689 -1.007700 -1.234658 -1.319213 -0.567769 -0.022568 -1.137217 
2.035760 1.459905 0.042220 1.706141 1.005333 1.712425 0.277896 0.829867 0.248524 -1.005489 -0.013788 -0.638722 -1.181289 -0.424533 -0.246657 0.141045 -0.340591 -0.494970 0.002373 0.114463 -0.985125 0.301044 -0.858928 -1.402939 -1.212484 
0.532954 0.069799 1.423777 -0.076123 2.160964 0.196591 1.448522 0.818422 0.128890 0.691891 0.348574 -0.771598 0.182687 -0.645036 -0.496642 -1.337472 -0.367853 -0.433171 -0.010698 -0.043572 -0.045311 -0.649758 -1.695762 -0.459507 0.214241 
1.526833 0.417941 0.994501 0.313397 0.237959 0.048963 0.154426 0.704454 0.997191 -0.093118 -1.173422 -0.414086 -0.646014 -0.435453 -0.114897 -0.329810 -0.656474 -0.771258 -0.121215 -0.548874 0.052152 -1.006994 -0.828740 -0.022844 -0.875709 
0.282261 0.553234 -0.270222 0.506527 0.154109 1.082711 -0.071327 1.024508 0.828967 -0.205078 0.073220 -1.040403 -0.228436 -0.286536 0.160897 -0.921064 -0.583475 -1.001380 -0.046357 -0.982328 -1.231043 -0.383735 -0.056299 0.029894 -1.009884 
1.762772 1.821051 1.058621 0.279273 0.605887 0.417491 0.502193 -0.096418 0.718533 0.380059 0.807518 -0.795617 -0.173364 -1.125966 -1.078607 0.257297 -1.022916 -1.236566 -0.212516 0.071203 -1.176482 -0.538343 0.099881 -0.640992 -0.307712 
1.356978 0.084018 1.101451 0.511926 0.193147 0.812127 0.273305 0.110051 0.705197 1.223380 -0.433756 1.194151 -0.459699 -0.235983 -0.249998 0.348773 -0.069724 -1.580530 -0.363932 -0.212565 -0.351659 -1.182498 -0.096260 -0.661626 -0.162321 
1.458022 -0.261113 0.723448 0.134401 1.194178 0.545294 0.063675 1.027231 -0.363072 0.946221 0.791672 0.746019 0.324581 -1.398437 -0.656432 -0.212983 -1.229440 -0.383864 -0.489190 0.047772 0.126890 0.038754 -0.201579 -0.361753 -0.473017 
-0.180365 0.397206 -0.931135 -0.222881 0.155553 0.017638 0.097853 0.209130 0.166731 1.425973 0.165618 1.123804 0.541921 0.992631 -0.301364 -0.346039 -0.137120 -1.023675 -0.812998 -0.520605 -0.310942 -0.907833 -0.195406 -0.440168 -0.408435 
0.050998 0.175969 0.134400 -0.052514 -0.328471 0.489948 0.214167 0.095500 1.728693 0.038720 0.603045 1.357448 0.408190 0.729872 0.647126 0.261697 -0.701092 -0.237834 -0.911819 -0.450118 -0.643246 -0.523610 0.061153 0.134920 -0.401259 
0.445583 -0.451127 0.143235 0.046869 0.349340 0.211355 -0.346964 0.137550 -0.009716 0.205642 -0.021269 0.739584 -0.120101 0.843966 0.809193 0.522746 -0.793355 -0.161538 0.148223 -0.513658 -0.452927 -1.437455 -0.382679 -0.393255 -0.286939 
-0.123521 0.283375 -0.060258 0.441568 -0.104569 -0.308343 -0.048231 -0.439034 0.385335 0.184473 0.625778 0.550897 0.276457 1.173035 0.470902 0.227427 1.230860 -0.209866 0.067106 -0.578301 -0.583878 -1.129252 -1.092962 -1.133706 -0.139632 
-0.320687 0.090898 0.678705 -0.494497 0.536151 -0.438536 -0.331073 -0.250179 0.060248 0.023567 -0.344327 0.493930 -0.184166 0.994479 0.200594 -0.210664 0.606623 0.055163 -1.168345 -0.739338 -0.880557 -0.644921 0.067815 -0.093811 -0.441045 
0.348202 0.300805 -0.313063 0.171384 0.071463 0.409493 0.116346 0.862856 0.028891 0.241415 0.562303 -0.441116 -0.608883 0.612618 0.808287 0.974729 0.047150 -0.408110 0.736277 -0.702965 -0.046805 -0.535391 -1.295220 -0.854215 -0.760633 
-0.030693 -0.487295 0.175159 0.315309 -0.498733 -0.709612 0.485743 -0.078283 0.095918 -0.383258 0.607571 0.249837 -0.151678 0.330284 0.040949 0.652194 0.411946 0.572430 -0.086479 0.972173 -0.147258 -0.024670 -0.337419 -0.272781 -0.642478 
0.074524 0.586018 -0.394150 -0.375690 -0.155087 0.452155 -0.313563 -0.011563 0.367268 -0.118099 0.503424 0.254801 -0.274560 0.320169 -0.039332 -0.149793 -0.005988 0.970338 0.692005 0.404966 1.104697 -0.357673 -0.400957 -0.408551 -1.024761 
