2.0 2.0 2.0 2.0 2.0 2.0 2.0 2.0 2.0 2.0 2.0 2.0 2.0 2.0 2.0 2.0 2.0 2.0 -1.0 -1.0 -1.0 -1.0 -1.0 -1.0 -1.0 
2.0 2.0 2.0 2.0 2.0 2.0 2.0 2.0 2.0 2.0 2.0 2.0 2.0 2.0 2.0 2.0 2.0 2.0 -1.0 -1.0 -1.0 -1.0 -1.0 -1.0 -1.0 
2.0 2.0 2.0 2.0 2.0 2.0 2.0 2.0 2.0 2.0 2.0 2.0 2.0 2.0 2.0 2.0 2.0 -1.0 -1.0 -1.0 -1.0 -1.0 -1.0 -1.0 -1.0 
2.0 2.0 2.0 2.0 2.0 2.0 2.0 2.0 2.0 2.0 2.0 2.0 2.0 2.0 2.0 2.0 2.0 -1.0 -1.0 -1.0 -1.0 -1.0 -1.0 -1.0 -1.0 
2.0 2.0 2.0 2.0 2.0 2.0 2.0 2.0 2.0 2.0 2.0 2.0 2.0 2.0 2.0 2.0 -1.0 -1.0 -1.0 -1.0 -1.0 -1.0 -1.0 -1.0 -1.0 
2.0 2.0 2.0 2.0 2.0 2.0 2.0 2.0 2.0 2.0 2.0 2.0 2.0 2.0 2.0 2.0 -1.0 -1.0 -1.0 -1.0 -1.0 -1.0 -1.0 -1.0 -1.0 
2.0 2.0 2.0 2.0 2.0 2.0 2.0 2.0 2.0 2.0 2.0 2.0 2.0 2.0 2.0 -1.0 -1.0 -1.0 -1.0 -1.0 -1.0 -1.0 -1.0 0.0 0.0 
2.0 2.0 2.0 2.0 2.0 2.0 2.0 2.0 2.0 2.0 2.0 2.0 2.0 2.0 2.0 -1.0 -1.0 -1.0 -1.0 -1.0 -1.0 0.0 0.0 0.0 0.0 
2.0 2.0 2.0 2.0 2.0 2.0 2.0 2.0 2.0 2.0 2.0 2.0 2.0 2.0 -2.0 -2.0 -2.0 -2.0 -2.0 -2.0 0.0 0.0 0.0 0.0 0.0 
1.0 1.0 2.0 2.0 2.0 2.0 2.0 2.0 2.0 2.0 -2.0 -2.0 -2.0 -2.0 -2.0 -2.0 -2.0 -2.0 -2.0 -2.0 0.0 0.0 0.0 0.0 0.0 
1.0 1.0 1.0 1.0 1.0 2.0 -2.0 -2.0 -2.0 -2.0 -2.0 -2.0 -2.0 -2.0 -2.0 -2.0 -2.0 -2.0 -2.0 -2.0 0.0 0.0 0.0 0.0 0.0 
1.0 1.0 1.0 1.0 1.0 1.0 -2.0 -2.0 -2.0 -2.0 -2.0 -2.0 -2.0 -2.0 -2.0 -2.0 -2.0 -2.0 -2.0 -2.0 -2.0 0.0 0.0 0.0 0.0 
1.0 1.0 1.0 1.0 1.0 1.0 1.0 -2.0 -2.0 -2.0 -2.0 -2.0 -2.0 -2.0 -2.0 -2.0 -2.0 -2.0 -2.0 -2.0 -2.0 0.0 0.0 0.0 0.0 
1.0 1.0 1.0 1.0 1.0 1.0 1.0 1.0 -2.0 -2.0 -2.0 -2.0 -2.0 -2.0 -2.0 -2.0 -2.0 -2.0 -2.0 -2.0 -2.0 0.0 0.0 0.0 0.0 
1.0 1.0 1.0 1.0 1.0 1.0 1.0 1.0 1.0 -2.0 -2.0 -2.0 -2.0 -2.0 -2.0 -2.0 -2.0 -2.0 -2.0 -2.0 -2.0 -2.0 0.0 0.0 0.0 
1.0 1.0 1.0 1.0 1.0 1.0 1.0 1.0 1.0 1.0 -2.0 -2.0 -2.0 -2.0 -2.0 -2.0 -2.0 -2.0 -2.0 -2.0 -2.0 -2.0 0.0 0.0 0.0 
1.0 1.0 1.0 1.0 1.0 1.0 1.0 1.0 1.0 1.0 1.0 -2.0 -2.0 -2.0 -2.0 -2.0 -2.0 -2.0 -2.0 -2.0 -2.0 -2.0 0.0 0.0 0.0 
1.0 1.0 1.0 1.0 1.0 1.0 1.0 1.0 1.0 1.0 1.0 1.0 -2.0 -2.0 -2.0 -2.0 -2.0 -2.0 -2.0 -2.0 -2.0 -2.0 -2.0 0.0 0.0 
1.0 1.0 1.0 1.0 1.0 1.0 1.0 1.0 1.0 1.0 1.0 1.0 1.0 -2.0 -2.0 -2.0 -2.0 -2.0 -2.0 -2.0 -2.0 -2.0 -2.0 0.0 0.0 
1.0 1.0 1.0 1.0 1.0 1.0 1.0 1.0 1.0 1.0 1.0 1.0 1.0 1.0 -2.0 -2.0 -2.0 -2.0 -2.0 -2.0 -2.0 -2.0 -2.0 0.0 0.0 
1.0 1.0 1.0 1.0 1.0 1.0 1.0 1.0 1.0 1.0 1.0 1.0 1.0 1.0 1.0 -2.0 -2.0 -2.0 -2.0 -2.0 -2.0 -2.0 -2.0 -2.0 0.0 
1.0 1.0 1.0 1.0 1.0 1.0 1.0 1.0 1.0 1.0 1.0 1.0 1.0 1.0 1.0 1.0 -2.0 -2.0 -2.0 -2.0 -2.0 -2.0 -2.0 -2.0 0.0 
1.0 1.0 1.0 1.0 1.0 1.0 1.0 1.0 1.0 1.0 1.0 1.0 1.0 1.0 1.0 1.0 1.0 -2.0 -2.0 -2.0 -2.0 -2.0 -2.0 -2.0 0.0 
1.0 1.0 1.0 1.0 1.0 1.0 1.0 1.0 1.0 1.0 1.0 1.0 1.0 1.0 1.0 1.0 1.0 1.0 -2.0 -2.0 -2.0 -2.0 -2.0 -2.0 -2.0 
1.0 1.0 1.0 1.0 1.0 1.0 1.0 1.0 1.0 1.0 1.0 1.0 1.0 1.0 1.0 1.0 1.0 1.0 1.0 -2.0 -2.0 -2.0 -2.0 -2.0 -2.0 

0.257408 0.541313 0.990420 0.057542 0.764640 0.141691 0.742863 0.982670 0.495766 0.334466 0.086195 0.289170 0.444450 0.958234 0.011596 0.471682 0.080142 0.270167 0.834715 0.762074 0.631117 0.919194 0.498059 0.049835 0.753564 
0.375327 0.359891 0.017801 0.518920 0.677062 0.768901 0.919678 0.747766 0.961623 0.148183 0.917250 0.122646 0.331297 0.104692 0.197894 0.092774 0.754865 0.616682 0.022414 0.279116 0.385538 0.303214 0.848860 0.564942 0.890784 
0.399581 0.246166 0.257778 0.390711 0.282781 0.214298 0.028265 0.332208 0.461791 0.758054 0.437728 0.214238 0.415546 0.551023 0.660916 0.745202 0.656483 0.289389 0.827189 0.968174 0.457104 0.429151 0.498937 0.740011 0.988905 
0.458421 0.348996 0.666128 0.498942 0.681105 0.943261 0.473991 0.202787 0.946137 0.932381 0.459269 0.112954 0.696804 0.463878 0.439318 0.967852 0.400022 0.025397 0.253667 0.390215 0.522619 0.367483 0.995421 0.455045 0.948041 
0.828519 0.638569 0.050840 0.968215 0.003223 0.666131 0.661892 0.826271 0.070913 0.196036 0.202987 0.196339 0.926192 0.004122 0.139966 0.604760 0.527178 0.856207 0.425857 0.929273 0.976667 0.200339 0.798343 0.764277 0.709489 
0.959693 0.106815 0.410318 0.925594 0.262163 0.366539 0.799095 0.015869 0.797367 0.459656 0.526888 0.376017 0.731706 0.667316 0.760056 0.324453 0.166835 0.969924 0.828155 0.294838 0.313006 0.555832 0.328421 0.725751 0.151790 
0.814132 0.669917 0.573698 0.789656 0.800808 0.160215 0.433664 0.818647 0.404393 0.691064 0.142113 0.612794 0.211092 0.846319 0.171902 0.788614 0.876284 0.971706 0.382729 0.327620 0.767480 0.132851 0.044627 0.041221 0.441622 
0.729498 0.408340 0.023413 0.195417 0.793073 0.341709 0.344080 0.873583 0.423596 0.472385 0.756571 0.246519 0.701631 0.121754 0.594311 0.093128 0.681062 0.347941 0.982548 0.121773 0.895558 0.809811 0.318496 0.776390 0.036130 
0.715847 0.229202 0.483267 0.970611 0.961261 0.223719 0.716810 0.647543 0.212315 0.395865 0.069329 0.184096 0.656227 0.078623 0.477196 0.913586 0.085964 0.088756 0.307521 0.512333 0.955972 0.423848 0.336693 0.595761 0.323723 
0.462771 0.501795 0.053679 0.786301 0.222454 0.494445 0.751348 0.606227 0.592663 0.078334 0.316625 0.847284 0.676853 0.991092 0.140966 0.991618 0.231978 0.310972 0.726591 0.323543 0.575388 0.311938 0.819419 0.405992 0.223787 
0.006326 0.048001 0.555198 0.100080 0.669559 0.805952 0.876776 0.366752 0.620515 0.441703 0.777311 0.226645 0.381163 0.697394 0.434880 0.445149 0.979048 0.718000 0.939308 0.435845 0.723745 0.175660 0.037196 0.108193 0.799637 
0.528527 0.370395 0.639418 0.753530 0.610676 0.463051 0.252842 0.687097 0.460528 0.745482 0.366289 0.865899 0.965280 0.113218 0.284495 0.751269 0.260226 0.181521 0.897821 0.409154 0.773342 0.530627 0.338642 0.327335 0.444026 
0.582183 0.408246 0.410979 0.959327 0.772344 0.356180 0.902264 0.403709 0.420947 0.502252 0.082183 0.088363 0.512663 0.602493 0.346788 0.457617 0.725059 0.812038 0.625992 0.120707 0.250573 0.587099 0.984088 0.615752 0.634038 
0.290014 0.072479 0.273857 0.817756 0.560548 0.739426 0.904062 0.166141 0.595342 0.285161 0.918136 0.229485 0.471006 0.122183 0.308682 0.595934 0.812127 0.895503 0.853886 0.063798 0.843234 0.650779 0.117981 0.901859 0.139766 
0.927123 0.514458 0.661605 0.648109 0.330116 0.196009 0.089704 0.015147 0.133301 0.329508 0.386787 0.207889 0.825670 0.644623 0.622984 0.662360 0.372950 0.114245 0.762665 0.127969 0.450196 0.017174 0.382737 0.233145 0.929627 
0.115117 0.723185 0.184357 0.306706 0.607415 0.944572 0.458366 0.866202 0.246070 0.047152 0.240132 0.767787 0.567853 0.224647 0.881931 0.366251 0.666203 0.449263 0.468081 0.263021 0.505147 0.034857 0.633470 0.529066 0.125124 
0.442296 0.576935 0.006831 0.084450 0.461584 0.498379 0.822621 0.952347 0.227117 0.922181 0.645761 0.720206 0.035958 0.929202 0.634245 0.213434 0.448095 0.194096 0.710196 0.191167 0.106915 0.999347 0.218287 0.733813 0.594878 
0.929203 0.038957 0.283060 0.941853 0.469173 0.794146 0.725827 0.761286 0.727759 0.898017 0.855325 0.631052 0.332320 0.877544 0.055829 0.494374 0.277834 0.106489 0.411689 0.177213 0.298931 0.808780 0.378745 0.532716 0.602087 
0.078286 0.917218 0.239440 0.653331 0.831100 0.787923 0.454875 0.430210 0.803694 0.013000 0.875736 0.850373 0.469535 0.215310 0.293152 0.372701 0.644187 0.617586 0.996948 0.735342 0.061020 0.505941 0.685132 0.213830 0.538069 
0.081928 0.603601 0.937422 0.832728 0.111642 0.192873 0.458693 0.792203 0.371883 0.951041 0.862650 0.687027 0.805245 0.297781 0.392940 0.647797 0.956486 0.253198 0.862956 0.469723 0.651864 0.727550 0.167513 0.283019 0.815357 
0.240255 0.859851 0.466139 0.282832 0.109066 0.398028 0.340651 0.797901 0.936617 0.981029 0.352128 0.324987 0.227087 0.781724 0.838027 0.170808 0.077078 0.149906 0.405838 0.756953 0.867199 0.773510 0.226795 0.342832 0.099406 
0.877141 0.582072 0.384517 0.034103 0.418386 0.987720 0.339036 0.067421 0.193359 0.367409 0.603831 0.025498 0.189324 0.049897 0.474184 0.690663 0.998662 0.326725 0.808983 0.464754 0.101169 0.417000 0.728709 0.963901 0.721980 
0.406085 0.391098 0.358132 0.556905 0.231397 0.696452 0.668775 0.039413 0.259318 0.718304 0.325795 0.855720 0.805454 0.313016 0.746257 0.621639 0.609310 0.086391 0.012208 0.228294 0.942527 0.234966 0.356606 0.200570 0.826798 
0.880777 0.868837 0.424518 0.536963 0.646671 0.452987 0.586057 0.946547 0.645854 0.454660 0.364724 0.489643 0.163572 0.414630 0.521743 0.722346 0.556705 0.794769 0.732152 0.150171 0.462145 0.748813 0.343318 0.054836 0.745283 
0.418917 0.175772 0.610226 0.735963 0.528292 0.254301 0.450343 0.371650 0.990481 0.132880 0.394359 0.268439 0.284954 0.833850 0.348061 0.860071 0.055516 0.899727 0.803413 0.628595 0.352893 0.074906 0.857031 0.182327 0.658471 

0.643312 1.149966 1.911394 0.050678 1.391972 0.297176 1.467399 1.956948 1.024995 0.702690 0.149095 0.506672 0.946860 2.054692 -0.049625 0.962162 0.196583 0.608543 -0.857859 -1.107723 -0.717592 -0.973515 -0.528723 -0.061160 -0.827394 
0.759185 0.645512 0.011707 1.037745 1.396796 1.576977 1.912036 1.573861 1.939973 0.390897 1.836872 0.454582 0.657318 0.113067 0.366262 0.038468 1.438263 1.272329 -0.172281 -0.445480 -0.479119 -0.376510 -1.039069 -0.641048 -0.865936 
0.831600 0.511549 0.499667 0.813278 0.639334 0.461863 0.051601 0.688768 0.918421 1.398517 0.983360 0.516715 1.074273 1.217582 1.413911 1.576404 1.137173 -0.363985 -0.936071 -1.111673 -0.501429 -0.326263 -0.593575 -0.671353 -0.939724 
0.923978 0.746331 1.409207 0.985811 1.221629 1.768614 0.836751 0.422477 2.040801 1.927416 0.846615 0.208854 1.417860 0.838603 0.896089 1.892120 0.682896 -0.134613 -0.285068 -0.489795 -0.529880 -0.202857 -0.990814 -0.587349 -0.782710 
1.695363 1.328168 -0.008012 1.953966 -0.071964 1.427646 1.307782 1.785370 0.192730 0.334169 0.430531 0.322535 1.839040 0.104987 0.209029 1.108486 -0.648039 -0.802288 -0.341176 -0.859880 -0.984638 -0.138670 -0.820089 -0.641422 -0.632582 
2.015297 0.290201 0.797601 1.819711 0.385463 0.508184 1.521554 -0.135351 1.569214 0.950533 1.092971 0.540642 1.485863 1.226444 1.520117 0.658666 -0.366935 -1.046713 -0.949593 -0.339253 -0.391629 -0.528175 -0.379135 -0.807576 -0.370801 
1.488987 1.426037 1.231578 1.478927 1.542890 0.363003 0.858461 1.715577 0.774270 1.470953 0.305457 1.253649 0.520862 1.644110 0.343833 -0.833296 -0.930572 -0.999524 -0.577236 -0.295021 -0.763081 -0.088928 -0.000674 0.060766 -0.060684 
1.393073 0.944184 -0.137048 0.335970 1.535579 0.661357 0.580117 1.770854 0.873898 1.126923 1.407975 0.383033 1.440992 0.397552 1.323514 -0.049056 -0.687174 -0.307273 -0.827166 -0.166387 -0.968717 -0.057104 0.021488 0.121039 -0.038386 
1.311131 0.566159 0.953178 1.944346 1.893851 0.479059 1.243081 1.157010 0.313476 1.017003 0.085158 0.432773 1.457828 0.237065 -1.158630 -1.846328 -0.152697 -0.180282 -0.694224 -1.063866 0.009084 0.003205 -0.048291 -0.060578 0.032679 
0.439049 0.411812 -0.013385 1.514813 0.406172 1.095443 1.595362 1.173105 1.004792 0.191561 -0.485997 -1.696814 -1.498335 -1.971048 -0.247567 -2.206778 -0.491043 -0.595638 -1.487419 -0.681241 0.097695 0.048315 -0.125502 -0.063985 -0.004069 
-0.050007 -0.100972 0.499036 0.029593 0.621948 1.554660 -1.648688 -0.872384 -1.287158 -0.774099 -1.596687 -0.695143 -0.911325 -1.496642 -0.963161 -0.788313 -1.984064 -1.465087 -1.857156 -0.715896 0.058945 -0.081765 0.031101 -0.243077 0.058478 
0.371771 0.459341 0.757710 0.841513 0.625866 0.566669 -0.519823 -1.427242 -1.059103 -1.558686 -0.742067 -1.738064 -1.981713 -0.221250 -0.484338 -1.524388 -0.539232 -0.519174 -1.862332 -0.968372 -1.542792 0.026314 -0.175355 -0.074301 0.050174 
0.618802 0.480189 0.302733 0.818390 0.806681 0.345788 0.868706 -0.865148 -0.781968 -1.003377 -0.024830 -0.132291 -1.015452 -1.276823 -0.624139 -0.914378 -1.385315 -1.725891 -1.318831 -0.146618 -0.416642 -0.093042 -0.118307 0.000596 0.140477 
0.337457 -0.095917 0.329464 0.783676 0.329483 0.675952 0.869112 0.032940 -1.134984 -0.445214 -1.856410 -0.624284 -0.793509 -0.210690 -0.680926 -1.233997 -1.679157 -1.767463 -1.812619 -0.261628 -1.671726 -0.044406 -0.130703 -0.160713 -0.198639 
0.742873 0.356631 0.542635 0.741258 0.292510 0.318452 0.010020 0.044055 0.135526 -0.935299 -0.734837 -0.268513 -1.748779 -1.214857 -1.129894 -1.372067 -0.603668 -0.230683 -1.411517 -0.180366 -0.940901 -0.134766 0.031457 -0.121536 0.017799 
0.179856 0.657941 0.225952 0.327139 0.664940 0.897423 0.543990 0.903185 0.350885 0.130034 -0.563584 -1.432775 -1.143148 -0.505492 -1.648420 -0.535138 -1.191055 -0.895934 -0.795493 -0.770597 -1.056084 -0.033592 -0.038150 0.097047 -0.024514 
0.446400 0.604875 0.001761 -0.132411 0.466591 0.677814 0.789159 0.771096 0.283941 0.834593 0.606747 -1.469420 -0.116009 -1.803092 -1.285496 -0.403770 -1.009348 -0.434935 -1.230915 -0.373665 -0.325681 -2.062373 0.146875 0.212742 -0.106338 
0.887562 0.125428 0.425397 1.083700 0.369446 0.847652 0.699793 0.560905 0.963910 0.957275 0.842440 0.734119 -0.762464 -1.799615 0.009741 -1.185043 -0.501959 -0.223856 -1.018063 -0.374705 -0.582192 -1.615046 -0.560634 0.120214 0.121014 
-0.104061 0.920873 0.316694 0.646967 0.717294 0.889964 0.512334 0.393704 0.694200 0.037680 0.858331 0.644580 0.357672 -0.304928 -0.572714 -0.617157 -1.049644 -1.406208 -2.052163 -1.412387 -0.139428 -1.086046 -1.264966 -0.075999 -0.023073 
-0.023281 0.707064 0.685389 0.831907 0.077397 0.051541 0.338386 0.764282 0.373322 0.785346 0.863499 0.705499 0.780470 0.353121 -0.895180 -1.214823 -1.948270 -0.421856 -1.872522 -0.966028 -1.532132 -1.297426 -0.366914 0.149480 -0.040648 
0.193483 1.082146 0.644364 0.290906 0.163098 0.279217 0.462220 0.737518 1.032251 1.016265 0.448187 0.478896 0.330413 0.642034 0.911653 -0.562480 -0.161966 -0.281883 -0.846544 -1.586681 -1.666043 -1.723730 -0.427170 -0.684007 0.002098 
0.838889 0.700288 0.434506 0.096120 0.414515 1.054528 0.410250 0.077530 0.008655 0.368978 0.667358 -0.069252 0.285180 0.052039 0.412404 0.573207 -1.973187 -0.598524 -1.693501 -0.888689 -0.186829 -0.638001 -1.369391 -1.935237 -0.037768 
0.553382 0.523031 0.306035 0.582826 0.268383 0.663448 0.754932 -0.116073 0.249535 0.769564 0.363744 0.838641 0.740918 0.297767 0.629387 0.526515 0.513269 -0.266438 0.040981 -0.735823 -1.893216 -0.321282 -0.644092 -0.348645 -0.006522 
0.855094 0.774342 0.532672 0.624130 0.762031 0.307250 0.485108 0.917686 0.528470 0.647860 0.303725 0.495621 0.224089 0.354051 0.581018 0.704745 0.437817 0.793484 -1.349941 -0.118377 -1.037614 -1.659640 -0.887575 -0.302138 -1.487382 
0.366114 0.255543 0.702792 0.781084 0.487142 0.367816 0.436917 0.498311 0.983244 0.036440 0.296994 0.267217 0.071664 0.816267 0.482081 0.835015 0.120219 1.071342 0.748023 -1.162894 -0.667187 -0.281185 -1.809344 -0.387917 -1.313442 
