2.0 2.0 2.0 2.0 2.0 2.0 2.0 2.0 -1.0 -1.0 -1.0 -1.0 -1.0 -1.0 -1.0 -1.0 -1.0 -1.0 -1.0 1.0 1.0 1.0 1.0 1.0 1.0 
2.0 2.0 2.0 2.0 2.0 2.0 2.0 2.0 -1.0 -1.0 -1.0 -1.0 -1.0 -1.0 -1.0 -1.0 -1.0 -1.0 1.0 1.0 1.0 1.0 1.0 1.0 1.0 
2.0 2.0 2.0 2.0 2.0 2.0 2.0 2.0 -1.0 -1.0 -1.0 -1.0 -1.0 -1.0 -1.0 -1.0 -1.0 -1.0 1.0 1.0 1.0 1.0 1.0 1.0 1.0 
2.0 2.0 2.0 2.0 2.0 2.0 2.0 2.0 -1.0 -1.0 -1.0 -1.0 -1.0 -1.0 -1.0 -1.0 -1.0 -1.0 1.0 1.0 1.0 1.0 1.0 1.0 1.0 
2.0 2.0 2.0 2.0 2.0 2.0 2.0 2.0 -1.0 -1.0 -1.0 -1.0 -1.0 -1.0 -1.0 -1.0 -1.0 -1.0 1.0 1.0 1.0 1.0 1.0 1.0 1.0 
2.0 2.0 2.0 2.0 2.0 2.0 2.0 2.0 2.0 -1.0 -1.0 -1.0 -1.0 -1.0 -1.0 -1.0 -1.0 1.0 1.0 1.0 1.0 1.0 1.0 1.0 1.0 
2.0 2.0 2.0 2.0 2.0 2.0 2.0 2.0 2.0 -1.0 -1.0 -1.0 -1.0 -1.0 -1.0 -1.0 -1.0 1.0 1.0 1.0 1.0 1.0 1.0 1.0 1.0 
2.0 2.0 2.0 2.0 2.0 2.0 2.0 2.0 2.0 -1.0 -1.0 -1.0 -1.0 -1.0 -1.0 -1.0 -1.0 1.0 1.0 1.0 1.0 1.0 1.0 1.0 1.0 
2.0 2.0 2.0 2.0 2.0 2.0 2.0 2.0 2.0 -1.0 -1.0 -1.0 -1.0 -1.0 -1.0 -1.0 -1.0 1.0 1.0 1.0 1.0 1.0 1.0 1.0 1.0 
2.0 2.0 2.0 2.0 2.0 2.0 2.0 2.0 2.0 -1.0 -1.0 -1.0 -1.0 -1.0 -1.0 -1.0 1.0 1.0 1.0 1.0 1.0 1.0 1.0 1.0 1.0 
2.0 2.0 2.0 2.0 2.0 2.0 2.0 2.0 2.0 2.0 -1.0 -1.0 -1.0 -2.0 -2.0 -2.0 -2.0 1.0 1.0 1.0 1.0 1.0 1.0 1.0 1.0 
2.0 2.0 2.0 2.0 2.0 2.0 2.0 2.0 2.0 2.0 -2.0 -2.0 -2.0 -2.0 -2.0 -2.0 -2.0 -2.0 1.0 1.0 1.0 1.0 1.0 1.0 1.0 
2.0 2.0 2.0 2.0 2.0 2.0 2.0 2.0 2.0 2.0 -2.0 -2.0 -2.0 -2.0 -2.0 -2.0 -2.0 -2.0 1.0 1.0 1.0 1.0 1.0 1.0 1.0 
2.0 2.0 2.0 2.0 2.0 2.0 2.0 2.0 2.0 2.0 -2.0 -2.0 -2.0 -2.0 -2.0 -2.0 -2.0 -2.0 -2.0 1.0 1.0 1.0 1.0 1.0 1.0 
2.0 2.0 2.0 2.0 2.0 2.0 2.0 2.0 2.0 2.0 -2.0 -2.0 -2.0 -2.0 -2.0 -2.0 -2.0 -2.0 -2.0 -2.0 1.0 1.0 1.0 1.0 1.0 
2.0 2.0 2.0 2.0 2.0 2.0 2.0 2.0 2.0 2.0 -2.0 -2.0 -2.0 -2.0 -2.0 -2.0 -2.0 -2.0 -2.0 -2.0 1.0 1.0 1.0 1.0 0.0 
2.0 2.0 2.0 2.0 2.0 2.0 2.0 2.0 2.0 -2.0 -2.0 -2.0 -2.0 -2.0 -2.0 -2.0 -2.0 -2.0 -2.0 -2.0 -2.0 0.0 0.0 0.0 0.0 
2.0 2.0 2.0 2.0 2.0 2.0 2.0 2.0 2.0 -2.0 -2.0 -2.0 -2.0 -2.0 -2.0 -2.0 -2.0 -2.0 -2.0 -2.0 0.0 0.0 0.0 0.0 0.0 
2.0 2.0 2.0 2.0 2.0 2.0 2.0 2.0 2.0 -2.0 -2.0 -2.0 -2.0 -2.0 -2.0 -2.0 -2.0 -2.0 0.0 0.0 0.0 0.0 0.0 0.0 0.0 
2.0 2.0 2.0 2.0 2.0 2.0 2.0 2.0 2.0 -2.0 -2.0 -2.0 -2.0 -2.0 -2.0 -2.0 -2.0 0.0 0.0 0.0 0.0 0.0 0.0 0.0 0.0 
2.0 2.0 2.0 2.0 2.0 2.0 2.0 2.0 2.0 -2.0 -2.0 -2.0 -2.0 -2.0 -2.0 0.0 0.0 0.0 0.0 0.0 0.0 0.0 0.0 0.0 0.0 
2.0 2.0 2.0 2.0 2.0 2.0 2.0 2.0 2.0 -2.0 -2.0 -2.0 -2.0 -2.0 0.0 0.0 0.0 0.0 0.0 0.0 0.0 0.0 0.0 0.0 0.0 
2.0 2.0 2.0 2.0 2.0 2.0 2.0 2.0 2.0 -2.0 -2.0 -2.0 0.0 0.0 0.0 0.0 0.0 0.0 0.0 0.0 0.0 0.0 0.0 0.0 0.0 
2.0 2.0 2.0 2.0 2.0 2.0 2.0 2.0 2.0 -2.0 -2.0 0.0 0.0 0.0 0.0 0.0 0.0 0.0 0.0 0.0 0.0 0.0 0.0 0.0 0.0 
2.0 2.0 2.0 2.0 2.0 2.0 2.0 2.0 2.0 0.0 0.0 0.0 0.0 0.0 0.0 0.0 0.0 0.0 0.0 0.0 0.0 0.0 0.0 0.0 0.0 

0.704844 0.675246 0.230542 0.023351 0.026214 0.998363 0.123365 0.087136 0.283631 0.653601 0.747187 0.758611 0.802111 0.327723 0.402047 0.906320 0.707225 0.737086 0.042217 0.230639 0.418475 0.784846 0.930382 0.326523 0.184072 
0.325142 0.704135 0.147034 0.409068 0.670473 0.437328 0.782540 0.899899 0.736887 0.637684 0.143729 0.027246 0.267570 0.802506 0.031887 0.132291 0.632483 0.587064 0.392988 0.659261 0.248327 0.242710 0.936713 0.283008 0.131668 
0.087046 0.863444 0.830500 0.082209 0.964351 0.796746 0.844562 0.965171 0.176589 0.547569 0.814677 0.476465 0.577509 0.901563 0.387827 0.108214 0.703960 0.969711 0.863960 0.585750 0.053717 0.398280 0.634774 0.343218 0.689999 
0.850910 0.181217 0.652829 0.978466 0.928156 0.929948 0.107879 0.037854 0.119023 0.857907 0.901974 0.689044 0.154707 0.931100 0.847133 0.948034 0.559993 0.409240 0.680794 0.342504 0.689003 0.327957 0.500436 0.953334 0.799743 
0.602463 0.757917 0.433391 0.790883 0.048025 0.110212 0.260020 0.542186 0.636475 0.319344 0.232762 0.827099 0.330520 0.839481 0.140768 0.929498 0.189065 0.062876 0.083612 0.348036 0.266122 0.758852 0.878429 0.958482 0.561430 
0.243283 0.709374 0.091109 0.931169 0.706310 0.645388 0.069205 0.168109 0.017977 0.138836 0.128839 0.686406 0.227440 0.410595 0.921783 0.278133 0.248748 0.659131 0.363356 0.799437 0.385233 0.683323 0.970206 0.143174 0.975911 
0.833978 0.373708 0.121926 0.197763 0.630198 0.085701 0.382911 0.331896 0.805878 0.289224 0.331433 0.242819 0.521991 0.826615 0.078542 0.046916 0.181641 0.931145 0.885292 0.521126 0.126664 0.043886 0.860797 0.916272 0.982583 
0.760385 0.940431 0.167286 0.139394 0.316007 0.566252 0.552233 0.963684 0.922227 0.851038 0.805967 0.519963 0.139631 0.525711 0.239030 0.015658 0.274878 0.576498 0.366824 0.407824 0.091408 0.373700 0.606847 0.804276 0.306691 
0.948265 0.417949 0.443117 0.554900 0.899168 0.592111 0.034351 0.711540 0.519718 0.161174 0.684115 0.916940 0.969304 0.942547 0.502601 0.924377 0.402663 0.052545 0.389769 0.754943 0.388005 0.974773 0.296753 0.166836 0.220437 
0.464778 0.744911 0.351517 0.145152 0.286521 0.603160 0.910345 0.383483 0.288536 0.920212 0.898001 0.736877 0.864686 0.998456 0.002064 0.716053 0.759581 0.762554 0.982626 0.328840 0.807262 0.435608 0.107047 0.644940 0.775261 
0.082825 0.862818 0.495671 0.356157 0.895604 0.617500 0.059234 0.783473 0.970225 0.394735 0.323738 0.550115 0.907959 0.459583 0.653951 0.549828 0.721305 0.423941 0.184058 0.768803 0.717404 0.384683 0.787685 0.696278 0.476699 
0.997078 0.055781 0.323543 0.231660 0.533219 0.146192 0.380666 0.279742 0.600925 0.046477 0.247455 0.595433 0.007240 0.798507 0.902553 0.443426 0.832981 0.959900 0.634202 0.350907 0.609978 0.210653 0.459397 0.890934 0.055898 
0.234482 0.739711 0.504616 0.463447 0.669389 0.376726 0.812100 0.391325 0.432759 0.570581 0.630825 0.833741 0.982501 0.439547 0.722679 0.474793 0.279169 0.514495 0.593406 0.853925 0.362888 0.216216 0.320558 0.731784 0.742793 
0.329941 0.089728 0.412878 0.786922 0.346317 0.858920 0.036062 0.869725 0.311030 0.209382 0.083775 0.255984 0.603465 0.579060 0.703796 0.410705 0.446535 0.025697 0.739849 0.276055 0.281931 0.911328 0.738767 0.568019 0.546004 
0.517507 0.422022 0.301975 0.107730 0.118292 0.568480 0.192806 0.024835 0.261018 0.660969 0.866452 0.375981 0.742576 0.242853 0.440038 0.224198 0.891901 0.781925 0.021838 0.196344 0.245872 0.834541 0.510736 0.606127 0.277573 
0.081103 0.069282 0.884235 0.746163 0.034076 0.700097 0.681746 0.158635 0.894266 0.088171 0.954106 0.490946 0.704584 0.955444 0.270647 0.646602 0.500342 0.451405 0.320782 0.829762 0.168942 0.232721 0.136782 0.322436 0.785543 
0.995080 0.085716 0.226454 0.766606 0.736000 0.617349 0.304962 0.587172 0.535686 0.474242 0.101514 0.883340 0.645349 0.720091 0.750958 0.902909 0.625224 0.915974 0.501955 0.912267 0.053473 0.554874 0.639146 0.423887 0.994500 
0.574608 0.514032 0.492394 0.186528 0.276458 0.152168 0.304606 0.510460 0.636541 0.862344 0.019755 0.827580 0.789867 0.400887 0.860911 0.742556 0.300660 0.659824 0.226889 0.592349 0.339889 0.105796 0.457514 0.456253 0.670966 
0.133451 0.463495 0.959545 0.677739 0.909672 0.369923 0.160069 0.489777 0.312439 0.817489 0.074356 0.378434 0.111503 0.192095 0.928595 0.198617 0.279018 0.331525 0.179179 0.739669 0.468446 0.743260 0.737970 0.801939 0.897185 
0.035134 0.627232 0.065363 0.378879 0.819364 0.645989 0.605087 0.896911 0.800950 0.982533 0.454354 0.945346 0.160008 0.149032 0.153019 0.811337 0.157362 0.158208 0.715464 0.998001 0.470202 0.873038 0.901603 0.397757 0.237771 
0.466534 0.538478 0.610575 0.796556 0.407241 0.971677 0.505374 0.387149 0.035479 0.023307 0.357504 0.829866 0.814566 0.355310 0.479731 0.439506 0.101097 0.265286 0.534015 0.432405 0.830597 0.333165 0.728088 0.268028 0.019739 
0.655367 0.756239 0.425520 0.430832 0.340857 0.876733 0.127961 0.398993 0.378814 0.571124 0.737907 0.451376 0.376131 0.152161 0.479893 0.839716 0.229731 0.910763 0.064593 0.767232 0.489444 0.179140 0.453837 0.019512 0.097839 
0.887286 0.578850 0.681676 0.995626 0.051247 0.220781 0.755384 0.941777 0.367598 0.267347 0.818995 0.432688 0.950807 0.059083 0.838531 0.594453 0.958158 0.664586 0.108165 0.979365 0.574816 0.689590 0.688072 0.947641 0.213612 
0.525935 0.652915 0.915876 0.088318 0.262767 0.421151 0.313933 0.634931 0.630106 0.251620 0.819023 0.419608 0.632770 0.096633 0.208336 0.396282 0.806561 0.622947 0.349213 0.749951 0.723394 0.615340 0.457096 0.850698 0.774816 
0.362158 0.764454 0.529056 0.469696 0.277805 0.461628 0.894755 0.763184 0.413372 0.091680 0.375345 0.995324 0.118918 0.672482 0.624340 0.494102 0.825841 0.330161 0.316433 0.809163 0.421308 0.458622 0.369467 0.343856 0.948990 

1.398973 1.498080 0.400955 0.028185 0.015657 1.993677 0.226682 -0.075831 -0.272214 -0.381838 -0.600528 -0.622662 -0.770194 -0.245524 -0.380454 -0.759450 -0.545935 -0.763492 -0.216030 0.150728 0.363052 0.693153 1.069458 0.319942 0.372624 
0.836856 1.570952 0.261617 1.005746 1.423829 0.865563 1.639135 2.066431 -0.750067 -0.565785 -0.121116 -0.005013 -0.246083 -0.744663 0.086278 0.002424 -0.819503 -0.622154 0.293126 0.647919 0.231897 0.099593 0.831815 0.362261 0.060814 
0.130612 1.646581 1.684450 0.109991 1.740855 1.631860 1.643840 1.794160 -0.140221 -0.536419 -0.835421 -0.402264 -0.474981 -0.699382 -0.411729 -0.288064 -0.776189 -1.088875 0.738986 0.672503 0.128245 0.447993 0.733478 0.324397 0.620206 
1.652967 0.272791 1.339910 1.879994 1.875596 1.758868 0.015502 0.139980 -0.151983 -0.759710 -0.967161 -0.734272 -0.106914 -0.986087 -0.862167 -1.107347 -0.582479 -0.331555 0.543550 0.416450 0.623567 0.367724 0.661036 0.884160 0.638298 
1.135209 1.295466 0.861466 1.628992 0.128924 0.175852 0.577883 1.076954 -0.700031 -0.484692 -0.237495 -0.756606 -0.124877 -0.670049 -0.024402 -0.935699 -0.195407 -0.068701 -0.057824 0.190010 0.398132 0.808506 0.689151 0.946709 0.650606 
0.563693 1.381076 0.183113 1.890171 1.523565 1.379404 0.172227 0.294741 0.046783 -0.032697 -0.034466 -0.745010 -0.211222 -0.481247 -0.908523 -0.213067 -0.127161 0.702461 0.404324 1.004668 0.410302 0.653358 1.083219 0.266912 1.078385 
1.774511 0.984398 0.290852 0.443657 1.252555 0.067680 0.822606 0.657073 1.542870 -0.152892 -0.246603 -0.418850 -0.574661 -0.679491 -0.043565 -0.066625 -0.233717 0.845346 0.742561 0.320797 0.068040 -0.049012 0.923293 1.071480 1.092257 
1.650297 1.761067 0.283155 0.351960 0.811316 1.192725 1.106180 1.887190 1.756420 -0.954812 -0.750540 -0.603760 0.040233 -0.497339 -0.218711 -0.188977 -0.336673 0.466428 0.404996 0.302599 0.253333 0.284979 0.682949 0.832616 0.389006 
1.851531 0.867514 0.804211 1.179408 1.792628 1.261895 0.105815 1.365437 1.032353 -0.246098 -0.529545 -0.944972 -1.038730 -1.181827 -0.450888 -1.014253 -0.404926 0.063413 0.546541 0.657245 0.412211 1.098286 0.306293 0.296360 0.140878 
0.901861 1.410172 0.769137 0.390510 0.487337 1.070278 1.859622 0.735237 0.545633 -1.121578 -0.778125 -0.763544 -0.831037 -1.058077 0.114741 -0.741512 0.631372 0.776854 0.872949 0.370674 0.848765 0.390301 0.211148 0.543572 0.725040 
0.076219 1.559389 0.830901 0.776077 1.836706 1.062283 0.016534 1.348360 1.931518 0.749328 -0.368881 -0.518932 -1.013607 -0.943734 -1.354122 -1.160687 -1.471892 0.260780 0.221595 0.884446 0.668199 0.402818 0.848684 0.611820 0.523292 
1.909700 -0.118878 0.584005 0.471089 0.934740 0.397235 0.694728 0.396560 1.275220 0.080157 -0.471366 -1.139641 -0.143296 -1.553532 -1.567642 -0.807333 -1.786450 -1.807086 0.491077 0.391093 0.619126 0.138043 0.507254 0.701524 -0.056564 
0.419300 1.321631 0.987509 0.831253 1.196288 0.922356 1.606430 0.710530 0.858662 1.080956 -1.323463 -1.790686 -2.035346 -0.912259 -1.426038 -0.982522 -0.565846 -0.970970 0.760933 0.883492 0.341852 0.411462 0.304326 0.635211 0.752743 
0.628162 0.098177 0.889426 1.543029 0.625908 1.563405 0.168743 1.884275 0.576396 0.414469 -0.146111 -0.410314 -1.119617 -1.185279 -1.424793 -0.985384 -0.892185 -0.000955 -1.202883 0.250238 0.156867 0.677763 0.780799 0.530886 0.723930 
1.054869 0.860017 0.610173 0.349598 0.240926 1.057633 0.401135 0.063280 0.599300 1.234815 -1.769285 -0.639199 -1.434460 -0.539566 -0.884402 -0.604749 -1.845328 -1.389828 -0.024137 -0.364410 0.309442 0.832665 0.535968 0.506090 0.359864 
0.096202 0.234048 1.814995 1.447571 -0.040217 1.299055 1.425611 0.253418 1.819713 0.026384 -1.838595 -1.089222 -1.339787 -1.978674 -0.561468 -1.275538 -0.908837 -0.943113 -0.684696 -1.725952 0.284701 0.270039 0.216945 0.380261 -0.010033 
1.913653 0.338136 0.277647 1.448995 1.509984 1.152855 0.423605 1.080081 1.077807 -0.974474 -0.210782 -1.729516 -1.277855 -1.402832 -1.703162 -1.827308 -1.286452 -1.945423 -0.882391 -1.843341 -0.203034 -0.062140 -0.014625 -0.048368 -0.027899 
1.100769 1.181480 0.909693 0.405808 0.678437 0.445922 0.523592 0.923092 1.404589 -1.847020 0.010618 -1.822005 -1.535775 -0.774080 -1.695403 -1.645510 -0.709879 -1.295420 -0.448768 -1.277594 -0.123951 -0.060212 -0.083234 -0.176512 -0.195979 
0.220711 0.712921 1.875949 1.252666 1.764771 0.764477 0.204216 0.825888 0.539752 -1.637607 -0.262691 -0.540273 -0.407151 -0.421601 -1.917271 -0.439779 -0.477910 -0.691553 0.081508 0.098140 -0.061748 0.189012 -0.073820 0.108442 0.014115 
-0.042577 1.287032 0.229121 0.818061 1.582436 1.379391 1.121025 1.870217 1.603801 -2.145256 -0.726721 -1.869740 -0.337371 -0.152748 -0.302331 -1.676343 -0.371519 -0.043592 0.098122 -0.036225 0.174557 -0.053895 0.033637 0.002300 -0.105702 
1.039352 1.047336 1.220357 1.690583 0.688882 1.906432 0.774373 0.862694 -0.007912 -0.160980 -0.828288 -1.706220 -1.632994 -0.732765 -1.032734 -0.109758 -0.076303 -0.067663 0.001282 0.064344 -0.029051 -0.076696 -0.038145 0.063877 -0.090167 
1.365517 1.516327 0.791376 1.037427 0.609809 1.841292 0.301720 0.828290 0.758640 -0.886527 -1.504542 -0.767309 -0.773503 -0.280814 0.009862 0.013049 0.156385 -0.174201 0.007991 -0.044073 0.112553 0.067757 0.026794 0.030222 0.139921 
1.692808 1.191488 1.382769 1.821808 0.117766 0.459564 1.495055 1.876136 0.759036 -0.574589 -1.649344 -1.022354 -0.041039 -0.187223 -0.028316 0.140644 -0.230131 -0.130744 0.037517 0.029022 -0.018078 -0.119165 0.056419 0.060240 0.086394 
1.126548 1.149488 1.822383 0.222495 0.540814 0.792648 0.500867 1.196161 1.233052 -0.461438 -1.578829 -0.030111 0.068564 -0.042234 -0.099392 -0.011820 -0.209656 0.009985 -0.036625 0.002944 0.063012 0.155411 0.078336 0.033112 -0.109276 
0.759166 1.381933 1.095720 0.947740 0.455400 0.937700 1.767432 1.630011 0.669212 -0.094542 0.161372 -0.130708 -0.037354 0.051364 -0.068369 0.064983 -0.091952 0.024554 0.061161 0.040971 0.098523 -0.035582 0.010461 -0.040195 -0.063880 
