1.0 1.0 1.0 1.0 1.0 1.0 1.0 1.0 1.0 1.0 1.0 1.0 1.0 1.0 1.0 1.0 1.0 1.0 0.0 0.0 0.0 0.0 0.0 0.0 0.0 
1.0 1.0 1.0 1.0 1.0 1.0 1.0 1.0 1.0 1.0 1.0 1.0 1.0 1.0 1.0 1.0 1.0 0.0 0.0 0.0 0.0 0.0 0.0 0.0 0.0 
1.0 1.0 1.0 1.0 1.0 1.0 1.0 1.0 1.0 1.0 1.0 1.0 1.0 1.0 1.0 1.0 2.0 0.0 0.0 0.0 0.0 0.0 0.0 0.0 0.0 
1.0 1.0 1.0 1.0 1.0 1.0 1.0 1.0 1.0 1.0 1.0 1.0 1.0 1.0 2.0 2.0 2.0 0.0 0.0 0.0 0.0 0.0 0.0 0.0 0.0 
1.0 1.0 1.0 1.0 1.0 1.0 1.0 1.0 1.0 1.0 1.0 1.0 2.0 2.0 2.0 2.0 2.0 0.0 0.0 0.0 0.0 0.0 0.0 0.0 0.0 
1.0 1.0 1.0 1.0 1.0 1.0 1.0 1.0 1.0 1.0 2.0 2.0 2.0 2.0 2.0 2.0 2.0 0.0 0.0 0.0 0.0 0.0 0.0 0.0 0.0 
1.0 1.0 1.0 1.0 1.0 1.0 1.0 1.0 1.0 2.0 2.0 2.0 2.0 2.0 2.0 2.0 0.0 0.0 0.0 0.0 0.0 0.0 0.0 0.0 0.0 
-2.0 -2.0 1.0 1.0 1.0 1.0 1.0 2.0 2.0 2.0 2.0 2.0 2.0 2.0 2.0 2.0 0.0 0.0 0.0 0.0 0.0 0.0 0.0 0.0 0.0 
-2.0 -2.0 -2.0 -2.0 -2.0 2.0 2.0 2.0 2.0 2.0 2.0 2.0 2.0 2.0 2.0 2.0 0.0 0.0 0.0 0.0 0.0 0.0 0.0 0.0 0.0 
-2.0 -2.0 -2.0 -2.0 -2.0 2.0 2.0 2.0 2.0 2.0 2.0 2.0 2.0 2.0 2.0 2.0 0.0 0.0 0.0 0.0 0.0 0.0 0.0 0.0 0.0 
-2.0 -2.0 -2.0 -2.0 -2.0 -2.0 2.0 2.0 2.0 2.0 2.0 2.0 2.0 2.0 2.0 2.0 0.0 0.0 0.0 0.0 0.0 0.0 0.0 0.0 0.0 
-2.0 -2.0 -2.0 -2.0 -2.0 -2.0 2.0 2.0 2.0 2.0 2.0 2.0 2.0 2.0 2.0 2.0 0.0 0.0 0.0 0.0 0.0 0.0 0.0 0.0 0.0 
-2.0 -2.0 -2.0 -2.0 -2.0 -2.0 2.0 2.0 2.0 2.0 2.0 2.0 2.0 2.0 2.0 0.0 0.0 0.0 0.0 0.0 0.0 0.0 0.0 0.0 0.0 
-2.0 -2.0 -2.0 -2.0 -2.0 -1.0 -1.0 2.0 2.0 2.0 2.0 2.0 2.0 2.0 2.0 0.0 0.0 0.0 0.0 0.0 0.0 0.0 0.0 0.0 0.0 
-2.0 -2.0 -2.0 -2.0 -1.0 -1.0 -1.0 -1.0 2.0 2.0 2.0 2.0 2.0 2.0 2.0 0.0 0.0 0.0 0.0 0.0 0.0 0.0 0.0 0.0 0.0 
-2.0 -2.0 -2.0 -2.0 -1.0 -1.0 -1.0 -1.0 -1.0 2.0 2.0 2.0 2.0 2.0 2.0 0.0 0.0 0.0 0.0 0.0 0.0 0.0 0.0 0.0 0.0 
-2.0 -2.0 -2.0 -1.0 -1.0 -1.0 -1.0 -1.0 -1.0 -1.0 2.0 2.0 2.0 2.0 2.0 0.0 0.0 0.0 0.0 0.0 0.0 0.0 0.0 0.0 0.0 
-2.0 -2.0 -1.0 -1.0 -1.0 -1.0 -1.0 -1.0 -1.0 -1.0 -1.0 2.0 2.0 2.0 2.0 0.0 0.0 0.0 0.0 0.0 0.0 0.0 0.0 0.0 0.0 
-2.0 -1.0 -1.0 -1.0 -1.0 -1.0 -1.0 -1.0 -1.0 -1.0 -1.0 -1.0 2.0 2.0 0.0 0.0 0.0 0.0 0.0 0.0 0.0 0.0 0.0 0.0 0.0 
-2.0 -1.0 -1.0 -1.0 -1.0 -1.0 -1.0 -1.0 -1.0 -1.0 -1.0 -1.0 2.0 2.0 0.0 0.0 0.0 0.0 0.0 0.0 0.0 0.0 0.0 0.0 0.0 
-1.0 -1.0 -1.0 -1.0 -1.0 -1.0 -1.0 -1.0 -1.0 -1.0 -1.0 -1.0 -1.0 2.0 0.0 0.0 0.0 0.0 0.0 0.0 0.0 0.0 0.0 0.0 0.0 
-1.0 -1.0 -1.0 -1.0 -1.0 -1.0 -1.0 -1.0 -1.0 -1.0 -1.0 -1.0 -1.0 -1.0 0.0 0.0 0.0 0.0 0.0 0.0 0.0 0.0 0.0 0.0 0.0 
-1.0 -1.0 -1.0 -1.0 -1.0 -1.0 -1.0 -1.0 -1.0 -1.0 -1.0 -1.0 -1.0 -1.0 -1.0 0.0 0.0 0.0 0.0 0.0 0.0 0.0 0.0 0.0 0.0 
-1.0 -1.0 -1.0 -1.0 -1.0 -1.0 -1.0 -1.0 -1.0 -1.0 -1.0 -1.0 -1.0 -1.0 -1.0 0.0 0.0 0.0 0.0 0.0 0.0 0.0 0.0 0.0 0.0 
-1.0 -1.0 -1.0 -1.0 -1.0 -1.0 -1.0 -1.0 -1.0 -1.0 -1.0 -1.0 -1.0 -1.0 -1.0 0.0 0.0 0.0 0.0 0.0 0.0 0.0 0.0 0.0 0.0 

0.955652 0.962476 0.164961 0.548863 0.614053 0.428510 0.461151 0.402374 0.223611 0.288862 0.301447 0.357213 0.234001 0.344100 0.173567 0.477110 0.147571 0.469316 0.749712 0.178535 0.831558 0.666504 0.347856 0.786300 0.578546 
0.425877 0.267112 0.355392 0.217083 0.090799 0.864957 0.877881 0.155335 0.268658 0.779536 0.748939 0.552083 0.664723 0.189572 0.807834 0.242885 0.636263 0.969696 0.787144 0.344541 0.430409 0.727446 0.913008 0.062060 0.427630 
0.908760 0.004442 0.878284 0.687937 0.093781 0.328322 0.678845 0.261598 0.235027 0.651585 0.649453 0.182424 0.311427 0.975672 0.432776 0.281375 0.734794 0.742466 0.793717 0.701316 0.369258 0.291291 0.548651 0.877794 0.883301 
0.445168 0.577527 0.591357 0.647561 0.956919 0.583417 0.719418 0.163453 0.345143 0.569046 0.864202 0.103965 0.913077 0.244538 0.765786 0.529562 0.669586 0.231525 0.047643 0.489118 0.758634 0.228837 0.675734 0.308319 0.159186 
0.950610 0.995668 0.950653 0.287104 0.547683 0.023569 0.952907 0.089966 0.587377 0.110618 0.353439 0.605433 0.537726 0.818496 0.025270 0.691470 0.476563 0.167218 0.739313 0.631123 0.210431 0.983268 0.759998 0.222255 0.006505 
0.709728 0.910389 0.550905 0.214112 0.265490 0.384396 0.021286 0.687403 0.118310 0.137694 0.816893 0.456570 0.309591 0.196063 0.737285 0.343060 0.156721 0.122681 0.423495 0.500150 0.171701 0.757773 0.397170 0.955630 0.071135 
0.428477 0.786839 0.719944 0.926282 0.023386 0.221056 0.825647 0.482830 0.514620 0.895167 0.226104 0.179859 0.265833 0.357596 0.129117 0.282723 0.670653 0.039091 0.170747 0.834819 0.482651 0.966561 0.098560 0.451622 0.960517 
0.314278 0.462741 0.237223 0.861065 0.312500 0.776151 0.807248 0.536345 0.163949 0.138794 0.894616 0.597561 0.884606 0.310549 0.358594 0.766390 0.014320 0.579339 0.342832 0.983897 0.154835 0.375636 0.057402 0.516038 0.744550 
0.477837 0.459786 0.823016 0.089681 0.405280 0.177014 0.915179 0.554428 0.814199 0.641759 0.585447 0.457848 0.294915 0.350101 0.327942 0.877864 0.289561 0.455407 0.016686 0.310137 0.860132 0.162350 0.327894 0.607675 0.139159 
0.938235 0.432346 0.534874 0.580707 0.538618 0.672063 0.057363 0.582691 0.021852 0.734361 0.070238 0.221115 0.059675 0.604386 0.671859 0.096646 0.107186 0.112839 0.520133 0.255463 0.661494 0.986751 0.476698 0.709014 0.792523 
0.491111 0.903409 0.332417 0.306066 0.093685 0.654234 0.832573 0.407791 0.331757 0.885347 0.594779 0.556611 0.703629 0.058417 0.754234 0.079706 0.913158 0.364631 0.669900 0.646884 0.002011 0.868234 0.201539 0.164655 0.503919 
0.435627 0.848790 0.112221 0.071470 0.369760 0.646968 0.793562 0.545740 0.995464 0.067350 0.494827 0.068490 0.869430 0.986830 0.249507 0.336825 0.559339 0.665813 0.170477 0.933844 0.050151 0.173005 0.133693 0.126883 0.169637 
0.842216 0.015346 0.879954 0.510607 0.490223 0.947027 0.678505 0.851889 0.785867 0.079257 0.667904 0.578064 0.698014 0.478166 0.893861 0.978902 0.794615 0.768710 0.411402 0.360686 0.054249 0.152446 0.460686 0.414900 0.765876 
0.070256 0.390631 0.935134 0.172840 0.012663 0.689502 0.013023 0.673074 0.651051 0.691564 0.309964 0.531019 0.487834 0.905867 0.737332 0.485592 0.748322 0.492718 0.707615 0.292217 0.981680 0.312035 0.872859 0.749194 0.598638 
0.192456 0.033399 0.759038 0.580165 0.382640 0.495427 0.284772 0.027718 0.375374 0.074541 0.724812 0.806971 0.446762 0.587598 0.143203 0.241127 0.365397 0.053023 0.269756 0.794595 0.281243 0.469678 0.815994 0.393562 0.554638 
0.846070 0.988984 0.525943 0.920018 0.574169 0.944787 0.494896 0.800472 0.635819 0.165563 0.027877 0.805115 0.958538 0.457108 0.129513 0.711669 0.278786 0.258453 0.384811 0.611326 0.747595 0.335236 0.375677 0.077980 0.932521 
0.915386 0.586242 0.317772 0.012817 0.710662 0.126119 0.952081 0.791802 0.512766 0.073563 0.506474 0.363552 0.974386 0.762324 0.648612 0.034889 0.547263 0.390905 0.175862 0.146576 0.702761 0.604666 0.835442 0.948948 0.784745 
0.234486 0.598966 0.128916 0.257804 0.702744 0.962744 0.044502 0.201543 0.087573 0.868322 0.623937 0.824629 0.946161 0.190770 0.203911 0.618817 0.842814 0.218281 0.116762 0.123093 0.206073 0.582712 0.618004 0.764874 0.947910 
0.979016 0.844857 0.079449 0.951338 0.312734 0.307994 0.029538 0.662046 0.432605 0.187040 0.835289 0.448942 0.434681 0.357057 0.611247 0.317716 0.792826 0.975096 0.807163 0.137771 0.245036 0.737832 0.276114 0.240534 0.709040 
0.804198 0.809569 0.375696 0.583185 0.023941 0.911096 0.255364 0.842467 0.177009 0.272508 0.131097 0.464281 0.426127 0.218399 0.713399 0.618824 0.409879 0.863268 0.934062 0.692155 0.096267 0.321102 0.277382 0.138856 0.142108 
0.621376 0.404668 0.044612 0.540718 0.262790 0.658516 0.122629 0.033862 0.139513 0.889933 0.334548 0.702679 0.870967 0.805380 0.936472 0.240680 0.382448 0.240965 0.601286 0.245795 0.156558 0.269412 0.269050 0.701870 0.501990 
0.954225 0.812689 0.329175 0.569907 0.145600 0.284620 0.068564 0.117253 0.831483 0.288646 0.749452 0.813411 0.250418 0.600115 0.496295 0.627433 0.321290 0.494702 0.635669 0.083285 0.868912 0.979515 0.050866 0.013720 0.008438 
0.686994 0.675908 0.271673 0.355640 0.327303 0.853982 0.337234 0.449316 0.539966 0.176744 0.424201 0.055554 0.173151 0.607856 0.252282 0.260457 0.465383 0.858467 0.965171 0.511938 0.632102 0.433552 0.691269 0.785789 0.987199 
0.858522 0.931915 0.011103 0.590189 0.849835 0.009368 0.398316 0.601221 0.801495 0.060041 0.007708 0.292779 0.282819 0.220232 0.326613 0.893416 0.870768 0.828801 0.759230 0.865332 0.826543 0.141388 0.949594 0.494887 0.821922 
0.231170 0.899870 0.188820 0.762404 0.371394 0.809437 0.758029 0.672739 0.811648 0.917830 0.447273 0.349251 0.717413 0.410390 0.671119 0.261150 0.750404 0.871011 0.874668 0.743630 0.478397 0.842839 0.637298 0.375499 0.590188 

0.882380 0.889460 0.335405 0.533705 0.553702 0.432452 0.382285 0.585881 0.216367 0.186986 0.178497 0.544928 0.602759 0.150560 0.161875 0.799301 0.047514 0.562888 0.045449 0.006096 -0.416535 0.377155 0.204036 -0.167123 -0.289017 
0.279811 0.240844 0.183115 0.258258 0.062747 1.009548 1.105831 0.065114 0.183659 0.876712 0.894832 0.946234 0.671783 0.068916 0.615108 0.124612 0.596075 0.189754 0.175733 -0.102667 0.123940 -0.083587 -0.681199 0.041592 0.087651 
0.876835 0.035660 0.913617 0.720991 -0.117564 0.596182 0.800253 -0.102356 0.122504 0.575196 0.960989 0.616037 0.601416 0.595719 0.500085 0.147375 1.855288 -0.184469 -0.086880 0.204907 -0.088726 -0.032913 -0.079279 -0.027193 0.300914 
0.083243 0.699463 0.782544 0.654830 0.730603 0.669571 0.626614 0.069618 0.472786 0.517833 0.690362 0.017975 0.645981 0.265652 1.908145 0.996151 1.579513 0.396767 -0.019636 0.225084 0.287754 0.124460 -0.017724 0.386700 -0.191216 
1.018469 1.245035 1.036684 0.763276 0.652419 0.142626 1.045212 0.282164 0.551595 -0.024524 0.239317 0.671908 1.171444 1.659517 0.054811 1.144211 1.263018 -0.274216 -0.187459 -0.134463 0.304126 -0.450665 0.246041 0.102193 -0.484171 
0.809998 0.723066 0.448549 0.509107 0.012297 0.628099 -0.061086 0.891705 -0.024175 0.164261 1.713216 1.094323 0.468358 0.374558 1.316780 0.926685 0.282652 -0.085389 -0.115065 0.032038 0.177568 -0.333978 0.045352 -0.036787 -0.279431 
0.266450 0.805791 0.351621 0.891474 0.032230 0.456565 1.038457 0.443792 0.630100 1.537716 0.476622 0.332197 0.587871 0.785989 0.209418 0.598782 0.055541 -0.253826 0.137127 0.213701 -0.036615 0.259877 -0.165503 -0.189844 0.047556 
-1.030735 -0.772030 0.148768 1.026989 0.473991 0.967067 1.094595 0.879137 0.044105 0.278115 1.679497 1.374872 2.095171 0.536697 0.474931 1.528849 -0.062724 -0.014636 0.321309 0.049324 0.208345 -0.072520 -0.231063 -0.176141 -0.130583 
-0.947681 -1.053288 -1.835130 -0.291123 -0.536601 0.291265 1.937631 0.823931 1.881144 1.226143 0.903524 0.912887 0.446766 0.536850 0.251326 1.914609 0.158889 0.039081 0.187450 0.196938 0.455759 0.049351 0.055172 0.051648 -0.302157 
-1.530098 -1.038494 -1.134919 -0.973335 -1.145345 1.382266 0.005884 0.965475 0.007811 1.514060 0.081949 0.440771 0.364991 1.260055 1.206507 0.054143 0.038144 -0.158766 -0.045556 0.149912 -0.196284 0.026478 -0.126044 0.134875 0.373898 
-1.036463 -1.938018 -0.629651 -0.549918 -0.202646 -1.145546 1.553817 0.797247 0.504185 1.873136 1.622488 1.178063 1.606405 0.278700 1.256773 -0.010357 -0.259275 -0.164574 -0.137547 0.287395 0.026157 0.147886 0.375769 0.080866 0.024230 
-0.499317 -1.396196 -0.377648 -0.212505 -0.973994 -1.205813 1.548173 1.144228 1.713909 0.374897 1.058674 0.209484 1.610842 2.263895 0.391585 0.601807 -0.118824 0.023752 -0.065990 0.073148 0.016704 0.124997 -0.183513 0.088927 -0.201354 
-1.430994 -0.289374 -1.769898 -1.229374 -0.906454 -1.866219 1.535188 1.596251 1.529131 0.678506 1.237047 0.964548 1.559760 1.247566 1.778610 -0.297437 0.205331 -0.051199 0.159451 -0.340135 0.176348 0.251966 -0.134342 -0.200365 0.088396 
0.345311 -0.645761 -1.843790 -0.070628 -0.133026 -1.017173 -0.236589 1.315723 1.237086 1.691677 0.635952 1.330971 0.839232 1.890094 1.694068 -0.194001 -0.064768 -0.047252 -0.061715 -0.310130 -0.337260 -0.059689 -0.264277 0.165906 -0.217242 
-0.276140 0.027357 -1.546798 -1.406857 -0.531506 -0.286268 -0.286375 -0.173580 0.620834 0.107223 1.238890 1.954299 0.413057 1.358706 0.121428 0.183613 -0.058159 0.090011 0.151480 -0.028144 -0.191631 0.003655 -0.414377 -0.054477 -0.240407 
-1.632563 -1.761464 -1.382693 -1.970515 -0.789086 -1.149318 -0.406148 -1.097009 -0.704817 0.308211 0.171521 1.618918 1.456265 0.957684 0.532072 -0.057634 0.161978 -0.076258 -0.219630 0.238107 0.447124 -0.209090 0.139291 -0.121972 -0.052399 
-1.772502 -0.899097 -0.700350 0.159664 -0.396137 -0.062666 -0.862999 -0.849254 -0.489882 0.188952 1.211041 0.495333 1.712845 1.572595 1.468635 -0.041005 0.094938 -0.045269 0.325957 0.297346 0.201318 0.220386 -0.032983 0.139058 -0.044555 
-0.394690 -1.384120 0.100902 -0.554971 -0.828036 -1.155660 0.194477 -0.034608 -0.200592 -1.121434 -0.864375 1.244750 2.165992 0.338765 0.379277 0.316063 -0.112833 0.018453 -0.321448 -0.373814 0.309110 -0.257727 -0.187200 0.139221 0.018526 
-1.924160 -0.975749 -0.000277 -0.845428 -0.474353 -0.580771 -0.128108 -0.697268 -0.293962 0.092408 -0.869450 -0.668077 1.148900 0.510526 -0.046162 -0.043220 0.123970 0.057499 -0.184357 0.102003 0.199466 0.000291 -0.050728 -0.262915 0.169846 
-1.572805 -1.005173 -0.118792 -0.695880 0.163474 -0.788649 -0.012608 -0.724428 -0.417917 -0.249602 0.130703 -0.486186 0.663622 0.148542 0.051008 -0.259305 -0.204659 0.107837 0.308151 -0.233183 -0.246784 -0.116333 -0.265285 0.377024 -0.230944 
-0.488414 -0.350514 0.379466 -0.484811 -0.534951 -0.738728 0.211158 0.046596 -0.125126 -1.348465 -0.381194 -0.880534 -1.002173 1.557398 -0.119077 -0.103606 -0.011667 -0.112200 0.340025 0.163397 0.091317 -0.136628 0.372208 0.256979 -0.086156 
-1.061441 -0.744847 -0.477186 -0.525669 0.011722 -0.120390 0.438734 -0.050776 -1.059879 -0.103709 -0.910876 -0.899084 -0.445413 -0.706788 -0.289309 0.129712 0.409966 -0.064427 0.156786 -0.053290 -0.245640 -0.078012 0.143585 0.140983 -0.310740 
-0.330422 -0.936003 -0.035091 -0.234240 -0.267334 -0.860594 -0.444054 -0.659411 -0.733951 -0.143965 -0.505526 -0.099085 -0.289860 -0.158284 -0.258112 -0.230748 -0.086608 0.220662 -0.329893 0.401589 -0.007700 -0.190408 -0.308694 -0.145548 -0.138995 
-1.002722 -0.823062 -0.006233 -0.726734 -0.760460 -0.081958 -0.421780 -0.976858 -0.643796 0.190066 -0.387286 -0.133446 -0.426715 0.094340 -0.218022 0.002876 -0.171087 0.038620 -0.197044 0.072599 -0.133717 -0.265944 -0.181440 -0.159290 0.052421 
-0.402202 -0.854858 -0.325765 -0.638056 -0.347733 -1.033824 -0.782614 -0.509522 -0.748405 -1.181770 -0.659442 -0.227104 -0.632984 -0.207306 -0.662406 0.408032 0.188055 -0.353279 -0.069949 -0.172517 -0.061779 -0.212353 -0.161644 -0.038193 0.201264 
