2.0 2.0 2.0 2.0 2.0 2.0 2.0 2.0 2.0 2.0 2.0 2.0 2.0 -1.0 -1.0 -1.0 -1.0 -1.0 -1.0 0.0 0.0 0.0 0.0 0.0 0.0 
2.0 2.0 2.0 2.0 2.0 2.0 2.0 2.0 2.0 2.0 2.0 2.0 2.0 -1.0 -1.0 -1.0 -1.0 -1.0 -1.0 -1.0 0.0 0.0 0.0 0.0 0.0 
2.0 2.0 2.0 2.0 2.0 2.0 2.0 2.0 2.0 2.0 2.0 2.0 2.0 2.0 -1.0 -1.0 -1.0 -1.0 -1.0 -1.0 -2.0 0.0 0.0 0.0 0.0 
2.0 2.0 2.0 2.0 2.0 2.0 2.0 2.0 2.0 2.0 2.0 2.0 2.0 2.0 -1.0 -1.0 -1.0 -1.0 -1.0 -2.0 -2.0 -2.0 -2.0 0.0 0.0 
2.0 2.0 2.0 2.0 2.0 2.0 2.0 2.0 2.0 2.0 2.0 2.0 2.0 2.0 -1.0 -1.0 -1.0 -1.0 -1.0 -2.0 -2.0 -2.0 -2.0 -2.0 -2.0 
2.0 2.0 2.0 2.0 2.0 2.0 2.0 2.0 2.0 2.0 2.0 2.0 2.0 2.0 2.0 -1.0 -1.0 -1.0 -1.0 -2.0 -2.0 -2.0 -2.0 -2.0 -2.0 
1.0 2.0 2.0 2.0 2.0 2.0 2.0 2.0 2.0 2.0 2.0 2.0 2.0 2.0 2.0 -1.0 -1.0 -1.0 -1.0 -2.0 -2.0 -2.0 -2.0 -2.0 -2.0 
1.0 1.0 1.0 1.0 2.0 2.0 2.0 2.0 2.0 2.0 2.0 2.0 2.0 2.0 2.0 -1.0 -1.0 -1.0 -1.0 -2.0 -2.0 -2.0 -2.0 -2.0 -2.0 
1.0 1.0 1.0 1.0 1.0 1.0 2.0 2.0 2.0 2.0 2.0 2.0 2.0 2.0 2.0 2.0 -1.0 -1.0 -2.0 -2.0 -2.0 -2.0 -2.0 -2.0 -2.0 
1.0 1.0 1.0 1.0 1.0 1.0 1.0 1.0 2.0 2.0 2.0 2.0 2.0 2.0 2.0 2.0 -1.0 -1.0 -2.0 -2.0 -2.0 -2.0 -2.0 -2.0 -2.0 
1.0 1.0 1.0 1.0 1.0 1.0 1.0 1.0 1.0 1.0 2.0 2.0 2.0 2.0 2.0 2.0 -1.0 -1.0 -2.0 -2.0 -2.0 -2.0 -2.0 -2.0 -2.0 
1.0 1.0 1.0 1.0 1.0 1.0 1.0 1.0 1.0 1.0 1.0 1.0 1.0 2.0 2.0 2.0 2.0 -1.0 -2.0 -2.0 -2.0 -2.0 -2.0 -2.0 -2.0 
1.0 1.0 1.0 1.0 1.0 1.0 1.0 1.0 1.0 1.0 1.0 1.0 1.0 1.0 1.0 2.0 2.0 -1.0 -2.0 -2.0 -2.0 -2.0 -2.0 -2.0 -2.0 
1.0 1.0 1.0 1.0 1.0 1.0 1.0 1.0 1.0 1.0 1.0 1.0 1.0 1.0 1.0 1.0 1.0 -2.0 -2.0 -2.0 -2.0 -2.0 -2.0 -2.0 -2.0 
1.0 1.0 1.0 1.0 1.0 1.0 1.0 1.0 1.0 1.0 1.0 1.0 1.0 1.0 1.0 1.0 1.0 1.0 -2.0 -2.0 -2.0 -2.0 -2.0 -2.0 -2.0 
1.0 1.0 1.0 1.0 1.0 1.0 1.0 1.0 1.0 1.0 1.0 1.0 1.0 1.0 1.0 1.0 1.0 1.0 1.0 -2.0 -2.0 -2.0 -2.0 -2.0 -2.0 
1.0 1.0 1.0 1.0 1.0 1.0 1.0 1.0 1.0 1.0 1.0 1.0 1.0 1.0 1.0 1.0 1.0 1.0 1.0 1.0 -2.0 -2.0 -2.0 -2.0 -2.0 
1.0 1.0 1.0 1.0 1.0 1.0 1.0 1.0 1.0 1.0 1.0 1.0 1.0 1.0 1.0 1.0 1.0 1.0 1.0 1.0 -2.0 -2.0 -2.0 -2.0 -2.0 
1.0 1.0 1.0 1.0 1.0 1.0 1.0 1.0 1.0 1.0 1.0 1.0 1.0 1.0 1.0 1.0 1.0 1.0 1.0 1.0 1.0 -2.0 -2.0 -2.0 -2.0 
1.0 1.0 1.0 1.0 1.0 1.0 1.0 1.0 1.0 1.0 1.0 1.0 1.0 1.0 1.0 1.0 1.0 1.0 1.0 1.0 1.0 1.0 -2.0 -2.0 -2.0 
1.0 1.0 1.0 1.0 1.0 1.0 1.0 1.0 1.0 1.0 1.0 1.0 1.0 1.0 1.0 1.0 1.0 1.0 1.0 1.0 1.0 1.0 1.0 -2.0 -2.0 
1.0 1.0 1.0 1.0 1.0 1.0 1.0 1.0 1.0 1.0 1.0 1.0 1.0 1.0 1.0 1.0 1.0 1.0 1.0 1.0 1.0 1.0 1.0 -2.0 -2.0 
1.0 1.0 1.0 1.0 1.0 1.0 1.0 1.0 1.0 1.0 1.0 1.0 1.0 1.0 1.0 1.0 1.0 1.0 1.0 1.0 1.0 1.0 1.0 1.0 -2.0 
1.0 1.0 1.0 1.0 1.0 1.0 1.0 1.0 1.0 1.0 1.0 1.0 1.0 1.0 1.0 1.0 1.0 1.0 1.0 1.0 1.0 1.0 1.0 1.0 1.0 
1.0 1.0 1.0 1.0 1.0 1.0 1.0 1.0 1.0 1.0 1.0 1.0 1.0 1.0 1.0 1.0 1.0 1.0 1.0 1.0 1.0 1.0 1.0 1.0 1.0 

0.659194 0.027863 0.159875 0.317077 0.873873 0.015258 0.946470 0.414055 0.194239 0.456915 0.280264 0.028603 0.859267 0.422941 0.129064 0.633730 0.204623 0.294741 0.132859 0.030785 0.331925 0.736134 0.368503 0.502297 0.061807 
0.573469 0.401516 0.326452 0.130451 0.785386 0.398622 0.742705 0.840386 0.423092 0.910036 0.759484 0.382088 0.560930 0.674141 0.458634 0.591453 0.131232 0.724888 0.566044 0.812595 0.462168 0.824782 0.322045 0.460022 0.550306 
0.287016 0.509218 0.890699 0.687446 0.611588 0.767817 0.009677 0.577175 0.497126 0.799514 0.239075 0.694760 0.996357 0.001336 0.934621 0.672868 0.029112 0.996426 0.137889 0.690292 0.654509 0.337818 0.389901 0.823639 0.044107 
0.798291 0.830583 0.871661 0.081780 0.363212 0.737421 0.410316 0.220874 0.722025 0.620792 0.238909 0.065106 0.735399 0.042600 0.339761 0.299724 0.097160 0.294150 0.164016 0.163726 0.245159 0.709946 0.625533 0.219941 0.047340 
0.689065 0.016255 0.018625 0.823030 0.601011 0.576627 0.116648 0.879537 0.385563 0.986858 0.722844 0.591710 0.348797 0.590034 0.392005 0.170081 0.534710 0.324624 0.416136 0.014634 0.828127 0.437275 0.719806 0.461906 0.259197 
0.241922 0.223902 0.441484 0.774626 0.852690 0.018422 0.072228 0.166963 0.473096 0.913156 0.426540 0.739302 0.495219 0.631572 0.994131 0.707375 0.734833 0.086240 0.142828 0.017255 0.830812 0.932554 0.600887 0.977319 0.683224 
0.442022 0.271627 0.359289 0.247128 0.081860 0.283680 0.884750 0.339191 0.786628 0.448840 0.500984 0.748815 0.288010 0.891359 0.992974 0.797555 0.362051 0.463924 0.498877 0.299222 0.799590 0.833346 0.605092 0.557620 0.494493 
0.195369 0.914633 0.879363 0.361529 0.536897 0.636988 0.394369 0.458006 0.142884 0.126620 0.290737 0.341638 0.164778 0.598175 0.038354 0.663463 0.240236 0.123472 0.567670 0.755012 0.907649 0.171358 0.172390 0.507732 0.554404 
0.903858 0.150764 0.343773 0.978550 0.666695 0.506983 0.276515 0.400978 0.990536 0.195726 0.129701 0.044240 0.480207 0.977849 0.167869 0.507654 0.720237 0.808787 0.315061 0.217680 0.582739 0.502028 0.549362 0.712862 0.289270 
0.071568 0.767316 0.283254 0.251239 0.162343 0.553843 0.429455 0.829861 0.643186 0.188154 0.452228 0.613455 0.697897 0.126148 0.708477 0.272561 0.628728 0.415888 0.315706 0.823261 0.237003 0.927266 0.099938 0.317418 0.888684 
0.576306 0.608291 0.145279 0.563513 0.324665 0.186115 0.236633 0.479943 0.997870 0.649765 0.752561 0.585006 0.437351 0.551796 0.996706 0.236503 0.403943 0.642132 0.302091 0.982196 0.480356 0.985434 0.233520 0.138101 0.273263 
0.003542 0.282312 0.959395 0.494426 0.116931 0.252406 0.988151 0.021529 0.872435 0.165007 0.274618 0.538981 0.047740 0.130319 0.839140 0.649441 0.589605 0.997235 0.771980 0.353140 0.667759 0.651349 0.237955 0.497157 0.048755 
0.767472 0.269120 0.904761 0.360035 0.431059 0.730613 0.432337 0.617283 0.979107 0.856796 0.182831 0.577550 0.276591 0.451378 0.172150 0.183637 0.259172 0.936767 0.762180 0.874119 0.425904 0.205559 0.571507 0.578995 0.825037 
0.321013 0.540223 0.921265 0.881873 0.746627 0.061092 0.765494 0.968665 0.517999 0.037046 0.762772 0.309499 0.233285 0.637652 0.150326 0.614428 0.843934 0.994493 0.284504 0.959640 0.863075 0.337714 0.793094 0.979875 0.571516 
0.219326 0.703630 0.144190 0.564220 0.198541 0.967675 0.582261 0.964966 0.249910 0.246864 0.235994 0.167409 0.898024 0.031330 0.661119 0.870466 0.446170 0.860296 0.488183 0.724585 0.946809 0.502226 0.908351 0.274115 0.264447 
0.559313 0.286134 0.460899 0.909866 0.626762 0.193471 0.292591 0.672658 0.142920 0.380914 0.392082 0.621074 0.909048 0.906001 0.732017 0.154275 0.536614 0.436602 0.659302 0.146814 0.070491 0.287349 0.830952 0.319830 0.899778 
0.252036 0.139679 0.359337 0.826121 0.029556 0.043027 0.255926 0.174643 0.545956 0.979506 0.324466 0.205391 0.898598 0.560251 0.905345 0.735155 0.936142 0.508162 0.192033 0.830253 0.716852 0.027211 0.561685 0.718902 0.872245 
0.370544 0.978804 0.117805 0.822252 0.060504 0.328699 0.742607 0.700114 0.132173 0.524932 0.343499 0.091652 0.553588 0.282339 0.742234 0.638978 0.711576 0.334357 0.616906 0.191130 0.755763 0.638763 0.758328 0.431912 0.677098 
0.929388 0.112799 0.616015 0.502193 0.358160 0.630874 0.795469 0.520321 0.268465 0.081244 0.311097 0.490177 0.909503 0.114798 0.910235 0.570747 0.331125 0.527297 0.713927 0.815036 0.433674 0.503270 0.263782 0.698086 0.058960 
0.858625 0.715646 0.373390 0.334281 0.855194 0.136363 0.635243 0.627423 0.999952 0.440336 0.202850 0.455151 0.283342 0.014051 0.643976 0.128302 0.828796 0.317664 0.421185 0.175700 0.544523 0.203336 0.227444 0.051761 0.251167 
0.677875 0.553497 0.523092 0.293997 0.860280 0.600701 0.362716 0.123156 0.461822 0.883746 0.776382 0.972125 0.321153 0.387484 0.132030 0.216853 0.490357 0.417824 0.711918 0.045874 0.292905 0.911002 0.133316 0.972002 0.241807 
0.104794 0.458145 0.655759 0.649302 0.559683 0.319679 0.410520 0.854686 0.062500 0.633562 0.615860 0.662117 0.884688 0.739851 0.800015 0.331091 0.675750 0.208441 0.594331 0.145332 0.918438 0.844923 0.803892 0.141211 0.876445 
0.543612 0.359540 0.980120 0.812787 0.354343 0.629299 0.673133 0.605143 0.280300 0.750372 0.889814 0.120788 0.078983 0.153584 0.260596 0.588161 0.298685 0.503229 0.077680 0.147647 0.141034 0.327432 0.998395 0.935094 0.379711 
0.075731 0.222688 0.551819 0.040361 0.168788 0.788213 0.350834 0.796435 0.536304 0.526873 0.812588 0.902947 0.414754 0.614994 0.290567 0.960661 0.179869 0.722267 0.557906 0.878484 0.654464 0.081681 0.064991 0.049173 0.237002 
0.727259 0.478618 0.955356 0.235541 0.821325 0.544448 0.987844 0.154002 0.614908 0.611906 0.880451 0.752244 0.994797 0.895448 0.207039 0.523832 0.784206 0.608016 0.768716 0.764889 0.773374 0.042541 0.139843 0.240606 0.092246 

1.169768 -0.013776 0.167303 0.557862 1.750386 0.274474 2.098171 0.568811 0.700578 0.771676 0.602267 0.353320 1.678505 -0.446482 -0.125135 -0.595630 0.015610 -0.353018 -0.096266 0.018017 -0.085580 0.134047 -0.163998 -0.438519 -0.136340 
0.745880 0.910953 0.685213 0.312293 1.508293 0.779061 1.578648 1.296774 1.197588 1.844551 1.851489 0.505715 0.911779 -0.792967 -0.499166 -0.491846 -0.166602 -0.939140 -0.634153 -0.820941 -0.003945 0.080305 -0.016289 0.398911 -0.102829 
0.519890 1.157419 2.104525 1.402263 1.054834 1.298428 0.081804 0.988487 0.937435 1.299419 0.677078 1.520874 2.237146 0.026742 -0.267471 -0.322040 0.082804 -0.579314 -0.490706 -0.617776 -1.197258 0.086995 0.106667 0.038764 0.126854 
1.756409 1.807956 1.534404 0.093909 0.828576 1.457642 0.909407 0.329823 1.370309 1.176228 0.519548 0.453473 1.280121 0.147409 -0.299323 -0.143421 -0.022578 -0.513849 -0.151571 -0.623767 -0.313745 -1.538957 -1.324198 -0.039969 0.193668 
1.644089 0.408619 0.081775 1.478777 1.303206 0.848859 0.099082 1.499701 0.529702 2.321680 1.781074 1.433067 0.723508 1.238166 -0.482236 -0.261098 -0.514857 0.038819 -0.339073 0.081995 -1.531802 -0.561617 -1.939354 -0.811330 -0.406692 
0.473432 0.361327 0.899675 1.116649 1.681645 0.094171 0.020121 -0.091389 0.883049 1.817555 0.786723 1.698328 0.926852 1.155828 2.033799 -0.929244 -0.770213 0.064309 -0.375588 0.472073 -1.791679 -1.952910 -1.406682 -1.914664 -1.221804 
0.486356 0.832956 0.417556 0.271604 0.378342 0.800833 1.715794 0.481124 1.725140 0.886476 0.922945 1.440682 0.383614 2.110230 2.044109 -0.708195 -0.469587 -0.384914 -0.495879 -0.507448 -1.583460 -1.755998 -1.221854 -1.183214 -0.662182 
0.456387 0.684590 0.950415 0.360333 0.706374 1.322909 0.589150 0.650003 0.302350 0.054065 0.509095 1.113221 0.028662 1.309158 0.012498 -0.735313 -0.112004 -0.125571 -0.928739 -1.387001 -1.836572 -0.286704 -0.311210 -0.747918 -1.280843 
1.045733 -0.052352 0.486556 1.247046 0.710243 0.455415 0.259913 0.958777 1.670579 0.460966 0.397787 0.412035 0.930821 2.001229 0.656350 0.983380 -0.848318 -1.022631 -0.434947 -0.503546 -0.970383 -0.954627 -1.010353 -1.123007 -0.352711 
0.034587 0.859059 0.364466 0.409185 0.517664 0.632018 0.398511 0.630680 0.976082 0.496799 1.179472 1.772313 1.580580 0.198353 0.950086 0.205305 -0.574046 -0.435980 -0.558105 -1.660655 -0.347533 -1.703942 0.027109 -0.691647 -1.843640 
0.299187 0.491843 -0.172103 0.192471 0.301630 0.019820 0.529890 0.770425 1.126873 0.791521 1.380006 1.235124 0.924474 1.058880 2.282768 0.422057 -0.437944 -0.728361 -0.829356 -2.168305 -0.882906 -1.865862 -0.474193 -0.512869 -0.378608 
0.018094 0.147910 0.828513 0.598863 -0.157545 0.057209 0.962443 0.142523 0.838479 0.264867 0.550200 0.453616 0.009410 -0.036401 1.424058 1.452841 1.162606 -0.716656 -1.497030 -0.762712 -1.450973 -1.095056 -0.267790 -0.725326 -0.090595 
1.117855 0.092970 0.788176 0.195081 0.675009 1.046248 0.209232 0.569994 0.742408 1.003762 0.121581 0.649697 0.227387 0.304860 0.366572 0.429388 0.476162 -0.938973 -1.369193 -1.552282 -0.765802 -0.506663 -1.034308 -1.348445 -1.828113 
0.371029 0.281539 0.852701 1.031663 1.013524 -0.188096 0.593765 1.146576 0.283179 0.403005 1.026237 -0.092944 0.550935 0.502127 0.050578 0.485736 0.564768 -2.068674 -0.621152 -1.809835 -1.962969 -0.275632 -1.540313 -2.059838 -1.543993 
0.475819 0.654766 0.613626 0.495370 -0.003606 1.012718 0.627955 1.253322 0.341776 0.116200 0.381192 0.024363 1.329008 -0.016866 0.940206 0.799746 0.258778 0.766150 -0.818193 -1.872495 -2.011080 -0.708902 -1.639133 -0.577136 -0.164996 
0.763326 -0.107312 0.557790 1.123312 0.979268 0.238140 -0.113073 0.261818 0.321684 0.151122 0.424659 0.464881 0.945818 1.297490 0.523261 0.330861 0.466505 0.497259 0.478289 -0.031353 -0.155839 -0.804450 -1.615943 -0.862151 -2.027159 
0.049635 0.166839 0.316475 0.912865 0.018917 -0.095468 0.458104 0.387885 0.545068 0.603209 0.768790 0.475627 0.894046 0.438128 0.887876 0.483922 0.854261 0.694523 0.339997 0.386410 -1.507210 0.222296 -0.916221 -1.697173 -1.919320 
0.507430 0.651945 0.128176 1.163655 0.160026 0.598380 1.098534 0.640183 -0.078228 0.762822 -0.005562 0.309720 0.455915 0.292713 0.815004 0.841530 0.473354 0.616814 0.483473 0.106498 -1.116720 -1.094401 -1.852921 -0.908684 -1.610768 
1.065897 0.441549 0.280172 0.169622 0.181167 0.798198 1.046094 0.832586 0.395134 0.161148 0.265782 0.645368 1.037539 0.026106 0.727106 0.404484 0.489699 0.296347 0.670048 0.883689 0.438692 -0.769733 -0.832790 -1.229945 -0.042717 
1.050562 1.119101 0.157612 0.436000 0.581834 0.155754 0.730619 0.848541 0.885844 0.251640 0.738892 0.306670 0.227655 0.014603 0.320495 0.149804 1.020107 0.197363 0.724118 0.287490 0.753564 0.028580 -0.499163 0.176723 -0.520135 
0.902140 0.744542 0.382935 0.276477 0.741615 0.586962 0.582228 0.182419 0.171151 1.136003 0.738116 1.179584 -0.026183 0.030978 0.354901 0.345144 0.368443 1.150718 0.660631 -0.191364 0.328183 1.089678 0.210434 -1.883734 -0.849631 
-0.141291 0.493894 0.580937 0.566466 0.510271 0.256389 0.703018 0.778766 -0.090905 0.774278 0.599708 1.089118 0.988911 0.399780 0.586371 0.444441 1.006322 0.205742 0.894563 0.389314 1.094428 0.757633 0.979011 -0.459527 -1.685091 
0.327350 0.599359 0.998530 0.661079 0.360913 0.920576 0.529019 0.921868 -0.017879 0.999719 0.602707 0.007335 0.086731 0.571834 0.406979 0.730858 0.248656 0.553942 0.071440 0.305305 0.295734 0.221188 1.038242 1.149225 -0.923455 
0.057268 0.286044 0.587186 0.054100 0.471470 0.613974 0.101358 0.795128 0.477108 0.345330 0.422552 1.128224 0.682240 0.302656 -0.040572 1.014331 0.419565 1.085344 0.686366 0.925681 0.721327 0.045919 -0.123391 -0.244127 0.349441 
0.576944 0.695258 1.104169 0.294391 0.822274 0.786700 1.161883 0.065989 0.465334 0.898156 1.072257 0.968609 0.777202 0.795312 -0.019596 0.750053 0.437438 0.834226 0.668893 0.716466 1.199700 -0.009762 0.183847 0.434782 0.276666 
