2.0 2.0 2.0 2.0 2.0 2.0 2.0 2.0 2.0 2.0 2.0 2.0 2.0 2.0 2.0 1.0 1.0 1.0 1.0 1.0 1.0 1.0 1.0 1.0 1.0 
2.0 2.0 2.0 2.0 2.0 2.0 2.0 2.0 2.0 2.0 2.0 2.0 2.0 2.0 2.0 1.0 1.0 1.0 1.0 1.0 1.0 1.0 1.0 1.0 1.0 
2.0 2.0 2.0 2.0 2.0 2.0 2.0 2.0 2.0 2.0 2.0 2.0 2.0 2.0 2.0 1.0 1.0 1.0 1.0 1.0 1.0 1.0 1.0 1.0 1.0 
-2.0 2.0 2.0 2.0 2.0 2.0 2.0 2.0 2.0 2.0 2.0 2.0 2.0 2.0 2.0 1.0 1.0 1.0 1.0 1.0 1.0 1.0 1.0 1.0 1.0 
-2.0 -2.0 2.0 2.0 2.0 2.0 2.0 2.0 2.0 2.0 2.0 2.0 2.0 2.0 2.0 1.0 1.0 1.0 1.0 1.0 1.0 1.0 1.0 1.0 1.0 
-2.0 -2.0 -2.0 2.0 2.0 2.0 2.0 2.0 2.0 2.0 2.0 2.0 2.0 2.0 2.0 1.0 1.0 1.0 1.0 1.0 1.0 1.0 1.0 1.0 1.0 
-2.0 -2.0 -2.0 -2.0 -2.0 2.0 2.0 2.0 2.0 2.0 2.0 2.0 2.0 2.0 2.0 1.0 1.0 1.0 1.0 1.0 1.0 1.0 1.0 1.0 1.0 
-2.0 -2.0 -2.0 -2.0 -2.0 -2.0 2.0 2.0 2.0 2.0 2.0 2.0 2.0 2.0 2.0 1.0 1.0 1.0 1.0 1.0 1.0 1.0 1.0 1.0 1.0 
-2.0 -2.0 -2.0 -2.0 -2.0 -2.0 -2.0 2.0 2.0 2.0 2.0 2.0 2.0 2.0 2.0 1.0 1.0 1.0 1.0 1.0 1.0 1.0 1.0 1.0 1.0 
-2.0 -2.0 -2.0 -2.0 -2.0 -2.0 -2.0 -2.0 -2.0 2.0 2.0 2.0 2.0 2.0 2.0 1.0 1.0 1.0 1.0 1.0 1.0 1.0 1.0 1.0 1.0 
-2.0 -2.0 -2.0 -2.0 -2.0 -2.0 -2.0 -2.0 -2.0 -2.0 2.0 2.0 2.0 2.0 2.0 1.0 1.0 1.0 1.0 1.0 1.0 1.0 1.0 1.0 1.0 
-2.0 -2.0 -2.0 -2.0 -2.0 -2.0 -2.0 -2.0 -2.0 -2.0 -2.0 2.0 2.0 2.0 2.0 1.0 1.0 1.0 1.0 1.0 1.0 1.0 1.0 0.0 0.0 
-2.0 -2.0 -2.0 -2.0 -2.0 -2.0 -2.0 -2.0 -2.0 -2.0 -2.0 -2.0 -1.0 2.0 2.0 1.0 1.0 1.0 1.0 1.0 0.0 0.0 0.0 0.0 0.0 
-2.0 -2.0 -2.0 -2.0 -2.0 -2.0 -2.0 -2.0 -2.0 -2.0 -2.0 -1.0 -1.0 -1.0 -1.0 1.0 1.0 0.0 0.0 0.0 0.0 0.0 0.0 0.0 0.0 
-2.0 -2.0 -2.0 -2.0 -2.0 -2.0 -2.0 -2.0 -2.0 -1.0 -1.0 -1.0 -1.0 -1.0 -1.0 -1.0 0.0 0.0 0.0 0.0 0.0 0.0 0.0 0.0 0.0 
-2.0 -2.0 -2.0 -2.0 -2.0 -2.0 -2.0 -2.0 -1.0 -1.0 -1.0 -1.0 -1.0 -1.0 -1.0 -1.0 0.0 0.0 0.0 0.0 0.0 0.0 0.0 0.0 0.0 
-2.0 -2.0 -2.0 -2.0 -2.0 -2.0 -2.0 -1.0 -1.0 -1.0 -1.0 -1.0 -1.0 -1.0 -1.0 0.0 0.0 0.0 0.0 0.0 0.0 0.0 0.0 0.0 0.0 
-2.0 -2.0 -2.0 -2.0 -2.0 -1.0 -1.0 -1.0 -1.0 -1.0 -1.0 -1.0 -1.0 -1.0 -1.0 0.0 0.0 0.0 0.0 0.0 0.0 0.0 0.0 0.0 0.0 
-2.0 -2.0 -2.0 -2.0 -1.0 -1.0 -1.0 -1.0 -1.0 -1.0 -1.0 -1.0 -1.0 -1.0 -1.0 0.0 0.0 0.0 0.0 0.0 0.0 0.0 0.0 0.0 0.0 
-2.0 -2.0 -2.0 -1.0 -1.0 -1.0 -1.0 -1.0 -1.0 -1.0 -1.0 -1.0 -1.0 -1.0 -1.0 0.0 0.0 0.0 0.0 0.0 0.0 0.0 0.0 0.0 0.0 
-2.0 -1.0 -1.0 -1.0 -1.0 -1.0 -1.0 -1.0 -1.0 -1.0 -1.0 -1.0 -1.0 -1.0 -1.0 0.0 0.0 0.0 0.0 0.0 0.0 0.0 0.0 0.0 0.0 
-1.0 -1.0 -1.0 -1.0 -1.0 -1.0 -1.0 -1.0 -1.0 -1.0 -1.0 -1.0 -1.0 -1.0 -1.0 0.0 0.0 0.0 0.0 0.0 0.0 0.0 0.0 0.0 0.0 
-1.0 -1.0 -1.0 -1.0 -1.0 -1.0 -1.0 -1.0 -1.0 -1.0 -1.0 -1.0 -1.0 -1.0 0.0 0.0 0.0 0.0 0.0 0.0 0.0 0.0 0.0 0.0 0.0 
-1.0 -1.0 -1.0 -1.0 -1.0 -1.0 -1.0 -1.0 -1.0 -1.0 -1.0 -1.0 -1.0 -1.0 0.0 0.0 0.0 0.0 0.0 0.0 0.0 0.0 0.0 0.0 0.0 
-1.0 -1.0 -1.0 -1.0 -1.0 -1.0 -1.0 -1.0 -1.0 -1.0 -1.0 -1.0 -1.0 -1.0 0.0 0.0 0.0 0.0 0.0 0.0 0.0 0.0 0.0 0.0 0.0 

0.927716 0.358966 0.147478 0.925499 0.830399 0.001683 0.641111 0.371781 0.838724 0.818099 0.978564 0.836765 0.751143 0.214710 0.056897 0.080834 0.773779 0.131531 0.743689 0.862895 0.530933 0.447170 0.821612 0.462523 0.888316 
0.092853 0.818078 0.692732 0.264391 0.723369 0.151328 0.749882 0.852877 0.132885 0.653661 0.339939 0.086787 0.893911 0.529187 0.191766 0.888500 0.801029 0.843416 0.995098 0.857258 0.969677 0.515319 0.644389 0.270310 0.847143 
0.745569 0.816845 0.652217 0.075780 0.356932 0.513026 0.237971 0.432669 0.596912 0.360246 0.096483 0.745156 0.133157 0.714395 0.839801 0.203644 0.458616 0.376245 0.540993 0.265298 0.215975 0.868418 0.054785 0.471139 0.211747 
0.539593 0.785267 0.157261 0.344046 0.916339 0.857595 0.911229 0.704282 0.114714 0.920461 0.219184 0.821227 0.142138 0.663519 0.657642 0.251366 0.742821 0.414832 0.835388 0.900160 0.952240 0.941335 0.933147 0.653574 0.364481 
0.977149 0.054439 0.259310 0.530707 0.127040 0.313464 0.065331 0.190162 0.542880 0.528575 0.953774 0.665128 0.092255 0.367571 0.577075 0.303212 0.306642 0.055476 0.764686 0.643405 0.326364 0.011561 0.283866 0.788493 0.206198 
0.493406 0.450702 0.399067 0.829925 0.224853 0.344827 0.509186 0.511297 0.256540 0.458129 0.628356 0.286089 0.161366 0.236059 0.192730 0.401935 0.971010 0.358259 0.969376 0.770957 0.193095 0.916542 0.135008 0.683519 0.405462 
0.368587 0.661569 0.004023 0.323806 0.628164 0.924624 0.082875 0.294454 0.460329 0.602872 0.930113 0.564194 0.430520 0.466753 0.924987 0.188636 0.788710 0.218652 0.441344 0.123901 0.274108 0.444078 0.243659 0.959867 0.787713 
0.007441 0.554924 0.330933 0.951284 0.736511 0.396104 0.678560 0.363082 0.085260 0.737650 0.919337 0.192774 0.845552 0.866725 0.187847 0.327478 0.921027 0.660181 0.294708 0.324143 0.798779 0.877546 0.441255 0.023387 0.607334 
0.257930 0.078985 0.138698 0.464634 0.044731 0.704356 0.404212 0.748619 0.595206 0.582624 0.071511 0.669047 0.993191 0.742014 0.225585 0.346555 0.648333 0.358363 0.614317 0.031631 0.569151 0.315461 0.268932 0.606389 0.906727 
0.132051 0.150374 0.648444 0.166762 0.346197 0.047702 0.596055 0.484275 0.849063 0.781148 0.244333 0.885624 0.435739 0.217394 0.266654 0.459764 0.504609 0.632183 0.781290 0.991790 0.415899 0.575931 0.895470 0.821420 0.832387 
0.299621 0.199581 0.497071 0.258733 0.350931 0.295933 0.107788 0.195999 0.621432 0.480744 0.474764 0.351225 0.556017 0.996561 0.126380 0.558829 0.540532 0.235353 0.873154 0.237044 0.790093 0.254962 0.730061 0.868614 0.955915 
0.923369 0.851780 0.965132 0.366076 0.883627 0.667232 0.806141 0.598941 0.743153 0.124744 0.123488 0.411689 0.964238 0.946075 0.874546 0.729341 0.145981 0.710419 0.523081 0.760617 0.890273 0.758605 0.396040 0.682362 0.056503 
0.857547 0.251334 0.392174 0.352306 0.891279 0.541092 0.242638 0.524853 0.725085 0.305833 0.052696 0.451848 0.751302 0.890355 0.888117 0.430626 0.147553 0.133217 0.351961 0.082086 0.706528 0.391054 0.248986 0.127711 0.813888 
0.395168 0.153799 0.558344 0.569619 0.609890 0.322264 0.079094 0.814314 0.271599 0.720084 0.370271 0.108667 0.252362 0.854203 0.336890 0.611828 0.434968 0.068863 0.508037 0.710131 0.751290 0.175306 0.432711 0.315815 0.865077 
0.626041 0.631507 0.693078 0.584953 0.015803 0.865383 0.832555 0.812462 0.860758 0.370219 0.708082 0.758520 0.104573 0.108610 0.455054 0.745329 0.834791 0.099261 0.140130 0.447320 0.066965 0.242181 0.040325 0.489964 0.856431 
0.939859 0.459268 0.760623 0.688700 0.646952 0.663101 0.813821 0.392170 0.305165 0.950682 0.602367 0.501612 0.617540 0.614378 0.283822 0.802643 0.188948 0.568302 0.321172 0.050722 0.137662 0.429148 0.599254 0.695712 0.223830 
0.547699 0.255412 0.344344 0.021272 0.690783 0.679217 0.577759 0.435310 0.839681 0.955827 0.080192 0.141515 0.885352 0.357710 0.581894 0.568524 0.998668 0.032410 0.588592 0.544785 0.132494 0.678580 0.082257 0.288172 0.759943 
0.390015 0.027358 0.119435 0.307837 0.113366 0.118004 0.417713 0.719497 0.704559 0.663701 0.007222 0.524196 0.189093 0.719204 0.528284 0.000933 0.832415 0.098445 0.369057 0.312077 0.217723 0.452277 0.122285 0.588494 0.462552 
0.061465 0.154378 0.263782 0.452445 0.471578 0.697941 0.187031 0.911662 0.087879 0.074264 0.673501 0.897688 0.318763 0.827960 0.512521 0.747818 0.408867 0.362172 0.426489 0.892326 0.840969 0.177397 0.225342 0.231876 0.149750 
0.473899 0.473603 0.112561 0.613460 0.270041 0.979984 0.532782 0.456971 0.728131 0.441348 0.860077 0.879166 0.926401 0.080367 0.142425 0.746705 0.655420 0.749790 0.776715 0.784610 0.335046 0.529124 0.106675 0.179144 0.042030 
0.909554 0.386890 0.216663 0.664358 0.320544 0.467031 0.607533 0.850875 0.523642 0.962859 0.107013 0.453109 0.939143 0.574583 0.931035 0.960696 0.006035 0.261758 0.098299 0.359212 0.568075 0.480380 0.988289 0.281697 0.340585 
0.857885 0.820021 0.535402 0.165418 0.543061 0.675927 0.096439 0.132497 0.966978 0.203383 0.962989 0.601100 0.385592 0.523646 0.258564 0.906760 0.261464 0.165964 0.541374 0.754402 0.196990 0.522056 0.013324 0.895959 0.995749 
0.079462 0.503202 0.204348 0.841290 0.472647 0.176451 0.454502 0.233049 0.898614 0.297432 0.287597 0.558443 0.280533 0.177797 0.070162 0.717438 0.427829 0.986557 0.786960 0.351647 0.884906 0.421965 0.914098 0.449228 0.227452 
0.653174 0.113506 0.683038 0.143897 0.092776 0.757400 0.072904 0.142741 0.328738 0.881837 0.824779 0.577125 0.185950 0.605974 0.148504 0.240685 0.805759 0.124558 0.890897 0.395166 0.429913 0.890529 0.602943 0.266327 0.322819 
0.540802 0.298522 0.533603 0.650503 0.619104 0.158937 0.950506 0.736030 0.169546 0.135443 0.088533 0.909285 0.056570 0.483511 0.963647 0.842219 0.434356 0.355756 0.286685 0.263288 0.177932 0.740076 0.216252 0.703123 0.071115 

1.881207 0.985868 0.299485 1.332977 1.587787 0.105133 1.706149 0.643725 2.159847 1.810996 2.168995 1.502929 0.604700 0.654521 0.093967 -0.559734 0.446329 0.102256 0.398611 0.986845 0.509168 0.121816 0.441031 0.161168 0.756337 
0.089176 1.467711 1.735567 0.052772 1.317283 0.137205 1.267996 1.618439 -0.140663 1.652035 0.722258 -0.134745 1.618992 1.413395 0.214242 0.977358 0.897705 0.730638 1.052477 0.916153 0.317052 1.001837 0.856994 0.173489 0.403439 
1.203576 2.040502 1.543552 0.791133 0.529312 1.378688 0.860880 1.071465 1.155879 0.510380 -0.049212 1.594214 0.166687 1.130228 1.304575 0.503085 0.054106 0.114729 0.658217 -0.308060 0.678829 0.635569 -0.502399 0.343501 0.180239 
-0.999780 1.604012 0.921358 1.389464 2.413315 2.053515 1.816907 1.253225 0.216811 1.645351 0.657855 1.615308 -0.086427 1.451970 0.979335 0.355180 1.311917 0.827346 1.167269 0.717983 0.978906 0.358876 1.204390 0.676569 0.591717 
-2.080917 0.021446 -0.213022 1.565778 0.160573 0.357640 0.305125 0.393857 1.153732 0.975573 1.598089 1.520808 0.299752 0.907616 0.725799 0.412662 0.457949 -0.047660 0.597294 0.531767 0.485070 -0.384911 0.404603 0.618950 0.435302 
-1.248061 -0.513682 -0.632942 1.662954 0.545815 1.224566 0.657147 0.994347 0.408008 0.868151 1.040016 0.852829 1.105106 0.425030 0.352129 0.227854 0.867244 0.354744 1.096218 0.839773 0.349957 0.905581 0.165140 1.639358 0.396827 
-1.082783 -1.496521 -0.147302 -0.944340 -1.066130 1.734487 0.161020 0.160993 0.779561 0.875634 1.858074 0.896237 1.182848 0.514233 1.672874 0.341679 0.633859 -0.118228 0.571199 0.219380 0.459508 0.265721 0.034661 1.356953 0.902740 
-0.384875 -1.239418 0.084847 -1.972972 -1.588209 -0.529792 1.312212 0.230029 1.029055 1.012975 2.191597 0.222361 2.510307 1.519779 0.334743 0.057423 0.588572 0.956853 0.493216 0.296867 0.355120 0.874429 0.796072 -0.232903 0.596993 
-0.591818 -0.292678 0.000063 -0.870059 -0.216801 -0.940542 -0.646453 1.875218 1.204787 1.605213 0.494228 1.683766 2.474014 1.589391 0.497023 0.129653 0.432839 0.715211 0.509859 0.123545 0.316374 0.153110 0.348506 0.764288 0.518595 
-0.323456 -0.599491 -1.373619 0.037251 -0.723417 0.084072 -1.470181 -0.582087 -1.438515 1.616562 0.526133 2.059294 0.783643 0.091706 0.715597 0.503895 0.575878 0.338366 1.394298 1.120924 0.991465 0.629026 0.745361 0.742134 0.731288 
-0.318237 -0.783108 -1.254287 -0.613294 -0.737756 -0.298591 -0.557842 -0.390902 -1.224872 -0.841619 0.981397 0.600876 1.162577 2.786136 0.378293 0.579363 0.549577 0.538667 1.204688 0.169320 0.980389 0.438743 1.054769 0.908666 1.071789 
-2.244690 -2.469835 -1.722621 -0.835719 -1.918532 -1.450869 -1.444682 -1.182195 -1.818758 -0.003702 -0.083086 0.427156 1.641927 1.429412 2.184735 0.901973 0.126611 1.034139 0.100028 1.293687 0.216395 1.146288 0.008175 0.509020 0.200125 
-1.965144 -0.219564 -0.668851 -0.649293 -1.776970 -1.223255 -0.633035 -1.598254 -1.735326 -0.131769 -0.150326 -1.025838 -0.236743 2.154522 1.359147 0.831073 0.347346 0.105535 0.265636 -0.312774 -0.030988 0.123507 0.015542 -0.887605 -0.669874 
-0.143020 -0.586875 -0.751668 -0.921034 -1.380472 -0.671027 0.360108 -2.074956 -0.380774 -1.061329 -0.897201 -0.100005 -0.351135 -0.903424 -0.609152 0.795094 0.316927 -0.115558 -0.100751 0.042365 0.349467 -0.417365 -0.169358 0.145623 -0.518790 
-1.129021 -1.219289 -1.535229 -1.461076 -0.195772 -1.997623 -1.110494 -1.461867 -1.735096 -0.531668 -0.752405 -0.389863 0.296734 -0.280408 -0.653324 -0.415553 0.462970 -0.415955 0.102182 -0.365389 -0.055952 -0.239189 -0.197935 -0.362753 -0.431264 
-1.403025 -1.378925 -1.887216 -1.328918 -1.387326 -1.189080 -1.969689 -1.113896 -0.629159 -0.701873 -0.331308 -1.034350 -0.816676 -0.545780 -0.378295 -1.300674 0.329366 0.073632 -0.198899 -0.008592 -0.197134 0.155423 -0.384425 0.146196 -0.038569 
-1.591843 0.243649 -0.618557 0.453481 -1.571815 -1.327224 -1.217243 -0.362486 -0.888810 -1.050001 0.263773 0.510323 -0.749268 -0.280221 -0.320422 0.103472 -0.158275 0.063449 -0.290658 -0.047853 -0.272217 -0.282457 -0.144973 0.085050 -0.002044 
-1.486696 0.089434 -0.014008 -0.808372 -0.739139 -0.525290 -0.320581 -0.706353 -0.406989 -1.044988 -0.169438 -0.736019 -0.311485 -0.364550 -1.012755 -0.130407 0.178442 0.282381 0.383518 -0.069920 -0.562452 -0.204023 -0.111720 0.101690 -0.212177 
-0.274296 -0.305614 -0.433154 -0.568693 -0.607464 -0.343944 -0.383142 -1.008433 -0.483136 -0.637294 -0.405685 -0.610210 -0.692524 -1.061943 -0.514435 -0.160276 0.164100 0.229063 0.665461 0.051785 -0.165469 0.037438 0.131790 -0.027258 -0.225015 
-0.526911 -1.586489 -0.338019 -0.411472 -0.143944 -0.608042 -0.493150 -0.246109 -0.403881 -0.332667 -0.551127 -0.983127 -0.855621 -0.133868 -0.697833 -0.138884 -0.284021 0.362003 0.247968 0.116122 -0.072571 0.207971 0.664397 0.005221 0.255145 
-1.951183 -0.496701 -0.255663 -0.722208 -0.267110 -0.647578 -0.204233 -1.153304 -0.903592 -0.865166 0.314676 -0.424998 -1.045366 -0.884265 -0.936989 -0.228947 0.278201 -0.225543 0.364736 -0.208540 0.067823 -0.084022 -0.245628 -0.256093 -0.536378 
-0.923240 -0.501370 -0.142786 -0.501584 -0.357021 -0.013025 -0.073553 -0.067818 -1.053925 -0.613364 -0.788123 -0.676779 -0.333111 -0.247926 -0.116782 -0.051250 -0.116585 0.038606 -0.451238 0.414111 -0.263540 -0.018961 -0.492858 -0.178710 -0.129690 
-0.658369 -0.070130 -0.367230 -1.171902 -0.546292 0.000841 -0.203859 0.006333 -0.349232 -0.157762 0.294152 -0.929251 0.073654 -0.168806 -0.012938 0.021682 0.464444 -0.060464 0.289415 0.628923 -0.213194 -0.533085 -0.039925 -0.124708 0.182459 
-0.970645 -0.096958 -0.541174 -0.387205 0.266506 -1.061786 -0.030307 -0.133522 -0.092020 -1.274043 -0.765486 -0.467295 -0.736072 -0.390122 -0.197665 0.480881 -0.138820 -0.029848 -0.039566 0.292160 0.316863 -0.172941 0.348554 0.434655 0.038721 
-0.352509 -0.036793 -0.730460 -0.935663 -0.550078 0.074726 -1.177768 -1.055234 -0.739377 -0.171393 0.133705 -1.021475 -0.230343 -0.826564 0.188516 -0.298524 0.093356 0.267566 -0.450558 0.081778 0.126537 0.117654 -0.062694 -0.224329 -0.111614 
