-2.0 -2.0 -2.0 -2.0 -2.0 -2.0 -2.0 -2.0 0.0 0.0 0.0 0.0 0.0 0.0 0.0 0.0 0.0 0.0 2.0 2.0 2.0 2.0 2.0 2.0 2.0 
-2.0 -2.0 -2.0 -2.0 -2.0 -2.0 -2.0 -2.0 -2.0 0.0 0.0 0.0 0.0 0.0 0.0 0.0 0.0 0.0 2.0 2.0 2.0 2.0 2.0 2.0 2.0 
-2.0 -2.0 -2.0 -2.0 -2.0 -2.0 -2.0 -2.0 -2.0 0.0 0.0 0.0 0.0 0.0 0.0 0.0 0.0 0.0 2.0 2.0 2.0 2.0 2.0 2.0 2.0 
-2.0 -2.0 -2.0 -2.0 -2.0 -2.0 -2.0 -2.0 -2.0 0.0 0.0 0.0 0.0 0.0 0.0 0.0 0.0 0.0 2.0 2.0 2.0 2.0 2.0 2.0 2.0 
-2.0 -2.0 -2.0 -2.0 -2.0 -2.0 -2.0 -2.0 -2.0 0.0 0.0 0.0 0.0 0.0 0.0 0.0 0.0 0.0 0.0 2.0 2.0 2.0 2.0 2.0 2.0 
-2.0 -2.0 -2.0 -2.0 -2.0 -2.0 -2.0 -2.0 -2.0 0.0 0.0 0.0 0.0 0.0 0.0 0.0 0.0 0.0 0.0 2.0 2.0 2.0 2.0 2.0 2.0 
-2.0 -2.0 -2.0 -2.0 -2.0 -2.0 -2.0 -2.0 -2.0 0.0 0.0 0.0 0.0 0.0 0.0 0.0 0.0 0.0 0.0 2.0 2.0 2.0 2.0 2.0 2.0 
-2.0 -2.0 -2.0 -2.0 -2.0 -2.0 -2.0 -2.0 -2.0 0.0 0.0 0.0 0.0 0.0 0.0 0.0 0.0 0.0 0.0 2.0 2.0 2.0 2.0 2.0 2.0 
-2.0 -2.0 -2.0 -2.0 -2.0 -2.0 -2.0 -2.0 -2.0 0.0 0.0 0.0 0.0 0.0 0.0 0.0 0.0 0.0 0.0 0.0 2.0 2.0 2.0 2.0 2.0 
-2.0 -2.0 -2.0 -2.0 -2.0 -2.0 -2.0 -2.0 -2.0 -2.0 0.0 0.0 0.0 0.0 0.0 0.0 0.0 0.0 0.0 0.0 2.0 2.0 2.0 2.0 2.0 
-2.0 -2.0 -2.0 -2.0 -2.0 -2.0 -2.0 -2.0 -2.0 -2.0 0.0 0.0 0.0 0.0 0.0 0.0 0.0 0.0 0.0 0.0 2.0 2.0 2.0 2.0 2.0 
-2.0 -2.0 -2.0 -2.0 -2.0 -2.0 -2.0 -2.0 -2.0 -2.0 0.0 0.0 0.0 0.0 0.0 0.0 0.0 0.0 0.0 0.0 2.0 2.0 2.0 2.0 2.0 
-2.0 -2.0 -2.0 -2.0 -2.0 -2.0 -2.0 -2.0 -2.0 1.0 0.0 0.0 0.0 0.0 0.0 0.0 0.0 0.0 0.0 0.0 0.0 2.0 2.0 2.0 2.0 
-2.0 -2.0 -2.0 -2.0 -2.0 -2.0 -2.0 -2.0 1.0 1.0 1.0 0.0 0.0 0.0 0.0 0.0 0.0 0.0 0.0 0.0 0.0 2.0 2.0 2.0 2.0 
-2.0 -2.0 -2.0 -2.0 -2.0 -2.0 -2.0 1.0 1.0 1.0 1.0 1.0 0.0 0.0 0.0 0.0 0.0 0.0 0.0 0.0 0.0 2.0 2.0 2.0 2.0 
-1.0 -1.0 -1.0 -1.0 -1.0 -1.0 1.0 1.0 1.0 1.0 1.0 1.0 0.0 0.0 0.0 0.0 0.0 0.0 0.0 0.0 0.0 2.0 2.0 2.0 2.0 
-1.0 -1.0 -1.0 -1.0 -1.0 1.0 1.0 1.0 1.0 1.0 1.0 1.0 1.0 0.0 0.0 0.0 0.0 0.0 0.0 0.0 0.0 0.0 2.0 2.0 2.0 
-1.0 -1.0 -1.0 -1.0 1.0 1.0 1.0 1.0 1.0 1.0 1.0 1.0 1.0 0.0 0.0 0.0 0.0 0.0 0.0 0.0 0.0 0.0 2.0 2.0 2.0 
-1.0 -1.0 -1.0 1.0 1.0 1.0 1.0 1.0 1.0 1.0 1.0 1.0 1.0 1.0 0.0 0.0 0.0 0.0 0.0 0.0 0.0 0.0 2.0 2.0 2.0 
-1.0 -1.0 1.0 1.0 1.0 1.0 1.0 1.0 1.0 1.0 1.0 1.0 1.0 1.0 1.0 0.0 0.0 0.0 0.0 0.0 0.0 0.0 2.0 2.0 2.0 
-1.0 -1.0 1.0 1.0 1.0 1.0 1.0 1.0 1.0 1.0 1.0 1.0 1.0 1.0 1.0 0.0 0.0 0.0 0.0 0.0 0.0 0.0 0.0 2.0 2.0 
-1.0 1.0 1.0 1.0 1.0 1.0 1.0 1.0 1.0 1.0 1.0 1.0 1.0 1.0 1.0 1.0 0.0 0.0 0.0 0.0 0.0 0.0 0.0 2.0 2.0 
1.0 1.0 1.0 1.0 1.0 1.0 1.0 1.0 1.0 1.0 1.0 1.0 1.0 1.0 1.0 1.0 0.0 0.0 0.0 0.0 0.0 0.0 0.0 2.0 2.0 
1.0 1.0 1.0 1.0 1.0 1.0 1.0 1.0 1.0 1.0 1.0 1.0 1.0 1.0 1.0 1.0 1.0 0.0 0.0 0.0 0.0 0.0 0.0 2.0 2.0 
1.0 1.0 1.0 1.0 1.0 1.0 1.0 1.0 1.0 1.0 1.0 1.0 1.0 1.0 1.0 1.0 1.0 0.0 0.0 0.0 0.0 0.0 0.0 0.0 2.0 

0.743502 0.325316 0.442129 0.040816 0.765327 0.800665 0.092062 0.138864 0.490126 0.186687 0.111568 0.035324 0.690583 0.446323 0.267490 0.842595 0.089687 0.612782 0.017560 0.376718 0.354022 0.796907 0.332287 0.206997 0.170617 
0.363308 0.529665 0.277172 0.700535 0.437089 0.306848 0.234695 0.645362 0.793260 0.395061 0.156504 0.001419 0.593471 0.463562 0.147776 0.821570 0.748861 0.547974 0.275391 0.436685 0.882318 0.252718 0.202152 0.583749 0.049930 
0.736021 0.127422 0.601010 0.888307 0.812212 0.617646 0.712323 0.007271 0.999569 0.558466 0.813964 0.674353 0.832472 0.012529 0.782185 0.368066 0.105105 0.583114 0.014951 0.300952 0.391918 0.390955 0.099479 0.990013 0.746256 
0.030979 0.649107 0.800364 0.401129 0.102120 0.003546 0.183168 0.081182 0.314628 0.059562 0.302644 0.779294 0.696438 0.339156 0.575346 0.998769 0.219744 0.968081 0.095252 0.552311 0.885312 0.981324 0.021947 0.630080 0.062552 
0.236608 0.550265 0.721748 0.901674 0.674031 0.361575 0.590516 0.563864 0.335817 0.752220 0.402849 0.287781 0.296336 0.013200 0.479595 0.666479 0.866230 0.121676 0.407479 0.868183 0.857860 0.911229 0.694010 0.374015 0.060584 
0.162306 0.376498 0.977093 0.400243 0.599794 0.902154 0.960797 0.947732 0.472348 0.557956 0.379847 0.202204 0.752811 0.212108 0.428092 0.432657 0.615701 0.396358 0.419319 0.758049 0.571371 0.880477 0.897133 0.691910 0.901608 
0.183050 0.345964 0.415739 0.475042 0.677996 0.146439 0.800344 0.851950 0.827782 0.985571 0.716179 0.396673 0.498040 0.044416 0.618787 0.725249 0.412575 0.363765 0.621045 0.660615 0.592298 0.855653 0.357487 0.835805 0.466161 
0.365301 0.189003 0.672755 0.464683 0.413574 0.659968 0.822720 0.740962 0.840041 0.110254 0.093219 0.640889 0.864312 0.605493 0.046666 0.539811 0.747722 0.464075 0.216326 0.962701 0.201735 0.523770 0.993131 0.713919 0.892775 
0.546243 0.761784 0.061840 0.313822 0.917145 0.714837 0.024984 0.952830 0.139598 0.698620 0.033718 0.277502 0.068279 0.976926 0.554259 0.387818 0.310484 0.963521 0.470025 0.721118 0.231627 0.549719 0.390991 0.624609 0.260785 
0.156037 0.819416 0.648623 0.236715 0.713060 0.028287 0.263036 0.913212 0.986656 0.744376 0.561055 0.985225 0.317440 0.109653 0.352740 0.147157 0.143967 0.317865 0.835251 0.193368 0.669986 0.244826 0.873733 0.261619 0.781083 
0.726915 0.015083 0.880218 0.177441 0.396782 0.515152 0.058532 0.220271 0.783538 0.957417 0.379707 0.427901 0.083223 0.314163 0.520865 0.282616 0.170884 0.640415 0.395895 0.525277 0.654476 0.379163 0.736380 0.709927 0.294995 
0.732556 0.956854 0.717295 0.376681 0.842834 0.976368 0.334765 0.319640 0.483107 0.005373 0.467112 0.997049 0.095703 0.697670 0.657694 0.123768 0.053921 0.733988 0.764192 0.181059 0.200491 0.906996 0.584159 0.694202 0.374814 
0.763456 0.137222 0.023605 0.479343 0.601157 0.297004 0.396667 0.077813 0.910572 0.738913 0.347868 0.715403 0.941090 0.721994 0.873398 0.548429 0.040655 0.472528 0.372322 0.108777 0.740012 0.652362 0.132323 0.850577 0.519872 
0.196885 0.893133 0.251904 0.292901 0.470407 0.227534 0.794273 0.800582 0.916682 0.523683 0.982204 0.956726 0.160445 0.995423 0.679058 0.841365 0.687928 0.565008 0.744660 0.185685 0.202857 0.635984 0.467933 0.199215 0.698244 
0.934491 0.780729 0.011628 0.928723 0.957219 0.545653 0.223377 0.195485 0.737895 0.588908 0.432182 0.859796 0.409037 0.873752 0.457931 0.016577 0.092354 0.015795 0.788599 0.347741 0.053970 0.594343 0.564083 0.902951 0.141777 
0.692503 0.703880 0.990407 0.152167 0.036895 0.072265 0.809059 0.563021 0.503442 0.320581 0.555743 0.088356 0.659420 0.838410 0.990722 0.925684 0.331427 0.178972 0.805953 0.180843 0.024450 0.376117 0.005936 0.339569 0.997734 
0.146532 0.357920 0.256638 0.751011 0.721037 0.503984 0.615969 0.073307 0.361211 0.689182 0.522952 0.575080 0.004011 0.718631 0.977025 0.957484 0.091859 0.868220 0.222055 0.345602 0.420050 0.394901 0.458934 0.009802 0.625882 
0.278426 0.780066 0.632203 0.674770 0.559987 0.616954 0.725601 0.471490 0.679605 0.355237 0.096402 0.850227 0.311158 0.887090 0.014531 0.557239 0.044304 0.970943 0.848050 0.608624 0.904456 0.781321 0.763898 0.418270 0.906056 
0.144503 0.700879 0.049152 0.884050 0.734844 0.153502 0.327041 0.995755 0.350020 0.479756 0.942377 0.760551 0.673034 0.409754 0.551558 0.924463 0.485435 0.336488 0.499572 0.301939 0.395097 0.876562 0.667791 0.925107 0.744697 
0.966377 0.374297 0.194853 0.157389 0.134869 0.523080 0.129380 0.760575 0.544637 0.242046 0.322316 0.568046 0.700062 0.550070 0.205701 0.360048 0.300049 0.916650 0.754585 0.556936 0.123643 0.482943 0.055333 0.461392 0.219365 
0.004083 0.721298 0.130747 0.307307 0.101269 0.202036 0.885524 0.110323 0.086566 0.959740 0.102053 0.649279 0.094033 0.046160 0.438681 0.861951 0.624090 0.458671 0.133668 0.040689 0.149041 0.693716 0.820678 0.896309 0.024249 
0.100858 0.946264 0.220473 0.964150 0.773841 0.342712 0.685559 0.539388 0.810581 0.296643 0.829819 0.492688 0.127091 0.230686 0.677176 0.462793 0.452148 0.720088 0.140102 0.754332 0.194792 0.641472 0.694098 0.399579 0.938172 
0.506178 0.121973 0.189622 0.295516 0.764396 0.474492 0.749420 0.080383 0.081424 0.128492 0.439335 0.709933 0.534920 0.555218 0.461061 0.959977 0.839276 0.487056 0.035667 0.150529 0.097607 0.124199 0.179481 0.332313 0.146089 
0.329645 0.647388 0.070608 0.704506 0.033726 0.960054 0.424365 0.406897 0.033340 0.819581 0.495939 0.550761 0.120061 0.611014 0.376353 0.741967 0.355323 0.349359 0.897062 0.655832 0.370730 0.445158 0.259007 0.467275 0.738043 
0.067340 0.128694 0.084628 0.944443 0.636823 0.906061 0.194644 0.467003 0.997579 0.158832 0.960176 0.011484 0.619181 0.190701 0.431162 0.498095 0.145751 0.199081 0.788750 0.978979 0.896621 0.102082 0.758419 0.586691 0.152426 

-1.842326 -0.555903 -1.173196 0.077706 -1.378549 -1.735385 -0.033700 -0.194091 -0.116697 -0.060796 0.004760 0.081960 -0.031036 -0.036040 -0.303832 0.345641 -0.210656 0.284935 -0.253957 0.874674 0.481427 1.563659 0.640685 0.578158 0.345211 
-0.965613 -1.078697 -0.863078 -1.312280 -0.788205 -0.783538 -0.360157 -1.317487 -1.302169 -0.009563 -0.307268 0.138190 0.119521 -0.262350 -0.011790 0.349658 0.001574 -0.272908 0.604376 0.640757 1.997489 0.655810 0.283332 1.191167 0.177992 
-1.323822 -0.006056 -1.075329 -1.852350 -1.438126 -1.386169 -1.609754 0.144646 -1.737018 -0.125869 -0.253111 -0.026854 -0.147417 -0.197924 0.004115 -0.159534 0.019754 -0.231527 -0.084841 0.594721 0.849329 0.789727 0.536451 1.746193 1.601502 
-0.339322 -1.318679 -1.811515 -0.777195 0.083840 -0.216744 -0.464341 -0.439545 -0.393999 -0.127111 0.000625 -0.288813 0.472649 -0.012348 -0.041314 0.010187 -0.018978 -0.299563 0.376120 0.999415 1.570072 2.148474 -0.370903 1.408641 -0.156049 
-0.544262 -1.257269 -1.568774 -1.774990 -1.307452 -0.571303 -1.115973 -0.899470 -0.486640 -0.080182 0.183171 -0.031419 0.046316 0.132188 0.023880 -0.207480 -0.005392 -0.338560 0.015084 1.695391 2.147984 1.773254 1.338981 1.038722 0.135822 
-0.020798 -0.855697 -1.847515 -0.418033 -1.003782 -2.301309 -1.889203 -2.283426 -0.450200 -0.109571 0.010908 0.165775 -0.040286 -0.292002 0.040618 0.179151 -0.138384 0.051279 -0.168131 1.048775 0.846365 1.659783 1.712893 1.485364 2.078925 
-0.588229 -1.003701 -0.730284 -0.811702 -1.498936 -0.601918 -1.853830 -1.481124 -1.918275 -0.190711 -0.651430 -0.129290 -0.143919 -0.092285 -0.362071 0.291351 0.197708 0.289605 -0.044605 1.215384 1.140827 1.699975 0.695208 1.455632 0.733167 
-0.947323 -0.318095 -1.427915 -0.618214 -1.045655 -1.433717 -1.892264 -1.381650 -1.348593 -0.346515 -0.168329 -0.017496 0.147976 -0.152472 0.250165 -0.025435 -0.270910 0.264073 0.010254 2.010919 0.283245 1.002131 2.208101 1.274369 1.784841 
-1.396511 -1.481331 -0.006556 -0.819407 -2.165345 -1.414167 -0.040163 -1.717129 -0.521282 -0.058566 -0.388444 -0.012551 0.249235 0.164196 -0.221010 0.074743 0.427191 0.683738 0.356302 -0.007631 0.117219 1.260901 0.695918 0.858782 0.657865 
-0.415227 -1.515084 -1.126120 -0.574465 -1.688499 -0.167559 -0.545443 -2.305741 -2.258077 -1.378180 0.007145 0.224969 0.040195 0.150079 -0.361537 0.341152 -0.236860 0.231131 0.073936 0.282185 1.303913 0.409503 1.562492 0.609330 1.556417 
-1.515017 -0.026108 -1.536297 -0.216254 -0.964779 -0.962529 -0.068355 -0.425632 -1.887687 -2.283462 0.361189 -0.037998 -0.209121 -0.349909 -0.079735 -0.115241 -0.486513 -0.098667 -0.208562 0.081920 1.288035 1.041317 1.326790 1.073545 0.324992 
-1.247148 -1.892878 -1.171467 -0.466758 -1.784539 -2.038103 -0.938789 -0.741963 -0.759761 -0.006225 -0.151284 -0.009994 -0.265157 0.259036 -0.063153 0.150664 0.047109 0.009125 -0.116398 -0.068725 0.444941 1.747758 1.337621 1.522737 1.049009 
-1.516389 -0.556330 0.017777 -0.829066 -1.154085 -0.473420 -0.857577 -0.386692 -1.605467 0.928337 -0.060458 -0.270309 0.130237 -0.251723 0.464363 -0.329914 -0.081534 0.029356 0.165939 -0.144609 0.051860 1.155838 0.493654 1.747609 1.465423 
-0.400208 -1.933359 -0.456093 -1.017065 -1.278023 -0.606576 -1.221466 -1.902579 1.148123 0.443633 0.703298 0.450243 0.141965 0.277143 -0.214355 -0.142808 0.092932 0.070235 -0.206002 0.105359 -0.062665 0.884562 0.828851 0.538116 1.536064 
-2.130764 -1.506656 -0.254433 -1.940364 -1.938571 -0.807953 -0.909360 0.391523 0.352037 0.833643 0.426987 0.810531 0.093843 -0.119997 -0.104573 -0.100181 0.101519 -0.238963 0.025997 -0.176349 -0.596290 0.971423 1.166186 1.463493 0.229116 
-0.552970 -0.344643 -0.864949 -0.192666 -0.014911 -0.360265 0.953464 0.669687 0.326010 0.359437 0.704533 -0.010662 -0.212078 -0.175522 -0.228968 0.125339 -0.173255 0.044545 -0.094742 0.212119 -0.261293 0.863867 -0.206750 0.836428 2.141616 
-0.139982 -0.696022 -0.445323 -0.778734 -0.809431 0.451637 0.778674 0.092003 0.181480 0.577569 0.444779 0.662118 -0.198956 0.408269 -0.336280 0.033078 -0.235398 -0.308685 -0.094787 0.080637 -0.183104 0.014217 1.313632 0.093199 1.197809 
-0.276545 -0.927508 -0.460245 -0.958538 0.450571 0.401777 0.586803 0.062660 0.748661 0.324276 0.199031 0.711166 0.377003 0.310178 -0.034927 -0.094075 -0.050907 0.178045 -0.024420 0.097974 -0.062758 0.405073 1.395863 0.872319 1.859767 
0.084763 -1.080535 -0.473507 0.888522 0.802972 0.004373 0.066269 0.985275 0.073317 0.692578 0.985739 0.776837 0.787149 0.824128 0.382847 -0.198341 -0.302589 0.140692 -0.235716 -0.224866 0.377166 -0.201848 1.387988 2.031105 1.951961 
-0.980732 -0.243539 0.284957 0.234096 0.036103 0.559794 0.078911 0.308535 0.661252 0.382189 -0.230423 0.751342 0.618333 0.857434 0.021589 -0.183701 0.135964 -0.284733 0.158725 -0.280949 -0.118707 -0.200097 0.301679 1.138458 0.402090 
-0.117426 -0.586177 0.016595 0.270161 0.106943 0.313633 0.755564 -0.020687 -0.108600 1.138959 0.135388 0.717445 -0.093621 -0.020196 0.237219 -0.053448 0.034764 -0.075810 0.403402 -0.195224 0.107258 0.281615 -0.178377 1.817156 -0.056699 
-0.471817 1.037238 -0.047439 0.527718 0.867784 0.395093 1.060817 0.771640 0.861496 0.265792 0.614455 0.416305 0.151241 0.363621 0.280936 0.800429 0.257838 -0.132453 -0.149146 0.009988 0.095366 0.218148 -0.252015 1.011272 2.229864 
0.439442 0.199722 0.076307 0.174687 0.512802 0.350778 0.748872 -0.090974 -0.192230 0.092324 0.529277 0.491453 0.784045 0.510834 0.592845 0.987377 -0.239003 -0.003242 0.182804 0.113011 0.294708 0.478139 -0.030755 0.687340 0.315900 
0.197195 0.395999 -0.122812 0.349715 -0.362771 1.020439 0.320932 0.379599 -0.094441 0.877410 0.123703 0.699994 0.330537 0.233873 0.597946 0.664900 0.375640 0.262769 0.236886 0.400435 -0.282158 -0.062658 0.164032 0.779972 1.576643 
0.156021 -0.047964 0.161786 0.741314 0.395899 1.111349 0.174664 0.121088 1.067761 -0.153829 1.228942 0.098862 0.841608 -0.164313 0.138625 0.958725 -0.207879 -0.325449 0.272811 -0.391808 0.014112 -0.043305 -0.098825 0.188589 0.280604 
