-1.0 -1.0 -1.0 -1.0 -1.0 -1.0 -1.0 -1.0 -1.0 -1.0 -1.0 -1.0 -1.0 0.0 0.0 0.0 0.0 0.0 0.0 0.0 0.0 -2.0 -2.0 -2.0 -2.0 
-1.0 -1.0 -1.0 -1.0 -1.0 -1.0 -1.0 -1.0 -1.0 -1.0 -1.0 -1.0 -1.0 0.0 0.0 0.0 0.0 0.0 0.0 0.0 -2.0 -2.0 -2.0 -2.0 -2.0 
-1.0 -1.0 -1.0 -1.0 -1.0 -1.0 -1.0 -1.0 -1.0 -1.0 -1.0 -1.0 -1.0 0.0 0.0 0.0 0.0 0.0 0.0 0.0 -2.0 -2.0 -2.0 -2.0 -2.0 
-1.0 -1.0 -1.0 -1.0 -1.0 -1.0 -1.0 -1.0 -1.0 -1.0 -1.0 -1.0 -1.0 0.0 0.0 0.0 0.0 0.0 0.0 -2.0 -2.0 -2.0 -2.0 -2.0 -2.0 
-1.0 -1.0 -1.0 -1.0 -1.0 -1.0 -1.0 -1.0 -1.0 -1.0 -1.0 -1.0 -1.0 0.0 0.0 0.0 0.0 0.0 0.0 -2.0 -2.0 -2.0 -2.0 -2.0 -2.0 
-1.0 -1.0 -1.0 -1.0 -1.0 -1.0 -1.0 -1.0 -1.0 -1.0 -1.0 -1.0 -1.0 0.0 0.0 0.0 0.0 0.0 -2.0 -2.0 -2.0 -2.0 -2.0 -2.0 -2.0 
-1.0 -1.0 -1.0 -1.0 -1.0 -1.0 -1.0 -1.0 -1.0 -1.0 -1.0 -1.0 -1.0 0.0 0.0 0.0 0.0 0.0 -2.0 -2.0 -2.0 -2.0 -2.0 -2.0 -2.0 
-1.0 -1.0 -1.0 -1.0 -1.0 -1.0 -1.0 -1.0 -1.0 -1.0 -1.0 -1.0 -1.0 0.0 0.0 0.0 0.0 0.0 -2.0 -2.0 -2.0 -2.0 -2.0 -2.0 -2.0 
-1.0 -1.0 -1.0 -1.0 -1.0 -1.0 -1.0 -1.0 -1.0 -1.0 -1.0 -1.0 -1.0 0.0 0.0 0.0 0.0 -2.0 -2.0 -2.0 -2.0 -2.0 -2.0 -2.0 -2.0 
-1.0 -1.0 -1.0 -1.0 -1.0 -1.0 -1.0 -1.0 -1.0 -1.0 -1.0 -1.0 -1.0 0.0 0.0 0.0 0.0 -2.0 -2.0 -2.0 -2.0 -2.0 -2.0 -2.0 -2.0 
-1.0 -1.0 -1.0 -1.0 -1.0 -1.0 -1.0 -1.0 -1.0 -1.0 -1.0 -1.0 -1.0 0.0 0.0 0.0 -2.0 -2.0 -2.0 -2.0 -2.0 -2.0 -2.0 -2.0 1.0 
2.0 2.0 2.0 2.0 2.0 2.0 2.0 2.0 2.0 2.0 2.0 2.0 2.0 2.0 0.0 1.0 1.0 1.0 1.0 1.0 1.0 1.0 1.0 1.0 1.0 
2.0 2.0 2.0 2.0 2.0 2.0 2.0 2.0 2.0 2.0 2.0 2.0 2.0 2.0 2.0 1.0 1.0 1.0 1.0 1.0 1.0 1.0 1.0 1.0 1.0 
2.0 2.0 2.0 2.0 2.0 2.0 2.0 2.0 2.0 2.0 2.0 2.0 2.0 2.0 2.0 1.0 1.0 1.0 1.0 1.0 1.0 1.0 1.0 1.0 1.0 
2.0 2.0 2.0 2.0 2.0 2.0 2.0 2.0 2.0 2.0 2.0 2.0 2.0 2.0 2.0 2.0 1.0 1.0 1.0 1.0 1.0 1.0 1.0 1.0 1.0 
2.0 2.0 2.0 2.0 2.0 2.0 2.0 2.0 2.0 2.0 2.0 2.0 2.0 2.0 2.0 2.0 1.0 1.0 1.0 1.0 1.0 1.0 1.0 1.0 1.0 
2.0 2.0 2.0 2.0 2.0 2.0 2.0 2.0 2.0 2.0 2.0 2.0 2.0 2.0 2.0 2.0 1.0 1.0 1.0 1.0 1.0 1.0 1.0 1.0 1.0 
2.0 2.0 2.0 2.0 2.0 2.0 2.0 2.0 2.0 2.0 2.0 2.0 2.0 2.0 2.0 2.0 1.0 1.0 1.0 1.0 1.0 1.0 1.0 1.0 1.0 
2.0 2.0 2.0 2.0 2.0 2.0 2.0 2.0 2.0 2.0 2.0 2.0 2.0 2.0 2.0 2.0 2.0 1.0 1.0 1.0 1.0 1.0 1.0 1.0 1.0 
2.0 2.0 2.0 2.0 2.0 2.0 2.0 2.0 2.0 2.0 2.0 2.0 2.0 2.0 2.0 2.0 2.0 1.0 1.0 1.0 1.0 1.0 1.0 1.0 1.0 
2.0 2.0 2.0 2.0 2.0 2.0 2.0 2.0 2.0 2.0 2.0 2.0 2.0 2.0 2.0 2.0 2.0 1.0 1.0 1.0 1.0 1.0 1.0 1.0 1.0 
2.0 2.0 2.0 2.0 2.0 2.0 2.0 2.0 2.0 2.0 2.0 2.0 2.0 2.0 2.0 2.0 2.0 2.0 1.0 1.0 1.0 1.0 1.0 1.0 1.0 
2.0 2.0 2.0 2.0 2.0 2.0 2.0 2.0 2.0 2.0 2.0 2.0 2.0 2.0 2.0 2.0 2.0 2.0 1.0 1.0 1.0 1.0 1.0 1.0 1.0 
2.0 2.0 2.0 2.0 2.0 2.0 2.0 2.0 2.0 2.0 2.0 2.0 2.0 2.0 2.0 2.0 2.0 2.0 1.0 1.0 1.0 1.0 1.0 1.0 1.0 
2.0 2.0 2.0 2.0 2.0 2.0 2.0 2.0 2.0 2.0 2.0 2.0 2.0 2.0 2.0 2.0 2.0 2.0 1.0 1.0 1.0 1.0 1.0 1.0 1.0 

0.147344 0.838890 0.685061 0.855943 0.235202 0.503182 0.489286 0.540893 0.830441 0.176242 0.569153 0.201060 0.435670 0.389914 0.632062 0.067323 0.252471 0.913382 0.916042 0.606943 0.050655 0.488511 0.274009 0.068016 0.238522 
0.160379 0.877937 0.330906 0.624329 0.207191 0.175934 0.599564 0.095598 0.263452 0.662218 0.843163 0.265266 0.522969 0.971120 0.130110 0.973027 0.714944 0.669632 0.885630 0.180028 0.558403 0.828073 0.543990 0.078558 0.083634 
0.367029 0.419843 0.465985 0.618761 0.797086 0.909452 0.387693 0.600351 0.453037 0.035752 0.525716 0.033111 0.956358 0.265689 0.525717 0.094071 0.942456 0.234985 0.032467 0.079453 0.031855 0.018525 0.243709 0.064815 0.218289 
0.888620 0.116189 0.887961 0.366589 0.215096 0.616573 0.944162 0.291501 0.983459 0.501470 0.642405 0.878085 0.315523 0.329773 0.765961 0.466924 0.661130 0.782008 0.304529 0.415689 0.647028 0.394402 0.329958 0.097791 0.638863 
0.283820 0.480795 0.044643 0.419683 0.020388 0.454189 0.111611 0.905093 0.330369 0.904502 0.775372 0.570707 0.854178 0.780940 0.507883 0.660798 0.567779 0.016729 0.284318 0.365779 0.821737 0.932784 0.547734 0.749701 0.306950 
0.089429 0.700632 0.883018 0.950067 0.073535 0.523004 0.877826 0.922487 0.433236 0.765462 0.362461 0.449737 0.990138 0.660102 0.036009 0.126793 0.579250 0.612294 0.391297 0.256603 0.882172 0.353442 0.043261 0.336427 0.490512 
0.324225 0.476342 0.466010 0.609381 0.094450 0.031267 0.102113 0.423372 0.731656 0.581300 0.441348 0.666093 0.908890 0.659427 0.593651 0.431248 0.899717 0.852441 0.728751 0.220050 0.037797 0.577609 0.649804 0.338721 0.699027 
0.260325 0.239205 0.321877 0.057579 0.001956 0.863838 0.049066 0.215915 0.980442 0.550928 0.481267 0.950278 0.080075 0.866956 0.400702 0.833485 0.114946 0.141827 0.298963 0.558804 0.576085 0.704921 0.018058 0.927490 0.316112 
0.620624 0.200289 0.350754 0.951359 0.285457 0.699932 0.294153 0.736308 0.574698 0.357630 0.342792 0.140360 0.464403 0.306059 0.922888 0.559241 0.178490 0.393283 0.288726 0.181017 0.681999 0.183782 0.751258 0.823917 0.608281 
0.340860 0.816276 0.254231 0.776517 0.475715 0.283191 0.633378 0.206969 0.915965 0.394355 0.274942 0.799872 0.781223 0.230912 0.276739 0.033164 0.794903 0.012243 0.933566 0.717975 0.654782 0.474454 0.602607 0.266378 0.501690 
0.094778 0.301965 0.858729 0.427929 0.135201 0.853122 0.559742 0.334347 0.823279 0.454614 0.123163 0.026581 0.499096 0.913411 0.492842 0.105971 0.375272 0.925026 0.546191 0.493120 0.253648 0.885446 0.664536 0.638917 0.326329 
0.855714 0.294115 0.763608 0.204111 0.590533 0.127154 0.363889 0.936610 0.591663 0.799676 0.200497 0.499879 0.000171 0.308484 0.500344 0.959133 0.904636 0.076502 0.532132 0.636306 0.590674 0.572147 0.487723 0.052938 0.828635 
0.318501 0.026787 0.189782 0.428649 0.743752 0.376830 0.318278 0.177370 0.843459 0.782658 0.872065 0.655256 0.838272 0.289644 0.135405 0.835242 0.285990 0.624026 0.117014 0.092946 0.360147 0.024067 0.140497 0.721379 0.472693 
0.415596 0.488848 0.580401 0.688742 0.411772 0.175179 0.172190 0.836859 0.374851 0.537379 0.983643 0.884472 0.041048 0.575080 0.071155 0.175548 0.912506 0.029448 0.176916 0.833176 0.960032 0.581822 0.261495 0.097540 0.424634 
0.790062 0.750866 0.206968 0.922058 0.340306 0.749452 0.513680 0.284262 0.542645 0.925135 0.125684 0.374706 0.886027 0.912697 0.766039 0.309606 0.381063 0.104329 0.707617 0.594021 0.350291 0.424764 0.486715 0.311461 0.651111 
0.662316 0.103698 0.981238 0.212419 0.248881 0.647581 0.125254 0.267605 0.791069 0.123250 0.738409 0.745218 0.779266 0.220208 0.860483 0.734951 0.879367 0.731123 0.739702 0.743896 0.781335 0.643463 0.596146 0.581565 0.621198 
0.823235 0.478257 0.617651 0.690847 0.062129 0.545618 0.387834 0.338147 0.336518 0.948589 0.396015 0.667488 0.731289 0.822729 0.786653 0.406930 0.947080 0.357383 0.517574 0.913970 0.032337 0.848735 0.177881 0.938016 0.416265 
0.863312 0.635399 0.092880 0.355182 0.321614 0.052700 0.149378 0.079029 0.363192 0.503812 0.999041 0.119139 0.393523 0.518857 0.600654 0.518243 0.085607 0.367340 0.091534 0.947487 0.198515 0.469015 0.972456 0.669115 0.040050 
0.399309 0.132086 0.076795 0.937728 0.507963 0.278889 0.140729 0.950612 0.090991 0.969387 0.710562 0.961970 0.609083 0.299433 0.104292 0.707158 0.414571 0.796719 0.520384 0.261576 0.423206 0.907108 0.221374 0.055496 0.739901 
0.343029 0.732145 0.294515 0.925899 0.681402 0.464544 0.670295 0.425716 0.002009 0.603355 0.494782 0.451575 0.023887 0.589300 0.385621 0.451347 0.445281 0.940898 0.176651 0.572907 0.186083 0.033797 0.177528 0.067240 0.560294 
0.122556 0.107653 0.008226 0.779398 0.108209 0.399379 0.152417 0.696526 0.700793 0.269182 0.738631 0.500597 0.318374 0.135760 0.358278 0.322024 0.606711 0.629981 0.256349 0.808467 0.876660 0.590073 0.252374 0.454196 0.589585 
0.350279 0.107342 0.899506 0.765073 0.999651 0.978064 0.034576 0.791639 0.932311 0.985786 0.880638 0.898892 0.032862 0.104682 0.460080 0.473897 0.053849 0.250545 0.289389 0.669279 0.785318 0.905678 0.821662 0.090813 0.824753 
0.733951 0.442284 0.867381 0.871724 0.344949 0.229483 0.990191 0.647817 0.351998 0.765500 0.808190 0.959687 0.087613 0.346229 0.075497 0.249556 0.401421 0.105320 0.709640 0.442702 0.453366 0.122040 0.598714 0.851505 0.549866 
0.694914 0.196060 0.492185 0.285935 0.863099 0.165228 0.743966 0.326341 0.226531 0.205009 0.346892 0.424056 0.670675 0.461495 0.966356 0.397043 0.300555 0.095125 0.962039 0.046421 0.088303 0.037909 0.976338 0.242636 0.869532 
0.050381 0.424701 0.480962 0.815742 0.747894 0.581591 0.046615 0.165234 0.695384 0.941954 0.284806 0.367961 0.768764 0.074486 0.536590 0.079979 0.398041 0.872186 0.445433 0.995344 0.018119 0.117616 0.121852 0.863709 0.085553 

-0.043064 -1.018793 -0.826480 -0.829134 -0.092584 -0.525661 -0.327106 -0.634967 -0.500146 -0.377804 -0.695917 -0.124554 -0.489742 -0.307093 -0.002469 -0.112894 -0.057829 -0.173991 -0.054723 0.093427 -0.159806 -0.871461 -0.543965 -0.087455 -0.201512 
-0.020472 -0.487652 -0.569207 -0.525997 -0.382001 -0.199340 -0.513789 -0.297534 -0.317874 -0.631962 -0.917931 -0.377201 -0.468576 0.003595 -0.124427 0.212467 0.555081 -0.006342 0.255185 -0.131814 -1.438719 -1.905495 -0.506068 -0.628841 -0.186173 
-0.166340 -0.400225 -0.762222 -0.301845 -0.900036 -0.945260 -0.415175 -0.424899 -0.460311 -0.073612 -0.536334 -0.199369 -1.059475 -0.231330 -0.122720 0.223733 0.006006 -0.000137 0.183236 0.083845 -0.274466 -0.166390 -0.756082 -0.039565 -0.051225 
-1.205465 -0.335379 -0.858756 -0.309699 -0.081912 -0.956879 -1.018636 -0.079592 -0.974612 -0.443096 -0.626286 -1.069087 -0.476692 0.178582 0.133726 0.169402 -0.149003 -0.122558 0.389586 -0.726077 -1.427008 -0.855020 -0.824942 -0.190531 -1.296536 
-0.525252 -0.437353 -0.181582 0.100530 0.291109 -0.590615 -0.140926 -0.887547 -0.618858 -0.662242 -0.788752 -0.596299 -0.778730 -0.113114 -0.193802 -0.405970 0.161600 -0.210228 -0.137185 -0.680181 -1.602738 -2.133787 -1.032125 -1.378778 -0.609006 
-0.002415 -0.827670 -0.969299 -1.482586 -0.107336 -0.625885 -0.419320 -1.245858 -0.298140 -1.102683 -0.112367 -0.403455 -0.944662 -0.006122 0.203691 -0.426096 0.067567 0.195825 -0.882520 -0.464746 -1.886185 -0.632155 0.126849 -0.621643 -1.210150 
-0.516413 -0.309184 -0.437949 -0.553641 0.086390 -0.030531 0.109859 -0.141710 -0.599445 -0.255460 -0.234133 -0.999569 -0.915940 -0.286059 0.108017 0.214703 0.175703 -0.320227 -1.464559 -0.339918 -0.153967 -1.251480 -1.478918 -0.923228 -1.623455 
-0.464435 -0.523956 -0.225400 -0.419737 -0.099988 -0.905115 -0.554468 -0.640634 -1.381098 -0.865570 -0.612278 -1.059144 -0.287318 -0.003227 0.481620 -0.438196 0.063809 -0.157381 -0.782350 -1.144337 -1.022113 -1.356434 -0.014164 -1.728853 -0.749949 
-0.297137 -0.214054 -0.325030 -0.797004 -0.195186 -0.656992 0.165001 -1.202065 -0.412306 -0.153940 -0.851706 -0.253255 -0.200055 0.224628 0.034564 0.270391 0.111790 -0.771402 -0.378095 -0.581045 -1.150963 0.141951 -1.655764 -1.492166 -0.859383 
-0.146675 -0.827821 -0.214706 -1.159978 -0.832962 -0.465528 -0.644589 0.036548 -1.202130 -0.415857 -0.487287 -0.878869 -0.923278 -0.293319 -0.180515 -0.018839 -0.084104 -0.084898 -1.942481 -1.333774 -1.400102 -0.776642 -1.117174 -0.214140 -0.991010 
-0.048712 -0.351052 -0.720253 -0.175713 -0.311786 -0.575530 -0.797623 -0.732809 -0.973433 -0.302884 0.054504 -0.073725 -0.830162 0.196541 0.301978 -0.106487 -0.788863 -1.800878 -1.328610 -1.109143 -0.288207 -1.968147 -1.169725 -1.036259 0.597196 
1.761697 0.838230 1.505006 0.461942 1.130562 0.361013 0.582184 1.883121 1.124741 1.587114 0.504907 1.132923 0.193997 0.340191 -0.109127 1.237692 0.874512 -0.152976 0.539945 0.692790 0.595482 0.887984 0.196211 0.304733 0.936929 
0.148964 0.077962 0.474740 1.203968 1.327219 0.685331 0.297778 0.359876 1.518242 1.533536 1.826593 1.677991 1.402672 0.971429 0.392442 0.629832 0.599828 0.564808 0.490178 0.218672 0.333685 0.045980 0.101322 0.585383 0.239165 
0.807036 1.043587 0.994569 1.473967 0.773376 0.308764 0.785933 1.793292 0.517045 1.165347 1.706301 2.159580 0.030752 1.314952 0.182686 0.180680 0.575895 -0.061423 0.620552 1.166291 0.784287 0.331623 0.026186 0.105940 0.127948 
1.275187 1.599186 0.160932 1.787028 0.222444 1.552964 0.883343 0.599298 1.250159 1.762386 0.130521 0.779589 1.614580 1.979450 1.461334 0.831100 0.342244 0.163512 0.521729 0.719978 0.519016 0.422276 0.895183 0.580631 0.659370 
1.090410 0.125703 2.093057 0.111050 0.930454 1.490560 0.039734 0.762948 1.516281 0.161074 1.057695 1.727968 1.269726 0.303701 1.693446 1.639358 0.968454 0.898770 0.694886 1.029236 0.931070 0.692961 0.965410 0.660874 0.549248 
1.235966 0.387088 1.301799 1.193678 0.163985 1.023271 0.819088 1.172418 0.949647 1.844102 1.148760 1.286701 1.729022 1.512262 1.545662 0.621213 1.053011 0.064953 0.755933 0.482789 0.074704 0.672488 0.428629 0.822452 0.318554 
1.644923 1.567919 0.175399 0.576971 0.918769 -0.126458 0.543620 0.200940 0.970148 1.149320 2.108829 0.121994 0.845865 1.092514 1.337210 1.057931 0.159930 0.517803 -0.253217 0.963474 0.753427 0.605172 1.028698 0.755779 0.024747 
0.547700 0.408942 0.307127 1.986902 0.890545 0.615053 0.301572 2.183668 0.363613 2.127397 1.631852 1.954078 1.083147 0.846306 0.056915 1.312904 0.814605 0.559085 0.438601 0.512166 0.158400 0.677545 0.512578 0.229376 0.560619 
0.623704 1.862964 0.666852 1.731778 1.392475 0.981039 1.326166 0.820977 0.127461 1.441618 1.180708 0.407761 0.394777 1.196897 0.870889 0.832620 0.964150 0.604803 0.031344 0.662956 0.061517 0.118651 -0.065651 -0.200104 0.568396 
0.206697 0.047377 -0.209504 1.490821 0.149644 0.744693 0.486993 1.163454 1.434671 0.664836 1.133537 0.962100 0.854782 0.279756 0.723435 0.830943 1.533998 0.568281 0.469250 0.693130 0.579952 0.664994 0.397571 0.180489 0.791948 
0.657120 0.083082 1.847979 1.745693 1.960131 2.084770 0.099117 1.773398 1.841348 1.713615 1.750837 1.686297 0.418657 -0.005093 0.525024 0.796285 0.183705 0.412065 0.198458 0.541120 0.770769 0.612869 0.399900 0.003033 0.701972 
1.057721 1.035139 1.974016 2.039407 0.773276 0.461324 1.995692 0.903160 0.560471 1.533224 1.467799 1.927905 0.473384 0.838762 0.164675 0.511945 1.085233 0.118434 0.706561 0.376254 0.655530 0.288741 0.602623 1.041775 0.369212 
1.161264 0.671593 1.287624 0.539848 1.396133 0.363999 1.445521 1.087008 0.682517 0.430089 0.398986 1.056238 1.353814 0.720729 2.121237 0.932938 0.747109 0.226506 1.271330 0.005272 -0.050940 -0.097962 0.772347 0.495227 0.931820 
0.331301 0.787062 1.177570 1.404873 1.351959 1.562045 -0.094153 0.390299 1.183003 1.560977 0.662836 0.470074 1.545762 0.239479 1.039451 0.556409 0.766348 2.039382 0.475874 1.198348 -0.006490 0.271884 -0.068524 0.607000 0.280415 
