-2.0 -2.0 -2.0 -2.0 -2.0 -2.0 -2.0 -2.0 0.0 0.0 0.0 0.0 0.0 0.0 0.0 0.0 0.0 0.0 2.0 2.0 2.0 2.0 2.0 2.0 2.0 
-2.0 -2.0 -2.0 -2.0 -2.0 -2.0 -2.0 -2.0 -2.0 0.0 0.0 0.0 0.0 0.0 0.0 0.0 0.0 0.0 2.0 2.0 2.0 2.0 2.0 2.0 2.0 
-2.0 -2.0 -2.0 -2.0 -2.0 -2.0 -2.0 -2.0 -2.0 0.0 0.0 0.0 0.0 0.0 0.0 0.0 0.0 0.0 2.0 2.0 2.0 2.0 2.0 2.0 2.0 
-2.0 -2.0 -2.0 -2.0 -2.0 -2.0 -2.0 -2.0 -2.0 0.0 0.0 0.0 0.0 0.0 0.0 0.0 0.0 0.0 2.0 2.0 2.0 2.0 2.0 2.0 2.0 
-2.0 -2.0 -2.0 -2.0 -2.0 -2.0 -2.0 -2.0 -2.0 0.0 0.0 0.0 0.0 0.0 0.0 0.0 0.0 0.0 0.0 2.0 2.0 2.0 2.0 2.0 2.0 
-2.0 -2.0 -2.0 -2.0 -2.0 -2.0 -2.0 -2.0 -2.0 0.0 0.0 0.0 0.0 0.0 0.0 0.0 0.0 0.0 0.0 2.0 2.0 2.0 2.0 2.0 2.0 
-2.0 -2.0 -2.0 -2.0 -2.0 -2.0 -2.0 -2.0 -2.0 0.0 0.0 0.0 0.0 0.0 0.0 0.0 0.0 0.0 0.0 2.0 2.0 2.0 2.0 2.0 2.0 
-2.0 -2.0 -2.0 -2.0 -2.0 -2.0 -2.0 -2.0 -2.0 0.0 0.0 0.0 0.0 0.0 0.0 0.0 0.0 0.0 0.0 2.0 2.0 2.0 2.0 2.0 2.0 
-2.0 -2.0 -2.0 -2.0 -2.0 -2.0 -2.0 -2.0 -2.0 0.0 0.0 0.0 0.0 0.0 0.0 0.0 0.0 0.0 0.0 0.0 2.0 2.0 2.0 2.0 2.0 
-2.0 -2.0 -2.0 -2.0 -2.0 -2.0 -2.0 -2.0 -2.0 -2.0 0.0 0.0 0.0 0.0 0.0 0.0 0.0 0.0 0.0 0.0 2.0 2.0 2.0 2.0 2.0 
-2.0 -2.0 -2.0 -2.0 -2.0 -2.0 -2.0 -2.0 -2.0 -2.0 0.0 0.0 0.0 0.0 0.0 0.0 0.0 0.0 0.0 0.0 2.0 2.0 2.0 2.0 2.0 
-2.0 -2.0 -2.0 -2.0 -2.0 -2.0 -2.0 -2.0 -2.0 -2.0 0.0 0.0 0.0 0.0 0.0 0.0 0.0 0.0 0.0 0.0 2.0 2.0 2.0 2.0 2.0 
-2.0 -2.0 -2.0 -2.0 -2.0 -2.0 -2.0 -2.0 -2.0 1.0 0.0 0.0 0.0 0.0 0.0 0.0 0.0 0.0 0.0 0.0 0.0 2.0 2.0 2.0 2.0 
-2.0 -2.0 -2.0 -2.0 -2.0 -2.0 -2.0 -2.0 1.0 1.0 1.0 0.0 0.0 0.0 0.0 0.0 0.0 0.0 0.0 0.0 0.0 2.0 2.0 2.0 2.0 
-2.0 -2.0 -2.0 -2.0 -2.0 -2.0 -2.0 1.0 1.0 1.0 1.0 1.0 0.0 0.0 0.0 0.0 0.0 0.0 0.0 0.0 0.0 2.0 2.0 2.0 2.0 
-1.0 -1.0 -1.0 -1.0 -1.0 -1.0 1.0 1.0 1.0 1.0 1.0 1.0 0.0 0.0 0.0 0.0 0.0 0.0 0.0 0.0 0.0 2.0 2.0 2.0 2.0 
-1.0 -1.0 -1.0 -1.0 -1.0 1.0 1.0 1.0 1.0 1.0 1.0 1.0 1.0 0.0 0.0 0.0 0.0 0.0 0.0 0.0 0.0 0.0 2.0 2.0 2.0 
-1.0 -1.0 -1.0 -1.0 1.0 1.0 1.0 1.0 1.0 1.0 1.0 1.0 1.0 0.0 0.0 0.0 0.0 0.0 0.0 0.0 0.0 0.0 2.0 2.0 2.0 
-1.0 -1.0 -1.0 1.0 1.0 1.0 1.0 1.0 1.0 1.0 1.0 1.0 1.0 1.0 0.0 0.0 0.0 0.0 0.0 0.0 0.0 0.0 2.0 2.0 2.0 
-1.0 -1.0 1.0 1.0 1.0 1.0 1.0 1.0 1.0 1.0 1.0 1.0 1.0 1.0 1.0 0.0 0.0 0.0 0.0 0.0 0.0 0.0 2.0 2.0 2.0 
-1.0 -1.0 1.0 1.0 1.0 1.0 1.0 1.0 1.0 1.0 1.0 1.0 1.0 1.0 1.0 0.0 0.0 0.0 0.0 0.0 0.0 0.0 0.0 2.0 2.0 
-1.0 1.0 1.0 1.0 1.0 1.0 1.0 1.0 1.0 1.0 1.0 1.0 1.0 1.0 1.0 1.0 0.0 0.0 0.0 0.0 0.0 0.0 0.0 2.0 2.0 
1.0 1.0 1.0 1.0 1.0 1.0 1.0 1.0 1.0 1.0 1.0 1.0 1.0 1.0 1.0 1.0 0.0 0.0 0.0 0.0 0.0 0.0 0.0 2.0 2.0 
1.0 1.0 1.0 1.0 1.0 1.0 1.0 1.0 1.0 1.0 1.0 1.0 1.0 1.0 1.0 1.0 1.0 0.0 0.0 0.0 0.0 0.0 0.0 2.0 2.0 
1.0 1.0 1.0 1.0 1.0 1.0 1.0 1.0 1.0 1.0 1.0 1.0 1.0 1.0 1.0 1.0 1.0 0.0 0.0 0.0 0.0 0.0 0.0 0.0 2.0 

0.528386 0.971814 0.885480 0.217741 0.864723 0.361070 0.897664 0.768305 0.496322 0.160519 0.148779 0.083883 0.017797 0.444851 0.664035 0.675746 0.623283 0.284244 0.942365 0.412616 0.238502 0.884993 0.762591 0.975116 0.023940 
0.167138 0.767439 0.450149 0.323846 0.931146 0.198458 0.870991 0.776444 0.824525 0.861365 0.544235 0.792296 0.088722 0.256547 0.464878 0.775234 0.780263 0.928331 0.703128 0.000315 0.309539 0.764333 0.931380 0.965138 0.226449 
0.798593 0.243761 0.244798 0.486608 0.668364 0.739228 0.532058 0.906983 0.934356 0.138605 0.713623 0.491032 0.155663 0.461439 0.142335 0.586064 0.817253 0.398402 0.727589 0.606836 0.557895 0.849715 0.136607 0.857449 0.921860 
0.047858 0.722337 0.658660 0.560085 0.754398 0.547841 0.524994 0.513486 0.641373 0.915473 0.549086 0.276193 0.951375 0.263715 0.191400 0.293176 0.832485 0.702064 0.266218 0.951681 0.733208 0.568534 0.442341 0.771554 0.388891 
0.945344 0.101995 0.528947 0.559245 0.841012 0.386303 0.209434 0.774621 0.542902 0.599715 0.080224 0.647283 0.806541 0.845716 0.839346 0.598407 0.269513 0.124164 0.326838 0.574238 0.864429 0.053297 0.923538 0.302122 0.918587 
0.460775 0.698305 0.615657 0.895237 0.963554 0.052941 0.471943 0.462871 0.129522 0.046732 0.133850 0.557885 0.178098 0.889780 0.219216 0.989388 0.676151 0.040698 0.463551 0.621092 0.283255 0.376643 0.456985 0.337636 0.942943 
0.918558 0.552844 0.128976 0.209959 0.454733 0.465331 0.595692 0.211736 0.348826 0.221083 0.266636 0.522823 0.074639 0.122965 0.962998 0.977327 0.121708 0.964176 0.458282 0.109311 0.327309 0.536123 0.641824 0.837828 0.381307 
0.363149 0.497238 0.946909 0.099036 0.514742 0.855755 0.246079 0.377176 0.387094 0.086467 0.435496 0.180359 0.894242 0.660532 0.043443 0.353038 0.264760 0.011473 0.686456 0.377566 0.879164 0.878039 0.750042 0.553688 0.776538 
0.990370 0.384541 0.436959 0.440128 0.477565 0.106344 0.780634 0.978890 0.053025 0.383257 0.639005 0.006454 0.716045 0.084319 0.220134 0.482347 0.982035 0.340784 0.794003 0.326371 0.525668 0.470827 0.916583 0.794672 0.819349 
0.426584 0.237281 0.694958 0.971838 0.578538 0.289920 0.384660 0.593136 0.129804 0.451823 0.045956 0.969950 0.530538 0.074518 0.201613 0.529883 0.120656 0.021986 0.898165 0.102555 0.957875 0.235752 0.646637 0.449725 0.938257 
0.170882 0.632521 0.766087 0.032021 0.834612 0.337464 0.971297 0.641736 0.233576 0.202593 0.398559 0.420195 0.332676 0.165034 0.560669 0.156778 0.831095 0.873675 0.062118 0.798740 0.276939 0.540920 0.542265 0.236060 0.741553 
0.263602 0.064845 0.443263 0.016005 0.348170 0.693130 0.143487 0.208894 0.019634 0.545521 0.877900 0.544013 0.151051 0.537067 0.719915 0.333339 0.110263 0.873439 0.459451 0.687009 0.646560 0.590021 0.676385 0.527126 0.180963 
0.582856 0.445825 0.840622 0.359596 0.922778 0.416929 0.847336 0.679117 0.271162 0.211431 0.998648 0.868295 0.645845 0.258558 0.891271 0.034380 0.179804 0.506234 0.887121 0.394922 0.542130 0.472893 0.113903 0.355732 0.644712 
0.227546 0.074290 0.154409 0.411481 0.851668 0.619307 0.007301 0.373839 0.233312 0.842006 0.630068 0.202517 0.102671 0.537980 0.177484 0.573315 0.179089 0.161449 0.020587 0.903802 0.570085 0.923275 0.005256 0.809852 0.375032 
0.393518 0.804645 0.888518 0.319336 0.492235 0.704816 0.262790 0.190257 0.806706 0.448963 0.827324 0.098536 0.821160 0.436894 0.980215 0.856093 0.820170 0.307391 0.582334 0.448224 0.511835 0.102493 0.479665 0.474332 0.692443 
0.693717 0.706961 0.412393 0.440673 0.041496 0.510681 0.094588 0.575606 0.537635 0.868155 0.537872 0.041851 0.525581 0.496205 0.177971 0.349100 0.675855 0.889121 0.032239 0.937947 0.457595 0.024440 0.905285 0.891768 0.372942 
0.659091 0.755512 0.964201 0.331154 0.580879 0.032216 0.478622 0.135766 0.101227 0.795546 0.451306 0.271577 0.864528 0.627538 0.682619 0.387668 0.172425 0.729515 0.850742 0.770310 0.153763 0.888269 0.521956 0.234116 0.035419 
0.434909 0.167907 0.727681 0.417286 0.759353 0.915428 0.673473 0.201644 0.287273 0.338706 0.125597 0.670938 0.942790 0.735666 0.181113 0.293010 0.459149 0.249419 0.842223 0.454517 0.447226 0.036779 0.885667 0.434071 0.720547 
0.342176 0.382752 0.503669 0.400371 0.730927 0.834576 0.846441 0.057403 0.732981 0.789581 0.898434 0.637570 0.535836 0.549497 0.440814 0.043377 0.525839 0.506118 0.782959 0.479021 0.765631 0.502868 0.357205 0.843938 0.829847 
0.652141 0.062394 0.988849 0.527067 0.329194 0.567697 0.302547 0.601407 0.071668 0.632463 0.479945 0.076817 0.034395 0.716576 0.400137 0.494764 0.120709 0.570226 0.863232 0.438823 0.166413 0.389124 0.212349 0.324510 0.667856 
0.321458 0.026321 0.738040 0.237714 0.573355 0.740065 0.481280 0.083641 0.645353 0.916048 0.382101 0.495284 0.324164 0.237313 0.194830 0.916009 0.710468 0.246010 0.898497 0.725122 0.626294 0.308741 0.636634 0.979065 0.797410 
0.935924 0.563655 0.132545 0.358690 0.976282 0.329862 0.594247 0.360166 0.836573 0.732345 0.782441 0.557393 0.473089 0.616402 0.636428 0.619509 0.183733 0.566708 0.044257 0.079469 0.676286 0.701044 0.221019 0.422955 0.364350 
0.742182 0.143691 0.702514 0.210901 0.052498 0.939159 0.470117 0.642955 0.652700 0.636506 0.354758 0.492401 0.023636 0.257268 0.809674 0.212012 0.330048 0.577927 0.704207 0.508468 0.873826 0.867391 0.625831 0.611955 0.084102 
0.048317 0.899722 0.309239 0.402505 0.370809 0.963201 0.206381 0.799640 0.855354 0.141054 0.542951 0.502902 0.568426 0.294809 0.267100 0.438261 0.464634 0.601097 0.834664 0.583489 0.431375 0.099063 0.459401 0.037258 0.359869 
0.483569 0.271218 0.504812 0.299007 0.510025 0.263142 0.940754 0.258978 0.563852 0.638914 0.583176 0.783812 0.508429 0.174827 0.342586 0.692794 0.100901 0.858836 0.656320 0.511111 0.554267 0.865087 0.186260 0.144069 0.892420 

-1.335869 -2.192861 -2.012151 -0.463843 -2.141029 -0.274998 -2.167877 -1.617432 -0.100319 0.420582 0.302404 0.122724 -0.621342 0.657091 0.187672 0.002408 0.247317 0.099563 1.454232 0.694222 0.491700 1.800080 1.784086 1.983627 0.033374 
-0.261784 -1.520076 -1.127348 -0.471316 -2.117343 -0.466145 -1.797459 -2.114912 -1.866856 0.160066 0.458369 0.199139 -0.096645 0.267756 0.203839 0.090459 0.012113 -0.607930 1.418285 -0.301984 0.843935 1.495549 1.788316 2.168769 0.880300 
-1.837713 -0.970745 -0.867757 -0.768146 -1.027737 -1.066378 -1.456489 -1.254337 -1.511950 -0.427927 0.333281 -0.288440 -0.291912 0.229726 0.393637 0.007566 -0.201747 -0.383051 1.518508 0.840436 0.864177 1.636570 1.010675 2.239448 1.774235 
-0.031642 -1.776340 -1.375013 -0.949607 -1.909733 -0.908993 -1.009935 -1.094849 -1.011715 -0.066550 -0.013007 0.139679 -0.298710 -0.118994 0.164519 0.674869 -0.041635 0.553918 0.505623 2.130157 2.045608 0.795341 1.313750 1.486194 0.299510 
-1.653609 -0.022185 -0.940282 -0.991000 -1.565964 -0.485831 -0.643338 -0.809946 -0.782360 0.387970 0.075364 -0.136311 -0.085112 0.080571 0.123169 0.136776 -0.485113 -0.135740 -0.381819 1.288084 1.866109 -0.403740 2.060083 0.586187 1.701346 
-0.817128 -1.071760 -1.337634 -1.640441 -1.924746 -0.436077 -1.273124 -0.706932 -0.269062 -0.361807 0.065353 -0.140600 -0.050600 -0.627134 0.004031 0.295722 -0.248828 0.515021 -0.120746 1.596411 0.272538 0.871352 1.439873 0.533477 2.512567 
-1.905340 -1.682616 -0.588355 -0.683115 -1.818542 -1.179297 -1.537370 -0.430419 -0.723704 0.579259 -0.343446 0.316917 0.269235 0.583899 0.046811 0.304293 -0.642718 -0.167180 -0.066465 0.158678 0.573366 0.491075 1.490873 1.597215 0.330213 
-0.967137 -0.772122 -1.974155 0.288996 -0.774272 -1.977026 -0.583399 -0.135279 -0.978149 -0.150924 -0.125283 0.067890 0.183302 -0.265774 -0.063026 -0.363207 0.297971 0.267606 -0.247883 1.246037 1.652954 1.423034 1.813927 1.586688 1.813476 
-2.107547 -0.661528 -0.660015 -1.142709 -0.645578 -0.297347 -1.750526 -1.912201 -0.372880 0.319496 -0.436076 0.183142 0.351189 0.247920 0.106113 0.200058 0.439080 0.061528 -0.388838 0.163803 0.708238 0.523080 1.917858 1.579666 0.836389 
-1.082447 0.384161 -1.909229 -1.569425 -0.763124 -0.174679 -1.002112 -1.139170 -0.291890 -0.637763 0.762345 0.390078 -0.170769 0.044913 -0.140642 -0.135742 -0.116823 -0.000271 0.146027 -0.294590 2.276423 0.549148 1.357262 1.054446 2.027358 
-0.451060 -1.287782 -1.863369 0.213961 -1.533664 -0.700306 -2.287741 -1.633117 -0.512048 -0.466439 -0.284679 0.176919 -0.151058 -0.227472 0.506840 0.278896 0.228244 0.059332 0.057855 -0.514937 0.890201 0.143120 1.311367 0.472934 1.723063 
-0.224633 -0.006803 -1.230030 0.112674 -0.490522 -0.696705 0.212245 -0.061887 -0.233636 -1.511905 0.027866 0.289640 0.416486 0.134782 0.117343 0.273947 -0.170476 -0.195241 0.493632 0.417041 1.831249 1.120038 1.524703 1.677793 0.221650 
-1.405228 -0.783597 -1.866324 -0.908823 -1.634291 -0.833862 -1.560128 -1.320912 -0.359681 0.248639 -0.142660 0.281188 -0.221863 0.136475 -0.323087 -0.072907 -0.117537 0.025480 -0.234126 -0.072484 0.057125 1.156014 0.043981 0.792979 1.008559 
-0.585990 -0.131417 -0.325945 -0.870697 -1.637083 -1.101898 -0.036510 -0.854222 0.488868 0.524885 0.964236 0.300162 -0.226223 0.125585 -0.331822 -0.193479 -0.254123 0.041635 0.593787 -0.047281 -0.210206 1.892892 -0.128399 1.415277 1.274116 
-0.576206 -1.726018 -2.298365 -0.518701 -0.868214 -1.640988 -0.411901 -0.104422 0.644409 0.094092 1.223483 0.116243 0.230734 0.278810 0.090113 0.510244 -0.507471 0.069910 0.016127 -0.303256 -0.353265 0.896279 0.592464 0.675513 1.614803 
-0.443309 -0.147145 0.091856 -0.571617 0.139826 -0.289591 -0.115089 0.417534 0.452252 0.910943 0.032085 -0.042821 -0.132972 -0.131700 0.298017 0.053838 0.226441 0.315439 0.510850 -0.211131 -0.138253 0.111951 1.794873 1.998334 0.418364 
0.319891 -0.205005 -1.728233 0.131006 -0.494162 0.438883 0.836717 0.264160 0.169171 1.170529 0.310471 -0.071552 0.858270 0.101017 0.342703 0.076731 0.160136 -0.534001 0.578740 -0.171053 0.214404 0.101182 1.058583 0.265356 0.241680 
-0.393186 -0.462453 -0.861551 -0.314633 0.487316 0.621957 0.229374 0.528706 0.239370 0.230801 -0.007341 0.617042 1.058720 -0.192826 -0.150830 0.469681 0.355046 0.315529 0.449976 -0.238779 -0.029166 -0.144293 2.110050 0.935575 2.029370 
-0.352397 -0.029105 -0.676798 0.815802 1.096670 0.734150 1.126807 -0.039328 0.586993 0.847349 0.664823 0.480891 0.314643 0.412512 -0.101842 0.378680 -0.363762 0.685731 -0.046559 -0.102351 0.170811 -0.135081 0.054067 1.847796 1.063596 
-0.545137 -0.365251 1.023682 0.490210 0.172624 0.973817 0.444513 0.490494 0.133480 0.257721 0.206403 -0.422142 -0.062379 0.489228 -0.053992 0.080677 -0.041930 0.280648 -0.282405 -0.091094 0.232077 0.332882 0.910972 0.382582 1.754691 
-0.561661 0.230781 0.919355 -0.355648 0.430329 0.868223 1.216700 0.181581 0.773670 1.369133 0.754849 1.048097 0.401222 0.636787 0.301714 0.891191 0.368838 0.123590 -0.383823 0.425583 -0.187333 -0.085706 -0.184129 2.227353 1.442300 
-0.885940 0.842143 0.098953 0.732386 0.203845 0.298993 0.416986 -0.058010 0.998812 0.554212 1.211186 0.278885 0.264014 0.928630 0.862600 0.636043 0.334133 -0.267136 0.237150 0.239082 0.079792 0.054469 0.191527 0.949037 0.741590 
0.188767 0.221905 0.766307 0.288506 0.403798 0.861563 0.683991 0.138301 1.025414 0.721875 0.312521 0.132868 0.190869 0.335378 0.660115 0.464426 -0.433825 -0.101054 0.098017 -0.265921 -0.036908 0.030535 -0.006372 1.126327 -0.046008 
0.111224 0.790657 0.044687 0.600621 0.369826 1.018111 0.565680 0.916535 0.046428 -0.112488 0.172867 0.211594 0.352756 0.196850 0.898204 0.385654 0.617285 0.118450 -0.434680 -0.435552 0.022267 0.227709 0.023607 -0.206973 0.063884 
0.300086 -0.155616 0.318196 0.374726 0.302948 0.083805 1.493133 0.357126 0.548196 0.314402 0.381280 1.103815 -0.145924 0.185985 0.385141 0.279029 -0.740543 -0.385365 0.251423 0.344032 0.195219 0.087232 0.124026 -0.136870 1.920771 
