1.0 1.0 1.0 1.0 1.0 1.0 1.0 1.0 1.0 1.0 1.0 1.0 1.0 1.0 1.0 1.0 1.0 1.0 1.0 1.0 1.0 1.0 1.0 1.0 1.0 
1.0 1.0 1.0 1.0 1.0 1.0 1.0 1.0 1.0 1.0 1.0 1.0 1.0 1.0 1.0 1.0 1.0 1.0 1.0 1.0 1.0 1.0 1.0 1.0 1.0 
1.0 1.0 1.0 1.0 1.0 1.0 1.0 1.0 1.0 1.0 1.0 1.0 1.0 1.0 1.0 1.0 1.0 1.0 1.0 1.0 1.0 1.0 1.0 1.0 1.0 
1.0 1.0 1.0 1.0 1.0 1.0 1.0 1.0 1.0 1.0 1.0 1.0 1.0 1.0 1.0 1.0 1.0 1.0 1.0 1.0 1.0 1.0 1.0 1.0 1.0 
1.0 1.0 1.0 1.0 1.0 1.0 1.0 1.0 1.0 1.0 1.0 1.0 1.0 1.0 1.0 1.0 1.0 1.0 1.0 1.0 1.0 1.0 1.0 1.0 1.0 
1.0 1.0 1.0 1.0 1.0 1.0 1.0 1.0 1.0 1.0 1.0 1.0 1.0 1.0 1.0 1.0 1.0 1.0 1.0 1.0 1.0 1.0 1.0 1.0 1.0 
1.0 1.0 1.0 1.0 1.0 1.0 1.0 1.0 1.0 1.0 1.0 1.0 1.0 1.0 1.0 1.0 1.0 1.0 1.0 1.0 1.0 1.0 1.0 1.0 2.0 
1.0 1.0 1.0 1.0 1.0 1.0 1.0 1.0 1.0 1.0 1.0 1.0 1.0 1.0 1.0 1.0 1.0 1.0 1.0 1.0 1.0 1.0 2.0 2.0 2.0 
1.0 1.0 1.0 1.0 1.0 1.0 1.0 1.0 1.0 1.0 1.0 1.0 1.0 1.0 1.0 1.0 1.0 1.0 1.0 1.0 2.0 2.0 2.0 2.0 2.0 
1.0 1.0 1.0 1.0 1.0 1.0 1.0 1.0 1.0 1.0 1.0 1.0 1.0 1.0 1.0 1.0 1.0 1.0 2.0 2.0 2.0 2.0 2.0 2.0 2.0 
1.0 1.0 1.0 1.0 1.0 1.0 1.0 1.0 1.0 1.0 1.0 1.0 1.0 1.0 1.0 1.0 2.0 2.0 2.0 2.0 2.0 2.0 2.0 2.0 2.0 
1.0 1.0 1.0 1.0 1.0 1.0 1.0 1.0 1.0 1.0 1.0 1.0 1.0 1.0 2.0 2.0 2.0 2.0 2.0 2.0 2.0 2.0 2.0 2.0 2.0 
1.0 1.0 1.0 1.0 1.0 1.0 1.0 1.0 1.0 1.0 1.0 1.0 2.0 2.0 2.0 2.0 2.0 2.0 2.0 2.0 2.0 2.0 2.0 2.0 2.0 
1.0 1.0 1.0 -1.0 -1.0 -1.0 -1.0 -1.0 -1.0 -1.0 -1.0 2.0 2.0 2.0 2.0 2.0 2.0 2.0 2.0 2.0 2.0 2.0 2.0 2.0 2.0 
-1.0 -1.0 -1.0 -1.0 -1.0 -1.0 -1.0 -1.0 -1.0 -1.0 -1.0 2.0 2.0 2.0 2.0 2.0 2.0 2.0 2.0 2.0 2.0 2.0 2.0 2.0 2.0 
-1.0 -1.0 -1.0 -1.0 -1.0 -1.0 -1.0 -1.0 -1.0 -1.0 -1.0 -1.0 2.0 2.0 2.0 2.0 2.0 2.0 2.0 2.0 2.0 2.0 2.0 2.0 2.0 
-1.0 -1.0 -1.0 -1.0 -1.0 -1.0 -1.0 -1.0 -1.0 -1.0 -1.0 -1.0 -1.0 2.0 2.0 2.0 2.0 2.0 2.0 2.0 2.0 2.0 2.0 2.0 2.0 
-1.0 -1.0 -1.0 -1.0 -1.0 -1.0 -1.0 -1.0 -1.0 -1.0 -1.0 -1.0 -1.0 2.0 2.0 2.0 2.0 2.0 2.0 2.0 2.0 2.0 2.0 2.0 2.0 
-1.0 -1.0 -1.0 -1.0 -1.0 -1.0 -1.0 -1.0 -1.0 -1.0 -1.0 -1.0 -1.0 -1.0 2.0 2.0 2.0 2.0 2.0 2.0 2.0 2.0 2.0 2.0 2.0 
-1.0 -1.0 -1.0 -1.0 -1.0 -1.0 -1.0 -1.0 -1.0 -1.0 -1.0 -1.0 -1.0 -1.0 2.0 2.0 2.0 2.0 2.0 2.0 2.0 2.0 2.0 2.0 2.0 
-1.0 -1.0 -1.0 -1.0 -1.0 -1.0 -1.0 -1.0 -1.0 -1.0 -1.0 -1.0 -1.0 -1.0 -1.0 2.0 2.0 2.0 2.0 2.0 -2.0 -2.0 -2.0 -2.0 -2.0 
-1.0 -1.0 -1.0 -1.0 -1.0 -1.0 -1.0 -1.0 -1.0 -1.0 -1.0 -1.0 -1.0 -1.0 -1.0 0.0 0.0 -2.0 -2.0 -2.0 -2.0 -2.0 -2.0 -2.0 -2.0 
-1.0 -1.0 -1.0 -1.0 -1.0 -1.0 -1.0 -1.0 -1.0 -1.0 -1.0 -1.0 -1.0 -1.0 0.0 0.0 0.0 -2.0 -2.0 -2.0 -2.0 -2.0 -2.0 -2.0 -2.0 
-1.0 -1.0 -1.0 -1.0 -1.0 -1.0 -1.0 -1.0 -1.0 -1.0 -1.0 -1.0 -1.0 0.0 0.0 0.0 0.0 -2.0 -2.0 -2.0 -2.0 -2.0 -2.0 -2.0 -2.0 
-1.0 -1.0 -1.0 -1.0 -1.0 -1.0 -1.0 -1.0 -1.0 -1.0 -1.0 -1.0 0.0 0.0 0.0 0.0 0.0 -2.0 -2.0 -2.0 -2.0 -2.0 -2.0 -2.0 -2.0 

0.851630 0.927161 0.602132 0.964066 0.365284 0.401630 0.840962 0.482316 0.237221 0.956825 0.026917 0.326449 0.710945 0.805321 0.957781 0.336292 0.603290 0.276960 0.913429 0.110825 0.604700 0.081125 0.750678 0.481381 0.165182 
0.000557 0.126301 0.028630 0.854540 0.635706 0.075215 0.276628 0.008379 0.104489 0.053042 0.735888 0.230644 0.493379 0.702488 0.812137 0.876447 0.491681 0.074091 0.473863 0.908368 0.076868 0.292589 0.476428 0.157938 0.825553 
0.558722 0.536699 0.776120 0.639174 0.425157 0.713342 0.523390 0.279256 0.518679 0.393230 0.845446 0.290393 0.667655 0.665098 0.403631 0.124289 0.732417 0.507531 0.787689 0.291531 0.059738 0.887337 0.280989 0.164969 0.373825 
0.595581 0.919882 0.557080 0.745468 0.793561 0.872304 0.874855 0.703836 0.028751 0.689015 0.173460 0.388189 0.447245 0.058146 0.384019 0.365507 0.113783 0.850848 0.244923 0.892153 0.647368 0.771455 0.834553 0.221699 0.620193 
0.365732 0.011543 0.646158 0.319694 0.520968 0.195470 0.408884 0.625322 0.203236 0.555588 0.766939 0.969780 0.902361 0.329161 0.176941 0.207428 0.193608 0.883802 0.538851 0.716036 0.992765 0.591282 0.591328 0.204136 0.896228 
0.912580 0.661723 0.119956 0.927975 0.486535 0.644432 0.689088 0.199556 0.019655 0.441894 0.951239 0.682956 0.749043 0.939435 0.550847 0.784950 0.573630 0.154906 0.079092 0.198501 0.840740 0.075274 0.108125 0.033038 0.590024 
0.948632 0.930077 0.344990 0.918021 0.334515 0.073839 0.053547 0.958118 0.801666 0.833599 0.888650 0.427368 0.900777 0.342884 0.097834 0.411043 0.051112 0.830445 0.318452 0.608387 0.376382 0.854050 0.655858 0.910354 0.440707 
0.296044 0.332076 0.229735 0.483558 0.974905 0.883868 0.852224 0.340835 0.159846 0.613638 0.794150 0.469571 0.898822 0.341339 0.687003 0.725228 0.576029 0.018781 0.295306 0.823293 0.885220 0.539263 0.228796 0.030032 0.419953 
0.581231 0.934064 0.342021 0.577439 0.423766 0.670774 0.426221 0.816157 0.452869 0.253236 0.166719 0.114282 0.303474 0.184184 0.973682 0.895168 0.704958 0.896360 0.946541 0.482546 0.304774 0.495948 0.694966 0.566152 0.555630 
0.694153 0.077741 0.505901 0.007824 0.321288 0.605326 0.135866 0.687398 0.624140 0.334315 0.991798 0.432040 0.459421 0.267938 0.467889 0.187206 0.190049 0.093901 0.811929 0.934229 0.618362 0.215420 0.033685 0.732724 0.527897 
0.111661 0.680605 0.654910 0.616006 0.608978 0.837281 0.555531 0.161270 0.765835 0.471805 0.218284 0.699749 0.846729 0.684043 0.516453 0.485617 0.915511 0.955519 0.040274 0.970459 0.750665 0.485917 0.892566 0.236887 0.379641 
0.720814 0.987538 0.138199 0.948649 0.889398 0.062831 0.179398 0.566305 0.436923 0.858890 0.122803 0.423420 0.356879 0.452339 0.690729 0.671295 0.845053 0.645030 0.223283 0.405994 0.693118 0.019984 0.848298 0.731529 0.269261 
0.797367 0.449250 0.739598 0.473186 0.141752 0.039451 0.489607 0.513543 0.653789 0.388289 0.834995 0.658344 0.916466 0.683807 0.296950 0.645214 0.973977 0.416516 0.348354 0.676232 0.853963 0.466485 0.798598 0.346490 0.632690 
0.017325 0.180948 0.195836 0.596536 0.635029 0.089357 0.223999 0.654822 0.223463 0.028120 0.499774 0.168377 0.757352 0.269595 0.316986 0.656530 0.140396 0.251786 0.168394 0.206631 0.445379 0.227216 0.697004 0.517134 0.047322 
0.721203 0.230795 0.658460 0.097642 0.707090 0.630024 0.534898 0.479993 0.690994 0.391218 0.294259 0.587729 0.479704 0.556901 0.423075 0.690080 0.246718 0.940666 0.434732 0.008473 0.349511 0.827938 0.648289 0.264893 0.882838 
0.318766 0.126565 0.113730 0.679527 0.055895 0.231839 0.627905 0.286729 0.959090 0.198652 0.122926 0.426364 0.112440 0.467645 0.957181 0.239974 0.412211 0.422645 0.240475 0.139072 0.609942 0.037938 0.301270 0.649421 0.070884 
0.324642 0.136301 0.200053 0.041649 0.900636 0.764788 0.922282 0.485958 0.297958 0.184059 0.761705 0.850525 0.146156 0.503228 0.649493 0.002051 0.748359 0.990424 0.215627 0.191481 0.358326 0.682673 0.779008 0.703773 0.951170 
0.738913 0.951747 0.372818 0.036529 0.485725 0.455682 0.722093 0.613228 0.022504 0.295140 0.499282 0.041281 0.304359 0.779088 0.386204 0.930188 0.057469 0.993278 0.338036 0.619144 0.838369 0.937093 0.657607 0.545260 0.965303 
0.651964 0.963693 0.751662 0.934803 0.618194 0.618283 0.006812 0.296633 0.666073 0.758331 0.747430 0.458187 0.512957 0.787927 0.784103 0.915357 0.845333 0.410688 0.651886 0.795301 0.522463 0.787366 0.703373 0.940881 0.606649 
0.246311 0.011183 0.749510 0.864681 0.466253 0.102542 0.562697 0.785666 0.091089 0.984654 0.144946 0.973294 0.734095 0.098207 0.612174 0.233070 0.704073 0.193030 0.780312 0.352171 0.933303 0.480483 0.752672 0.377255 0.785089 
0.272233 0.477395 0.193282 0.508916 0.092890 0.486597 0.750577 0.200068 0.629872 0.206766 0.893029 0.325286 0.704421 0.849127 0.426129 0.110762 0.352270 0.522200 0.661356 0.931602 0.993937 0.304356 0.079041 0.152532 0.015851 
0.790594 0.509490 0.594309 0.198967 0.138349 0.497086 0.909944 0.414586 0.336888 0.385847 0.138456 0.506207 0.973524 0.783483 0.128168 0.835257 0.775342 0.294707 0.462689 0.225768 0.203426 0.604539 0.288302 0.602602 0.983912 
0.198781 0.269465 0.771553 0.638992 0.212076 0.082794 0.891876 0.172236 0.943996 0.869576 0.535929 0.118061 0.165896 0.022508 0.145753 0.285716 0.005297 0.474329 0.926673 0.981803 0.397764 0.520856 0.448678 0.296433 0.406578 
0.454069 0.756347 0.821297 0.067204 0.885988 0.463998 0.103076 0.823131 0.068405 0.617547 0.838072 0.275466 0.744457 0.809479 0.929546 0.831153 0.636393 0.901361 0.816256 0.792030 0.941115 0.824488 0.224958 0.594931 0.399975 
0.428218 0.388412 0.218144 0.413551 0.567411 0.344811 0.065389 0.610450 0.919592 0.928772 0.961489 0.822337 0.205507 0.963626 0.787539 0.894923 0.475548 0.599217 0.937567 0.471719 0.640888 0.065271 0.071550 0.914999 0.262303 

0.797751 0.836265 0.539613 1.024135 0.360631 0.398355 0.800044 0.598959 0.303265 1.185275 0.004758 0.454802 0.616076 0.653448 0.840130 0.434932 0.623518 0.120211 0.896623 0.181005 0.590151 -0.013972 0.803619 0.595317 0.202564 
0.017734 0.128900 -0.030993 0.711105 0.680404 0.123756 0.218273 0.053798 0.065326 -0.040360 0.726241 0.317724 0.310092 0.662279 0.780801 1.020949 0.395380 0.177612 0.331813 0.944414 0.182324 0.429438 0.439852 0.162722 0.805309 
0.754213 0.686339 0.678818 0.683944 0.588347 0.903551 0.673024 0.348213 0.421769 0.306888 0.753108 0.464513 0.731793 0.669351 0.400454 0.141533 0.706170 0.589894 0.669832 0.396795 0.025772 0.847995 0.339519 0.283916 0.464842 
0.653332 0.877579 0.621347 0.649478 0.720655 0.864530 0.975194 0.675133 -0.042502 0.776656 0.269143 0.235712 0.503706 0.109934 0.572994 0.478105 0.159354 0.936924 0.491323 0.942896 0.679948 0.671575 0.868997 0.107739 0.707055 
0.371290 -0.187673 0.450471 0.192420 0.595698 0.249310 0.249844 0.554720 0.252621 0.521084 0.653163 1.028294 0.824902 0.348149 0.065054 0.139993 0.262832 0.926590 0.535734 0.768880 0.865027 0.567532 0.717507 0.151252 1.023311 
0.878619 0.605346 0.141536 0.930072 0.482760 0.601971 0.556852 0.067494 0.086924 0.432943 0.998999 0.721927 0.752250 0.942009 0.530586 0.879636 0.557700 0.099987 -0.099591 0.311173 0.777349 0.032784 0.035288 0.316175 0.639987 
0.909973 0.971576 0.389549 0.968359 0.315638 0.091486 0.145146 1.104796 0.782419 0.772937 0.857548 0.462474 1.010948 0.421583 0.109261 0.416803 0.110317 0.820315 0.447172 0.648788 0.451367 0.966656 0.545097 1.039241 0.903160 
0.345594 0.276667 0.138438 0.502769 0.823922 0.865714 0.872490 0.355758 0.202664 0.550840 0.883320 0.433007 0.829333 0.283744 0.720698 0.733017 0.733535 -0.125034 0.211213 0.888756 0.726365 0.634095 0.636015 -0.031528 0.883436 
0.557566 1.042642 0.166501 0.588840 0.681585 0.615144 0.473442 0.732269 0.448882 0.129081 0.229545 0.260291 0.403512 0.254133 0.996321 0.761361 0.663116 0.792960 0.820397 0.334641 0.512857 0.948091 1.218514 1.120103 1.050674 
0.522222 0.222287 0.572185 -0.045957 0.296865 0.592548 0.038236 0.640833 0.651871 0.248036 1.120456 0.469643 0.472228 0.099461 0.358025 0.413370 0.106718 -0.058321 1.798348 2.066750 1.050526 0.469931 0.271371 1.340151 1.129796 
0.099878 0.654937 0.518385 0.489702 0.662767 0.845232 0.486883 0.069720 0.812008 0.373641 0.142981 0.803568 0.906393 0.561265 0.496184 0.469515 1.903049 1.816670 0.007354 2.084032 1.460439 0.808121 1.809612 0.362114 0.756897 
0.594122 1.008102 0.166657 0.920959 0.617802 0.130355 0.274869 0.526594 0.432776 0.883261 -0.012813 0.409757 0.512238 0.758615 1.422476 1.258734 1.658412 1.338044 0.373948 0.665371 1.498633 -0.005309 1.760111 1.535014 0.784913 
0.735772 0.505353 0.662343 0.436555 0.150090 0.141223 0.351558 0.531982 0.713755 0.536932 0.759009 0.584809 1.985002 1.434855 0.554391 1.295698 1.911082 1.006963 0.776127 1.380452 1.603846 0.786142 1.610933 0.655701 1.195663 
0.098349 0.201740 0.165783 -0.470918 -0.566822 -0.077946 -0.167384 -0.883774 -0.428837 -0.079946 -0.539318 0.247671 1.557503 0.572492 0.518323 1.112585 0.202720 0.428750 0.332992 0.414589 0.882740 0.418950 1.330385 0.999220 0.180209 
-0.678643 -0.199829 -0.618608 -0.110990 -0.783532 -0.576296 -0.614513 -0.389043 -0.744877 -0.358806 -0.247517 1.301041 1.091221 1.082969 0.872646 1.440821 0.366269 1.889249 0.732561 0.008468 0.598635 1.805308 1.356128 0.513136 2.004241 
-0.430968 -0.272354 -0.240742 -0.701267 -0.018440 -0.347807 -0.581758 -0.105926 -1.077102 -0.083075 0.032345 -0.259674 0.198413 0.870465 1.974847 0.545032 0.879614 0.832966 0.501130 0.364230 1.141062 0.019864 0.571143 1.195013 0.106143 
-0.168431 -0.386188 -0.264341 -0.084246 -0.966553 -0.661457 -1.055930 -0.418249 -0.357046 -0.200151 -0.791709 -0.861643 -0.201760 0.993235 1.261512 -0.082340 1.714134 1.975778 0.306912 0.377195 0.665803 1.341195 1.627077 1.344184 1.842818 
-0.726131 -0.747784 -0.572320 0.012742 -0.489924 -0.474557 -0.680871 -0.618625 0.058484 -0.315924 -0.696346 0.048289 -0.461023 1.621964 0.862674 1.779315 0.029106 2.066817 0.506490 1.151348 1.957827 1.901311 1.139104 1.289442 1.951365 
-0.575196 -1.073533 -0.590493 -1.122278 -0.865957 -0.578641 0.155554 -0.279554 -0.836983 -0.728988 -0.898258 -0.521017 -0.404938 -0.821662 1.528108 1.691626 1.791447 0.666421 1.286677 1.607265 1.043977 1.500806 1.456115 1.850260 1.220280 
-0.061488 0.192555 -0.834463 -1.019193 -0.203520 -0.077322 -0.602235 -0.851574 0.048114 -1.101008 -0.132277 -1.042682 -0.679638 -0.207121 1.265797 0.630550 1.210741 0.284363 1.397627 0.626574 1.703493 0.815926 1.566950 0.746814 1.543764 
-0.413273 -0.452063 -0.223636 -0.579269 -0.055253 -0.388133 -0.679910 -0.396260 -0.674789 -0.314305 -1.009121 -0.313094 -0.721909 -0.844579 -0.514091 0.190757 0.675643 1.060417 1.084723 1.915176 -1.999262 -0.488907 -0.094216 -0.413609 -0.139331 
-0.663368 -0.492385 -0.642271 -0.309354 -0.079146 -0.569701 -1.000164 -0.465807 -0.211940 -0.375731 -0.261510 -0.542765 -0.883189 -0.967881 -0.233225 0.052445 -0.049470 -0.516632 -1.023266 -0.553442 -0.391525 -1.249899 -0.586490 -1.105856 -1.995632 
-0.213780 -0.255512 -0.884439 -0.662904 -0.236652 0.008686 -1.068604 -0.088680 -0.856993 -0.871873 -0.710125 -0.008039 -0.254207 0.038906 0.106080 -0.089705 0.057329 -0.924860 -1.933523 -1.952428 -0.703125 -1.155673 -0.780259 -0.621694 -0.806652 
-0.463207 -0.624784 -0.734674 0.159054 -0.794992 -0.558546 -0.002003 -0.744562 -0.234077 -0.754426 -0.684282 -0.253636 -0.653781 0.178601 -0.080624 0.066655 0.041921 -1.803863 -1.635111 -1.571249 -2.035100 -1.562682 -0.571209 -1.083376 -0.776909 
-0.443968 -0.276339 -0.328630 -0.491279 -0.631528 -0.354991 -0.079199 -0.478893 -0.981538 -0.793396 -0.947139 -0.748945 0.056652 0.106667 0.076806 -0.067529 -0.108776 -1.378304 -1.757491 -1.001456 -1.255441 -0.220621 -0.111406 -1.865636 -0.720452 
