-2.0 -2.0 -2.0 -2.0 2.0 2.0 2.0 2.0 2.0 2.0 2.0 2.0 2.0 2.0 2.0 2.0 2.0 2.0 2.0 1.0 1.0 1.0 1.0 1.0 1.0 
-2.0 -2.0 -2.0 -2.0 -2.0 2.0 2.0 2.0 2.0 2.0 2.0 2.0 2.0 2.0 2.0 2.0 2.0 2.0 2.0 2.0 1.0 1.0 1.0 1.0 1.0 
-2.0 -2.0 -2.0 -2.0 -2.0 -2.0 2.0 2.0 2.0 2.0 2.0 2.0 2.0 2.0 2.0 2.0 2.0 2.0 2.0 2.0 1.0 1.0 1.0 1.0 1.0 
-2.0 -2.0 -2.0 -2.0 -2.0 -2.0 -2.0 -2.0 2.0 2.0 2.0 2.0 2.0 2.0 2.0 2.0 2.0 2.0 2.0 2.0 2.0 1.0 1.0 1.0 1.0 
-2.0 -2.0 -2.0 -2.0 -2.0 -2.0 -2.0 -2.0 -2.0 2.0 2.0 2.0 2.0 2.0 2.0 2.0 2.0 2.0 2.0 2.0 2.0 1.0 1.0 1.0 1.0 
-2.0 -2.0 -2.0 -2.0 -2.0 -2.0 -2.0 -2.0 -2.0 -2.0 -2.0 2.0 2.0 2.0 2.0 2.0 2.0 2.0 2.0 2.0 2.0 0.0 1.0 1.0 1.0 
-2.0 -2.0 -2.0 -2.0 -2.0 -2.0 -2.0 -2.0 -2.0 -2.0 -2.0 -1.0 -1.0 2.0 2.0 2.0 0.0 0.0 0.0 0.0 0.0 0.0 0.0 0.0 0.0 
-2.0 -2.0 -2.0 -2.0 -2.0 -2.0 -2.0 -2.0 -2.0 -2.0 -2.0 -1.0 -1.0 -1.0 -1.0 0.0 0.0 0.0 0.0 0.0 0.0 0.0 0.0 0.0 0.0 
-2.0 -2.0 -2.0 -2.0 -2.0 -2.0 -2.0 -2.0 -2.0 -2.0 -2.0 -2.0 -1.0 -1.0 -1.0 0.0 0.0 0.0 0.0 0.0 0.0 0.0 0.0 0.0 0.0 
-2.0 -2.0 -2.0 -2.0 -2.0 -2.0 -2.0 -2.0 -2.0 -2.0 -2.0 -2.0 -1.0 -1.0 -1.0 -1.0 0.0 0.0 0.0 0.0 0.0 0.0 0.0 0.0 0.0 
-2.0 -2.0 -2.0 -2.0 -2.0 -2.0 -2.0 -2.0 -2.0 -2.0 -2.0 -2.0 -1.0 -1.0 -1.0 -1.0 -1.0 0.0 0.0 0.0 0.0 0.0 0.0 0.0 0.0 
-2.0 -2.0 -2.0 -2.0 -2.0 -2.0 -2.0 -2.0 -2.0 -2.0 -2.0 -2.0 -2.0 -1.0 -1.0 -1.0 -1.0 -1.0 0.0 0.0 0.0 0.0 0.0 0.0 0.0 
-2.0 -2.0 -2.0 -2.0 -2.0 -2.0 -2.0 -2.0 -2.0 -2.0 -2.0 -2.0 -2.0 -1.0 -1.0 -1.0 -1.0 -1.0 -1.0 0.0 0.0 0.0 0.0 0.0 0.0 
-2.0 -2.0 -2.0 -2.0 -2.0 -2.0 -2.0 -2.0 -2.0 -2.0 -2.0 -2.0 -2.0 -1.0 -1.0 -1.0 -1.0 -1.0 -1.0 0.0 0.0 0.0 0.0 0.0 0.0 
-2.0 -2.0 -2.0 -2.0 -2.0 -2.0 -2.0 -2.0 -2.0 -2.0 -2.0 -2.0 -2.0 -2.0 -1.0 -1.0 -1.0 -1.0 -1.0 -1.0 0.0 0.0 0.0 0.0 0.0 
-2.0 -2.0 -2.0 -2.0 -2.0 -2.0 -2.0 -2.0 -2.0 -2.0 -2.0 -2.0 -2.0 -2.0 -1.0 -1.0 -1.0 -1.0 -1.0 -1.0 -1.0 0.0 0.0 0.0 0.0 
-2.0 -2.0 -2.0 -2.0 -2.0 -2.0 -2.0 -2.0 -2.0 -2.0 -2.0 -2.0 -2.0 -2.0 -1.0 -1.0 -1.0 -1.0 -1.0 -1.0 -1.0 -1.0 0.0 0.0 0.0 
-2.0 -2.0 -2.0 -2.0 -2.0 -2.0 -2.0 -2.0 -2.0 -2.0 -2.0 -2.0 -2.0 -2.0 -2.0 -1.0 -1.0 -1.0 -1.0 -1.0 -1.0 -1.0 -1.0 0.0 0.0 
-2.0 -2.0 -2.0 -2.0 -2.0 -2.0 -2.0 -2.0 -2.0 -2.0 -2.0 -2.0 -2.0 -2.0 -2.0 -1.0 -1.0 -1.0 -1.0 -1.0 -1.0 -1.0 -1.0 0.0 0.0 
-2.0 -2.0 -2.0 -2.0 -2.0 -2.0 -2.0 -2.0 -2.0 -2.0 -2.0 -2.0 -2.0 -2.0 -2.0 -1.0 -1.0 -1.0 -1.0 -1.0 -1.0 -1.0 -1.0 -1.0 0.0 
-2.0 -2.0 -2.0 -2.0 -2.0 -2.0 -2.0 -2.0 -2.0 -2.0 -2.0 -2.0 -2.0 -2.0 -2.0 -2.0 -1.0 -1.0 -1.0 -1.0 -1.0 -1.0 -1.0 -1.0 -1.0 
-2.0 -2.0 -2.0 -2.0 -2.0 -2.0 -2.0 -2.0 -2.0 -2.0 -2.0 -2.0 -2.0 -2.0 -2.0 -2.0 -1.0 -1.0 -1.0 -1.0 -1.0 -1.0 -1.0 -1.0 -1.0 
-2.0 -2.0 -2.0 -2.0 -2.0 -2.0 -2.0 -2.0 -2.0 -2.0 -2.0 -2.0 -2.0 -2.0 -2.0 -2.0 -1.0 -1.0 -1.0 -1.0 -1.0 -1.0 -1.0 -1.0 -1.0 
-2.0 -2.0 -2.0 -2.0 -2.0 -2.0 -2.0 -2.0 -2.0 -2.0 -2.0 -2.0 -2.0 -2.0 -2.0 -2.0 -2.0 -1.0 -1.0 -1.0 -1.0 -1.0 -1.0 -1.0 -1.0 
-2.0 -2.0 -2.0 -2.0 -2.0 -2.0 -2.0 -2.0 -2.0 -2.0 -2.0 -2.0 -2.0 -2.0 -2.0 -2.0 -2.0 -1.0 -1.0 -1.0 -1.0 -1.0 -1.0 -1.0 -1.0 

0.570380 0.659028 0.977520 0.100768 0.011231 0.711989 0.220250 0.806277 0.918764 0.495130 0.283014 0.049742 0.050577 0.682558 0.929592 0.185792 0.262210 0.194781 0.929357 0.641630 0.706575 0.287807 0.054311 0.034603 0.925703 
0.548347 0.743647 0.195117 0.405342 0.095104 0.773542 0.929777 0.874138 0.988455 0.788470 0.675156 0.753009 0.764686 0.598913 0.513039 0.737861 0.357678 0.007044 0.224606 0.512341 0.547597 0.909550 0.233033 0.106811 0.835312 
0.552928 0.157195 0.594025 0.842909 0.828931 0.603710 0.460089 0.746297 0.680312 0.471200 0.607473 0.468666 0.250173 0.914553 0.086572 0.290790 0.550452 0.283236 0.826391 0.950438 0.513980 0.204170 0.424822 0.969911 0.820640 
0.192228 0.005112 0.169670 0.658244 0.247263 0.177620 0.174740 0.229383 0.270689 0.825794 0.342930 0.491033 0.379888 0.638348 0.237324 0.706563 0.802374 0.144382 0.979815 0.213237 0.667775 0.751266 0.637449 0.268620 0.894574 
0.251718 0.868337 0.878282 0.063749 0.565389 0.332315 0.403480 0.255512 0.851964 0.043480 0.135363 0.111031 0.008250 0.793527 0.253935 0.866239 0.661199 0.328939 0.277144 0.794733 0.560930 0.714756 0.942226 0.053606 0.533962 
0.839626 0.680615 0.580292 0.605336 0.108266 0.109931 0.638900 0.134986 0.729017 0.541240 0.120124 0.928490 0.640270 0.396414 0.261766 0.727941 0.695972 0.000401 0.024504 0.568152 0.204064 0.753676 0.705613 0.230406 0.704014 
0.822920 0.674977 0.848534 0.731170 0.722853 0.949480 0.509979 0.802875 0.858347 0.201380 0.779419 0.743631 0.220677 0.107433 0.199707 0.718096 0.713854 0.256495 0.208851 0.627647 0.984285 0.034417 0.290380 0.057779 0.445064 
0.753826 0.038652 0.909691 0.540228 0.236949 0.950847 0.525435 0.666689 0.598732 0.233939 0.076207 0.234250 0.146298 0.279004 0.960463 0.439187 0.172689 0.434231 0.170956 0.476901 0.363896 0.066545 0.448492 0.454775 0.063975 
0.739744 0.161705 0.783753 0.673309 0.641132 0.752096 0.882586 0.730935 0.453665 0.766192 0.544103 0.819252 0.942525 0.874998 0.680830 0.241111 0.568251 0.716502 0.019395 0.706581 0.210904 0.459933 0.928261 0.380574 0.292426 
0.620889 0.840370 0.328416 0.396691 0.280513 0.017600 0.939217 0.567345 0.424169 0.606646 0.356915 0.450431 0.037487 0.097762 0.208925 0.601143 0.530281 0.583308 0.174546 0.100236 0.921765 0.773470 0.926895 0.118705 0.543041 
0.754534 0.242801 0.478410 0.204691 0.143980 0.906024 0.900000 0.713540 0.638028 0.042928 0.790161 0.652410 0.406381 0.397345 0.035566 0.952285 0.319085 0.644576 0.010471 0.383097 0.934189 0.390108 0.115728 0.291108 0.618537 
0.456960 0.236440 0.382749 0.004999 0.396570 0.959630 0.677132 0.241301 0.686275 0.504480 0.225435 0.057873 0.181852 0.295182 0.598401 0.791531 0.329459 0.412937 0.230379 0.549222 0.317488 0.461490 0.580089 0.075061 0.535085 
0.705840 0.101016 0.472055 0.605050 0.759477 0.838704 0.781017 0.664611 0.692916 0.502988 0.000511 0.740987 0.721765 0.106819 0.928819 0.883113 0.400894 0.501656 0.467398 0.717624 0.008703 0.238844 0.863879 0.389359 0.784016 
0.153171 0.465585 0.421037 0.872648 0.152905 0.823172 0.420954 0.905241 0.095037 0.552225 0.987103 0.232623 0.245874 0.393256 0.938557 0.916176 0.123832 0.386943 0.422676 0.343319 0.473293 0.332309 0.294562 0.724383 0.255017 
0.756240 0.958003 0.490890 0.868330 0.344465 0.844512 0.510801 0.700866 0.833998 0.174199 0.326125 0.567490 0.114690 0.627750 0.627725 0.173186 0.658056 0.255449 0.340907 0.163205 0.301672 0.668767 0.220572 0.182271 0.040642 
0.935758 0.786816 0.969973 0.669964 0.891991 0.121022 0.927216 0.891227 0.332603 0.133738 0.322021 0.739960 0.244824 0.327013 0.405683 0.102094 0.647413 0.503577 0.012099 0.913991 0.021465 0.480472 0.061987 0.941804 0.246142 
0.127716 0.437098 0.181010 0.111271 0.970218 0.340576 0.395811 0.507510 0.456953 0.495403 0.308059 0.193070 0.691021 0.348722 0.809100 0.923598 0.932954 0.671131 0.493868 0.383636 0.286435 0.911205 0.006042 0.402216 0.979920 
0.024355 0.380094 0.109457 0.628811 0.083429 0.356506 0.587333 0.079454 0.525232 0.288813 0.013111 0.725323 0.753230 0.329827 0.032250 0.387702 0.331005 0.249618 0.325930 0.725946 0.110961 0.846149 0.755293 0.902706 0.895581 
0.167442 0.529258 0.316045 0.521487 0.325402 0.068579 0.270359 0.419356 0.225386 0.064894 0.935961 0.379883 0.972076 0.030715 0.848248 0.442034 0.777884 0.678156 0.979243 0.987487 0.252143 0.147312 0.715705 0.845271 0.890945 
0.168254 0.902673 0.967251 0.283190 0.490738 0.004036 0.172199 0.931614 0.505199 0.305953 0.572498 0.745071 0.553795 0.576891 0.656250 0.257896 0.884142 0.774548 0.386891 0.629043 0.208304 0.366751 0.939173 0.139781 0.083067 
0.290158 0.985753 0.128154 0.773052 0.357508 0.233510 0.905986 0.069256 0.417208 0.598802 0.352204 0.961475 0.304808 0.284715 0.253922 0.800327 0.706932 0.712320 0.776880 0.883354 0.307121 0.654836 0.128924 0.278149 0.083999 
0.176135 0.099475 0.973720 0.950437 0.529882 0.033652 0.916095 0.405926 0.713896 0.617091 0.569336 0.892296 0.425289 0.462045 0.212555 0.795604 0.307745 0.617792 0.173269 0.533927 0.258338 0.494100 0.628286 0.218996 0.136153 
0.825192 0.150022 0.745354 0.693380 0.098933 0.816839 0.523096 0.712401 0.076220 0.059841 0.940066 0.778235 0.003307 0.728687 0.484495 0.295339 0.245467 0.969670 0.076264 0.604918 0.513209 0.658864 0.346667 0.076261 0.191716 
0.359933 0.971088 0.289876 0.572481 0.305966 0.166887 0.167212 0.077866 0.570263 0.308238 0.612640 0.131696 0.474054 0.623464 0.152958 0.209630 0.188955 0.308881 0.599636 0.787669 0.024530 0.730647 0.781518 0.417785 0.274123 
0.860564 0.423534 0.812722 0.783360 0.195653 0.147081 0.834573 0.460614 0.990040 0.348049 0.823813 0.641229 0.690992 0.613510 0.905892 0.533742 0.257015 0.855885 0.569890 0.904845 0.812400 0.884449 0.501815 0.977670 0.032898 

-1.541939 -1.667956 -1.861221 -0.088785 -0.404414 1.948882 0.581991 1.578452 1.818095 1.110590 0.779238 0.450685 -0.220180 1.739632 1.989982 0.047531 0.466732 0.828078 1.499596 0.682430 1.048815 0.323759 0.297174 0.017161 0.758963 
-1.648733 -2.267794 -0.137650 -0.502085 -0.366969 1.406492 1.159570 1.858167 1.500351 1.710918 0.948022 0.963869 1.490819 1.518757 1.460593 1.512649 0.231848 0.605108 0.456021 0.591399 0.494407 1.181775 0.011834 0.252281 0.645516 
-1.070230 -0.693632 -1.034066 -1.649517 -1.127149 -0.761771 0.942996 1.768490 1.530530 1.634773 1.341456 1.548824 0.941026 1.954893 0.008396 0.852352 0.792526 -0.069574 1.377206 2.103644 0.681059 -0.094382 0.455529 0.856562 0.759459 
-0.445722 0.278265 -0.970570 -1.107117 -0.555346 0.105945 -0.338743 -0.736377 0.646965 2.022515 0.583519 0.892787 1.442541 1.451695 0.251131 1.187394 1.722935 1.037936 2.178953 0.193791 1.181202 0.625326 0.998706 0.338785 1.246238 
-0.928869 -1.195049 -1.989141 0.152220 -1.627147 -0.178162 -0.713263 -0.911986 -2.034824 0.703904 0.421307 0.344222 0.016203 1.040750 0.783786 2.024658 1.451151 0.644592 0.814158 1.496220 0.688361 0.906736 1.076793 -0.238751 0.744976 
-1.961865 -1.647173 -1.223298 -1.132215 -0.575658 -0.412569 -1.415945 -0.187815 -1.489640 -0.894319 -0.522580 1.688577 1.525354 0.491980 1.017307 1.824740 1.156812 0.027220 0.163403 0.640481 0.367064 0.284094 1.218659 -0.227430 0.551358 
-1.417763 -1.497713 -1.920016 -1.497468 -1.841919 -1.866252 -0.616381 -1.352048 -1.939767 -0.425935 -1.882968 -0.618813 -0.034785 0.159550 0.495915 1.593418 -0.329206 -0.424550 0.053946 -0.217606 0.146384 -0.390964 0.445378 -0.167915 -0.126276 
-1.036492 -0.363982 -1.717185 -0.754977 -0.247527 -1.948399 -1.255447 -1.262864 -1.579015 -0.124556 -0.299509 -0.232076 -0.501817 -0.271610 -0.912511 -0.035868 -0.433818 -0.356068 0.476563 -0.637197 0.618302 -0.049301 0.212284 0.093042 -0.311862 
-1.239252 -0.127940 -1.283586 -1.163095 -0.886725 -1.940484 -2.323114 -1.720581 -0.730703 -1.428810 -1.008065 -1.613229 -0.921051 -0.915147 -0.258677 -0.009332 -0.162994 0.122620 -0.074067 -0.537913 -0.408226 -0.228238 0.621101 0.510784 -0.099346 
-1.291117 -2.075571 -0.586320 -1.384491 -0.151299 0.580094 -1.920281 -0.991428 -0.857224 -1.265951 -0.567242 -0.810375 -0.157925 0.132635 0.091814 -0.688306 -0.266169 -0.075839 -0.365493 -0.114754 0.028007 -0.394450 -0.375173 0.024928 -0.213910 
-1.555409 -0.569299 -1.232762 -0.234211 0.239038 -2.125557 -1.875368 -1.632913 -1.386155 0.041632 -1.395133 -1.054857 -0.581730 -0.203607 0.103818 -1.408646 -0.883591 -0.227769 0.153013 -0.739349 0.039213 -0.140434 0.012723 -0.676724 -0.145501 
-1.468935 -0.283423 -0.815090 -0.077288 -0.770344 -1.772033 -1.612788 -0.656066 -1.488439 -0.979227 -1.007744 0.506043 0.101554 -0.460169 -0.734918 -0.540527 -0.259090 -0.796660 0.006392 0.214985 -0.241669 0.363737 0.250069 0.071240 -0.192528 
-1.269335 -0.596468 -0.318065 -1.046508 -1.517446 -1.506675 -1.287883 -1.492046 -1.557238 -0.839951 0.126430 -1.536748 -1.480988 0.572620 -0.820748 -0.952667 -0.376088 -0.137303 -0.298982 -0.234444 0.168511 0.271851 0.000385 -0.015416 -0.384109 
0.499624 -0.985094 -0.746146 -2.265392 -0.026895 -2.181339 -0.297859 -1.598580 -0.219560 -1.113882 -2.231280 -0.754444 -0.679760 -0.342133 -1.244420 -0.690956 -0.507705 -0.751444 0.124038 0.030323 -0.495812 0.204493 -0.280232 -0.291349 -0.435882 
-1.171911 -1.632887 -1.402646 -1.498614 -0.904734 -1.689210 -1.162409 -0.991223 -1.605189 -0.229901 -0.537954 -0.576244 -0.737585 -0.890091 -0.258731 -0.069499 -0.618919 0.006909 -0.455731 0.304192 -0.496398 0.154482 0.069350 -0.312904 -0.597423 
-2.399445 -1.781575 -2.076917 -1.546429 -1.872790 -0.238193 -2.235818 -1.760325 -1.036379 0.347510 -0.122234 -1.409439 -0.386325 0.109956 -0.249649 0.573800 -0.903697 -0.371342 -0.473754 -0.790190 -0.078179 -0.133487 0.325636 -0.032587 0.136701 
-0.688397 -0.992667 -0.129526 -0.261489 -2.444826 -1.228958 -0.580292 -1.391814 -1.328635 -0.884841 -0.497079 -0.991049 -1.537244 -0.336229 -0.669754 -1.189493 -0.681002 -0.652297 -0.716736 -0.252606 -0.249713 -0.493347 0.173676 0.159733 -0.097970 
-0.191864 -0.640032 -0.039755 -1.209571 -0.174269 -1.487670 -1.476060 -0.759771 -1.624256 0.017017 0.186349 -1.229948 -1.527121 -0.661713 0.374344 -0.001393 -0.082686 -0.144201 -0.294524 -0.892937 -0.451239 -0.614695 -0.898767 0.217481 -0.116145 
-0.752171 -0.780545 -0.693475 -0.965035 -0.881709 -0.278243 -0.109159 -0.865719 -0.493987 -0.307703 -1.620672 -0.241203 -2.218565 -0.279769 -1.830493 -0.587302 -0.757004 -0.429967 -1.527006 -1.251520 -0.528750 -0.286885 -0.829668 -0.057753 0.237670 
-0.725485 -1.991365 -2.315566 -0.590178 -1.120071 -0.292123 -0.267259 -1.934038 -1.623264 -1.035410 -1.331249 -1.235667 -0.681976 -0.721305 -1.445187 -0.539055 -0.998915 -0.497240 -0.146695 -0.699114 -0.421315 -0.554475 -0.765215 0.171907 -0.103903 
-0.492689 -2.328587 0.415690 -0.962713 -0.216264 0.295706 -1.875745 0.122269 -0.702133 -1.455390 -1.075731 -1.738593 -0.516991 -0.367192 -0.283329 -1.881291 -0.568717 -0.738830 -0.525414 -0.537042 -0.089691 -0.612503 0.045523 0.267945 -0.148132 
-0.205122 0.192685 -1.343118 -1.710494 -1.296534 -0.002100 -2.004666 -1.137075 -1.620137 -1.223643 -0.656184 -1.667270 -1.113112 -0.624155 -0.291871 -1.115195 -0.479270 -0.583245 -0.048708 -0.732226 -0.353054 -1.192279 -0.606079 0.136309 -0.468967 
-1.670105 0.073101 -1.418000 -1.942828 -0.183541 -1.880330 -1.450878 -1.514422 0.308237 -0.285499 -1.518280 -1.774825 -0.123122 -1.672576 -1.021422 -0.506791 -0.519759 -1.001373 -0.129517 -0.968115 -0.695635 -0.637658 -0.572992 0.110563 -0.271503 
-0.424687 -1.809107 -0.506258 -1.199185 -0.383029 0.117755 -0.471471 -0.506789 -1.021916 -0.843156 -1.526880 -0.201178 -0.896429 -1.360064 -0.027092 -0.560824 -0.398325 -0.265056 -0.316221 -0.895087 -0.276279 -1.040582 -0.917718 -0.646407 -0.484530 
-1.605693 -1.056105 -1.520184 -1.584751 -0.180627 -0.219971 -1.442473 -0.699799 -1.881638 -0.340934 -1.693356 -1.165939 -1.440258 -1.397806 -1.970910 -1.252091 -0.409253 -1.028839 -0.698219 -0.928989 -1.095536 -0.676925 -0.511792 -0.685222 0.271608 
