-2.0 -2.0 -2.0 -2.0 -2.0 -2.0 -2.0 -2.0 -2.0 -2.0 -1.0 -1.0 -1.0 -1.0 -1.0 -1.0 -1.0 -1.0 -1.0 0.0 0.0 0.0 0.0 0.0 0.0 
-2.0 -2.0 -2.0 -2.0 -2.0 -2.0 -2.0 -2.0 -2.0 -2.0 -1.0 -1.0 -1.0 -1.0 -1.0 -1.0 -1.0 -1.0 -1.0 -1.0 0.0 0.0 0.0 0.0 0.0 
-2.0 -2.0 -2.0 -2.0 -2.0 -2.0 -2.0 -2.0 -2.0 -2.0 -1.0 -1.0 -1.0 -1.0 -1.0 -1.0 -1.0 -1.0 -1.0 -1.0 -1.0 0.0 0.0 0.0 0.0 
-2.0 -2.0 -2.0 -2.0 -2.0 -2.0 -2.0 -2.0 -2.0 -2.0 -1.0 -1.0 -1.0 -1.0 -1.0 -1.0 -1.0 -1.0 -1.0 -1.0 -1.0 -1.0 0.0 0.0 0.0 
-2.0 -2.0 -2.0 -2.0 -2.0 -2.0 -2.0 -2.0 -2.0 -2.0 -2.0 -1.0 -1.0 -1.0 -1.0 -1.0 -1.0 -1.0 -1.0 -1.0 -1.0 -1.0 -1.0 0.0 0.0 
-2.0 -2.0 -2.0 -2.0 -2.0 -2.0 -2.0 -2.0 -2.0 -2.0 -2.0 -1.0 -1.0 -1.0 -1.0 -1.0 -1.0 -1.0 -1.0 -1.0 -1.0 -1.0 -1.0 -1.0 0.0 
-2.0 -2.0 -2.0 -2.0 -2.0 -2.0 -2.0 -2.0 -2.0 -2.0 -2.0 -1.0 -1.0 -1.0 -1.0 -1.0 -1.0 -1.0 -1.0 -1.0 -1.0 -1.0 -1.0 -1.0 -1.0 
-2.0 -2.0 -2.0 -2.0 -2.0 -2.0 -2.0 -2.0 -2.0 -2.0 -2.0 1.0 1.0 -1.0 -1.0 -1.0 -1.0 -1.0 -1.0 -1.0 -1.0 -1.0 -1.0 -1.0 -1.0 
-2.0 -2.0 -2.0 -2.0 -2.0 -2.0 -2.0 -2.0 -2.0 -2.0 1.0 1.0 1.0 1.0 1.0 1.0 -1.0 -1.0 -1.0 -1.0 -1.0 -1.0 -1.0 -1.0 -1.0 
-2.0 -2.0 -2.0 -2.0 -2.0 -2.0 -2.0 -2.0 -2.0 -2.0 1.0 1.0 1.0 1.0 1.0 1.0 1.0 1.0 -1.0 -1.0 -1.0 -1.0 -1.0 -1.0 -1.0 
-2.0 -2.0 -2.0 -2.0 -2.0 -2.0 -2.0 -2.0 -2.0 -2.0 1.0 1.0 1.0 1.0 1.0 1.0 1.0 1.0 1.0 1.0 -1.0 -1.0 -1.0 -1.0 -1.0 
-2.0 -2.0 -2.0 -2.0 -2.0 -2.0 -2.0 -2.0 -2.0 1.0 1.0 1.0 1.0 1.0 1.0 1.0 1.0 1.0 1.0 1.0 1.0 1.0 1.0 -1.0 -1.0 
-2.0 -2.0 -2.0 -2.0 -2.0 -2.0 -2.0 -2.0 -2.0 1.0 1.0 1.0 1.0 1.0 1.0 1.0 1.0 1.0 1.0 1.0 1.0 1.0 1.0 1.0 1.0 
-2.0 -2.0 -2.0 -2.0 -2.0 -2.0 -2.0 -2.0 -2.0 1.0 1.0 1.0 1.0 1.0 1.0 1.0 1.0 1.0 1.0 1.0 1.0 1.0 1.0 1.0 1.0 
-2.0 -2.0 -2.0 -2.0 -2.0 -2.0 -2.0 -2.0 1.0 1.0 1.0 1.0 1.0 1.0 1.0 1.0 1.0 1.0 1.0 1.0 1.0 1.0 1.0 2.0 2.0 
-2.0 -2.0 -2.0 -2.0 -2.0 -2.0 -2.0 -2.0 1.0 1.0 1.0 1.0 1.0 1.0 1.0 1.0 1.0 1.0 1.0 1.0 1.0 1.0 2.0 2.0 2.0 
-2.0 -2.0 -2.0 -2.0 -2.0 -2.0 -2.0 -2.0 1.0 1.0 1.0 1.0 1.0 1.0 1.0 1.0 1.0 1.0 1.0 1.0 2.0 2.0 2.0 2.0 2.0 
-2.0 -2.0 -2.0 -2.0 -2.0 -2.0 -2.0 1.0 1.0 1.0 1.0 1.0 1.0 1.0 1.0 1.0 1.0 1.0 1.0 2.0 2.0 2.0 2.0 2.0 2.0 
-2.0 -2.0 -2.0 -2.0 -2.0 -2.0 -2.0 1.0 1.0 1.0 1.0 1.0 1.0 1.0 1.0 1.0 1.0 1.0 2.0 2.0 2.0 2.0 2.0 2.0 2.0 
-2.0 -2.0 -2.0 -2.0 -2.0 -2.0 -2.0 1.0 1.0 1.0 1.0 1.0 1.0 1.0 1.0 1.0 2.0 2.0 2.0 2.0 2.0 2.0 2.0 2.0 2.0 
-2.0 -2.0 -2.0 -2.0 -2.0 -2.0 1.0 1.0 1.0 1.0 1.0 1.0 1.0 1.0 1.0 2.0 2.0 2.0 2.0 2.0 2.0 2.0 2.0 2.0 2.0 
-2.0 -2.0 -2.0 -2.0 -2.0 -2.0 1.0 1.0 1.0 1.0 1.0 1.0 1.0 2.0 2.0 2.0 2.0 2.0 2.0 2.0 2.0 2.0 2.0 2.0 2.0 
-2.0 -2.0 -2.0 -2.0 -2.0 -2.0 1.0 1.0 1.0 1.0 1.0 1.0 2.0 2.0 2.0 2.0 2.0 2.0 2.0 2.0 2.0 2.0 2.0 2.0 2.0 
-2.0 -2.0 -2.0 -2.0 -2.0 1.0 1.0 1.0 1.0 1.0 2.0 2.0 2.0 2.0 2.0 2.0 2.0 2.0 2.0 2.0 2.0 2.0 2.0 2.0 2.0 
-2.0 -2.0 -2.0 -2.0 -2.0 1.0 1.0 1.0 1.0 2.0 2.0 2.0 2.0 2.0 2.0 2.0 2.0 2.0 2.0 2.0 2.0 2.0 2.0 2.0 2.0 

0.468419 0.633541 0.180450 0.516540 0.015752 0.463357 0.370297 0.468873 0.448568 0.755478 0.241815 0.572469 0.616234 0.423743 0.378546 0.532393 0.664238 0.142827 0.596798 0.882375 0.916176 0.469846 0.366261 0.154787 0.953181 
0.645695 0.457351 0.333875 0.805122 0.812711 0.109420 0.494149 0.747653 0.567533 0.457228 0.951539 0.918404 0.914313 0.933767 0.924769 0.118460 0.304790 0.097960 0.312298 0.854507 0.833131 0.941324 0.680255 0.941400 0.898084 
0.824896 0.281915 0.122864 0.019539 0.578647 0.781083 0.842815 0.874153 0.901805 0.154799 0.203816 0.486464 0.970537 0.002424 0.614248 0.949191 0.114022 0.403368 0.040983 0.124096 0.095546 0.575630 0.014227 0.810329 0.127978 
0.252722 0.904841 0.287785 0.698540 0.972134 0.793017 0.965484 0.492814 0.474424 0.969607 0.911831 0.310496 0.616841 0.443639 0.877269 0.184461 0.176910 0.563300 0.761125 0.722487 0.454799 0.936812 0.713459 0.081373 0.120964 
0.174341 0.103282 0.555852 0.625541 0.558311 0.046142 0.838889 0.602971 0.973320 0.653836 0.592802 0.697954 0.937833 0.417295 0.610409 0.628985 0.760771 0.983724 0.573743 0.245701 0.315342 0.320068 0.997547 0.271436 0.193313 
0.972341 0.934095 0.233284 0.266288 0.450236 0.903350 0.075895 0.629787 0.057504 0.369458 0.095864 0.371535 0.694754 0.555816 0.689850 0.240989 0.417254 0.455289 0.273417 0.124937 0.557075 0.349076 0.010226 0.269130 0.056668 
0.129069 0.146234 0.213440 0.965955 0.502127 0.120241 0.445343 0.596321 0.132717 0.223385 0.741225 0.494878 0.506258 0.291536 0.772861 0.254071 0.833765 0.542189 0.105428 0.971811 0.952596 0.127041 0.059404 0.845163 0.470225 
0.982815 0.449125 0.526518 0.054824 0.277863 0.641755 0.622171 0.820500 0.495601 0.700386 0.695757 0.967557 0.780933 0.123409 0.194669 0.286249 0.156457 0.964778 0.934128 0.480853 0.443533 0.434444 0.118835 0.688724 0.622975 
0.371975 0.306438 0.851970 0.527596 0.322198 0.193522 0.559715 0.464888 0.933422 0.887146 0.673303 0.457034 0.270921 0.916806 0.427958 0.995660 0.298607 0.666122 0.092302 0.770814 0.309076 0.592866 0.300401 0.548582 0.244468 
0.560987 0.013997 0.253424 0.177821 0.392902 0.136597 0.521430 0.826385 0.032653 0.127105 0.307431 0.097989 0.317910 0.077372 0.070244 0.348623 0.241382 0.742027 0.434005 0.324883 0.097093 0.369403 0.315789 0.370854 0.392194 
0.860842 0.919697 0.884470 0.518715 0.003857 0.096788 0.807142 0.073095 0.271646 0.141170 0.094229 0.609858 0.865806 0.750036 0.622259 0.938233 0.390235 0.578675 0.683029 0.933638 0.622156 0.966759 0.227475 0.482246 0.129670 
0.902436 0.553295 0.296503 0.921474 0.331138 0.186980 0.166241 0.388764 0.734435 0.478294 0.693738 0.604327 0.456892 0.410306 0.007932 0.241423 0.345477 0.185158 0.450050 0.204748 0.197589 0.242839 0.603401 0.754477 0.769508 
0.824954 0.577379 0.525256 0.149860 0.799610 0.718111 0.161141 0.504676 0.079111 0.495304 0.641384 0.564872 0.238408 0.676607 0.299152 0.316790 0.251359 0.326910 0.315264 0.988922 0.945803 0.680492 0.797541 0.455691 0.634110 
0.089984 0.042802 0.594179 0.093019 0.250696 0.239963 0.974022 0.582143 0.934511 0.097268 0.361481 0.552914 0.051745 0.561640 0.510337 0.806787 0.157830 0.255165 0.034474 0.945936 0.782573 0.767717 0.131332 0.641807 0.328346 
0.952552 0.641432 0.338757 0.299124 0.145014 0.460725 0.091107 0.016277 0.938898 0.364359 0.618747 0.549011 0.013780 0.385180 0.710283 0.482895 0.381000 0.119981 0.689466 0.930434 0.701719 0.696838 0.845860 0.195589 0.010373 
0.016319 0.558076 0.458552 0.300235 0.513731 0.043770 0.543692 0.679071 0.740481 0.827311 0.074996 0.674473 0.193190 0.462628 0.668159 0.461215 0.982002 0.077654 0.366660 0.322401 0.416901 0.084207 0.520879 0.893035 0.739235 
0.100508 0.997264 0.594256 0.326197 0.480186 0.907075 0.398717 0.622123 0.113184 0.301749 0.747354 0.909761 0.534546 0.783667 0.235561 0.713230 0.429191 0.198551 0.308468 0.333044 0.171657 0.505985 0.691164 0.531378 0.961334 
0.326004 0.513819 0.558057 0.194478 0.050415 0.897731 0.805534 0.255810 0.261135 0.308169 0.950071 0.768449 0.017625 0.848963 0.541677 0.504621 0.928337 0.078284 0.398919 0.316221 0.163950 0.032990 0.754624 0.905023 0.004713 
0.846568 0.550503 0.966487 0.206830 0.298759 0.791642 0.727630 0.170685 0.446511 0.545934 0.297536 0.457759 0.174311 0.578985 0.990980 0.764659 0.149034 0.127530 0.595905 0.854068 0.641325 0.895101 0.381621 0.399640 0.630184 
0.204364 0.995533 0.916297 0.802521 0.751196 0.060811 0.434771 0.406532 0.365645 0.673616 0.752088 0.366816 0.907591 0.804399 0.893471 0.578390 0.413138 0.557850 0.540017 0.281082 0.501439 0.358487 0.437558 0.358235 0.924052 
0.697532 0.362520 0.372436 0.743428 0.901746 0.540590 0.906693 0.999334 0.694051 0.646232 0.770360 0.599536 0.082830 0.315219 0.042428 0.965715 0.865321 0.121236 0.527937 0.948809 0.280983 0.992312 0.097404 0.846317 0.882894 
0.163790 0.002487 0.070303 0.691049 0.142840 0.333457 0.420867 0.133155 0.958584 0.572308 0.651514 0.027275 0.325341 0.512609 0.150100 0.451109 0.761672 0.340441 0.787765 0.892424 0.073561 0.759745 0.078523 0.551444 0.653875 
0.427862 0.451337 0.948212 0.085104 0.456482 0.432114 0.551052 0.668284 0.499024 0.112642 0.222346 0.271221 0.311975 0.754491 0.682058 0.793019 0.453089 0.947651 0.203740 0.224872 0.995156 0.464175 0.254882 0.178979 0.663717 
0.255206 0.532159 0.020731 0.246643 0.409014 0.228220 0.565664 0.726846 0.655463 0.761302 0.465340 0.700703 0.831657 0.695804 0.543619 0.099932 0.112543 0.631435 0.544349 0.349915 0.693729 0.852909 0.139221 0.844591 0.999356 
0.088228 0.845131 0.392142 0.180632 0.332594 0.019841 0.815359 0.846581 0.377467 0.968751 0.287741 0.162283 0.553793 0.380628 0.291668 0.768260 0.806372 0.118998 0.569453 0.960800 0.824336 0.389075 0.576999 0.505157 0.551661 

-0.816106 -1.056467 -0.319397 -1.046501 -0.022874 -0.968799 -0.913437 -0.886368 -0.948725 -1.487774 -0.076987 -0.382340 -0.721492 -0.407001 -0.398557 -0.346916 -0.595447 -0.212613 -0.572425 -0.108844 0.014129 -0.037333 0.048326 -0.048388 0.066580 
-1.251483 -0.974253 -0.727214 -1.564552 -1.561751 -0.239600 -0.851940 -1.639995 -1.175635 -1.006482 -1.062311 -0.853127 -0.895459 -0.937326 -0.971810 -0.212713 -0.362771 -0.009184 -0.262953 -0.758431 0.093311 -0.038185 -0.086905 -0.007696 -0.102525 
-1.586008 -0.782560 -0.270651 0.022885 -1.168686 -1.527007 -1.709527 -1.720107 -1.785068 -0.288558 -0.329307 -0.409285 -0.948357 0.013444 -0.718792 -0.841433 -0.072360 -0.437655 0.002941 -0.076656 -0.047138 -0.136664 0.121731 0.074592 0.023797 
-0.442934 -1.776812 -0.561148 -1.317719 -1.991715 -1.745604 -1.914729 -0.863496 -0.818278 -2.181732 -1.000585 -0.410710 -0.519502 -0.409331 -1.167854 -0.136428 -0.312016 -0.761931 -0.765067 -0.897083 -0.447729 -0.842740 -0.016638 0.074824 0.003919 
-0.386314 -0.123923 -1.278862 -1.171301 -1.247943 -0.171670 -1.748077 -1.312126 -2.020752 -1.266197 -1.090793 -0.491212 -0.991390 -0.439304 -0.544297 -0.710579 -0.777615 -0.906323 -0.610949 -0.260373 -0.248874 -0.387424 -0.893132 -0.188366 0.096503 
-1.764953 -1.759245 -0.414889 -0.729604 -0.921304 -1.836354 -0.158500 -1.275241 0.038633 -0.877397 -0.103363 -0.382679 -0.808028 -0.573627 -0.713526 -0.269101 -0.414821 -0.556781 -0.403368 -0.137754 -0.515781 -0.573945 0.133393 -0.380501 -0.072413 
-0.268920 -0.187898 -0.524493 -1.850035 -1.012885 -0.107416 -1.052045 -1.260246 -0.303056 -0.300825 -1.591775 -0.595569 -0.498124 -0.314139 -0.912136 -0.250253 -0.961084 -0.513936 0.055575 -0.860017 -0.937679 -0.268271 -0.027750 -0.693951 -0.452593 
-1.876425 -0.705783 -0.958401 -0.208836 -0.412810 -1.275892 -1.311743 -1.625441 -0.956690 -1.320223 -1.596648 1.019815 0.870939 -0.063598 -0.415120 -0.238229 -0.258780 -0.695092 -1.076508 -0.400176 -0.323493 -0.496918 -0.241177 -0.704351 -0.529399 
-0.695495 -0.599128 -1.687528 -0.922863 -0.786672 -0.404952 -1.110637 -1.033928 -1.756805 -1.680423 0.553642 0.463090 0.410115 1.002135 0.390887 0.995149 -0.237208 -0.738904 -0.150727 -0.808438 -0.245613 -0.525266 -0.117708 -0.536126 -0.282458 
-1.082681 -0.102016 -0.386875 -0.349108 -0.705150 -0.360016 -0.971784 -1.854756 -0.064564 -0.002970 0.238780 0.119697 0.375353 -0.073416 0.024153 0.129826 0.103547 0.797092 -0.459425 -0.148516 0.137227 -0.369166 -0.264515 -0.244042 -0.321982 
-1.593432 -1.827662 -1.847933 -1.012297 0.014374 -0.319933 -1.649402 -0.052200 -0.494562 -0.336954 0.048005 0.592078 0.883763 0.764134 0.648951 0.968736 0.382173 0.487873 0.692830 0.926440 -0.588520 -1.071738 -0.334438 -0.573629 -0.173468 
-1.866295 -1.044044 -0.344485 -1.923133 -0.662678 -0.320974 -0.370947 -0.711403 -1.435494 0.519913 0.707595 0.545832 0.288205 0.273658 0.037891 0.148153 0.323897 0.052177 0.491301 0.254677 0.233717 0.207651 0.594103 -0.876820 -0.659042 
-1.597917 -1.057748 -1.109072 -0.429631 -1.682710 -1.324690 -0.306214 -1.098038 -0.302760 0.421699 0.680546 0.439288 0.273434 0.762876 0.284471 0.270143 0.331340 0.205266 0.357209 1.027884 0.744025 0.553273 0.763452 0.263783 0.603912 
-0.355663 -0.080421 -1.184864 -0.312881 -0.417528 -0.627947 -1.795417 -1.221570 -1.909661 0.167528 0.358238 0.635498 0.006917 0.763774 0.375030 0.805235 0.067007 0.148553 0.057250 0.727102 0.784305 0.882875 0.083096 0.588553 0.127392 
-1.892052 -1.111962 -0.716344 -0.500817 -0.213108 -1.080395 -0.264755 0.096126 1.045149 0.243825 0.588473 0.499081 -0.052148 0.316859 0.686612 0.516698 0.427151 0.131641 0.548128 0.809908 0.940057 0.812546 0.835263 0.524602 0.007399 
-0.090762 -0.989607 -0.811667 -0.639463 -0.963064 0.099813 -0.945278 -1.425484 0.840413 0.927962 -0.041266 0.645917 0.135209 0.239882 0.703151 0.368965 1.008967 0.165411 0.353751 0.369817 0.447492 0.050773 0.852206 1.791796 1.560346 
-0.168730 -1.982219 -1.083747 -0.776521 -0.958672 -1.792937 -1.027164 -1.243435 0.070843 0.350113 0.883330 0.993707 0.702878 0.882565 0.172499 0.481222 0.511756 0.170868 0.210043 0.203350 0.414907 1.003362 1.315410 1.054966 1.769566 
-0.711790 -1.134710 -1.151825 -0.336396 0.044281 -1.986598 -1.851640 0.193125 0.134429 0.549352 0.983299 0.850564 -0.009022 0.821152 0.519341 0.354897 0.773321 0.064341 0.375957 0.465833 0.311125 0.090865 1.443008 1.788703 -0.100886 
-1.572183 -1.212670 -1.924422 -0.387526 -0.710571 -1.684641 -1.488451 0.102481 0.381561 0.493278 0.172607 0.566452 0.165289 0.580002 1.047223 0.672473 0.093033 -0.009876 1.157934 1.753663 1.275117 1.808906 0.904472 0.813913 1.333674 
-0.411856 -1.950501 -1.866429 -1.660151 -1.566292 -0.057287 -0.884364 0.378189 0.383091 0.498774 0.754506 0.402159 0.831637 0.702104 0.905912 0.442876 0.858768 1.242878 1.100411 0.407220 0.922126 0.858583 0.843867 0.849493 1.635938 
-1.421735 -0.724305 -0.645802 -1.501831 -1.893990 -1.209585 1.004786 1.080275 0.823569 0.589281 0.780569 0.464560 0.143447 0.435224 0.132746 1.986741 1.586809 0.464645 0.963830 2.003807 0.549859 2.070410 0.242967 1.735170 1.843649 
-0.358986 0.021477 -0.006355 -1.406724 -0.413539 -0.593089 0.303500 0.200216 0.967307 0.523667 0.728577 0.166117 0.346404 1.020778 0.285569 1.000310 1.572099 0.669495 1.458153 1.712367 0.037218 1.598542 0.074289 1.096349 1.500703 
-0.926173 -0.950273 -1.925614 -0.181841 -0.900603 -0.744890 0.624881 0.662613 0.323638 0.165406 0.218388 0.333864 0.615994 1.513373 1.300492 1.527980 0.734232 1.945387 0.420111 0.413860 1.960972 0.956360 0.570966 0.373641 1.210516 
-0.498262 -0.941630 -0.128069 -0.740303 -0.813574 0.270549 0.713274 0.837297 0.656219 0.731634 0.908982 1.341499 1.666419 1.347410 1.148007 0.084902 0.168011 1.312385 1.121833 0.775374 1.348443 1.673071 0.353043 1.647998 2.145247 
-0.320771 -1.710333 -0.627079 -0.341975 -0.632875 0.026743 0.939198 0.904492 0.313331 1.766481 0.564072 0.274160 1.196025 0.746592 0.627040 1.558466 1.640482 0.085202 0.968090 2.079900 1.564673 0.703833 1.190260 1.060724 1.143209 
