1.0 1.0 1.0 1.0 1.0 1.0 1.0 1.0 1.0 0.0 0.0 0.0 0.0 0.0 0.0 0.0 0.0 0.0 0.0 0.0 0.0 0.0 -1.0 -1.0 -1.0 
1.0 1.0 1.0 1.0 1.0 1.0 1.0 1.0 1.0 0.0 0.0 0.0 0.0 0.0 0.0 0.0 0.0 0.0 0.0 0.0 0.0 0.0 -1.0 -1.0 -1.0 
-2.0 -2.0 1.0 1.0 1.0 1.0 1.0 1.0 1.0 0.0 0.0 0.0 0.0 0.0 0.0 0.0 0.0 0.0 0.0 0.0 0.0 -1.0 -1.0 -1.0 -1.0 
-2.0 -2.0 -2.0 -2.0 1.0 1.0 1.0 1.0 1.0 0.0 0.0 0.0 0.0 0.0 0.0 0.0 0.0 0.0 0.0 0.0 0.0 -1.0 -1.0 -1.0 -1.0 
-2.0 -2.0 -2.0 -2.0 -2.0 -2.0 1.0 1.0 1.0 0.0 0.0 0.0 0.0 0.0 0.0 0.0 0.0 0.0 0.0 0.0 -1.0 -1.0 -1.0 -1.0 -1.0 
-2.0 -2.0 -2.0 -2.0 -2.0 -2.0 -2.0 -2.0 1.0 0.0 0.0 0.0 0.0 0.0 0.0 0.0 0.0 0.0 0.0 -1.0 -1.0 -1.0 -1.0 -1.0 -1.0 
-2.0 -2.0 -2.0 -2.0 -2.0 -2.0 -2.0 -2.0 -2.0 -2.0 0.0 0.0 0.0 0.0 0.0 0.0 0.0 0.0 0.0 -1.0 -1.0 -1.0 -1.0 -1.0 -1.0 
-2.0 -2.0 -2.0 -2.0 -2.0 -2.0 -2.0 -2.0 -2.0 -2.0 0.0 0.0 0.0 0.0 0.0 0.0 0.0 0.0 -1.0 -1.0 -1.0 -1.0 -1.0 -1.0 -1.0 
-2.0 -2.0 -2.0 -2.0 -2.0 -2.0 -2.0 -2.0 -2.0 -2.0 0.0 0.0 0.0 0.0 0.0 0.0 0.0 0.0 -1.0 -1.0 -1.0 -1.0 -1.0 -1.0 -1.0 
-2.0 -2.0 -2.0 -2.0 -2.0 -2.0 -2.0 -2.0 -2.0 -2.0 0.0 0.0 0.0 0.0 0.0 0.0 0.0 -1.0 -1.0 -1.0 -1.0 -1.0 -1.0 -1.0 -1.0 
-2.0 -2.0 -2.0 -2.0 -2.0 -2.0 -2.0 -2.0 -2.0 2.0 2.0 2.0 2.0 2.0 2.0 2.0 2.0 -1.0 -1.0 -1.0 -1.0 -1.0 -1.0 -1.0 -1.0 
-2.0 -2.0 -2.0 -2.0 -2.0 -2.0 -2.0 -2.0 2.0 2.0 2.0 2.0 2.0 2.0 2.0 2.0 2.0 2.0 -1.0 -1.0 -1.0 -1.0 -1.0 -1.0 -1.0 
-2.0 -2.0 -2.0 -2.0 -2.0 -2.0 2.0 2.0 2.0 2.0 2.0 2.0 2.0 2.0 2.0 2.0 2.0 2.0 -1.0 -1.0 -1.0 -1.0 -1.0 -1.0 -1.0 
-2.0 -2.0 -2.0 -2.0 -2.0 2.0 2.0 2.0 2.0 2.0 2.0 2.0 2.0 2.0 2.0 2.0 2.0 2.0 2.0 -1.0 -1.0 -1.0 -1.0 -1.0 -1.0 
-2.0 -2.0 -2.0 2.0 2.0 2.0 2.0 2.0 2.0 2.0 2.0 2.0 2.0 2.0 2.0 2.0 2.0 2.0 2.0 -1.0 -1.0 -1.0 -1.0 -1.0 -1.0 
-2.0 -2.0 2.0 2.0 2.0 2.0 2.0 2.0 2.0 2.0 2.0 2.0 2.0 2.0 2.0 2.0 2.0 2.0 2.0 2.0 -1.0 -1.0 -1.0 -1.0 -1.0 
2.0 2.0 2.0 2.0 2.0 2.0 2.0 2.0 2.0 2.0 2.0 2.0 2.0 2.0 2.0 2.0 2.0 2.0 2.0 2.0 -1.0 -1.0 -1.0 -1.0 -1.0 
2.0 2.0 2.0 2.0 2.0 2.0 2.0 2.0 2.0 2.0 2.0 2.0 2.0 2.0 2.0 2.0 2.0 2.0 2.0 2.0 -1.0 -1.0 -1.0 -1.0 -1.0 
2.0 2.0 2.0 2.0 2.0 2.0 2.0 2.0 2.0 2.0 2.0 2.0 2.0 2.0 2.0 2.0 2.0 2.0 2.0 2.0 2.0 -1.0 -1.0 -1.0 -1.0 
2.0 2.0 2.0 2.0 2.0 2.0 2.0 2.0 2.0 2.0 2.0 2.0 2.0 2.0 2.0 2.0 2.0 2.0 2.0 2.0 2.0 -1.0 -1.0 -1.0 -1.0 
2.0 2.0 2.0 2.0 2.0 2.0 2.0 2.0 2.0 2.0 2.0 2.0 2.0 2.0 2.0 2.0 2.0 2.0 2.0 2.0 2.0 2.0 -1.0 -1.0 -1.0 
2.0 2.0 2.0 2.0 2.0 2.0 2.0 2.0 2.0 2.0 2.0 2.0 2.0 2.0 2.0 2.0 2.0 2.0 2.0 2.0 2.0 2.0 -1.0 -1.0 -1.0 
2.0 2.0 2.0 2.0 2.0 2.0 2.0 2.0 2.0 2.0 2.0 2.0 2.0 2.0 2.0 2.0 2.0 2.0 2.0 2.0 2.0 2.0 -1.0 -1.0 -1.0 
2.0 2.0 2.0 2.0 2.0 2.0 2.0 2.0 2.0 2.0 2.0 2.0 2.0 2.0 2.0 2.0 2.0 2.0 2.0 2.0 2.0 2.0 2.0 -1.0 -1.0 
2.0 2.0 2.0 2.0 2.0 2.0 2.0 2.0 2.0 2.0 2.0 2.0 2.0 2.0 2.0 2.0 2.0 2.0 2.0 2.0 2.0 2.0 2.0 -1.0 -1.0 

0.403925 0.688934 0.509435 0.874734 0.194386 0.296756 0.052547 0.412310 0.475310 0.276945 0.473262 0.826580 0.649041 0.787138 0.871280 0.580074 0.941105 0.564634 0.238529 0.954349 0.191650 0.527580 0.474676 0.717071 0.267907 
0.739962 0.608350 0.340234 0.212700 0.654865 0.841187 0.313271 0.909004 0.832181 0.536880 0.146765 0.307100 0.230895 0.341059 0.058197 0.032407 0.076645 0.890805 0.307274 0.166098 0.080972 0.950776 0.662893 0.891208 0.637691 
0.000636 0.374956 0.375016 0.999148 0.473262 0.108550 0.996419 0.805563 0.124955 0.102043 0.502590 0.657073 0.305467 0.296151 0.061282 0.486212 0.077515 0.720246 0.488188 0.495290 0.131310 0.265092 0.957585 0.550868 0.137188 
0.572855 0.826344 0.568278 0.509907 0.692355 0.893907 0.441796 0.220577 0.099192 0.807592 0.403338 0.972516 0.329195 0.586343 0.695145 0.115893 0.836582 0.778374 0.284903 0.308925 0.228939 0.506090 0.113455 0.370453 0.847867 
0.069646 0.582479 0.551893 0.159988 0.293534 0.333223 0.025216 0.832606 0.720311 0.445469 0.046623 0.739135 0.090712 0.390200 0.098317 0.970394 0.508963 0.953291 0.823691 0.596204 0.721374 0.729800 0.961209 0.014803 0.000729 
0.145439 0.261282 0.065169 0.480143 0.213738 0.386556 0.853599 0.610480 0.115908 0.526321 0.764274 0.152140 0.678957 0.153988 0.760684 0.217435 0.631787 0.860805 0.591487 0.514255 0.563487 0.895688 0.042745 0.567629 0.540437 
0.389504 0.530686 0.972155 0.931203 0.754809 0.297842 0.105746 0.484318 0.272660 0.981674 0.395284 0.233440 0.665361 0.610362 0.045051 0.333800 0.140279 0.520945 0.984350 0.346960 0.853421 0.362511 0.179643 0.461738 0.765578 
0.105057 0.971760 0.686203 0.691317 0.699711 0.174012 0.405204 0.702511 0.344986 0.524746 0.655102 0.540233 0.611683 0.900205 0.587435 0.353736 0.120162 0.965657 0.238676 0.008842 0.520266 0.577644 0.930866 0.744471 0.189467 
0.148374 0.540024 0.251795 0.035457 0.853257 0.081045 0.512358 0.026649 0.825440 0.966557 0.409245 0.118689 0.123467 0.799355 0.333166 0.023114 0.226614 0.126558 0.938246 0.997187 0.452830 0.042571 0.676116 0.824213 0.415586 
0.884953 0.239848 0.051639 0.351987 0.376307 0.525715 0.849254 0.316907 0.609626 0.411300 0.258833 0.458546 0.650844 0.769134 0.201610 0.849307 0.083383 0.358077 0.358837 0.975794 0.939636 0.576227 0.003230 0.017092 0.286415 
0.878916 0.403859 0.347872 0.642092 0.256029 0.501457 0.122530 0.601979 0.083646 0.813636 0.010024 0.349389 0.479320 0.262017 0.604969 0.218079 0.320765 0.737575 0.457042 0.170404 0.697249 0.350837 0.545916 0.638994 0.118613 
0.526422 0.391939 0.290484 0.910063 0.622315 0.392475 0.828706 0.063202 0.186790 0.837529 0.291071 0.657506 0.864320 0.117527 0.605190 0.276436 0.895015 0.165649 0.592624 0.427927 0.911261 0.604527 0.319894 0.603896 0.783356 
0.425364 0.665423 0.950167 0.186739 0.314030 0.073204 0.203890 0.232591 0.114895 0.101544 0.517813 0.254256 0.622520 0.312100 0.709420 0.057683 0.379413 0.005166 0.263894 0.539256 0.593766 0.791505 0.107266 0.069834 0.991719 
0.694254 0.575098 0.450633 0.186647 0.681921 0.360322 0.480161 0.166863 0.599929 0.056722 0.207331 0.123775 0.198764 0.672783 0.214917 0.525470 0.734066 0.678747 0.747795 0.621611 0.269931 0.854066 0.883697 0.558357 0.363899 
0.799325 0.564508 0.842347 0.161185 0.225579 0.384348 0.322877 0.043003 0.267557 0.865808 0.369298 0.521549 0.906487 0.743166 0.214101 0.129461 0.918415 0.534731 0.171248 0.287908 0.976551 0.047052 0.533627 0.003836 0.472129 
0.162959 0.536477 0.589337 0.072855 0.204945 0.568415 0.203686 0.440142 0.554627 0.082969 0.732802 0.563512 0.796796 0.194082 0.537369 0.146178 0.101967 0.388843 0.359392 0.521265 0.853623 0.076680 0.966650 0.738928 0.265117 
0.230211 0.094297 0.431887 0.865642 0.337985 0.629254 0.570852 0.851130 0.245611 0.690589 0.478538 0.655095 0.729618 0.765601 0.744478 0.967079 0.077240 0.495709 0.828307 0.092545 0.479776 0.990957 0.068227 0.837626 0.018870 
0.363128 0.931817 0.879937 0.370333 0.235442 0.033178 0.747432 0.242164 0.560092 0.176050 0.473580 0.485924 0.675220 0.187534 0.841956 0.070212 0.648520 0.212561 0.316120 0.875648 0.810483 0.979470 0.966994 0.644159 0.663089 
0.538536 0.464415 0.209192 0.514322 0.731382 0.891736 0.328908 0.373420 0.186951 0.803520 0.677276 0.783453 0.914368 0.705694 0.509272 0.396254 0.489033 0.507128 0.599791 0.940733 0.298477 0.412162 0.617371 0.784567 0.969105 
0.574804 0.487818 0.106881 0.050590 0.316829 0.848525 0.749320 0.797647 0.626477 0.129770 0.169182 0.642026 0.936080 0.816680 0.668238 0.643261 0.856970 0.781247 0.176227 0.587850 0.403201 0.430813 0.341977 0.540296 0.788520 
0.493440 0.832573 0.335484 0.237968 0.161759 0.550205 0.012443 0.911480 0.230343 0.807543 0.052623 0.034354 0.503638 0.879589 0.291807 0.150277 0.025378 0.573401 0.935914 0.514928 0.240776 0.536214 0.171371 0.830802 0.820609 
0.283971 0.950969 0.690924 0.240716 0.247173 0.026285 0.552048 0.546606 0.944769 0.763107 0.903053 0.527990 0.849176 0.373003 0.459108 0.761189 0.267331 0.313210 0.996634 0.670758 0.034640 0.096391 0.868802 0.543799 0.850396 
0.213500 0.948221 0.032914 0.060654 0.507366 0.567857 0.476806 0.732154 0.951389 0.358982 0.898615 0.578639 0.841397 0.096217 0.275607 0.387204 0.591335 0.317833 0.481136 0.704433 0.734533 0.608581 0.793461 0.383356 0.905387 
0.867206 0.227794 0.980163 0.297128 0.591031 0.162718 0.642148 0.383645 0.853115 0.640520 0.455852 0.206700 0.973872 0.377315 0.487604 0.707174 0.718868 0.334239 0.967673 0.539701 0.931847 0.781603 0.431066 0.284079 0.465643 
0.713808 0.537128 0.047646 0.482298 0.561189 0.779375 0.297560 0.078826 0.857594 0.987042 0.043260 0.935882 0.259621 0.255955 0.927463 0.515041 0.581340 0.641463 0.818173 0.500568 0.700769 0.519788 0.332988 0.322039 0.419403 

0.634450 0.873655 0.583317 1.061884 0.265913 0.452973 0.455903 0.326978 0.775587 -0.142740 0.010075 0.178336 -0.201034 0.376190 -0.018378 -0.047870 -0.001453 0.071862 0.262695 -0.467994 -0.132466 0.118411 -0.178524 -0.461037 -0.116187 
0.853345 0.587144 0.259811 0.255145 0.576549 0.677401 0.114460 1.191898 0.834210 -0.083935 0.046897 -0.064532 0.105244 -0.070852 0.386190 -0.251567 -0.141740 -0.176475 0.126231 0.008136 0.259365 -0.127117 -1.099300 -1.197006 -0.533007 
-0.292691 -0.360782 0.328524 1.018038 0.746870 0.073071 1.072189 0.635939 0.037468 -0.357462 0.068929 -0.112934 -0.174078 0.229104 0.116243 0.290983 -0.022281 0.207578 -0.278786 0.395267 0.186295 -0.191511 -1.341449 -0.486314 -0.428887 
-0.906792 -1.387799 -1.138594 -0.754177 0.852611 0.682865 0.393391 0.293610 0.168911 -0.002320 0.172026 -0.123941 -0.156237 0.395365 -0.110163 0.066210 0.162295 -0.163468 0.301868 0.289830 -0.300530 -0.436556 -0.072145 -0.391892 -0.820706 
-0.563461 -0.936087 -1.058026 -0.377373 -0.393939 -0.574967 -0.180924 0.594153 0.947854 0.079009 -0.003414 0.004351 0.037220 -0.051628 0.009383 -0.210671 -0.186902 -0.197101 0.255482 0.040541 -0.872562 -1.065274 -0.995878 -0.055867 -0.023511 
-0.195033 -0.252028 -0.077287 -1.245135 -0.171126 -0.914622 -1.536589 -1.315841 0.252503 -0.236052 -0.297858 0.119748 0.179150 0.171299 0.424356 0.167267 -0.083375 0.204597 -0.339580 -0.496591 -0.720043 -1.360353 -0.168234 -0.439954 -0.510565 
-0.684388 -0.967256 -1.652045 -1.919960 -1.526036 -0.292184 -0.111901 -0.915081 -0.420461 -1.904397 0.000652 -0.186133 -0.029347 -0.295751 -0.211907 0.046563 0.166980 -0.068094 0.169133 -0.236400 -0.895705 -0.378622 -0.109747 -0.232499 -1.071566 
-0.849687 -2.321755 -1.394352 -1.504189 -1.395540 -0.480733 -0.616377 -1.501812 -0.852875 -1.221659 0.004899 -0.207039 0.021146 0.092540 -0.045212 0.113061 0.143838 -0.211679 -0.165711 0.326371 -0.460371 -0.682211 -1.345474 -0.771310 0.042853 
-0.297091 -1.181635 -0.371926 -0.545578 -2.043995 0.018526 -1.409945 -0.088086 -1.716925 -1.980090 -0.272390 0.023783 0.119403 0.054646 -0.088737 -0.174521 0.020483 -0.243325 -0.808136 -1.103580 -0.526889 0.163098 -0.697781 -0.720533 -0.496747 
-1.885385 -0.356701 -0.095661 -0.988114 -0.700399 -1.292561 -1.757062 -0.221229 -1.343934 -0.708793 0.054539 0.047140 0.157391 0.031721 0.337492 -0.443253 -0.332829 -0.182087 -0.027406 -0.808819 -1.089036 -0.230587 -0.180411 0.320153 -0.116926 
-1.499701 -0.777778 -0.732843 -1.455103 -0.309340 -0.993796 -0.128975 -1.056562 -0.163282 1.623208 0.280027 1.076687 0.615818 0.405556 1.133106 0.644256 0.374168 -0.583577 -0.451897 -0.041879 -0.568629 -0.229071 -0.679750 -0.729863 -0.333313 
-0.806172 -1.122629 -0.477927 -1.855531 -1.094766 -0.897063 -1.705581 -0.031730 0.717016 1.873814 0.498305 1.137140 1.503120 0.569315 1.182847 0.484676 2.290527 0.601262 -0.685673 -0.361677 -0.722237 -0.555754 -0.158231 -0.344115 -0.813316 
-0.719906 -1.031947 -1.616628 0.195411 -0.690066 -0.448945 0.362662 0.419252 0.036346 -0.110912 0.897833 0.515115 1.345516 0.534905 1.411480 0.351882 1.010653 -0.212383 -0.499771 -0.421267 -0.732870 -0.762821 -0.390124 0.398714 -1.113411 
-1.148314 -1.004051 -0.890252 -0.194747 -1.398211 0.764163 0.636355 0.206927 0.916234 0.224475 0.065307 0.360299 0.152414 1.217515 0.557249 0.917262 1.248787 1.390373 1.656888 -0.638568 0.067755 -0.616231 -0.968371 -0.919235 -0.399718 
-1.467999 -1.102916 -1.505270 0.450947 0.521809 0.906559 0.892924 0.213900 0.418218 1.776111 0.430608 1.135562 1.703432 1.309866 0.524217 0.736471 2.020531 0.947433 0.602519 -0.061660 -1.126108 0.003186 -0.399782 0.140864 -0.233928 
-0.339240 -0.975251 0.909172 -0.053873 0.623135 1.040982 0.812357 1.101908 0.987713 0.182267 1.542528 1.300497 1.285048 0.145382 1.197264 0.367090 0.299243 1.023879 0.801559 1.066598 -0.668269 0.081829 -1.106230 -0.780656 -0.235146 
0.471186 -0.137042 0.735563 1.956075 0.964422 1.207216 1.271739 1.830109 0.354676 1.455933 1.044733 1.405693 1.662461 1.328918 1.442919 1.708223 0.281455 0.710282 1.857554 0.123612 -0.267249 -1.250012 -0.071782 -0.854040 0.201766 
0.402329 1.538863 1.737402 0.877275 0.147495 0.289611 1.366668 0.349150 1.027487 0.638846 0.944209 1.007664 1.392351 0.225534 1.626374 0.523106 1.401500 0.434441 0.679451 2.254064 -0.927302 -1.176674 -0.926373 -0.757077 -0.603971 
1.173921 1.059116 0.512880 1.089206 1.365514 1.770694 0.823970 0.896843 0.550660 1.738623 1.575882 1.433061 2.050872 1.732390 0.881245 0.868654 0.769712 1.154614 1.314789 1.678640 1.033215 -0.348606 -0.367594 -0.837276 -0.740225 
1.170493 0.919566 0.277665 -0.124273 0.872889 1.864706 1.264048 1.404711 1.170402 0.607132 0.357850 1.310627 2.009139 1.239007 1.201464 1.200697 1.845230 1.325225 0.158035 1.670590 0.799981 -0.083560 -0.358574 -0.725525 -0.768234 
1.113240 1.629049 0.655059 0.301251 0.220053 1.001582 -0.172820 1.702267 0.568744 1.276300 0.219414 0.324864 1.263962 1.572079 0.798847 0.091536 -0.085909 1.374824 1.936041 1.073463 0.788086 0.460899 -0.117735 -1.263599 -0.756679 
0.756865 2.079750 1.521780 0.355120 0.312289 0.171184 0.970587 0.941451 1.937467 1.389265 1.808274 1.125239 1.073462 0.578744 1.088075 1.700516 0.700703 0.792624 2.082421 1.608966 0.286813 0.363097 -0.802566 -0.896220 -1.157162 
0.139431 1.952312 -0.309062 0.252905 0.683479 0.786609 1.065828 1.318604 1.495378 1.072083 1.722632 1.382205 2.025150 0.175681 0.421383 0.834954 1.440226 0.408406 1.238388 1.510185 1.227868 1.333896 -0.684053 -0.392619 -1.107025 
2.139680 0.447616 1.950950 0.616482 1.557091 -0.037914 1.373649 0.530479 1.618936 1.485665 0.548726 0.607300 2.319421 0.916873 1.235133 1.242581 1.318711 0.973637 1.795239 1.240905 2.136323 1.244835 1.083963 -0.165287 -0.489552 
1.518153 0.936089 -0.037335 0.911554 1.155570 1.647750 0.233182 0.483478 1.391844 1.559913 -0.151301 1.824093 0.338345 0.235366 1.724386 1.091563 1.062629 1.139633 1.657127 1.267038 1.278287 1.362430 0.617531 -0.221103 -0.384818 
