0.0 0.0 0.0 0.0 0.0 0.0 0.0 0.0 0.0 0.0 0.0 0.0 0.0 0.0 0.0 0.0 0.0 0.0 0.0 0.0 0.0 0.0 0.0 0.0 0.0 
0.0 0.0 0.0 0.0 0.0 0.0 0.0 0.0 0.0 0.0 0.0 0.0 0.0 0.0 0.0 0.0 0.0 0.0 0.0 0.0 0.0 0.0 0.0 0.0 0.0 
0.0 0.0 0.0 0.0 0.0 0.0 0.0 0.0 0.0 0.0 0.0 0.0 0.0 0.0 0.0 0.0 0.0 0.0 0.0 0.0 0.0 0.0 0.0 0.0 0.0 
1.0 0.0 0.0 0.0 0.0 0.0 0.0 0.0 0.0 0.0 0.0 0.0 0.0 0.0 0.0 0.0 0.0 0.0 0.0 0.0 0.0 0.0 0.0 0.0 0.0 
1.0 1.0 0.0 0.0 0.0 0.0 0.0 0.0 0.0 0.0 0.0 0.0 0.0 0.0 0.0 0.0 0.0 0.0 0.0 0.0 0.0 0.0 0.0 0.0 0.0 
1.0 1.0 1.0 1.0 0.0 0.0 0.0 0.0 0.0 0.0 0.0 0.0 0.0 0.0 0.0 0.0 0.0 0.0 0.0 0.0 0.0 0.0 -2.0 -2.0 -2.0 
1.0 1.0 1.0 1.0 1.0 0.0 0.0 0.0 0.0 0.0 0.0 0.0 0.0 0.0 0.0 0.0 0.0 0.0 0.0 -2.0 -2.0 -2.0 -2.0 -2.0 -2.0 
1.0 1.0 1.0 1.0 1.0 1.0 0.0 0.0 0.0 0.0 0.0 0.0 0.0 0.0 0.0 0.0 -2.0 -2.0 -2.0 -2.0 -2.0 -2.0 -2.0 -2.0 -2.0 
1.0 1.0 1.0 1.0 1.0 1.0 1.0 0.0 0.0 0.0 0.0 0.0 0.0 -2.0 -2.0 -2.0 -2.0 -2.0 -2.0 -2.0 -2.0 -2.0 -2.0 -2.0 -2.0 
1.0 1.0 1.0 1.0 1.0 1.0 1.0 1.0 0.0 0.0 -2.0 -2.0 -2.0 -2.0 -2.0 -2.0 -2.0 -2.0 -2.0 -2.0 -2.0 -2.0 -2.0 -2.0 -2.0 
1.0 1.0 1.0 1.0 1.0 1.0 1.0 1.0 1.0 -2.0 -2.0 -2.0 -2.0 -2.0 -2.0 -2.0 -2.0 -2.0 -2.0 -2.0 -2.0 -2.0 -2.0 -2.0 -2.0 
1.0 1.0 1.0 1.0 1.0 1.0 1.0 1.0 1.0 -2.0 -2.0 -2.0 -2.0 -2.0 -2.0 -2.0 -2.0 -2.0 -2.0 -2.0 -2.0 -2.0 -2.0 -2.0 -2.0 
1.0 1.0 1.0 1.0 1.0 1.0 1.0 1.0 1.0 -2.0 -2.0 -2.0 -2.0 -2.0 -2.0 -2.0 -2.0 -2.0 -2.0 -2.0 -2.0 -2.0 -2.0 -2.0 -1.0 
1.0 1.0 1.0 1.0 1.0 1.0 1.0 1.0 -2.0 -2.0 -2.0 -2.0 -2.0 -2.0 -2.0 -2.0 -2.0 -2.0 -2.0 -2.0 -2.0 -2.0 -2.0 -1.0 -1.0 
1.0 1.0 1.0 1.0 1.0 1.0 1.0 1.0 -2.0 -2.0 -2.0 -2.0 -2.0 -2.0 -2.0 -2.0 -2.0 -2.0 -2.0 -2.0 -2.0 -2.0 -1.0 -1.0 -1.0 
1.0 1.0 1.0 1.0 1.0 1.0 1.0 1.0 -2.0 -2.0 -2.0 -2.0 -2.0 -2.0 -2.0 -2.0 -2.0 -2.0 -2.0 -2.0 -2.0 -1.0 -1.0 -1.0 -1.0 
1.0 1.0 1.0 1.0 1.0 1.0 1.0 1.0 -2.0 -2.0 -2.0 -2.0 -2.0 -2.0 -2.0 -2.0 -2.0 -2.0 -2.0 -2.0 -1.0 -1.0 -1.0 -1.0 -1.0 
1.0 1.0 1.0 1.0 1.0 1.0 1.0 1.0 -2.0 -2.0 -2.0 -2.0 -2.0 -2.0 -2.0 -2.0 -2.0 -2.0 -2.0 -1.0 -1.0 -1.0 -1.0 -1.0 -1.0 
1.0 1.0 1.0 1.0 1.0 1.0 1.0 1.0 -2.0 -2.0 -2.0 -2.0 -2.0 -2.0 -2.0 -2.0 -2.0 2.0 -1.0 -1.0 -1.0 -1.0 -1.0 -1.0 -1.0 
1.0 1.0 1.0 1.0 1.0 1.0 1.0 1.0 -2.0 -2.0 -2.0 -2.0 -2.0 -2.0 2.0 2.0 2.0 2.0 -1.0 -1.0 -1.0 -1.0 -1.0 -1.0 -1.0 
1.0 1.0 1.0 1.0 1.0 1.0 1.0 1.0 -2.0 -2.0 -2.0 2.0 2.0 2.0 2.0 2.0 2.0 2.0 2.0 -1.0 -1.0 -1.0 -1.0 -1.0 -1.0 
1.0 1.0 1.0 1.0 1.0 1.0 1.0 1.0 -2.0 2.0 2.0 2.0 2.0 2.0 2.0 2.0 2.0 2.0 2.0 -1.0 -1.0 -1.0 -1.0 -1.0 -1.0 
1.0 1.0 1.0 1.0 1.0 1.0 1.0 2.0 2.0 2.0 2.0 2.0 2.0 2.0 2.0 2.0 2.0 2.0 2.0 2.0 -1.0 -1.0 -1.0 -1.0 -1.0 
1.0 1.0 1.0 1.0 1.0 1.0 2.0 2.0 2.0 2.0 2.0 2.0 2.0 2.0 2.0 2.0 2.0 2.0 2.0 2.0 -1.0 -1.0 -1.0 -1.0 -1.0 
1.0 1.0 1.0 1.0 1.0 2.0 2.0 2.0 2.0 2.0 2.0 2.0 2.0 2.0 2.0 2.0 2.0 2.0 2.0 2.0 -1.0 -1.0 -1.0 -1.0 -1.0 

0.543570 0.437272 0.533722 0.713522 0.919917 0.985099 0.542646 0.477179 0.406570 0.485364 0.153579 0.361460 0.945923 0.128422 0.228172 0.410139 0.576550 0.426091 0.853075 0.412626 0.318434 0.026754 0.173064 0.055522 0.273872 
0.493761 0.798006 0.564421 0.218757 0.912475 0.037578 0.643633 0.066633 0.220273 0.356143 0.510355 0.870194 0.750019 0.281271 0.621967 0.680829 0.359691 0.199324 0.394957 0.851760 0.818236 0.687345 0.223139 0.966310 0.509279 
0.875092 0.546538 0.058698 0.267564 0.041288 0.675139 0.927603 0.231872 0.279437 0.741789 0.826804 0.307560 0.608804 0.961146 0.394004 0.637752 0.270379 0.304765 0.795689 0.432424 0.089552 0.291244 0.916832 0.701673 0.564352 
0.321256 0.882657 0.444324 0.160578 0.926410 0.979240 0.807272 0.235907 0.696610 0.187482 0.055436 0.278921 0.547098 0.105803 0.621716 0.206181 0.668644 0.964377 0.460111 0.383292 0.796495 0.263549 0.033610 0.528962 0.667065 
0.840505 0.769953 0.731301 0.586089 0.788271 0.625941 0.990889 0.567520 0.574961 0.326420 0.504962 0.406911 0.189454 0.884364 0.223181 0.194791 0.705403 0.985236 0.651126 0.291965 0.417145 0.739044 0.082952 0.584930 0.567121 
0.418342 0.114690 0.886174 0.068409 0.535833 0.800010 0.082234 0.423950 0.503562 0.849368 0.325805 0.193274 0.152298 0.273689 0.889089 0.880422 0.789870 0.271407 0.244897 0.970550 0.443922 0.486713 0.104441 0.421061 0.830688 
0.170260 0.313631 0.007869 0.204353 0.397351 0.183837 0.427571 0.530923 0.472369 0.407858 0.836472 0.235192 0.486674 0.769791 0.456002 0.110025 0.015908 0.398043 0.449258 0.547931 0.644554 0.117649 0.939853 0.388819 0.272197 
0.333902 0.779688 0.834842 0.158636 0.302829 0.408860 0.424568 0.658587 0.822069 0.659178 0.098730 0.224169 0.644771 0.193062 0.876756 0.349792 0.818943 0.875103 0.788260 0.624228 0.229974 0.124424 0.499166 0.243966 0.559208 
0.316197 0.093726 0.350057 0.811975 0.189829 0.546689 0.274815 0.385684 0.404281 0.769389 0.667186 0.680568 0.432258 0.332784 0.377535 0.082976 0.179001 0.657404 0.519150 0.013192 0.973374 0.414682 0.713331 0.662844 0.138806 
0.967823 0.793437 0.868228 0.541859 0.916133 0.828144 0.646301 0.245762 0.102460 0.555277 0.160222 0.169177 0.704579 0.937364 0.513889 0.649915 0.386543 0.545528 0.164235 0.598218 0.858322 0.398381 0.271383 0.463534 0.642179 
0.540252 0.893091 0.600239 0.924659 0.874423 0.332967 0.260921 0.914920 0.390057 0.980155 0.437298 0.656513 0.858828 0.962860 0.282686 0.994878 0.586455 0.405123 0.839008 0.435352 0.591892 0.868630 0.385749 0.525387 0.149001 
0.073375 0.185063 0.104302 0.643879 0.617790 0.251220 0.069794 0.504953 0.536444 0.349692 0.784805 0.228728 0.157087 0.712435 0.454768 0.769154 0.552903 0.425264 0.727546 0.909318 0.050922 0.476108 0.086220 0.740925 0.917863 
0.287925 0.664349 0.668181 0.637985 0.713173 0.448735 0.267444 0.050093 0.464049 0.545230 0.024367 0.363170 0.447555 0.861013 0.911951 0.567483 0.998266 0.530685 0.015302 0.782852 0.067797 0.968498 0.661820 0.583136 0.146003 
0.326450 0.358851 0.383026 0.691811 0.970055 0.046396 0.424188 0.686534 0.380015 0.682716 0.794130 0.801035 0.060525 0.791865 0.246473 0.836774 0.181687 0.223969 0.338330 0.898590 0.929537 0.898898 0.872422 0.150807 0.513669 
0.432896 0.855027 0.744638 0.139859 0.618626 0.145870 0.198287 0.963335 0.716217 0.204553 0.747450 0.494063 0.210891 0.098131 0.569291 0.561087 0.470451 0.458996 0.973987 0.103650 0.198543 0.195789 0.178963 0.162434 0.591326 
0.632077 0.528036 0.739888 0.752777 0.795932 0.431838 0.473261 0.683173 0.579881 0.897540 0.958478 0.783543 0.558531 0.335437 0.104083 0.631243 0.650387 0.781936 0.733871 0.390759 0.667893 0.644016 0.513612 0.388716 0.542357 
0.216400 0.914948 0.709310 0.471130 0.620610 0.489170 0.709184 0.776405 0.548999 0.997672 0.929963 0.851190 0.149735 0.997215 0.294757 0.358904 0.667716 0.959281 0.325151 0.233137 0.813587 0.067960 0.217512 0.540426 0.765206 
0.812982 0.387209 0.137886 0.017146 0.901401 0.402848 0.917198 0.152805 0.857042 0.058319 0.090349 0.352625 0.812727 0.927879 0.420647 0.834428 0.545850 0.500490 0.144871 0.025811 0.873389 0.455197 0.598497 0.738808 0.826684 
0.079877 0.300484 0.912288 0.791000 0.281018 0.645518 0.290109 0.152778 0.713832 0.314948 0.990893 0.126286 0.948098 0.108989 0.915822 0.278075 0.610718 0.092231 0.900537 0.537796 0.560654 0.972863 0.597877 0.675652 0.323885 
0.229226 0.645683 0.800935 0.693912 0.256495 0.625822 0.282558 0.975734 0.601420 0.663204 0.431589 0.350735 0.635521 0.621558 0.476475 0.599776 0.043003 0.093704 0.012400 0.166440 0.475586 0.809897 0.232948 0.109968 0.781959 
0.223691 0.556697 0.636224 0.951736 0.494706 0.647885 0.323957 0.011160 0.834887 0.847870 0.098627 0.395036 0.654925 0.279556 0.700012 0.884592 0.732129 0.677625 0.984289 0.427841 0.677656 0.971818 0.384627 0.364461 0.542861 
0.263846 0.301248 0.241147 0.606048 0.907233 0.264729 0.167067 0.098081 0.277337 0.529883 0.947000 0.011583 0.818863 0.259299 0.766037 0.819482 0.428628 0.843782 0.906150 0.110587 0.912935 0.307308 0.849669 0.875082 0.254546 
0.880861 0.478631 0.209235 0.133615 0.407364 0.564608 0.605825 0.402839 0.724424 0.111224 0.558908 0.310602 0.631438 0.572554 0.361834 0.334923 0.457048 0.982427 0.598572 0.384913 0.969506 0.951224 0.828994 0.365467 0.335434 
0.928743 0.154124 0.670913 0.288205 0.283818 0.662874 0.071949 0.062533 0.233695 0.233715 0.687949 0.372382 0.563246 0.386176 0.534999 0.685976 0.563405 0.275658 0.794840 0.943432 0.997147 0.448461 0.498876 0.295157 0.521309 
0.032148 0.923619 0.553923 0.784463 0.137718 0.058864 0.985985 0.796051 0.801682 0.110449 0.939768 0.996127 0.293979 0.777196 0.757743 0.254203 0.369846 0.551667 0.518121 0.303380 0.993679 0.788225 0.685079 0.344915 0.576238 

-0.039272 0.132797 -0.055018 -0.094927 -0.191375 0.039932 -0.158965 -0.019441 -0.060667 0.031519 0.044501 -0.059089 -0.123535 -0.041279 -0.076100 -0.072723 0.074688 0.115034 0.095035 -0.082487 0.046203 -0.080726 -0.015084 0.053463 -0.142094 
0.094568 0.081251 -0.051381 0.041142 -0.022107 -0.094976 0.159164 0.025291 -0.007429 -0.004394 -0.064855 -0.077630 -0.006576 -0.025520 -0.094988 -0.030923 -0.217685 -0.116939 -0.067017 0.029920 -0.039106 0.055246 0.113553 0.086262 0.135397 
0.005886 -0.030759 0.168687 -0.049593 0.035499 -0.085576 -0.046552 -0.037640 0.149206 0.170523 -0.016896 -0.123548 -0.001921 0.020769 -0.049505 -0.026624 -0.222623 -0.059867 0.133964 0.126235 0.236880 0.033097 0.041358 -0.016232 0.019664 
0.286694 0.013430 0.118910 -0.041768 0.055262 -0.009169 -0.086906 0.111060 -0.076613 0.014732 -0.010011 0.198508 0.073600 -0.122078 -0.007658 0.063123 0.068478 -0.046886 -0.097145 -0.032488 0.061009 -0.040725 0.075075 0.006961 -0.084492 
0.736599 0.873261 -0.023408 0.017886 0.120188 0.217664 0.082493 -0.182281 0.059606 -0.079988 -0.170174 -0.002464 -0.015818 0.079209 0.284128 0.082470 0.019782 -0.210718 -0.008162 -0.005887 0.091504 0.153471 -0.056912 0.156252 -0.007816 
0.604060 -0.008080 0.861129 0.083321 0.036451 0.077907 0.042895 0.060035 -0.015879 0.042766 -0.102465 -0.063365 0.035998 -0.074080 -0.048253 0.015709 0.156647 0.091991 0.091801 -0.125296 -0.180319 -0.119333 -0.147954 -0.808941 -1.730436 
0.226751 0.254270 0.059154 0.253096 0.345957 0.083313 -0.035630 -0.090572 -0.054752 0.122316 -0.209036 -0.091736 0.107549 -0.071828 -0.131486 -0.038718 -0.077616 -0.111037 0.060120 -0.997304 -1.265595 -0.134026 -1.805222 -0.660591 -0.698820 
0.347500 0.781286 0.662508 0.164840 0.196382 0.352602 0.018950 -0.133686 -0.022269 -0.175837 0.032051 0.002575 -0.171654 0.069077 -0.041523 0.091983 -1.589640 -1.869649 -1.496495 -1.306747 -0.435262 -0.176768 -0.821357 -0.345333 -1.120424 
0.380202 0.152639 0.382693 0.696947 0.189249 0.572677 0.289339 0.134809 0.047768 -0.151537 -0.075555 -0.103178 0.023660 -0.741076 -0.624833 -0.282069 -0.425526 -1.240095 -1.061965 0.061153 -2.000549 -0.804156 -1.613735 -1.238021 -0.415578 
0.842794 0.771323 0.935810 0.586464 0.813053 0.898977 0.633443 0.287954 0.222655 -0.187591 -0.279620 -0.567396 -1.255634 -1.717759 -0.921325 -1.230536 -0.556652 -0.943670 -0.368536 -1.251391 -1.854757 -0.975356 -0.452906 -0.957776 -1.044958 
0.433315 0.883865 0.668443 1.000458 1.002908 0.337751 0.162566 0.953940 0.196722 -2.092541 -0.803062 -1.260383 -1.776793 -1.748256 -0.597838 -1.985738 -1.258680 -0.718481 -1.708091 -0.879201 -1.062107 -1.759138 -0.726972 -0.986158 -0.232963 
-0.017968 -0.030982 0.174279 0.686466 0.598196 0.158427 0.198777 0.488297 0.581665 -0.664465 -1.603053 -0.288877 -0.192848 -1.365971 -0.970089 -1.593617 -0.918867 -1.004216 -1.404901 -1.846277 0.067875 -0.972208 -0.059142 -1.358968 -1.866780 
0.387070 0.465303 0.808115 0.659521 0.582179 0.569188 0.278744 0.237941 0.394825 -1.075665 -0.077831 -0.574600 -0.833092 -1.728195 -1.843566 -1.195178 -2.129611 -0.942894 -0.105619 -1.521982 -0.120437 -1.932262 -1.149062 -1.214923 -0.242479 
0.014482 0.512759 0.488643 0.716098 1.054309 0.054946 0.347372 0.616616 -0.757957 -1.381583 -1.727198 -1.701736 -0.154956 -1.377321 -0.533102 -1.756415 -0.307543 -0.439812 -0.837980 -1.741054 -1.927009 -1.705037 -1.655570 -0.286374 -0.584757 
0.265034 0.849096 0.784291 0.237995 0.703843 0.246971 0.143389 0.875644 -1.593300 -0.411341 -1.539395 -1.012494 -0.529081 -0.111484 -1.164755 -0.932567 -0.940352 -0.867035 -2.085992 -0.326442 -0.301352 -0.143643 -0.085094 -0.037772 -0.523778 
0.765017 0.590154 0.471820 0.888024 0.659988 0.391641 0.422667 0.744740 -1.124798 -1.929643 -2.012452 -1.701513 -1.089719 -0.704538 -0.050310 -1.429940 -1.412429 -1.731571 -1.391760 -0.759785 -1.499073 -0.777928 -0.502331 -0.390201 -0.632100 
0.150722 0.846166 0.687400 0.380146 0.571915 0.525817 0.711043 0.637997 -1.067579 -2.153201 -1.802088 -1.778816 -0.263315 -1.996166 -0.616451 -0.619787 -1.285492 -1.903849 -0.848143 -0.506528 -0.736156 -0.105469 -0.106782 -0.667892 -0.729813 
0.637176 0.464345 0.159151 0.042258 0.809695 0.449859 0.778199 0.227237 -1.733189 -0.113484 -0.244876 -0.750478 -1.616447 -1.965954 -0.819726 -1.736528 -1.124514 -1.033379 -0.338976 -0.012540 -0.996459 -0.429609 -0.744937 -0.758257 -0.794419 
0.016268 0.375187 0.912029 0.802244 0.312387 0.600084 0.088447 0.224237 -1.474316 -0.577103 -2.003808 -0.212776 -2.038484 -0.195117 -1.831985 -0.551538 -1.245451 0.130801 -1.062540 -0.757225 -0.539409 -0.974424 -0.595013 -0.711752 -0.344776 
0.317256 0.718202 0.824963 0.705210 0.177351 0.618755 0.223044 0.927563 -1.170063 -1.402562 -1.044508 -0.678036 -1.343115 -1.136593 0.946765 1.206009 0.007481 0.214038 -0.052891 -0.177834 -0.241361 -0.762926 -0.234878 -0.123566 -0.737716 
0.339775 0.554865 0.489556 0.951482 0.446805 0.850004 0.260802 0.088915 -1.649196 -1.704461 -0.096116 0.861015 1.119159 0.651981 1.472638 1.683255 1.387161 1.301053 1.979238 -0.459501 -0.675930 -1.124169 -0.457822 -0.284874 -0.623263 
0.352321 0.290323 0.194926 0.553645 1.035469 0.464664 0.150535 0.105730 -0.670234 0.979947 1.834837 0.046957 1.642164 0.468864 1.460699 1.469452 0.749069 1.801591 1.835532 -0.042049 -0.842859 -0.251640 -0.658307 -0.898016 -0.202411 
0.983531 0.396904 0.214804 -0.018134 0.553147 0.525197 0.614198 0.664275 1.385561 0.203336 1.120897 0.818545 1.476921 1.187632 0.621209 0.572140 0.965121 1.965371 1.255849 0.812688 -1.014110 -0.952389 -0.710797 -0.378593 -0.229435 
0.985207 0.246687 0.768175 0.500354 0.370141 0.701801 0.272965 0.160842 0.403269 0.635431 1.332797 0.927767 1.168206 0.805408 0.990918 1.230317 1.091104 0.607220 1.479339 1.829867 -0.912683 -0.416498 -0.474650 -0.153791 -0.438523 
0.187195 1.072387 0.543697 0.842924 0.166802 0.043545 2.120918 1.484900 1.582171 0.302825 1.907739 1.962629 0.583809 1.567671 1.613216 0.605824 0.681113 0.974456 1.009269 0.682474 -0.950414 -0.883782 -0.744661 -0.170644 -0.572441 
