2.0 2.0 2.0 2.0 2.0 2.0 2.0 2.0 2.0 2.0 2.0 2.0 2.0 2.0 2.0 1.0 1.0 1.0 1.0 1.0 1.0 1.0 1.0 1.0 1.0 
2.0 2.0 2.0 2.0 2.0 2.0 2.0 2.0 2.0 2.0 2.0 2.0 2.0 2.0 2.0 1.0 1.0 1.0 1.0 1.0 1.0 1.0 1.0 1.0 1.0 
2.0 2.0 2.0 2.0 2.0 2.0 2.0 2.0 2.0 2.0 2.0 2.0 2.0 2.0 2.0 1.0 1.0 1.0 1.0 1.0 1.0 1.0 1.0 1.0 1.0 
-2.0 2.0 2.0 2.0 2.0 2.0 2.0 2.0 2.0 2.0 2.0 2.0 2.0 2.0 2.0 1.0 1.0 1.0 1.0 1.0 1.0 1.0 1.0 1.0 1.0 
-2.0 -2.0 2.0 2.0 2.0 2.0 2.0 2.0 2.0 2.0 2.0 2.0 2.0 2.0 2.0 1.0 1.0 1.0 1.0 1.0 1.0 1.0 1.0 1.0 1.0 
-2.0 -2.0 -2.0 2.0 2.0 2.0 2.0 2.0 2.0 2.0 2.0 2.0 2.0 2.0 2.0 1.0 1.0 1.0 1.0 1.0 1.0 1.0 1.0 1.0 1.0 
-2.0 -2.0 -2.0 -2.0 -2.0 2.0 2.0 2.0 2.0 2.0 2.0 2.0 2.0 2.0 2.0 1.0 1.0 1.0 1.0 1.0 1.0 1.0 1.0 1.0 1.0 
-2.0 -2.0 -2.0 -2.0 -2.0 -2.0 2.0 2.0 2.0 2.0 2.0 2.0 2.0 2.0 2.0 1.0 1.0 1.0 1.0 1.0 1.0 1.0 1.0 1.0 1.0 
-2.0 -2.0 -2.0 -2.0 -2.0 -2.0 -2.0 2.0 2.0 2.0 2.0 2.0 2.0 2.0 2.0 1.0 1.0 1.0 1.0 1.0 1.0 1.0 1.0 1.0 1.0 
-2.0 -2.0 -2.0 -2.0 -2.0 -2.0 -2.0 -2.0 -2.0 2.0 2.0 2.0 2.0 2.0 2.0 1.0 1.0 1.0 1.0 1.0 1.0 1.0 1.0 1.0 1.0 
-2.0 -2.0 -2.0 -2.0 -2.0 -2.0 -2.0 -2.0 -2.0 -2.0 2.0 2.0 2.0 2.0 2.0 1.0 1.0 1.0 1.0 1.0 1.0 1.0 1.0 1.0 1.0 
-2.0 -2.0 -2.0 -2.0 -2.0 -2.0 -2.0 -2.0 -2.0 -2.0 -2.0 2.0 2.0 2.0 2.0 1.0 1.0 1.0 1.0 1.0 1.0 1.0 1.0 0.0 0.0 
-2.0 -2.0 -2.0 -2.0 -2.0 -2.0 -2.0 -2.0 -2.0 -2.0 -2.0 -2.0 -1.0 2.0 2.0 1.0 1.0 1.0 1.0 1.0 0.0 0.0 0.0 0.0 0.0 
-2.0 -2.0 -2.0 -2.0 -2.0 -2.0 -2.0 -2.0 -2.0 -2.0 -2.0 -1.0 -1.0 -1.0 -1.0 1.0 1.0 0.0 0.0 0.0 0.0 0.0 0.0 0.0 0.0 
-2.0 -2.0 -2.0 -2.0 -2.0 -2.0 -2.0 -2.0 -2.0 -1.0 -1.0 -1.0 -1.0 -1.0 -1.0 -1.0 0.0 0.0 0.0 0.0 0.0 0.0 0.0 0.0 0.0 
-2.0 -2.0 -2.0 -2.0 -2.0 -2.0 -2.0 -2.0 -1.0 -1.0 -1.0 -1.0 -1.0 -1.0 -1.0 -1.0 0.0 0.0 0.0 0.0 0.0 0.0 0.0 0.0 0.0 
-2.0 -2.0 -2.0 -2.0 -2.0 -2.0 -2.0 -1.0 -1.0 -1.0 -1.0 -1.0 -1.0 -1.0 -1.0 0.0 0.0 0.0 0.0 0.0 0.0 0.0 0.0 0.0 0.0 
-2.0 -2.0 -2.0 -2.0 -2.0 -1.0 -1.0 -1.0 -1.0 -1.0 -1.0 -1.0 -1.0 -1.0 -1.0 0.0 0.0 0.0 0.0 0.0 0.0 0.0 0.0 0.0 0.0 
-2.0 -2.0 -2.0 -2.0 -1.0 -1.0 -1.0 -1.0 -1.0 -1.0 -1.0 -1.0 -1.0 -1.0 -1.0 0.0 0.0 0.0 0.0 0.0 0.0 0.0 0.0 0.0 0.0 
-2.0 -2.0 -2.0 -1.0 -1.0 -1.0 -1.0 -1.0 -1.0 -1.0 -1.0 -1.0 -1.0 -1.0 -1.0 0.0 0.0 0.0 0.0 0.0 0.0 0.0 0.0 0.0 0.0 
-2.0 -1.0 -1.0 -1.0 -1.0 -1.0 -1.0 -1.0 -1.0 -1.0 -1.0 -1.0 -1.0 -1.0 -1.0 0.0 0.0 0.0 0.0 0.0 0.0 0.0 0.0 0.0 0.0 
-1.0 -1.0 -1.0 -1.0 -1.0 -1.0 -1.0 -1.0 -1.0 -1.0 -1.0 -1.0 -1.0 -1.0 -1.0 0.0 0.0 0.0 0.0 0.0 0.0 0.0 0.0 0.0 0.0 
-1.0 -1.0 -1.0 -1.0 -1.0 -1.0 -1.0 -1.0 -1.0 -1.0 -1.0 -1.0 -1.0 -1.0 0.0 0.0 0.0 0.0 0.0 0.0 0.0 0.0 0.0 0.0 0.0 
-1.0 -1.0 -1.0 -1.0 -1.0 -1.0 -1.0 -1.0 -1.0 -1.0 -1.0 -1.0 -1.0 -1.0 0.0 0.0 0.0 0.0 0.0 0.0 0.0 0.0 0.0 0.0 0.0 
-1.0 -1.0 -1.0 -1.0 -1.0 -1.0 -1.0 -1.0 -1.0 -1.0 -1.0 -1.0 -1.0 -1.0 0.0 0.0 0.0 0.0 0.0 0.0 0.0 0.0 0.0 0.0 0.0 

0.666210 0.375439 0.804189 0.110525 0.267863 0.112118 0.230614 0.970904 0.930732 0.865385 0.555802 0.957886 0.838642 0.707428 0.382566 0.686381 0.117226 0.340376 0.677859 0.865353 0.180943 0.260555 0.474373 0.696046 0.587631 
0.056594 0.439802 0.369925 0.935643 0.004095 0.026171 0.902105 0.740587 0.154624 0.876576 0.206175 0.450177 0.616848 0.214984 0.979260 0.265247 0.690970 0.908176 0.029211 0.008198 0.029671 0.014125 0.372798 0.766225 0.696201 
0.133844 0.781671 0.855428 0.740571 0.381353 0.060162 0.742004 0.466647 0.106889 0.717586 0.352247 0.865330 0.785186 0.578392 0.349169 0.552290 0.839751 0.712482 0.014053 0.713737 0.516721 0.444823 0.107643 0.093157 0.505083 
0.134908 0.385225 0.097331 0.009482 0.708515 0.451682 0.315736 0.962829 0.777831 0.143380 0.518537 0.877107 0.228509 0.584195 0.026991 0.007680 0.616790 0.487796 0.172522 0.308615 0.246965 0.636129 0.268287 0.058872 0.502110 
0.284112 0.950497 0.868310 0.588703 0.353885 0.048617 0.723882 0.318384 0.873272 0.404424 0.603668 0.525836 0.080081 0.204072 0.891593 0.744618 0.987431 0.456140 0.424845 0.483866 0.679750 0.538324 0.208195 0.581714 0.268811 
0.635135 0.253924 0.661930 0.947663 0.387976 0.100122 0.688932 0.239282 0.347781 0.569296 0.321223 0.465551 0.152423 0.605492 0.042069 0.862656 0.503628 0.434156 0.191831 0.124829 0.217422 0.288195 0.652410 0.847755 0.741990 
0.050381 0.438680 0.822902 0.657634 0.209850 0.453507 0.441412 0.027354 0.018312 0.302758 0.424888 0.543325 0.535302 0.218708 0.890382 0.866436 0.799936 0.053411 0.587588 0.963027 0.898405 0.222843 0.052717 0.306493 0.776226 
0.128181 0.902524 0.018429 0.793472 0.842440 0.811491 0.115936 0.667944 0.557697 0.386109 0.448245 0.065911 0.319723 0.254926 0.078158 0.585622 0.085433 0.529877 0.668114 0.970332 0.552481 0.169011 0.454087 0.601478 0.505707 
0.748022 0.816907 0.812248 0.753910 0.329181 0.388455 0.369168 0.696024 0.430216 0.450114 0.154701 0.326225 0.300102 0.616418 0.647466 0.828081 0.312695 0.989388 0.618560 0.191632 0.417199 0.550166 0.652962 0.207130 0.847654 
0.483323 0.317823 0.048493 0.031109 0.704938 0.341749 0.903356 0.524393 0.754558 0.098024 0.691211 0.798623 0.501033 0.250869 0.838473 0.965247 0.267722 0.646294 0.519334 0.652809 0.724834 0.779997 0.146246 0.058982 0.603783 
0.196745 0.612697 0.867373 0.679502 0.814019 0.207970 0.232890 0.934238 0.839109 0.871354 0.509408 0.733209 0.096034 0.871820 0.699295 0.892318 0.752873 0.007528 0.034521 0.127673 0.769421 0.085048 0.290464 0.575764 0.751099 
0.213530 0.686105 0.506021 0.122339 0.383617 0.858273 0.631419 0.737835 0.235234 0.609794 0.416946 0.777486 0.835742 0.633445 0.701873 0.848193 0.420777 0.736798 0.914434 0.795526 0.672577 0.311941 0.328835 0.513502 0.405959 
0.336345 0.575525 0.241591 0.986422 0.640613 0.777550 0.453980 0.187931 0.631567 0.815924 0.910999 0.900653 0.700127 0.517842 0.606525 0.931560 0.190255 0.920399 0.099767 0.014013 0.673734 0.823768 0.397856 0.471323 0.259154 
0.064923 0.130449 0.295990 0.924957 0.153801 0.797749 0.413544 0.714454 0.173823 0.508940 0.920386 0.706119 0.204508 0.464750 0.276792 0.106070 0.052872 0.631766 0.210500 0.563742 0.788580 0.579185 0.069815 0.377314 0.803650 
0.270333 0.886774 0.653699 0.111981 0.439061 0.383996 0.853293 0.524505 0.937655 0.160259 0.710688 0.445762 0.444995 0.621643 0.565848 0.390717 0.512366 0.153475 0.575907 0.472489 0.957211 0.484634 0.425464 0.311749 0.225569 
0.576296 0.197145 0.413807 0.353697 0.422387 0.403539 0.502359 0.245972 0.580082 0.701316 0.219540 0.837639 0.093794 0.710640 0.174143 0.761066 0.474060 0.298829 0.049626 0.408112 0.653823 0.346919 0.036474 0.002417 0.686981 
0.642732 0.872391 0.986972 0.279525 0.613852 0.767324 0.188162 0.451322 0.976858 0.173437 0.270476 0.782950 0.559445 0.081584 0.263682 0.587842 0.802057 0.826520 0.732888 0.237124 0.853341 0.732194 0.034316 0.943601 0.017963 
0.118402 0.200220 0.159634 0.716144 0.949427 0.970618 0.386158 0.311952 0.822578 0.867023 0.439027 0.817172 0.615793 0.346779 0.729721 0.317865 0.121845 0.411233 0.375311 0.699230 0.311620 0.184259 0.819337 0.896078 0.517805 
0.374861 0.802766 0.629851 0.069642 0.629813 0.751891 0.339969 0.085028 0.802784 0.517118 0.918139 0.908997 0.516783 0.221695 0.853577 0.735430 0.818564 0.643864 0.730367 0.030274 0.859240 0.180200 0.147488 0.725736 0.277342 
0.825094 0.337209 0.503056 0.483582 0.056576 0.835791 0.303449 0.164126 0.946853 0.944799 0.921716 0.733258 0.219348 0.835610 0.719831 0.709983 0.933068 0.399952 0.016985 0.431940 0.648465 0.542006 0.850811 0.524867 0.188990 
0.366758 0.338040 0.214386 0.927357 0.219032 0.972901 0.962416 0.811836 0.311985 0.774841 0.833592 0.943106 0.488255 0.219341 0.892619 0.515708 0.535857 0.616286 0.451777 0.764771 0.434775 0.472944 0.158803 0.563749 0.196477 
0.415000 0.096886 0.833208 0.221886 0.900482 0.291089 0.026057 0.963563 0.043695 0.042145 0.873254 0.931540 0.276230 0.419822 0.443433 0.231916 0.656245 0.536686 0.200259 0.700551 0.513988 0.555778 0.060754 0.507348 0.571010 
0.063831 0.100387 0.459771 0.653318 0.032908 0.589483 0.971100 0.260122 0.830886 0.950843 0.354288 0.174031 0.881219 0.786914 0.090944 0.664611 0.792511 0.989270 0.823756 0.620722 0.579861 0.648835 0.878235 0.600620 0.993425 
0.227700 0.708073 0.219322 0.271335 0.933603 0.241417 0.432510 0.829366 0.730244 0.610029 0.696806 0.054765 0.794564 0.691290 0.441109 0.063503 0.802336 0.712743 0.007074 0.560698 0.820112 0.340668 0.565133 0.521822 0.621200 
0.159337 0.848187 0.560906 0.815807 0.972394 0.466188 0.717713 0.966255 0.962487 0.162344 0.383847 0.279180 0.293087 0.219657 0.175014 0.827150 0.907817 0.349273 0.906331 0.232094 0.486761 0.058833 0.321683 0.942497 0.874715 

1.346165 1.110107 1.703996 0.270129 0.504789 0.099013 0.692865 2.240194 1.722649 1.864587 1.368486 2.059874 1.771705 1.367423 0.468178 0.624150 0.150793 -0.209547 0.865386 0.910617 0.179233 0.258127 0.664664 0.517231 0.676882 
0.055001 0.847762 0.836411 1.574261 0.227786 0.237406 1.624469 1.275624 0.525842 1.544077 0.625873 1.007325 1.521791 0.395353 2.004468 0.569896 0.971984 1.048817 -0.133707 -0.182309 0.010397 0.194357 0.525490 0.994578 0.666241 
0.252709 1.506711 1.794647 1.521253 0.803212 0.310567 1.661940 0.496223 0.606009 1.305231 0.593572 1.500690 1.668400 0.848357 0.824685 0.594963 0.917912 0.678941 0.186955 0.761125 0.484329 0.672592 0.167143 0.072227 0.293528 
0.079521 0.572908 -0.112072 0.152247 1.501732 0.903733 0.560201 1.748366 1.382919 -0.048820 1.244279 2.062811 0.516173 1.009439 0.199557 0.299029 1.139325 0.588973 0.274118 0.214429 0.235970 0.457024 0.354237 0.252690 0.083954 
-0.240257 -2.093588 1.851812 1.137942 0.868531 0.581605 1.534973 0.559393 1.846769 0.556109 1.292258 1.018535 -0.061160 0.904638 1.368561 0.770608 0.573742 0.576793 0.634971 0.254172 0.519165 0.572073 0.255647 0.655928 0.119677 
-1.218000 -0.601403 -1.166071 1.923141 0.629580 0.304790 1.207997 0.506826 0.920396 1.344144 0.611171 0.799190 0.464695 0.750855 0.241313 0.454069 0.398605 0.329902 0.220437 -0.029093 0.097448 0.226928 0.659767 0.962980 0.867588 
-0.188728 -0.894634 -1.625692 -1.073995 -0.615018 1.432773 1.077958 -0.099057 0.136761 0.672567 0.490103 1.143079 1.232974 0.623888 1.676517 0.524226 0.470170 -0.136368 0.514487 1.127595 1.104294 0.127664 -0.005446 0.070052 0.838118 
-0.006165 -1.876889 0.132427 -1.523617 -1.954758 -1.935217 0.021334 1.295552 1.126784 0.461588 0.922008 -0.022488 0.479898 0.472241 0.249273 0.851610 -0.006709 0.804285 0.501781 0.674011 0.536718 0.126167 0.534294 0.337089 0.775172 
-1.611242 -1.317156 -1.564925 -1.602993 -0.578428 -0.781464 -0.854493 1.219665 0.791132 0.669156 0.205319 0.178725 0.661447 0.938268 0.986160 1.071322 0.106265 0.652147 0.523586 0.348042 0.358457 0.811539 0.231715 0.215800 0.911312 
-0.794722 -0.841881 -0.175801 0.126332 -1.747710 -0.503142 -1.747222 -0.959043 -1.196170 0.000667 1.318688 1.467934 1.032372 0.559443 1.652477 0.706626 0.132386 0.749163 0.302634 0.645774 0.512919 0.403446 0.261022 0.142839 0.582252 
-0.492338 -1.330019 -1.701422 -1.335972 -1.755351 -0.417042 -0.684089 -1.904945 -1.874061 -2.060129 0.797295 1.340014 0.167854 1.613083 1.438892 0.713049 0.431157 -0.296718 -0.244546 0.102490 0.887372 -0.112120 0.109889 0.431488 0.522424 
-0.641315 -1.392811 -0.824158 0.153585 -0.921363 -1.538414 -1.503191 -1.455955 -0.406685 -0.894152 -0.806125 1.688313 1.558534 0.963093 1.547159 0.980420 0.360559 0.705985 0.913614 0.863490 0.310169 0.266575 -0.037266 0.134818 0.131051 
-0.451226 -1.325424 -0.659638 -1.984792 -1.296457 -1.259842 -0.736048 -0.227684 -1.364309 -1.418569 -1.851183 -1.565298 -0.484501 0.794019 1.020917 1.601180 0.021977 0.621039 -0.211789 0.329944 -0.440161 -0.097858 0.086831 -0.274458 0.150273 
-0.440486 -0.367398 -0.476063 -1.447596 -0.422992 -1.550005 -0.760771 -1.270311 -0.402604 -0.817701 -1.781137 -0.644423 -0.194887 -0.370602 -0.354800 0.225967 0.022614 0.216809 -0.115205 0.194960 -0.004151 -0.310584 -0.292792 0.059169 0.167020 
-0.267340 -1.920835 -0.832296 0.133383 -1.124251 -0.569700 -1.859199 -0.901577 -1.901710 -0.060299 -0.689040 -0.457549 -0.424294 -0.390987 -0.780514 -0.389773 -0.166064 -0.085743 -0.167837 -0.115006 0.114201 0.397764 0.023735 -0.018130 -0.043678 
-1.031984 -0.337426 -0.788669 -0.669839 -0.804018 -0.571482 -1.225453 -0.537794 -0.777984 -1.011532 -0.651400 -1.152472 -0.103421 -0.830873 -0.411801 -0.755795 -0.013799 -0.145407 -0.038110 -0.047411 -0.291218 -0.004599 0.080469 0.156656 0.534195 
-1.518263 -2.079250 -1.521535 -0.324645 -1.518452 -1.353582 -0.368342 -0.414376 -0.782784 -0.048761 -0.367349 -0.468672 -0.386401 0.026431 -0.203837 -0.501550 0.126464 -0.492626 -0.112971 0.065452 0.116872 -0.134293 0.246042 -0.220354 -0.028592 
-0.132467 -0.144240 -0.409069 -1.379890 -1.747511 -1.167706 -0.693080 -0.301259 -1.146381 -0.670063 -0.740653 -0.721075 -0.233260 -0.425580 -0.690883 0.289824 -0.031876 0.233159 0.197126 -0.165934 -0.418163 -0.038978 0.031793 0.234700 0.214633 
-0.573761 -1.549257 -1.142001 -0.077857 -0.597947 -0.877755 -0.779878 -0.244825 -0.906382 -0.440050 -0.939788 -1.181100 -0.480598 -0.170023 -0.904472 0.116795 -0.257360 -0.128881 -0.051257 -0.001734 -0.067754 -0.051938 0.078200 0.075573 -0.138051 
-1.572233 -0.777520 -1.296073 -0.182222 -0.020452 -0.821969 -0.314142 -0.258383 -0.700508 -0.981027 -0.946395 -0.647188 -0.236684 -1.008646 -0.679740 0.015331 -0.098030 0.286722 -0.040927 -0.076285 -0.023813 0.259525 -0.341590 0.070739 -0.383535 
-0.894282 0.017562 -0.075619 -0.753943 -0.443844 -0.741973 -0.920165 -0.525157 -0.737858 -0.550117 -0.931697 -1.228616 -0.225461 -0.071394 -1.227248 0.170693 0.016061 0.139585 -0.027383 0.026726 0.171860 -0.432774 0.004101 0.075351 0.331889 
-0.594215 -0.272701 -0.826199 -0.267184 -0.554054 -0.603971 -0.092635 -1.064152 -0.060365 0.126278 -0.993218 -0.613492 0.085920 -0.304483 -0.525373 -0.065951 -0.254791 -0.224118 -0.251775 0.175814 -0.202359 -0.454984 0.318702 -0.239293 -0.066010 
-0.427401 -0.543993 -0.568158 -0.884487 -0.055986 -0.450788 -0.901847 -0.212456 -1.190900 -0.779569 -0.298056 0.270068 -0.645646 -0.959984 -0.189991 -0.070625 -0.188888 -0.276472 0.102286 -0.294158 0.064978 0.454898 -0.109441 -0.360500 -0.170341 
-0.306570 -0.491533 -0.179432 -0.320019 -1.355244 0.004226 -0.749486 -0.531369 -0.804060 -0.567446 -0.793303 -0.001245 -0.813931 -0.694761 -0.196923 0.378985 0.267289 0.049476 0.200587 -0.032030 -0.041025 0.293860 0.232388 -0.088887 -0.031837 
-0.303540 -0.716344 -0.626802 -0.910844 -0.802332 -0.539627 -0.723955 -0.937453 -1.425047 -0.303446 -0.280436 -0.202856 -0.209468 0.084139 -0.018174 -0.065670 0.165668 -0.027835 0.152464 0.024303 0.008542 -0.040055 0.065650 -0.303126 -0.139198 
