2.0 2.0 2.0 2.0 2.0 2.0 2.0 2.0 2.0 -1.0 -1.0 -1.0 -1.0 -1.0 -1.0 -1.0 -1.0 -1.0 -1.0 -1.0 -1.0 -1.0 -1.0 -1.0 -1.0 
2.0 2.0 2.0 2.0 2.0 2.0 2.0 2.0 2.0 -1.0 -1.0 -1.0 -1.0 -1.0 -1.0 -1.0 -1.0 -1.0 -1.0 -1.0 -1.0 -1.0 -1.0 -1.0 -1.0 
2.0 2.0 2.0 2.0 2.0 2.0 2.0 2.0 2.0 -1.0 -1.0 -1.0 -1.0 -1.0 -1.0 -1.0 -1.0 -1.0 -1.0 -1.0 -1.0 -1.0 -1.0 -1.0 -1.0 
2.0 2.0 2.0 2.0 2.0 2.0 2.0 2.0 -1.0 -1.0 -1.0 -1.0 -1.0 -1.0 -1.0 -1.0 -1.0 -1.0 -1.0 -1.0 -1.0 -1.0 -1.0 -1.0 -1.0 
2.0 2.0 2.0 2.0 2.0 2.0 2.0 2.0 -1.0 -1.0 -1.0 -1.0 -1.0 -1.0 -1.0 -1.0 -1.0 -1.0 -1.0 -1.0 -1.0 -1.0 -1.0 -1.0 -1.0 
2.0 2.0 2.0 2.0 2.0 2.0 2.0 2.0 -1.0 -1.0 -1.0 -1.0 -1.0 -1.0 -1.0 -1.0 -1.0 -1.0 -1.0 -1.0 -1.0 -1.0 -1.0 -1.0 -1.0 
2.0 2.0 2.0 2.0 2.0 2.0 2.0 2.0 -1.0 -1.0 -1.0 -1.0 -1.0 -1.0 -1.0 -1.0 -1.0 -1.0 -1.0 -1.0 -1.0 -1.0 -1.0 -1.0 -1.0 
2.0 2.0 2.0 2.0 2.0 2.0 2.0 2.0 -1.0 -1.0 -1.0 -1.0 -1.0 -1.0 -1.0 -1.0 -1.0 -1.0 -1.0 -1.0 -1.0 -1.0 -1.0 -1.0 -1.0 
2.0 2.0 2.0 2.0 2.0 2.0 2.0 2.0 -1.0 -1.0 -1.0 -1.0 -1.0 -1.0 -1.0 -1.0 -1.0 -1.0 -1.0 -1.0 -1.0 -1.0 -1.0 -1.0 -1.0 
2.0 2.0 2.0 2.0 2.0 2.0 2.0 -1.0 -1.0 -1.0 -1.0 -1.0 -1.0 -1.0 -1.0 -1.0 -1.0 -1.0 -1.0 -1.0 -1.0 -1.0 -1.0 -1.0 -1.0 
2.0 2.0 2.0 2.0 2.0 2.0 2.0 -1.0 -1.0 -1.0 -1.0 -1.0 -1.0 -1.0 -1.0 -1.0 -1.0 -1.0 -1.0 -1.0 -1.0 -1.0 -1.0 -1.0 -1.0 
2.0 2.0 2.0 2.0 2.0 2.0 2.0 -1.0 -1.0 -1.0 -1.0 -1.0 -1.0 -1.0 -1.0 -1.0 -1.0 -1.0 -1.0 1.0 1.0 1.0 1.0 1.0 1.0 
2.0 2.0 0.0 0.0 0.0 0.0 0.0 0.0 0.0 -1.0 -1.0 -1.0 1.0 1.0 1.0 1.0 1.0 1.0 1.0 1.0 1.0 1.0 1.0 1.0 1.0 
0.0 0.0 0.0 0.0 0.0 0.0 0.0 0.0 0.0 0.0 1.0 1.0 1.0 1.0 1.0 1.0 1.0 1.0 1.0 1.0 1.0 1.0 1.0 1.0 1.0 
0.0 0.0 0.0 0.0 0.0 0.0 0.0 0.0 0.0 0.0 1.0 1.0 1.0 1.0 1.0 1.0 1.0 1.0 1.0 1.0 1.0 1.0 1.0 1.0 1.0 
0.0 0.0 0.0 0.0 0.0 0.0 0.0 0.0 0.0 0.0 0.0 1.0 1.0 1.0 1.0 1.0 1.0 1.0 1.0 1.0 1.0 1.0 1.0 1.0 1.0 
-2.0 0.0 0.0 0.0 0.0 0.0 0.0 0.0 0.0 0.0 0.0 1.0 1.0 1.0 1.0 1.0 1.0 1.0 1.0 1.0 1.0 1.0 1.0 1.0 1.0 
-2.0 -2.0 0.0 0.0 0.0 0.0 0.0 0.0 0.0 0.0 0.0 1.0 1.0 1.0 1.0 1.0 1.0 1.0 1.0 1.0 1.0 1.0 1.0 1.0 1.0 
-2.0 -2.0 -2.0 0.0 0.0 0.0 0.0 0.0 0.0 0.0 0.0 1.0 1.0 1.0 1.0 1.0 1.0 1.0 1.0 1.0 1.0 1.0 1.0 1.0 1.0 
-2.0 -2.0 -2.0 -2.0 0.0 0.0 0.0 0.0 0.0 0.0 0.0 1.0 1.0 1.0 1.0 1.0 1.0 1.0 1.0 1.0 1.0 1.0 1.0 1.0 1.0 
-2.0 -2.0 -2.0 -2.0 -2.0 0.0 0.0 0.0 0.0 0.0 0.0 0.0 1.0 1.0 1.0 1.0 1.0 1.0 1.0 1.0 1.0 1.0 1.0 1.0 1.0 
-2.0 -2.0 -2.0 -2.0 -2.0 -2.0 0.0 0.0 0.0 0.0 0.0 0.0 1.0 1.0 1.0 1.0 1.0 1.0 1.0 1.0 1.0 1.0 1.0 1.0 1.0 
-2.0 -2.0 -2.0 -2.0 -2.0 -2.0 -2.0 0.0 0.0 0.0 0.0 0.0 1.0 1.0 1.0 1.0 1.0 1.0 1.0 1.0 1.0 1.0 1.0 1.0 1.0 
-2.0 -2.0 -2.0 -2.0 -2.0 -2.0 -2.0 -2.0 0.0 0.0 0.0 0.0 1.0 1.0 1.0 1.0 1.0 1.0 1.0 1.0 1.0 1.0 1.0 1.0 1.0 
-2.0 -2.0 -2.0 -2.0 -2.0 -2.0 -2.0 -2.0 -2.0 0.0 0.0 0.0 1.0 1.0 1.0 1.0 1.0 1.0 1.0 1.0 1.0 1.0 1.0 1.0 1.0 

0.236507 0.725093 0.209399 0.956416 0.846148 0.983727 0.298997 0.386893 0.603537 0.140734 0.082636 0.512625 0.026629 0.301170 0.175932 0.077710 0.306164 0.919202 0.305729 0.664207 0.679248 0.036173 0.419762 0.067193 0.656192 
0.646998 0.976222 0.474449 0.997903 0.333214 0.822009 0.467119 0.020213 0.845579 0.092711 0.999609 0.931756 0.060624 0.593134 0.964156 0.103821 0.009157 0.036624 0.532177 0.812428 0.320148 0.522574 0.151001 0.883657 0.164357 
0.570062 0.839492 0.056703 0.819507 0.669720 0.991536 0.381002 0.624515 0.486957 0.491137 0.165156 0.277835 0.874262 0.276726 0.549413 0.368179 0.171642 0.486133 0.336647 0.360853 0.107783 0.014135 0.716071 0.942083 0.376811 
0.308372 0.766830 0.197392 0.750580 0.289990 0.979631 0.724503 0.966263 0.424219 0.331142 0.809878 0.415542 0.418361 0.327296 0.744267 0.617534 0.999210 0.759650 0.774147 0.426457 0.437462 0.511117 0.594641 0.998276 0.192866 
0.015984 0.264507 0.605355 0.358084 0.193103 0.409753 0.357588 0.098976 0.123421 0.322027 0.047418 0.909948 0.371908 0.676407 0.433703 0.911463 0.571540 0.199560 0.882040 0.246149 0.713321 0.547150 0.142986 0.434079 0.764204 
0.696694 0.099155 0.338161 0.766586 0.499833 0.151979 0.483871 0.186490 0.445947 0.871665 0.382535 0.173320 0.535632 0.134572 0.739466 0.179164 0.938001 0.231200 0.179867 0.483468 0.969535 0.382031 0.764338 0.550436 0.890605 
0.964952 0.181331 0.485399 0.020781 0.701571 0.999975 0.243020 0.676779 0.530267 0.184045 0.936644 0.841598 0.728105 0.182387 0.385005 0.553706 0.505102 0.565327 0.615561 0.123043 0.131407 0.817719 0.156407 0.053992 0.592279 
0.196810 0.653073 0.355961 0.265466 0.361003 0.525973 0.883976 0.135565 0.379401 0.200271 0.881728 0.023170 0.170100 0.339495 0.394984 0.649289 0.220525 0.597408 0.130069 0.613394 0.149701 0.404793 0.897053 0.526169 0.524184 
0.509689 0.411416 0.196941 0.904605 0.226686 0.865917 0.631726 0.802519 0.177608 0.396245 0.511132 0.522681 0.861489 0.804802 0.223175 0.404002 0.759982 0.548286 0.318764 0.652200 0.178695 0.678740 0.410412 0.555890 0.415738 
0.397598 0.791337 0.711031 0.505481 0.148814 0.872026 0.286916 0.050860 0.661328 0.568489 0.019417 0.544751 0.080181 0.129551 0.389623 0.346501 0.792700 0.282351 0.761595 0.169344 0.334380 0.281571 0.639748 0.676933 0.739193 
0.159895 0.332470 0.914073 0.861023 0.632533 0.957653 0.139792 0.172157 0.533339 0.615441 0.178847 0.886932 0.712767 0.608235 0.305606 0.988567 0.778019 0.278164 0.615374 0.011409 0.612620 0.461684 0.208195 0.531307 0.830174 
0.496227 0.770241 0.594420 0.486123 0.022665 0.496701 0.078406 0.129193 0.355640 0.599833 0.175406 0.324942 0.797951 0.946728 0.360395 0.765279 0.324837 0.113645 0.664151 0.493334 0.526442 0.515046 0.268895 0.517505 0.489491 
0.973802 0.984497 0.635417 0.724434 0.614560 0.761587 0.333957 0.336184 0.298680 0.947581 0.182546 0.427108 0.805526 0.512162 0.623457 0.351885 0.199950 0.503341 0.935236 0.949712 0.804979 0.913484 0.330528 0.930540 0.068172 
0.570310 0.105425 0.119116 0.457077 0.718455 0.216410 0.320991 0.963917 0.584838 0.950212 0.780716 0.205746 0.717349 0.866754 0.089381 0.910305 0.229542 0.836235 0.965321 0.872480 0.220484 0.102376 0.281013 0.508594 0.903102 
0.177209 0.586980 0.339940 0.804050 0.074668 0.369042 0.616558 0.264504 0.917734 0.355013 0.354499 0.707709 0.865039 0.218295 0.479894 0.664454 0.679268 0.899399 0.875592 0.384905 0.852636 0.712032 0.750509 0.341508 0.229158 
0.246501 0.408527 0.836502 0.368434 0.883445 0.826938 0.634984 0.223503 0.190420 0.125102 0.679509 0.552267 0.748780 0.804915 0.066336 0.236159 0.115925 0.536034 0.449807 0.754693 0.140026 0.489279 0.050833 0.950832 0.429998 
0.262996 0.680739 0.638365 0.278930 0.381686 0.133834 0.628176 0.914764 0.247704 0.832246 0.630352 0.463828 0.061497 0.058411 0.810610 0.765243 0.710548 0.693579 0.247653 0.642693 0.785925 0.051817 0.352499 0.168122 0.195311 
0.989885 0.186768 0.578975 0.021329 0.650930 0.309947 0.752082 0.151731 0.288415 0.212688 0.861044 0.259806 0.291104 0.957249 0.619936 0.005721 0.677122 0.276678 0.544228 0.462759 0.105639 0.816171 0.541730 0.932514 0.817967 
0.809705 0.471917 0.484863 0.319565 0.459738 0.258159 0.918649 0.061448 0.337979 0.774800 0.175990 0.173313 0.712926 0.677397 0.548895 0.733685 0.921693 0.124936 0.947842 0.535975 0.929892 0.143444 0.823156 0.372212 0.386467 
0.099881 0.529767 0.829999 0.860025 0.443301 0.045235 0.311140 0.716913 0.689818 0.059716 0.939720 0.341514 0.628997 0.182131 0.034757 0.678765 0.937540 0.878620 0.175592 0.633623 0.420769 0.721624 0.391547 0.667670 0.716356 
0.530163 0.345579 0.473634 0.745094 0.944175 0.627898 0.216210 0.394807 0.363175 0.055161 0.227351 0.087584 0.319515 0.344869 0.665890 0.992612 0.343333 0.038621 0.520118 0.262791 0.378825 0.694126 0.223937 0.038123 0.160082 
0.665936 0.723752 0.597638 0.587292 0.565873 0.658095 0.020371 0.716177 0.602136 0.000221 0.859226 0.474305 0.770830 0.187368 0.047780 0.396504 0.673271 0.451341 0.043519 0.456842 0.646076 0.595500 0.958660 0.107410 0.827435 
0.684771 0.088121 0.025464 0.646571 0.251319 0.029118 0.344100 0.595118 0.140782 0.168620 0.730764 0.873237 0.342731 0.617207 0.691769 0.086886 0.316037 0.246457 0.869792 0.082824 0.878119 0.595372 0.045828 0.919325 0.903251 
0.760283 0.166568 0.496040 0.755308 0.612167 0.389634 0.244531 0.769353 0.376314 0.201394 0.910314 0.223600 0.047615 0.136614 0.696321 0.144113 0.547603 0.435782 0.732976 0.040517 0.243133 0.027192 0.312858 0.320586 0.478599 
0.351281 0.450222 0.072605 0.987470 0.699191 0.501543 0.653693 0.572276 0.018169 0.686209 0.783819 0.599936 0.510847 0.285170 0.993040 0.332281 0.503797 0.158126 0.343374 0.496729 0.995573 0.123440 0.373868 0.676168 0.782057 

0.534237 1.396352 0.294675 1.874140 1.836429 1.943320 0.784047 0.696129 1.252099 -0.318984 0.013876 -0.465580 -0.014654 -0.350553 -0.320984 -0.004558 -0.361565 -0.996866 -0.177384 -0.545214 -0.667498 0.049037 -0.263904 0.052902 -0.680100 
1.107556 1.818406 1.123626 1.951011 0.693330 1.694408 0.955843 0.046962 1.673992 0.088005 -1.123477 -1.049165 -0.313400 -0.710956 -0.999434 -0.074453 -0.100072 -0.070970 -0.323317 -0.751582 -0.287550 -0.517991 -0.141466 -0.887359 -0.246809 
1.140616 1.797308 0.013300 1.649714 1.386817 1.897897 0.855635 1.150681 0.941727 -0.455503 -0.345398 -0.170871 -0.918542 -0.172989 -0.551610 -0.397968 -0.227469 -0.488966 -0.349796 -0.308418 -0.253460 -0.015625 -0.553190 -0.782304 -0.397038 
0.474030 1.428151 0.461247 1.160330 0.547946 1.908834 1.486800 1.943515 -0.319258 -0.186442 -0.801550 -0.378267 -0.238353 -0.439424 -0.847968 -0.681573 -0.984435 -0.742844 -0.679868 -0.431287 -0.575945 -0.494741 -0.540859 -0.914320 -0.187376 
0.092396 0.726536 1.201155 0.631532 0.335661 0.775001 0.789488 0.198417 -0.221711 -0.239858 -0.136817 -1.048526 -0.433830 -0.669191 -0.467785 -1.027620 -0.662805 -0.174575 -0.900588 0.026227 -0.779260 -0.521708 -0.036426 -0.372132 -0.608121 
1.177917 0.036977 0.675255 1.658004 1.055045 0.418445 0.954069 0.168094 -0.407620 -0.924077 -0.367971 -0.084308 -0.578982 -0.092534 -0.778310 -0.226442 -0.899870 -0.346469 -0.111836 -0.443251 -0.868076 -0.492237 -0.894235 -0.626470 -1.035852 
1.863159 0.465951 1.042095 -0.157770 1.395981 1.967842 0.432195 1.382529 -0.556943 -0.092100 -0.917688 -0.889122 -0.729421 -0.409408 -0.504161 -0.681929 -0.712547 -0.548727 -0.667881 -0.122577 -0.319082 -0.796724 -0.085772 0.117319 -0.607529 
0.098154 1.224614 0.688384 0.563396 0.755088 1.071248 1.761460 0.268272 -0.481993 -0.039908 -0.884848 0.037971 -0.162122 -0.367156 -0.487833 -0.821519 -0.228262 -0.589446 -0.289504 -0.580540 -0.080595 -0.371370 -1.049826 -0.640762 -0.608519 
1.020751 0.662470 0.443152 1.926912 0.295354 1.882189 1.148599 1.602589 -0.206300 -0.451787 -0.345955 -0.503923 -0.814512 -0.731984 -0.121427 -0.238085 -0.743111 -0.362478 -0.350374 -0.792896 -0.060059 -0.819333 -0.330122 -0.480507 -0.344032 
0.782603 1.705760 1.443266 1.056384 0.333902 1.511961 0.611409 -0.069411 -0.525463 -0.422076 -0.234199 -0.517915 -0.025713 -0.017086 -0.243660 -0.384362 -0.887784 -0.348627 -0.697098 -0.177376 -0.264127 -0.233500 -0.615402 -0.563959 -0.564549 
0.242758 0.628258 1.895037 1.754101 1.448680 1.919680 0.288267 -0.164679 -0.640692 -0.584451 -0.268117 -0.850524 -0.440908 -0.594248 -0.339144 -1.082426 -0.707613 -0.318531 -0.557485 0.049094 -0.726343 -0.497144 -0.128203 -0.580559 -0.866331 
1.053155 1.600685 1.211637 0.928107 0.132025 1.113663 0.183634 -0.210227 -0.458426 -0.830404 -0.211607 -0.270722 -0.755515 -0.867345 -0.444774 -0.819597 -0.257761 -0.113943 -0.706525 0.658903 0.554363 0.651709 0.361218 0.622913 0.710891 
1.986888 1.836101 0.108338 0.085599 0.281866 0.010086 0.074750 -0.090747 -0.083557 -0.773155 -0.201446 -0.314405 0.839492 0.494178 0.538303 0.331392 -0.030315 0.383688 1.095628 0.972480 0.770122 0.813832 0.171315 1.013291 -0.067145 
0.089447 -0.041747 0.064940 -0.052060 -0.007302 0.062021 0.213065 0.036094 -0.059418 -0.004251 0.664714 0.065285 0.807067 0.960065 0.068960 0.907450 0.370241 0.922526 1.025877 0.963300 0.220835 0.034149 0.403192 0.524271 0.990226 
0.009606 -0.064862 -0.040053 0.068318 -0.039659 -0.063113 0.044761 -0.066252 0.111963 0.059569 0.324659 0.863397 0.784037 0.183263 0.530715 0.705363 0.636609 0.699961 0.828019 0.485326 0.655727 0.760917 0.859726 0.349204 0.301091 
-0.019820 0.049378 -0.054506 -0.085844 -0.140265 -0.135823 0.184611 0.035289 0.032988 0.135929 -0.023600 0.437195 0.795072 0.780197 -0.031532 0.127144 0.049820 0.600598 0.509389 0.963646 0.130531 0.484800 -0.126418 0.965592 0.323984 
-0.304872 -0.135867 0.009508 -0.008239 -0.109506 0.086012 -0.164180 0.002686 0.080699 0.007169 0.129695 0.537145 0.210694 0.066644 0.820758 0.808566 0.763822 0.750293 0.277657 0.741723 0.733701 0.294884 0.257036 0.116531 0.256692 
-2.004411 -0.167667 0.037604 -0.033496 -0.221339 0.047442 -0.170556 -0.024194 -0.055379 0.143976 0.230536 0.272923 0.277386 0.914792 0.762351 -0.217545 0.744213 0.312107 0.429418 0.285967 0.089892 0.913077 0.501034 0.948695 0.864634 
-1.688291 -0.887063 -0.999996 -0.080731 -0.025684 -0.126342 0.148854 0.092671 0.053952 -0.033318 -0.249789 0.276155 0.779476 0.659920 0.518250 0.758825 0.789477 0.185720 0.889916 0.534417 0.821340 0.113428 0.943267 0.331450 0.323059 
-0.096631 -0.980056 -1.748767 -1.783254 -0.190837 0.067233 -0.068421 -0.218590 0.076555 -0.052706 0.024876 0.304342 0.611667 0.177170 0.141631 0.784631 0.994029 0.758147 0.192926 0.740231 0.317589 0.857748 0.502119 0.618473 0.521295 
-1.000151 -0.682050 -0.782089 -1.505340 -1.856341 -0.087239 0.034781 0.075600 0.094789 0.196347 0.036669 -0.161591 0.459976 0.365122 0.679275 1.051103 0.245264 0.101902 0.434586 0.297150 0.318534 0.717274 0.284196 0.155283 0.177821 
-1.296795 -1.143300 -1.135418 -1.180189 -1.112227 -1.423308 0.166877 0.133563 0.163171 0.112459 -0.063690 -0.120237 0.806285 0.181394 0.081284 0.390265 0.731251 0.344694 -0.035917 0.433619 0.604492 0.656430 0.829543 0.284988 0.839433 
-1.285596 -0.424753 -0.004614 -1.458223 -0.530786 0.018993 -0.705243 -0.042207 -0.052385 0.052793 -0.198073 -0.041171 0.181484 0.424583 0.654565 0.198302 0.321222 0.376626 0.979910 0.015634 0.784596 0.675034 0.161141 0.994077 1.046807 
-1.464879 -0.371890 -1.104957 -1.588725 -1.176415 -0.774011 -0.472529 -1.630376 0.136715 0.056681 -0.027250 -0.075226 0.120935 0.182339 0.684761 0.084931 0.604883 0.583430 0.817742 0.089794 0.245085 -0.078199 0.249448 0.424219 0.478419 
-0.766211 -0.780665 -0.283354 -2.100805 -1.242637 -1.030700 -1.304890 -1.085606 0.082520 0.256798 0.306807 -0.281429 0.507937 0.325498 0.941369 0.370673 0.598133 -0.020620 0.480405 0.662191 0.874778 0.047627 0.281238 0.819596 0.783226 
