0.0 0.0 0.0 0.0 0.0 0.0 0.0 0.0 0.0 0.0 0.0 0.0 0.0 0.0 0.0 0.0 0.0 0.0 0.0 0.0 0.0 0.0 0.0 0.0 0.0 
0.0 0.0 0.0 0.0 0.0 0.0 0.0 0.0 0.0 0.0 0.0 0.0 0.0 0.0 0.0 0.0 0.0 0.0 0.0 0.0 0.0 0.0 0.0 0.0 0.0 
0.0 0.0 0.0 0.0 0.0 0.0 0.0 0.0 0.0 0.0 0.0 0.0 0.0 0.0 0.0 0.0 0.0 0.0 0.0 0.0 0.0 0.0 0.0 0.0 0.0 
0.0 0.0 0.0 0.0 0.0 0.0 0.0 0.0 0.0 0.0 0.0 0.0 0.0 0.0 0.0 0.0 0.0 0.0 0.0 0.0 0.0 0.0 0.0 0.0 0.0 
0.0 0.0 0.0 0.0 0.0 0.0 0.0 0.0 0.0 0.0 0.0 0.0 0.0 0.0 0.0 0.0 0.0 0.0 0.0 0.0 0.0 0.0 0.0 0.0 0.0 
0.0 0.0 0.0 0.0 0.0 0.0 0.0 0.0 0.0 0.0 0.0 0.0 0.0 0.0 0.0 0.0 0.0 0.0 0.0 0.0 0.0 0.0 0.0 0.0 0.0 
-2.0 0.0 0.0 0.0 0.0 0.0 0.0 0.0 0.0 0.0 0.0 0.0 0.0 0.0 0.0 0.0 0.0 0.0 0.0 0.0 0.0 0.0 0.0 0.0 0.0 
-2.0 -2.0 0.0 0.0 0.0 0.0 0.0 0.0 0.0 0.0 0.0 0.0 0.0 0.0 0.0 0.0 0.0 0.0 0.0 0.0 0.0 0.0 0.0 0.0 0.0 
-2.0 -2.0 -2.0 0.0 0.0 0.0 0.0 0.0 0.0 0.0 0.0 0.0 0.0 0.0 0.0 0.0 0.0 0.0 0.0 0.0 0.0 0.0 0.0 0.0 0.0 
-2.0 -2.0 -2.0 -1.0 -1.0 -1.0 -1.0 0.0 0.0 0.0 0.0 0.0 0.0 0.0 0.0 0.0 0.0 0.0 0.0 0.0 0.0 0.0 0.0 0.0 0.0 
-2.0 -2.0 -2.0 -1.0 -1.0 -1.0 -1.0 -1.0 -1.0 -1.0 -1.0 0.0 0.0 0.0 0.0 0.0 0.0 0.0 0.0 0.0 0.0 0.0 0.0 0.0 0.0 
-2.0 -2.0 -2.0 -2.0 -1.0 -1.0 -1.0 -1.0 -1.0 -1.0 -1.0 -1.0 -1.0 -1.0 -1.0 0.0 0.0 0.0 0.0 0.0 0.0 0.0 0.0 0.0 0.0 
-2.0 -2.0 -2.0 -2.0 -1.0 -1.0 -1.0 -1.0 -1.0 -1.0 -1.0 -1.0 -1.0 -1.0 -1.0 -1.0 -1.0 -1.0 -1.0 0.0 0.0 0.0 0.0 0.0 0.0 
-2.0 -2.0 -2.0 -2.0 -1.0 -1.0 -1.0 -1.0 -1.0 -1.0 -1.0 -1.0 -1.0 -1.0 -1.0 -1.0 -1.0 -1.0 -1.0 -1.0 -1.0 -1.0 -1.0 0.0 0.0 
-2.0 -2.0 -2.0 -2.0 -1.0 -1.0 -1.0 -1.0 -1.0 -1.0 -1.0 -1.0 -1.0 -1.0 -1.0 -1.0 -1.0 -1.0 -1.0 -1.0 -1.0 -1.0 -1.0 -1.0 -1.0 
-2.0 -2.0 -2.0 -2.0 -2.0 -1.0 -1.0 -1.0 -1.0 -1.0 -1.0 -1.0 -1.0 -1.0 -1.0 -1.0 -1.0 -1.0 -1.0 -1.0 -1.0 -1.0 -1.0 -1.0 -1.0 
-2.0 -2.0 -2.0 -2.0 -2.0 -1.0 -1.0 -1.0 -1.0 -1.0 -1.0 -1.0 -1.0 -1.0 -1.0 -1.0 -1.0 -1.0 -1.0 -1.0 -1.0 -1.0 -1.0 -1.0 -1.0 
-2.0 -2.0 -2.0 -2.0 2.0 -1.0 -1.0 -1.0 -1.0 -1.0 -1.0 -1.0 -1.0 -1.0 -1.0 -1.0 -1.0 -1.0 -1.0 -1.0 -1.0 -1.0 -1.0 -1.0 -1.0 
-2.0 -2.0 -2.0 -2.0 2.0 2.0 -1.0 -1.0 -1.0 -1.0 -1.0 -1.0 -1.0 -1.0 -1.0 -1.0 -1.0 -1.0 -1.0 -1.0 -1.0 -1.0 -1.0 -1.0 -1.0 
-2.0 -2.0 -2.0 2.0 2.0 2.0 2.0 -1.0 -1.0 -1.0 -1.0 -1.0 -1.0 -1.0 -1.0 -1.0 -1.0 -1.0 -1.0 -1.0 -1.0 -1.0 -1.0 -1.0 -1.0 
-2.0 -2.0 1.0 2.0 2.0 2.0 2.0 2.0 -1.0 -1.0 -1.0 -1.0 -1.0 -1.0 -1.0 -1.0 -1.0 -1.0 -1.0 -1.0 -1.0 -1.0 -1.0 -1.0 -1.0 
-2.0 1.0 1.0 1.0 2.0 2.0 2.0 2.0 2.0 -1.0 -1.0 -1.0 -1.0 -1.0 -1.0 -1.0 -1.0 -1.0 -1.0 -1.0 -1.0 -1.0 -1.0 -1.0 -1.0 
1.0 1.0 1.0 1.0 1.0 2.0 2.0 2.0 2.0 2.0 -1.0 -1.0 -1.0 -1.0 -1.0 -1.0 -1.0 -1.0 -1.0 -1.0 -1.0 -1.0 -1.0 -1.0 -1.0 
1.0 1.0 1.0 1.0 1.0 1.0 2.0 2.0 2.0 2.0 2.0 -1.0 -1.0 -1.0 -1.0 -1.0 -1.0 -1.0 -1.0 -1.0 -1.0 -1.0 -1.0 -1.0 -1.0 
1.0 1.0 1.0 1.0 1.0 1.0 1.0 2.0 2.0 2.0 2.0 2.0 -1.0 -1.0 -1.0 -1.0 -1.0 -1.0 -1.0 -1.0 -1.0 -1.0 -1.0 -1.0 -1.0 

0.331627 0.068442 0.342181 0.168057 0.052858 0.014351 0.575600 0.355208 0.088950 0.386983 0.011724 0.027854 0.107165 0.887789 0.307937 0.296744 0.394854 0.581663 0.124867 0.558662 0.014985 0.235872 0.887472 0.879151 0.749029 
0.463037 0.523374 0.517248 0.809414 0.844060 0.283540 0.380581 0.999691 0.197995 0.205810 0.286792 0.617637 0.567949 0.983395 0.530662 0.128294 0.831700 0.228252 0.158663 0.040397 0.379311 0.189910 0.407363 0.430498 0.220749 
0.420482 0.255420 0.501400 0.090395 0.769855 0.783948 0.880063 0.171782 0.102396 0.329260 0.690836 0.411360 0.672268 0.656823 0.413193 0.245585 0.884644 0.635705 0.762347 0.167170 0.817537 0.188092 0.226122 0.445226 0.456779 
0.654778 0.982566 0.037871 0.928449 0.849064 0.883554 0.652284 0.714909 0.182991 0.673060 0.803437 0.990456 0.476055 0.551435 0.778002 0.213237 0.361581 0.985802 0.263893 0.332507 0.690034 0.279547 0.085649 0.836496 0.434532 
0.134563 0.389326 0.408589 0.111907 0.017388 0.484745 0.598204 0.381218 0.356279 0.006559 0.480641 0.591433 0.510651 0.293140 0.432665 0.546034 0.801588 0.048123 0.792036 0.816290 0.601888 0.636025 0.806611 0.285711 0.589864 
0.653182 0.624796 0.659700 0.474906 0.012328 0.166672 0.479424 0.701313 0.308693 0.621399 0.375755 0.674047 0.761761 0.466729 0.978945 0.015845 0.213817 0.400740 0.379093 0.480144 0.117699 0.374292 0.518706 0.309695 0.279052 
0.934507 0.321863 0.558203 0.896646 0.962581 0.903173 0.082773 0.230301 0.448425 0.316982 0.244725 0.286826 0.246787 0.822355 0.022965 0.958724 0.637631 0.760504 0.268346 0.618555 0.938868 0.423629 0.314213 0.306887 0.779690 
0.531171 0.516956 0.633287 0.466943 0.555876 0.772694 0.235958 0.092458 0.701508 0.316853 0.704513 0.414777 0.195951 0.053668 0.400963 0.115496 0.944674 0.292889 0.250115 0.486822 0.721026 0.156802 0.746769 0.925564 0.079629 
0.363149 0.252580 0.722714 0.039120 0.151498 0.715620 0.593933 0.804566 0.448938 0.841570 0.569558 0.594296 0.334595 0.133866 0.531336 0.202122 0.686594 0.113906 0.161077 0.318790 0.757992 0.533967 0.834755 0.623334 0.781100 
0.180866 0.262797 0.990804 0.588198 0.058047 0.101577 0.754293 0.421243 0.672260 0.522123 0.835235 0.439122 0.139837 0.894407 0.847767 0.342093 0.618817 0.437414 0.909269 0.223889 0.750458 0.297247 0.819893 0.782711 0.551628 
0.183367 0.570825 0.624756 0.838249 0.801533 0.676269 0.401792 0.994471 0.692754 0.579230 0.267269 0.161594 0.608031 0.790954 0.123115 0.774631 0.609627 0.633899 0.044268 0.017935 0.036420 0.863098 0.628038 0.340457 0.185751 
0.185281 0.945662 0.446952 0.011404 0.044477 0.099345 0.845968 0.048553 0.460829 0.870515 0.084217 0.926301 0.085809 0.618030 0.493956 0.628362 0.088777 0.562441 0.263259 0.307161 0.235508 0.914639 0.231948 0.160039 0.597529 
0.371903 0.352998 0.415054 0.637006 0.296251 0.912219 0.901961 0.780954 0.682178 0.283823 0.328768 0.091247 0.623884 0.927822 0.617297 0.218323 0.231321 0.781200 0.548781 0.619606 0.600149 0.486227 0.976708 0.136626 0.122491 
0.864973 0.674710 0.391141 0.488980 0.071790 0.529219 0.995079 0.375541 0.911627 0.100362 0.558853 0.076475 0.964925 0.582523 0.610925 0.463507 0.942050 0.915353 0.878566 0.784596 0.191305 0.650828 0.217497 0.671835 0.240642 
0.310549 0.116630 0.939184 0.035062 0.120509 0.692475 0.182870 0.187969 0.165499 0.857377 0.424292 0.588495 0.590035 0.992837 0.823866 0.977367 0.610065 0.824904 0.313664 0.719767 0.740730 0.582548 0.409561 0.537119 0.505846 
0.715407 0.032052 0.629373 0.079326 0.642919 0.538448 0.797022 0.132578 0.166046 0.864585 0.799604 0.401929 0.671297 0.028752 0.784688 0.692220 0.133427 0.921089 0.785381 0.831859 0.345940 0.899412 0.516295 0.293788 0.570025 
0.752865 0.556730 0.482874 0.028503 0.480278 0.883950 0.043366 0.233287 0.833353 0.576537 0.606238 0.467421 0.339011 0.531405 0.492332 0.494819 0.894729 0.742587 0.456817 0.749316 0.481687 0.688615 0.790447 0.955583 0.828800 
0.585225 0.687127 0.408527 0.140919 0.618831 0.270937 0.854785 0.827756 0.407346 0.075512 0.117358 0.493033 0.692475 0.018871 0.639874 0.445661 0.956285 0.844542 0.469513 0.188635 0.973798 0.597521 0.413958 0.640272 0.736610 
0.140166 0.277267 0.916625 0.272761 0.664794 0.696251 0.187067 0.349999 0.504931 0.563114 0.838728 0.952750 0.452689 0.289790 0.949688 0.430105 0.517798 0.612885 0.442976 0.096403 0.529795 0.963549 0.469914 0.810842 0.982545 
0.240141 0.595178 0.558120 0.838732 0.249342 0.595481 0.205144 0.415189 0.128773 0.394596 0.521261 0.327898 0.306538 0.742147 0.212143 0.027489 0.574573 0.997832 0.530407 0.113563 0.578626 0.781077 0.548871 0.364057 0.368811 
0.093542 0.429532 0.159685 0.795523 0.652052 0.797699 0.577618 0.754308 0.524198 0.611924 0.651649 0.469438 0.829233 0.698149 0.816149 0.977450 0.905408 0.792427 0.324099 0.143855 0.976974 0.930899 0.165321 0.365680 0.510540 
0.496976 0.184666 0.942581 0.721905 0.914932 0.027571 0.524610 0.139227 0.454078 0.217551 0.452426 0.470609 0.557620 0.798895 0.030868 0.988412 0.211635 0.086838 0.982392 0.844106 0.702948 0.694373 0.147418 0.791216 0.449952 
0.814091 0.587672 0.716262 0.554603 0.790742 0.965250 0.270300 0.642243 0.973133 0.875890 0.741096 0.041545 0.918344 0.142322 0.597597 0.233749 0.943542 0.522400 0.504116 0.861153 0.909185 0.954187 0.684877 0.711228 0.915239 
0.612960 0.306841 0.350790 0.441375 0.916300 0.390903 0.095653 0.522616 0.047032 0.398072 0.524017 0.107711 0.900453 0.442090 0.789279 0.854278 0.001496 0.129867 0.628055 0.458460 0.609956 0.943779 0.095051 0.406645 0.940632 
0.013803 0.419448 0.302925 0.940978 0.890424 0.241236 0.840553 0.494954 0.162818 0.925632 0.096216 0.627650 0.159487 0.853686 0.629257 0.278747 0.908969 0.796111 0.148815 0.583795 0.186884 0.180401 0.731872 0.274817 0.635462 

0.072633 0.026815 -0.092386 -0.061833 -0.208604 0.104315 -0.120387 0.224234 0.027673 -0.023316 -0.108525 -0.021878 -0.240867 -0.065799 -0.058484 0.126440 0.067988 -0.091756 -0.015300 -0.136301 0.092909 0.207675 0.031075 -0.009767 0.136652 
-0.014213 0.239369 0.053432 0.163137 0.010852 0.033557 0.019570 0.028389 0.006181 -0.199033 -0.178146 0.066788 -0.030767 0.252998 -0.192914 0.007721 0.128319 0.078785 0.130373 0.027573 -0.065304 -0.123089 0.020278 -0.105894 -0.088324 
0.008727 -0.094741 -0.110345 -0.120614 0.124167 0.160950 0.050823 -0.095806 -0.061942 -0.114924 -0.052192 0.063915 0.196964 -0.102506 -0.171561 0.109336 -0.039935 0.057990 -0.205349 0.198369 -0.003219 0.064891 0.003181 0.002306 -0.050205 
0.026887 -0.020686 -0.029193 -0.215650 0.051668 -0.100151 0.054294 0.046075 0.113854 -0.087768 0.007311 -0.184136 0.017636 -0.019963 0.089270 0.104110 -0.100793 -0.061550 -0.185748 -0.160935 0.235865 0.094037 -0.040449 0.001818 -0.133535 
-0.065791 0.036753 -0.063759 0.039084 0.021701 -0.105801 0.036957 -0.263248 -0.025934 -0.059572 -0.035707 0.082511 -0.013348 -0.014566 -0.108294 -0.118705 -0.032662 -0.124206 0.175965 -0.072040 -0.051114 0.066383 0.014594 0.012740 0.138195 
-0.088675 -0.093689 0.015603 0.010869 -0.049845 0.067585 -0.004332 -0.018511 -0.071450 0.023070 0.082279 -0.135788 -0.028976 -0.073253 0.052403 -0.016940 0.064936 -0.039114 -0.112126 -0.001579 0.197968 0.202870 0.065755 -0.092396 -0.034386 
-1.872493 0.053000 0.031652 0.018245 0.153520 -0.028370 0.145332 -0.053150 0.073215 -0.041118 0.014516 -0.006250 0.005781 -0.138934 -0.081108 -0.018563 -0.048539 0.005626 -0.004763 -0.016242 -0.196293 0.031054 -0.085664 0.029221 0.178930 
-0.997737 -1.094914 0.233022 -0.111020 0.022769 -0.182380 -0.036653 0.078301 -0.035918 -0.148748 -0.102607 -0.043931 -0.085827 0.104512 -0.029025 0.016931 -0.009787 -0.006917 -0.112519 -0.086864 0.072889 0.220560 0.075957 0.106625 0.059280 
-0.525690 -0.541537 -1.285512 -0.200623 -0.163692 -0.055629 0.017013 0.061874 0.066065 0.128925 -0.036973 0.112786 -0.078048 -0.034145 0.247061 0.128284 -0.065517 0.042930 0.085005 -0.044235 -0.023764 -0.061246 -0.199771 0.094585 -0.091579 
-0.397014 -0.467336 -1.920960 -0.627912 0.074233 0.085014 -0.587408 -0.017670 -0.031763 0.005515 -0.130299 -0.063776 -0.127703 -0.014971 -0.008333 -0.088903 0.089148 0.047220 0.030026 -0.029647 0.074883 0.073684 0.038132 0.182155 -0.022897 
-0.459351 -1.130527 -1.202316 -0.963712 -0.820569 -0.621591 -0.290897 -0.893127 -0.777392 -0.682254 -0.386135 -0.010790 0.135514 0.223806 0.013164 -0.037409 0.053080 0.003938 -0.061605 0.140456 -0.057396 -0.076389 -0.035665 0.105890 -0.070229 
-0.347672 -1.984489 -0.713254 -0.106757 -0.066631 -0.207884 -0.838841 -0.050341 -0.470763 -0.778430 -0.016566 -0.949831 -0.023775 -0.735670 -0.678553 -0.139404 -0.028887 -0.048957 -0.004385 0.007079 -0.020803 0.052166 0.097705 0.109537 0.105188 
-0.595154 -0.846645 -0.777590 -1.306857 -0.325047 -1.093328 -0.944490 -0.905579 -0.738997 -0.230512 -0.321585 -0.179165 -0.569507 -0.825738 -0.580862 -0.198690 -0.162843 -0.649736 -0.558187 -0.064309 0.135775 -0.031399 0.037877 0.046374 -0.054796 
-1.831633 -1.279856 -0.812329 -1.123295 0.045962 -0.578542 -0.878408 -0.391313 -0.814952 -0.052182 -0.388150 -0.158251 -0.967897 -0.569868 -0.795202 -0.518948 -0.882108 -0.830760 -0.968158 -0.838538 -0.217529 -0.738359 -0.315439 0.130559 -0.193497 
-0.698093 -0.095571 -1.964028 -0.182437 -0.052842 -0.591833 -0.186225 -0.071332 -0.289036 -0.980952 -0.643697 -0.567377 -0.777962 -0.937690 -0.773449 -1.039939 -0.519897 -0.802037 -0.214069 -0.836409 -0.802019 -0.654842 -0.451119 -0.602954 -0.600112 
-1.456385 0.041920 -1.313893 -0.041885 -1.430320 -0.600736 -0.921543 0.026909 -0.149673 -0.790044 -0.894917 -0.395617 -0.774241 0.022958 -0.897244 -0.568116 -0.074129 -0.922027 -0.712815 -0.850553 -0.388108 -0.747811 -0.496041 -0.190906 -0.705474 
-1.490463 -0.941883 -0.979470 0.033413 -0.987201 -0.918078 -0.044327 -0.298874 -1.056082 -0.544790 -0.668114 -0.411897 -0.420543 -0.413072 -0.443032 -0.539427 -0.829791 -0.787947 -0.315114 -0.850750 -0.458672 -0.906325 -1.109019 -0.913991 -0.858453 
-1.198719 -1.415054 -0.875084 -0.318881 1.162270 -0.244698 -0.909452 -0.758719 -0.207085 -0.073426 -0.147233 -0.610716 -0.696687 -0.026406 -0.509253 -0.366169 -0.914048 -1.033430 -0.514774 -0.112290 -0.914652 -0.613015 -0.303482 -0.714734 -0.602599 
-0.329062 -0.596157 -1.790484 -0.471835 1.384932 1.335935 -0.411427 -0.394781 -0.604155 -0.451923 -0.809917 -0.911708 -0.455423 -0.280690 -1.008571 -0.372755 -0.435393 -0.516299 -0.279066 0.165144 -0.634618 -1.012319 -0.529893 -0.941799 -0.955036 
-0.432511 -1.170983 -1.333021 1.849320 0.484228 1.205600 0.398720 -0.579694 -0.213673 -0.502943 -0.256614 -0.286962 -0.225799 -0.558093 -0.233181 0.080417 -0.736764 -1.100911 -0.422339 -0.092709 -0.588757 -0.732139 -0.563573 -0.322476 -0.364960 
-0.064652 -0.870021 0.128570 1.583989 1.344185 1.509625 1.346731 1.516800 -0.311978 -0.611734 -0.721954 -0.599386 -0.802233 -0.774087 -0.769800 -0.856808 -1.051393 -0.682706 -0.359341 -0.156274 -0.903374 -0.842494 -0.301171 -0.366923 -0.397303 
-1.059986 0.203352 1.005938 0.653417 1.839092 0.020242 1.027121 0.354677 1.041661 -0.055897 -0.421867 -0.409677 -0.557420 -0.814475 -0.002693 -1.080886 -0.186969 -0.069668 -0.953631 -0.934057 -0.837952 -0.557284 -0.008135 -0.859235 -0.507235 
0.847418 0.602840 0.739000 0.511488 0.906436 1.817708 0.625913 1.302031 1.923637 1.783270 -0.894028 0.089711 -0.903228 -0.148637 -0.484007 -0.330896 -1.147579 -0.530778 -0.517489 -0.649011 -1.035977 -0.957306 -0.834877 -0.578654 -0.832436 
0.783712 0.084867 0.300949 0.498770 1.001545 0.374208 -0.090194 1.133147 0.121034 0.812077 1.115624 0.062958 -0.879839 -0.459863 -0.871165 -0.827434 0.139217 -0.070833 -0.650938 -0.610562 -0.607965 -0.962967 -0.012564 -0.233424 -0.949751 
-0.079342 0.457657 0.272648 0.704399 0.875353 0.374677 0.967851 0.824557 0.397311 1.741433 0.174328 1.337850 -0.221147 -0.690432 -0.723066 -0.354040 -0.963916 -0.769704 -0.002997 -0.454535 -0.156579 -0.013473 -0.829407 -0.307685 -0.638201 
