1.0 1.0 1.0 1.0 1.0 1.0 1.0 1.0 1.0 -2.0 -2.0 -2.0 -2.0 -2.0 0.0 0.0 0.0 0.0 0.0 0.0 0.0 0.0 0.0 0.0 0.0 
1.0 1.0 1.0 1.0 1.0 1.0 1.0 -2.0 -2.0 -2.0 -2.0 -2.0 -2.0 0.0 0.0 0.0 0.0 0.0 0.0 0.0 0.0 0.0 0.0 2.0 2.0 
1.0 1.0 1.0 1.0 1.0 -2.0 -2.0 -2.0 -2.0 -2.0 -2.0 -2.0 0.0 0.0 0.0 0.0 0.0 0.0 0.0 0.0 0.0 0.0 2.0 2.0 2.0 
1.0 1.0 1.0 -2.0 -2.0 -2.0 -2.0 -2.0 -2.0 -2.0 0.0 0.0 0.0 0.0 0.0 0.0 0.0 0.0 0.0 0.0 0.0 2.0 2.0 2.0 2.0 
1.0 -2.0 -2.0 -2.0 -2.0 -2.0 -2.0 -2.0 -2.0 0.0 0.0 0.0 0.0 0.0 0.0 0.0 0.0 0.0 0.0 0.0 2.0 2.0 2.0 2.0 2.0 
-2.0 -2.0 -2.0 -2.0 -2.0 -2.0 -2.0 -2.0 0.0 0.0 0.0 0.0 0.0 0.0 0.0 0.0 0.0 0.0 0.0 2.0 2.0 2.0 2.0 2.0 2.0 
-2.0 -2.0 -2.0 -2.0 -2.0 -2.0 0.0 0.0 0.0 0.0 0.0 0.0 0.0 0.0 0.0 0.0 0.0 0.0 2.0 2.0 2.0 2.0 2.0 2.0 2.0 
-2.0 -2.0 -2.0 -2.0 -2.0 0.0 0.0 0.0 0.0 0.0 0.0 0.0 0.0 0.0 0.0 0.0 2.0 2.0 2.0 2.0 2.0 2.0 2.0 2.0 2.0 
-2.0 -2.0 -2.0 -2.0 0.0 0.0 0.0 0.0 0.0 0.0 0.0 0.0 0.0 0.0 0.0 2.0 2.0 2.0 2.0 2.0 2.0 2.0 2.0 2.0 2.0 
-2.0 -2.0 0.0 0.0 0.0 0.0 0.0 0.0 0.0 0.0 0.0 0.0 0.0 0.0 2.0 2.0 2.0 2.0 2.0 2.0 2.0 2.0 2.0 2.0 2.0 
-2.0 0.0 0.0 0.0 0.0 0.0 0.0 0.0 0.0 0.0 0.0 0.0 0.0 2.0 2.0 2.0 2.0 2.0 2.0 2.0 2.0 2.0 2.0 2.0 2.0 
0.0 0.0 0.0 0.0 0.0 0.0 0.0 0.0 0.0 0.0 0.0 0.0 2.0 2.0 2.0 2.0 2.0 2.0 2.0 2.0 2.0 2.0 2.0 2.0 2.0 
0.0 0.0 0.0 0.0 0.0 0.0 0.0 0.0 0.0 0.0 0.0 2.0 2.0 2.0 2.0 2.0 2.0 2.0 2.0 2.0 2.0 2.0 2.0 2.0 2.0 
0.0 0.0 0.0 0.0 0.0 0.0 0.0 0.0 0.0 2.0 2.0 2.0 2.0 2.0 2.0 2.0 2.0 2.0 2.0 2.0 2.0 2.0 2.0 2.0 2.0 
0.0 0.0 0.0 0.0 -1.0 -1.0 -1.0 -1.0 -1.0 -1.0 2.0 2.0 2.0 2.0 2.0 2.0 2.0 2.0 2.0 2.0 2.0 2.0 2.0 2.0 2.0 
-1.0 -1.0 -1.0 -1.0 -1.0 -1.0 -1.0 -1.0 -1.0 -1.0 -1.0 -1.0 2.0 2.0 2.0 2.0 2.0 2.0 2.0 2.0 2.0 2.0 2.0 2.0 2.0 
-1.0 -1.0 -1.0 -1.0 -1.0 -1.0 -1.0 -1.0 -1.0 -1.0 -1.0 -1.0 -1.0 -1.0 2.0 2.0 2.0 2.0 2.0 2.0 2.0 2.0 2.0 2.0 2.0 
-1.0 -1.0 -1.0 -1.0 -1.0 -1.0 -1.0 -1.0 -1.0 -1.0 -1.0 -1.0 -1.0 -1.0 -1.0 2.0 2.0 2.0 2.0 2.0 2.0 2.0 2.0 2.0 2.0 
-1.0 -1.0 -1.0 -1.0 -1.0 -1.0 -1.0 -1.0 -1.0 -1.0 -1.0 -1.0 -1.0 -1.0 -1.0 -1.0 -1.0 2.0 2.0 2.0 2.0 2.0 2.0 2.0 2.0 
-1.0 -1.0 -1.0 -1.0 -1.0 -1.0 -1.0 -1.0 -1.0 -1.0 -1.0 -1.0 -1.0 -1.0 -1.0 -1.0 -1.0 -1.0 -1.0 2.0 2.0 2.0 2.0 2.0 2.0 
-1.0 -1.0 -1.0 -1.0 -1.0 -1.0 -1.0 -1.0 -1.0 -1.0 -1.0 -1.0 -1.0 -1.0 -1.0 -1.0 -1.0 -1.0 -1.0 -1.0 -1.0 2.0 2.0 2.0 2.0 
-1.0 -1.0 -1.0 -1.0 -1.0 -1.0 -1.0 -1.0 -1.0 -1.0 -1.0 -1.0 -1.0 -1.0 -1.0 -1.0 -1.0 -1.0 -1.0 -1.0 -1.0 -1.0 2.0 2.0 2.0 
-1.0 -1.0 -1.0 -1.0 -1.0 -1.0 -1.0 -1.0 -1.0 -1.0 -1.0 -1.0 -1.0 -1.0 -1.0 -1.0 -1.0 -1.0 -1.0 -1.0 -1.0 -1.0 -1.0 -1.0 2.0 
-1.0 -1.0 -1.0 -1.0 -1.0 -1.0 -1.0 -1.0 -1.0 -1.0 -1.0 -1.0 -1.0 -1.0 -1.0 -1.0 -1.0 -1.0 -1.0 -1.0 -1.0 -1.0 -1.0 -1.0 -1.0 
-1.0 -1.0 -1.0 -1.0 -1.0 -1.0 -1.0 -1.0 -1.0 -1.0 -1.0 -1.0 -1.0 -1.0 -1.0 -1.0 -1.0 -1.0 -1.0 -1.0 -1.0 -1.0 -1.0 -1.0 -1.0 

0.807815 0.600511 0.834373 0.534544 0.548588 0.673120 0.102521 0.769773 0.813232 0.696378 0.804828 0.364366 0.313941 0.491263 0.055597 0.961892 0.740523 0.556072 0.653060 0.784094 0.388609 0.699708 0.472842 0.456424 0.183158 
0.347010 0.448298 0.537488 0.709513 0.373166 0.230708 0.966207 0.671337 0.727899 0.347155 0.999279 0.410799 0.570476 0.328459 0.507430 0.584764 0.055577 0.936448 0.691040 0.674477 0.753021 0.247807 0.175089 0.578856 0.882983 
0.684598 0.023725 0.991090 0.228224 0.833458 0.687325 0.687656 0.968561 0.907840 0.624473 0.997318 0.468064 0.697166 0.795959 0.415201 0.873396 0.126054 0.997909 0.919909 0.202566 0.289791 0.599679 0.693896 0.127481 0.148934 
0.821177 0.502709 0.730054 0.105774 0.876860 0.582594 0.259357 0.412459 0.718559 0.370930 0.964312 0.398695 0.869213 0.426282 0.142309 0.272591 0.106863 0.007645 0.767714 0.661374 0.860580 0.314121 0.141879 0.826151 0.650590 
0.017494 0.493841 0.360979 0.809704 0.521271 0.762746 0.402158 0.960271 0.203224 0.459026 0.113602 0.009820 0.295257 0.092706 0.877798 0.016801 0.550019 0.839015 0.049794 0.912633 0.763441 0.332488 0.183380 0.135640 0.689348 
0.658416 0.422055 0.055449 0.424790 0.504737 0.536562 0.039400 0.603507 0.802858 0.018623 0.034514 0.391773 0.480106 0.779326 0.770732 0.217080 0.016303 0.553717 0.147061 0.917977 0.392474 0.174233 0.951367 0.410251 0.148707 
0.503205 0.058640 0.301101 0.033581 0.275982 0.581509 0.989570 0.429337 0.745378 0.424182 0.607509 0.687435 0.496947 0.830954 0.782353 0.372072 0.601950 0.242723 0.547289 0.302464 0.209540 0.161752 0.718557 0.798211 0.229478 
0.518599 0.248732 0.998664 0.974704 0.857678 0.920706 0.146745 0.275461 0.850061 0.851504 0.260270 0.228173 0.199358 0.864093 0.456941 0.975437 0.747396 0.666371 0.456761 0.104954 0.782708 0.797604 0.418307 0.486403 0.475383 
0.761518 0.010247 0.240883 0.020290 0.480902 0.649910 0.909760 0.528519 0.046864 0.516626 0.032611 0.224199 0.449043 0.334802 0.627647 0.864558 0.579164 0.067606 0.777354 0.223539 0.403258 0.430840 0.008560 0.157501 0.846324 
0.014624 0.047128 0.108388 0.968039 0.783135 0.435788 0.641685 0.462944 0.263021 0.220036 0.128854 0.329915 0.314133 0.883968 0.744567 0.954584 0.647310 0.621698 0.457784 0.006420 0.490829 0.619732 0.715205 0.276379 0.132621 
0.608757 0.224614 0.326309 0.048874 0.254024 0.874368 0.661756 0.837644 0.356471 0.969182 0.058827 0.505382 0.147296 0.618740 0.694952 0.515078 0.775597 0.510119 0.145177 0.216587 0.421899 0.223679 0.307838 0.624242 0.457402 
0.109164 0.282361 0.997264 0.409149 0.675322 0.659994 0.828045 0.062186 0.590691 0.165610 0.267148 0.874692 0.874593 0.502513 0.543761 0.209711 0.144976 0.918144 0.110798 0.968967 0.942932 0.903011 0.723221 0.229032 0.674080 
0.389538 0.426726 0.389892 0.973322 0.917246 0.585480 0.585830 0.277857 0.397830 0.215325 0.147819 0.488877 0.345300 0.318106 0.373312 0.930345 0.764573 0.824904 0.964280 0.202465 0.175824 0.535805 0.352391 0.410261 0.227178 
0.945805 0.822926 0.712379 0.807244 0.102963 0.708353 0.240106 0.161701 0.413226 0.997055 0.143262 0.224566 0.916587 0.454168 0.598985 0.036418 0.666794 0.025012 0.668493 0.448736 0.039283 0.820541 0.406177 0.138341 0.933600 
0.447597 0.280850 0.215519 0.662756 0.999744 0.370330 0.879344 0.308808 0.651506 0.676643 0.016088 0.415704 0.235825 0.190367 0.283280 0.755359 0.983176 0.800063 0.154260 0.552574 0.762300 0.076107 0.744222 0.962568 0.732574 
0.231600 0.647940 0.235106 0.281896 0.819278 0.459551 0.483550 0.856829 0.905147 0.487285 0.077926 0.524535 0.525792 0.785051 0.489539 0.891942 0.871628 0.348405 0.281842 0.730042 0.072061 0.486486 0.801340 0.390268 0.770684 
0.710397 0.719718 0.191458 0.423253 0.291346 0.263960 0.737771 0.797746 0.765786 0.116122 0.616752 0.873163 0.986627 0.784842 0.683236 0.120744 0.324595 0.570835 0.259786 0.078994 0.214667 0.304217 0.602558 0.663081 0.724938 
0.404544 0.217315 0.614097 0.779384 0.023442 0.433647 0.064408 0.519947 0.311037 0.927557 0.379688 0.236907 0.514638 0.696870 0.613975 0.680013 0.118268 0.180896 0.344364 0.434845 0.140101 0.814635 0.762527 0.561635 0.165882 
0.439639 0.575603 0.547845 0.322063 0.391356 0.085023 0.930153 0.469885 0.534099 0.973349 0.839405 0.180146 0.693775 0.679951 0.957767 0.810605 0.782594 0.340459 0.359727 0.798809 0.380650 0.577239 0.924095 0.981054 0.885775 
0.096478 0.316687 0.543464 0.238721 0.737078 0.038559 0.937536 0.508791 0.507586 0.941649 0.367995 0.755484 0.557878 0.234209 0.569151 0.705751 0.065862 0.962881 0.995888 0.546728 0.975472 0.738857 0.913597 0.340362 0.638096 
0.255221 0.058539 0.767666 0.777106 0.951661 0.947764 0.635876 0.255928 0.653254 0.763946 0.422573 0.539860 0.195219 0.527394 0.867816 0.797107 0.207732 0.150920 0.415848 0.890445 0.886870 0.775621 0.010226 0.884666 0.366809 
0.404128 0.587853 0.302214 0.499272 0.883698 0.155120 0.095763 0.690150 0.872639 0.772214 0.460966 0.792718 0.547782 0.828056 0.552697 0.388372 0.647673 0.434453 0.464984 0.624250 0.918171 0.921187 0.901425 0.195938 0.581966 
0.931704 0.062515 0.412840 0.122323 0.304235 0.786393 0.272038 0.793957 0.400011 0.596548 0.402468 0.363257 0.897727 0.243442 0.551055 0.934276 0.416837 0.448236 0.535502 0.577931 0.237382 0.408038 0.118524 0.098995 0.360462 
0.676460 0.805647 0.800238 0.919108 0.285831 0.549671 0.175950 0.899099 0.360435 0.677072 0.977153 0.210126 0.357052 0.201969 0.918817 0.144387 0.738182 0.319202 0.220919 0.273908 0.304021 0.308137 0.627076 0.293597 0.033411 
0.286747 0.398960 0.601838 0.328846 0.389411 0.733908 0.782008 0.044099 0.666205 0.489243 0.251319 0.947945 0.902823 0.621854 0.708658 0.623986 0.690482 0.361215 0.797687 0.531546 0.270834 0.387036 0.083652 0.986860 0.250310 

0.816745 0.767137 0.835507 0.445403 0.621183 0.522839 0.179300 0.658433 0.881432 -1.330828 -1.672929 -0.718292 -0.606472 -1.017153 0.115496 0.156373 -0.104926 0.165025 0.013869 -0.076162 0.110602 -0.001312 0.101774 -0.087722 0.016290 
0.239036 0.376212 0.633290 0.607143 0.545101 0.186792 1.050919 -1.368173 -1.506204 -0.757911 -1.880660 -0.744515 -1.236073 -0.087984 -0.133498 0.371665 -0.062996 -0.035005 -0.155116 -0.007160 0.034559 -0.014480 -0.011133 0.999303 1.684867 
0.612887 0.023829 1.007404 0.273448 0.849417 -1.395851 -1.108803 -2.009357 -1.949444 -1.398549 -1.956296 -0.997734 -0.120620 0.132063 -0.032020 -0.104653 -0.112271 -0.154693 -0.078852 -0.198146 -0.084521 0.039434 1.449040 0.110889 0.426214 
0.834999 0.379062 0.700937 -0.130989 -1.874736 -1.038509 -0.313201 -0.690035 -1.543943 -0.556795 -0.139922 -0.063485 -0.021505 -0.047739 0.026616 0.049941 -0.007659 0.063917 0.069291 -0.136498 0.142375 0.609222 0.161679 1.748556 1.305865 
0.070790 -0.915495 -0.616366 -1.836149 -1.071776 -1.741160 -0.906597 -2.023750 -0.418917 0.034879 0.020089 0.302825 0.113489 0.010627 -0.090165 -0.029755 0.063716 -0.073216 0.010406 -0.093057 1.452438 0.413605 0.403195 0.403796 1.365921 
-1.341088 -0.874123 -0.170810 -0.999241 -1.094626 -1.047812 -0.145270 -1.406714 -0.091291 0.111238 -0.123863 -0.089934 0.189203 0.162608 -0.023759 -0.008789 -0.018510 -0.066764 0.091060 1.792839 0.841731 0.462944 1.924987 0.831414 0.279779 
-0.677937 -0.129780 -0.482879 0.141977 -0.652546 -1.383609 -0.008406 0.080691 0.090826 0.013849 -0.054602 -0.015426 -0.090117 -0.055961 0.021797 0.198724 0.029751 -0.078953 1.073083 0.620849 0.481440 0.246784 1.441543 1.540851 0.533937 
-1.154889 -0.550265 -1.962656 -1.705727 -1.858333 0.102200 -0.015552 0.084091 0.158049 0.080173 0.091101 0.014745 0.106412 0.055063 0.014861 0.258410 1.636153 1.249032 0.840691 0.074960 1.637470 1.671431 0.765824 1.056450 0.896714 
-1.387888 -0.074908 -0.295483 0.021727 -0.111675 0.101959 0.040169 -0.196649 0.097634 -0.080341 -0.055289 -0.171061 0.043433 0.004223 -0.052982 1.702611 1.145845 0.069368 1.682046 0.493254 0.767568 0.911025 0.176422 0.465399 1.635164 
-0.041974 -0.136760 -0.080559 -0.054291 -0.021226 -0.076050 -0.019827 0.152767 -0.008576 0.016738 0.246889 -0.130859 0.018640 0.096813 1.586763 1.953600 1.205480 1.276338 0.936450 0.020223 0.917249 1.120646 1.617105 0.547789 0.327570 
-1.364466 -0.017105 0.077387 -0.177004 -0.090754 0.010070 -0.088584 0.132523 0.075410 0.017767 0.096288 -0.075396 -0.000378 1.365749 1.365043 1.112785 1.511938 1.035311 0.162043 0.563615 0.914750 0.522877 0.565540 1.232435 0.988514 
0.129957 -0.022883 -0.034276 0.035407 -0.045202 -0.072350 0.046872 -0.125409 0.037117 0.141508 -0.087785 0.176330 1.798973 0.927966 1.016790 0.433005 0.194658 1.673853 0.186102 2.167089 1.921227 1.855359 1.536957 0.503322 1.230206 
0.027388 -0.028284 -0.122166 0.149151 -0.060324 -0.038770 -0.149371 0.031631 -0.298715 0.194235 -0.007460 0.946517 0.571389 0.488379 0.691089 1.927977 1.690465 1.542110 1.849840 0.389989 0.305056 0.933597 0.719461 0.883527 0.318268 
0.037910 0.121165 0.150679 -0.014010 0.132663 -0.127368 0.079313 -0.035180 0.114987 1.956929 0.274107 0.466524 1.851864 1.130468 1.252649 0.021461 1.305357 0.114608 1.313466 1.066245 -0.033351 1.454246 0.870683 0.315863 1.856107 
0.134886 -0.091177 -0.159563 0.232809 -0.923911 -0.323474 -0.862410 -0.217340 -0.737853 -0.606813 -0.117279 1.088033 0.370487 0.427318 0.626805 1.690868 1.824872 1.509501 0.255468 1.142514 1.395211 0.371937 1.651294 2.037351 1.606683 
-0.184786 -0.564446 -0.220042 -0.379996 -0.949788 -0.477287 -0.462310 -0.948103 -1.083850 -0.307164 0.016299 -0.643571 1.109657 1.625426 0.994525 1.708001 1.531915 0.702813 0.652794 1.481889 0.015744 0.971458 1.729382 0.752822 1.543051 
-0.771661 -0.920807 -0.224329 -0.563511 -0.490605 -0.380413 -0.690535 -0.712305 -0.575270 -0.236311 -0.438101 -0.829203 -0.914294 -0.928726 1.116206 0.328351 0.850513 1.230858 0.653013 0.313462 0.529861 0.691653 1.068517 1.292247 1.406655 
-0.377612 -0.352086 -0.582877 -0.678197 -0.161140 -0.468728 -0.070771 -0.433432 -0.213951 -1.004937 -0.459609 -0.348587 -0.518063 -0.512363 -0.523866 1.482981 0.280850 0.326685 0.636816 0.833337 0.336966 1.547741 1.560768 1.033942 0.334570 
-0.634521 -0.531143 -0.378379 -0.104087 -0.370807 -0.184841 -0.893163 -0.383371 -0.470373 -0.847112 -0.861619 -0.294226 -0.760714 -0.487820 -1.118443 -0.902498 -0.723065 0.553420 0.645590 1.540673 0.875120 1.242859 1.738281 1.962426 1.966090 
-0.283013 -0.530907 -0.584742 -0.251379 -0.782775 -0.131246 -0.849139 -0.588496 -0.557482 -0.974092 -0.423465 -0.797328 -0.597322 -0.195693 -0.618849 -0.776982 -0.180919 -1.001390 -0.942124 1.018513 2.208437 1.495821 1.766779 0.761647 1.250750 
-0.053525 -0.004387 -0.975549 -0.714724 -0.808943 -1.057681 -0.545466 -0.241640 -0.646880 -0.788828 -0.262402 -0.514989 -0.156444 -0.444916 -0.909042 -0.752139 -0.220203 -0.036994 -0.410832 -0.929736 -0.864156 1.543429 0.123794 2.005020 0.656341 
-0.483306 -0.651431 -0.222396 -0.365930 -0.922996 -0.088894 -0.013626 -0.634511 -0.850571 -0.839287 -0.613683 -0.576924 -0.628580 -0.851248 -0.670208 -0.427538 -0.820137 -0.441907 -0.446384 -0.702607 -0.787262 -0.931389 1.760812 0.446781 1.249410 
-0.953939 -0.130497 -0.357979 0.062242 -0.221009 -0.826910 -0.240407 -0.627642 -0.437226 -0.583520 -0.454649 -0.412903 -0.900587 -0.264175 -0.576740 -0.991216 -0.471410 -0.340553 -0.539995 -0.541702 -0.348225 -0.597074 -0.193522 -0.133088 0.854372 
-0.682600 -0.887193 -0.615340 -0.864373 -0.436255 -0.639808 -0.037197 -0.849534 -0.286457 -0.827406 -0.881451 -0.149833 -0.238634 -0.200460 -0.823492 -0.355200 -0.880621 -0.411889 -0.180421 -0.322941 -0.212832 -0.336850 -0.594038 -0.385394 -0.001593 
-0.222797 -0.382415 -0.626551 -0.135967 -0.381926 -0.648542 -0.960892 -0.098934 -0.646312 -0.562286 -0.216250 -0.980704 -0.988191 -0.627185 -0.670596 -0.555834 -0.792189 -0.405546 -0.675551 -0.602985 -0.495571 -0.477671 0.119056 -0.888485 -0.277381 
