1.0 1.0 1.0 1.0 1.0 1.0 -1.0 -1.0 -1.0 -1.0 -1.0 -1.0 -1.0 -1.0 -1.0 -1.0 -1.0 -1.0 -1.0 -1.0 -1.0 -1.0 -1.0 -1.0 -1.0 
1.0 1.0 1.0 1.0 1.0 1.0 -1.0 -1.0 -1.0 -1.0 -1.0 -1.0 -1.0 -1.0 -1.0 -1.0 -1.0 -1.0 -1.0 -1.0 -1.0 -1.0 -1.0 -1.0 -1.0 
-2.0 -2.0 -2.0 -2.0 -2.0 -1.0 -1.0 -1.0 -1.0 -1.0 -1.0 -1.0 -1.0 -1.0 -1.0 -1.0 -1.0 -1.0 -1.0 -1.0 -1.0 -1.0 -1.0 -1.0 -1.0 
-2.0 -2.0 -2.0 -2.0 -2.0 -1.0 -1.0 -1.0 -1.0 -1.0 -1.0 -1.0 -1.0 -1.0 -1.0 -1.0 -1.0 -1.0 -1.0 -1.0 -1.0 -1.0 -1.0 -1.0 -1.0 
-2.0 -2.0 -2.0 -2.0 -2.0 -1.0 -1.0 -1.0 -1.0 -1.0 -1.0 -1.0 -1.0 -1.0 -1.0 -1.0 -1.0 -1.0 -1.0 -1.0 -1.0 -1.0 -1.0 -1.0 -1.0 
-2.0 -2.0 -2.0 -2.0 -2.0 -1.0 -1.0 -1.0 -1.0 -1.0 -1.0 -1.0 -1.0 -1.0 -1.0 -1.0 -1.0 -1.0 -1.0 -1.0 -1.0 -1.0 -1.0 -1.0 -1.0 
-2.0 -2.0 -2.0 -2.0 -2.0 -1.0 -1.0 -1.0 -1.0 -1.0 -1.0 -1.0 -1.0 -1.0 -1.0 -1.0 -1.0 -1.0 -1.0 -1.0 -1.0 -1.0 -1.0 -1.0 -1.0 
-2.0 -2.0 -2.0 -2.0 -2.0 -1.0 -1.0 -1.0 -1.0 -1.0 -1.0 -1.0 -1.0 -1.0 -1.0 -1.0 -1.0 -1.0 -1.0 -1.0 -1.0 -1.0 -1.0 -1.0 -1.0 
-2.0 -2.0 -2.0 -2.0 -2.0 -1.0 -1.0 -1.0 -1.0 -1.0 -1.0 -1.0 -1.0 -1.0 -1.0 -1.0 -1.0 -1.0 -1.0 -1.0 -1.0 -1.0 -1.0 -1.0 -1.0 
-2.0 -2.0 -2.0 -2.0 -2.0 -1.0 -1.0 -1.0 -1.0 -1.0 -1.0 -1.0 -1.0 -1.0 -1.0 -1.0 -1.0 -1.0 -1.0 -1.0 -1.0 -1.0 -1.0 -1.0 -1.0 
-2.0 -2.0 -2.0 -2.0 -2.0 -1.0 -1.0 -1.0 -1.0 -1.0 -1.0 -1.0 -1.0 -1.0 -1.0 -1.0 -1.0 -1.0 -1.0 -1.0 -1.0 -1.0 -1.0 -1.0 -1.0 
-2.0 -2.0 -2.0 -2.0 -2.0 -1.0 -1.0 -1.0 -1.0 -1.0 -1.0 -1.0 -1.0 -1.0 -1.0 -1.0 -1.0 -1.0 -1.0 -1.0 -1.0 -1.0 -1.0 -1.0 -1.0 
0.0 0.0 0.0 0.0 0.0 0.0 0.0 0.0 0.0 0.0 0.0 0.0 0.0 0.0 0.0 0.0 0.0 0.0 0.0 0.0 0.0 0.0 0.0 0.0 0.0 
0.0 0.0 0.0 0.0 0.0 0.0 0.0 0.0 0.0 0.0 0.0 0.0 0.0 0.0 0.0 0.0 0.0 0.0 0.0 0.0 0.0 0.0 0.0 0.0 0.0 
0.0 0.0 0.0 0.0 0.0 0.0 0.0 0.0 0.0 0.0 0.0 0.0 0.0 0.0 0.0 0.0 0.0 0.0 0.0 0.0 0.0 0.0 0.0 0.0 0.0 
0.0 0.0 0.0 0.0 0.0 0.0 0.0 0.0 0.0 0.0 0.0 0.0 0.0 0.0 0.0 0.0 0.0 0.0 0.0 0.0 0.0 0.0 0.0 0.0 0.0 
0.0 0.0 0.0 0.0 0.0 0.0 0.0 0.0 0.0 0.0 0.0 0.0 0.0 0.0 0.0 0.0 0.0 0.0 0.0 0.0 0.0 0.0 0.0 0.0 0.0 
2.0 0.0 0.0 0.0 0.0 0.0 0.0 0.0 0.0 0.0 0.0 0.0 0.0 0.0 0.0 0.0 0.0 0.0 0.0 0.0 0.0 0.0 0.0 0.0 0.0 
2.0 2.0 0.0 0.0 0.0 0.0 0.0 0.0 0.0 0.0 0.0 0.0 0.0 0.0 0.0 0.0 0.0 0.0 0.0 0.0 0.0 0.0 0.0 0.0 0.0 
2.0 2.0 2.0 0.0 0.0 0.0 0.0 0.0 0.0 0.0 0.0 0.0 0.0 0.0 0.0 0.0 0.0 0.0 0.0 0.0 0.0 0.0 0.0 0.0 0.0 
2.0 2.0 2.0 2.0 0.0 0.0 0.0 0.0 0.0 0.0 0.0 0.0 0.0 0.0 0.0 0.0 0.0 0.0 0.0 0.0 0.0 0.0 0.0 0.0 0.0 
2.0 2.0 2.0 2.0 2.0 0.0 0.0 0.0 0.0 0.0 0.0 0.0 0.0 0.0 0.0 0.0 0.0 0.0 0.0 0.0 0.0 0.0 0.0 0.0 0.0 
2.0 2.0 2.0 2.0 2.0 2.0 0.0 0.0 0.0 0.0 0.0 0.0 0.0 0.0 0.0 0.0 0.0 0.0 0.0 0.0 0.0 0.0 0.0 0.0 0.0 
2.0 2.0 2.0 2.0 2.0 2.0 2.0 0.0 0.0 0.0 0.0 0.0 0.0 0.0 0.0 0.0 0.0 0.0 0.0 0.0 0.0 0.0 0.0 0.0 0.0 
2.0 2.0 2.0 2.0 2.0 2.0 2.0 2.0 0.0 0.0 0.0 0.0 0.0 0.0 0.0 0.0 0.0 0.0 0.0 0.0 0.0 0.0 0.0 0.0 0.0 

0.371697 0.446110 0.526011 0.593894 0.509087 0.774730 0.218489 0.853853 0.483052 0.759055 0.012613 0.167895 0.486007 0.305491 0.883379 0.532223 0.090299 0.620879 0.178381 0.739053 0.364055 0.044362 0.291631 0.293199 0.429255 
0.002703 0.135754 0.587935 0.407573 0.242209 0.795224 0.988095 0.607693 0.077060 0.141112 0.692188 0.469948 0.137536 0.478050 0.842380 0.789423 0.619310 0.557261 0.097846 0.052260 0.870459 0.954257 0.744052 0.062127 0.939989 
0.969739 0.264890 0.589657 0.088557 0.881599 0.912408 0.335845 0.895973 0.505286 0.072885 0.835866 0.980205 0.052913 0.001680 0.984372 0.017294 0.533859 0.611139 0.887283 0.246851 0.046195 0.886394 0.270174 0.259505 0.299108 
0.383526 0.246511 0.316138 0.826279 0.066677 0.024856 0.093094 0.065114 0.416044 0.924341 0.218068 0.445409 0.212835 0.540922 0.395361 0.920483 0.216341 0.641017 0.153471 0.491789 0.741441 0.420919 0.906568 0.076024 0.253775 
0.485645 0.625274 0.866081 0.580360 0.777147 0.425312 0.124775 0.260223 0.149393 0.119597 0.360811 0.142098 0.528770 0.839043 0.711901 0.254481 0.985461 0.647653 0.133283 0.945964 0.199710 0.904195 0.804976 0.033603 0.851912 
0.517521 0.218346 0.261943 0.309283 0.339937 0.320333 0.309046 0.862680 0.048315 0.340435 0.059082 0.090604 0.989327 0.639418 0.039082 0.078018 0.511336 0.055254 0.460993 0.340864 0.980526 0.060517 0.382545 0.800693 0.195760 
0.183660 0.423035 0.548644 0.755913 0.219151 0.841460 0.192920 0.965862 0.573055 0.653304 0.329496 0.446892 0.650740 0.450616 0.302959 0.389808 0.189609 0.952226 0.944823 0.833964 0.296814 0.902275 0.862273 0.263040 0.591073 
0.494257 0.750268 0.801306 0.147591 0.418445 0.690951 0.165645 0.563271 0.307898 0.398952 0.507673 0.791619 0.690232 0.067558 0.975653 0.055306 0.020477 0.980364 0.516597 0.323406 0.878452 0.997633 0.584787 0.848983 0.152375 
0.893611 0.821658 0.758149 0.709060 0.314891 0.824430 0.818077 0.861658 0.138020 0.403666 0.162091 0.788289 0.744768 0.079739 0.730278 0.374526 0.804390 0.398754 0.625504 0.988206 0.791558 0.588272 0.943244 0.695458 0.917833 
0.482895 0.460584 0.080214 0.950163 0.304423 0.292146 0.596764 0.128072 0.919714 0.657657 0.980017 0.741463 0.901275 0.985446 0.759721 0.888191 0.051053 0.635846 0.719655 0.109455 0.806994 0.750452 0.580881 0.348332 0.286647 
0.797799 0.344689 0.661431 0.482383 0.575510 0.117894 0.955909 0.936552 0.325422 0.790573 0.859290 0.884769 0.007115 0.123113 0.816171 0.293393 0.476671 0.657779 0.420740 0.246916 0.811894 0.052970 0.478044 0.390059 0.839875 
0.481735 0.587258 0.124667 0.110291 0.355116 0.976783 0.049977 0.798202 0.502275 0.577453 0.857527 0.124508 0.531993 0.250991 0.417669 0.035710 0.290191 0.809541 0.780057 0.230293 0.491918 0.828638 0.260109 0.894328 0.198663 
0.725707 0.144407 0.195211 0.868080 0.120570 0.961958 0.049155 0.340279 0.752019 0.059283 0.339476 0.409038 0.686203 0.181510 0.991684 0.881882 0.741500 0.087944 0.389058 0.684062 0.160424 0.896555 0.408121 0.217889 0.783231 
0.104905 0.226084 0.669894 0.234140 0.695834 0.473280 0.937961 0.931163 0.857660 0.727367 0.774902 0.642570 0.285979 0.869282 0.949358 0.230956 0.629738 0.636581 0.290044 0.397735 0.512866 0.418168 0.218057 0.042340 0.565922 
0.325545 0.563177 0.666371 0.567864 0.380688 0.116575 0.795073 0.433762 0.660423 0.619115 0.902597 0.278960 0.214824 0.530197 0.972420 0.517040 0.925933 0.505266 0.540416 0.632543 0.257483 0.786199 0.920768 0.774847 0.062534 
0.427908 0.957955 0.696402 0.164982 0.220683 0.531601 0.017944 0.316100 0.153828 0.963615 0.950772 0.980679 0.889532 0.538288 0.772319 0.639338 0.402912 0.696200 0.728718 0.622028 0.051611 0.411376 0.108893 0.231949 0.507293 
0.488766 0.375927 0.116609 0.703294 0.758161 0.551815 0.010376 0.253098 0.100555 0.652566 0.756555 0.558302 0.445894 0.448325 0.060985 0.564639 0.774693 0.448296 0.745434 0.884684 0.923946 0.811877 0.450496 0.920580 0.832161 
0.136451 0.211608 0.300073 0.453789 0.043043 0.048804 0.787977 0.138489 0.492357 0.197754 0.243889 0.107886 0.302785 0.610133 0.519532 0.622800 0.361319 0.330606 0.686983 0.328470 0.697133 0.497632 0.114078 0.793283 0.345010 
0.371715 0.988701 0.138710 0.258855 0.188548 0.588145 0.236404 0.463053 0.815723 0.845034 0.501655 0.257026 0.170300 0.654276 0.955140 0.678894 0.181201 0.074441 0.824283 0.251293 0.426935 0.125907 0.890586 0.757742 0.698507 
0.817323 0.418626 0.810135 0.684454 0.630938 0.759839 0.481964 0.775312 0.993098 0.785252 0.341657 0.319334 0.989662 0.640937 0.911628 0.394045 0.822292 0.215425 0.950951 0.840941 0.060240 0.840089 0.091247 0.579237 0.986499 
0.436955 0.136965 0.380781 0.226597 0.223792 0.306693 0.311817 0.179484 0.443071 0.478400 0.721453 0.295102 0.644773 0.439830 0.006140 0.000138 0.751585 0.281494 0.479910 0.934991 0.010774 0.052921 0.645757 0.844982 0.922068 
0.786526 0.620532 0.800237 0.707031 0.210322 0.493546 0.865506 0.278918 0.923699 0.593686 0.988820 0.816065 0.775398 0.252586 0.088746 0.152896 0.781941 0.317437 0.868848 0.636850 0.611124 0.941610 0.192662 0.017053 0.647650 
0.991112 0.231128 0.915792 0.456326 0.274556 0.384461 0.424631 0.924514 0.484010 0.866826 0.496405 0.114626 0.564226 0.733635 0.231272 0.689361 0.693910 0.627288 0.484108 0.243184 0.579742 0.040816 0.156060 0.359667 0.205431 
0.238285 0.136838 0.771641 0.496409 0.302578 0.678899 0.140429 0.133124 0.608989 0.368594 0.853789 0.370380 0.470288 0.501574 0.223487 0.998519 0.708619 0.257630 0.541832 0.799351 0.823889 0.855535 0.754167 0.099586 0.225385 
0.878032 0.630574 0.231270 0.655403 0.305144 0.916853 0.666386 0.801344 0.659790 0.203024 0.702974 0.838023 0.170107 0.402997 0.635289 0.622575 0.878605 0.509078 0.195328 0.817235 0.312379 0.932546 0.928810 0.014535 0.890848 

0.554643 0.431250 0.437545 0.563871 0.685189 0.805782 -0.403266 -0.822900 -0.400457 -0.755704 -0.153777 -0.207776 -0.517486 -0.334417 -0.965717 -0.499189 -0.069805 -0.496553 -0.119418 -0.553665 -0.580910 -0.139369 -0.219312 -0.274265 -0.438558 
-0.021402 0.070037 0.504518 0.398919 0.032711 0.814445 -0.894909 -0.610985 -0.112514 -0.206371 -0.814268 -0.345515 -0.098638 -0.500570 -0.816772 -0.606840 -0.424229 -0.608098 -0.196299 -0.067545 -0.886136 -0.961561 -0.806144 -0.229312 -0.753629 
-1.809046 -0.640072 -1.252332 -0.168349 -1.789051 -0.962548 -0.324651 -0.858044 -0.385751 -0.207848 -0.640358 -0.989445 0.082286 -0.033026 -0.832473 -0.077022 -0.470518 -0.700102 -1.084958 -0.150561 -0.046662 -0.934895 -0.388065 -0.244216 -0.288553 
-0.601257 -0.618897 -0.640003 -1.610725 -0.265245 -0.075996 -0.149147 0.070923 -0.365001 -0.775150 -0.171886 -0.493551 -0.309022 -0.620097 -0.371146 -1.040120 -0.147281 -0.573354 -0.274051 -0.381597 -0.715667 -0.162544 -0.913376 -0.048829 -0.275919 
-0.894542 -1.039782 -1.584875 -1.122813 -1.688882 -0.488168 -0.107202 -0.332671 -0.342800 -0.286219 -0.321269 -0.024351 -0.714985 -0.849172 -0.619471 -0.158464 -0.866688 -0.593834 -0.164353 -1.156212 -0.213548 -0.991001 -0.853106 0.115883 -0.878580 
-1.080398 -0.711327 -0.429477 -0.731963 -0.517954 -0.287960 -0.279583 -1.036628 0.109617 -0.240778 0.119623 -0.044618 -1.013817 -0.482516 0.073826 -0.050495 -0.574487 0.089201 -0.502605 -0.470358 -1.122059 -0.108421 -0.449272 -0.597965 -0.376351 
-0.271662 -0.639383 -0.956101 -1.545884 -0.487798 -0.852649 -0.297732 -0.957972 -0.475146 -0.737204 -0.374526 -0.474430 -0.726926 -0.387041 -0.341277 -0.466950 -0.042119 -0.951283 -0.935101 -0.818444 -0.365430 -0.845533 -0.843536 -0.441890 -0.413034 
-1.165359 -1.434488 -1.558749 -0.369331 -0.770738 -0.569583 -0.083656 -0.457709 -0.345037 -0.413099 -0.543804 -0.630280 -0.594014 0.110643 -0.963463 -0.088803 0.113829 -0.961770 -0.607903 -0.254873 -1.046006 -1.017135 -0.668982 -0.729328 -0.086397 
-1.849895 -1.818885 -1.590659 -1.615520 -0.787290 -0.829828 -0.787307 -0.935054 -0.115319 -0.289776 -0.158619 -0.629433 -0.678526 -0.089105 -0.714317 -0.490927 -0.808439 -0.450991 -0.671390 -0.855415 -0.984964 -0.659873 -0.936701 -0.774899 -0.917519 
-0.877231 -0.878324 -0.204778 -2.019980 -0.622668 -0.365841 -0.693389 -0.050649 -0.996335 -0.630705 -1.004370 -0.908357 -0.886248 -1.026051 -0.764937 -0.950495 -0.131327 -0.682851 -0.829195 -0.068115 -0.797632 -0.799045 -0.562844 -0.482080 -0.155873 
-1.510598 -0.536057 -1.255738 -0.995562 -1.134869 -0.380356 -1.027163 -0.938336 -0.384520 -0.877434 -0.976035 -0.821037 0.160932 -0.130634 -1.046179 -0.364605 -0.309634 -0.472217 -0.354978 -0.206564 -0.730411 -0.107802 -0.501729 -0.396005 -0.789265 
-0.854048 -1.190929 -0.280562 -0.176451 -0.901541 -1.056367 -0.112595 -0.657706 -0.627671 -0.572891 -0.909460 -0.275461 -0.499662 -0.180992 -0.413090 0.053125 -0.167815 -0.610389 -0.784617 -0.242010 -0.539338 -0.922035 -0.166542 -0.928760 -0.221929 
-0.011799 -0.120346 -0.023575 -0.003658 0.005566 -0.017753 -0.000490 0.154477 0.016802 0.170253 -0.051069 0.005611 -0.098830 0.115049 -0.064224 0.081147 0.129520 0.030344 0.008934 0.058826 0.049036 0.091240 0.040385 0.100502 0.119352 
-0.040398 -0.038938 0.157143 -0.011840 -0.155066 0.172173 0.014416 -0.005715 -0.022913 -0.028892 -0.181062 -0.060679 -0.050206 0.101292 0.150522 0.016200 -0.084934 -0.004010 -0.102253 -0.059928 0.059598 0.010882 0.042242 -0.145089 0.072849 
0.006260 -0.006175 -0.056324 -0.193701 0.023378 0.053508 -0.047037 -0.006582 0.130986 -0.001440 -0.032691 -0.096434 -0.028560 -0.093132 0.144650 0.009691 -0.090053 -0.227729 -0.139935 -0.173531 -0.166803 -0.176374 -0.030784 0.016627 -0.044430 
0.005092 -0.043666 0.130887 -0.140252 -0.051934 -0.000304 -0.029323 -0.030397 -0.012028 0.137624 0.059629 0.002013 -0.154410 -0.140066 0.179225 -0.261966 0.010384 -0.097251 0.228381 -0.150786 -0.048108 0.096291 -0.107557 -0.020619 -0.058401 
-0.091873 -0.139974 -0.177513 -0.198625 -0.026988 0.009210 -0.133830 0.097826 0.037261 -0.016867 0.075283 0.205588 -0.009415 0.089380 0.092882 -0.083598 0.045185 -0.108104 0.007888 -0.157932 -0.010157 0.125369 0.214137 -0.090515 0.053063 
0.148368 -0.060198 0.039407 -0.105083 -0.039852 -0.109137 0.054282 -0.008574 0.007608 0.142360 -0.049765 0.102548 -0.104418 -0.221292 -0.045533 -0.057758 -0.102747 0.007005 -0.339364 -0.006244 0.006011 -0.111256 -0.078769 -0.008518 -0.088712 
0.812430 2.014849 -0.030087 0.117085 0.016598 -0.221854 -0.000398 -0.053102 -0.132879 0.029456 -0.077264 -0.024453 -0.178605 0.122957 0.130253 -0.086776 -0.016017 -0.085295 -0.063760 0.222373 -0.030047 -0.053815 0.146502 0.017227 -0.001874 
1.607837 0.954038 1.610962 0.049952 0.037382 -0.064378 0.072235 -0.059860 0.039822 -0.141347 0.120562 -0.016080 0.064995 -0.040526 0.042326 -0.059735 -0.158416 0.044763 -0.073924 -0.047519 0.053413 -0.004677 -0.121393 0.019118 0.109190 
0.739423 0.241579 0.714632 0.464013 0.050901 -0.118271 -0.111492 0.130412 0.110081 -0.055535 0.018954 -0.089390 -0.005369 0.024815 -0.035393 0.067142 0.001192 -0.062375 0.007514 0.081380 0.049087 0.084864 0.069426 -0.058394 -0.002697 
1.469090 1.326835 1.501150 1.498854 0.335066 0.021850 0.025850 -0.042853 -0.016327 0.043189 0.222978 -0.037293 0.164360 0.095188 -0.117943 0.002815 -0.159677 -0.036382 -0.072538 -0.135896 -0.005353 0.022787 0.077160 -0.087505 0.088998 
1.857922 0.401705 1.807508 0.950554 0.467435 0.982181 -0.014267 0.088761 0.138475 0.034944 -0.161111 -0.026689 0.160225 0.130772 0.139271 -0.031239 0.037973 -0.015723 -0.121370 0.067362 -0.086245 -0.148793 0.091381 -0.138982 0.043431 
0.449597 0.252642 1.483000 1.012709 0.626046 1.272422 0.295037 0.060525 -0.048546 0.120289 -0.008317 0.032590 -0.123813 0.096732 -0.131489 0.019934 -0.090145 -0.036122 0.041411 0.006930 0.044766 0.024752 0.125911 0.105456 -0.067242 
1.642818 1.241621 0.338019 1.117705 0.563026 1.937150 1.429318 1.673986 -0.072375 -0.018582 0.008043 0.096369 0.018466 0.046499 -0.068141 0.040566 -0.092030 0.004598 -0.054026 -0.003926 -0.006324 -0.098565 -0.020083 -0.129982 -0.058892 
